#Error on normalization	O = 0.446 %	H = 3.751 %
#Frequence (s-1)	S_O (s)	S_H (s)
0	-2.3604e-15	-1.7585e-16
1.278e+11	-7.0523e-16	-5.1046e-17
2.5559e+11	1.9891e-15	1.5115e-16
3.8339e+11	2.0221e-15	1.5163e-16
5.1118e+11	-6.575e-16	-5.041e-17
6.3898e+11	-2.3702e-15	-1.7583e-16
7.6677e+11	-7.4792e-16	-5.0473e-17
8.9457e+11	1.9985e-15	1.5376e-16
1.0224e+12	2.089e-15	1.5506e-16
1.1502e+12	-6.269e-16	-4.8895e-17
1.278e+12	-2.4147e-15	-1.7567e-16
1.4058e+12	-7.5389e-16	-4.6821e-17
1.5335e+12	2.1527e-15	1.6358e-16
1.6613e+12	2.3202e-15	1.6563e-16
1.7891e+12	-5.553e-16	-4.6357e-17
1.9169e+12	-2.5806e-15	-1.8142e-16
2.0447e+12	-9.1868e-16	-4.9525e-17
2.1725e+12	2.2686e-15	1.7364e-16
2.3003e+12	2.6445e-15	1.8235e-16
2.4281e+12	-3.9068e-16	-3.9047e-17
2.5559e+12	-2.7152e-15	-1.8675e-16
2.6837e+12	-9.6672e-16	-4.8016e-17
2.8115e+12	2.7561e-15	2.0165e-16
2.9393e+12	3.4441e-15	2.251e-16
3.0671e+12	-1.1419e-16	-1.9991e-17
3.1949e+12	-3.3435e-15	-2.0871e-16
3.3227e+12	-1.6204e-15	-7.2175e-17
3.4505e+12	3.3864e-15	2.3278e-16
3.5783e+12	5.1532e-15	3.0147e-16
3.7061e+12	3.7796e-16	-7.8723e-19
3.8339e+12	-5.8722e-15	-3.2417e-16
3.9617e+12	-4.3901e-15	-1.8821e-16
4.0895e+12	8.9059e-15	5.1679e-16
4.2173e+12	2.852e-14	1.4357e-15
4.345e+12	4.3917e-14	2.0968e-15
4.4728e+12	4.7811e-14	2.2651e-15
4.6006e+12	4.0407e-14	1.9852e-15
4.7284e+12	2.7313e-14	1.4276e-15
4.8562e+12	1.4844e-14	7.952e-16
4.984e+12	6.8195e-15	3.0852e-16
5.1118e+12	3.8173e-15	1.2228e-16
5.2396e+12	3.9065e-15	1.8936e-16
5.3674e+12	4.3082e-15	2.8067e-16
5.4952e+12	3.5146e-15	2.1978e-16
5.623e+12	2.3677e-15	7.6196e-17
5.7508e+12	2.7997e-15	5.9186e-17
5.8786e+12	5.3444e-15	2.3181e-16
6.0064e+12	8.2637e-15	4.1728e-16
6.1342e+12	9.3792e-15	4.2466e-16
6.262e+12	8.3457e-15	2.9041e-16
6.3898e+12	6.628e-15	2.1126e-16
6.5176e+12	5.559e-15	2.7022e-16
6.6454e+12	5.2323e-15	3.4085e-16
6.7732e+12	5.3565e-15	2.9483e-16
6.901e+12	6.1464e-15	2.0159e-16
7.0288e+12	7.5188e-15	2.2113e-16
7.1565e+12	8.0233e-15	3.434e-16
7.2843e+12	5.9821e-15	3.6985e-16
7.4121e+12	2.0469e-15	1.9462e-16
7.5399e+12	-5.83e-16	-9.4687e-18
7.6677e+12	3.9638e-16	3.8119e-18
7.7955e+12	3.2688e-15	2.1148e-16
7.9233e+12	4.0203e-15	3.2619e-16
8.0511e+12	1.3764e-15	1.7701e-16
8.1789e+12	-1.3325e-15	-4.4213e-17
8.3067e+12	-3.985e-16	-3.1216e-17
8.4345e+12	3.198e-15	2.1144e-16
8.5623e+12	4.8494e-15	3.583e-16
8.6901e+12	2.5329e-15	2.0897e-16
8.8179e+12	-1.6089e-16	-1.6621e-17
8.9457e+12	1.2323e-15	3.2695e-17
9.0735e+12	5.6044e-15	3.3892e-16
9.2013e+12	7.2391e-15	5.0789e-16
9.3291e+12	3.606e-15	3.0786e-16
9.4569e+12	-5.0802e-16	2.3929e-17
9.5847e+12	1.0322e-15	9.7219e-17
9.7125e+12	7.0191e-15	4.9787e-16
9.8403e+12	9.7663e-15	7.1335e-16
9.9681e+12	5.6667e-15	4.4633e-16
1.0096e+13	1.5996e-15	1.0807e-16
1.0224e+13	7.207e-15	3.6874e-16
1.0351e+13	2.1667e-14	1.2629e-15
1.0479e+13	3.2659e-14	2.0279e-15
1.0607e+13	3.0806e-14	1.9785e-15
1.0735e+13	2.2015e-14	1.3527e-15
1.0863e+13	2.0873e-14	1.0166e-15
1.099e+13	3.2102e-14	1.3659e-15
1.1118e+13	4.4204e-14	1.8573e-15
1.1246e+13	4.5571e-14	1.8421e-15
1.1374e+13	4.3708e-14	1.6483e-15
1.1502e+13	6.0882e-14	2.4079e-15
1.1629e+13	1.0702e-13	4.6498e-15
1.1757e+13	1.6097e-13	7.3279e-15
1.1885e+13	1.8513e-13	8.5845e-15
1.2013e+13	1.6073e-13	7.5183e-15
1.2141e+13	1.0552e-13	5.0038e-15
1.2268e+13	5.5075e-14	2.7097e-15
1.2396e+13	2.9703e-14	1.5311e-15
1.2524e+13	2.3439e-14	1.1805e-15
1.2652e+13	2.267e-14	1.1184e-15
1.278e+13	2.6809e-14	1.4077e-15
1.2907e+13	4.4577e-14	2.3907e-15
1.3035e+13	7.3566e-14	3.7758e-15
1.3163e+13	9.3177e-14	4.5264e-15
1.3291e+13	8.3502e-14	3.8629e-15
1.3419e+13	4.8347e-14	2.18e-15
1.3546e+13	1.3561e-14	7.1323e-16
1.3674e+13	1.2675e-15	3.0531e-16
1.3802e+13	9.4475e-15	6.9138e-16
1.393e+13	1.9174e-14	1.0364e-15
1.4058e+13	1.8429e-14	9.5518e-16
1.4185e+13	1.3489e-14	7.9477e-16
1.4313e+13	1.6701e-14	9.9629e-16
1.4441e+13	2.8744e-14	1.4693e-15
1.4569e+13	3.7839e-14	1.7443e-15
1.4696e+13	3.4978e-14	1.5946e-15
1.4824e+13	2.4583e-14	1.2777e-15
1.4952e+13	1.791e-14	1.1475e-15
1.508e+13	1.9298e-14	1.2202e-15
1.5208e+13	2.3073e-14	1.2563e-15
1.5335e+13	2.3325e-14	1.1759e-15
1.5463e+13	2.2139e-14	1.1978e-15
1.5591e+13	2.5422e-14	1.516e-15
1.5719e+13	3.2956e-14	1.9668e-15
1.5847e+13	3.6786e-14	2.1452e-15
1.5974e+13	3.0524e-14	1.8406e-15
1.6102e+13	1.7671e-14	1.2713e-15
1.623e+13	8.4252e-15	8.623e-16
1.6358e+13	8.9122e-15	8.4342e-16
1.6486e+13	1.5465e-14	1.0855e-15
1.6613e+13	1.9629e-14	1.2762e-15
1.6741e+13	1.7179e-14	1.2101e-15
1.6869e+13	1.1626e-14	9.5252e-16
1.6997e+13	1.0356e-14	8.0101e-16
1.7125e+13	1.8578e-14	1.0768e-15
1.7252e+13	3.5641e-14	1.841e-15
1.738e+13	5.461e-14	2.7369e-15
1.7508e+13	6.5161e-14	3.1767e-15
1.7636e+13	5.9982e-14	2.8215e-15
1.7764e+13	4.1496e-14	1.9334e-15
1.7891e+13	2.1996e-14	1.1847e-15
1.8019e+13	1.4177e-14	1.0402e-15
1.8147e+13	1.9607e-14	1.3377e-15
1.8275e+13	2.7491e-14	1.5298e-15
1.8403e+13	2.633e-14	1.3153e-15
1.853e+13	1.6203e-14	9.3843e-16
1.8658e+13	7.6969e-15	8.3348e-16
1.8786e+13	8.8348e-15	1.0745e-15
1.8914e+13	1.5733e-14	1.3061e-15
1.9042e+13	1.816e-14	1.2119e-15
1.9169e+13	1.2656e-14	9.1363e-16
1.9297e+13	6.6311e-15	8.0683e-16
1.9425e+13	8.5485e-15	1.0632e-15
1.9553e+13	1.704e-14	1.4302e-15
1.9681e+13	2.2797e-14	1.5541e-15
1.9808e+13	2.0335e-14	1.3891e-15
1.9936e+13	1.4176e-14	1.1894e-15
2.0064e+13	1.1871e-14	1.1464e-15
2.0192e+13	1.3819e-14	1.1719e-15
2.0319e+13	1.3695e-14	1.0888e-15
2.0447e+13	8.4822e-15	9.2599e-16
2.0575e+13	3.7892e-15	8.9563e-16
2.0703e+13	6.4116e-15	1.0816e-15
2.0831e+13	1.3935e-14	1.2763e-15
2.0958e+13	1.6323e-14	1.2183e-15
2.1086e+13	9.1147e-15	9.5241e-16
2.1214e+13	1.6059e-15	8.5038e-16
2.1342e+13	8.0886e-15	1.2306e-15
2.147e+13	3.1073e-14	1.9956e-15
2.1597e+13	5.6377e-14	2.6927e-15
2.1725e+13	6.6693e-14	2.9285e-15
2.1853e+13	5.8661e-14	2.7075e-15
2.1981e+13	4.4713e-14	2.3823e-15
2.2109e+13	3.893e-14	2.3124e-15
2.2236e+13	4.3593e-14	2.567e-15
2.2364e+13	5.0046e-14	2.9027e-15
2.2492e+13	4.9874e-14	2.9849e-15
2.262e+13	4.2447e-14	2.6576e-15
2.2748e+13	3.2482e-14	2.0709e-15
2.2875e+13	2.3964e-14	1.578e-15
2.3003e+13	1.8411e-14	1.4718e-15
2.3131e+13	1.6905e-14	1.7593e-15
2.3259e+13	2.0232e-14	2.1671e-15
2.3387e+13	2.6297e-14	2.3836e-15
2.3514e+13	2.9956e-14	2.3174e-15
2.3642e+13	2.767e-14	2.1322e-15
2.377e+13	2.1722e-14	2.0418e-15
2.3898e+13	1.7916e-14	2.0937e-15
2.4026e+13	1.8883e-14	2.1545e-15
2.4153e+13	2.1383e-14	2.0842e-15
2.4281e+13	2.1145e-14	1.8961e-15
2.4409e+13	1.8827e-14	1.7479e-15
2.4537e+13	1.9074e-14	1.7931e-15
2.4665e+13	2.3849e-14	2.0364e-15
2.4792e+13	2.9023e-14	2.3115e-15
2.492e+13	2.8981e-14	2.4011e-15
2.5048e+13	2.3394e-14	2.2228e-15
2.5176e+13	1.7427e-14	1.9333e-15
2.5304e+13	1.5348e-14	1.8238e-15
2.5431e+13	1.6014e-14	2.043e-15
2.5559e+13	1.5794e-14	2.4086e-15
2.5687e+13	1.4293e-14	2.5556e-15
2.5815e+13	1.481e-14	2.337e-15
2.5942e+13	1.9067e-14	2.0441e-15
2.607e+13	2.3865e-14	2.133e-15
2.6198e+13	2.468e-14	2.7013e-15
2.6326e+13	2.1569e-14	3.3257e-15
2.6454e+13	1.9399e-14	3.5219e-15
2.6581e+13	2.1913e-14	3.3372e-15
2.6709e+13	2.7357e-14	3.349e-15
2.6837e+13	3.1103e-14	4.0037e-15
2.6965e+13	3.1386e-14	5.0447e-15
2.7093e+13	3.0562e-14	5.7332e-15
2.722e+13	3.0993e-14	5.6374e-15
2.7348e+13	3.1981e-14	5.0763e-15
2.7476e+13	3.1946e-14	4.7098e-15
2.7604e+13	3.1861e-14	4.8007e-15
2.7732e+13	3.4002e-14	5.0376e-15
2.7859e+13	3.7524e-14	5.0685e-15
2.7987e+13	3.8201e-14	5.0054e-15
2.8115e+13	3.4397e-14	5.2644e-15
2.8243e+13	3.1442e-14	6.0167e-15
2.8371e+13	3.6623e-14	7.0151e-15
2.8498e+13	4.914e-14	7.9927e-15
2.8626e+13	5.8118e-14	9.0033e-15
2.8754e+13	5.3729e-14	1.0166e-14
2.8882e+13	3.9726e-14	1.1176e-14
2.901e+13	3.1648e-14	1.1371e-14
2.9137e+13	4.0726e-14	1.047e-14
2.9265e+13	6.1167e-14	9.0802e-15
2.9393e+13	7.5824e-14	8.2547e-15
2.9521e+13	7.4232e-14	8.5226e-15
2.9649e+13	6.2624e-14	9.5261e-15
2.9776e+13	5.519e-14	1.0671e-14
2.9904e+13	5.7824e-14	1.1909e-14
3.0032e+13	6.3422e-14	1.3638e-14
3.016e+13	6.2734e-14	1.5924e-14
3.0288e+13	5.6148e-14	1.8215e-14
3.0415e+13	5.2157e-14	2.0066e-14
3.0543e+13	5.5795e-14	2.1915e-14
3.0671e+13	6.2324e-14	2.4686e-14
3.0799e+13	6.3717e-14	2.8432e-14
3.0927e+13	5.9003e-14	3.167e-14
3.1054e+13	5.5403e-14	3.2467e-14
3.1182e+13	5.9497e-14	3.0297e-14
3.131e+13	6.9794e-14	2.6623e-14
3.1438e+13	7.9143e-14	2.3512e-14
3.1565e+13	8.2607e-14	2.1823e-14
3.1693e+13	8.0695e-14	2.0934e-14
3.1821e+13	7.5468e-14	2.006e-14
3.1949e+13	6.6633e-14	1.9379e-14
3.2077e+13	5.3495e-14	1.9563e-14
3.2204e+13	3.9328e-14	2.0476e-14
3.2332e+13	3.0709e-14	2.0911e-14
3.246e+13	3.118e-14	1.9921e-14
3.2588e+13	3.6882e-14	1.8195e-14
3.2716e+13	4.0068e-14	1.7688e-14
3.2843e+13	3.6827e-14	1.9727e-14
3.2971e+13	3.0208e-14	2.3656e-14
3.3099e+13	2.5737e-14	2.7534e-14
3.3227e+13	2.5308e-14	3.0049e-14
3.3355e+13	2.6424e-14	3.1499e-14
3.3482e+13	2.6402e-14	3.2881e-14
3.361e+13	2.5436e-14	3.4421e-14
3.3738e+13	2.5108e-14	3.5411e-14
3.3866e+13	2.5429e-14	3.5546e-14
3.3994e+13	2.4796e-14	3.5931e-14
3.4121e+13	2.2516e-14	3.8268e-14
3.4249e+13	1.9866e-14	4.2867e-14
3.4377e+13	1.813e-14	4.7762e-14
3.4505e+13	1.6684e-14	5.0156e-14
3.4633e+13	1.4118e-14	4.8898e-14
3.476e+13	1.0849e-14	4.541e-14
3.4888e+13	9.2313e-15	4.2147e-14
3.5016e+13	1.0558e-14	4.03e-14
3.5144e+13	1.2954e-14	3.9265e-14
3.5272e+13	1.3332e-14	3.8279e-14
3.5399e+13	1.1199e-14	3.8006e-14
3.5527e+13	9.343e-15	3.989e-14
3.5655e+13	1.0286e-14	4.3825e-14
3.5783e+13	1.2948e-14	4.7056e-14
3.5911e+13	1.3843e-14	4.6211e-14
3.6038e+13	1.1352e-14	4.0776e-14
3.6166e+13	7.7107e-15	3.4221e-14
3.6294e+13	6.2645e-15	3.1104e-14
3.6422e+13	7.5523e-15	3.2836e-14
3.655e+13	9.0735e-15	3.6535e-14
3.6677e+13	8.7395e-15	3.8244e-14
3.6805e+13	7.4302e-15	3.7072e-14
3.6933e+13	7.5225e-15	3.5764e-14
3.7061e+13	9.5614e-15	3.7164e-14
3.7188e+13	1.1439e-14	4.0609e-14
3.7316e+13	1.0992e-14	4.2368e-14
3.7444e+13	8.5736e-15	3.9596e-14
3.7572e+13	6.474e-15	3.3428e-14
3.77e+13	6.1935e-15	2.7862e-14
3.7827e+13	7.0598e-15	2.5846e-14
3.7955e+13	7.5507e-15	2.6817e-14
3.8083e+13	7.2129e-15	2.7956e-14
3.8211e+13	6.747e-15	2.7233e-14
3.8339e+13	6.6072e-15	2.4838e-14
3.8466e+13	6.3218e-15	2.2063e-14
3.8594e+13	5.3759e-15	1.9659e-14
3.8722e+13	4.178e-15	1.7638e-14
3.885e+13	3.6332e-15	1.6153e-14
3.8978e+13	3.9498e-15	1.5737e-14
3.9105e+13	4.3955e-15	1.651e-14
3.9233e+13	4.3145e-15	1.7686e-14
3.9361e+13	3.9356e-15	1.8329e-14
3.9489e+13	3.8675e-15	1.8437e-14
3.9617e+13	4.0956e-15	1.878e-14
3.9744e+13	3.9832e-15	1.9637e-14
3.9872e+13	3.2839e-15	2.0191e-14
4e+13	2.6632e-15	1.9621e-14
4.0128e+13	2.8819e-15	1.8503e-14
4.0256e+13	3.7074e-15	1.8513e-14
4.0383e+13	4.0916e-15	2.0504e-14
4.0511e+13	3.4679e-15	2.3347e-14
4.0639e+13	2.478e-15	2.5136e-14
4.0767e+13	2.1638e-15	2.5387e-14
4.0895e+13	2.6804e-15	2.5458e-14
4.1022e+13	3.1917e-15	2.6585e-14
4.115e+13	3.0122e-15	2.8043e-14
4.1278e+13	2.4457e-15	2.7888e-14
4.1406e+13	2.2727e-15	2.5488e-14
4.1534e+13	2.6755e-15	2.2631e-14
4.1661e+13	3.0612e-15	2.1668e-14
4.1789e+13	2.9296e-15	2.2826e-14
4.1917e+13	2.5237e-15	2.3926e-14
4.2045e+13	2.3996e-15	2.2857e-14
4.2173e+13	2.5996e-15	1.9828e-14
4.23e+13	2.6219e-15	1.687e-14
4.2428e+13	2.1989e-15	1.5457e-14
4.2556e+13	1.7406e-15	1.523e-14
4.2684e+13	1.7903e-15	1.5079e-14
4.2812e+13	2.2542e-15	1.4761e-14
4.2939e+13	2.4982e-15	1.4867e-14
4.3067e+13	2.1962e-15	1.5465e-14
4.3195e+13	1.7628e-15	1.5621e-14
4.3323e+13	1.7764e-15	1.4669e-14
4.345e+13	2.1935e-15	1.3479e-14
4.3578e+13	2.4329e-15	1.3733e-14
4.3706e+13	2.1964e-15	1.5848e-14
4.3834e+13	1.878e-15	1.8157e-14
4.3962e+13	1.9963e-15	1.8565e-14
4.4089e+13	2.4433e-15	1.6814e-14
4.4217e+13	2.6008e-15	1.4662e-14
4.4345e+13	2.1773e-15	1.3875e-14
4.4473e+13	1.6264e-15	1.4499e-14
4.4601e+13	1.5717e-15	1.5339e-14
4.4728e+13	2.008e-15	1.5661e-14
4.4856e+13	2.337e-15	1.5833e-14
4.4984e+13	2.1618e-15	1.6343e-14
4.5112e+13	1.7675e-15	1.6919e-14
4.524e+13	1.6843e-15	1.711e-14
4.5367e+13	1.9742e-15	1.7348e-14
4.5495e+13	2.2013e-15	1.8603e-14
4.5623e+13	2.064e-15	2.0786e-14
4.5751e+13	1.7802e-15	2.217e-14
4.5879e+13	1.7254e-15	2.1161e-14
4.6006e+13	1.8868e-15	1.8553e-14
4.6134e+13	1.92e-15	1.7243e-14
4.6262e+13	1.6982e-15	1.9182e-14
4.639e+13	1.5348e-15	2.2957e-14
4.6518e+13	1.7381e-15	2.5038e-14
4.6645e+13	2.1325e-15	2.354e-14
4.6773e+13	2.25e-15	2.0226e-14
4.6901e+13	1.9546e-15	1.8428e-14
4.7029e+13	1.6348e-15	1.9384e-14
4.7157e+13	1.6806e-15	2.1259e-14
4.7284e+13	1.961e-15	2.1815e-14
4.7412e+13	2.0229e-15	2.1225e-14
4.754e+13	1.7374e-15	2.1567e-14
4.7668e+13	1.4897e-15	2.3806e-14
4.7796e+13	1.6398e-15	2.6249e-14
4.7923e+13	2.0003e-15	2.6548e-14
4.8051e+13	2.0716e-15	2.4801e-14
4.8179e+13	1.7309e-15	2.3774e-14
4.8307e+13	1.4284e-15	2.5794e-14
4.8435e+13	1.6009e-15	2.9967e-14
4.8562e+13	2.0814e-15	3.3034e-14
4.869e+13	2.3038e-15	3.2851e-14
4.8818e+13	2.0353e-15	3.0455e-14
4.8946e+13	1.6588e-15	2.8528e-14
4.9073e+13	1.646e-15	2.8431e-14
4.9201e+13	1.9476e-15	2.9352e-14
4.9329e+13	2.1166e-15	3.0189e-14
4.9457e+13	1.9589e-15	3.1274e-14
4.9585e+13	1.7944e-15	3.3573e-14
4.9712e+13	1.972e-15	3.6524e-14
4.984e+13	2.3325e-15	3.7753e-14
4.9968e+13	2.3945e-15	3.5555e-14
5.0096e+13	2.0317e-15	3.1329e-14
5.0224e+13	1.7037e-15	2.8701e-14
5.0351e+13	1.8829e-15	2.9878e-14
5.0479e+13	2.4176e-15	3.3193e-14
5.0607e+13	2.6905e-15	3.4754e-14
5.0735e+13	2.3911e-15	3.2515e-14
5.0863e+13	1.9039e-15	2.8325e-14
5.099e+13	1.8141e-15	2.5802e-14
5.1118e+13	2.1813e-15	2.6528e-14
5.1246e+13	2.5115e-15	2.8795e-14
5.1374e+13	2.4231e-15	2.9994e-14
5.1502e+13	2.1158e-15	2.9618e-14
5.1629e+13	2.059e-15	2.9416e-14
5.1757e+13	2.3607e-15	3.0808e-14
5.1885e+13	2.6586e-15	3.2851e-14
5.2013e+13	2.6276e-15	3.3212e-14
5.2141e+13	2.3888e-15	3.0919e-14
5.2268e+13	2.2882e-15	2.7589e-14
5.2396e+13	2.3958e-15	2.5743e-14
5.2524e+13	2.4252e-15	2.617e-14
5.2652e+13	2.1606e-15	2.7314e-14
5.278e+13	1.7832e-15	2.7147e-14
5.2907e+13	1.6484e-15	2.5281e-14
5.3035e+13	1.8306e-15	2.3096e-14
5.3163e+13	2.0486e-15	2.2128e-14
5.3291e+13	2.0462e-15	2.2727e-14
5.3419e+13	1.8967e-15	2.4218e-14
5.3546e+13	1.8427e-15	2.5847e-14
5.3674e+13	1.9362e-15	2.7164e-14
5.3802e+13	1.988e-15	2.7737e-14
5.393e+13	1.8656e-15	2.7137e-14
5.4058e+13	1.6957e-15	2.558e-14
5.4185e+13	1.6875e-15	2.4319e-14
5.4313e+13	1.8457e-15	2.4833e-14
5.4441e+13	1.9819e-15	2.7383e-14
5.4569e+13	1.988e-15	3.0538e-14
5.4696e+13	1.9624e-15	3.236e-14
5.4824e+13	2.0133e-15	3.2054e-14
5.4952e+13	2.051e-15	3.0331e-14
5.508e+13	1.903e-15	2.8322e-14
5.5208e+13	1.606e-15	2.6496e-14
5.5335e+13	1.4323e-15	2.4834e-14
5.5463e+13	1.564e-15	2.365e-14
5.5591e+13	1.8354e-15	2.3631e-14
5.5719e+13	1.912e-15	2.4825e-14
5.5847e+13	1.6931e-15	2.5968e-14
5.5974e+13	1.4134e-15	2.538e-14
5.6102e+13	1.3176e-15	2.2681e-14
5.623e+13	1.3544e-15	1.9356e-14
5.6358e+13	1.2964e-15	1.7361e-14
5.6486e+13	1.0981e-15	1.7226e-14
5.6613e+13	9.7595e-16	1.7733e-14
5.6741e+13	1.0941e-15	1.7401e-14
5.6869e+13	1.3028e-15	1.6006e-14
5.6997e+13	1.317e-15	1.4545e-14
5.7125e+13	1.1067e-15	1.4e-14
5.7252e+13	9.5626e-16	1.4528e-14
5.738e+13	1.09e-15	1.5796e-14
5.7508e+13	1.3615e-15	1.7561e-14
5.7636e+13	1.4342e-15	1.9493e-14
5.7764e+13	1.22e-15	2.0611e-14
5.7891e+13	9.8659e-16	1.9588e-14
5.8019e+13	9.9136e-16	1.6092e-14
5.8147e+13	1.141e-15	1.1715e-14
5.8275e+13	1.1408e-15	9.0469e-15
5.8403e+13	9.235e-16	9.4891e-15
5.853e+13	7.6149e-16	1.1975e-14
5.8658e+13	8.9632e-16	1.3991e-14
5.8786e+13	1.1872e-15	1.3873e-14
5.8914e+13	1.2699e-15	1.2084e-14
5.9042e+13	1.0314e-15	1.0385e-14
5.9169e+13	7.6753e-16	1.0017e-14
5.9297e+13	8.0521e-16	1.0758e-14
5.9425e+13	1.0779e-15	1.1497e-14
5.9553e+13	1.211e-15	1.1376e-14
5.9681e+13	1.0013e-15	1.0348e-14
5.9808e+13	6.6634e-16	8.9625e-15
5.9936e+13	5.5645e-16	7.8888e-15
6.0064e+13	7.2293e-16	7.5827e-15
6.0192e+13	8.9656e-16	8.0818e-15
6.0319e+13	8.6385e-16	8.9187e-15
6.0447e+13	7.2069e-16	9.356e-15
6.0575e+13	6.9124e-16	8.9504e-15
6.0703e+13	8.0097e-16	7.9669e-15
6.0831e+13	8.5968e-16	7.14e-15
6.0958e+13	7.5133e-16	6.9516e-15
6.1086e+13	6.0428e-16	7.1963e-15
6.1214e+13	6.057e-16	7.3091e-15
6.1342e+13	7.3394e-16	7.0408e-15
6.147e+13	7.9125e-16	6.6805e-15
6.1597e+13	6.8743e-16	6.6226e-15
6.1725e+13	5.7033e-16	6.8762e-15
6.1853e+13	6.179e-16	7.1125e-15
6.1981e+13	7.8442e-16	7.1033e-15
6.2109e+13	8.5757e-16	6.9402e-15
6.2236e+13	7.4749e-16	6.8032e-15
6.2364e+13	6.0533e-16	6.6746e-15
6.2492e+13	6.0856e-16	6.4127e-15
6.262e+13	7.1546e-16	6.0293e-15
6.2748e+13	7.3137e-16	5.7204e-15
6.2875e+13	5.9085e-16	5.5868e-15
6.3003e+13	4.5729e-16	5.4731e-15
6.3131e+13	4.9726e-16	5.2071e-15
6.3259e+13	6.4364e-16	4.9176e-15
6.3387e+13	6.8116e-16	4.9356e-15
6.3514e+13	5.4043e-16	5.3393e-15
6.3642e+13	3.945e-16	5.7492e-15
6.377e+13	4.2239e-16	5.7143e-15
6.3898e+13	5.6523e-16	5.2525e-15
6.4026e+13	6.1171e-16	4.846e-15
6.4153e+13	4.9453e-16	4.8652e-15
6.4281e+13	3.8626e-16	5.1315e-15
6.4409e+13	4.588e-16	5.1709e-15
6.4537e+13	6.3664e-16	4.8261e-15
6.4665e+13	6.8721e-16	4.4423e-15
6.4792e+13	5.3128e-16	4.4069e-15
6.492e+13	3.5323e-16	4.6598e-15
6.5048e+13	3.6121e-16	4.8067e-15
6.5176e+13	5.1982e-16	4.6612e-15
6.5304e+13	6.1019e-16	4.4858e-15
6.5431e+13	5.2582e-16	4.6221e-15
6.5559e+13	4.0057e-16	5.0122e-15
6.5687e+13	4.0743e-16	5.2474e-15
6.5815e+13	5.1831e-16	5.0798e-15
6.5942e+13	5.5628e-16	4.7362e-15
6.607e+13	4.56e-16	4.6459e-15
6.6198e+13	3.6037e-16	4.9426e-15
6.6326e+13	4.1668e-16	5.3435e-15
6.6454e+13	5.6022e-16	5.4919e-15
6.6581e+13	5.9372e-16	5.3005e-15
6.6709e+13	4.5851e-16	4.9274e-15
6.6837e+13	3.2257e-16	4.5418e-15
6.6965e+13	3.5882e-16	4.2299e-15
6.7093e+13	5.1332e-16	4.0754e-15
6.722e+13	5.7906e-16	4.1631e-15
6.7348e+13	4.7404e-16	4.4253e-15
6.7476e+13	3.4545e-16	4.5912e-15
6.7604e+13	3.6255e-16	4.4236e-15
6.7732e+13	4.8628e-16	4.0095e-15
6.7859e+13	5.3001e-16	3.7094e-15
6.7987e+13	4.2253e-16	3.7748e-15
6.8115e+13	3.0905e-16	4.0911e-15
6.8243e+13	3.5246e-16	4.3608e-15
6.8371e+13	5.0942e-16	4.4657e-15
6.8498e+13	5.8671e-16	4.523e-15
6.8626e+13	4.9728e-16	4.5921e-15
6.8754e+13	3.6699e-16	4.4946e-15
6.8882e+13	3.5495e-16	4.0616e-15
6.901e+13	4.4237e-16	3.4864e-15
6.9137e+13	4.7658e-16	3.2384e-15
6.9265e+13	3.9595e-16	3.5456e-15
6.9393e+13	3.152e-16	4.072e-15
6.9521e+13	3.5543e-16	4.2488e-15
6.9649e+13	4.648e-16	3.9058e-15
6.9776e+13	4.8644e-16	3.4506e-15
6.9904e+13	3.7966e-16	3.3807e-15
7.0032e+13	2.8241e-16	3.7306e-15
7.016e+13	3.2349e-16	4.1007e-15
7.0288e+13	4.4363e-16	4.1623e-15
7.0415e+13	4.7476e-16	3.9742e-15
7.0543e+13	3.6949e-16	3.7771e-15
7.0671e+13	2.6442e-16	3.6449e-15
7.0799e+13	2.9175e-16	3.494e-15
7.0927e+13	4.0131e-16	3.3663e-15
7.1054e+13	4.3744e-16	3.4787e-15
7.1182e+13	3.5889e-16	3.8914e-15
7.131e+13	2.9227e-16	4.2707e-15
7.1438e+13	3.4623e-16	4.1847e-15
7.1565e+13	4.5087e-16	3.6436e-15
7.1693e+13	4.5277e-16	3.1743e-15
7.1821e+13	3.351e-16	3.2452e-15
7.1949e+13	2.5124e-16	3.7061e-15
7.2077e+13	3.1672e-16	3.9573e-15
7.2204e+13	4.4479e-16	3.6668e-15
7.2332e+13	4.5869e-16	3.1554e-15
7.246e+13	3.3241e-16	2.9751e-15
7.2588e+13	2.2891e-16	3.2235e-15
7.2716e+13	2.786e-16	3.4637e-15
7.2843e+13	4.0018e-16	3.3328e-15
7.2971e+13	4.1212e-16	3.0374e-15
7.3099e+13	2.8508e-16	3.0879e-15
7.3227e+13	1.8793e-16	3.6106e-15
7.3355e+13	2.5915e-16	4.1196e-15
7.3482e+13	4.1314e-16	4.0526e-15
7.361e+13	4.4832e-16	3.418e-15
7.3738e+13	3.1506e-16	2.782e-15
7.3866e+13	1.8256e-16	2.6428e-15
7.3994e+13	2.1426e-16	2.9507e-15
7.4121e+13	3.546e-16	3.283e-15
7.4249e+13	4.1139e-16	3.365e-15
7.4377e+13	3.1653e-16	3.2939e-15
7.4505e+13	2.1027e-16	3.2876e-15
7.4633e+13	2.4095e-16	3.3753e-15
7.476e+13	3.6011e-16	3.4139e-15
7.4888e+13	3.9293e-16	3.3239e-15
7.5016e+13	2.8262e-16	3.1869e-15
7.5144e+13	1.7078e-16	3.1134e-15
7.5272e+13	2.0496e-16	3.118e-15
7.5399e+13	3.3936e-16	3.1735e-15
7.5527e+13	4.0009e-16	3.3044e-15
7.5655e+13	3.2104e-16	3.5314e-15
7.5783e+13	2.2611e-16	3.7496e-15
7.5911e+13	2.506e-16	3.7763e-15
7.6038e+13	3.5436e-16	3.5732e-15
7.6166e+13	3.8401e-16	3.3465e-15
7.6294e+13	2.9212e-16	3.3329e-15
7.6422e+13	2.0454e-16	3.5039e-15
7.655e+13	2.4295e-16	3.5799e-15
7.6677e+13	3.5277e-16	3.3792e-15
7.6805e+13	3.7904e-16	3.0744e-15
7.6933e+13	2.8505e-16	3.0109e-15
7.7061e+13	2.0644e-16	3.2836e-15
7.7188e+13	2.6134e-16	3.5958e-15
7.7316e+13	3.7923e-16	3.5914e-15
7.7444e+13	3.9147e-16	3.2695e-15
7.7572e+13	2.651e-16	2.9863e-15
7.77e+13	1.5758e-16	3.0493e-15
7.7827e+13	2.0987e-16	3.3845e-15
7.7955e+13	3.5468e-16	3.6477e-15
7.8083e+13	4.0216e-16	3.615e-15
7.8211e+13	2.917e-16	3.3961e-15
7.8339e+13	1.72e-16	3.2691e-15
7.8466e+13	2.024e-16	3.3721e-15
7.8594e+13	3.4286e-16	3.5894e-15
7.8722e+13	4.1183e-16	3.697e-15
7.885e+13	3.2828e-16	3.567e-15
7.8978e+13	2.1083e-16	3.2477e-15
7.9105e+13	2.0841e-16	2.9099e-15
7.9233e+13	3.0125e-16	2.7395e-15
7.9361e+13	3.4141e-16	2.8299e-15
7.9489e+13	2.6687e-16	3.1167e-15
7.9617e+13	1.8791e-16	3.4148e-15
7.9744e+13	2.2849e-16	3.5656e-15
7.9872e+13	3.473e-16	3.5686e-15
8e+13	3.8935e-16	3.5476e-15
8.0128e+13	2.9752e-16	3.579e-15
8.0256e+13	1.9167e-16	3.5895e-15
8.0383e+13	2.0578e-16	3.4633e-15
8.0511e+13	3.0702e-16	3.2247e-15
8.0639e+13	3.4421e-16	3.0442e-15
8.0767e+13	2.566e-16	3.0336e-15
8.0895e+13	1.5585e-16	3.092e-15
8.1022e+13	1.7141e-16	3.0282e-15
8.115e+13	2.755e-16	2.8326e-15
8.1278e+13	3.2763e-16	2.7491e-15
8.1406e+13	2.7247e-16	3.0176e-15
8.1534e+13	2.1369e-16	3.5687e-15
8.1661e+13	2.6198e-16	4.0357e-15
8.1789e+13	3.7118e-16	4.0935e-15
8.1917e+13	3.9432e-16	3.7604e-15
8.2045e+13	2.8629e-16	3.3543e-15
8.2173e+13	1.7359e-16	3.1823e-15
8.23e+13	1.907e-16	3.2952e-15
8.2428e+13	3.0225e-16	3.5087e-15
8.2556e+13	3.5164e-16	3.5988e-15
8.2684e+13	2.7055e-16	3.4676e-15
8.2812e+13	1.6708e-16	3.1875e-15
8.2939e+13	1.7763e-16	2.9452e-15
8.3067e+13	2.8615e-16	2.9222e-15
8.3195e+13	3.5302e-16	3.156e-15
8.3323e+13	3.0654e-16	3.49e-15
8.345e+13	2.3358e-16	3.7009e-15
8.3578e+13	2.5151e-16	3.7117e-15
8.3706e+13	3.4393e-16	3.6497e-15
8.3834e+13	3.8535e-16	3.6524e-15
8.3962e+13	3.1501e-16	3.6481e-15
8.4089e+13	2.1785e-16	3.4269e-15
8.4217e+13	2.0571e-16	2.9618e-15
8.4345e+13	2.6833e-16	2.5676e-15
8.4473e+13	2.9865e-16	2.6172e-15
8.4601e+13	2.491e-16	3.0937e-15
8.4728e+13	1.9622e-16	3.5424e-15
8.4856e+13	2.2565e-16	3.5483e-15
8.4984e+13	3.0432e-16	3.2018e-15
8.5112e+13	3.2293e-16	2.9738e-15
8.524e+13	2.4995e-16	3.134e-15
8.5367e+13	1.8008e-16	3.4336e-15
8.5495e+13	2.0745e-16	3.4603e-15
8.5623e+13	2.9878e-16	3.213e-15
8.5751e+13	3.418e-16	3.1377e-15
8.5879e+13	2.9919e-16	3.543e-15
8.6006e+13	2.5294e-16	4.1386e-15
8.6134e+13	2.8023e-16	4.3236e-15
8.6262e+13	3.4015e-16	3.9085e-15
8.639e+13	3.3426e-16	3.3743e-15
8.6518e+13	2.5561e-16	3.323e-15
8.6645e+13	2.1087e-16	3.7783e-15
8.6773e+13	2.7491e-16	4.1845e-15
8.6901e+13	3.7707e-16	4.0785e-15
8.7029e+13	3.8365e-16	3.5951e-15
8.7157e+13	2.7325e-16	3.2177e-15
8.7284e+13	1.6859e-16	3.1619e-15
8.7412e+13	1.7879e-16	3.1967e-15
8.754e+13	2.6309e-16	3.0783e-15
8.7668e+13	2.9699e-16	2.9536e-15
8.7796e+13	2.458e-16	3.1708e-15
8.7923e+13	2.058e-16	3.7555e-15
8.8051e+13	2.5951e-16	4.2768e-15
8.8179e+13	3.4998e-16	4.3052e-15
8.8307e+13	3.5285e-16	3.8866e-15
8.8435e+13	2.4946e-16	3.4432e-15
8.8562e+13	1.6087e-16	3.2638e-15
8.869e+13	1.9084e-16	3.247e-15
8.8818e+13	2.8891e-16	3.1725e-15
8.8946e+13	3.1973e-16	3.0624e-15
8.9073e+13	2.4521e-16	3.1301e-15
8.9201e+13	1.7315e-16	3.4298e-15
8.9329e+13	2.0885e-16	3.7409e-15
8.9457e+13	3.1282e-16	3.8563e-15
8.9585e+13	3.5552e-16	3.8457e-15
8.9712e+13	2.9008e-16	3.9004e-15
8.984e+13	2.0839e-16	3.994e-15
8.9968e+13	2.1171e-16	3.901e-15
9.0096e+13	2.7985e-16	3.608e-15
9.0224e+13	3.1444e-16	3.5129e-15
9.0351e+13	2.837e-16	4.0015e-15
9.0479e+13	2.5926e-16	4.8501e-15
9.0607e+13	2.9788e-16	5.2825e-15
9.0735e+13	3.4634e-16	4.7765e-15
9.0863e+13	3.1459e-16	3.7213e-15
9.099e+13	2.1673e-16	3.0855e-15
9.1118e+13	1.7189e-16	3.4049e-15
9.1246e+13	2.4876e-16	4.2404e-15
9.1374e+13	3.6345e-16	4.7243e-15
9.1502e+13	3.8019e-16	4.5239e-15
9.1629e+13	2.8851e-16	4.1061e-15
9.1757e+13	2.1945e-16	4.0854e-15
9.1885e+13	2.7468e-16	4.5301e-15
9.2013e+13	3.9505e-16	5.0286e-15
9.2141e+13	4.4183e-16	5.2822e-15
9.2268e+13	3.7773e-16	5.3877e-15
9.2396e+13	3.0494e-16	5.526e-15
9.2524e+13	3.1788e-16	5.6274e-15
9.2652e+13	3.7996e-16	5.545e-15
9.278e+13	3.9006e-16	5.4323e-15
9.2907e+13	3.346e-16	5.6524e-15
9.3035e+13	3.0471e-16	6.2233e-15
9.3163e+13	3.5702e-16	6.6035e-15
9.3291e+13	4.2461e-16	6.2992e-15
9.3419e+13	4.1373e-16	5.6257e-15
9.3546e+13	3.4918e-16	5.5274e-15
9.3674e+13	3.4907e-16	6.4438e-15
9.3802e+13	4.4918e-16	7.5524e-15
9.393e+13	5.2742e-16	7.5088e-15
9.4058e+13	4.595e-16	6.0517e-15
9.4185e+13	3.0983e-16	4.604e-15
9.4313e+13	2.8216e-16	4.9503e-15
9.4441e+13	4.6121e-16	7.2767e-15
9.4569e+13	6.7436e-16	9.7499e-15
9.4696e+13	6.7534e-16	1.0224e-14
9.4824e+13	4.4015e-16	8.33e-15
9.4952e+13	2.0518e-16	5.771e-15
9.508e+13	1.9363e-16	4.6073e-15
9.5208e+13	3.6828e-16	5.4016e-15
9.5335e+13	5.0918e-16	7.0507e-15
9.5463e+13	4.9711e-16	8.1706e-15
9.5591e+13	4.3424e-16	8.3616e-15
9.5719e+13	4.6761e-16	8.1511e-15
9.5847e+13	5.7498e-16	8.0592e-15
9.5974e+13	6.0351e-16	8.0502e-15
9.6102e+13	4.957e-16	7.8718e-15
9.623e+13	3.8367e-16	7.6155e-15
9.6358e+13	4.1983e-16	7.697e-15
9.6486e+13	5.7405e-16	8.3183e-15
9.6613e+13	6.7122e-16	9.1335e-15
9.6741e+13	6.1544e-16	9.5261e-15
9.6869e+13	4.9952e-16	9.1508e-15
9.6997e+13	4.6262e-16	8.1694e-15
9.7125e+13	5.0239e-16	7.0567e-15
9.7252e+13	4.9928e-16	6.2976e-15
9.738e+13	4.0829e-16	6.2203e-15
9.7508e+13	3.3991e-16	6.9022e-15
9.7636e+13	4.0976e-16	8.0655e-15
9.7764e+13	5.6388e-16	9.1103e-15
9.7891e+13	6.2824e-16	9.4467e-15
9.8019e+13	5.2629e-16	8.9311e-15
9.8147e+13	3.7466e-16	7.9617e-15
9.8275e+13	3.2765e-16	7.0838e-15
9.8403e+13	3.7963e-16	6.5154e-15
9.853e+13	3.8994e-16	6.1116e-15
9.8658e+13	2.9119e-16	5.757e-15
9.8786e+13	1.9272e-16	5.6377e-15
9.8914e+13	2.3458e-16	6.0025e-15
9.9042e+13	3.8874e-16	6.6989e-15
9.9169e+13	4.7935e-16	7.1205e-15
9.9297e+13	4.0121e-16	6.7432e-15
9.9425e+13	2.5042e-16	5.7026e-15
9.9553e+13	1.983e-16	4.7459e-15
9.9681e+13	2.7837e-16	4.5633e-15
9.9808e+13	3.6239e-16	5.1731e-15
9.9936e+13	3.4205e-16	5.963e-15
1.0006e+14	2.6515e-16	6.2869e-15
1.0019e+14	2.525e-16	5.9985e-15
1.0032e+14	3.246e-16	5.4705e-15
1.0045e+14	3.7893e-16	5.2035e-15
1.0058e+14	3.3921e-16	5.4331e-15
1.007e+14	2.6103e-16	6.0042e-15
1.0083e+14	2.4806e-16	6.501e-15
1.0096e+14	3.0254e-16	6.5169e-15
1.0109e+14	3.2342e-16	5.9419e-15
1.0121e+14	2.544e-16	5.0968e-15
1.0134e+14	1.711e-16	4.5357e-15
1.0147e+14	1.804e-16	4.5743e-15
1.016e+14	2.6885e-16	4.9522e-15
1.0173e+14	3.1289e-16	5.0424e-15
1.0185e+14	2.4341e-16	4.5004e-15
1.0198e+14	1.4255e-16	3.7005e-15
1.0211e+14	1.3865e-16	3.4186e-15
1.0224e+14	2.3708e-16	4.0142e-15
1.0236e+14	3.1242e-16	4.9793e-15
1.0249e+14	2.7111e-16	5.4007e-15
1.0262e+14	1.6845e-16	4.8949e-15
1.0275e+14	1.2946e-16	4.014e-15
1.0288e+14	1.8636e-16	3.6669e-15
1.03e+14	2.4822e-16	4.168e-15
1.0313e+14	2.3184e-16	4.9294e-15
1.0326e+14	1.6891e-16	5.102e-15
1.0339e+14	1.4965e-16	4.4508e-15
1.0351e+14	1.9317e-16	3.556e-15
1.0364e+14	2.275e-16	3.2e-15
1.0377e+14	1.9943e-16	3.634e-15
1.039e+14	1.5187e-16	4.4374e-15
1.0403e+14	1.5903e-16	4.9879e-15
1.0415e+14	2.1544e-16	4.9946e-15
1.0428e+14	2.4059e-16	4.6358e-15
1.0441e+14	1.9462e-16	4.3198e-15
1.0454e+14	1.4019e-16	4.3648e-15
1.0466e+14	1.5836e-16	4.8037e-15
1.0479e+14	2.3272e-16	5.3532e-15
1.0492e+14	2.6514e-16	5.5602e-15
1.0505e+14	2.0656e-16	5.1164e-15
1.0518e+14	1.2512e-16	4.1587e-15
1.053e+14	1.1712e-16	3.2431e-15
1.0543e+14	1.8057e-16	2.9029e-15
1.0556e+14	2.2191e-16	3.1571e-15
1.0569e+14	1.8425e-16	3.4968e-15
1.0581e+14	1.2103e-16	3.4227e-15
1.0594e+14	1.1724e-16	2.9793e-15
1.0607e+14	1.7107e-16	2.684e-15
1.062e+14	2e-16	2.9079e-15
1.0633e+14	1.5941e-16	3.4131e-15
1.0645e+14	1.0562e-16	3.5955e-15
1.0658e+14	1.1502e-16	3.1702e-15
1.0671e+14	1.7396e-16	2.5128e-15
1.0684e+14	1.9541e-16	2.2597e-15
1.0696e+14	1.4107e-16	2.6231e-15
1.0709e+14	7.8104e-17	3.189e-15
1.0722e+14	8.8922e-17	3.3939e-15
1.0735e+14	1.5707e-16	3.1074e-15
1.0748e+14	1.8789e-16	2.682e-15
1.076e+14	1.3744e-16	2.4864e-15
1.0773e+14	7.2482e-17	2.5077e-15
1.0786e+14	7.8148e-17	2.4477e-15
1.0799e+14	1.4008e-16	2.1258e-15
1.0812e+14	1.6419e-16	1.6859e-15
1.0824e+14	1.0786e-16	1.4092e-15
1.0837e+14	4.1673e-17	1.4109e-15
1.085e+14	5.484e-17	1.567e-15
1.0863e+14	1.3225e-16	1.688e-15
1.0875e+14	1.72e-16	1.6864e-15
1.0888e+14	1.2112e-16	1.5794e-15
1.0901e+14	4.5845e-17	1.4124e-15
1.0914e+14	4.1676e-17	1.2406e-15
1.0927e+14	1.0601e-16	1.1465e-15
1.0939e+14	1.4544e-16	1.1958e-15
1.0952e+14	1.0495e-16	1.3519e-15
1.0965e+14	4.1575e-17	1.4835e-15
1.0978e+14	4.3711e-17	1.5015e-15
1.099e+14	1.0939e-16	1.4639e-15
1.1003e+14	1.5031e-16	1.4961e-15
1.1016e+14	1.1366e-16	1.609e-15
1.1029e+14	5.3011e-17	1.6562e-15
1.1042e+14	5.2311e-17	1.5089e-15
1.1054e+14	1.1024e-16	1.2401e-15
1.1067e+14	1.4436e-16	1.0698e-15
1.108e+14	1.0697e-16	1.1191e-15
1.1093e+14	5.0676e-17	1.2688e-15
1.1105e+14	5.3757e-17	1.3025e-15
1.1118e+14	1.1035e-16	1.1616e-15
1.1131e+14	1.3861e-16	1.0031e-15
1.1144e+14	9.4973e-17	9.9981e-16
1.1157e+14	3.5545e-17	1.1363e-15
1.1169e+14	3.9312e-17	1.2454e-15
1.1182e+14	9.9648e-17	1.2152e-15
1.1195e+14	1.3409e-16	1.1025e-15
1.1208e+14	9.8292e-17	1.0302e-15
1.122e+14	4.6116e-17	1.0319e-15
1.1233e+14	5.3437e-17	1.0438e-15
1.1246e+14	1.1202e-16	1.0251e-15
1.1259e+14	1.4083e-16	1.0142e-15
1.1272e+14	9.8555e-17	1.0457e-15
1.1284e+14	4.0891e-17	1.0612e-15
1.1297e+14	4.3196e-17	9.6675e-16
1.131e+14	9.6174e-17	7.7393e-16
1.1323e+14	1.1968e-16	6.2704e-16
1.1335e+14	7.5494e-17	6.5648e-16
1.1348e+14	2.2043e-17	8.2962e-16
1.1361e+14	3.4148e-17	9.8639e-16
1.1374e+14	9.8223e-17	1.016e-15
1.1387e+14	1.2863e-16	9.5747e-16
1.1399e+14	8.4127e-17	9.1398e-16
1.1412e+14	2.4623e-17	9.1072e-16
1.1425e+14	2.9724e-17	8.8456e-16
1.1438e+14	9.0451e-17	8.0239e-16
1.145e+14	1.2249e-16	7.3122e-16
1.1463e+14	8.24e-17	7.5646e-16
1.1476e+14	2.6823e-17	8.5839e-16
1.1489e+14	3.3764e-17	9.1875e-16
1.1502e+14	9.4588e-17	8.5798e-16
1.1514e+14	1.2551e-16	7.3079e-16
1.1527e+14	8.2617e-17	6.6058e-16
1.154e+14	2.2363e-17	6.9728e-16
1.1553e+14	2.4707e-17	7.7152e-16
1.1565e+14	8.453e-17	7.8694e-16
1.1578e+14	1.1957e-16	7.2508e-16
1.1591e+14	8.2758e-17	6.4407e-16
1.1604e+14	2.4729e-17	5.9967e-16
1.1617e+14	2.2598e-17	5.9944e-16
1.1629e+14	7.4857e-17	6.2679e-16
1.1642e+14	1.0644e-16	6.707e-16
1.1655e+14	7.4191e-17	7.128e-16
1.1668e+14	2.5414e-17	7.1222e-16
1.1681e+14	2.9602e-17	6.4125e-16
1.1693e+14	8.0192e-17	5.3635e-16
1.1706e+14	1.0364e-16	4.8053e-16
1.1719e+14	6.2778e-17	5.1496e-16
1.1732e+14	1.0096e-17	5.8624e-16
1.1744e+14	1.6206e-17	6.0722e-16
1.1757e+14	7.2371e-17	5.6391e-16
1.177e+14	1.0213e-16	5.3175e-16
1.1783e+14	6.6199e-17	5.7551e-16
1.1796e+14	1.58e-17	6.6084e-16
1.1808e+14	2.1245e-17	6.9465e-16
1.1821e+14	7.4786e-17	6.4351e-16
1.1834e+14	1.0191e-16	5.7532e-16
1.1847e+14	6.4726e-17	5.6967e-16
1.1859e+14	1.4138e-17	6.1615e-16
1.1872e+14	1.8951e-17	6.3532e-16
1.1885e+14	7.0841e-17	5.9247e-16
1.1898e+14	9.6815e-17	5.4941e-16
1.1911e+14	6.1319e-17	5.8143e-16
1.1923e+14	1.5718e-17	6.6765e-16
1.1936e+14	2.6209e-17	7.0215e-16
1.1949e+14	8.0394e-17	6.1818e-16
1.1962e+14	1.0297e-16	4.7152e-16
1.1974e+14	5.9828e-17	3.8085e-16
1.1987e+14	6.7145e-18	4.0079e-16
1.2e+14	1.4034e-17	4.7879e-16
1.2013e+14	7.0524e-17	5.3258e-16
1.2026e+14	9.8327e-17	5.3956e-16
1.2038e+14	5.9313e-17	5.3546e-16
1.2051e+14	7.0375e-18	5.4836e-16
1.2064e+14	1.3276e-17	5.6618e-16
1.2077e+14	7.0117e-17	5.6896e-16
1.2089e+14	1.0147e-16	5.6301e-16
1.2102e+14	6.7222e-17	5.6466e-16
1.2115e+14	1.6721e-17	5.6649e-16
1.2128e+14	1.9323e-17	5.4581e-16
1.2141e+14	6.9017e-17	5.0565e-16
1.2153e+14	9.4432e-17	4.8213e-16
1.2166e+14	5.8889e-17	4.9851e-16
1.2179e+14	1.1242e-17	5.2949e-16
1.2192e+14	1.7513e-17	5.3244e-16
1.2204e+14	6.8789e-17	5.0733e-16
1.2217e+14	9.3224e-17	4.9865e-16
1.223e+14	5.5428e-17	5.2967e-16
1.2243e+14	5.5796e-18	5.5878e-16
1.2256e+14	1.044e-17	5.2689e-16
1.2268e+14	6.177e-17	4.4047e-16
1.2281e+14	8.843e-17	3.7648e-16
1.2294e+14	5.4732e-17	3.9193e-16
1.2307e+14	8.7805e-18	4.5056e-16
1.2319e+14	1.4588e-17	4.6526e-16
1.2332e+14	6.2917e-17	4.0728e-16
1.2345e+14	8.4706e-17	3.4397e-16
1.2358e+14	4.803e-17	3.5582e-16
1.2371e+14	3.4168e-18	4.3762e-16
1.2383e+14	1.4041e-17	5.069e-16
1.2396e+14	6.7365e-17	5.0358e-16
1.2409e+14	9.1175e-17	4.5187e-16
1.2422e+14	5.2695e-17	4.1365e-16
1.2435e+14	4.1601e-18	4.0637e-16
1.2447e+14	1.1557e-17	3.9587e-16
1.246e+14	6.4339e-17	3.633e-16
1.2473e+14	9.0235e-17	3.4343e-16
1.2486e+14	5.452e-17	3.7717e-16
1.2498e+14	7.0218e-18	4.4537e-16
1.2511e+14	1.2744e-17	4.8031e-16
1.2524e+14	6.2472e-17	4.454e-16
1.2537e+14	8.6609e-17	3.7961e-16
1.255e+14	5.2161e-17	3.4864e-16
1.2562e+14	8.1054e-18	3.6784e-16
1.2575e+14	1.6536e-17	3.9491e-16
1.2588e+14	6.5705e-17	3.9403e-16
1.2601e+14	8.6073e-17	3.8038e-16
1.2613e+14	4.7301e-17	3.8871e-16
1.2626e+14	1.3269e-18	4.1645e-16
1.2639e+14	1.0972e-17	4.2295e-16
1.2652e+14	6.2477e-17	3.8437e-16
1.2665e+14	8.3597e-17	3.2702e-16
1.2677e+14	4.3319e-17	2.9531e-16
1.269e+14	-4.2637e-18	3.0111e-16
1.2703e+14	6.5845e-18	3.2102e-16
1.2716e+14	6.2681e-17	3.3561e-16
1.2728e+14	8.8926e-17	3.4878e-16
1.2741e+14	5.0285e-17	3.6393e-16
1.2754e+14	-6.5648e-19	3.6383e-16
1.2767e+14	4.3864e-18	3.3431e-16
1.278e+14	5.6559e-17	2.9811e-16
1.2792e+14	8.2918e-17	2.9841e-16
1.2805e+14	4.6677e-17	3.4164e-16
1.2818e+14	-3.0927e-18	3.7846e-16
1.2831e+14	3.3698e-19	3.6085e-16
1.2843e+14	4.9979e-17	3.0693e-16
1.2856e+14	7.6095e-17	2.8293e-16
1.2869e+14	4.3231e-17	3.1702e-16
1.2882e+14	-1.1473e-18	3.5763e-16
1.2895e+14	6.8891e-18	3.3822e-16
1.2907e+14	5.8634e-17	2.6913e-16
1.292e+14	8.4247e-17	2.3291e-16
1.2933e+14	4.8771e-17	2.8135e-16
1.2946e+14	6.1451e-20	3.651e-16
1.2958e+14	2.8183e-18	3.9026e-16
1.2971e+14	5.0087e-17	3.3309e-16
1.2984e+14	7.4073e-17	2.661e-16
1.2997e+14	4.0521e-17	2.6315e-16
1.301e+14	-4.1694e-18	3.0812e-16
1.3022e+14	2.1617e-18	3.2455e-16
1.3035e+14	5.0914e-17	2.8277e-16
1.3048e+14	7.4567e-17	2.3947e-16
1.3061e+14	4.035e-17	2.5828e-16
1.3073e+14	-4.1428e-18	3.1979e-16
1.3086e+14	3.2301e-18	3.4321e-16
1.3099e+14	5.2871e-17	2.9107e-16
1.3112e+14	7.6202e-17	2.1787e-16
1.3125e+14	4.0253e-17	1.993e-16
1.3137e+14	-6.3571e-18	2.377e-16
1.315e+14	2.5216e-19	2.6719e-16
1.3163e+14	5.1644e-17	2.4625e-16
1.3176e+14	7.8637e-17	2.1022e-16
1.3188e+14	4.5992e-17	2.1624e-16
1.3201e+14	3.3297e-20	2.607e-16
1.3214e+14	4.1789e-18	2.8359e-16
1.3227e+14	5.1621e-17	2.5176e-16
1.324e+14	7.5307e-17	2.046e-16
1.3252e+14	4.0876e-17	1.9993e-16
1.3265e+14	-5.8374e-18	2.3574e-16
1.3278e+14	-1.9474e-18	2.5621e-16
1.3291e+14	4.6089e-17	2.3208e-16
1.3304e+14	7.1763e-17	2.0249e-16
1.3316e+14	4.0169e-17	2.188e-16
1.3329e+14	-4.4823e-18	2.6824e-16
1.3342e+14	-4.2787e-19	2.8511e-16
1.3355e+14	4.658e-17	2.3865e-16
1.3367e+14	7.1917e-17	1.7924e-16
1.338e+14	4.1694e-17	1.781e-16
1.3393e+14	-8.9004e-19	2.3739e-16
1.3406e+14	3.9095e-18	2.8823e-16
1.3419e+14	4.9344e-17	2.778e-16
1.3431e+14	7.1685e-17	2.3094e-16
1.3444e+14	3.8824e-17	2.093e-16
1.3457e+14	-4.9297e-18	2.2789e-16
1.347e+14	8.8344e-20	2.41e-16
1.3482e+14	4.6497e-17	2.1069e-16
1.3495e+14	7.0064e-17	1.6073e-16
1.3508e+14	3.834e-17	1.4378e-16
1.3521e+14	-4.7467e-18	1.7087e-16
1.3534e+14	2.1073e-19	2.0061e-16
1.3546e+14	4.6063e-17	1.995e-16
1.3559e+14	6.9222e-17	1.8649e-16
1.3572e+14	3.7654e-17	2.0032e-16
1.3585e+14	-5.0343e-18	2.3836e-16
1.3597e+14	-2.1097e-19	2.5521e-16
1.361e+14	4.4568e-17	2.2488e-16
1.3623e+14	6.6208e-17	1.802e-16
1.3636e+14	3.3815e-17	1.731e-16
1.3649e+14	-8.0052e-18	2.0803e-16
1.3661e+14	-4.8158e-19	2.3766e-16
1.3674e+14	4.7848e-17	2.2546e-16
1.3687e+14	7.2144e-17	1.9041e-16
1.37e+14	3.9964e-17	1.7589e-16
1.3712e+14	-4.2803e-18	1.8929e-16
1.3725e+14	-2.1499e-19	1.9562e-16
1.3738e+14	4.6053e-17	1.7103e-16
1.3751e+14	7.1026e-17	1.3903e-16
1.3764e+14	4.1311e-17	1.3877e-16
1.3776e+14	-1.1517e-18	1.7047e-16
1.3789e+14	2.2383e-18	1.9418e-16
1.3802e+14	4.5837e-17	1.8289e-16
1.3815e+14	6.8232e-17	1.5604e-16
1.3827e+14	3.7658e-17	1.4885e-16
1.384e+14	-4.1724e-18	1.6341e-16
1.3853e+14	-1.458e-19	1.7077e-16
1.3866e+14	4.3117e-17	1.5855e-16
1.3879e+14	6.476e-17	1.5255e-16
1.3891e+14	3.442e-17	1.7831e-16
1.3904e+14	-5.5065e-18	2.1688e-16
1.3917e+14	1.1796e-18	2.218e-16
1.393e+14	4.5968e-17	1.8005e-16
1.3942e+14	6.6702e-17	1.3467e-16
1.3955e+14	3.3518e-17	1.3423e-16
1.3968e+14	-9.0318e-18	1.7268e-16
1.3981e+14	-2.537e-18	1.984e-16
1.3994e+14	4.4829e-17	1.801e-16
1.4006e+14	6.8769e-17	1.4326e-16
1.4019e+14	3.6412e-17	1.3188e-16
1.4032e+14	-8.8292e-18	1.5082e-16
1.4045e+14	-6.4452e-18	1.6588e-16
1.4058e+14	3.9096e-17	1.5616e-16
1.407e+14	6.54e-17	1.4228e-16
1.4083e+14	3.7787e-17	1.5165e-16
1.4096e+14	-4.2063e-18	1.7322e-16
1.4109e+14	-2.352e-18	1.695e-16
1.4121e+14	4.0162e-17	1.3132e-16
1.4134e+14	6.4109e-17	9.7532e-17
1.4147e+14	3.6469e-17	1.0752e-16
1.416e+14	-4.5111e-18	1.4844e-16
1.4173e+14	-2.9536e-18	1.6948e-16
1.4185e+14	3.7432e-17	1.4611e-16
1.4198e+14	5.9352e-17	1.094e-16
1.4211e+14	3.2e-17	1.0239e-16
1.4224e+14	-6.2979e-18	1.2412e-16
1.4236e+14	-1.7674e-18	1.365e-16
1.4249e+14	3.974e-17	1.214e-16
1.4262e+14	6.0658e-17	1.065e-16
1.4275e+14	3.1629e-17	1.2382e-16
1.4288e+14	-7.4966e-18	1.598e-16
1.43e+14	-2.5985e-18	1.6911e-16
1.4313e+14	3.9782e-17	1.354e-16
1.4326e+14	6.1303e-17	9.5701e-17
1.4339e+14	3.2377e-17	9.3136e-17
1.4351e+14	-6.8939e-18	1.2119e-16
1.4364e+14	-2.028e-18	1.3518e-16
1.4377e+14	4.0619e-17	1.149e-16
1.439e+14	6.258e-17	9.2374e-17
1.4403e+14	3.3853e-17	1.0625e-16
1.4415e+14	-5.8611e-18	1.4564e-16
1.4428e+14	-2.0206e-18	1.6123e-16
1.4441e+14	3.9704e-17	1.3019e-16
1.4454e+14	6.1654e-17	8.7323e-17
1.4466e+14	3.396e-17	8.0344e-17
1.4479e+14	-4.5098e-18	1.0942e-16
1.4492e+14	-3.6782e-19	1.3108e-16
1.4505e+14	4.024e-17	1.1866e-16
1.4518e+14	6.0263e-17	9.5824e-17
1.453e+14	3.0989e-17	9.9562e-17
1.4543e+14	-7.906e-18	1.2643e-16
1.4556e+14	-3.0228e-18	1.374e-16
1.4569e+14	3.893e-17	1.1356e-16
1.4581e+14	6.0285e-17	8.4071e-17
1.4594e+14	3.2008e-17	8.6962e-17
1.4607e+14	-6.23e-18	1.1703e-16
1.462e+14	-9.254e-19	1.3342e-16
1.4633e+14	4.1206e-17	1.1637e-16
1.4645e+14	6.2333e-17	9.4101e-17
1.4658e+14	3.3327e-17	1.0225e-16
1.4671e+14	-5.8426e-18	1.3201e-16
1.4684e+14	-1.0265e-18	1.3995e-16
1.4696e+14	4.1475e-17	1.0757e-16
1.4709e+14	6.3413e-17	6.9123e-17
1.4722e+14	3.4579e-17	6.8478e-17
1.4735e+14	-5.7722e-18	1.0199e-16
1.4748e+14	-2.937e-18	1.2401e-16
1.476e+14	3.8263e-17	1.0724e-16
1.4773e+14	6.0564e-17	7.6696e-17
1.4786e+14	3.3216e-17	7.3546e-17
1.4799e+14	-6.0728e-18	9.9568e-17
1.4812e+14	-3.5861e-18	1.1732e-16
1.4824e+14	3.6341e-17	1.0297e-16
1.4837e+14	5.7745e-17	7.7895e-17
1.485e+14	3.0626e-17	7.7003e-17
1.4863e+14	-7.6136e-18	9.9987e-17
1.4875e+14	-3.9111e-18	1.1342e-16
1.4888e+14	3.7199e-17	9.9157e-17
1.4901e+14	5.9865e-17	8.0074e-17
1.4914e+14	3.38e-17	8.7018e-17
1.4927e+14	-4.3776e-18	1.139e-16
1.4939e+14	-2.0498e-18	1.2443e-16
1.4952e+14	3.6874e-17	1.018e-16
1.4965e+14	5.7824e-17	7.2334e-17
1.4978e+14	3.1292e-17	7.0408e-17
1.499e+14	-6.4082e-18	9.2971e-17
1.5003e+14	-3.4306e-18	1.0583e-16
1.5016e+14	3.5999e-17	9.1524e-17
1.5029e+14	5.7536e-17	7.1706e-17
1.5042e+14	3.1746e-17	7.4121e-17
1.5054e+14	-5.4792e-18	9.2554e-17
1.5067e+14	-2.6396e-18	9.7004e-17
1.508e+14	3.6449e-17	7.903e-17
1.5093e+14	5.8283e-17	6.6184e-17
1.5105e+14	3.3558e-17	8.2792e-17
1.5118e+14	-2.9546e-18	1.1183e-16
1.5131e+14	-1.1551e-18	1.1413e-16
1.5144e+14	3.5062e-17	8.1794e-17
1.5157e+14	5.3908e-17	5.2268e-17
1.5169e+14	2.8264e-17	6.0989e-17
1.5182e+14	-6.3003e-18	9.4761e-17
1.5195e+14	-9.1982e-19	1.0934e-16
1.5208e+14	3.8334e-17	8.8317e-17
1.522e+14	5.8227e-17	6.3965e-17
1.5233e+14	3.1746e-17	7.2011e-17
1.5246e+14	-4.3604e-18	1.0227e-16
1.5259e+14	-8.8857e-20	1.1256e-16
1.5272e+14	3.8749e-17	8.6647e-17
1.5284e+14	5.8255e-17	5.6763e-17
1.5297e+14	3.0541e-17	5.9821e-17
1.531e+14	-7.7556e-18	8.7483e-17
1.5323e+14	-5.5048e-18	9.8482e-17
1.5335e+14	3.3222e-17	7.5991e-17
1.5348e+14	5.542e-17	5.1039e-17
1.5361e+14	3.2159e-17	5.9719e-17
1.5374e+14	-2.4526e-18	9.2936e-17
1.5387e+14	5.5279e-19	1.0771e-16
1.5399e+14	3.7006e-17	8.4706e-17
1.5412e+14	5.5844e-17	5.3732e-17
1.5425e+14	3.04e-17	5.3119e-17
1.5438e+14	-4.4307e-18	7.9203e-17
1.545e+14	-6.6776e-19	9.4222e-17
1.5463e+14	3.6022e-17	7.9813e-17
1.5476e+14	5.403e-17	6.1326e-17
1.5489e+14	2.7433e-17	7.0197e-17
1.5502e+14	-7.7063e-18	9.8156e-17
1.5514e+14	-2.9439e-18	1.0779e-16
1.5527e+14	3.5415e-17	8.4716e-17
1.554e+14	5.4574e-17	5.8156e-17
1.5553e+14	2.7865e-17	6.0843e-17
1.5565e+14	-8.3318e-18	8.3924e-17
1.5578e+14	-4.4117e-18	9.0118e-17
1.5591e+14	3.4342e-17	6.7095e-17
1.5604e+14	5.5043e-17	4.6196e-17
1.5617e+14	2.9747e-17	5.9016e-17
1.5629e+14	-6.5737e-18	9.1459e-17
1.5642e+14	-4.5335e-18	1.0035e-16
1.5655e+14	3.1916e-17	7.2065e-17
1.5668e+14	5.1715e-17	4.3285e-17
1.5681e+14	2.7686e-17	5.3512e-17
1.5693e+14	-6.1296e-18	9.1985e-17
1.5706e+14	-2.1442e-18	1.1058e-16
1.5719e+14	3.4473e-17	8.6281e-17
1.5732e+14	5.2841e-17	5.0269e-17
1.5744e+14	2.7002e-17	4.5837e-17
1.5757e+14	-7.7345e-18	7.2367e-17
1.577e+14	-3.2712e-18	8.9617e-17
1.5783e+14	3.4762e-17	7.3884e-17
1.5796e+14	5.439e-17	4.8756e-17
1.5808e+14	2.8603e-17	5.0424e-17
1.5821e+14	-7.5667e-18	7.7334e-17
1.5834e+14	-5.2099e-18	9.329e-17
1.5847e+14	3.1463e-17	7.7845e-17
1.5859e+14	5.142e-17	5.341e-17
1.5872e+14	2.7328e-17	5.2721e-17
1.5885e+14	-7.0687e-18	7.3523e-17
1.5898e+14	-3.9498e-18	8.357e-17
1.5911e+14	3.2488e-17	6.7516e-17
1.5923e+14	5.2076e-17	4.8845e-17
1.5936e+14	2.8109e-17	5.5998e-17
1.5949e+14	-6.0238e-18	8.0836e-17
1.5962e+14	-3.4622e-18	8.8622e-17
1.5974e+14	3.1113e-17	6.6346e-17
1.5987e+14	4.8206e-17	4.1908e-17
1.6e+14	2.2585e-17	4.6664e-17
1.6013e+14	-1.1162e-17	7.2793e-17
1.6026e+14	-6.1365e-18	8.4589e-17
1.6038e+14	3.1777e-17	6.7992e-17
1.6051e+14	5.1398e-17	4.9481e-17
1.6064e+14	2.641e-17	5.8076e-17
1.6077e+14	-8.4079e-18	8.3742e-17
1.6089e+14	-4.9526e-18	9.0812e-17
1.6102e+14	3.206e-17	6.8216e-17
1.6115e+14	5.161e-17	4.6059e-17
1.6128e+14	2.6565e-17	5.4221e-17
1.6141e+14	-9.042e-18	7.9936e-17
1.6153e+14	-6.816e-18	8.4308e-17
1.6166e+14	2.9617e-17	5.654e-17
1.6179e+14	4.9863e-17	3.0973e-17
1.6192e+14	2.6067e-17	4.1595e-17
1.6204e+14	-9.1805e-18	7.498e-17
1.6217e+14	-8.1208e-18	8.6705e-17
1.623e+14	2.6579e-17	6.0582e-17
1.6243e+14	4.6175e-17	3.0898e-17
1.6256e+14	2.354e-17	3.6867e-17
1.6268e+14	-9.5461e-18	7.0159e-17
1.6281e+14	-6.6983e-18	8.6141e-17
1.6294e+14	2.8808e-17	6.3648e-17
1.6307e+14	4.8639e-17	3.2867e-17
1.6319e+14	2.6183e-17	3.4464e-17
1.6332e+14	-6.9501e-18	6.5678e-17
1.6345e+14	-4.9708e-18	8.5497e-17
1.6358e+14	2.8757e-17	7.021e-17
1.6371e+14	4.6713e-17	4.351e-17
1.6383e+14	2.3407e-17	4.201e-17
1.6396e+14	-9.0749e-18	6.5344e-17
1.6409e+14	-5.4508e-18	7.8993e-17
1.6422e+14	2.9861e-17	6.3773e-17
1.6435e+14	4.8451e-17	4.2233e-17
1.6447e+14	2.4569e-17	4.6007e-17
1.646e+14	-9.2299e-18	7.0756e-17
1.6473e+14	-6.7142e-18	8.1897e-17
1.6486e+14	2.8553e-17	6.293e-17
1.6498e+14	4.8233e-17	3.8816e-17
1.6511e+14	2.5648e-17	4.1757e-17
1.6524e+14	-7.8714e-18	6.6875e-17
1.6537e+14	-6.4425e-18	7.9175e-17
1.655e+14	2.7371e-17	6.1908e-17
1.6562e+14	4.672e-17	3.9179e-17
1.6575e+14	2.5424e-17	4.1783e-17
1.6588e+14	-6.2702e-18	6.4248e-17
1.6601e+14	-4.1773e-18	7.3036e-17
1.6613e+14	2.8431e-17	5.4337e-17
1.6626e+14	4.5602e-17	3.4353e-17
1.6639e+14	2.2757e-17	4.2984e-17
1.6652e+14	-8.9989e-18	7.0966e-17
1.6665e+14	-5.927e-18	8.0666e-17
1.6677e+14	2.7617e-17	5.7072e-17
1.669e+14	4.5028e-17	2.9317e-17
1.6703e+14	2.1916e-17	3.2514e-17
1.6716e+14	-1.0016e-17	6.1144e-17
1.6728e+14	-6.7024e-18	7.7094e-17
1.6741e+14	2.7309e-17	6.1069e-17
1.6754e+14	4.4994e-17	3.7441e-17
1.6767e+14	2.18e-17	3.9496e-17
1.678e+14	-1.029e-17	6.3553e-17
1.6792e+14	-6.7566e-18	7.4733e-17
1.6805e+14	2.795e-17	5.5608e-17
1.6818e+14	4.6278e-17	3.0362e-17
1.6831e+14	2.2871e-17	3.1582e-17
1.6843e+14	-1.0587e-17	5.5854e-17
1.6856e+14	-8.8838e-18	6.912e-17
1.6869e+14	2.4813e-17	5.3711e-17
1.6882e+14	4.3776e-17	3.2031e-17
1.6895e+14	2.2277e-17	3.4893e-17
1.6907e+14	-9.2464e-18	5.8933e-17
1.692e+14	-6.6709e-18	7.1724e-17
1.6933e+14	2.6644e-17	5.6605e-17
1.6946e+14	4.4503e-17	3.4865e-17
1.6958e+14	2.1782e-17	3.5339e-17
1.6971e+14	-1.0738e-17	5.4624e-17
1.6984e+14	-8.6796e-18	6.3157e-17
1.6997e+14	2.4902e-17	4.7657e-17
1.701e+14	4.3869e-17	2.9882e-17
1.7022e+14	2.2562e-17	3.5554e-17
1.7035e+14	-9.1292e-18	5.7592e-17
1.7048e+14	-7.2888e-18	6.5723e-17
1.7061e+14	2.5455e-17	4.9179e-17
1.7073e+14	4.3829e-17	3.2239e-17
1.7086e+14	2.2573e-17	4.0136e-17
1.7099e+14	-8.8256e-18	6.2865e-17
1.7112e+14	-7.0611e-18	6.8268e-17
1.7125e+14	2.5178e-17	4.713e-17
1.7137e+14	4.3135e-17	2.7244e-17
1.715e+14	2.1957e-17	3.5575e-17
1.7163e+14	-9.05e-18	6.0202e-17
1.7176e+14	-7.0971e-18	6.56e-17
1.7188e+14	2.4909e-17	4.1617e-17
1.7201e+14	4.2466e-17	1.8861e-17
1.7214e+14	2.1037e-17	2.806e-17
1.7227e+14	-1.0089e-17	5.7955e-17
1.724e+14	-8.3224e-18	6.9529e-17
1.7252e+14	2.3441e-17	4.8091e-17
1.7265e+14	4.0981e-17	2.2807e-17
1.7278e+14	1.9913e-17	2.7156e-17
1.7291e+14	-1.0739e-17	5.4031e-17
1.7304e+14	-8.831e-18	6.6258e-17
1.7316e+14	2.2619e-17	4.7605e-17
1.7329e+14	3.9729e-17	2.4455e-17
1.7342e+14	1.854e-17	2.8993e-17
1.7355e+14	-1.1825e-17	5.4922e-17
1.7367e+14	-9.438e-18	6.6384e-17
1.738e+14	2.2466e-17	4.7385e-17
1.7393e+14	3.9937e-17	2.3597e-17
1.7406e+14	1.8967e-17	2.6897e-17
1.7419e+14	-1.1441e-17	5.1767e-17
1.7431e+14	-9.3634e-18	6.3395e-17
1.7444e+14	2.2286e-17	4.5791e-17
1.7457e+14	4.0015e-17	2.3365e-17
1.747e+14	1.9899e-17	2.6601e-17
1.7482e+14	-9.6208e-18	4.9721e-17
1.7495e+14	-7.4389e-18	5.898e-17
1.7508e+14	2.3182e-17	3.989e-17
1.7521e+14	3.9246e-17	1.7796e-17
1.7534e+14	1.7842e-17	2.3139e-17
1.7546e+14	-1.176e-17	4.9269e-17
1.7559e+14	-8.3271e-18	6.1133e-17
1.7572e+14	2.4271e-17	4.3078e-17
1.7585e+14	4.2021e-17	2.0149e-17
1.7597e+14	2.108e-17	2.3735e-17
1.761e+14	-9.6223e-18	4.8837e-17
1.7623e+14	-8.3238e-18	6.1415e-17
1.7636e+14	2.2254e-17	4.5196e-17
1.7649e+14	3.9117e-17	2.3427e-17
1.7661e+14	1.8611e-17	2.6127e-17
1.7674e+14	-1.1015e-17	4.8589e-17
1.7687e+14	-8.8593e-18	5.8376e-17
1.77e+14	2.204e-17	4.067e-17
1.7712e+14	3.9008e-17	1.8984e-17
1.7725e+14	1.8804e-17	2.2737e-17
1.7738e+14	-1.0319e-17	4.6745e-17
1.7751e+14	-7.827e-18	5.8558e-17
1.7764e+14	2.2937e-17	4.3143e-17
1.7776e+14	3.9341e-17	2.2986e-17
1.7789e+14	1.8443e-17	2.6146e-17
1.7802e+14	-1.1182e-17	4.7071e-17
1.7815e+14	-8.7722e-18	5.4702e-17
1.7827e+14	2.2442e-17	3.6426e-17
1.784e+14	3.9728e-17	1.6439e-17
1.7853e+14	1.9717e-17	2.2546e-17
1.7866e+14	-9.6262e-18	4.7235e-17
1.7879e+14	-7.8773e-18	5.7269e-17
1.7891e+14	2.2033e-17	3.9145e-17
1.7904e+14	3.8154e-17	1.7879e-17
1.7917e+14	1.7798e-17	2.2948e-17
1.793e+14	-1.0978e-17	4.7918e-17
1.7942e+14	-8.2019e-18	5.9128e-17
1.7955e+14	2.2638e-17	4.1534e-17
1.7968e+14	3.9306e-17	1.8954e-17
1.7981e+14	1.912e-17	2.1297e-17
1.7994e+14	-9.7738e-18	4.4025e-17
1.8006e+14	-7.3986e-18	5.5167e-17
1.8019e+14	2.2687e-17	3.9472e-17
1.8032e+14	3.8241e-17	1.8705e-17
1.8045e+14	1.6812e-17	2.0843e-17
1.8058e+14	-1.2911e-17	4.1553e-17
1.807e+14	-1.0309e-17	5.1153e-17
1.8083e+14	2.1309e-17	3.6517e-17
1.8096e+14	3.911e-17	1.9098e-17
1.8109e+14	1.9371e-17	2.4183e-17
1.8121e+14	-1.0296e-17	4.4869e-17
1.8134e+14	-9.2134e-18	5.1546e-17
1.8147e+14	2.054e-17	3.3854e-17
1.816e+14	3.7516e-17	1.6174e-17
1.8173e+14	1.8332e-17	2.4159e-17
1.8185e+14	-1.0327e-17	4.8306e-17
1.8198e+14	-9.0182e-18	5.5663e-17
1.8211e+14	1.9818e-17	3.459e-17
1.8224e+14	3.5498e-17	1.1258e-17
1.8236e+14	1.575e-17	1.4756e-17
1.8249e+14	-1.2225e-17	3.8183e-17
1.8262e+14	-9.3224e-18	4.8791e-17
1.8275e+14	2.1257e-17	3.2989e-17
1.8288e+14	3.8202e-17	1.4328e-17
1.83e+14	1.8939e-17	2.0116e-17
1.8313e+14	-9.3765e-18	4.3171e-17
1.8326e+14	-7.5129e-18	5.1673e-17
1.8339e+14	2.1615e-17	3.3394e-17
1.8351e+14	3.708e-17	1.2954e-17
1.8364e+14	1.6678e-17	1.8053e-17
1.8377e+14	-1.2152e-17	4.1244e-17
1.839e+14	-1.002e-17	5.0124e-17
1.8403e+14	2.0096e-17	3.1989e-17
1.8415e+14	3.6843e-17	1.1394e-17
1.8428e+14	1.7334e-17	1.6412e-17
1.8441e+14	-1.1476e-17	4.0148e-17
1.8454e+14	-9.9913e-18	5.0523e-17
1.8466e+14	1.9619e-17	3.4596e-17
1.8479e+14	3.6672e-17	1.6083e-17
1.8492e+14	1.8087e-17	2.1952e-17
1.8505e+14	-1.0122e-17	4.4551e-17
1.8518e+14	-9.1464e-18	5.1924e-17
1.853e+14	1.9013e-17	3.2211e-17
1.8543e+14	3.4666e-17	1.061e-17
1.8556e+14	1.5667e-17	1.5113e-17
1.8569e+14	-1.1817e-17	3.811e-17
1.8581e+14	-9.5349e-18	4.6948e-17
1.8594e+14	1.9817e-17	2.9073e-17
1.8607e+14	3.6124e-17	9.5031e-18
1.862e+14	1.709e-17	1.6314e-17
1.8633e+14	-1.1076e-17	4.1587e-17
1.8645e+14	-9.8102e-18	5.1741e-17
1.8658e+14	1.8779e-17	3.3326e-17
1.8671e+14	3.5086e-17	1.1427e-17
1.8684e+14	1.6753e-17	1.5367e-17
1.8696e+14	-1.0669e-17	3.8771e-17
1.8709e+14	-9.2596e-18	4.8733e-17
1.8722e+14	1.8904e-17	3.1255e-17
1.8735e+14	3.4864e-17	1.0377e-17
1.8748e+14	1.6782e-17	1.481e-17
1.876e+14	-9.9957e-18	3.8242e-17
1.8773e+14	-8.2587e-18	4.8023e-17
1.8786e+14	1.9481e-17	3.0216e-17
1.8799e+14	3.4564e-17	8.8824e-18
1.8812e+14	1.5842e-17	1.3065e-17
1.8824e+14	-1.0947e-17	3.6945e-17
1.8837e+14	-8.7715e-18	4.7957e-17
1.885e+14	1.9445e-17	3.1565e-17
1.8863e+14	3.4846e-17	1.1082e-17
1.8875e+14	1.6357e-17	1.5398e-17
1.8888e+14	-1.0229e-17	3.9185e-17
1.8901e+14	-8.0062e-18	5.0238e-17
1.8914e+14	1.996e-17	3.3624e-17
1.8927e+14	3.4898e-17	1.1897e-17
1.8939e+14	1.6001e-17	1.3919e-17
1.8952e+14	-1.0782e-17	3.5503e-17
1.8965e+14	-8.6733e-18	4.5871e-17
1.8978e+14	1.9032e-17	3.0433e-17
1.899e+14	3.3585e-17	1.0638e-17
1.9003e+14	1.4563e-17	1.3871e-17
1.9016e+14	-1.1669e-17	3.5489e-17
1.9029e+14	-8.3723e-18	4.5529e-17
1.9042e+14	2.0498e-17	3.0451e-17
1.9054e+14	3.5341e-17	1.1863e-17
1.9067e+14	1.5419e-17	1.6353e-17
1.908e+14	-1.229e-17	3.8377e-17
1.9093e+14	-9.9169e-18	4.7703e-17
1.9105e+14	1.9297e-17	3.1099e-17
1.9118e+14	3.5382e-17	1.06e-17
1.9131e+14	1.6464e-17	1.3199e-17
1.9144e+14	-1.1322e-17	3.3966e-17
1.9157e+14	-9.8415e-18	4.3446e-17
1.9169e+14	1.8755e-17	2.869e-17
1.9182e+14	3.5294e-17	1.0846e-17
1.9195e+14	1.7574e-17	1.5106e-17
1.9208e+14	-9.4089e-18	3.5157e-17
1.922e+14	-8.3592e-18	4.1877e-17
1.9233e+14	1.8798e-17	2.4312e-17
1.9246e+14	3.3872e-17	5.7147e-18
1.9259e+14	1.5457e-17	1.176e-17
1.9272e+14	-1.1377e-17	3.4662e-17
1.9284e+14	-9.7245e-18	4.3247e-17
1.9297e+14	1.8205e-17	2.5713e-17
1.931e+14	3.4177e-17	6.204e-18
1.9323e+14	1.6674e-17	1.1936e-17
1.9335e+14	-9.6272e-18	3.5761e-17
1.9348e+14	-8.207e-18	4.5784e-17
1.9361e+14	1.8794e-17	2.9064e-17
1.9374e+14	3.3723e-17	9.3767e-18
1.9387e+14	1.5697e-17	1.4446e-17
1.9399e+14	-1.0414e-17	3.7574e-17
1.9412e+14	-8.3989e-18	4.6548e-17
1.9425e+14	1.9121e-17	2.7844e-17
1.9438e+14	3.4196e-17	5.5507e-18
1.945e+14	1.5933e-17	8.8759e-18
1.9463e+14	-1.059e-17	3.2534e-17
1.9476e+14	-8.8705e-18	4.4076e-17
1.9489e+14	1.8691e-17	2.803e-17
1.9502e+14	3.4112e-17	6.5926e-18
1.9514e+14	1.6184e-17	8.9737e-18
1.9527e+14	-1.0381e-17	3.1673e-17
1.954e+14	-9.121e-18	4.3792e-17
1.9553e+14	1.7935e-17	2.9402e-17
1.9565e+14	3.3261e-17	8.6712e-18
1.9578e+14	1.575e-17	9.4354e-18
1.9591e+14	-1.0198e-17	2.9123e-17
1.9604e+14	-8.4843e-18	3.9345e-17
1.9617e+14	1.8808e-17	2.5912e-17
1.9629e+14	3.4317e-17	8.3434e-18
1.9642e+14	1.6948e-17	1.2093e-17
1.9655e+14	-9.1843e-18	3.2583e-17
1.9668e+14	-8.2425e-18	4.1281e-17
1.9681e+14	1.7871e-17	2.5401e-17
1.9693e+14	3.2433e-17	5.9571e-18
1.9706e+14	1.4978e-17	8.945e-18
1.9719e+14	-1.0263e-17	2.9499e-17
1.9732e+14	-7.9396e-18	3.8747e-17
1.9744e+14	1.9288e-17	2.3925e-17
1.9757e+14	3.4118e-17	6.1274e-18
1.977e+14	1.5969e-17	1.0918e-17
1.9783e+14	-1.0554e-17	3.2443e-17
1.9796e+14	-9.4317e-18	4.0986e-17
1.9808e+14	1.7281e-17	2.4e-17
1.9821e+14	3.2454e-17	4.0481e-18
1.9834e+14	1.5147e-17	8.4515e-18
1.9847e+14	-1.0617e-17	3.1889e-17
1.9859e+14	-9.1616e-18	4.3243e-17
1.9872e+14	1.7552e-17	2.7598e-17
1.9885e+14	3.2708e-17	6.1978e-18
1.9898e+14	1.5538e-17	7.365e-18
1.9911e+14	-1.0003e-17	2.8302e-17
1.9923e+14	-8.3803e-18	3.9695e-17
1.9936e+14	1.8378e-17	2.6136e-17
1.9949e+14	3.3402e-17	6.6981e-18
1.9962e+14	1.5818e-17	8.0118e-18
1.9974e+14	-1.0434e-17	2.7606e-17
1.9987e+14	-9.5356e-18	3.7994e-17
2e+14	1.6975e-17	2.5213e-17
