#Error on normalization	O = 0.770 %	H = 3.236 %
#Frequence (s-1)	S_O (s)	S_H (s)
0	-6.9713e-17	-5.1846e-17
9.1033e+10	-7.3339e-18	-1.2847e-17
1.8207e+11	7.297e-17	4.9382e-17
2.731e+11	2.7237e-17	4.7431e-17
3.6413e+11	-8.0141e-17	-1.5996e-17
4.5517e+11	-6.5889e-17	-5.1782e-17
5.462e+11	7.2424e-17	-9.3699e-18
6.3723e+11	1.2636e-16	5.239e-17
7.2827e+11	-3.6989e-18	4.7895e-17
8.193e+11	-1.2518e-16	-1.523e-17
9.1033e+11	-2.6493e-17	-4.7317e-17
1.0014e+12	1.7627e-16	-3.0284e-18
1.0924e+12	1.7244e-16	5.506e-17
1.1834e+12	-7.3003e-17	4.5092e-17
1.2745e+12	-2.1436e-16	-1.8319e-17
1.3655e+12	-8.2971e-18	-4.4693e-17
1.4565e+12	2.8868e-16	4.3249e-18
1.5476e+12	2.44e-16	6.0571e-17
1.6386e+12	-1.0514e-16	4.5885e-17
1.7296e+12	-2.3949e-16	-1.6886e-17
1.8207e+12	1.1024e-16	-3.6231e-17
1.9117e+12	5.0708e-16	1.7454e-17
2.0027e+12	3.6749e-16	6.8725e-17
2.0938e+12	-1.7122e-16	4.4178e-17
2.1848e+12	-3.5146e-16	-2.1646e-17
2.2758e+12	1.5277e-16	-3.3644e-17
2.3669e+12	6.8862e-16	2.8475e-17
2.4579e+12	4.7367e-16	7.9775e-17
2.5489e+12	-2.4761e-16	5.0325e-17
2.64e+12	-4.3636e-16	-1.4395e-17
2.731e+12	2.8178e-16	-1.8316e-17
2.822e+12	9.5827e-16	4.605e-17
2.9131e+12	5.6757e-16	8.5572e-17
3.0041e+12	-4.4743e-16	4.2807e-17
3.0951e+12	-6.1958e-16	-1.6199e-17
3.1862e+12	4.7632e-16	3.9341e-18
3.2772e+12	1.4102e-15	8.3608e-17
3.3682e+12	7.8138e-16	1.0974e-16
3.4593e+12	-6.0199e-16	4.3587e-17
3.5503e+12	-5.3386e-16	-1.0303e-17
3.6413e+12	1.439e-15	4.7573e-17
3.7324e+12	2.8909e-15	1.5143e-16
3.8234e+12	1.6334e-15	1.5106e-16
3.9144e+12	-7.0653e-16	4.6713e-17
4.0055e+12	-1.0275e-16	2.7685e-17
4.0965e+12	4.1707e-15	2.0123e-16
4.1875e+12	7.0512e-15	3.704e-16
4.2786e+12	3.4931e-15	2.5045e-16
4.3696e+12	-2.886e-15	-5.0095e-17
4.4606e+12	3.0965e-16	7.5309e-17
4.5517e+12	2.244e-14	1.1516e-15
4.6427e+12	5.7184e-14	2.9015e-15
4.7337e+12	8.3888e-14	4.2559e-15
4.8248e+12	8.4227e-14	4.2429e-15
4.9158e+12	5.8535e-14	2.895e-15
5.0068e+12	2.5243e-14	1.2113e-15
5.0979e+12	4.0663e-15	2.1377e-16
5.1889e+12	1.4472e-16	9.7422e-17
5.2799e+12	4.1123e-15	3.0837e-16
5.371e+12	5.2481e-15	3.1021e-16
5.462e+12	1.9884e-15	1.0752e-16
5.553e+12	-2.5888e-16	2.5818e-17
5.6441e+12	1.6464e-15	1.7933e-16
5.7351e+12	4.6489e-15	3.3724e-16
5.8261e+12	4.5238e-15	2.8143e-16
5.9172e+12	1.8054e-15	1.0803e-16
6.0082e+12	5.3713e-16	6.7203e-17
6.0992e+12	2.1312e-15	1.9546e-16
6.1903e+12	3.1897e-15	2.6466e-16
6.2813e+12	5.6417e-16	1.2021e-16
6.3723e+12	-3.0344e-15	-5.6325e-17
6.4634e+12	-7.3547e-16	7.0697e-17
6.5544e+12	1.0774e-14	5.8082e-16
6.6454e+12	2.6577e-14	1.1731e-15
6.7365e+12	3.757e-14	1.4763e-15
6.8275e+12	3.8718e-14	1.4083e-15
6.9185e+12	3.2509e-14	1.1746e-15
7.0096e+12	2.4765e-14	9.7314e-16
7.1006e+12	1.8649e-14	8.0484e-16
7.1916e+12	1.3513e-14	5.8818e-16
7.2827e+12	8.3653e-15	3.5532e-16
7.3737e+12	4.3663e-15	2.3774e-16
7.4647e+12	3.2107e-15	2.7814e-16
7.5558e+12	4.2703e-15	3.5261e-16
7.6468e+12	4.849e-15	3.2264e-16
7.7378e+12	3.3625e-15	2.1059e-16
7.8289e+12	1.1915e-15	1.5974e-16
7.9199e+12	7.5021e-16	2.3538e-16
8.0109e+12	2.33e-15	3.3629e-16
8.102e+12	3.8085e-15	3.318e-16
8.193e+12	3.4773e-15	2.3687e-16
8.284e+12	2.2021e-15	1.9206e-16
8.3751e+12	2.1165e-15	2.7739e-16
8.4661e+12	3.6451e-15	4.0452e-16
8.5571e+12	4.8306e-15	4.2513e-16
8.6482e+12	3.9399e-15	3.17e-16
8.7392e+12	2.0165e-15	2.1796e-16
8.8302e+12	1.9399e-15	2.6976e-16
8.9213e+12	4.8628e-15	4.5606e-16
9.0123e+12	8.3627e-15	6.1533e-16
9.1033e+12	8.9521e-15	6.1338e-16
9.1944e+12	6.5349e-15	5.0404e-16
9.2854e+12	5.7434e-15	5.2653e-16
9.3764e+12	1.2003e-14	9.2589e-16
9.4675e+12	2.5732e-14	1.7194e-15
9.5585e+12	4.0482e-14	2.5936e-15
9.6495e+12	4.742e-14	3.0624e-15
9.7406e+12	4.2556e-14	2.8252e-15
9.8316e+12	3.0225e-14	2.0488e-15
9.9226e+12	1.9529e-14	1.2831e-15
1.0014e+13	1.6799e-14	1.019e-15
1.0105e+13	2.0836e-14	1.2722e-15
1.0196e+13	2.5171e-14	1.6113e-15
1.0287e+13	2.5064e-14	1.6254e-15
1.0378e+13	2.2516e-14	1.3651e-15
1.0469e+13	2.4526e-14	1.2989e-15
1.056e+13	3.6332e-14	1.837e-15
1.0651e+13	5.6195e-14	2.9237e-15
1.0742e+13	7.6682e-14	4.1007e-15
1.0833e+13	9.0985e-14	4.9272e-15
1.0924e+13	9.8052e-14	5.2966e-15
1.1015e+13	1.017e-13	5.3751e-15
1.1106e+13	1.0506e-13	5.3171e-15
1.1197e+13	1.0631e-13	5.1043e-15
1.1288e+13	1.0023e-13	4.6372e-15
1.1379e+13	8.4246e-14	3.9249e-15
1.147e+13	6.3018e-14	3.1611e-15
1.1561e+13	4.6593e-14	2.6378e-15
1.1652e+13	4.3153e-14	2.5796e-15
1.1743e+13	5.2597e-14	3.0015e-15
1.1834e+13	6.6773e-14	3.667e-15
1.1925e+13	7.6281e-14	4.2056e-15
1.2016e+13	7.7602e-14	4.3522e-15
1.2107e+13	7.4063e-14	4.1254e-15
1.2198e+13	7.0261e-14	3.7519e-15
1.2289e+13	6.6356e-14	3.3933e-15
1.2381e+13	5.8714e-14	2.9873e-15
1.2472e+13	4.6208e-14	2.42e-15
1.2563e+13	3.4538e-14	1.8294e-15
1.2654e+13	3.2308e-14	1.6029e-15
1.2745e+13	4.1852e-14	1.9665e-15
1.2836e+13	5.4811e-14	2.6142e-15
1.2927e+13	5.8595e-14	2.895e-15
1.3018e+13	4.8196e-14	2.4563e-15
1.3109e+13	3.117e-14	1.6407e-15
1.32e+13	2.0125e-14	1.1389e-15
1.3291e+13	2.0428e-14	1.2518e-15
1.3382e+13	2.6146e-14	1.6041e-15
1.3473e+13	2.8148e-14	1.6442e-15
1.3564e+13	2.4786e-14	1.3242e-15
1.3655e+13	2.2986e-14	1.138e-15
1.3746e+13	2.8861e-14	1.4732e-15
1.3837e+13	3.9138e-14	2.0782e-15
1.3928e+13	4.3632e-14	2.3081e-15
1.4019e+13	3.6227e-14	1.8683e-15
1.411e+13	2.2023e-14	1.174e-15
1.4201e+13	1.2705e-14	9.1073e-16
1.4292e+13	1.5252e-14	1.3192e-15
1.4383e+13	2.5899e-14	2.0037e-15
1.4474e+13	3.4846e-14	2.405e-15
1.4565e+13	3.5685e-14	2.3341e-15
1.4656e+13	2.9803e-14	2.0098e-15
1.4747e+13	2.2832e-14	1.6999e-15
1.4838e+13	1.8634e-14	1.4742e-15
1.4929e+13	1.7138e-14	1.2966e-15
1.502e+13	1.6599e-14	1.2013e-15
1.5112e+13	1.6297e-14	1.2669e-15
1.5203e+13	1.6817e-14	1.4667e-15
1.5294e+13	1.8817e-14	1.6694e-15
1.5385e+13	2.2309e-14	1.8096e-15
1.5476e+13	2.6751e-14	1.9652e-15
1.5567e+13	3.1033e-14	2.1988e-15
1.5658e+13	3.3442e-14	2.3853e-15
1.5749e+13	3.2647e-14	2.3138e-15
1.584e+13	2.9376e-14	1.9794e-15
1.5931e+13	2.6653e-14	1.6749e-15
1.6022e+13	2.7334e-14	1.703e-15
1.6113e+13	3.0987e-14	2.0228e-15
1.6204e+13	3.3752e-14	2.2695e-15
1.6295e+13	3.1961e-14	2.1518e-15
1.6386e+13	2.6049e-14	1.7725e-15
1.6477e+13	2.052e-14	1.5078e-15
1.6568e+13	1.9804e-14	1.6004e-15
1.6659e+13	2.4122e-14	1.9282e-15
1.675e+13	2.9299e-14	2.1624e-15
1.6841e+13	3.0448e-14	2.0839e-15
1.6932e+13	2.5922e-14	1.7249e-15
1.7023e+13	1.8336e-14	1.278e-15
1.7114e+13	1.2392e-14	9.5355e-16
1.7205e+13	1.1526e-14	9.005e-16
1.7296e+13	1.5651e-14	1.1454e-15
1.7387e+13	2.1296e-14	1.5309e-15
1.7478e+13	2.4105e-14	1.7675e-15
1.7569e+13	2.2138e-14	1.6567e-15
1.766e+13	1.739e-14	1.2991e-15
1.7751e+13	1.392e-14	1.0223e-15
1.7843e+13	1.4037e-14	1.0514e-15
1.7934e+13	1.628e-14	1.2777e-15
1.8025e+13	1.7373e-14	1.4046e-15
1.8116e+13	1.6042e-14	1.3011e-15
1.8207e+13	1.4284e-14	1.135e-15
1.8298e+13	1.4615e-14	1.1309e-15
1.8389e+13	1.6687e-14	1.2756e-15
1.848e+13	1.7615e-14	1.3524e-15
1.8571e+13	1.5763e-14	1.2484e-15
1.8662e+13	1.3238e-14	1.1199e-15
1.8753e+13	1.3637e-14	1.1897e-15
1.8844e+13	1.7526e-14	1.4416e-15
1.8935e+13	2.1294e-14	1.6188e-15
1.9026e+13	2.1188e-14	1.5384e-15
1.9117e+13	1.7911e-14	1.3216e-15
1.9208e+13	1.6161e-14	1.2466e-15
1.9299e+13	1.9432e-14	1.4188e-15
1.939e+13	2.6229e-14	1.6724e-15
1.9481e+13	3.2304e-14	1.8156e-15
1.9572e+13	3.6245e-14	1.8907e-15
1.9663e+13	4.1536e-14	2.1242e-15
1.9754e+13	5.2201e-14	2.637e-15
1.9845e+13	6.6832e-14	3.2708e-15
1.9936e+13	7.8103e-14	3.7184e-15
2.0027e+13	7.8947e-14	3.7875e-15
2.0118e+13	6.9251e-14	3.5229e-15
2.0209e+13	5.6166e-14	3.1216e-15
2.03e+13	4.7774e-14	2.7842e-15
2.0391e+13	4.6394e-14	2.6203e-15
2.0482e+13	4.7708e-14	2.6103e-15
2.0574e+13	4.5824e-14	2.6149e-15
2.0665e+13	3.8958e-14	2.475e-15
2.0756e+13	3.0572e-14	2.1747e-15
2.0847e+13	2.5601e-14	1.899e-15
2.0938e+13	2.5772e-14	1.862e-15
2.1029e+13	2.8315e-14	2.0471e-15
2.112e+13	2.893e-14	2.1773e-15
2.1211e+13	2.6043e-14	2.0102e-15
2.1302e+13	2.2362e-14	1.6446e-15
2.1393e+13	2.2212e-14	1.4573e-15
2.1484e+13	2.7108e-14	1.6969e-15
2.1575e+13	3.3818e-14	2.1939e-15
2.1666e+13	3.7016e-14	2.529e-15
2.1757e+13	3.4178e-14	2.4701e-15
2.1848e+13	2.7975e-14	2.179e-15
2.1939e+13	2.3758e-14	1.9801e-15
2.203e+13	2.4582e-14	2.0052e-15
2.2121e+13	2.8679e-14	2.1245e-15
2.2212e+13	3.1647e-14	2.1767e-15
2.2303e+13	3.0763e-14	2.1569e-15
2.2394e+13	2.7002e-14	2.1477e-15
2.2485e+13	2.3236e-14	2.1544e-15
2.2576e+13	2.1156e-14	2.1027e-15
2.2667e+13	2.0264e-14	1.9836e-15
2.2758e+13	1.9358e-14	1.903e-15
2.2849e+13	1.8223e-14	1.9522e-15
2.294e+13	1.7618e-14	2.0867e-15
2.3031e+13	1.812e-14	2.1982e-15
2.3122e+13	1.953e-14	2.2651e-15
2.3213e+13	2.1324e-14	2.3482e-15
2.3305e+13	2.3167e-14	2.4341e-15
2.3396e+13	2.4765e-14	2.3904e-15
2.3487e+13	2.5667e-14	2.1594e-15
2.3578e+13	2.5734e-14	1.9382e-15
2.3669e+13	2.5699e-14	2.0317e-15
2.376e+13	2.6618e-14	2.4808e-15
2.3851e+13	2.8456e-14	2.9291e-15
2.3942e+13	2.9689e-14	2.9678e-15
2.4033e+13	2.9009e-14	2.5979e-15
2.4124e+13	2.7448e-14	2.2567e-15
2.4215e+13	2.8007e-14	2.3498e-15
2.4306e+13	3.2477e-14	2.8317e-15
2.4397e+13	3.8832e-14	3.3087e-15
2.4488e+13	4.2674e-14	3.5015e-15
2.4579e+13	4.1761e-14	3.4924e-15
2.467e+13	3.8651e-14	3.5119e-15
2.4761e+13	3.8104e-14	3.6091e-15
2.4852e+13	4.1789e-14	3.6434e-15
2.4943e+13	4.6335e-14	3.5465e-15
2.5034e+13	4.7177e-14	3.447e-15
2.5125e+13	4.3835e-14	3.4808e-15
2.5216e+13	4.0312e-14	3.576e-15
2.5307e+13	3.9959e-14	3.5361e-15
2.5398e+13	4.107e-14	3.3122e-15
2.5489e+13	3.9044e-14	3.0853e-15
2.558e+13	3.3019e-14	3.051e-15
2.5671e+13	2.8775e-14	3.2091e-15
2.5762e+13	3.3259e-14	3.43e-15
2.5853e+13	4.6155e-14	3.6538e-15
2.5944e+13	5.8581e-14	3.908e-15
2.6036e+13	6.1795e-14	4.1467e-15
2.6127e+13	5.6961e-14	4.2302e-15
2.6218e+13	5.4542e-14	4.1541e-15
2.6309e+13	6.278e-14	4.1838e-15
2.64e+13	7.7527e-14	4.5774e-15
2.6491e+13	8.5369e-14	5.1666e-15
2.6582e+13	7.7647e-14	5.4069e-15
2.6673e+13	6.034e-14	4.99e-15
2.6764e+13	4.8475e-14	4.31e-15
2.6855e+13	5.0656e-14	4.1037e-15
2.6946e+13	6.0557e-14	4.5865e-15
2.7037e+13	6.4739e-14	5.1424e-15
2.7128e+13	5.7925e-14	5.0486e-15
2.7219e+13	4.8546e-14	4.4123e-15
2.731e+13	4.8523e-14	4.1278e-15
2.7401e+13	5.9265e-14	4.8126e-15
2.7492e+13	7.0048e-14	5.9968e-15
2.7583e+13	7.052e-14	6.6073e-15
2.7674e+13	6.2796e-14	6.2179e-15
2.7765e+13	5.921e-14	5.5525e-15
2.7856e+13	6.8287e-14	5.6079e-15
2.7947e+13	8.4834e-14	6.4576e-15
2.8038e+13	9.5027e-14	7.1909e-15
2.8129e+13	9.0496e-14	7.0375e-15
2.822e+13	7.6014e-14	6.2745e-15
2.8311e+13	6.3491e-14	5.8274e-15
2.8402e+13	6.0121e-14	6.1217e-15
2.8493e+13	6.3421e-14	6.6438e-15
2.8584e+13	6.654e-14	6.7166e-15
2.8675e+13	6.5904e-14	6.4436e-15
2.8766e+13	6.2783e-14	6.5946e-15
2.8858e+13	5.9247e-14	7.5787e-15
2.8949e+13	5.5171e-14	8.8181e-15
2.904e+13	4.9751e-14	9.3327e-15
2.9131e+13	4.4124e-14	8.8444e-15
2.9222e+13	4.0614e-14	8.0821e-15
2.9313e+13	3.9528e-14	7.9463e-15
2.9404e+13	3.8299e-14	8.5425e-15
2.9495e+13	3.4664e-14	9.1868e-15
2.9586e+13	2.989e-14	9.3015e-15
2.9677e+13	2.7593e-14	9.104e-15
2.9768e+13	2.9307e-14	9.3003e-15
2.9859e+13	3.2281e-14	1.0177e-14
2.995e+13	3.2339e-14	1.1164e-14
3.0041e+13	2.8442e-14	1.1411e-14
3.0132e+13	2.3574e-14	1.0811e-14
3.0223e+13	2.1163e-14	1.039e-14
3.0314e+13	2.1486e-14	1.154e-14
3.0405e+13	2.202e-14	1.4721e-14
3.0496e+13	2.0726e-14	1.8835e-14
3.0587e+13	1.8093e-14	2.1971e-14
3.0678e+13	1.5989e-14	2.2945e-14
3.0769e+13	1.5393e-14	2.2226e-14
3.086e+13	1.5783e-14	2.134e-14
3.0951e+13	1.6251e-14	2.1342e-14
3.1042e+13	1.6356e-14	2.1947e-14
3.1133e+13	1.5874e-14	2.2202e-14
3.1224e+13	1.4539e-14	2.1843e-14
3.1315e+13	1.262e-14	2.165e-14
3.1406e+13	1.1317e-14	2.234e-14
3.1497e+13	1.1704e-14	2.3412e-14
3.1589e+13	1.3153e-14	2.3574e-14
3.168e+13	1.3489e-14	2.2419e-14
3.1771e+13	1.1325e-14	2.1249e-14
3.1862e+13	7.9677e-15	2.1697e-14
3.1953e+13	6.2964e-15	2.3561e-14
3.2044e+13	7.6148e-15	2.4567e-14
3.2135e+13	1.0137e-14	2.2781e-14
3.2226e+13	1.1003e-14	1.9149e-14
3.2317e+13	9.4516e-15	1.7087e-14
3.2408e+13	7.3764e-15	1.9185e-14
3.2499e+13	6.8016e-15	2.4456e-14
3.259e+13	7.5447e-15	2.9114e-14
3.2681e+13	7.8697e-15	3.0122e-14
3.2772e+13	6.987e-15	2.7788e-14
3.2863e+13	6.0257e-15	2.4957e-14
3.2954e+13	6.3295e-15	2.4052e-14
3.3045e+13	7.51e-15	2.5208e-14
3.3136e+13	7.8971e-15	2.6994e-14
3.3227e+13	6.7499e-15	2.8278e-14
3.3318e+13	5.2683e-15	2.9074e-14
3.3409e+13	5.0932e-15	2.993e-14
3.35e+13	6.2843e-15	3.1114e-14
3.3591e+13	7.3525e-15	3.2534e-14
3.3682e+13	7.1618e-15	3.4065e-14
3.3773e+13	6.1743e-15	3.5605e-14
3.3864e+13	5.5805e-15	3.6962e-14
3.3955e+13	5.7031e-15	3.7991e-14
3.4046e+13	5.8279e-15	3.8836e-14
3.4137e+13	5.4815e-15	3.9702e-14
3.4228e+13	5.2066e-15	4.0311e-14
3.432e+13	5.7425e-15	3.9999e-14
3.4411e+13	6.8421e-15	3.876e-14
3.4502e+13	7.469e-15	3.7983e-14
3.4593e+13	7.1515e-15	3.9459e-14
3.4684e+13	6.6181e-15	4.3319e-14
3.4775e+13	6.8092e-15	4.7354e-14
3.4866e+13	7.5974e-15	4.9012e-14
3.4957e+13	7.9526e-15	4.8068e-14
3.5048e+13	7.3268e-15	4.6787e-14
3.5139e+13	6.3926e-15	4.7193e-14
3.523e+13	6.174e-15	4.8704e-14
3.5321e+13	6.7663e-15	4.9118e-14
3.5412e+13	7.3235e-15	4.769e-14
3.5503e+13	7.2116e-15	4.6213e-14
3.5594e+13	6.7091e-15	4.6464e-14
3.5685e+13	6.4013e-15	4.7299e-14
3.5776e+13	6.2871e-15	4.5612e-14
3.5867e+13	5.9307e-15	4.0533e-14
3.5958e+13	5.3593e-15	3.5621e-14
3.6049e+13	5.2472e-15	3.561e-14
3.614e+13	5.9516e-15	4.0897e-14
3.6231e+13	6.7499e-15	4.633e-14
3.6322e+13	6.5442e-15	4.6251e-14
3.6413e+13	5.2992e-15	4.0431e-14
3.6504e+13	4.2916e-15	3.4232e-14
3.6595e+13	4.6648e-15	3.2927e-14
3.6686e+13	6.0404e-15	3.6679e-14
3.6777e+13	6.9859e-15	4.1508e-14
3.6868e+13	6.7851e-15	4.4278e-14
3.6959e+13	6.2509e-15	4.5443e-14
3.7051e+13	6.5496e-15	4.6784e-14
3.7142e+13	7.5901e-15	4.7902e-14
3.7233e+13	8.0877e-15	4.6351e-14
3.7324e+13	7.2098e-15	4.1153e-14
3.7415e+13	5.6601e-15	3.484e-14
3.7506e+13	4.8334e-15	3.1169e-14
3.7597e+13	5.1848e-15	3.1286e-14
3.7688e+13	5.8928e-15	3.3032e-14
3.7779e+13	6.0929e-15	3.3959e-14
3.787e+13	5.925e-15	3.3969e-14
3.7961e+13	6.0446e-15	3.4403e-14
3.8052e+13	6.4398e-15	3.5284e-14
3.8143e+13	6.3206e-15	3.4767e-14
3.8234e+13	5.2826e-15	3.1609e-14
3.8325e+13	4.0961e-15	2.7252e-14
3.8416e+13	3.9022e-15	2.4497e-14
3.8507e+13	4.7718e-15	2.4336e-14
3.8598e+13	5.5271e-15	2.4986e-14
3.8689e+13	5.1403e-15	2.435e-14
3.878e+13	3.9656e-15	2.2696e-14
3.8871e+13	3.2646e-15	2.2143e-14
3.8962e+13	3.6663e-15	2.3754e-14
3.9053e+13	4.5053e-15	2.6097e-14
3.9144e+13	4.7722e-15	2.7053e-14
3.9235e+13	4.3471e-15	2.638e-14
3.9326e+13	3.9626e-15	2.5708e-14
3.9417e+13	4.1091e-15	2.6173e-14
3.9508e+13	4.423e-15	2.6974e-14
3.9599e+13	4.3019e-15	2.6722e-14
3.969e+13	3.7887e-15	2.5551e-14
3.9782e+13	3.4854e-15	2.4991e-14
3.9873e+13	3.6751e-15	2.5755e-14
3.9964e+13	3.9219e-15	2.6543e-14
4.0055e+13	3.7062e-15	2.5674e-14
4.0146e+13	3.1881e-15	2.3481e-14
4.0237e+13	3.0182e-15	2.2228e-14
4.0328e+13	3.4433e-15	2.3442e-14
4.0419e+13	3.9335e-15	2.5986e-14
4.051e+13	3.8486e-15	2.7311e-14
4.0601e+13	3.2564e-15	2.6335e-14
4.0692e+13	2.8223e-15	2.4425e-14
4.0783e+13	2.9496e-15	2.349e-14
4.0874e+13	3.3201e-15	2.3858e-14
4.0965e+13	3.3987e-15	2.4553e-14
4.1056e+13	3.1597e-15	2.5193e-14
4.1147e+13	3.0528e-15	2.6571e-14
4.1238e+13	3.3107e-15	2.9007e-14
4.1329e+13	3.5926e-15	3.0907e-14
4.142e+13	3.4531e-15	3.001e-14
4.1511e+13	2.9772e-15	2.6212e-14
4.1602e+13	2.7034e-15	2.2417e-14
4.1693e+13	2.9399e-15	2.1876e-14
4.1784e+13	3.3843e-15	2.4773e-14
4.1875e+13	3.5232e-15	2.7943e-14
4.1966e+13	3.2486e-15	2.8148e-14
4.2057e+13	2.9028e-15	2.529e-14
4.2148e+13	2.7784e-15	2.2154e-14
4.2239e+13	2.7966e-15	2.1267e-14
4.233e+13	2.7421e-15	2.2503e-14
4.2421e+13	2.6264e-15	2.3766e-14
4.2513e+13	2.6325e-15	2.3472e-14
4.2604e+13	2.769e-15	2.1905e-14
4.2695e+13	2.8003e-15	2.0345e-14
4.2786e+13	2.5896e-15	1.95e-14
4.2877e+13	2.3416e-15	1.9104e-14
4.2968e+13	2.3479e-15	1.8717e-14
4.3059e+13	2.5673e-15	1.8385e-14
4.315e+13	2.659e-15	1.8383e-14
4.3241e+13	2.4615e-15	1.8647e-14
4.3332e+13	2.2514e-15	1.8813e-14
4.3423e+13	2.3791e-15	1.8759e-14
4.3514e+13	2.752e-15	1.885e-14
4.3605e+13	2.8986e-15	1.9463e-14
4.3696e+13	2.583e-15	2.0427e-14
4.3787e+13	2.1587e-15	2.1123e-14
4.3878e+13	2.1547e-15	2.1184e-14
4.3969e+13	2.6027e-15	2.0987e-14
4.406e+13	2.9828e-15	2.1286e-14
4.4151e+13	2.8671e-15	2.2339e-14
4.4242e+13	2.4281e-15	2.3473e-14
4.4333e+13	2.1701e-15	2.3635e-14
4.4424e+13	2.2741e-15	2.2501e-14
4.4515e+13	2.4288e-15	2.0991e-14
4.4606e+13	2.3319e-15	2.0558e-14
4.4697e+13	2.1347e-15	2.1805e-14
4.4788e+13	2.2179e-15	2.3817e-14
4.4879e+13	2.6248e-15	2.502e-14
4.497e+13	2.9533e-15	2.4781e-14
4.5061e+13	2.8691e-15	2.4044e-14
4.5152e+13	2.5426e-15	2.4237e-14
4.5244e+13	2.4168e-15	2.5618e-14
4.5335e+13	2.6263e-15	2.7029e-14
4.5426e+13	2.8498e-15	2.7396e-14
4.5517e+13	2.771e-15	2.715e-14
4.5608e+13	2.4966e-15	2.7671e-14
4.5699e+13	2.3685e-15	2.924e-14
4.579e+13	2.4652e-15	3.011e-14
4.5881e+13	2.511e-15	2.8225e-14
4.5972e+13	2.3167e-15	2.3893e-14
4.6063e+13	2.1066e-15	2.0182e-14
4.6154e+13	2.233e-15	2.0161e-14
4.6245e+13	2.6483e-15	2.3808e-14
4.6336e+13	2.8869e-15	2.8027e-14
4.6427e+13	2.6392e-15	2.9774e-14
4.6518e+13	2.1781e-15	2.8829e-14
4.6609e+13	2.0522e-15	2.7321e-14
4.67e+13	2.4133e-15	2.6952e-14
4.6791e+13	2.8341e-15	2.7347e-14
4.6882e+13	2.8405e-15	2.7174e-14
4.6973e+13	2.4691e-15	2.6197e-14
4.7064e+13	2.1623e-15	2.5552e-14
4.7155e+13	2.1915e-15	2.6145e-14
4.7246e+13	2.3742e-15	2.7506e-14
4.7337e+13	2.3955e-15	2.8547e-14
4.7428e+13	2.2391e-15	2.9015e-14
4.7519e+13	2.1503e-15	2.9558e-14
4.761e+13	2.2491e-15	3.0475e-14
4.7701e+13	2.3735e-15	3.1104e-14
4.7792e+13	2.3539e-15	3.0874e-14
4.7883e+13	2.2841e-15	3.0489e-14
4.7975e+13	2.3768e-15	3.1311e-14
4.8066e+13	2.6179e-15	3.3477e-14
4.8157e+13	2.742e-15	3.5307e-14
4.8248e+13	2.5967e-15	3.5125e-14
4.8339e+13	2.3837e-15	3.3423e-14
4.843e+13	2.4131e-15	3.252e-14
4.8521e+13	2.6887e-15	3.3933e-14
4.8612e+13	2.9004e-15	3.6599e-14
4.8703e+13	2.8441e-15	3.8155e-14
4.8794e+13	2.6897e-15	3.7646e-14
4.8885e+13	2.7169e-15	3.6284e-14
4.8976e+13	2.8849e-15	3.5461e-14
4.9067e+13	2.8557e-15	3.4781e-14
4.9158e+13	2.4721e-15	3.2767e-14
4.9249e+13	2.0366e-15	2.9274e-14
4.934e+13	1.9707e-15	2.6342e-14
4.9431e+13	2.274e-15	2.6206e-14
4.9522e+13	2.5076e-15	2.8895e-14
4.9613e+13	2.3522e-15	3.2333e-14
4.9704e+13	2.0204e-15	3.4591e-14
4.9795e+13	1.9753e-15	3.5357e-14
4.9886e+13	2.317e-15	3.51e-14
4.9977e+13	2.6399e-15	3.372e-14
5.0068e+13	2.5472e-15	3.1002e-14
5.0159e+13	2.1528e-15	2.8188e-14
5.025e+13	1.929e-15	2.7807e-14
5.0341e+13	2.1163e-15	3.0989e-14
5.0432e+13	2.4617e-15	3.5346e-14
5.0523e+13	2.5841e-15	3.6664e-14
5.0614e+13	2.446e-15	3.3194e-14
5.0706e+13	2.3199e-15	2.7703e-14
5.0797e+13	2.3526e-15	2.4567e-14
5.0888e+13	2.3591e-15	2.5053e-14
5.0979e+13	2.12e-15	2.6284e-14
5.107e+13	1.7469e-15	2.5076e-14
5.1161e+13	1.591e-15	2.1957e-14
5.1252e+13	1.8036e-15	2.0463e-14
5.1343e+13	2.1316e-15	2.26e-14
5.1434e+13	2.2137e-15	2.6103e-14
5.1525e+13	1.9861e-15	2.6929e-14
5.1616e+13	1.6959e-15	2.3991e-14
5.1707e+13	1.5641e-15	2.0446e-14
5.1798e+13	1.5698e-15	2.0028e-14
5.1889e+13	1.5953e-15	2.2866e-14
5.198e+13	1.6467e-15	2.565e-14
5.2071e+13	1.8071e-15	2.5634e-14
5.2162e+13	2.0165e-15	2.3543e-14
5.2253e+13	2.0557e-15	2.2124e-14
5.2344e+13	1.8088e-15	2.2532e-14
5.2435e+13	1.4512e-15	2.3143e-14
5.2526e+13	1.273e-15	2.2066e-14
5.2617e+13	1.3471e-15	1.9946e-14
5.2708e+13	1.4748e-15	1.945e-14
5.2799e+13	1.4705e-15	2.1998e-14
5.289e+13	1.3887e-15	2.5747e-14
5.2981e+13	1.3936e-15	2.73e-14
5.3072e+13	1.483e-15	2.5259e-14
5.3163e+13	1.4809e-15	2.1635e-14
5.3254e+13	1.3188e-15	1.9696e-14
5.3345e+13	1.1873e-15	2.0714e-14
5.3437e+13	1.3036e-15	2.3069e-14
5.3528e+13	1.5878e-15	2.4303e-14
5.3619e+13	1.7097e-15	2.3634e-14
5.371e+13	1.4874e-15	2.2308e-14
5.3801e+13	1.1275e-15	2.1804e-14
5.3892e+13	9.8206e-16	2.2139e-14
5.3983e+13	1.1281e-15	2.2119e-14
5.4074e+13	1.309e-15	2.1037e-14
5.4165e+13	1.2962e-15	1.9753e-14
5.4256e+13	1.175e-15	1.9868e-14
5.4347e+13	1.1834e-15	2.1865e-14
5.4438e+13	1.3489e-15	2.4273e-14
5.4529e+13	1.4356e-15	2.4861e-14
5.462e+13	1.2739e-15	2.2727e-14
5.4711e+13	1.0093e-15	1.9121e-14
5.4802e+13	9.2001e-16	1.6179e-14
5.4893e+13	1.0485e-15	1.4946e-14
5.4984e+13	1.1536e-15	1.4779e-14
5.5075e+13	1.0483e-15	1.4611e-14
5.5166e+13	8.5808e-16	1.4372e-14
5.5257e+13	8.4367e-16	1.4825e-14
5.5348e+13	1.0326e-15	1.6088e-14
5.5439e+13	1.1692e-15	1.6897e-14
5.553e+13	1.0557e-15	1.5809e-14
5.5621e+13	8.1994e-16	1.3047e-14
5.5712e+13	7.4271e-16	1.0642e-14
5.5803e+13	8.8118e-16	1.0413e-14
5.5894e+13	1.0009e-15	1.1993e-14
5.5985e+13	9.0505e-16	1.325e-14
5.6076e+13	7.0633e-16	1.2703e-14
5.6168e+13	6.6906e-16	1.113e-14
5.6259e+13	8.4115e-16	1.0535e-14
5.635e+13	9.8353e-16	1.1756e-14
5.6441e+13	8.9542e-16	1.3544e-14
5.6532e+13	6.9021e-16	1.4077e-14
5.6623e+13	6.4341e-16	1.2938e-14
5.6714e+13	8.1849e-16	1.1251e-14
5.6805e+13	9.7842e-16	1.0119e-14
5.6896e+13	9.0195e-16	9.5315e-15
5.6987e+13	6.7622e-16	8.9896e-15
5.7078e+13	5.7503e-16	8.6639e-15
5.7169e+13	6.951e-16	9.2651e-15
5.726e+13	8.4095e-16	1.0756e-14
5.7351e+13	8.008e-16	1.1838e-14
5.7442e+13	6.2735e-16	1.1223e-14
5.7533e+13	5.4735e-16	9.256e-15
5.7624e+13	6.4121e-16	7.7039e-15
5.7715e+13	7.4051e-16	7.7809e-15
5.7806e+13	6.7588e-16	8.7659e-15
5.7897e+13	5.2115e-16	8.9627e-15
5.7988e+13	4.9235e-16	7.8438e-15
5.8079e+13	6.4501e-16	6.7098e-15
5.817e+13	7.9117e-16	7.0382e-15
5.8261e+13	7.5044e-16	8.5932e-15
5.8352e+13	5.8838e-16	9.6588e-15
5.8443e+13	5.1781e-16	9.089e-15
5.8534e+13	6.0567e-16	7.6244e-15
5.8625e+13	6.9037e-16	6.8992e-15
5.8716e+13	6.1694e-16	7.4509e-15
5.8807e+13	4.5853e-16	8.2001e-15
5.8898e+13	4.1848e-16	7.9364e-15
5.899e+13	5.5227e-16	6.8604e-15
5.9081e+13	6.9259e-16	6.2807e-15
5.9172e+13	6.7448e-16	6.9428e-15
5.9263e+13	5.4652e-16	8.1015e-15
5.9354e+13	4.8591e-16	8.4106e-15
5.9445e+13	5.5117e-16	7.4572e-15
5.9536e+13	6.2027e-16	6.1276e-15
5.9627e+13	5.8569e-16	5.5394e-15
5.9718e+13	5.1318e-16	5.9267e-15
5.9809e+13	5.3422e-16	6.6613e-15
5.99e+13	6.3465e-16	7.0928e-15
5.9991e+13	6.5772e-16	7.0855e-15
6.0082e+13	5.315e-16	6.8129e-15
6.0173e+13	3.958e-16	6.3743e-15
6.0264e+13	4.2908e-16	5.8039e-15
6.0355e+13	5.9925e-16	5.2903e-15
6.0446e+13	6.8831e-16	5.1215e-15
6.0537e+13	5.7516e-16	5.3707e-15
6.0628e+13	3.9922e-16	5.7949e-15
6.0719e+13	3.7781e-16	6.1227e-15
6.081e+13	5.1907e-16	6.3253e-15
6.0901e+13	6.1858e-16	6.4961e-15
6.0992e+13	5.4288e-16	6.5652e-15
6.1083e+13	4.107e-16	6.3389e-15
6.1174e+13	4.229e-16	5.8548e-15
6.1265e+13	5.7647e-16	5.5045e-15
6.1356e+13	6.6027e-16	5.6344e-15
6.1447e+13	5.4388e-16	6.0936e-15
6.1538e+13	3.6376e-16	6.3664e-15
6.1629e+13	3.4597e-16	6.1897e-15
6.1721e+13	5.0178e-16	5.8698e-15
6.1812e+13	6.1121e-16	5.8603e-15
6.1903e+13	5.2055e-16	6.1394e-15
6.1994e+13	3.5184e-16	6.2193e-15
6.2085e+13	3.3937e-16	5.8013e-15
6.2176e+13	5.1344e-16	5.2174e-15
6.2267e+13	6.5794e-16	5.0521e-15
6.2358e+13	5.963e-16	5.4122e-15
6.2449e+13	4.1895e-16	5.7852e-15
6.254e+13	3.5115e-16	5.6686e-15
6.2631e+13	4.4959e-16	5.1563e-15
6.2722e+13	5.4013e-16	4.7487e-15
6.2813e+13	4.7032e-16	4.6856e-15
6.2904e+13	3.2148e-16	4.701e-15
6.2995e+13	2.9095e-16	4.4906e-15
6.3086e+13	4.154e-16	4.2061e-15
6.3177e+13	5.2089e-16	4.2742e-15
6.3268e+13	4.6601e-16	4.7784e-15
6.3359e+13	3.376e-16	5.2592e-15
6.345e+13	3.2747e-16	5.2349e-15
6.3541e+13	4.6254e-16	4.7733e-15
6.3632e+13	5.6352e-16	4.3702e-15
6.3723e+13	4.9032e-16	4.3116e-15
6.3814e+13	3.3632e-16	4.372e-15
6.3905e+13	3.0445e-16	4.2301e-15
6.3996e+13	4.3539e-16	3.9976e-15
6.4087e+13	5.5792e-16	4.1068e-15
6.4178e+13	5.2335e-16	4.6787e-15
6.4269e+13	3.9892e-16	5.2332e-15
6.436e+13	3.6065e-16	5.1916e-15
6.4452e+13	4.4556e-16	4.5809e-15
6.4543e+13	5.1082e-16	4.0536e-15
6.4634e+13	4.499e-16	4.1681e-15
6.4725e+13	3.5288e-16	4.7881e-15
6.4816e+13	3.7923e-16	5.2845e-15
6.4907e+13	5.2028e-16	5.2386e-15
6.4998e+13	5.9174e-16	4.7979e-15
6.5089e+13	4.7984e-16	4.3624e-15
6.518e+13	3.0642e-16	4.1117e-15
6.5271e+13	2.7882e-16	3.962e-15
6.5362e+13	4.1945e-16	3.8711e-15
6.5453e+13	5.3838e-16	3.965e-15
6.5544e+13	4.8566e-16	4.2983e-15
6.5635e+13	3.4299e-16	4.6448e-15
6.5726e+13	3.0144e-16	4.6885e-15
6.5817e+13	4.0001e-16	4.404e-15
6.5908e+13	4.8286e-16	4.1028e-15
6.5999e+13	4.2483e-16	4.0504e-15
6.609e+13	3.0645e-16	4.1411e-15
6.6181e+13	2.9706e-16	4.0645e-15
6.6272e+13	4.1382e-16	3.7514e-15
6.6363e+13	4.9565e-16	3.508e-15
6.6454e+13	4.2821e-16	3.6451e-15
6.6545e+13	3.0475e-16	4.0652e-15
6.6636e+13	2.964e-16	4.338e-15
6.6727e+13	4.119e-16	4.1826e-15
6.6818e+13	4.8341e-16	3.7761e-15
6.6909e+13	4.0185e-16	3.5345e-15
6.7e+13	2.7512e-16	3.6517e-15
6.7091e+13	2.8433e-16	3.9317e-15
6.7183e+13	4.3105e-16	4.0554e-15
6.7274e+13	5.2585e-16	3.922e-15
6.7365e+13	4.4149e-16	3.6969e-15
6.7456e+13	2.8889e-16	3.5965e-15
6.7547e+13	2.7295e-16	3.6992e-15
6.7638e+13	4.1882e-16	3.9402e-15
6.7729e+13	5.369e-16	4.1917e-15
6.782e+13	4.7392e-16	4.3142e-15
6.7911e+13	3.1277e-16	4.2055e-15
6.8002e+13	2.5683e-16	3.8961e-15
6.8093e+13	3.6082e-16	3.5929e-15
6.8184e+13	4.7027e-16	3.5419e-15
6.8275e+13	4.4044e-16	3.7887e-15
6.8366e+13	3.2847e-16	4.1026e-15
6.8457e+13	3.006e-16	4.1958e-15
6.8548e+13	3.9357e-16	4.0163e-15
6.8639e+13	4.6389e-16	3.7799e-15
6.873e+13	3.9153e-16	3.7052e-15
6.8821e+13	2.515e-16	3.7724e-15
6.8912e+13	2.153e-16	3.7934e-15
6.9003e+13	3.1994e-16	3.6858e-15
6.9094e+13	4.2264e-16	3.595e-15
6.9185e+13	3.9926e-16	3.7127e-15
6.9276e+13	3.0949e-16	4.0255e-15
6.9367e+13	3.0362e-16	4.3094e-15
6.9458e+13	4.0692e-16	4.3676e-15
6.9549e+13	4.8362e-16	4.2157e-15
6.964e+13	4.2797e-16	4.0096e-15
6.9731e+13	3.1278e-16	3.8433e-15
6.9822e+13	2.8835e-16	3.6843e-15
6.9914e+13	3.7446e-16	3.5006e-15
7.0005e+13	4.3673e-16	3.3761e-15
7.0096e+13	3.7909e-16	3.4398e-15
7.0187e+13	2.8131e-16	3.6953e-15
7.0278e+13	2.8742e-16	3.9749e-15
7.0369e+13	4.0024e-16	4.0896e-15
7.046e+13	4.7077e-16	4.0034e-15
7.0551e+13	4.0145e-16	3.8418e-15
7.0642e+13	2.8265e-16	3.7453e-15
7.0733e+13	2.7138e-16	3.7453e-15
7.0824e+13	3.7734e-16	3.7787e-15
7.0915e+13	4.5114e-16	3.7871e-15
7.1006e+13	3.9124e-16	3.771e-15
7.1097e+13	2.8377e-16	3.7603e-15
7.1188e+13	2.8156e-16	3.7633e-15
7.1279e+13	3.8973e-16	3.7596e-15
7.137e+13	4.5508e-16	3.7276e-15
7.1461e+13	3.7635e-16	3.6678e-15
7.1552e+13	2.4682e-16	3.6055e-15
7.1643e+13	2.3259e-16	3.5811e-15
7.1734e+13	3.5157e-16	3.6276e-15
7.1825e+13	4.5298e-16	3.7316e-15
7.1916e+13	4.2111e-16	3.8113e-15
7.2007e+13	3.2272e-16	3.7587e-15
7.2098e+13	3.0169e-16	3.5386e-15
7.2189e+13	3.7551e-16	3.2553e-15
7.228e+13	4.1859e-16	3.0992e-15
7.2371e+13	3.5014e-16	3.1969e-15
7.2462e+13	2.569e-16	3.499e-15
7.2553e+13	2.7426e-16	3.8176e-15
7.2645e+13	3.9154e-16	3.9797e-15
7.2736e+13	4.5813e-16	3.952e-15
7.2827e+13	3.8829e-16	3.8303e-15
7.2918e+13	2.8154e-16	3.7264e-15
7.3009e+13	2.8764e-16	3.6784e-15
7.31e+13	3.9932e-16	3.6615e-15
7.3191e+13	4.6023e-16	3.6573e-15
7.3282e+13	3.8054e-16	3.6826e-15
7.3373e+13	2.6316e-16	3.7421e-15
7.3464e+13	2.6319e-16	3.7734e-15
7.3555e+13	3.7189e-16	3.6767e-15
7.3646e+13	4.2531e-16	3.4247e-15
7.3737e+13	3.3101e-16	3.1401e-15
7.3828e+13	2.0303e-16	3.0271e-15
7.3919e+13	2.1461e-16	3.1925e-15
7.401e+13	3.6355e-16	3.53e-15
7.4101e+13	4.6902e-16	3.8046e-15
7.4192e+13	4.0812e-16	3.8729e-15
7.4283e+13	2.7573e-16	3.8093e-15
7.4374e+13	2.5374e-16	3.7935e-15
7.4465e+13	3.6751e-16	3.879e-15
7.4556e+13	4.5658e-16	3.913e-15
7.4647e+13	3.9408e-16	3.72e-15
7.4738e+13	2.5545e-16	3.3481e-15
7.4829e+13	2.1251e-16	3.0818e-15
7.492e+13	3.0408e-16	3.1752e-15
7.5011e+13	3.9474e-16	3.5877e-15
7.5102e+13	3.6846e-16	4.0159e-15
7.5193e+13	2.8415e-16	4.1879e-15
7.5284e+13	2.8271e-16	4.0995e-15
7.5376e+13	3.8344e-16	3.9589e-15
7.5467e+13	4.5633e-16	3.9422e-15
7.5558e+13	4.0576e-16	4.0475e-15
7.5649e+13	3.0503e-16	4.1665e-15
7.574e+13	2.9275e-16	4.2235e-15
7.5831e+13	3.773e-16	4.2032e-15
7.5922e+13	4.2517e-16	4.0918e-15
7.6013e+13	3.5109e-16	3.8764e-15
7.6104e+13	2.4372e-16	3.6242e-15
7.6195e+13	2.4755e-16	3.4901e-15
7.6286e+13	3.6161e-16	3.5712e-15
7.6377e+13	4.3531e-16	3.7638e-15
7.6468e+13	3.713e-16	3.8349e-15
7.6559e+13	2.5759e-16	3.6712e-15
7.665e+13	2.4544e-16	3.4128e-15
7.6741e+13	3.4034e-16	3.2906e-15
7.6832e+13	3.951e-16	3.3561e-15
7.6923e+13	3.1686e-16	3.4447e-15
7.7014e+13	2.0228e-16	3.4236e-15
7.7105e+13	2.1053e-16	3.392e-15
7.7196e+13	3.4377e-16	3.5494e-15
7.7287e+13	4.3661e-16	3.8845e-15
7.7378e+13	3.7427e-16	4.1098e-15
7.7469e+13	2.4644e-16	3.9751e-15
7.756e+13	2.2773e-16	3.5942e-15
7.7651e+13	3.4437e-16	3.3501e-15
7.7742e+13	4.4024e-16	3.4554e-15
7.7833e+13	3.8608e-16	3.6929e-15
7.7924e+13	2.4958e-16	3.6706e-15
7.8015e+13	2.0146e-16	3.3015e-15
7.8107e+13	2.897e-16	2.929e-15
7.8198e+13	3.8544e-16	2.9447e-15
7.8289e+13	3.6452e-16	3.3531e-15
7.838e+13	2.715e-16	3.7908e-15
7.8471e+13	2.4735e-16	3.9433e-15
7.8562e+13	3.3002e-16	3.8452e-15
7.8653e+13	4.0469e-16	3.743e-15
7.8744e+13	3.6606e-16	3.7615e-15
7.8835e+13	2.6308e-16	3.8095e-15
7.8926e+13	2.2816e-16	3.7857e-15
7.9017e+13	2.9496e-16	3.7402e-15
7.9108e+13	3.584e-16	3.754e-15
7.9199e+13	3.2683e-16	3.7424e-15
7.929e+13	2.4899e-16	3.5216e-15
7.9381e+13	2.3978e-16	3.1021e-15
7.9472e+13	3.1428e-16	2.7996e-15
7.9563e+13	3.6654e-16	2.9378e-15
7.9654e+13	3.2243e-16	3.4564e-15
7.9745e+13	2.4873e-16	3.9208e-15
7.9836e+13	2.6087e-16	3.9647e-15
7.9927e+13	3.5631e-16	3.6537e-15
8.0018e+13	4.0902e-16	3.343e-15
8.0109e+13	3.3912e-16	3.2327e-15
8.02e+13	2.2594e-16	3.1943e-15
8.0291e+13	2.0657e-16	3.0671e-15
8.0382e+13	2.9556e-16	2.9846e-15
8.0473e+13	3.6995e-16	3.2384e-15
8.0564e+13	3.3736e-16	3.8179e-15
8.0655e+13	2.5604e-16	4.2628e-15
8.0746e+13	2.4607e-16	4.1245e-15
8.0838e+13	3.2049e-16	3.5361e-15
8.0929e+13	3.7146e-16	3.1544e-15
8.102e+13	3.2625e-16	3.4452e-15
8.1111e+13	2.5056e-16	4.1138e-15
8.1202e+13	2.5337e-16	4.391e-15
8.1293e+13	3.2921e-16	3.9036e-15
8.1384e+13	3.6344e-16	3.14e-15
8.1475e+13	2.9693e-16	2.947e-15
8.1566e+13	2.1837e-16	3.6074e-15
8.1657e+13	2.4764e-16	4.5296e-15
8.1748e+13	3.6564e-16	4.8839e-15
8.1839e+13	4.2795e-16	4.4464e-15
8.193e+13	3.5221e-16	3.7337e-15
8.2021e+13	2.2906e-16	3.3701e-15
8.2112e+13	2.0602e-16	3.4812e-15
8.2203e+13	2.9951e-16	3.7609e-15
8.2294e+13	3.8486e-16	3.9822e-15
8.2385e+13	3.6952e-16	4.2321e-15
8.2476e+13	3.0846e-16	4.6125e-15
8.2567e+13	3.0933e-16	4.9009e-15
8.2658e+13	3.7088e-16	4.7211e-15
8.2749e+13	3.8709e-16	4.0609e-15
8.284e+13	3.1039e-16	3.4437e-15
8.2931e+13	2.3654e-16	3.4385e-15
8.3022e+13	2.7977e-16	4.0286e-15
8.3113e+13	4.0564e-16	4.6013e-15
8.3204e+13	4.6075e-16	4.613e-15
8.3295e+13	3.7291e-16	4.1717e-15
8.3386e+13	2.5325e-16	3.8669e-15
8.3477e+13	2.5454e-16	4.0709e-15
8.3569e+13	3.6945e-16	4.5541e-15
8.366e+13	4.4074e-16	4.8407e-15
8.3751e+13	3.733e-16	4.8206e-15
8.3842e+13	2.6415e-16	4.8388e-15
8.3933e+13	2.7332e-16	5.1748e-15
8.4024e+13	4.0697e-16	5.6041e-15
8.4115e+13	5.0426e-16	5.6359e-15
8.4206e+13	4.4806e-16	5.1536e-15
8.4297e+13	3.1989e-16	4.6523e-15
8.4388e+13	2.939e-16	4.7298e-15
8.4479e+13	4.1094e-16	5.4021e-15
8.457e+13	5.2846e-16	6.0444e-15
8.4661e+13	5.059e-16	6.0407e-15
8.4752e+13	3.7824e-16	5.4159e-15
8.4843e+13	2.9929e-16	4.7735e-15
8.4934e+13	3.4503e-16	4.6644e-15
8.5025e+13	4.372e-16	5.0953e-15
8.5116e+13	4.6687e-16	5.6329e-15
8.5207e+13	4.3165e-16	5.8718e-15
8.5298e+13	4.0758e-16	5.7364e-15
8.5389e+13	4.2221e-16	5.4146e-15
8.548e+13	4.23e-16	5.1444e-15
8.5571e+13	3.7766e-16	5.0931e-15
8.5662e+13	3.4259e-16	5.3239e-15
8.5753e+13	3.8635e-16	5.7582e-15
8.5844e+13	4.7745e-16	6.1899e-15
8.5935e+13	5.1103e-16	6.4487e-15
8.6026e+13	4.5227e-16	6.5882e-15
8.6117e+13	3.9496e-16	6.8281e-15
8.6208e+13	4.3889e-16	7.2325e-15
8.6299e+13	5.4502e-16	7.5015e-15
8.6391e+13	5.7351e-16	7.2219e-15
8.6482e+13	4.6677e-16	6.3758e-15
8.6573e+13	3.3493e-16	5.5001e-15
8.6664e+13	3.2287e-16	5.2249e-15
8.6755e+13	4.2985e-16	5.6527e-15
8.6846e+13	5.1853e-16	6.2848e-15
8.6937e+13	4.9688e-16	6.5744e-15
8.7028e+13	4.2652e-16	6.4555e-15
8.7119e+13	4.1848e-16	6.2629e-15
8.721e+13	4.7098e-16	6.243e-15
8.7301e+13	4.7902e-16	6.3349e-15
8.7392e+13	3.9933e-16	6.4547e-15
8.7483e+13	3.3111e-16	6.7768e-15
8.7574e+13	3.8753e-16	7.5021e-15
8.7665e+13	5.2992e-16	8.3797e-15
8.7756e+13	6.0059e-16	8.731e-15
8.7847e+13	5.2338e-16	8.1508e-15
8.7938e+13	4.0501e-16	7.0981e-15
8.8029e+13	3.9621e-16	6.5519e-15
8.812e+13	4.9528e-16	6.9897e-15
8.8211e+13	5.5783e-16	7.8565e-15
8.8302e+13	4.9919e-16	8.1999e-15
8.8393e+13	4.1331e-16	7.7673e-15
8.8484e+13	4.4479e-16	7.2707e-15
8.8575e+13	5.8638e-16	7.5057e-15
8.8666e+13	6.7857e-16	8.3934e-15
8.8757e+13	6.1527e-16	9.0871e-15
8.8848e+13	4.8087e-16	8.9745e-15
8.8939e+13	4.3644e-16	8.3352e-15
8.903e+13	5.1147e-16	7.9007e-15
8.9122e+13	5.8131e-16	7.95e-15
8.9213e+13	5.5323e-16	8.0925e-15
8.9304e+13	4.9901e-16	7.9368e-15
8.9395e+13	5.4842e-16	7.6912e-15
8.9486e+13	6.9057e-16	7.8776e-15
8.9577e+13	7.6243e-16	8.5461e-15
8.9668e+13	6.5241e-16	9.0577e-15
8.9759e+13	4.5227e-16	8.779e-15
8.985e+13	3.5301e-16	7.8449e-15
8.9941e+13	4.1715e-16	7.0378e-15
9.0032e+13	5.1975e-16	6.924e-15
9.0123e+13	5.2276e-16	7.285e-15
9.0214e+13	4.4356e-16	7.474e-15
9.0305e+13	4.0338e-16	7.1918e-15
9.0396e+13	4.4614e-16	6.7412e-15
9.0487e+13	4.8418e-16	6.5617e-15
9.0578e+13	4.3689e-16	6.7222e-15
9.0669e+13	3.5658e-16	6.9723e-15
9.076e+13	3.5937e-16	7.1475e-15
9.0851e+13	4.5731e-16	7.3151e-15
9.0942e+13	5.3006e-16	7.5126e-15
9.1033e+13	4.8174e-16	7.5427e-15
9.1124e+13	3.7008e-16	7.1823e-15
9.1215e+13	3.2962e-16	6.5289e-15
9.1306e+13	3.9231e-16	5.97e-15
9.1397e+13	4.495e-16	5.7686e-15
9.1488e+13	4.0597e-16	5.7984e-15
9.1579e+13	3.1432e-16	5.7774e-15
9.167e+13	3.0561e-16	5.6764e-15
9.1761e+13	4.1053e-16	5.7461e-15
9.1853e+13	5.1319e-16	6.1262e-15
9.1944e+13	4.982e-16	6.5697e-15
9.2035e+13	3.924e-16	6.6647e-15
9.2126e+13	3.166e-16	6.2798e-15
9.2217e+13	3.239e-16	5.6821e-15
9.2308e+13	3.4775e-16	5.2294e-15
9.2399e+13	3.1981e-16	5.067e-15
9.249e+13	2.7945e-16	5.1612e-15
9.2581e+13	3.1453e-16	5.4795e-15
9.2672e+13	4.1813e-16	5.9606e-15
9.2763e+13	4.7188e-16	6.3455e-15
9.2854e+13	3.9441e-16	6.2714e-15
9.2945e+13	2.591e-16	5.6915e-15
9.3036e+13	2.155e-16	5.0982e-15
9.3127e+13	3.0778e-16	5.0996e-15
9.3218e+13	4.2288e-16	5.7082e-15
9.3309e+13	4.323e-16	6.2132e-15
9.34e+13	3.4201e-16	5.9285e-15
9.3491e+13	2.6513e-16	5.0198e-15
9.3582e+13	2.7064e-16	4.4001e-15
9.3673e+13	3.1301e-16	4.7325e-15
9.3764e+13	3.197e-16	5.6736e-15
9.3855e+13	2.9676e-16	6.2528e-15
9.3946e+13	3.0534e-16	5.9516e-15
9.4037e+13	3.5638e-16	5.2189e-15
9.4128e+13	3.8531e-16	4.8585e-15
9.4219e+13	3.4528e-16	5.0821e-15
9.431e+13	2.8103e-16	5.3659e-15
9.4401e+13	2.713e-16	5.2079e-15
9.4492e+13	3.178e-16	4.7787e-15
9.4584e+13	3.4021e-16	4.6584e-15
9.4675e+13	2.8906e-16	5.0403e-15
9.4766e+13	2.1963e-16	5.4401e-15
9.4857e+13	2.1991e-16	5.2821e-15
9.4948e+13	2.8977e-16	4.6278e-15
9.5039e+13	3.3968e-16	4.1518e-15
9.513e+13	3.1309e-16	4.4044e-15
9.5221e+13	2.6294e-16	5.231e-15
9.5312e+13	2.7467e-16	5.9711e-15
9.5403e+13	3.4178e-16	6.1285e-15
9.5494e+13	3.6897e-16	5.7486e-15
9.5585e+13	3.0267e-16	5.2039e-15
9.5676e+13	2.097e-16	4.78e-15
9.5767e+13	1.9291e-16	4.5373e-15
9.5858e+13	2.5603e-16	4.448e-15
9.5949e+13	3.017e-16	4.4983e-15
9.604e+13	2.6506e-16	4.6328e-15
9.6131e+13	1.9971e-16	4.7258e-15
9.6222e+13	1.9924e-16	4.7055e-15
9.6313e+13	2.6462e-16	4.6676e-15
9.6404e+13	3.0208e-16	4.7766e-15
9.6495e+13	2.5481e-16	5.0476e-15
9.6586e+13	1.8519e-16	5.3085e-15
9.6677e+13	1.9145e-16	5.4143e-15
9.6768e+13	2.718e-16	5.429e-15
9.6859e+13	3.234e-16	5.5069e-15
9.695e+13	2.7946e-16	5.62e-15
9.7041e+13	1.9794e-16	5.5222e-15
9.7132e+13	1.8153e-16	5.0555e-15
9.7223e+13	2.3946e-16	4.4301e-15
9.7315e+13	2.7989e-16	4.081e-15
9.7406e+13	2.4038e-16	4.2094e-15
9.7497e+13	1.7433e-16	4.5353e-15
9.7588e+13	1.7463e-16	4.5777e-15
9.7679e+13	2.426e-16	4.1734e-15
9.777e+13	2.8554e-16	3.6597e-15
9.7861e+13	2.4622e-16	3.5229e-15
9.7952e+13	1.829e-16	3.898e-15
9.8043e+13	1.871e-16	4.4377e-15
9.8134e+13	2.5294e-16	4.6527e-15
9.8225e+13	2.8176e-16	4.3512e-15
9.8316e+13	2.1888e-16	3.7694e-15
9.8407e+13	1.3418e-16	3.3301e-15
9.8498e+13	1.3193e-16	3.2871e-15
9.8589e+13	2.1037e-16	3.5517e-15
9.868e+13	2.6306e-16	3.8019e-15
9.8771e+13	2.2195e-16	3.7683e-15
9.8862e+13	1.4784e-16	3.4742e-15
9.8953e+13	1.4539e-16	3.2296e-15
9.9044e+13	2.1928e-16	3.3525e-15
9.9135e+13	2.6842e-16	3.8385e-15
9.9226e+13	2.2491e-16	4.3008e-15
9.9317e+13	1.4686e-16	4.286e-15
9.9408e+13	1.3781e-16	3.6913e-15
9.9499e+13	2.045e-16	2.8667e-15
9.959e+13	2.4824e-16	2.2907e-15
9.9681e+13	2.0096e-16	2.1491e-15
9.9772e+13	1.1853e-16	2.2459e-15
9.9863e+13	1.0375e-16	2.2937e-15
9.9954e+13	1.6632e-16	2.2253e-15
1.0005e+14	2.1232e-16	2.1912e-15
1.0014e+14	1.76e-16	2.3126e-15
1.0023e+14	1.1046e-16	2.5293e-15
1.0032e+14	1.1217e-16	2.7149e-15
1.0041e+14	1.8485e-16	2.8639e-15
1.005e+14	2.3222e-16	3.0773e-15
1.0059e+14	1.9043e-16	3.3602e-15
1.0068e+14	1.1699e-16	3.5172e-15
1.0077e+14	1.1231e-16	3.3211e-15
1.0086e+14	1.8113e-16	2.7821e-15
1.0096e+14	2.25e-16	2.1969e-15
1.0105e+14	1.7724e-16	1.8986e-15
1.0114e+14	9.5647e-17	1.9664e-15
1.0123e+14	8.5347e-17	2.194e-15
1.0132e+14	1.5691e-16	2.3226e-15
1.0141e+14	2.1306e-16	2.2756e-15
1.015e+14	1.8103e-16	2.1663e-15
1.0159e+14	1.09e-16	2.1158e-15
1.0168e+14	9.6201e-17	2.1038e-15
1.0178e+14	1.5529e-16	2.0064e-15
1.0187e+14	1.9668e-16	1.7645e-15
1.0196e+14	1.5485e-16	1.493e-15
1.0205e+14	8.0911e-17	1.4083e-15
1.0214e+14	7.3192e-17	1.6273e-15
1.0223e+14	1.4172e-16	2.0256e-15
1.0232e+14	1.9339e-16	2.3081e-15
1.0241e+14	1.5824e-16	2.2559e-15
1.025e+14	8.3828e-17	1.9285e-15
1.0259e+14	6.9087e-17	1.6152e-15
1.0269e+14	1.2979e-16	1.5624e-15
1.0278e+14	1.7952e-16	1.7468e-15
1.0287e+14	1.499e-16	1.9304e-15
1.0296e+14	8.3182e-17	1.9338e-15
1.0305e+14	7.12e-17	1.8154e-15
1.0314e+14	1.2772e-16	1.7545e-15
1.0323e+14	1.7108e-16	1.7935e-15
1.0332e+14	1.3941e-16	1.7732e-15
1.0341e+14	7.7154e-17	1.5574e-15
1.035e+14	7.2924e-17	1.2634e-15
1.036e+14	1.3566e-16	1.1808e-15
1.0369e+14	1.8113e-16	1.4387e-15
1.0378e+14	1.4753e-16	1.8147e-15
1.0387e+14	8.0286e-17	1.943e-15
1.0396e+14	6.9433e-17	1.7035e-15
1.0405e+14	1.2649e-16	1.3479e-15
1.0414e+14	1.7042e-16	1.2177e-15
1.0423e+14	1.4042e-16	1.3848e-15
1.0432e+14	7.8841e-17	1.6162e-15
1.0442e+14	7.06e-17	1.6695e-15
1.0451e+14	1.2507e-16	1.5473e-15
1.046e+14	1.6452e-16	1.4368e-15
1.0469e+14	1.3385e-16	1.4587e-15
1.0478e+14	7.7589e-17	1.5505e-15
1.0487e+14	7.677e-17	1.5894e-15
1.0496e+14	1.3405e-16	1.5493e-15
1.0505e+14	1.6793e-16	1.4868e-15
1.0514e+14	1.2537e-16	1.4187e-15
1.0523e+14	5.6896e-17	1.2931e-15
1.0533e+14	4.9379e-17	1.0984e-15
1.0542e+14	1.081e-16	9.3423e-16
1.0551e+14	1.5014e-16	9.1591e-16
1.056e+14	1.1785e-16	1.028e-15
1.0569e+14	5.6473e-17	1.1315e-15
1.0578e+14	5.0218e-17	1.1303e-15
1.0587e+14	1.0672e-16	1.083e-15
1.0596e+14	1.4882e-16	1.11e-15
1.0605e+14	1.2268e-16	1.222e-15
1.0614e+14	7.0544e-17	1.3005e-15
1.0624e+14	6.8263e-17	1.2566e-15
1.0633e+14	1.1701e-16	1.1513e-15
1.0642e+14	1.4202e-16	1.1106e-15
1.0651e+14	1.0005e-16	1.1506e-15
1.066e+14	4.3927e-17	1.1545e-15
1.0669e+14	5.1446e-17	1.0407e-15
1.0678e+14	1.1599e-16	8.9451e-16
1.0687e+14	1.5215e-16	8.7527e-16
1.0696e+14	1.1128e-16	1.0055e-15
1.0706e+14	4.8472e-17	1.1206e-15
1.0715e+14	4.7539e-17	1.061e-15
1.0724e+14	1.0641e-16	8.7511e-16
1.0733e+14	1.4089e-16	7.7594e-16
1.0742e+14	1.018e-16	8.9437e-16
1.0751e+14	4.3598e-17	1.1244e-15
1.076e+14	4.8919e-17	1.2414e-15
1.0769e+14	1.1301e-16	1.1466e-15
1.0778e+14	1.483e-16	9.5149e-16
1.0787e+14	1.0444e-16	8.2705e-16
1.0797e+14	3.8889e-17	8.1708e-16
1.0806e+14	4.0074e-17	8.3051e-16
1.0815e+14	1.0733e-16	7.8935e-16
1.0824e+14	1.5191e-16	7.3213e-16
1.0833e+14	1.1754e-16	7.5546e-16
1.0842e+14	5.5349e-17	8.8369e-16
1.0851e+14	5.1521e-17	1.0281e-15
1.086e+14	1.0839e-16	1.0731e-15
1.0869e+14	1.427e-16	9.8289e-16
1.0878e+14	1.0225e-16	8.2314e-16
1.0888e+14	3.9048e-17	6.9643e-16
1.0897e+14	3.7752e-17	6.6565e-16
1.0906e+14	9.8622e-17	7.2202e-16
1.0915e+14	1.3671e-16	8.0356e-16
1.0924e+14	9.8365e-17	8.4325e-16
1.0933e+14	3.4375e-17	8.1742e-16
1.0942e+14	2.9278e-17	7.5943e-16
1.0951e+14	8.5248e-17	7.2157e-16
1.096e+14	1.2086e-16	7.1941e-16
1.097e+14	8.5542e-17	7.2182e-16
1.0979e+14	3.0292e-17	7.0263e-16
1.0988e+14	3.6324e-17	6.8788e-16
1.0997e+14	1.0056e-16	7.2807e-16
1.1006e+14	1.3741e-16	8.2073e-16
1.1015e+14	9.5702e-17	8.8704e-16
1.1024e+14	2.9769e-17	8.5045e-16
1.1033e+14	2.6115e-17	7.3122e-16
1.1042e+14	8.5836e-17	6.3472e-16
1.1051e+14	1.2422e-16	6.3624e-16
1.1061e+14	8.7777e-17	6.9897e-16
1.107e+14	2.7615e-17	7.2714e-16
1.1079e+14	2.8387e-17	6.8738e-16
1.1088e+14	9.1183e-17	6.4518e-16
1.1097e+14	1.3163e-16	6.7299e-16
1.1106e+14	9.5489e-17	7.5183e-16
1.1115e+14	3.2527e-17	7.9318e-16
1.1124e+14	2.7581e-17	7.4921e-16
1.1133e+14	8.4653e-17	6.6739e-16
1.1142e+14	1.2341e-16	6.2555e-16
1.1152e+14	9.1352e-17	6.405e-16
1.1161e+14	3.5673e-17	6.6775e-16
1.117e+14	3.5862e-17	6.7653e-16
1.1179e+14	9.1897e-17	6.8523e-16
1.1188e+14	1.2388e-16	7.1114e-16
1.1197e+14	8.3794e-17	7.204e-16
1.1206e+14	2.382e-17	6.6588e-16
1.1215e+14	2.5345e-17	5.6717e-16
1.1224e+14	8.616e-17	5.111e-16
1.1234e+14	1.2222e-16	5.5173e-16
1.1243e+14	8.2673e-17	6.3475e-16
1.1252e+14	2.0047e-17	6.5398e-16
1.1261e+14	1.8536e-17	5.7835e-16
1.127e+14	7.8706e-17	4.8918e-16
1.1279e+14	1.1716e-16	4.7897e-16
1.1288e+14	8.1473e-17	5.4149e-16
1.1297e+14	2.204e-17	5.9174e-16
1.1306e+14	2.2039e-17	5.8135e-16
1.1315e+14	8.2333e-17	5.5279e-16
1.1325e+14	1.201e-16	5.658e-16
1.1334e+14	8.2985e-17	6.056e-16
1.1343e+14	2.1419e-17	6.0373e-16
1.1352e+14	1.934e-17	5.4158e-16
1.1361e+14	7.8892e-17	4.8819e-16
1.137e+14	1.1775e-16	5.1285e-16
1.1379e+14	8.2467e-17	5.8851e-16
1.1388e+14	2.1658e-17	6.2054e-16
1.1397e+14	1.8521e-17	5.6803e-16
1.1406e+14	7.6134e-17	4.9723e-16
1.1416e+14	1.1349e-16	4.9447e-16
1.1425e+14	7.7335e-17	5.5281e-16
1.1434e+14	1.5541e-17	5.8146e-16
1.1443e+14	1.1369e-17	5.2358e-16
1.1452e+14	6.9564e-17	4.2729e-16
1.1461e+14	1.1081e-16	3.8185e-16
1.147e+14	8.1088e-17	4.1032e-16
1.1479e+14	2.4788e-17	4.5864e-16
1.1488e+14	2.1638e-17	4.8174e-16
1.1497e+14	7.5978e-17	4.9826e-16
1.1507e+14	1.1154e-16	5.4132e-16
1.1516e+14	7.801e-17	5.876e-16
1.1525e+14	2.1071e-17	5.7735e-16
1.1534e+14	1.9014e-17	5.0339e-16
1.1543e+14	7.4151e-17	4.3933e-16
1.1552e+14	1.0968e-16	4.5471e-16
1.1561e+14	7.6252e-17	5.2391e-16
1.157e+14	2.0523e-17	5.536e-16
1.1579e+14	2.0556e-17	4.9843e-16
1.1589e+14	7.741e-17	4.1587e-16
1.1598e+14	1.1294e-16	3.9037e-16
1.1607e+14	7.7178e-17	4.2957e-16
1.1616e+14	1.7191e-17	4.6696e-16
1.1625e+14	1.2513e-17	4.5806e-16
1.1634e+14	6.6217e-17	4.3397e-16
1.1643e+14	1.0163e-16	4.4374e-16
1.1652e+14	6.8603e-17	4.7536e-16
1.1661e+14	1.2413e-17	4.7226e-16
1.167e+14	1.0468e-17	4.2183e-16
1.168e+14	6.4997e-17	3.8583e-16
1.1689e+14	1.0018e-16	4.2145e-16
1.1698e+14	6.7447e-17	4.9869e-16
1.1707e+14	1.3051e-17	5.3148e-16
1.1716e+14	1.4322e-17	4.863e-16
1.1725e+14	7.2574e-17	4.2277e-16
1.1734e+14	1.1053e-16	4.1133e-16
1.1743e+14	7.7904e-17	4.4074e-16
1.1752e+14	1.9797e-17	4.4161e-16
1.1761e+14	1.414e-17	3.9169e-16
1.1771e+14	6.503e-17	3.5399e-16
1.178e+14	9.8731e-17	3.9167e-16
1.1789e+14	6.6769e-17	4.76e-16
1.1798e+14	1.2979e-17	5.1734e-16
1.1807e+14	1.2205e-17	4.8087e-16
1.1816e+14	6.624e-17	4.3015e-16
1.1825e+14	1.0123e-16	4.379e-16
1.1834e+14	6.9761e-17	4.8565e-16
1.1843e+14	1.6017e-17	4.9045e-16
1.1853e+14	1.3995e-17	4.2298e-16
1.1862e+14	6.4892e-17	3.5405e-16
1.1871e+14	9.6039e-17	3.6294e-16
1.188e+14	6.2613e-17	4.3059e-16
1.1889e+14	1.0624e-17	4.6405e-16
1.1898e+14	1.3384e-17	4.2052e-16
1.1907e+14	6.9352e-17	3.6295e-16
1.1916e+14	1.0336e-16	3.7188e-16
1.1925e+14	7.0309e-17	4.3393e-16
1.1934e+14	1.7928e-17	4.5929e-16
1.1944e+14	2.117e-17	4.0392e-16
1.1953e+14	7.805e-17	3.2932e-16
1.1962e+14	1.11e-16	3.1903e-16
1.1971e+14	7.2834e-17	3.6732e-16
1.198e+14	1.2051e-17	3.9256e-16
1.1989e+14	7.3503e-18	3.547e-16
1.1998e+14	6.0923e-17	3.1236e-16
1.2007e+14	9.6555e-17	3.3945e-16
1.2016e+14	6.4665e-17	4.1724e-16
1.2025e+14	9.8345e-18	4.5395e-16
1.2035e+14	8.6178e-18	4.079e-16
1.2044e+14	6.3901e-17	3.448e-16
1.2053e+14	1.0107e-16	3.4787e-16
1.2062e+14	7.048e-17	4.0285e-16
1.2071e+14	1.474e-17	4.1794e-16
1.208e+14	8.9498e-18	3.5422e-16
1.2089e+14	5.7361e-17	2.8717e-16
1.2098e+14	8.9121e-17	3.0934e-16
1.2107e+14	5.7873e-17	4.0175e-16
1.2117e+14	6.5966e-18	4.4986e-16
1.2126e+14	7.9221e-18	3.8887e-16
1.2135e+14	6.2846e-17	2.8752e-16
1.2144e+14	9.8256e-17	2.5848e-16
1.2153e+14	6.6874e-17	3.1361e-16
1.2162e+14	1.1713e-17	3.5494e-16
1.2171e+14	6.3796e-18	3.102e-16
1.218e+14	5.4039e-17	2.3005e-16
1.2189e+14	8.4478e-17	2.1855e-16
1.2198e+14	5.267e-17	2.9341e-16
1.2208e+14	1.9746e-18	3.6353e-16
1.2217e+14	4.3568e-18	3.505e-16
1.2226e+14	6.0275e-17	2.883e-16
1.2235e+14	9.6782e-17	2.7025e-16
1.2244e+14	6.6805e-17	3.2117e-16
1.2253e+14	1.3033e-17	3.6933e-16
1.2262e+14	8.7768e-18	3.5065e-16
1.2271e+14	5.7648e-17	2.9688e-16
1.228e+14	8.9962e-17	2.8686e-16
1.2289e+14	5.9812e-17	3.3283e-16
1.2299e+14	8.2699e-18	3.6252e-16
1.2308e+14	6.0056e-18	3.2223e-16
1.2317e+14	5.5579e-17	2.5573e-16
1.2326e+14	8.8681e-17	2.4686e-16
1.2335e+14	6.1351e-17	3.0335e-16
1.2344e+14	1.4553e-17	3.4344e-16
1.2353e+14	1.6135e-17	3.0646e-16
1.2362e+14	6.5255e-17	2.3712e-16
1.2371e+14	9.2647e-17	2.2658e-16
1.2381e+14	5.7082e-17	2.8857e-16
1.239e+14	4.3553e-18	3.3897e-16
1.2399e+14	6.022e-18	3.0797e-16
1.2408e+14	6.1236e-17	2.3412e-16
1.2417e+14	9.6825e-17	2.1371e-16
1.2426e+14	6.6175e-17	2.7389e-16
1.2435e+14	1.1775e-17	3.3909e-16
1.2444e+14	6.2486e-18	3.3321e-16
1.2453e+14	5.3451e-17	2.7765e-16
1.2462e+14	8.5151e-17	2.5558e-16
1.2472e+14	5.6461e-17	2.9602e-16
1.2481e+14	7.5874e-18	3.3716e-16
1.249e+14	7.1357e-18	3.1528e-16
1.2499e+14	5.6305e-17	2.5342e-16
1.2508e+14	8.6881e-17	2.2809e-16
1.2517e+14	5.5688e-17	2.6268e-16
1.2526e+14	4.6699e-18	2.964e-16
1.2535e+14	3.4375e-18	2.7089e-16
1.2544e+14	5.3548e-17	2.1304e-16
1.2553e+14	8.6471e-17	1.9892e-16
1.2563e+14	5.7765e-17	2.4874e-16
1.2572e+14	7.5405e-18	2.9817e-16
1.2581e+14	4.404e-18	2.8579e-16
1.259e+14	5.0928e-17	2.3624e-16
1.2599e+14	8.1067e-17	2.248e-16
1.2608e+14	5.226e-17	2.7271e-16
1.2617e+14	4.3903e-18	3.175e-16
1.2626e+14	4.3548e-18	2.9921e-16
1.2635e+14	5.345e-17	2.4364e-16
1.2645e+14	8.568e-17	2.2807e-16
1.2654e+14	5.8806e-17	2.7585e-16
1.2663e+14	1.1874e-17	3.2383e-16
1.2672e+14	1.0143e-17	3.0721e-16
1.2681e+14	5.4486e-17	2.4657e-16
1.269e+14	8.1006e-17	2.1968e-16
1.2699e+14	5.0835e-17	2.5759e-16
1.2708e+14	4.8516e-18	3.054e-16
1.2717e+14	7.0593e-18	2.9833e-16
1.2726e+14	5.5266e-17	2.476e-16
1.2736e+14	8.343e-17	2.2091e-16
1.2745e+14	5.2936e-17	2.4801e-16
1.2754e+14	6.3656e-18	2.8171e-16
1.2763e+14	8.8194e-18	2.6528e-16
1.2772e+14	5.7595e-17	2.111e-16
1.2781e+14	8.5348e-17	1.8324e-16
1.279e+14	5.2888e-17	2.1068e-16
1.2799e+14	3.6125e-18	2.5098e-16
1.2808e+14	4.1285e-18	2.5149e-16
1.2817e+14	5.268e-17	2.2044e-16
1.2827e+14	8.1666e-17	2.1072e-16
1.2836e+14	5.0887e-17	2.4246e-16
1.2845e+14	3.0033e-18	2.743e-16
1.2854e+14	4.7392e-18	2.6197e-16
1.2863e+14	5.4877e-17	2.2051e-16
1.2872e+14	8.5769e-17	2.031e-16
1.2881e+14	5.6134e-17	2.2761e-16
1.289e+14	7.2841e-18	2.5402e-16
1.2899e+14	5.7275e-18	2.4277e-16
1.2909e+14	5.1763e-17	2.1006e-16
1.2918e+14	8.0037e-17	2.0265e-16
1.2927e+14	5.0642e-17	2.2959e-16
1.2936e+14	4.4617e-18	2.4957e-16
1.2945e+14	6.3485e-18	2.321e-16
1.2954e+14	5.4922e-17	2.0408e-16
1.2963e+14	8.3796e-17	2.1233e-16
1.2972e+14	5.2699e-17	2.5314e-16
1.2981e+14	2.971e-18	2.7089e-16
1.299e+14	1.1714e-18	2.3364e-16
1.3e+14	4.8597e-17	1.8245e-16
1.3009e+14	8.0745e-17	1.8181e-16
1.3018e+14	5.6307e-17	2.3336e-16
1.3027e+14	1.2531e-17	2.701e-16
1.3036e+14	1.1667e-17	2.429e-16
1.3045e+14	5.4114e-17	1.854e-16
1.3054e+14	7.8807e-17	1.6986e-16
1.3063e+14	4.9259e-17	2.1184e-16
1.3072e+14	4.8215e-18	2.5051e-16
1.3081e+14	5.8432e-18	2.3019e-16
1.3091e+14	4.9418e-17	1.7367e-16
1.31e+14	7.3386e-17	1.5057e-16
1.3109e+14	4.3263e-17	1.8552e-16
1.3118e+14	9.8723e-19	2.2951e-16
1.3127e+14	7.0136e-18	2.2898e-16
1.3136e+14	5.5671e-17	1.958e-16
1.3145e+14	8.1649e-17	1.8451e-16
1.3154e+14	4.9652e-17	2.1303e-16
1.3163e+14	3.546e-18	2.3837e-16
1.3173e+14	6.509e-18	2.1916e-16
1.3182e+14	5.4206e-17	1.7563e-16
1.3191e+14	8.0758e-17	1.6294e-16
1.32e+14	4.9515e-17	1.9568e-16
1.3209e+14	3.5101e-18	2.2883e-16
1.3218e+14	5.9764e-18	2.2067e-16
1.3227e+14	5.2975e-17	1.8908e-16
1.3236e+14	7.877e-17	1.8303e-16
1.3245e+14	4.6559e-17	2.1079e-16
1.3254e+14	-6.6611e-19	2.2682e-16
1.3264e+14	7.0282e-19	1.9653e-16
1.3273e+14	4.7419e-17	1.4787e-16
1.3282e+14	7.4318e-17	1.3587e-16
1.3291e+14	4.464e-17	1.6801e-16
1.33e+14	7.7921e-19	1.9447e-16
1.3309e+14	5.3155e-18	1.7786e-16
1.3318e+14	5.3915e-17	1.4604e-16
1.3327e+14	8.0662e-17	1.5325e-16
1.3336e+14	4.8686e-17	2.0235e-16
1.3345e+14	1.0582e-18	2.3647e-16
1.3355e+14	1.6685e-18	2.144e-16
1.3364e+14	4.7651e-17	1.674e-16
1.3373e+14	7.4065e-17	1.5828e-16
1.3382e+14	4.4051e-17	1.9693e-16
1.3391e+14	-2.8139e-19	2.2702e-16
1.34e+14	3.5013e-18	2.0294e-16
1.3409e+14	5.1291e-17	1.5247e-16
1.3418e+14	7.7701e-17	1.3965e-16
1.3427e+14	4.6396e-17	1.7789e-16
1.3437e+14	6.2121e-19	2.1139e-16
1.3446e+14	3.7975e-18	1.9036e-16
1.3455e+14	5.1942e-17	1.3861e-16
1.3464e+14	7.8885e-17	1.2244e-16
1.3473e+14	4.7378e-17	1.634e-16
1.3482e+14	5.863e-19	2.1174e-16
1.3491e+14	2.8042e-18	2.1337e-16
1.35e+14	5.0853e-17	1.7786e-16
1.3509e+14	7.812e-17	1.5779e-16
1.3518e+14	4.5789e-17	1.7325e-16
1.3528e+14	-4.0375e-18	1.8797e-16
1.3537e+14	-5.9834e-18	1.6724e-16
1.3546e+14	3.9724e-17	1.3237e-16
1.3555e+14	6.8977e-17	1.3243e-16
1.3564e+14	4.268e-17	1.7229e-16
1.3573e+14	-2.0424e-19	1.998e-16
1.3582e+14	2.0398e-18	1.7435e-16
1.3591e+14	4.7662e-17	1.2473e-16
1.36e+14	7.3872e-17	1.1521e-16
1.3609e+14	4.4223e-17	1.6243e-16
1.3619e+14	-3.9851e-19	2.135e-16
1.3628e+14	2.0135e-18	2.1408e-16
1.3637e+14	4.8807e-17	1.7549e-16
1.3646e+14	7.5979e-17	1.534e-16
1.3655e+14	4.6157e-17	1.7092e-16
1.3664e+14	-7.5812e-20	1.9145e-16
1.3673e+14	-1.5734e-19	1.7468e-16
1.3682e+14	4.4579e-17	1.3491e-16
1.3691e+14	7.1502e-17	1.2105e-16
1.3701e+14	4.3688e-17	1.4807e-16
1.371e+14	8.5362e-19	1.766e-16
1.3719e+14	3.9576e-18	1.6841e-16
1.3728e+14	5.0373e-17	1.3955e-16
1.3737e+14	7.707e-17	1.3693e-16
1.3746e+14	4.7467e-17	1.7149e-16
1.3755e+14	1.9368e-18	2.0152e-16
1.3764e+14	2.1986e-18	1.8958e-16
1.3773e+14	4.642e-17	1.5366e-16
1.3782e+14	7.2187e-17	1.4164e-16
1.3792e+14	4.3055e-17	1.649e-16
1.3801e+14	-1.0053e-18	1.8356e-16
1.381e+14	1.0853e-18	1.638e-16
1.3819e+14	4.6883e-17	1.2703e-16
1.3828e+14	7.3393e-17	1.2188e-16
1.3837e+14	4.3646e-17	1.5744e-16
1.3846e+14	-2.4149e-18	1.8988e-16
1.3855e+14	-2.7402e-18	1.8116e-16
1.3864e+14	4.1893e-17	1.4869e-16
1.3873e+14	6.9532e-17	1.3839e-16
1.3883e+14	4.2436e-17	1.6021e-16
1.3892e+14	-1.5973e-18	1.7668e-16
1.3901e+14	-2.0548e-18	1.5943e-16
1.391e+14	4.1e-17	1.3248e-16
1.3919e+14	6.8004e-17	1.3895e-16
1.3928e+14	4.289e-17	1.7687e-16
1.3937e+14	2.6045e-18	1.9598e-16
1.3946e+14	4.9322e-18	1.6452e-16
1.3955e+14	4.7643e-17	1.1589e-16
1.3964e+14	7.1339e-17	1.0821e-16
1.3974e+14	4.1998e-17	1.4807e-16
1.3983e+14	-1.388e-18	1.8078e-16
1.3992e+14	-2.7134e-19	1.6166e-16
1.4001e+14	4.2772e-17	1.142e-16
1.401e+14	6.7708e-17	9.7653e-17
1.4019e+14	3.9909e-17	1.2863e-16
1.4028e+14	-2.3765e-18	1.6157e-16
1.4037e+14	-1.2794e-18	1.5218e-16
1.4046e+14	4.0756e-17	1.1645e-16
1.4056e+14	6.4989e-17	1.0621e-16
1.4065e+14	3.8342e-17	1.3748e-16
1.4074e+14	-7.0787e-19	1.7017e-16
1.4083e+14	3.9864e-18	1.6481e-16
1.4092e+14	4.7535e-17	1.3571e-16
1.4101e+14	7.0115e-17	1.2762e-16
1.411e+14	3.9877e-17	1.5068e-16
1.4119e+14	-2.2553e-18	1.6621e-16
1.4128e+14	1.4594e-18	1.434e-16
1.4137e+14	4.5787e-17	1.0647e-16
1.4147e+14	6.9378e-17	1.0437e-16
1.4156e+14	3.9317e-17	1.4318e-16
1.4165e+14	-3.2314e-18	1.7523e-16
1.4174e+14	4.0411e-19	1.6197e-16
1.4183e+14	4.5388e-17	1.256e-16
1.4192e+14	6.9795e-17	1.1811e-16
1.4201e+14	3.9903e-17	1.4959e-16
1.421e+14	-3.1649e-18	1.7379e-16
1.4219e+14	4.5693e-20	1.5149e-16
1.4228e+14	4.5322e-17	1.0552e-16
1.4238e+14	7.0324e-17	9.2053e-17
1.4247e+14	4.0221e-17	1.2627e-16
1.4256e+14	-4.3215e-18	1.6237e-16
1.4265e+14	-2.832e-18	1.5434e-16
1.4274e+14	4.2186e-17	1.1548e-16
1.4283e+14	6.9008e-17	9.8075e-17
1.4292e+14	4.1441e-17	1.2314e-16
1.4301e+14	-2.0825e-18	1.554e-16
1.431e+14	-2.0545e-18	1.5395e-16
1.432e+14	4.0309e-17	1.2636e-16
1.4329e+14	6.5592e-17	1.1324e-16
1.4338e+14	3.8729e-17	1.2888e-16
1.4347e+14	-2.8671e-18	1.4259e-16
1.4356e+14	-1.6904e-18	1.2541e-16
1.4365e+14	4.0027e-17	9.4144e-17
1.4374e+14	6.3659e-17	8.9345e-17
1.4383e+14	3.5783e-17	1.1819e-16
1.4392e+14	-5.2156e-18	1.4335e-16
1.4401e+14	-2.1947e-18	1.3444e-16
1.4411e+14	4.1449e-17	1.103e-16
1.442e+14	6.6048e-17	1.1194e-16
1.4429e+14	3.7804e-17	1.4307e-16
1.4438e+14	-4.5781e-18	1.6197e-16
1.4447e+14	-3.1392e-18	1.3788e-16
1.4456e+14	3.9653e-17	9.53e-17
1.4465e+14	6.46e-17	8.3961e-17
1.4474e+14	3.7475e-17	1.1387e-16
1.4483e+14	-4.1147e-18	1.4317e-16
1.4492e+14	-3.0551e-18	1.3493e-16
1.4502e+14	3.8412e-17	1.0549e-16
1.4511e+14	6.223e-17	9.9269e-17
1.452e+14	3.5158e-17	1.2617e-16
1.4529e+14	-5.308e-18	1.483e-16
1.4538e+14	-3.1406e-18	1.3343e-16
1.4547e+14	3.838e-17	1.0047e-16
1.4556e+14	6.1107e-17	9.3881e-17
1.4565e+14	3.2645e-17	1.2264e-16
1.4574e+14	-8.4848e-18	1.4816e-16
1.4584e+14	-5.7965e-18	1.3744e-16
1.4593e+14	3.7126e-17	1.0756e-16
1.4602e+14	6.1358e-17	1.0028e-16
1.4611e+14	3.3724e-17	1.2298e-16
1.462e+14	-7.607e-18	1.3862e-16
1.4629e+14	-5.8502e-18	1.1886e-16
1.4638e+14	3.6199e-17	8.5971e-17
1.4647e+14	6.0339e-17	8.412e-17
1.4656e+14	3.3477e-17	1.1861e-16
1.4665e+14	-6.8422e-18	1.4682e-16
1.4675e+14	-4.6171e-18	1.3412e-16
1.4684e+14	3.7084e-17	9.9103e-17
1.4693e+14	6.0467e-17	8.7193e-17
1.4702e+14	3.3098e-17	1.0977e-16
1.4711e+14	-7.0988e-18	1.3181e-16
1.472e+14	-4.2127e-18	1.227e-16
1.4729e+14	3.8307e-17	9.7862e-17
1.4738e+14	6.2231e-17	9.4176e-17
1.4747e+14	3.4805e-17	1.1577e-16
1.4756e+14	-6.1122e-18	1.2818e-16
1.4766e+14	-4.301e-18	1.0933e-16
1.4775e+14	3.734e-17	8.4159e-17
1.4784e+14	6.0946e-17	9.1598e-17
1.4793e+14	3.3574e-17	1.2826e-16
1.4802e+14	-7.4976e-18	1.488e-16
1.4811e+14	-6.403e-18	1.257e-16
1.482e+14	3.4255e-17	8.7333e-17
1.4829e+14	5.7305e-17	8.0684e-17
1.4838e+14	3.0245e-17	1.0829e-16
1.4848e+14	-9.7873e-18	1.2588e-16
1.4857e+14	-7.3406e-18	1.0466e-16
1.4866e+14	3.4733e-17	7.2619e-17
1.4875e+14	5.9177e-17	7.6634e-17
1.4884e+14	3.3208e-17	1.1617e-16
1.4893e+14	-6.5609e-18	1.4023e-16
1.4902e+14	-4.9595e-18	1.1404e-16
1.4911e+14	3.5603e-17	6.6228e-17
1.492e+14	5.8773e-17	5.2095e-17
1.4929e+14	3.2285e-17	8.1834e-17
1.4939e+14	-7.5975e-18	1.1002e-16
1.4948e+14	-6.4183e-18	9.9306e-17
1.4957e+14	3.3308e-17	7.0739e-17
1.4966e+14	5.6036e-17	7.2335e-17
1.4975e+14	3.0434e-17	1.1018e-16
1.4984e+14	-7.2704e-18	1.3764e-16
1.4993e+14	-3.8529e-18	1.1828e-16
1.5002e+14	3.6632e-17	7.6352e-17
1.5011e+14	5.7997e-17	6.5325e-17
1.502e+14	2.9658e-17	9.6653e-17
1.503e+14	-1.0567e-17	1.2558e-16
1.5039e+14	-8.0801e-18	1.1275e-16
1.5048e+14	3.3358e-17	7.7112e-17
1.5057e+14	5.663e-17	6.842e-17
1.5066e+14	2.9639e-17	9.7918e-17
1.5075e+14	-1.0771e-17	1.2305e-16
1.5084e+14	-9.6154e-18	1.07e-16
1.5093e+14	3.0881e-17	7.081e-17
1.5102e+14	5.5001e-17	6.5593e-17
1.5112e+14	3.0571e-17	1.0237e-16
1.5121e+14	-7.2289e-18	1.3555e-16
1.513e+14	-5.2826e-18	1.2343e-16
1.5139e+14	3.3773e-17	8.387e-17
1.5148e+14	5.558e-17	6.9622e-17
1.5157e+14	2.9755e-17	9.7038e-17
1.5166e+14	-7.9544e-18	1.2469e-16
1.5175e+14	-5.4367e-18	1.1043e-16
1.5184e+14	3.3321e-17	6.9101e-17
1.5193e+14	5.3724e-17	5.3011e-17
1.5203e+14	2.6484e-17	8.2287e-17
1.5212e+14	-1.1349e-17	1.19e-16
1.5221e+14	-7.4117e-18	1.1836e-16
1.523e+14	3.3338e-17	8.6669e-17
1.5239e+14	5.5037e-17	6.9133e-17
1.5248e+14	2.787e-17	8.7381e-17
1.5257e+14	-1.0685e-17	1.1257e-16
1.5266e+14	-7.4835e-18	1.0808e-16
1.5275e+14	3.2921e-17	8.0107e-17
1.5284e+14	5.4508e-17	6.693e-17
1.5294e+14	2.7101e-17	8.4318e-17
1.5303e+14	-1.1948e-17	1.0439e-16
1.5312e+14	-9.2818e-18	9.6064e-17
1.5321e+14	3.0863e-17	6.8996e-17
1.533e+14	5.2637e-17	5.935e-17
1.5339e+14	2.5871e-17	7.8584e-17
1.5348e+14	-1.2135e-17	9.7776e-17
1.5357e+14	-8.1445e-18	8.9243e-17
1.5366e+14	3.3238e-17	6.627e-17
1.5376e+14	5.5511e-17	6.4537e-17
1.5385e+14	2.7957e-17	9.1203e-17
1.5394e+14	-1.1966e-17	1.135e-16
1.5403e+14	-9.9939e-18	1.0361e-16
1.5412e+14	3.0507e-17	7.7361e-17
1.5421e+14	5.3456e-17	7.2238e-17
1.543e+14	2.733e-17	9.478e-17
1.5439e+14	-1.1745e-17	1.1103e-16
1.5448e+14	-1.0153e-17	9.4171e-17
1.5457e+14	2.932e-17	6.3458e-17
1.5467e+14	5.1781e-17	5.9317e-17
1.5476e+14	2.6391e-17	8.7727e-17
1.5485e+14	-1.1059e-17	1.1054e-16
1.5494e+14	-7.8877e-18	9.6302e-17
1.5503e+14	3.2345e-17	6.2836e-17
1.5512e+14	5.4497e-17	5.3432e-17
1.5521e+14	2.7892e-17	7.8802e-17
1.553e+14	-1.1277e-17	1.0359e-16
1.5539e+14	-9.7229e-18	9.5017e-17
1.5548e+14	2.9646e-17	6.6739e-17
1.5558e+14	5.196e-17	5.8472e-17
1.5567e+14	2.6118e-17	8.084e-17
1.5576e+14	-1.2492e-17	1.0178e-16
1.5585e+14	-1.0993e-17	9.2334e-17
1.5594e+14	2.8137e-17	6.7399e-17
1.5603e+14	5.0826e-17	6.4542e-17
1.5612e+14	2.6219e-17	9.0791e-17
1.5621e+14	-1.094e-17	1.1184e-16
1.563e+14	-8.6867e-18	9.9192e-17
1.564e+14	3.0196e-17	6.9861e-17
1.5649e+14	5.2069e-17	6.3268e-17
1.5658e+14	2.6591e-17	8.6777e-17
1.5667e+14	-1.1483e-17	1.053e-16
1.5676e+14	-1.0448e-17	8.9725e-17
1.5685e+14	2.7054e-17	5.7632e-17
1.5694e+14	4.8133e-17	4.9824e-17
1.5703e+14	2.3165e-17	7.4719e-17
1.5712e+14	-1.3197e-17	9.6917e-17
1.5721e+14	-1.021e-17	8.575e-17
1.5731e+14	2.8452e-17	5.7138e-17
1.574e+14	4.9614e-17	5.1377e-17
1.5749e+14	2.4182e-17	7.7571e-17
1.5758e+14	-1.2478e-17	1.0106e-16
1.5767e+14	-9.3607e-18	9.0852e-17
1.5776e+14	2.958e-17	6.1728e-17
1.5785e+14	5.073e-17	5.3424e-17
1.5794e+14	2.4819e-17	7.6116e-17
1.5803e+14	-1.2583e-17	9.7195e-17
1.5812e+14	-1.0099e-17	8.6886e-17
1.5822e+14	2.8523e-17	5.9271e-17
1.5831e+14	4.9538e-17	5.2388e-17
1.584e+14	2.3369e-17	7.5561e-17
1.5849e+14	-1.4488e-17	9.6891e-17
1.5858e+14	-1.2231e-17	8.7643e-17
1.5867e+14	2.7054e-17	6.1572e-17
1.5876e+14	4.9829e-17	5.4949e-17
1.5885e+14	2.5784e-17	7.5673e-17
1.5894e+14	-1.0916e-17	9.2494e-17
1.5904e+14	-9.3646e-18	7.9143e-17
1.5913e+14	2.7727e-17	5.1688e-17
1.5922e+14	4.826e-17	4.6885e-17
1.5931e+14	2.3317e-17	7.1477e-17
1.594e+14	-1.2652e-17	9.2862e-17
1.5949e+14	-9.6655e-18	8.4133e-17
1.5958e+14	2.8279e-17	6.0913e-17
1.5967e+14	4.8454e-17	5.8777e-17
1.5976e+14	2.2339e-17	8.2727e-17
1.5985e+14	-1.4618e-17	9.9331e-17
1.5995e+14	-1.1635e-17	8.3094e-17
1.6004e+14	2.7342e-17	5.3007e-17
1.6013e+14	4.89e-17	4.8033e-17
1.6022e+14	2.3668e-17	7.4476e-17
1.6031e+14	-1.3258e-17	9.737e-17
1.604e+14	-1.0701e-17	8.7806e-17
1.6049e+14	2.8096e-17	6.1339e-17
1.6058e+14	5.0004e-17	5.5124e-17
1.6067e+14	2.5174e-17	7.603e-17
1.6076e+14	-1.2086e-17	9.1708e-17
1.6086e+14	-1.0874e-17	7.6686e-17
1.6095e+14	2.6168e-17	4.9029e-17
1.6104e+14	4.6895e-17	4.6038e-17
1.6113e+14	2.1997e-17	7.2183e-17
1.6122e+14	-1.4467e-17	9.1669e-17
1.6131e+14	-1.2264e-17	7.6994e-17
1.614e+14	2.5502e-17	4.7257e-17
1.6149e+14	4.6671e-17	4.3189e-17
1.6158e+14	2.2171e-17	7.22e-17
1.6168e+14	-1.3723e-17	9.7986e-17
1.6177e+14	-1.0693e-17	8.8685e-17
1.6186e+14	2.8034e-17	5.8239e-17
1.6195e+14	4.9891e-17	4.5826e-17
1.6204e+14	2.523e-17	6.301e-17
1.6213e+14	-1.1945e-17	8.0952e-17
1.6222e+14	-1.0807e-17	7.3157e-17
1.6231e+14	2.6538e-17	5.2655e-17
1.624e+14	4.835e-17	5.1965e-17
1.6249e+14	2.4697e-17	7.5223e-17
1.6259e+14	-1.161e-17	9.0855e-17
1.6268e+14	-1.0693e-17	7.5941e-17
1.6277e+14	2.5555e-17	5.0033e-17
1.6286e+14	4.6463e-17	4.9744e-17
1.6295e+14	2.2822e-17	7.7899e-17
1.6304e+14	-1.2925e-17	9.7879e-17
1.6313e+14	-1.1843e-17	8.2549e-17
1.6322e+14	2.3844e-17	5.1566e-17
1.6331e+14	4.4226e-17	4.5507e-17
1.634e+14	2.1181e-17	7.1276e-17
1.635e+14	-1.2653e-17	9.2842e-17
1.6359e+14	-9.3968e-18	7.9915e-17
1.6368e+14	2.7253e-17	4.8426e-17
1.6377e+14	4.6729e-17	3.8271e-17
1.6386e+14	2.1564e-17	5.944e-17
1.6395e+14	-1.4193e-17	8.0014e-17
1.6404e+14	-1.1572e-17	7.1267e-17
1.6413e+14	2.577e-17	4.7019e-17
1.6422e+14	4.636e-17	4.3508e-17
1.6431e+14	2.1675e-17	6.8606e-17
1.6441e+14	-1.4568e-17	9.0853e-17
1.645e+14	-1.2754e-17	8.2879e-17
1.6459e+14	2.4475e-17	5.8515e-17
1.6468e+14	4.6032e-17	5.2414e-17
1.6477e+14	2.2697e-17	7.1272e-17
1.6486e+14	-1.3017e-17	8.4903e-17
1.6495e+14	-1.2075e-17	6.9432e-17
1.6504e+14	2.3502e-17	4.1985e-17
1.6513e+14	4.3891e-17	3.7927e-17
1.6523e+14	2.0673e-17	6.1871e-17
1.6532e+14	-1.3868e-17	8.0632e-17
1.6541e+14	-1.1524e-17	6.8453e-17
1.655e+14	2.5074e-17	4.2204e-17
1.6559e+14	4.6025e-17	3.779e-17
1.6568e+14	2.3015e-17	6.0375e-17
1.6577e+14	-1.1743e-17	7.746e-17
1.6586e+14	-1.0188e-17	6.4486e-17
1.6595e+14	2.5181e-17	3.9544e-17
1.6604e+14	4.4925e-17	3.8488e-17
1.6614e+14	2.1145e-17	6.4539e-17
1.6623e+14	-1.3883e-17	8.259e-17
1.6632e+14	-1.2265e-17	6.7166e-17
1.6641e+14	2.3455e-17	3.8276e-17
1.665e+14	4.3941e-17	3.5015e-17
1.6659e+14	2.1239e-17	6.2191e-17
1.6668e+14	-1.2822e-17	8.3167e-17
1.6677e+14	-1.0899e-17	6.9469e-17
1.6686e+14	2.432e-17	3.9754e-17
1.6695e+14	4.3936e-17	3.4654e-17
1.6705e+14	2.062e-17	6.1379e-17
1.6714e+14	-1.351e-17	8.3525e-17
1.6723e+14	-1.1292e-17	7.0188e-17
1.6732e+14	2.4212e-17	3.7791e-17
1.6741e+14	4.3885e-17	2.8031e-17
1.675e+14	2.0414e-17	5.2124e-17
1.6759e+14	-1.395e-17	7.6744e-17
1.6768e+14	-1.1929e-17	6.9717e-17
1.6777e+14	2.3442e-17	4.2679e-17
1.6787e+14	4.2953e-17	3.344e-17
1.6796e+14	1.9139e-17	5.3734e-17
1.6805e+14	-1.573e-17	7.419e-17
1.6814e+14	-1.4e-17	6.5861e-17
1.6823e+14	2.1849e-17	4.0072e-17
1.6832e+14	4.2791e-17	3.2116e-17
1.6841e+14	2.0786e-17	5.2525e-17
1.685e+14	-1.2925e-17	7.3503e-17
1.6859e+14	-1.1338e-17	6.8182e-17
1.6868e+14	2.3363e-17	4.7234e-17
1.6878e+14	4.3057e-17	4.2348e-17
1.6887e+14	2.0364e-17	6.0877e-17
1.6896e+14	-1.351e-17	7.576e-17
1.6905e+14	-1.1913e-17	6.4591e-17
1.6914e+14	2.2907e-17	4.2324e-17
1.6923e+14	4.3079e-17	4.0891e-17
1.6932e+14	2.1236e-17	6.3745e-17
1.6941e+14	-1.1982e-17	7.9407e-17
1.695e+14	-1.0616e-17	6.439e-17
1.6959e+14	2.3041e-17	3.6549e-17
1.6969e+14	4.1889e-17	3.1861e-17
1.6978e+14	1.9449e-17	5.5482e-17
1.6987e+14	-1.3458e-17	7.4279e-17
1.6996e+14	-1.1445e-17	6.1821e-17
1.7005e+14	2.2555e-17	3.4655e-17
1.7014e+14	4.1355e-17	3.0091e-17
1.7023e+14	1.8828e-17	5.5485e-17
1.7032e+14	-1.3934e-17	7.8086e-17
1.7041e+14	-1.1649e-17	6.917e-17
1.7051e+14	2.2518e-17	4.2251e-17
1.706e+14	4.135e-17	3.3783e-17
1.7069e+14	1.8903e-17	5.3457e-17
1.7078e+14	-1.3616e-17	7.2087e-17
1.7087e+14	-1.1026e-17	6.2662e-17
1.7096e+14	2.3337e-17	3.7402e-17
1.7105e+14	4.219e-17	3.0211e-17
1.7114e+14	1.961e-17	4.9657e-17
1.7123e+14	-1.3219e-17	6.764e-17
1.7132e+14	-1.1165e-17	5.8724e-17
1.7142e+14	2.2526e-17	3.5157e-17
1.7151e+14	4.0862e-17	2.9375e-17
1.716e+14	1.8197e-17	4.9004e-17
1.7169e+14	-1.4284e-17	6.702e-17
1.7178e+14	-1.1713e-17	6.0123e-17
1.7187e+14	2.2416e-17	4.1233e-17
1.7196e+14	4.11e-17	4.0666e-17
1.7205e+14	1.8814e-17	6.2568e-17
1.7214e+14	-1.3278e-17	7.7925e-17
1.7223e+14	-1.0561e-17	6.4507e-17
1.7233e+14	2.3211e-17	3.837e-17
1.7242e+14	4.1073e-17	3.2732e-17
1.7251e+14	1.7912e-17	5.2894e-17
1.726e+14	-1.4585e-17	6.9319e-17
1.7269e+14	-1.1541e-17	5.8419e-17
1.7278e+14	2.3078e-17	3.4713e-17
1.7287e+14	4.1741e-17	3.0154e-17
1.7296e+14	1.8798e-17	4.9661e-17
1.7305e+14	-1.4149e-17	6.4705e-17
1.7315e+14	-1.1744e-17	5.3646e-17
1.7324e+14	2.2721e-17	3.2379e-17
1.7333e+14	4.1964e-17	3.2269e-17
1.7342e+14	1.9836e-17	5.5893e-17
1.7351e+14	-1.2925e-17	7.2418e-17
1.736e+14	-1.1405e-17	5.9651e-17
1.7369e+14	2.1555e-17	3.4728e-17
1.7378e+14	3.9666e-17	3.0685e-17
1.7387e+14	1.7472e-17	5.1084e-17
1.7396e+14	-1.4441e-17	6.5594e-17
1.7406e+14	-1.1915e-17	5.2755e-17
1.7415e+14	2.1539e-17	3.0433e-17
1.7424e+14	3.95e-17	3.1076e-17
1.7433e+14	1.6825e-17	5.5703e-17
1.7442e+14	-1.5511e-17	7.0954e-17
1.7451e+14	-1.3067e-17	5.4585e-17
1.746e+14	2.0825e-17	2.7105e-17
1.7469e+14	3.9806e-17	2.5076e-17
1.7478e+14	1.8517e-17	5.1507e-17
1.7487e+14	-1.2613e-17	7.1177e-17
1.7497e+14	-9.7774e-18	5.7981e-17
1.7506e+14	2.3412e-17	3.0207e-17
1.7515e+14	4.0892e-17	2.5599e-17
1.7524e+14	1.8006e-17	5.008e-17
1.7533e+14	-1.4125e-17	6.9922e-17
1.7542e+14	-1.137e-17	5.7856e-17
1.7551e+14	2.2505e-17	3.0081e-17
1.756e+14	4.0925e-17	2.394e-17
1.7569e+14	1.8641e-17	4.7229e-17
1.7579e+14	-1.3559e-17	6.8396e-17
1.7588e+14	-1.1395e-17	6.0274e-17
1.7597e+14	2.1866e-17	3.6745e-17
1.7606e+14	4.0079e-17	3.2288e-17
1.7615e+14	1.7996e-17	5.3496e-17
1.7624e+14	-1.3946e-17	6.9937e-17
1.7633e+14	-1.1747e-17	5.6844e-17
1.7642e+14	2.1425e-17	3.0216e-17
1.7651e+14	3.9728e-17	2.544e-17
1.766e+14	1.801e-17	4.8701e-17
1.767e+14	-1.355e-17	6.8218e-17
1.7679e+14	-1.1261e-17	5.7529e-17
1.7688e+14	2.1721e-17	3.1332e-17
1.7697e+14	3.9867e-17	2.4764e-17
1.7706e+14	1.8254e-17	4.5001e-17
1.7715e+14	-1.3072e-17	6.2053e-17
1.7724e+14	-1.0762e-17	5.118e-17
1.7733e+14	2.1844e-17	2.7847e-17
1.7742e+14	3.9358e-17	2.6422e-17
1.7751e+14	1.716e-17	5.1807e-17
1.7761e+14	-1.4459e-17	7.1151e-17
1.777e+14	-1.2028e-17	5.7963e-17
1.7779e+14	2.113e-17	2.8549e-17
1.7788e+14	3.9487e-17	2.0612e-17
1.7797e+14	1.8067e-17	4.2842e-17
1.7806e+14	-1.3241e-17	6.4003e-17
1.7815e+14	-1.1069e-17	5.6003e-17
1.7824e+14	2.1591e-17	3.1736e-17
1.7833e+14	3.9628e-17	2.6209e-17
1.7843e+14	1.8092e-17	4.755e-17
1.7852e+14	-1.3532e-17	6.5621e-17
1.7861e+14	-1.2169e-17	5.3801e-17
1.787e+14	1.9529e-17	2.6206e-17
1.7879e+14	3.7239e-17	1.8923e-17
1.7888e+14	1.6473e-17	4.0852e-17
1.7897e+14	-1.3694e-17	6.1564e-17
1.7906e+14	-1.1152e-17	5.282e-17
1.7915e+14	2.0781e-17	2.6978e-17
1.7924e+14	3.7927e-17	1.9961e-17
1.7934e+14	1.6456e-17	4.233e-17
1.7943e+14	-1.4054e-17	6.5111e-17
1.7952e+14	-1.1465e-17	5.9058e-17
1.7961e+14	2.0706e-17	3.3375e-17
1.797e+14	3.8196e-17	2.1863e-17
1.7979e+14	1.7199e-17	3.6903e-17
1.7988e+14	-1.2824e-17	5.4623e-17
1.7997e+14	-1.0055e-17	5.0033e-17
1.8006e+14	2.1721e-17	3.1915e-17
1.8015e+14	3.8338e-17	2.9065e-17
1.8025e+14	1.6417e-17	4.8266e-17
1.8034e+14	-1.4136e-17	6.3662e-17
1.8043e+14	-1.1314e-17	5.285e-17
1.8052e+14	2.1008e-17	2.9188e-17
1.8061e+14	3.8422e-17	2.4555e-17
1.807e+14	1.7268e-17	4.5666e-17
1.8079e+14	-1.2831e-17	6.4299e-17
1.8088e+14	-1.008e-17	5.5441e-17
1.8097e+14	2.163e-17	3.1226e-17
1.8107e+14	3.811e-17	2.4098e-17
1.8116e+14	1.6044e-17	4.2409e-17
1.8125e+14	-1.4655e-17	5.9473e-17
1.8134e+14	-1.2043e-17	5.0877e-17
1.8143e+14	2.0014e-17	2.8406e-17
1.8152e+14	3.7245e-17	2.3779e-17
1.8161e+14	1.6112e-17	4.4682e-17
1.817e+14	-1.3808e-17	6.3689e-17
1.8179e+14	-1.0877e-17	5.5375e-17
1.8188e+14	2.098e-17	3.0758e-17
1.8198e+14	3.7757e-17	2.2132e-17
1.8207e+14	1.6325e-17	3.9415e-17
1.8216e+14	-1.3518e-17	5.7651e-17
1.8225e+14	-1.0303e-17	5.1844e-17
1.8234e+14	2.1572e-17	3.0608e-17
1.8243e+14	3.7713e-17	2.2947e-17
1.8252e+14	1.5104e-17	3.7743e-17
1.8261e+14	-1.5745e-17	5.2429e-17
1.827e+14	-1.2506e-17	4.5643e-17
1.8279e+14	2.0691e-17	2.7368e-17
1.8289e+14	3.8702e-17	2.4367e-17
1.8298e+14	1.7181e-17	4.185e-17
1.8307e+14	-1.421e-17	5.5598e-17
1.8316e+14	-1.2694e-17	4.5917e-17
1.8325e+14	1.9032e-17	2.5798e-17
1.8334e+14	3.7016e-17	2.3308e-17
1.8343e+14	1.6816e-17	4.217e-17
1.8352e+14	-1.3114e-17	5.5639e-17
1.8361e+14	-1.1137e-17	4.3097e-17
1.8371e+14	1.9987e-17	1.9178e-17
1.838e+14	3.716e-17	1.4719e-17
1.8389e+14	1.6696e-17	3.4972e-17
1.8398e+14	-1.3013e-17	5.2281e-17
1.8407e+14	-1.093e-17	4.3541e-17
1.8416e+14	1.988e-17	2.1416e-17
1.8425e+14	3.6676e-17	1.6849e-17
1.8434e+14	1.6316e-17	3.7042e-17
1.8443e+14	-1.2777e-17	5.6256e-17
1.8452e+14	-1.0145e-17	5.1261e-17
1.8462e+14	2.0545e-17	3.2188e-17
1.8471e+14	3.6534e-17	2.6873e-17
1.848e+14	1.527e-17	4.1526e-17
1.8489e+14	-1.4177e-17	5.2767e-17
1.8498e+14	-1.1171e-17	4.1636e-17
1.8507e+14	2.0238e-17	2.1397e-17
1.8516e+14	3.6698e-17	1.9726e-17
1.8525e+14	1.5307e-17	3.9827e-17
1.8534e+14	-1.4704e-17	5.4947e-17
1.8543e+14	-1.2138e-17	4.4685e-17
1.8553e+14	1.9491e-17	2.3187e-17
1.8562e+14	3.6859e-17	1.9984e-17
1.8571e+14	1.6474e-17	3.9514e-17
1.858e+14	-1.3193e-17	5.5056e-17
1.8589e+14	-1.1196e-17	4.5494e-17
1.8598e+14	1.9463e-17	2.4246e-17
1.8607e+14	3.6265e-17	2.0504e-17
1.8616e+14	1.6031e-17	3.8818e-17
1.8625e+14	-1.3214e-17	5.2962e-17
1.8635e+14	-1.1204e-17	4.2504e-17
1.8644e+14	1.8906e-17	2.1346e-17
1.8653e+14	3.5138e-17	1.8548e-17
1.8662e+14	1.495e-17	3.7892e-17
1.8671e+14	-1.359e-17	5.2293e-17
1.868e+14	-1.082e-17	4.1115e-17
1.8689e+14	1.9447e-17	1.898e-17
1.8698e+14	3.5098e-17	1.6078e-17
1.8707e+14	1.4026e-17	3.6809e-17
1.8716e+14	-1.5122e-17	5.3635e-17
1.8726e+14	-1.2347e-17	4.4663e-17
1.8735e+14	1.8562e-17	2.3311e-17
1.8744e+14	3.5316e-17	1.9401e-17
1.8753e+14	1.5494e-17	3.7969e-17
1.8762e+14	-1.2695e-17	5.2616e-17
1.8771e+14	-9.6793e-18	4.2388e-17
1.878e+14	2.0585e-17	2.0992e-17
1.8789e+14	3.6068e-17	1.7913e-17
1.8798e+14	1.4918e-17	3.7556e-17
1.8807e+14	-1.4111e-17	5.296e-17
1.8817e+14	-1.1201e-17	4.2867e-17
1.8826e+14	1.9567e-17	2.0992e-17
1.8835e+14	3.5798e-17	1.7104e-17
1.8844e+14	1.5238e-17	3.6089e-17
1.8853e+14	-1.3587e-17	5.1518e-17
1.8862e+14	-1.0827e-17	4.2446e-17
1.8871e+14	1.9672e-17	2.2416e-17
1.888e+14	3.5731e-17	2.0454e-17
1.8889e+14	1.5103e-17	4.0367e-17
1.8898e+14	-1.3856e-17	5.4828e-17
1.8908e+14	-1.1416e-17	4.2761e-17
1.8917e+14	1.8683e-17	1.8602e-17
1.8926e+14	3.4505e-17	1.3033e-17
1.8935e+14	1.3946e-17	3.1522e-17
1.8944e+14	-1.4713e-17	4.7577e-17
1.8953e+14	-1.1894e-17	3.9673e-17
1.8962e+14	1.8626e-17	2.0719e-17
1.8971e+14	3.4983e-17	1.9486e-17
1.898e+14	1.5045e-17	3.994e-17
1.899e+14	-1.3147e-17	5.4975e-17
1.8999e+14	-1.0304e-17	4.344e-17
1.9008e+14	1.973e-17	1.9428e-17
1.9017e+14	3.5343e-17	1.337e-17
1.9026e+14	1.478e-17	3.0918e-17
1.9035e+14	-1.3682e-17	4.6113e-17
1.9044e+14	-1.0752e-17	3.7855e-17
1.9053e+14	1.9592e-17	1.8971e-17
1.9062e+14	3.5566e-17	1.7708e-17
1.9071e+14	1.5252e-17	3.7588e-17
1.9081e+14	-1.3212e-17	5.1712e-17
1.909e+14	-1.0575e-17	3.9819e-17
1.9099e+14	1.9311e-17	1.6916e-17
1.9108e+14	3.4904e-17	1.3405e-17
1.9117e+14	1.4473e-17	3.355e-17
1.9126e+14	-1.3849e-17	4.9389e-17
1.9135e+14	-1.0988e-17	3.8836e-17
1.9144e+14	1.8994e-17	1.5977e-17
1.9153e+14	3.4464e-17	1.2033e-17
1.9162e+14	1.3805e-17	3.2969e-17
1.9172e+14	-1.4552e-17	5.1524e-17
1.9181e+14	-1.1233e-17	4.4208e-17
1.919e+14	1.9716e-17	2.2467e-17
1.9199e+14	3.6205e-17	1.5949e-17
1.9208e+14	1.5866e-17	3.1767e-17
1.9217e+14	-1.3363e-17	4.5948e-17
1.9226e+14	-1.1829e-17	3.7921e-17
1.9235e+14	1.7419e-17	1.9398e-17
1.9244e+14	3.3315e-17	1.7497e-17
1.9254e+14	1.3783e-17	3.6062e-17
1.9263e+14	-1.3836e-17	4.9528e-17
1.9272e+14	-1.0848e-17	3.8252e-17
1.9281e+14	1.9059e-17	1.6245e-17
1.929e+14	3.4768e-17	1.2445e-17
1.9299e+14	1.4511e-17	3.1077e-17
1.9308e+14	-1.4012e-17	4.5922e-17
1.9317e+14	-1.1797e-17	3.66e-17
1.9326e+14	1.7747e-17	1.6742e-17
1.9335e+14	3.3653e-17	1.4999e-17
1.9345e+14	1.4029e-17	3.507e-17
1.9354e+14	-1.3805e-17	5.0197e-17
1.9363e+14	-1.1194e-17	4.0012e-17
1.9372e+14	1.8388e-17	1.8892e-17
1.9381e+14	3.4173e-17	1.6336e-17
1.939e+14	1.4458e-17	3.6129e-17
1.9399e+14	-1.3416e-17	5.0691e-17
1.9408e+14	-1.0856e-17	3.8818e-17
1.9417e+14	1.8677e-17	1.51e-17
1.9426e+14	3.4474e-17	1.0396e-17
1.9436e+14	1.4785e-17	2.9887e-17
1.9445e+14	-1.3216e-17	4.6172e-17
1.9454e+14	-1.1018e-17	3.685e-17
1.9463e+14	1.8088e-17	1.5031e-17
1.9472e+14	3.3694e-17	1.1022e-17
1.9481e+14	1.4188e-17	3.0548e-17
1.949e+14	-1.3398e-17	4.6991e-17
1.9499e+14	-1.0781e-17	3.8139e-17
1.9508e+14	1.8656e-17	1.672e-17
1.9518e+14	3.4503e-17	1.2705e-17
1.9527e+14	1.5039e-17	3.1855e-17
1.9536e+14	-1.2918e-17	4.7667e-17
1.9545e+14	-1.1103e-17	3.7808e-17
1.9554e+14	1.7501e-17	1.4925e-17
1.9563e+14	3.3055e-17	9.5319e-18
1.9572e+14	1.4039e-17	2.8562e-17
1.9581e+14	-1.3151e-17	4.6372e-17
1.959e+14	-1.0909e-17	4.0082e-17
1.9599e+14	1.7537e-17	2.0322e-17
1.9609e+14	3.2724e-17	1.5368e-17
1.9618e+14	1.3667e-17	3.1301e-17
1.9627e+14	-1.3138e-17	4.3695e-17
1.9636e+14	-1.0525e-17	3.233e-17
1.9645e+14	1.7801e-17	1.0505e-17
1.9654e+14	3.2396e-17	7.8047e-18
1.9663e+14	1.2812e-17	2.9469e-17
1.9672e+14	-1.3903e-17	4.8267e-17
1.9681e+14	-1.0517e-17	4.0511e-17
1.969e+14	1.8753e-17	1.7424e-17
1.97e+14	3.3781e-17	9.4291e-18
1.9709e+14	1.3781e-17	2.5173e-17
1.9718e+14	-1.393e-17	4.1061e-17
1.9727e+14	-1.1441e-17	3.4665e-17
1.9736e+14	1.7634e-17	1.5413e-17
1.9745e+14	3.3245e-17	1.0678e-17
1.9754e+14	1.4113e-17	2.7382e-17
1.9763e+14	-1.3082e-17	4.2532e-17
1.9772e+14	-1.0681e-17	3.5411e-17
1.9782e+14	1.7984e-17	1.636e-17
1.9791e+14	3.3324e-17	1.2245e-17
1.98e+14	1.4242e-17	2.9033e-17
1.9809e+14	-1.2781e-17	4.3575e-17
1.9818e+14	-1.0335e-17	3.5912e-17
1.9827e+14	1.8264e-17	1.7101e-17
1.9836e+14	3.3613e-17	1.3861e-17
1.9845e+14	1.4636e-17	3.1316e-17
1.9854e+14	-1.2452e-17	4.5589e-17
1.9863e+14	-1.0473e-17	3.6663e-17
1.9873e+14	1.7427e-17	1.6097e-17
1.9882e+14	3.2376e-17	1.1247e-17
1.9891e+14	1.3684e-17	2.7731e-17
1.99e+14	-1.2603e-17	4.1953e-17
1.9909e+14	-9.9179e-18	3.383e-17
1.9918e+14	1.8074e-17	1.4392e-17
1.9927e+14	3.2473e-17	1.0176e-17
1.9936e+14	1.2993e-17	2.6292e-17
1.9945e+14	-1.3856e-17	3.946e-17
1.9954e+14	-1.1277e-17	3.0632e-17
1.9964e+14	1.7032e-17	1.1766e-17
1.9973e+14	3.1982e-17	9.3837e-18
1.9982e+14	1.3036e-17	2.754e-17
1.9991e+14	-1.3517e-17	4.1639e-17
2e+14	-1.0946e-17	3.2074e-17
