#Error on normalization	O = 0.341 %	H = 3.214 %
#Frequence (s-1)	S_O (s)	S_H (s)
0	1.6811e-16	-5.1633e-17
1.4378e+11	2.5744e-17	-1.0459e-17
2.8756e+11	-1.845e-16	5.7469e-17
4.3134e+11	-1.3285e-16	6.3235e-17
5.7513e+11	1.2841e-16	9.1307e-18
7.1891e+11	2.285e-16	-1.4309e-17
8.6269e+11	3.1796e-17	4.5718e-17
1.0065e+12	-1.2635e-16	1.3078e-16
1.1503e+12	8.4607e-17	1.511e-16
1.294e+12	4.5408e-16	1.0723e-16
1.4378e+12	4.617e-16	8.818e-17
1.5816e+12	4.5474e-17	1.5315e-16
1.7254e+12	-1.9281e-16	2.584e-16
1.8692e+12	2.2073e-16	3.1906e-16
2.0129e+12	8.5824e-16	3.1264e-16
2.1567e+12	8.3387e-16	2.9143e-16
2.3005e+12	6.2393e-17	3.0841e-16
2.4443e+12	-4.0141e-16	3.6669e-16
2.5881e+12	3.2385e-16	4.4099e-16
2.7318e+12	1.579e-15	5.1328e-16
2.8756e+12	1.8047e-15	5.7421e-16
3.0194e+12	7.2128e-16	6.2164e-16
3.1632e+12	1.2395e-16	6.8111e-16
3.307e+12	1.6851e-15	7.9562e-16
3.4508e+12	4.2477e-15	9.5236e-16
3.5945e+12	4.6597e-15	1.0478e-15
3.7383e+12	2.2166e-15	1.0116e-15
3.8821e+12	1.455e-15	9.9167e-16
4.0259e+12	8.5541e-15	1.3123e-15
4.1697e+12	2.3842e-14	2.1181e-15
4.3134e+12	3.8793e-14	3.0573e-15
4.4572e+12	4.2408e-14	3.4641e-15
4.601e+12	3.1561e-14	2.9824e-15
4.7448e+12	1.4442e-14	1.9809e-15
4.8886e+12	2.9087e-15	1.2395e-15
5.0324e+12	1.6437e-15	1.1988e-15
5.1761e+12	5.562e-15	1.6094e-15
5.3199e+12	7.5114e-15	1.9569e-15
5.4637e+12	6.7222e-15	2.102e-15
5.6075e+12	8.3258e-15	2.3337e-15
5.7513e+12	1.5491e-14	2.8291e-15
5.895e+12	2.4502e-14	3.3023e-15
6.0388e+12	2.8851e-14	3.3637e-15
6.1826e+12	2.6871e-14	3.1021e-15
6.3264e+12	2.3192e-14	3.0419e-15
6.4702e+12	2.2573e-14	3.4469e-15
6.6139e+12	2.4457e-14	3.9012e-15
6.7577e+12	2.5289e-14	3.8199e-15
6.9015e+12	2.4939e-14	3.303e-15
7.0453e+12	2.7853e-14	3.1606e-15
7.1891e+12	3.6533e-14	3.9234e-15
7.3329e+12	4.5885e-14	5.0266e-15
7.4766e+12	4.7081e-14	5.3028e-15
7.6204e+12	3.786e-14	4.3382e-15
7.7642e+12	2.7161e-14	3.0891e-15
7.908e+12	2.7613e-14	2.9369e-15
8.0518e+12	4.3496e-14	4.2241e-15
8.1955e+12	6.7341e-14	5.9542e-15
8.3393e+12	8.832e-14	6.95e-15
8.4831e+12	1.0225e-13	7.0501e-15
8.6269e+12	1.1222e-13	6.9825e-15
8.7707e+12	1.2088e-13	7.2377e-15
8.9145e+12	1.2499e-13	7.4299e-15
9.0582e+12	1.1891e-13	6.8872e-15
9.202e+12	1.0206e-13	5.6093e-15
9.3458e+12	8.0753e-14	4.3397e-15
9.4896e+12	6.2549e-14	3.7144e-15
9.6334e+12	5.0227e-14	3.6095e-15
9.7771e+12	4.1886e-14	3.4614e-15
9.9209e+12	3.5477e-14	3.0402e-15
1.0065e+13	3.1273e-14	2.6601e-15
1.0208e+13	2.9949e-14	2.6553e-15
1.0352e+13	3.0278e-14	2.9119e-15
1.0496e+13	3.0189e-14	3.0613e-15
1.064e+13	2.9417e-14	2.9815e-15
1.0784e+13	2.947e-14	2.8875e-15
1.0927e+13	3.0867e-14	2.9496e-15
1.1071e+13	3.1942e-14	3.055e-15
1.1215e+13	3.1439e-14	3.0581e-15
1.1359e+13	3.1238e-14	3.0919e-15
1.1503e+13	3.4592e-14	3.4028e-15
1.1646e+13	4.1388e-14	3.9047e-15
1.179e+13	4.69e-14	4.1429e-15
1.1934e+13	4.6892e-14	3.8392e-15
1.2078e+13	4.3454e-14	3.3303e-15
1.2221e+13	4.3899e-14	3.2494e-15
1.2365e+13	5.2925e-14	3.7767e-15
1.2509e+13	6.6761e-14	4.4003e-15
1.2653e+13	7.6328e-14	4.5154e-15
1.2797e+13	7.6112e-14	4.1161e-15
1.294e+13	6.9007e-14	3.7274e-15
1.3084e+13	6.2451e-14	3.7236e-15
1.3228e+13	6.1115e-14	3.9466e-15
1.3372e+13	6.4199e-14	4.0657e-15
1.3515e+13	6.8629e-14	4.092e-15
1.3659e+13	7.2595e-14	4.2966e-15
1.3803e+13	7.5224e-14	4.6846e-15
1.3947e+13	7.4713e-14	4.8437e-15
1.4091e+13	6.9247e-14	4.468e-15
1.4234e+13	6.0165e-14	3.8574e-15
1.4378e+13	5.243e-14	3.6412e-15
1.4522e+13	5.0355e-14	4.0109e-15
1.4666e+13	5.3079e-14	4.4583e-15
1.4809e+13	5.5476e-14	4.4e-15
1.4953e+13	5.3816e-14	3.8956e-15
1.5097e+13	4.9567e-14	3.528e-15
1.5241e+13	4.7033e-14	3.6192e-15
1.5385e+13	4.8046e-14	3.8327e-15
1.5528e+13	5.024e-14	3.6818e-15
1.5672e+13	5.0498e-14	3.2383e-15
1.5816e+13	4.8707e-14	3.0695e-15
1.596e+13	4.7238e-14	3.4842e-15
1.6104e+13	4.7532e-14	4.1021e-15
1.6247e+13	4.8727e-14	4.3253e-15
1.6391e+13	4.9853e-14	4.0737e-15
1.6535e+13	5.1961e-14	3.8142e-15
1.6679e+13	5.6702e-14	3.8868e-15
1.6822e+13	6.3069e-14	4.0758e-15
1.6966e+13	6.6998e-14	3.9953e-15
1.711e+13	6.5107e-14	3.7131e-15
1.7254e+13	5.8513e-14	3.7067e-15
1.7398e+13	5.2291e-14	4.1896e-15
1.7541e+13	5.1109e-14	4.7475e-15
1.7685e+13	5.564e-14	4.8259e-15
1.7829e+13	6.2825e-14	4.4426e-15
1.7973e+13	6.8711e-14	4.1733e-15
1.8116e+13	7.0818e-14	4.4176e-15
1.826e+13	6.8885e-14	4.9104e-15
1.8404e+13	6.4757e-14	5.0974e-15
1.8548e+13	6.1594e-14	4.8424e-15
1.8692e+13	6.1842e-14	4.5355e-15
1.8835e+13	6.4795e-14	4.5309e-15
1.8979e+13	6.6499e-14	4.7311e-15
1.9123e+13	6.3224e-14	4.8495e-15
1.9267e+13	5.5444e-14	4.8849e-15
1.941e+13	4.7688e-14	5.0737e-15
1.9554e+13	4.3838e-14	5.409e-15
1.9698e+13	4.3096e-14	5.5079e-15
1.9842e+13	4.1465e-14	5.1252e-15
1.9986e+13	3.7067e-14	4.617e-15
2.0129e+13	3.271e-14	4.6162e-15
2.0273e+13	3.2331e-14	5.2438e-15
2.0417e+13	3.5655e-14	5.8969e-15
2.0561e+13	3.7837e-14	5.9558e-15
2.0705e+13	3.4812e-14	5.521e-15
2.0848e+13	2.7924e-14	5.2205e-15
2.0992e+13	2.225e-14	5.3618e-15
2.1136e+13	2.0801e-14	5.5824e-15
2.128e+13	2.1664e-14	5.4557e-15
2.1423e+13	2.1194e-14	5.1734e-15
2.1567e+13	1.8757e-14	5.3093e-15
2.1711e+13	1.702e-14	5.967e-15
2.1855e+13	1.7868e-14	6.5303e-15
2.1999e+13	1.9621e-14	6.4486e-15
2.2142e+13	1.9175e-14	6.0288e-15
2.2286e+13	1.609e-14	6.1095e-15
2.243e+13	1.3184e-14	6.974e-15
2.2574e+13	1.2933e-14	7.9364e-15
2.2717e+13	1.442e-14	8.1856e-15
2.2861e+13	1.4683e-14	7.7954e-15
2.3005e+13	1.2523e-14	7.5747e-15
2.3149e+13	9.8471e-15	7.9851e-15
2.3293e+13	9.0638e-15	8.5953e-15
2.3436e+13	1.0137e-14	8.7761e-15
2.358e+13	1.0994e-14	8.6132e-15
2.3724e+13	1.0369e-14	8.7367e-15
2.3868e+13	9.1844e-15	9.3271e-15
2.4012e+13	8.9098e-15	9.772e-15
2.4155e+13	9.455e-15	9.5495e-15
2.4299e+13	9.4877e-15	9.1123e-15
2.4443e+13	8.4946e-15	9.4162e-15
2.4587e+13	7.545e-15	1.0607e-14
2.473e+13	7.7101e-15	1.1694e-14
2.4874e+13	8.4504e-15	1.1813e-14
2.5018e+13	8.3031e-15	1.1475e-14
2.5162e+13	6.9406e-15	1.2004e-14
2.5306e+13	5.7222e-15	1.3742e-14
2.5449e+13	5.924e-15	1.5399e-14
2.5593e+13	7.0248e-15	1.5569e-14
2.5737e+13	7.3722e-15	1.4571e-14
2.5881e+13	6.3434e-15	1.4173e-14
2.6024e+13	5.1326e-15	1.5431e-14
2.6168e+13	5.1659e-15	1.7394e-14
2.6312e+13	6.2869e-15	1.8359e-14
2.6456e+13	7.0574e-15	1.8054e-14
2.66e+13	6.6426e-15	1.7878e-14
2.6743e+13	5.7388e-15	1.8911e-14
2.6887e+13	5.4479e-15	2.0462e-14
2.7031e+13	5.7753e-15	2.1166e-14
2.7175e+13	5.78e-15	2.1133e-14
2.7318e+13	5.0247e-15	2.2022e-14
2.7462e+13	4.2458e-15	2.4661e-14
2.7606e+13	4.3551e-15	2.7386e-14
2.775e+13	5.209e-15	2.771e-14
2.7894e+13	5.8151e-15	2.558e-14
2.8037e+13	5.6094e-15	2.4001e-14
2.8181e+13	5.042e-15	2.5771e-14
2.8325e+13	4.796e-15	3.0036e-14
2.8469e+13	4.8709e-15	3.3009e-14
2.8613e+13	4.7965e-15	3.2235e-14
2.8756e+13	4.5061e-15	2.9372e-14
2.89e+13	4.4721e-15	2.8157e-14
2.9044e+13	4.892e-15	3.0046e-14
2.9188e+13	5.213e-15	3.2805e-14
2.9331e+13	4.8357e-15	3.357e-14
2.9475e+13	4.0572e-15	3.2386e-14
2.9619e+13	3.8216e-15	3.1861e-14
2.9763e+13	4.4744e-15	3.3604e-14
2.9907e+13	5.2212e-15	3.6107e-14
3.005e+13	5.1412e-15	3.6682e-14
3.0194e+13	4.4572e-15	3.4817e-14
3.0338e+13	4.2929e-15	3.2661e-14
3.0482e+13	5.145e-15	3.2187e-14
3.0625e+13	6.1047e-15	3.2814e-14
3.0769e+13	5.9534e-15	3.2481e-14
3.0913e+13	4.7538e-15	3.058e-14
3.1057e+13	3.8287e-15	2.8855e-14
3.1201e+13	4.1081e-15	2.9169e-14
3.1344e+13	4.9861e-15	3.1112e-14
3.1488e+13	5.1669e-15	3.2517e-14
3.1632e+13	4.3646e-15	3.2089e-14
3.1776e+13	3.6286e-15	3.0756e-14
3.1919e+13	3.9229e-15	3.0218e-14
3.2063e+13	4.8813e-15	3.0804e-14
3.2207e+13	5.3482e-15	3.1368e-14
3.2351e+13	4.9026e-15	3.1044e-14
3.2495e+13	4.3123e-15	3.0269e-14
3.2638e+13	4.3946e-15	2.9827e-14
3.2782e+13	4.9035e-15	2.9532e-14
3.2926e+13	4.9363e-15	2.8592e-14
3.307e+13	4.2231e-15	2.7119e-14
3.3214e+13	3.5022e-15	2.6419e-14
3.3357e+13	3.506e-15	2.7326e-14
3.3501e+13	3.999e-15	2.8728e-14
3.3645e+13	4.1658e-15	2.8533e-14
3.3789e+13	3.7446e-15	2.6171e-14
3.3932e+13	3.3092e-15	2.3505e-14
3.4076e+13	3.3684e-15	2.2811e-14
3.422e+13	3.6288e-15	2.4198e-14
3.4364e+13	3.4849e-15	2.564e-14
3.4508e+13	2.9998e-15	2.5561e-14
3.4651e+13	2.902e-15	2.4693e-14
3.4795e+13	3.5281e-15	2.4909e-14
3.4939e+13	4.2084e-15	2.6596e-14
3.5083e+13	4.0574e-15	2.7996e-14
3.5226e+13	3.1714e-15	2.7363e-14
3.537e+13	2.5794e-15	2.5175e-14
3.5514e+13	2.9331e-15	2.3568e-14
3.5658e+13	3.6624e-15	2.3707e-14
3.5802e+13	3.7447e-15	2.442e-14
3.5945e+13	3.0693e-15	2.3786e-14
3.6089e+13	2.564e-15	2.1652e-14
3.6233e+13	2.915e-15	1.9946e-14
3.6377e+13	3.6201e-15	2.043e-14
3.652e+13	3.6638e-15	2.2646e-14
3.6664e+13	2.898e-15	2.4444e-14
3.6808e+13	2.2498e-15	2.4331e-14
3.6952e+13	2.4729e-15	2.2865e-14
3.7096e+13	3.1421e-15	2.1703e-14
3.7239e+13	3.2549e-15	2.1725e-14
3.7383e+13	2.6133e-15	2.2379e-14
3.7527e+13	2.0949e-15	2.2634e-14
3.7671e+13	2.4403e-15	2.2134e-14
3.7815e+13	3.2138e-15	2.132e-14
3.7958e+13	3.3655e-15	2.0798e-14
3.8102e+13	2.6464e-15	2.0875e-14
3.8246e+13	1.9584e-15	2.153e-14
3.839e+13	2.1561e-15	2.2428e-14
3.8533e+13	2.9071e-15	2.2894e-14
3.8677e+13	3.1449e-15	2.2258e-14
3.8821e+13	2.5005e-15	2.0606e-14
3.8965e+13	1.7941e-15	1.9075e-14
3.9109e+13	1.9386e-15	1.8991e-14
3.9252e+13	2.7335e-15	2.0505e-14
3.9396e+13	3.1461e-15	2.2289e-14
3.954e+13	2.6736e-15	2.2844e-14
3.9684e+13	1.961e-15	2.209e-14
3.9827e+13	1.896e-15	2.1387e-14
3.9971e+13	2.4428e-15	2.1912e-14
4.0115e+13	2.7658e-15	2.3276e-14
4.0259e+13	2.4085e-15	2.3979e-14
4.0403e+13	1.8939e-15	2.3171e-14
4.0546e+13	1.9607e-15	2.1616e-14
4.069e+13	2.5262e-15	2.0801e-14
4.0834e+13	2.7994e-15	2.1295e-14
4.0978e+13	2.3687e-15	2.228e-14
4.1121e+13	1.7649e-15	2.2648e-14
4.1265e+13	1.7479e-15	2.226e-14
4.1409e+13	2.303e-15	2.1939e-14
4.1553e+13	2.6961e-15	2.2414e-14
4.1697e+13	2.4702e-15	2.3541e-14
4.184e+13	2.0169e-15	2.4568e-14
4.1984e+13	1.9884e-15	2.4879e-14
4.2128e+13	2.4058e-15	2.4331e-14
4.2272e+13	2.6799e-15	2.3094e-14
4.2416e+13	2.4596e-15	2.1533e-14
4.2559e+13	2.1021e-15	2.0309e-14
4.2703e+13	2.1345e-15	2.0213e-14
4.2847e+13	2.4986e-15	2.1485e-14
4.2991e+13	2.6408e-15	2.3259e-14
4.3134e+13	2.3037e-15	2.4039e-14
4.3278e+13	1.8944e-15	2.3029e-14
4.3422e+13	1.9176e-15	2.0992e-14
4.3566e+13	2.2768e-15	1.9609e-14
4.371e+13	2.4244e-15	1.9897e-14
4.3853e+13	2.1422e-15	2.1347e-14
4.3997e+13	1.8521e-15	2.265e-14
4.4141e+13	2.0156e-15	2.3104e-14
4.4285e+13	2.4635e-15	2.3116e-14
4.4428e+13	2.6013e-15	2.3364e-14
4.4572e+13	2.2209e-15	2.3807e-14
4.4716e+13	1.798e-15	2.3775e-14
4.486e+13	1.8557e-15	2.2963e-14
4.5004e+13	2.2606e-15	2.2014e-14
4.5147e+13	2.4144e-15	2.1892e-14
4.5291e+13	2.0764e-15	2.2788e-14
4.5435e+13	1.6914e-15	2.3874e-14
4.5579e+13	1.781e-15	2.4189e-14
4.5723e+13	2.2346e-15	2.3627e-14
4.5866e+13	2.4629e-15	2.288e-14
4.601e+13	2.1888e-15	2.2539e-14
4.6154e+13	1.7933e-15	2.2464e-14
4.6298e+13	1.7687e-15	2.2155e-14
4.6441e+13	2.0534e-15	2.1534e-14
4.6585e+13	2.1597e-15	2.1122e-14
4.6729e+13	1.8875e-15	2.1392e-14
4.6873e+13	1.6119e-15	2.2152e-14
4.7017e+13	1.7475e-15	2.2731e-14
4.716e+13	2.1463e-15	2.2709e-14
4.7304e+13	2.2796e-15	2.2285e-14
4.7448e+13	1.9601e-15	2.1885e-14
4.7592e+13	1.609e-15	2.1602e-14
4.7735e+13	1.6959e-15	2.1226e-14
4.7879e+13	2.1154e-15	2.0791e-14
4.8023e+13	2.3421e-15	2.0801e-14
4.8167e+13	2.1355e-15	2.1703e-14
4.8311e+13	1.8271e-15	2.3151e-14
4.8454e+13	1.8224e-15	2.4012e-14
4.8598e+13	2.0363e-15	2.3265e-14
4.8742e+13	2.0461e-15	2.0918e-14
4.8886e+13	1.7248e-15	1.8053e-14
4.9029e+13	1.4463e-15	1.6006e-14
4.9173e+13	1.565e-15	1.5497e-14
4.9317e+13	1.8989e-15	1.637e-14
4.9461e+13	1.9549e-15	1.7857e-14
4.9605e+13	1.6003e-15	1.8978e-14
4.9748e+13	1.2553e-15	1.8947e-14
4.9892e+13	1.3317e-15	1.7642e-14
5.0036e+13	1.6806e-15	1.5877e-14
5.018e+13	1.8011e-15	1.4988e-14
5.0324e+13	1.5188e-15	1.5741e-14
5.0467e+13	1.2053e-15	1.7491e-14
5.0611e+13	1.2512e-15	1.859e-14
5.0755e+13	1.5324e-15	1.7891e-14
5.0899e+13	1.6012e-15	1.5889e-14
5.1042e+13	1.3239e-15	1.4244e-14
5.1186e+13	1.0722e-15	1.4112e-14
5.133e+13	1.2046e-15	1.5049e-14
5.1474e+13	1.5644e-15	1.5635e-14
5.1618e+13	1.6902e-15	1.5063e-14
5.1761e+13	1.4416e-15	1.3919e-14
5.1905e+13	1.1707e-15	1.3372e-14
5.2049e+13	1.2121e-15	1.3837e-14
5.2193e+13	1.4164e-15	1.4633e-14
5.2336e+13	1.3862e-15	1.4872e-14
5.248e+13	1.0746e-15	1.4404e-14
5.2624e+13	8.8954e-16	1.374e-14
5.2768e+13	1.1289e-15	1.3254e-14
5.2912e+13	1.529e-15	1.2774e-14
5.3055e+13	1.578e-15	1.2004e-14
5.3199e+13	1.1963e-15	1.1083e-14
5.3343e+13	8.5848e-16	1.0498e-14
5.3487e+13	9.7152e-16	1.0473e-14
5.363e+13	1.3395e-15	1.068e-14
5.3774e+13	1.4355e-15	1.0647e-14
5.3918e+13	1.1119e-15	1.0312e-14
5.4062e+13	7.891e-16	1.0004e-14
5.4206e+13	8.7605e-16	9.9425e-15
5.4349e+13	1.2203e-15	9.9596e-15
5.4493e+13	1.3306e-15	9.7809e-15
5.4637e+13	1.0541e-15	9.4303e-15
5.4781e+13	7.7647e-16	9.1725e-15
5.4925e+13	8.7966e-16	9.1035e-15
5.5068e+13	1.2139e-15	8.9994e-15
5.5212e+13	1.3074e-15	8.6611e-15
5.5356e+13	1.0169e-15	8.2621e-15
5.55e+13	7.1796e-16	8.1709e-15
5.5643e+13	7.8238e-16	8.4453e-15
5.5787e+13	1.0721e-15	8.6936e-15
5.5931e+13	1.1495e-15	8.5386e-15
5.6075e+13	9.0067e-16	8.1039e-15
5.6219e+13	6.9806e-16	7.8705e-15
5.6362e+13	8.7015e-16	8.0655e-15
5.6506e+13	1.2194e-15	8.3664e-15
5.665e+13	1.2705e-15	8.3035e-15
5.6794e+13	9.2212e-16	7.843e-15
5.6937e+13	6.0743e-16	7.4057e-15
5.7081e+13	7.2908e-16	7.3287e-15
5.7225e+13	1.1269e-15	7.4828e-15
5.7369e+13	1.2954e-15	7.5126e-15
5.7513e+13	1.0518e-15	7.3218e-15
5.7656e+13	7.5297e-16	7.1405e-15
5.78e+13	7.8703e-16	7.1299e-15
5.7944e+13	1.051e-15	7.124e-15
5.8088e+13	1.1243e-15	6.8884e-15
5.8231e+13	8.7488e-16	6.5106e-15
5.8375e+13	6.4603e-16	6.3277e-15
5.8519e+13	7.6876e-16	6.4526e-15
5.8663e+13	1.0869e-15	6.571e-15
5.8807e+13	1.1642e-15	6.3583e-15
5.895e+13	8.9036e-16	5.9879e-15
5.9094e+13	6.4225e-16	5.9965e-15
5.9238e+13	7.694e-16	6.5837e-15
5.9382e+13	1.1083e-15	7.2347e-15
5.9526e+13	1.1977e-15	7.2281e-15
5.9669e+13	9.05e-16	6.4824e-15
5.9813e+13	6.0503e-16	5.7013e-15
5.9957e+13	6.6831e-16	5.5916e-15
6.0101e+13	9.5967e-16	6.0652e-15
6.0244e+13	1.0324e-15	6.3715e-15
6.0388e+13	7.4567e-16	5.9867e-15
6.0532e+13	4.5712e-16	5.2006e-15
6.0676e+13	5.3048e-16	4.7495e-15
6.082e+13	8.4148e-16	4.9936e-15
6.0963e+13	9.588e-16	5.6037e-15
6.1107e+13	7.4287e-16	6.0184e-15
6.1251e+13	5.3184e-16	6.0291e-15
6.1395e+13	6.6016e-16	5.8353e-15
6.1538e+13	9.7992e-16	5.6655e-15
6.1682e+13	1.0517e-15	5.5327e-15
6.1826e+13	7.466e-16	5.3679e-15
6.197e+13	4.3204e-16	5.2177e-15
6.2114e+13	4.8366e-16	5.1833e-15
6.2257e+13	7.8945e-16	5.2337e-15
6.2401e+13	9.1868e-16	5.2282e-15
6.2545e+13	7.1444e-16	5.136e-15
6.2689e+13	4.9401e-16	5.1084e-15
6.2832e+13	5.9128e-16	5.2513e-15
6.2976e+13	8.8397e-16	5.4135e-15
6.312e+13	9.6239e-16	5.3387e-15
6.3264e+13	7.0296e-16	5.0249e-15
6.3408e+13	4.4758e-16	4.7901e-15
6.3551e+13	5.3562e-16	4.8916e-15
6.3695e+13	8.3363e-16	5.1684e-15
6.3839e+13	9.1569e-16	5.2094e-15
6.3983e+13	6.518e-16	4.8877e-15
6.4127e+13	3.952e-16	4.5817e-15
6.427e+13	5.0568e-16	4.7531e-15
6.4414e+13	8.5632e-16	5.3636e-15
6.4558e+13	9.975e-16	5.8554e-15
6.4702e+13	7.5685e-16	5.7494e-15
6.4845e+13	4.6206e-16	5.1656e-15
6.4989e+13	4.9099e-16	4.6679e-15
6.5133e+13	7.6739e-16	4.6484e-15
6.5277e+13	8.8445e-16	4.9774e-15
6.5421e+13	6.7403e-16	5.2557e-15
6.5564e+13	4.3655e-16	5.2809e-15
6.5708e+13	5.2122e-16	5.1728e-15
6.5852e+13	8.3875e-16	5.1218e-15
6.5996e+13	9.7506e-16	5.1698e-15
6.6139e+13	7.4842e-16	5.269e-15
6.6283e+13	4.512e-16	5.4134e-15
6.6427e+13	4.5483e-16	5.5841e-15
6.6571e+13	7.222e-16	5.6176e-15
6.6715e+13	8.8147e-16	5.3069e-15
6.6858e+13	7.3984e-16	4.7125e-15
6.7002e+13	5.276e-16	4.2578e-15
6.7146e+13	5.558e-16	4.3548e-15
6.729e+13	7.8014e-16	4.9134e-15
6.7434e+13	8.739e-16	5.3511e-15
6.7577e+13	6.9315e-16	5.188e-15
6.7721e+13	4.7862e-16	4.5888e-15
6.7865e+13	5.1829e-16	4.2059e-15
6.8009e+13	7.4791e-16	4.4659e-15
6.8152e+13	8.4495e-16	5.0997e-15
6.8296e+13	6.7831e-16	5.4426e-15
6.844e+13	4.8414e-16	5.1479e-15
6.8584e+13	5.2819e-16	4.5133e-15
6.8728e+13	7.324e-16	4.1028e-15
6.8871e+13	7.8831e-16	4.1571e-15
6.9015e+13	5.9498e-16	4.4487e-15
6.9159e+13	4.0595e-16	4.6526e-15
6.9303e+13	4.7791e-16	4.714e-15
6.9446e+13	7.1162e-16	4.7946e-15
6.959e+13	7.8721e-16	4.9531e-15
6.9734e+13	6.072e-16	5.0201e-15
6.9878e+13	4.3078e-16	4.8261e-15
7.0022e+13	5.1218e-16	4.4649e-15
7.0165e+13	7.4562e-16	4.2361e-15
7.0309e+13	8.1076e-16	4.3217e-15
7.0453e+13	6.1664e-16	4.5855e-15
7.0597e+13	4.2749e-16	4.7386e-15
7.074e+13	4.9626e-16	4.6726e-15
7.0884e+13	7.1575e-16	4.5727e-15
7.1028e+13	7.7186e-16	4.6771e-15
7.1172e+13	5.8332e-16	4.9608e-15
7.1316e+13	4.1361e-16	5.1149e-15
7.1459e+13	4.9816e-16	4.8689e-15
7.1603e+13	7.0863e-16	4.3226e-15
7.1747e+13	7.2814e-16	3.9159e-15
7.1891e+13	4.9907e-16	4.0306e-15
7.2035e+13	3.1764e-16	4.6061e-15
7.2178e+13	4.3331e-16	5.1675e-15
7.2322e+13	7.0064e-16	5.2665e-15
7.2466e+13	7.6912e-16	4.9103e-15
7.261e+13	5.5862e-16	4.5462e-15
7.2753e+13	3.6949e-16	4.6115e-15
7.2897e+13	4.731e-16	5.1002e-15
7.3041e+13	7.4144e-16	5.5836e-15
7.3185e+13	8.2271e-16	5.6444e-15
7.3329e+13	6.2164e-16	5.265e-15
7.3472e+13	4.2611e-16	4.7895e-15
7.3616e+13	5.0874e-16	4.5546e-15
7.376e+13	7.5295e-16	4.6103e-15
7.3904e+13	8.1639e-16	4.788e-15
7.4047e+13	6.0351e-16	4.9525e-15
7.4191e+13	3.9544e-16	5.1106e-15
7.4335e+13	4.6097e-16	5.2947e-15
7.4479e+13	6.8794e-16	5.435e-15
7.4623e+13	7.4285e-16	5.4154e-15
7.4766e+13	5.3464e-16	5.2215e-15
7.491e+13	3.3926e-16	4.9636e-15
7.5054e+13	4.1417e-16	4.7433e-15
7.5198e+13	6.3996e-16	4.562e-15
7.5341e+13	6.8899e-16	4.403e-15
7.5485e+13	4.8783e-16	4.3534e-15
7.5629e+13	3.2792e-16	4.5453e-15
7.5773e+13	4.6237e-16	4.9512e-15
7.5917e+13	7.4286e-16	5.3168e-15
7.606e+13	8.0609e-16	5.3904e-15
7.6204e+13	5.6612e-16	5.2156e-15
7.6348e+13	3.4031e-16	5.117e-15
7.6492e+13	4.2796e-16	5.344e-15
7.6636e+13	7.0763e-16	5.7685e-15
7.6779e+13	7.9966e-16	6.0047e-15
7.6923e+13	5.7596e-16	5.8266e-15
7.7067e+13	3.2989e-16	5.4003e-15
7.7211e+13	3.8073e-16	5.0692e-15
7.7354e+13	6.5003e-16	4.9654e-15
7.7498e+13	7.7657e-16	4.9195e-15
7.7642e+13	6.0239e-16	4.7505e-15
7.7786e+13	3.695e-16	4.5419e-15
7.793e+13	3.7554e-16	4.5401e-15
7.8073e+13	5.7334e-16	4.8047e-15
7.8217e+13	6.58e-16	5.0706e-15
7.8361e+13	5.0354e-16	5.0299e-15
7.8505e+13	3.3727e-16	4.7122e-15
7.8648e+13	4.1625e-16	4.4945e-15
7.8792e+13	6.6251e-16	4.6941e-15
7.8936e+13	7.6449e-16	5.1905e-15
7.908e+13	6.0146e-16	5.5073e-15
7.9224e+13	4.0399e-16	5.2784e-15
7.9367e+13	4.3391e-16	4.6138e-15
7.9511e+13	6.313e-16	4.0049e-15
7.9655e+13	7.1277e-16	3.8941e-15
7.9799e+13	5.7369e-16	4.3396e-15
7.9942e+13	4.2945e-16	5.0407e-15
8.0086e+13	5.0262e-16	5.6124e-15
8.023e+13	6.9978e-16	5.8181e-15
8.0374e+13	7.3534e-16	5.6173e-15
8.0518e+13	5.3272e-16	5.1131e-15
8.0661e+13	3.4222e-16	4.518e-15
8.0805e+13	4.0515e-16	4.1253e-15
8.0949e+13	6.247e-16	4.193e-15
8.1093e+13	6.9859e-16	4.755e-15
8.1237e+13	5.3189e-16	5.5297e-15
8.138e+13	3.625e-16	6.0773e-15
8.1524e+13	4.2995e-16	6.1293e-15
8.1668e+13	6.4867e-16	5.8069e-15
8.1812e+13	7.3535e-16	5.5014e-15
8.1955e+13	6.0646e-16	5.5052e-15
8.2099e+13	4.8723e-16	5.7396e-15
8.2243e+13	5.8068e-16	5.8575e-15
8.2387e+13	7.6545e-16	5.6243e-15
8.2531e+13	7.571e-16	5.1871e-15
8.2674e+13	5.183e-16	4.9414e-15
8.2818e+13	3.4137e-16	5.1239e-15
8.2962e+13	4.6712e-16	5.5527e-15
8.3106e+13	7.4975e-16	5.7951e-15
8.3249e+13	8.3357e-16	5.5932e-15
8.3393e+13	6.1761e-16	5.1106e-15
8.3537e+13	3.8656e-16	4.7576e-15
8.3681e+13	4.3025e-16	4.7962e-15
8.3825e+13	6.6309e-16	5.1334e-15
8.3968e+13	7.5218e-16	5.4812e-15
8.4112e+13	5.7328e-16	5.6657e-15
8.4256e+13	3.745e-16	5.7476e-15
8.44e+13	4.3204e-16	5.8617e-15
8.4543e+13	6.7295e-16	5.9999e-15
8.4687e+13	7.769e-16	5.9924e-15
8.4831e+13	6.1085e-16	5.7029e-15
8.4975e+13	4.0223e-16	5.2151e-15
8.5119e+13	4.2236e-16	4.8092e-15
8.5262e+13	6.2115e-16	4.7437e-15
8.5406e+13	7.1e-16	5.0445e-15
8.555e+13	5.6701e-16	5.4844e-15
8.5694e+13	4.015e-16	5.7662e-15
8.5838e+13	4.5637e-16	5.7467e-15
8.5981e+13	6.6655e-16	5.5162e-15
8.6125e+13	7.4643e-16	5.2754e-15
8.6269e+13	5.8263e-16	5.1382e-15
8.6413e+13	3.8937e-16	5.0542e-15
8.6556e+13	4.1604e-16	4.9225e-15
8.67e+13	6.1329e-16	4.7575e-15
8.6844e+13	7.1318e-16	4.7041e-15
8.6988e+13	6.0226e-16	4.8693e-15
8.7132e+13	4.67e-16	5.1669e-15
8.7275e+13	5.1731e-16	5.3748e-15
8.7419e+13	6.8372e-16	5.3595e-15
8.7563e+13	7.1562e-16	5.2069e-15
8.7707e+13	5.422e-16	5.1049e-15
8.785e+13	3.8667e-16	5.1261e-15
8.7994e+13	4.6584e-16	5.1829e-15
8.8138e+13	6.8747e-16	5.196e-15
8.8282e+13	7.6734e-16	5.2251e-15
8.8426e+13	6.1082e-16	5.3632e-15
8.8569e+13	4.3662e-16	5.5351e-15
8.8713e+13	4.7415e-16	5.5166e-15
8.8857e+13	6.5215e-16	5.2119e-15
8.9001e+13	7.0553e-16	4.8406e-15
8.9145e+13	5.4823e-16	4.7311e-15
8.9288e+13	3.9304e-16	4.9183e-15
8.9432e+13	4.5252e-16	5.0545e-15
8.9576e+13	6.382e-16	4.8166e-15
8.972e+13	6.7918e-16	4.3508e-15
8.9863e+13	4.9981e-16	4.1774e-15
9.0007e+13	3.331e-16	4.5975e-15
9.0151e+13	4.0706e-16	5.2873e-15
9.0295e+13	6.3102e-16	5.5966e-15
9.0439e+13	7.1346e-16	5.2437e-15
9.0582e+13	5.5356e-16	4.6056e-15
9.0726e+13	3.7341e-16	4.2756e-15
9.087e+13	4.1326e-16	4.4275e-15
9.1014e+13	6.0816e-16	4.7274e-15
9.1157e+13	6.8534e-16	4.8261e-15
9.1301e+13	5.4184e-16	4.7624e-15
9.1445e+13	3.8159e-16	4.788e-15
9.1589e+13	4.29e-16	4.9241e-15
9.1733e+13	6.2004e-16	4.9061e-15
9.1876e+13	6.9685e-16	4.6134e-15
9.202e+13	5.6852e-16	4.3687e-15
9.2164e+13	4.3334e-16	4.6098e-15
9.2308e+13	4.9317e-16	5.2803e-15
9.2451e+13	6.6116e-16	5.7408e-15
9.2595e+13	6.7588e-16	5.4244e-15
9.2739e+13	4.6957e-16	4.5085e-15
9.2883e+13	2.7924e-16	3.7855e-15
9.3027e+13	3.3794e-16	3.8359e-15
9.317e+13	5.6279e-16	4.4471e-15
9.3314e+13	6.665e-16	4.9272e-15
9.3458e+13	5.4216e-16	4.9045e-15
9.3602e+13	3.9715e-16	4.6634e-15
9.3746e+13	4.5699e-16	4.6849e-15
9.3889e+13	6.4874e-16	5.0251e-15
9.4033e+13	7.002e-16	5.2934e-15
9.4177e+13	5.1799e-16	5.1883e-15
9.4321e+13	3.2367e-16	4.8643e-15
9.4464e+13	3.5823e-16	4.678e-15
9.4608e+13	5.5686e-16	4.6864e-15
9.4752e+13	6.3703e-16	4.5716e-15
9.4896e+13	4.7942e-16	4.0882e-15
9.504e+13	2.8485e-16	3.4517e-15
9.5183e+13	2.9977e-16	3.1592e-15
9.5327e+13	4.8871e-16	3.4465e-15
9.5471e+13	5.9462e-16	4.021e-15
9.5615e+13	4.9214e-16	4.3665e-15
9.5758e+13	3.4561e-16	4.2454e-15
9.5902e+13	3.6568e-16	3.8531e-15
9.6046e+13	5.141e-16	3.5317e-15
9.619e+13	5.6728e-16	3.4312e-15
9.6334e+13	4.4121e-16	3.4668e-15
9.6477e+13	3.1593e-16	3.5159e-15
9.6621e+13	3.82e-16	3.5605e-15
9.6765e+13	5.6406e-16	3.6397e-15
9.6909e+13	6.1318e-16	3.7385e-15
9.7052e+13	4.4768e-16	3.7697e-15
9.7196e+13	2.7155e-16	3.6469e-15
9.734e+13	3.0152e-16	3.3536e-15
9.7484e+13	4.7396e-16	2.965e-15
9.7628e+13	5.3469e-16	2.6391e-15
9.7771e+13	3.903e-16	2.5622e-15
9.7915e+13	2.3912e-16	2.8229e-15
9.8059e+13	3.0033e-16	3.2921e-15
9.8203e+13	5.104e-16	3.6629e-15
9.8347e+13	6.0194e-16	3.6873e-15
9.849e+13	4.5908e-16	3.4021e-15
9.8634e+13	2.6806e-16	3.0914e-15
9.8778e+13	2.6345e-16	2.9988e-15
9.8922e+13	4.1909e-16	3.096e-15
9.9065e+13	4.9941e-16	3.1623e-15
9.9209e+13	3.8924e-16	3.0684e-15
9.9353e+13	2.45e-16	2.9221e-15
9.9497e+13	2.6705e-16	2.9107e-15
9.9641e+13	4.17e-16	3.0502e-15
9.9784e+13	4.7266e-16	3.1527e-15
9.9928e+13	3.4018e-16	3.0417e-15
1.0007e+14	1.8735e-16	2.7484e-15
1.0022e+14	2.134e-16	2.4659e-15
1.0036e+14	3.7476e-16	2.3472e-15
1.005e+14	4.4546e-16	2.39e-15
1.0065e+14	3.2691e-16	2.5014e-15
1.0079e+14	1.7957e-16	2.6085e-15
1.0093e+14	1.986e-16	2.6767e-15
1.0108e+14	3.4713e-16	2.6721e-15
1.0122e+14	4.1388e-16	2.5768e-15
1.0137e+14	3.0939e-16	2.4443e-15
1.0151e+14	1.8639e-16	2.375e-15
1.0165e+14	2.1982e-16	2.395e-15
1.018e+14	3.5724e-16	2.3929e-15
1.0194e+14	3.9041e-16	2.2393e-15
1.0208e+14	2.4941e-16	1.9739e-15
1.0223e+14	1.0814e-16	1.8113e-15
1.0237e+14	1.5045e-16	1.9168e-15
1.0252e+14	3.1753e-16	2.2001e-15
1.0266e+14	3.8638e-16	2.3915e-15
1.028e+14	2.7295e-16	2.3342e-15
1.0295e+14	1.436e-16	2.153e-15
1.0309e+14	1.8244e-16	2.0945e-15
1.0324e+14	3.3667e-16	2.2282e-15
1.0338e+14	3.9059e-16	2.3679e-15
1.0352e+14	2.6498e-16	2.3037e-15
1.0367e+14	1.2741e-16	2.0621e-15
1.0381e+14	1.6164e-16	1.8798e-15
1.0395e+14	3.1451e-16	1.9272e-15
1.041e+14	3.693e-16	2.1108e-15
1.0424e+14	2.435e-16	2.1791e-15
1.0439e+14	1.01e-16	2e-15
1.0453e+14	1.2612e-16	1.6959e-15
1.0467e+14	2.7256e-16	1.5048e-15
1.0482e+14	3.3173e-16	1.5391e-15
1.0496e+14	2.2197e-16	1.6974e-15
1.051e+14	9.777e-17	1.7909e-15
1.0525e+14	1.3062e-16	1.7282e-15
1.0539e+14	2.6876e-16	1.5797e-15
1.0554e+14	3.1002e-16	1.4914e-15
1.0568e+14	1.8559e-16	1.5488e-15
1.0582e+14	5.9769e-17	1.7101e-15
1.0597e+14	1.0541e-16	1.8457e-15
1.0611e+14	2.6447e-16	1.844e-15
1.0625e+14	3.2442e-16	1.699e-15
1.064e+14	2.059e-16	1.5103e-15
1.0654e+14	6.7254e-17	1.3941e-15
1.0669e+14	8.5407e-17	1.3843e-15
1.0683e+14	2.1763e-16	1.4187e-15
1.0697e+14	2.6976e-16	1.4165e-15
1.0712e+14	1.6991e-16	1.3618e-15
1.0726e+14	6.4864e-17	1.3013e-15
1.074e+14	1.0815e-16	1.2741e-15
1.0755e+14	2.4001e-16	1.2688e-15
1.0769e+14	2.6945e-16	1.2569e-15
1.0784e+14	1.4487e-16	1.2472e-15
1.0798e+14	3.3326e-17	1.2764e-15
1.0812e+14	9.2278e-17	1.3469e-15
1.0827e+14	2.4768e-16	1.3994e-15
1.0841e+14	2.8878e-16	1.3704e-15
1.0855e+14	1.5468e-16	1.2662e-15
1.087e+14	1.9929e-17	1.1628e-15
1.0884e+14	5.9613e-17	1.1309e-15
1.0899e+14	2.1379e-16	1.1757e-15
1.0913e+14	2.7236e-16	1.2522e-15
1.0927e+14	1.6198e-16	1.3177e-15
1.0942e+14	4.1389e-17	1.3508e-15
1.0956e+14	7.7721e-17	1.3378e-15
1.0971e+14	2.1534e-16	1.2742e-15
1.0985e+14	2.5564e-16	1.1895e-15
1.0999e+14	1.3453e-16	1.1403e-15
1.1014e+14	1.2103e-17	1.1493e-15
1.1028e+14	5.0936e-17	1.164e-15
1.1042e+14	1.9107e-16	1.1127e-15
1.1057e+14	2.3378e-16	1.0072e-15
1.1071e+14	1.1778e-16	9.5479e-16
1.1086e+14	4.8445e-18	1.0317e-15
1.11e+14	5.5691e-17	1.1642e-15
1.1114e+14	2.0598e-16	1.1849e-15
1.1129e+14	2.5272e-16	1.0267e-15
1.1143e+14	1.3251e-16	8.2373e-16
1.1157e+14	8.1789e-18	7.7566e-16
1.1172e+14	4.4689e-17	9.1897e-16
1.1186e+14	1.8391e-16	1.0812e-15
1.1201e+14	2.2827e-16	1.0821e-15
1.1215e+14	1.1586e-16	9.4137e-16
1.1229e+14	5.7979e-18	8.4174e-16
1.1244e+14	5.6004e-17	8.9588e-16
1.1258e+14	2.0183e-16	1.0095e-15
1.1272e+14	2.4273e-16	1.0064e-15
1.1287e+14	1.1826e-16	8.5204e-16
1.1301e+14	-7.5291e-18	6.944e-16
1.1316e+14	2.9736e-17	6.8061e-16
1.133e+14	1.7049e-16	7.858e-16
1.1344e+14	2.1508e-16	8.6088e-16
1.1359e+14	9.8908e-17	8.2043e-16
1.1373e+14	-2.0428e-17	7.2863e-16
1.1387e+14	1.764e-17	6.9417e-16
1.1402e+14	1.5549e-16	7.3297e-16
1.1416e+14	1.9925e-16	7.7458e-16
1.1431e+14	8.8545e-17	7.77e-16
1.1445e+14	-2.0135e-17	7.7642e-16
1.1459e+14	2.8573e-17	8.1133e-16
1.1474e+14	1.723e-16	8.471e-16
1.1488e+14	2.1617e-16	8.2104e-16
1.1503e+14	1.0187e-16	7.444e-16
1.1517e+14	-1.2017e-17	7.0621e-16
1.1531e+14	3.0284e-17	7.5942e-16
1.1546e+14	1.6626e-16	8.4289e-16
1.156e+14	2.0242e-16	8.5361e-16
1.1574e+14	8.3657e-17	7.7942e-16
1.1589e+14	-2.8555e-17	7.1363e-16
1.1603e+14	2.1343e-17	7.2934e-16
1.1618e+14	1.6677e-16	7.8222e-16
1.1632e+14	2.0862e-16	7.7313e-16
1.1646e+14	8.8547e-17	6.8513e-16
1.1661e+14	-3.0403e-17	6.0819e-16
1.1675e+14	1.2637e-17	6.1876e-16
1.1689e+14	1.5601e-16	6.8007e-16
1.1704e+14	2.0136e-16	6.9868e-16
1.1718e+14	8.6712e-17	6.563e-16
1.1733e+14	-2.9393e-17	6.316e-16
1.1747e+14	1.2359e-17	6.8084e-16
1.1761e+14	1.5239e-16	7.4636e-16
1.1776e+14	1.9549e-16	7.2798e-16
1.179e+14	8.1111e-17	6.2585e-16
1.1804e+14	-3.2875e-17	5.5507e-16
1.1819e+14	1.1498e-17	5.9999e-16
1.1833e+14	1.5353e-16	6.9726e-16
1.1848e+14	1.9679e-16	7.0904e-16
1.1862e+14	7.9532e-17	5.9887e-16
1.1876e+14	-4.0068e-17	4.8259e-16
1.1891e+14	-9.8165e-19	4.8601e-16
1.1905e+14	1.4031e-16	5.9212e-16
1.1919e+14	1.8891e-16	6.716e-16
1.1934e+14	7.9755e-17	6.4974e-16
1.1948e+14	-3.4634e-17	5.8987e-16
1.1963e+14	3.8034e-18	5.9284e-16
1.1977e+14	1.4073e-16	6.5722e-16
1.1991e+14	1.8575e-16	6.8748e-16
1.2006e+14	7.6004e-17	6.3071e-16
1.202e+14	-3.7683e-17	5.5043e-16
1.2035e+14	-1.1421e-19	5.3869e-16
1.2049e+14	1.338e-16	5.9034e-16
1.2063e+14	1.7574e-16	6.1178e-16
1.2078e+14	6.5119e-17	5.5028e-16
1.2092e+14	-4.6844e-17	4.6677e-16
1.2106e+14	-6.0576e-18	4.5542e-16
1.2121e+14	1.3135e-16	5.2135e-16
1.2135e+14	1.7634e-16	5.8038e-16
1.215e+14	6.7852e-17	5.7461e-16
1.2164e+14	-4.2946e-17	5.4318e-16
1.2178e+14	-1.2081e-18	5.5583e-16
1.2193e+14	1.3789e-16	6.0788e-16
1.2207e+14	1.8476e-16	6.2449e-16
1.2221e+14	7.5703e-17	5.664e-16
1.2236e+14	-4.0415e-17	4.884e-16
1.225e+14	-7.4281e-18	4.6891e-16
1.2265e+14	1.2462e-16	5.0752e-16
1.2279e+14	1.7082e-16	5.3038e-16
1.2293e+14	6.7192e-17	4.9294e-16
1.2308e+14	-4.2685e-17	4.3773e-16
1.2322e+14	-7.9235e-18	4.3032e-16
1.2336e+14	1.2074e-16	4.6652e-16
1.2351e+14	1.6199e-16	4.8074e-16
1.2365e+14	5.5448e-17	4.4127e-16
1.238e+14	-5.4629e-17	3.9679e-16
1.2394e+14	-1.8611e-17	4.0761e-16
1.2408e+14	1.1227e-16	4.5807e-16
1.2423e+14	1.5741e-16	4.7459e-16
1.2437e+14	5.6309e-17	4.2701e-16
1.2451e+14	-4.8951e-17	3.7357e-16
1.2466e+14	-1.1327e-17	3.8489e-16
1.248e+14	1.1772e-16	4.4868e-16
1.2495e+14	1.601e-16	4.8454e-16
1.2509e+14	5.8056e-17	4.4959e-16
1.2523e+14	-4.5816e-17	3.9306e-16
1.2538e+14	-6.0414e-18	3.8841e-16
1.2552e+14	1.2418e-16	4.3675e-16
1.2566e+14	1.6601e-16	4.7021e-16
1.2581e+14	6.1471e-17	4.4569e-16
1.2595e+14	-4.7082e-17	3.9877e-16
1.261e+14	-1.3776e-17	3.8867e-16
1.2624e+14	1.1017e-16	4.1623e-16
1.2638e+14	1.4892e-16	4.2953e-16
1.2653e+14	4.6449e-17	4.0396e-16
1.2667e+14	-5.5462e-17	3.7957e-16
1.2682e+14	-1.3626e-17	4.0175e-16
1.2696e+14	1.1763e-16	4.5112e-16
1.271e+14	1.6019e-16	4.6532e-16
1.2725e+14	5.7065e-17	4.2513e-16
1.2739e+14	-4.9342e-17	3.8404e-16
1.2753e+14	-1.3298e-17	3.9665e-16
1.2768e+14	1.1434e-16	4.4333e-16
1.2782e+14	1.5743e-16	4.5595e-16
1.2797e+14	5.7564e-17	4.1088e-16
1.2811e+14	-4.6684e-17	3.6103e-16
1.2825e+14	-1.2231e-17	3.6255e-16
1.284e+14	1.1126e-16	3.9799e-16
1.2854e+14	1.5153e-16	4.0315e-16
1.2868e+14	5.285e-17	3.6032e-16
1.2883e+14	-4.7295e-17	3.2603e-16
1.2897e+14	-9.4333e-18	3.5132e-16
1.2912e+14	1.1413e-16	4.0459e-16
1.2926e+14	1.5156e-16	4.0852e-16
1.294e+14	4.9643e-17	3.4681e-16
1.2955e+14	-5.1905e-17	2.946e-16
1.2969e+14	-1.3199e-17	3.2401e-16
1.2983e+14	1.1225e-16	4.0565e-16
1.2998e+14	1.508e-16	4.3888e-16
1.3012e+14	4.7864e-17	3.7684e-16
1.3027e+14	-5.6811e-17	2.8662e-16
1.3041e+14	-2.1588e-17	2.6755e-16
1.3055e+14	1.026e-16	3.3296e-16
1.307e+14	1.4353e-16	4.0303e-16
1.3084e+14	4.5537e-17	4.0849e-16
1.3098e+14	-5.4306e-17	3.67e-16
1.3113e+14	-1.6183e-17	3.4221e-16
1.3127e+14	1.0938e-16	3.548e-16
1.3142e+14	1.5153e-16	3.6733e-16
1.3156e+14	5.4629e-17	3.5145e-16
1.317e+14	-4.6158e-17	3.3228e-16
1.3185e+14	-1.2692e-17	3.4661e-16
1.3199e+14	1.0541e-16	3.8075e-16
1.3214e+14	1.4073e-16	3.8352e-16
1.3228e+14	4.1151e-17	3.3973e-16
1.3242e+14	-5.7026e-17	2.9848e-16
1.3257e+14	-1.7347e-17	3.1088e-16
1.3271e+14	1.074e-16	3.5971e-16
1.3285e+14	1.4679e-16	3.792e-16
1.33e+14	4.6965e-17	3.406e-16
1.3314e+14	-5.5398e-17	2.8832e-16
1.3329e+14	-2.1243e-17	2.7862e-16
1.3343e+14	1.0017e-16	3.0599e-16
1.3357e+14	1.4042e-16	3.1784e-16
1.3372e+14	4.453e-17	2.9388e-16
1.3386e+14	-5.397e-17	2.7659e-16
1.34e+14	-1.835e-17	3.0859e-16
1.3415e+14	1.0243e-16	3.6513e-16
1.3429e+14	1.4183e-16	3.7987e-16
1.3444e+14	4.5889e-17	3.331e-16
1.3458e+14	-5.2622e-17	2.8132e-16
1.3472e+14	-1.8071e-17	2.8416e-16
1.3487e+14	1.0079e-16	3.2529e-16
1.3501e+14	1.3866e-16	3.3528e-16
1.3515e+14	4.2264e-17	2.8728e-16
1.353e+14	-5.6307e-17	2.3645e-16
1.3544e+14	-2.2348e-17	2.4841e-16
1.3559e+14	9.554e-17	3.1131e-16
1.3573e+14	1.3312e-16	3.4913e-16
1.3587e+14	3.7788e-17	3.1875e-16
1.3602e+14	-5.869e-17	2.6257e-16
1.3616e+14	-2.2241e-17	2.4955e-16
1.363e+14	9.8328e-17	2.8595e-16
1.3645e+14	1.3851e-16	3.1324e-16
1.3659e+14	4.4578e-17	2.904e-16
1.3674e+14	-5.3165e-17	2.4683e-16
1.3688e+14	-2.0632e-17	2.3802e-16
1.3702e+14	9.5575e-17	2.6969e-16
1.3717e+14	1.3358e-16	2.9428e-16
1.3731e+14	4.0092e-17	2.7944e-16
1.3746e+14	-5.6726e-17	2.5049e-16
1.376e+14	-2.4954e-17	2.5006e-16
1.3774e+14	8.9243e-17	2.76e-16
1.3789e+14	1.2665e-16	2.862e-16
1.3803e+14	3.5814e-17	2.6143e-16
1.3817e+14	-5.6376e-17	2.3451e-16
1.3832e+14	-2.141e-17	2.43e-16
1.3846e+14	9.2158e-17	2.7276e-16
1.3861e+14	1.2582e-16	2.7475e-16
1.3875e+14	3.1167e-17	2.3425e-16
1.3889e+14	-6.1919e-17	1.9628e-16
1.3904e+14	-2.3906e-17	2.0905e-16
1.3918e+14	9.5358e-17	2.6085e-16
1.3932e+14	1.3458e-16	2.9596e-16
1.3947e+14	4.2516e-17	2.8749e-16
1.3961e+14	-5.2314e-17	2.6761e-16
1.3976e+14	-1.9348e-17	2.7593e-16
1.399e+14	9.4273e-17	3.0031e-16
1.4004e+14	1.2962e-16	2.9387e-16
1.4019e+14	3.5871e-17	2.4429e-16
1.4033e+14	-5.9513e-17	1.9724e-16
1.4047e+14	-2.6716e-17	1.9862e-16
1.4062e+14	8.7643e-17	2.338e-16
1.4076e+14	1.2533e-16	2.4804e-16
1.4091e+14	3.4757e-17	2.2107e-16
1.4105e+14	-5.8642e-17	1.9355e-16
1.4119e+14	-2.6314e-17	2.0907e-16
1.4134e+14	8.61e-17	2.514e-16
1.4148e+14	1.2259e-16	2.6417e-16
1.4162e+14	3.2706e-17	2.2704e-16
1.4177e+14	-5.8976e-17	1.8472e-16
1.4191e+14	-2.5356e-17	1.8886e-16
1.4206e+14	8.7612e-17	2.3099e-16
1.422e+14	1.2461e-16	2.5562e-16
1.4234e+14	3.53e-17	2.3384e-16
1.4249e+14	-5.6793e-17	1.977e-16
1.4263e+14	-2.5413e-17	1.9246e-16
1.4277e+14	8.4418e-17	2.1594e-16
1.4292e+14	1.1958e-16	2.2718e-16
1.4306e+14	3.098e-17	2.0748e-16
1.4321e+14	-5.8921e-17	1.8541e-16
1.4335e+14	-2.6046e-17	1.9263e-16
1.4349e+14	8.3585e-17	2.1668e-16
1.4364e+14	1.1781e-16	2.2022e-16
1.4378e+14	2.9089e-17	1.9841e-16
1.4393e+14	-5.9731e-17	1.8943e-16
1.4407e+14	-2.5424e-17	2.1884e-16
1.4421e+14	8.5058e-17	2.5611e-16
1.4436e+14	1.1936e-16	2.4978e-16
1.445e+14	3.0143e-17	1.9834e-16
1.4464e+14	-5.9697e-17	1.5893e-16
1.4479e+14	-2.6897e-17	1.7664e-16
1.4493e+14	8.2161e-17	2.2618e-16
1.4508e+14	1.1607e-16	2.448e-16
1.4522e+14	2.7964e-17	2.1376e-16
1.4536e+14	-5.9857e-17	1.7965e-16
1.4551e+14	-2.5239e-17	1.8825e-16
1.4565e+14	8.476e-17	2.2161e-16
1.4579e+14	1.188e-16	2.2413e-16
1.4594e+14	3.0234e-17	1.8132e-16
1.4608e+14	-5.8634e-17	1.4279e-16
1.4623e+14	-2.5727e-17	1.572e-16
1.4637e+14	8.2242e-17	2.0699e-16
1.4651e+14	1.146e-16	2.3115e-16
1.4666e+14	2.5199e-17	2.0465e-16
1.468e+14	-6.3671e-17	1.6757e-16
1.4694e+14	-3.0064e-17	1.6728e-16
1.4709e+14	7.9301e-17	1.953e-16
1.4723e+14	1.1368e-16	2.0443e-16
1.4738e+14	2.6423e-17	1.7874e-16
1.4752e+14	-6.0864e-17	1.5643e-16
1.4766e+14	-2.6585e-17	1.7355e-16
1.4781e+14	8.2676e-17	2.0876e-16
1.4795e+14	1.1624e-16	2.0905e-16
1.4809e+14	2.7124e-17	1.633e-16
1.4824e+14	-6.3142e-17	1.219e-16
1.4838e+14	-3.1861e-17	1.3276e-16
1.4853e+14	7.639e-17	1.7892e-16
1.4867e+14	1.1209e-16	2.0178e-16
1.4881e+14	2.7161e-17	1.7832e-16
1.4896e+14	-5.96e-17	1.4809e-16
1.491e+14	-2.7473e-17	1.5579e-16
1.4925e+14	7.9242e-17	1.9016e-16
1.4939e+14	1.1278e-16	2.0266e-16
1.4953e+14	2.6292e-17	1.7715e-16
1.4968e+14	-6.1492e-17	1.5203e-16
1.4982e+14	-3.0265e-17	1.6388e-16
1.4996e+14	7.6068e-17	1.9293e-16
1.5011e+14	1.1056e-16	1.8901e-16
1.5025e+14	2.6248e-17	1.4386e-16
1.504e+14	-5.9599e-17	1.0881e-16
1.5054e+14	-2.8191e-17	1.2966e-16
1.5068e+14	7.646e-17	1.8483e-16
1.5083e+14	1.0871e-16	2.1114e-16
1.5097e+14	2.2964e-17	1.8394e-16
1.5111e+14	-6.3039e-17	1.4552e-16
1.5126e+14	-3.076e-17	1.46e-16
1.514e+14	7.5494e-17	1.7843e-16
1.5155e+14	1.0973e-16	1.9419e-16
1.5169e+14	2.5545e-17	1.7305e-16
1.5183e+14	-6.0402e-17	1.4914e-16
1.5198e+14	-2.9912e-17	1.5832e-16
1.5212e+14	7.3659e-17	1.8354e-16
1.5226e+14	1.0582e-16	1.7705e-16
1.5241e+14	2.0922e-17	1.2973e-16
1.5255e+14	-6.4667e-17	9.0079e-17
1.527e+14	-3.3225e-17	1.0323e-16
1.5284e+14	7.1944e-17	1.5133e-16
1.5298e+14	1.0639e-16	1.7614e-16
1.5313e+14	2.3529e-17	1.5378e-16
1.5327e+14	-6.1869e-17	1.2142e-16
1.5341e+14	-3.272e-17	1.227e-16
1.5356e+14	6.9167e-17	1.4921e-16
1.537e+14	1.0199e-16	1.5763e-16
1.5385e+14	2.063e-17	1.3486e-16
1.5399e+14	-6.1179e-17	1.1736e-16
1.5413e+14	-2.8888e-17	1.3702e-16
1.5428e+14	7.3848e-17	1.7135e-16
1.5442e+14	1.0528e-16	1.7119e-16
1.5457e+14	2.1721e-17	1.303e-16
1.5471e+14	-6.1673e-17	9.8948e-17
1.5485e+14	-2.9704e-17	1.1868e-16
1.55e+14	7.3728e-17	1.65e-16
1.5514e+14	1.0603e-16	1.7775e-16
1.5528e+14	2.2545e-17	1.406e-16
1.5543e+14	-6.1971e-17	1.0285e-16
1.5557e+14	-3.177e-17	1.1341e-16
1.5572e+14	7.0326e-17	1.5534e-16
1.5586e+14	1.0227e-16	1.6921e-16
1.56e+14	1.8963e-17	1.3359e-16
1.5615e+14	-6.5497e-17	9.4244e-17
1.5629e+14	-3.5069e-17	1.0306e-16
1.5643e+14	6.8463e-17	1.4941e-16
1.5658e+14	1.0328e-16	1.7541e-16
1.5672e+14	2.2677e-17	1.526e-16
1.5687e+14	-6.1473e-17	1.1652e-16
1.5701e+14	-3.3575e-17	1.1552e-16
1.5715e+14	6.6782e-17	1.4615e-16
1.573e+14	1.0063e-16	1.622e-16
1.5744e+14	2.1971e-17	1.4086e-16
1.5758e+14	-5.9343e-17	1.1282e-16
1.5773e+14	-3.0237e-17	1.1656e-16
1.5787e+14	6.9062e-17	1.4334e-16
1.5802e+14	1.0089e-16	1.5053e-16
1.5816e+14	2.061e-17	1.2354e-16
1.583e+14	-6.1782e-17	9.8189e-17
1.5845e+14	-3.3618e-17	1.1129e-16
1.5859e+14	6.5194e-17	1.4812e-16
1.5873e+14	9.7915e-17	1.6091e-16
1.5888e+14	2.0048e-17	1.3383e-16
1.5902e+14	-5.9735e-17	1.0498e-16
1.5917e+14	-3.0475e-17	1.146e-16
1.5931e+14	6.752e-17	1.5031e-16
1.5945e+14	9.8709e-17	1.6405e-16
1.596e+14	2.0023e-17	1.3704e-16
1.5974e+14	-5.9536e-17	1.0399e-16
1.5988e+14	-2.9679e-17	1.0487e-16
1.6003e+14	6.8648e-17	1.3192e-16
1.6017e+14	9.9838e-17	1.4362e-16
1.6032e+14	2.0952e-17	1.2349e-16
1.6046e+14	-5.9124e-17	1.0085e-16
1.606e+14	-3.0239e-17	1.0635e-16
1.6075e+14	6.699e-17	1.2757e-16
1.6089e+14	9.7652e-17	1.2827e-16
1.6104e+14	1.9204e-17	1.032e-16
1.6118e+14	-5.9733e-17	8.876e-17
1.6132e+14	-2.963e-17	1.1184e-16
1.6147e+14	6.8396e-17	1.4844e-16
1.6161e+14	9.9121e-17	1.5262e-16
1.6175e+14	1.9795e-17	1.1854e-16
1.619e+14	-6.0806e-17	8.9778e-17
1.6204e+14	-3.2269e-17	1.0128e-16
1.6219e+14	6.5498e-17	1.3281e-16
1.6233e+14	9.7614e-17	1.3816e-16
1.6247e+14	2.0122e-17	1.099e-16
1.6262e+14	-5.9985e-17	8.9578e-17
1.6276e+14	-3.2753e-17	1.0836e-16
1.629e+14	6.3435e-17	1.4098e-16
1.6305e+14	9.5658e-17	1.3885e-16
1.6319e+14	2.0189e-17	9.856e-17
1.6334e+14	-5.7799e-17	7.019e-17
1.6348e+14	-3.0296e-17	9.0864e-17
1.6362e+14	6.4238e-17	1.3285e-16
1.6377e+14	9.4579e-17	1.3879e-16
1.6391e+14	1.8592e-17	9.8652e-17
1.6405e+14	-5.8496e-17	6.4602e-17
1.642e+14	-2.9769e-17	8.2052e-17
1.6434e+14	6.5408e-17	1.2887e-16
1.6449e+14	9.5717e-17	1.446e-16
1.6463e+14	1.9317e-17	1.1062e-16
1.6477e+14	-5.8342e-17	7.4013e-17
1.6492e+14	-3.0061e-17	8.3824e-17
1.6506e+14	6.5244e-17	1.2639e-16
1.652e+14	9.6353e-17	1.458e-16
1.6535e+14	2.0618e-17	1.1963e-16
1.6549e+14	-5.7673e-17	8.6747e-17
1.6564e+14	-3.1435e-17	9.1626e-17
1.6578e+14	6.1958e-17	1.2349e-16
1.6592e+14	9.3145e-17	1.3327e-16
1.6607e+14	1.9608e-17	1.0282e-16
1.6621e+14	-5.6373e-17	6.9926e-17
1.6636e+14	-2.9931e-17	7.5337e-17
1.665e+14	6.1361e-17	1.0662e-16
1.6664e+14	9.0079e-17	1.1662e-16
1.6679e+14	1.5749e-17	9.0062e-17
1.6693e+14	-5.9084e-17	6.4895e-17
1.6707e+14	-3.0889e-17	7.8683e-17
1.6722e+14	6.1516e-17	1.1505e-16
1.6736e+14	9.0669e-17	1.2554e-16
1.6751e+14	1.6792e-17	9.712e-17
1.6765e+14	-5.7261e-17	7.1497e-17
1.6779e+14	-2.8364e-17	8.8179e-17
1.6794e+14	6.415e-17	1.2929e-16
1.6808e+14	9.2808e-17	1.4264e-16
1.6822e+14	1.822e-17	1.1234e-16
1.6837e+14	-5.6429e-17	8.0424e-17
1.6851e+14	-2.7955e-17	8.9654e-17
1.6866e+14	6.4228e-17	1.258e-16
1.688e+14	9.2539e-17	1.3802e-16
1.6894e+14	1.7485e-17	1.0887e-16
1.6909e+14	-5.7708e-17	7.761e-17
1.6923e+14	-2.9521e-17	8.5368e-17
1.6937e+14	6.3065e-17	1.1848e-16
1.6952e+14	9.2419e-17	1.2824e-16
1.6966e+14	1.8236e-17	9.9419e-17
1.6981e+14	-5.7229e-17	7.2205e-17
1.6995e+14	-3.0528e-17	8.665e-17
1.7009e+14	6.0482e-17	1.2617e-16
1.7024e+14	8.9543e-17	1.3867e-16
1.7038e+14	1.6724e-17	1.0722e-16
1.7052e+14	-5.6579e-17	7.3505e-17
1.7067e+14	-2.8097e-17	8.1471e-17
1.7081e+14	6.3714e-17	1.178e-16
1.7096e+14	9.2564e-17	1.3044e-16
1.711e+14	1.8553e-17	9.9803e-17
1.7124e+14	-5.6852e-17	6.5569e-17
1.7139e+14	-3.0783e-17	7.2917e-17
1.7153e+14	5.9476e-17	1.1188e-16
1.7168e+14	8.8492e-17	1.3178e-16
1.7182e+14	1.5996e-17	1.0973e-16
1.7196e+14	-5.7865e-17	7.942e-17
1.7211e+14	-3.1197e-17	8.2464e-17
1.7225e+14	5.8924e-17	1.1125e-16
1.7239e+14	8.7894e-17	1.2177e-16
1.7254e+14	1.5738e-17	9.6952e-17
1.7268e+14	-5.7864e-17	7.1207e-17
1.7283e+14	-3.1334e-17	8.1831e-17
1.7297e+14	5.8775e-17	1.154e-16
1.7311e+14	8.8603e-17	1.2464e-16
1.7326e+14	1.7973e-17	9.3515e-17
1.734e+14	-5.4702e-17	6.076e-17
1.7354e+14	-2.8903e-17	6.861e-17
1.7369e+14	5.9161e-17	1.0617e-16
1.7383e+14	8.7088e-17	1.2453e-16
1.7398e+14	1.5831e-17	1.0257e-16
1.7412e+14	-5.6303e-17	7.3635e-17
1.7426e+14	-2.9662e-17	7.7818e-17
1.7441e+14	5.896e-17	1.068e-16
1.7455e+14	8.7188e-17	1.1707e-16
1.7469e+14	1.6171e-17	9.1964e-17
1.7484e+14	-5.5767e-17	6.5568e-17
1.7498e+14	-2.8938e-17	7.4982e-17
1.7513e+14	6.0076e-17	1.0752e-16
1.7527e+14	8.8905e-17	1.1688e-16
1.7541e+14	1.8097e-17	8.7014e-17
1.7556e+14	-5.4783e-17	5.5729e-17
1.757e+14	-2.9929e-17	6.4501e-17
1.7584e+14	5.7371e-17	1.0216e-16
1.7599e+14	8.611e-17	1.1919e-16
1.7613e+14	1.6832e-17	9.3497e-17
1.7628e+14	-5.4304e-17	5.9109e-17
1.7642e+14	-2.8811e-17	5.9865e-17
1.7656e+14	5.8091e-17	9.1618e-17
1.7671e+14	8.6435e-17	1.1016e-16
1.7685e+14	1.73e-17	9.1711e-17
1.7699e+14	-5.3766e-17	6.3057e-17
1.7714e+14	-2.9041e-17	6.2628e-17
1.7728e+14	5.6605e-17	8.8675e-17
1.7743e+14	8.4517e-17	1.0513e-16
1.7757e+14	1.6548e-17	9.3538e-17
1.7771e+14	-5.2545e-17	7.6755e-17
1.7786e+14	-2.6724e-17	8.281e-17
1.78e+14	5.8173e-17	1.0279e-16
1.7815e+14	8.4041e-17	1.0391e-16
1.7829e+14	1.4156e-17	7.8845e-17
1.7843e+14	-5.5618e-17	5.9577e-17
1.7858e+14	-2.9011e-17	7.3455e-17
1.7872e+14	5.766e-17	1.0255e-16
1.7886e+14	8.5429e-17	1.0536e-16
1.7901e+14	1.6577e-17	7.3543e-17
1.7915e+14	-5.3698e-17	4.5534e-17
1.793e+14	-2.889e-17	5.6192e-17
1.7944e+14	5.588e-17	8.9999e-17
1.7958e+14	8.2926e-17	1.02e-16
1.7973e+14	1.4807e-17	7.8475e-17
1.7987e+14	-5.4164e-17	5.4656e-17
1.8001e+14	-2.8549e-17	6.5332e-17
1.8016e+14	5.6269e-17	9.64e-17
1.803e+14	8.3114e-17	1.0415e-16
1.8045e+14	1.4993e-17	7.5874e-17
1.8059e+14	-5.3896e-17	4.8331e-17
1.8073e+14	-2.843e-17	5.8172e-17
1.8088e+14	5.6071e-17	9.2195e-17
1.8102e+14	8.28e-17	1.0547e-16
1.8116e+14	1.4868e-17	8.2325e-17
1.8131e+14	-5.3891e-17	5.6599e-17
1.8145e+14	-2.8694e-17	6.3886e-17
1.816e+14	5.5321e-17	9.2278e-17
1.8174e+14	8.1861e-17	9.9574e-17
1.8188e+14	1.426e-17	7.2793e-17
1.8203e+14	-5.3938e-17	4.721e-17
1.8217e+14	-2.834e-17	5.8107e-17
1.8231e+14	5.5862e-17	9.1689e-17
1.8246e+14	8.2522e-17	1.0325e-16
1.826e+14	1.4972e-17	7.8156e-17
1.8275e+14	-5.3343e-17	5.1936e-17
1.8289e+14	-2.7844e-17	6.1682e-17
1.8303e+14	5.6704e-17	9.516e-17
1.8318e+14	8.4159e-17	1.0724e-16
1.8332e+14	1.7014e-17	8.105e-17
1.8347e+14	-5.228e-17	5.0416e-17
1.8361e+14	-2.9025e-17	5.3695e-17
1.8375e+14	5.3527e-17	8.2838e-17
1.839e+14	8.0818e-17	9.6736e-17
1.8404e+14	1.5362e-17	7.8683e-17
1.8418e+14	-5.1993e-17	5.7857e-17
1.8433e+14	-2.8134e-17	6.6142e-17
1.8447e+14	5.3667e-17	9.1942e-17
1.8462e+14	8.0168e-17	9.6289e-17
1.8476e+14	1.4959e-17	6.8892e-17
1.849e+14	-5.1327e-17	4.5114e-17
1.8505e+14	-2.6565e-17	5.8543e-17
1.8519e+14	5.5384e-17	9.3816e-17
1.8533e+14	8.1477e-17	1.055e-16
1.8548e+14	1.5696e-17	7.8551e-17
1.8562e+14	-5.1263e-17	4.8297e-17
1.8577e+14	-2.7327e-17	5.2647e-17
1.8591e+14	5.3929e-17	8.1804e-17
1.8605e+14	7.9912e-17	9.3629e-17
1.862e+14	1.4619e-17	7.2582e-17
1.8634e+14	-5.1799e-17	5.0754e-17
1.8648e+14	-2.7696e-17	6.2463e-17
1.8663e+14	5.362e-17	9.5714e-17
1.8677e+14	8.019e-17	1.0785e-16
1.8692e+14	1.6097e-17	8.3822e-17
1.8706e+14	-4.9269e-17	5.656e-17
1.872e+14	-2.5152e-17	6.1421e-17
1.8735e+14	5.5004e-17	8.7733e-17
1.8749e+14	7.9878e-17	9.4444e-17
1.8763e+14	1.4268e-17	6.8094e-17
1.8778e+14	-5.209e-17	4.2627e-17
1.8792e+14	-2.8254e-17	5.3048e-17
1.8807e+14	5.2588e-17	8.6457e-17
1.8821e+14	7.9071e-17	9.823e-17
1.8835e+14	1.5179e-17	7.1966e-17
1.885e+14	-5.0575e-17	4.1635e-17
1.8864e+14	-2.769e-17	4.5885e-17
1.8879e+14	5.1674e-17	7.682e-17
1.8893e+14	7.782e-17	9.2329e-17
1.8907e+14	1.5384e-17	7.3711e-17
1.8922e+14	-4.8202e-17	4.93e-17
1.8936e+14	-2.4239e-17	5.3092e-17
1.895e+14	5.4255e-17	7.7204e-17
1.8965e+14	7.8289e-17	8.4255e-17
1.8979e+14	1.3924e-17	6.1465e-17
1.8994e+14	-5.0479e-17	3.999e-17
1.9008e+14	-2.6228e-17	5.1661e-17
1.9022e+14	5.3094e-17	8.3115e-17
1.9037e+14	7.7857e-17	9.2045e-17
1.9051e+14	1.3661e-17	6.4721e-17
1.9065e+14	-5.1232e-17	3.6026e-17
1.908e+14	-2.7691e-17	4.3574e-17
1.9094e+14	5.146e-17	7.7564e-17
1.9109e+14	7.6983e-17	9.4189e-17
1.9123e+14	1.3961e-17	7.408e-17
1.9137e+14	-5.0369e-17	4.6517e-17
1.9152e+14	-2.7334e-17	4.775e-17
1.9166e+14	5.0925e-17	7.171e-17
1.918e+14	7.6322e-17	8.0503e-17
1.9195e+14	1.4323e-17	5.8888e-17
1.9209e+14	-4.8619e-17	3.6571e-17
1.9224e+14	-2.496e-17	4.7302e-17
1.9238e+14	5.2762e-17	8.1301e-17
1.9252e+14	7.6936e-17	9.6834e-17
1.9267e+14	1.3699e-17	7.5471e-17
1.9281e+14	-5.019e-17	4.5864e-17
1.9295e+14	-2.7105e-17	4.4417e-17
1.931e+14	5.0573e-17	6.7234e-17
1.9324e+14	7.5324e-17	7.822e-17
1.9339e+14	1.2945e-17	6.0188e-17
1.9353e+14	-5.044e-17	3.7701e-17
1.9367e+14	-2.7453e-17	4.135e-17
1.9382e+14	5.0042e-17	6.4737e-17
1.9396e+14	7.5255e-17	7.4297e-17
1.941e+14	1.4032e-17	5.7261e-17
1.9425e+14	-4.8286e-17	3.9688e-17
1.9439e+14	-2.5106e-17	4.9007e-17
1.9454e+14	5.1707e-17	7.3841e-17
1.9468e+14	7.5995e-17	7.8379e-17
1.9482e+14	1.4064e-17	5.2404e-17
1.9497e+14	-4.8802e-17	2.7381e-17
1.9511e+14	-2.617e-17	3.502e-17
1.9526e+14	5.0314e-17	6.4393e-17
1.954e+14	7.4838e-17	7.6503e-17
1.9554e+14	1.3596e-17	5.6763e-17
1.9569e+14	-4.8729e-17	3.3854e-17
1.9583e+14	-2.6085e-17	3.9692e-17
1.9597e+14	5.0201e-17	6.5918e-17
1.9612e+14	7.4883e-17	7.6368e-17
1.9626e+14	1.4108e-17	5.7426e-17
1.9641e+14	-4.816e-17	3.6302e-17
1.9655e+14	-2.637e-17	4.2426e-17
1.9669e+14	4.8609e-17	6.6185e-17
1.9684e+14	7.2534e-17	7.2517e-17
1.9698e+14	1.2004e-17	5.0317e-17
1.9712e+14	-4.9531e-17	2.8663e-17
1.9727e+14	-2.7225e-17	3.6943e-17
1.9741e+14	4.8049e-17	6.4024e-17
1.9756e+14	7.2598e-17	7.324e-17
1.977e+14	1.3164e-17	5.269e-17
1.9784e+14	-4.7518e-17	3.1352e-17
1.9799e+14	-2.5427e-17	3.8753e-17
1.9813e+14	4.8655e-17	6.4167e-17
1.9827e+14	7.205e-17	7.1872e-17
1.9842e+14	1.2366e-17	5.116e-17
1.9856e+14	-4.7803e-17	3.1356e-17
1.9871e+14	-2.5279e-17	4.0669e-17
1.9885e+14	4.8632e-17	6.603e-17
1.9899e+14	7.153e-17	7.0363e-17
1.9914e+14	1.1602e-17	4.4202e-17
1.9928e+14	-4.8398e-17	2.0184e-17
1.9942e+14	-2.5646e-17	2.9363e-17
1.9957e+14	4.8197e-17	5.8686e-17
1.9971e+14	7.0781e-17	6.8279e-17
1.9986e+14	1.0655e-17	4.5504e-17
2e+14	-4.9113e-17	2.2018e-17
