#Error on normalization	O = 2.271 %	H = 2.354 %
#Frequence (s-1)	S_O (s)	S_H (s)
0	4.5496e-16	5.1692e-16
1.5773e+11	2.1498e-16	5.3362e-16
3.1546e+11	-1.0218e-16	5.6386e-16
4.7319e+11	6.4506e-17	5.7715e-16
6.3091e+11	5.1286e-16	5.8205e-16
7.8864e+11	5.6206e-16	6.2801e-16
9.4637e+11	1.536e-16	7.4514e-16
1.1041e+12	3.9906e-17	8.8986e-16
1.2618e+12	6.6315e-16	9.7379e-16
1.4196e+12	1.3972e-15	9.6171e-16
1.5773e+12	1.4111e-15	9.2797e-16
1.735e+12	9.5058e-16	9.8709e-16
1.8927e+12	1.0322e-15	1.1586e-15
2.0505e+12	1.8521e-15	1.3253e-15
2.2082e+12	2.3408e-15	1.357e-15
2.3659e+12	1.8095e-15	1.2702e-15
2.5237e+12	1.3661e-15	1.2265e-15
2.6814e+12	2.6531e-15	1.3471e-15
2.8391e+12	5.2937e-15	1.5608e-15
2.9968e+12	6.9297e-15	1.6915e-15
3.1546e+12	6.6809e-15	1.7098e-15
3.3123e+12	7.6748e-15	1.8368e-15
3.47e+12	1.436e-14	2.325e-15
3.6278e+12	2.6686e-14	3.1232e-15
3.7855e+12	3.8133e-14	3.8192e-15
3.9432e+12	4.0973e-14	3.9777e-15
4.1009e+12	3.366e-14	3.5446e-15
4.2587e+12	2.2279e-14	2.8929e-15
4.4164e+12	1.4559e-14	2.4695e-15
4.5741e+12	1.3252e-14	2.4283e-15
4.7319e+12	1.5668e-14	2.6118e-15
4.8896e+12	1.8396e-14	2.8245e-15
5.0473e+12	2.0836e-14	3.0404e-15
5.205e+12	2.4218e-14	3.3406e-15
5.3628e+12	2.9051e-14	3.7368e-15
5.5205e+12	3.4869e-14	4.1372e-15
5.6782e+12	4.1427e-14	4.4607e-15
5.836e+12	4.8152e-14	4.693e-15
5.9937e+12	5.2378e-14	4.7998e-15
6.1514e+12	5.0491e-14	4.6775e-15
6.3091e+12	4.2842e-14	4.3022e-15
6.4669e+12	3.6604e-14	3.9236e-15
6.6246e+12	4.0931e-14	3.9845e-15
6.7823e+12	5.7861e-14	4.7296e-15
6.9401e+12	7.9316e-14	5.8974e-15
7.0978e+12	9.4835e-14	6.8881e-15
7.2555e+12	1.0183e-13	7.2826e-15
7.4132e+12	1.0632e-13	7.1696e-15
7.571e+12	1.1332e-13	6.9396e-15
7.7287e+12	1.1904e-13	6.8198e-15
7.8864e+12	1.1511e-13	6.692e-15
8.0442e+12	9.9584e-14	6.3457e-15
8.2019e+12	8.074e-14	5.7852e-15
8.3596e+12	6.8453e-14	5.199e-15
8.5174e+12	6.3754e-14	4.701e-15
8.6751e+12	5.9589e-14	4.2494e-15
8.8328e+12	5.1316e-14	3.8534e-15
8.9905e+12	4.3024e-14	3.7141e-15
9.1483e+12	4.1518e-14	4.0075e-15
9.306e+12	4.6272e-14	4.5507e-15
9.4637e+12	4.9119e-14	4.8606e-15
9.6215e+12	4.4576e-14	4.6596e-15
9.7792e+12	3.7432e-14	4.2445e-15
9.9369e+12	3.7418e-14	4.2031e-15
1.0095e+13	4.7531e-14	4.7449e-15
1.0252e+13	6.0832e-14	5.4488e-15
1.041e+13	6.9452e-14	5.768e-15
1.0568e+13	7.3718e-14	5.6893e-15
1.0726e+13	7.9563e-14	5.7139e-15
1.0883e+13	8.8294e-14	6.1609e-15
1.1041e+13	9.3055e-14	6.6763e-15
1.1199e+13	8.7349e-14	6.6094e-15
1.1356e+13	7.4526e-14	5.835e-15
1.1514e+13	6.5344e-14	4.9945e-15
1.1672e+13	6.6022e-14	4.8119e-15
1.183e+13	7.1652e-14	5.2865e-15
1.1987e+13	7.2992e-14	5.7343e-15
1.2145e+13	6.7627e-14	5.6188e-15
1.2303e+13	6.1473e-14	5.1548e-15
1.2461e+13	5.9799e-14	4.9744e-15
1.2618e+13	6.0484e-14	5.3189e-15
1.2776e+13	5.8278e-14	5.7709e-15
1.2934e+13	5.3393e-14	5.8196e-15
1.3091e+13	5.1894e-14	5.498e-15
1.3249e+13	5.697e-14	5.289e-15
1.3407e+13	6.3235e-14	5.4675e-15
1.3565e+13	6.2596e-14	5.7552e-15
1.3722e+13	5.455e-14	5.7204e-15
1.388e+13	4.7221e-14	5.3703e-15
1.4038e+13	4.7332e-14	5.1575e-15
1.4196e+13	5.2115e-14	5.4028e-15
1.4353e+13	5.3863e-14	5.8926e-15
1.4511e+13	5.1078e-14	6.1549e-15
1.4669e+13	5.104e-14	6.0357e-15
1.4826e+13	5.973e-14	5.8399e-15
1.4984e+13	7.2135e-14	5.8994e-15
1.5142e+13	7.6383e-14	6.1668e-15
1.53e+13	6.7673e-14	6.3415e-15
1.5457e+13	5.4843e-14	6.3019e-15
1.5615e+13	5.0917e-14	6.2418e-15
1.5773e+13	5.8645e-14	6.3579e-15
1.5931e+13	6.8181e-14	6.5578e-15
1.6088e+13	6.908e-14	6.6019e-15
1.6246e+13	6.1695e-14	6.4655e-15
1.6404e+13	5.4889e-14	6.3978e-15
1.6562e+13	5.4363e-14	6.5819e-15
1.6719e+13	5.6591e-14	6.8727e-15
1.6877e+13	5.4836e-14	6.9974e-15
1.7035e+13	4.8187e-14	6.9632e-15
1.7192e+13	4.1974e-14	7.1058e-15
1.735e+13	4.0142e-14	7.6664e-15
1.7508e+13	4.0333e-14	8.4236e-15
1.7666e+13	3.7769e-14	8.8684e-15
1.7823e+13	3.1978e-14	8.7381e-15
1.7981e+13	2.7191e-14	8.2821e-15
1.8139e+13	2.6409e-14	7.9702e-15
1.8297e+13	2.7537e-14	8.0202e-15
1.8454e+13	2.6659e-14	8.2764e-15
1.8612e+13	2.355e-14	8.4869e-15
1.877e+13	2.1759e-14	8.5808e-15
1.8927e+13	2.3313e-14	8.66e-15
1.9085e+13	2.5501e-14	8.8349e-15
1.9243e+13	2.4231e-14	9.1486e-15
1.9401e+13	1.9453e-14	9.5941e-15
1.9558e+13	1.5386e-14	1.0082e-14
1.9716e+13	1.5241e-14	1.0399e-14
1.9874e+13	1.737e-14	1.0354e-14
2.0032e+13	1.767e-14	1.0052e-14
2.0189e+13	1.4828e-14	9.9453e-15
2.0347e+13	1.1601e-14	1.0419e-14
2.0505e+13	1.0925e-14	1.1309e-14
2.0662e+13	1.2301e-14	1.1972e-14
2.082e+13	1.3036e-14	1.1966e-14
2.0978e+13	1.2094e-14	1.1596e-14
2.1136e+13	1.1176e-14	1.1623e-14
2.1293e+13	1.1854e-14	1.2412e-14
2.1451e+13	1.3084e-14	1.3521e-14
2.1609e+13	1.262e-14	1.4259e-14
2.1767e+13	1.0251e-14	1.4532e-14
2.1924e+13	8.2827e-15	1.4948e-14
2.2082e+13	8.5707e-15	1.6022e-14
2.224e+13	1.0145e-14	1.7497e-14
2.2397e+13	1.0594e-14	1.8602e-14
2.2555e+13	9.2384e-15	1.8915e-14
2.2713e+13	7.8337e-15	1.8716e-14
2.2871e+13	8.0496e-15	1.8468e-14
2.3028e+13	9.2691e-15	1.8195e-14
2.3186e+13	9.5824e-15	1.766e-14
2.3344e+13	8.3922e-15	1.7055e-14
2.3502e+13	7.0323e-15	1.7154e-14
2.3659e+13	6.7747e-15	1.8489e-14
2.3817e+13	7.1856e-15	2.054e-14
2.3975e+13	7.0515e-15	2.2073e-14
2.4132e+13	6.3234e-15	2.2423e-14
2.429e+13	6.1632e-15	2.2261e-14
2.4448e+13	7.0479e-15	2.2839e-14
2.4606e+13	7.7849e-15	2.4521e-14
2.4763e+13	7.0294e-15	2.6288e-14
2.4921e+13	5.2595e-15	2.6809e-14
2.5079e+13	4.3525e-15	2.5866e-14
2.5237e+13	5.1714e-15	2.4561e-14
2.5394e+13	6.4005e-15	2.4178e-14
2.5552e+13	6.2651e-15	2.5035e-14
2.571e+13	4.8595e-15	2.6453e-14
2.5868e+13	3.9556e-15	2.7579e-14
2.6025e+13	4.5764e-15	2.8007e-14
2.6183e+13	5.6427e-15	2.7715e-14
2.6341e+13	5.5116e-15	2.6837e-14
2.6498e+13	4.2634e-15	2.5747e-14
2.6656e+13	3.5919e-15	2.5159e-14
2.6814e+13	4.4481e-15	2.5694e-14
2.6972e+13	5.6742e-15	2.7116e-14
2.7129e+13	5.5195e-15	2.822e-14
2.7287e+13	4.0049e-15	2.7827e-14
2.7445e+13	2.9428e-15	2.602e-14
2.7603e+13	3.574e-15	2.4232e-14
2.776e+13	4.9702e-15	2.3909e-14
2.7918e+13	5.2857e-15	2.5071e-14
2.8076e+13	4.1375e-15	2.6316e-14
2.8233e+13	2.9776e-15	2.6291e-14
2.8391e+13	3.0943e-15	2.5115e-14
2.8549e+13	4.0002e-15	2.4277e-14
2.8707e+13	4.2772e-15	2.5131e-14
2.8864e+13	3.5566e-15	2.7478e-14
2.9022e+13	2.8995e-15	2.9602e-14
2.918e+13	3.189e-15	2.97e-14
2.9338e+13	3.885e-15	2.7407e-14
2.9495e+13	3.8665e-15	2.4122e-14
2.9653e+13	3.0976e-15	2.1898e-14
2.9811e+13	2.7166e-15	2.1833e-14
2.9968e+13	3.4077e-15	2.3288e-14
3.0126e+13	4.3575e-15	2.4553e-14
3.0284e+13	4.3032e-15	2.4383e-14
3.0442e+13	3.2636e-15	2.3024e-14
3.0599e+13	2.559e-15	2.1814e-14
3.0757e+13	3.0553e-15	2.1764e-14
3.0915e+13	4.0055e-15	2.2568e-14
3.1073e+13	4.059e-15	2.3053e-14
3.123e+13	3.0698e-15	2.2552e-14
3.1388e+13	2.2687e-15	2.164e-14
3.1546e+13	2.5987e-15	2.138e-14
3.1703e+13	3.4774e-15	2.1958e-14
3.1861e+13	3.6248e-15	2.2347e-14
3.2019e+13	2.7849e-15	2.1471e-14
3.2177e+13	2.0178e-15	1.958e-14
3.2334e+13	2.2334e-15	1.8172e-14
3.2492e+13	3.001e-15	1.8469e-14
3.265e+13	3.2089e-15	2.008e-14
3.2808e+13	2.595e-15	2.1372e-14
3.2965e+13	2.0465e-15	2.1135e-14
3.3123e+13	2.3287e-15	1.9749e-14
3.3281e+13	3.0449e-15	1.867e-14
3.3438e+13	3.2283e-15	1.89e-14
3.3596e+13	2.6789e-15	2.0097e-14
3.3754e+13	2.1792e-15	2.1098e-14
3.3912e+13	2.3462e-15	2.1077e-14
3.4069e+13	2.7694e-15	2.0108e-14
3.4227e+13	2.6324e-15	1.8792e-14
3.4385e+13	1.9104e-15	1.7637e-14
3.4543e+13	1.4445e-15	1.687e-14
3.47e+13	1.7901e-15	1.6629e-14
3.4858e+13	2.4519e-15	1.7017e-14
3.5016e+13	2.5646e-15	1.7902e-14
3.5174e+13	2.0623e-15	1.882e-14
3.5331e+13	1.7172e-15	1.9281e-14
3.5489e+13	2.0279e-15	1.922e-14
3.5647e+13	2.5324e-15	1.9078e-14
3.5804e+13	2.4957e-15	1.9349e-14
3.5962e+13	1.9777e-15	2.0042e-14
3.612e+13	1.7583e-15	2.0607e-14
3.6278e+13	2.2183e-15	2.0444e-14
3.6435e+13	2.7621e-15	1.9515e-14
3.6593e+13	2.6242e-15	1.8468e-14
3.6751e+13	1.9533e-15	1.8117e-14
3.6909e+13	1.6472e-15	1.8706e-14
3.7066e+13	2.1268e-15	1.9618e-14
3.7224e+13	2.7309e-15	1.9879e-14
3.7382e+13	2.5874e-15	1.9054e-14
3.7539e+13	1.7941e-15	1.7714e-14
3.7697e+13	1.3012e-15	1.6951e-14
3.7855e+13	1.6489e-15	1.7345e-14
3.8013e+13	2.2718e-15	1.8384e-14
3.817e+13	2.2977e-15	1.8968e-14
3.8328e+13	1.7287e-15	1.8496e-14
3.8486e+13	1.3934e-15	1.7411e-14
3.8644e+13	1.7643e-15	1.6657e-14
3.8801e+13	2.2936e-15	1.6687e-14
3.8959e+13	2.1876e-15	1.7132e-14
3.9117e+13	1.5408e-15	1.7397e-14
3.9274e+13	1.2466e-15	1.7366e-14
3.9432e+13	1.7832e-15	1.7377e-14
3.959e+13	2.5316e-15	1.7588e-14
3.9748e+13	2.5701e-15	1.7662e-14
3.9905e+13	1.8833e-15	1.7202e-14
4.0063e+13	1.3647e-15	1.6348e-14
4.0221e+13	1.6222e-15	1.5705e-14
4.0379e+13	2.2038e-15	1.5657e-14
4.0536e+13	2.2534e-15	1.595e-14
4.0694e+13	1.6698e-15	1.6113e-14
4.0852e+13	1.1998e-15	1.6147e-14
4.1009e+13	1.3923e-15	1.6532e-14
4.1167e+13	1.8784e-15	1.7498e-14
4.1325e+13	1.9402e-15	1.8515e-14
4.1483e+13	1.5338e-15	1.875e-14
4.164e+13	1.3309e-15	1.8002e-14
4.1798e+13	1.7407e-15	1.6968e-14
4.1956e+13	2.2963e-15	1.6466e-14
4.2114e+13	2.2735e-15	1.6552e-14
4.2271e+13	1.6897e-15	1.6604e-14
4.2429e+13	1.2989e-15	1.6212e-14
4.2587e+13	1.5808e-15	1.5752e-14
4.2744e+13	2.1048e-15	1.591e-14
4.2902e+13	2.1291e-15	1.6786e-14
4.306e+13	1.6038e-15	1.7675e-14
4.3218e+13	1.2119e-15	1.778e-14
4.3375e+13	1.4208e-15	1.7002e-14
4.3533e+13	1.8639e-15	1.5945e-14
4.3691e+13	1.8871e-15	1.5304e-14
4.3849e+13	1.477e-15	1.5386e-14
4.4006e+13	1.2738e-15	1.6137e-14
4.4164e+13	1.6604e-15	1.7305e-14
4.4322e+13	2.2033e-15	1.8442e-14
4.4479e+13	2.2274e-15	1.8939e-14
4.4637e+13	1.7351e-15	1.845e-14
4.4795e+13	1.4018e-15	1.7368e-14
4.4953e+13	1.6539e-15	1.6664e-14
4.511e+13	2.0971e-15	1.6984e-14
4.5268e+13	2.0761e-15	1.7929e-14
4.5426e+13	1.5894e-15	1.8442e-14
4.5584e+13	1.3007e-15	1.7955e-14
4.5741e+13	1.6305e-15	1.6996e-14
4.5899e+13	2.1728e-15	1.6512e-14
4.6057e+13	2.2317e-15	1.6745e-14
4.6215e+13	1.7467e-15	1.7051e-14
4.6372e+13	1.3598e-15	1.6851e-14
4.653e+13	1.5506e-15	1.6447e-14
4.6688e+13	2.0167e-15	1.6587e-14
4.6845e+13	2.1106e-15	1.7344e-14
4.7003e+13	1.707e-15	1.7843e-14
4.7161e+13	1.3295e-15	1.7338e-14
4.7319e+13	1.4162e-15	1.6341e-14
4.7476e+13	1.759e-15	1.6264e-14
4.7634e+13	1.854e-15	1.7798e-14
4.7792e+13	1.6172e-15	1.9903e-14
4.795e+13	1.4543e-15	2.0718e-14
4.8107e+13	1.6275e-15	1.9451e-14
4.8265e+13	1.8532e-15	1.7166e-14
4.8423e+13	1.7155e-15	1.5627e-14
4.858e+13	1.2982e-15	1.5557e-14
4.8738e+13	1.1199e-15	1.6214e-14
4.8896e+13	1.4352e-15	1.6534e-14
4.9054e+13	1.871e-15	1.6333e-14
4.9211e+13	1.914e-15	1.6207e-14
4.9369e+13	1.585e-15	1.6513e-14
4.9527e+13	1.3769e-15	1.6816e-14
4.9685e+13	1.553e-15	1.6457e-14
4.9842e+13	1.7869e-15	1.5422e-14
5e+13	1.6403e-15	1.4387e-14
5.0158e+13	1.2035e-15	1.3943e-14
5.0315e+13	9.939e-16	1.3983e-14
5.0473e+13	1.246e-15	1.3945e-14
5.0631e+13	1.5795e-15	1.3517e-14
5.0789e+13	1.5133e-15	1.2915e-14
5.0946e+13	1.1221e-15	1.2515e-14
5.1104e+13	9.2918e-16	1.2401e-14
5.1262e+13	1.185e-15	1.2382e-14
5.142e+13	1.5244e-15	1.2326e-14
5.1577e+13	1.4708e-15	1.2288e-14
5.1735e+13	1.0859e-15	1.231e-14
5.1893e+13	8.7011e-16	1.2238e-14
5.205e+13	1.0644e-15	1.1883e-14
5.2208e+13	1.3281e-15	1.1304e-14
5.2366e+13	1.2345e-15	1.0797e-14
5.2524e+13	8.8256e-16	1.0575e-14
5.2681e+13	7.634e-16	1.0527e-14
5.2839e+13	1.0657e-15	1.0361e-14
5.2997e+13	1.3927e-15	9.9425e-15
5.3155e+13	1.2985e-15	9.419e-15
5.3312e+13	9.0671e-16	9.0158e-15
5.347e+13	7.4911e-16	8.7992e-15
5.3628e+13	1.0354e-15	8.6778e-15
5.3785e+13	1.3588e-15	8.5693e-15
5.3943e+13	1.2486e-15	8.472e-15
5.4101e+13	8.1658e-16	8.3829e-15
5.4259e+13	6.0739e-16	8.2449e-15
5.4416e+13	8.5833e-16	8.0363e-15
5.4574e+13	1.1819e-15	7.8552e-15
5.4732e+13	1.105e-15	7.8211e-15
5.489e+13	7.1988e-16	7.8832e-15
5.5047e+13	5.5397e-16	7.815e-15
5.5205e+13	8.4052e-16	7.4658e-15
5.5363e+13	1.1966e-15	6.9803e-15
5.5521e+13	1.148e-15	6.6814e-15
5.5678e+13	7.7603e-16	6.7137e-15
5.5836e+13	5.9678e-16	6.8664e-15
5.5994e+13	8.456e-16	6.8105e-15
5.6151e+13	1.155e-15	6.4846e-15
5.6309e+13	1.0673e-15	6.1719e-15
5.6467e+13	6.7033e-16	6.1692e-15
5.6625e+13	4.8077e-16	6.4368e-15
5.6782e+13	7.3608e-16	6.6385e-15
5.694e+13	1.0712e-15	6.5177e-15
5.7098e+13	1.0197e-15	6.1708e-15
5.7256e+13	6.4613e-16	5.9126e-15
5.7413e+13	4.4382e-16	5.9105e-15
5.7571e+13	6.5172e-16	6.0123e-15
5.7729e+13	9.3815e-16	5.9494e-15
5.7886e+13	8.8161e-16	5.6667e-15
5.8044e+13	5.7011e-16	5.405e-15
5.8202e+13	4.7979e-16	5.453e-15
5.836e+13	7.9838e-16	5.835e-15
5.8517e+13	1.1355e-15	6.2554e-15
5.8675e+13	1.0346e-15	6.3488e-15
5.8833e+13	5.9487e-16	5.9944e-15
5.8991e+13	3.5269e-16	5.4136e-15
5.9148e+13	5.7707e-16	4.9785e-15
5.9306e+13	9.2988e-16	4.9104e-15
5.9464e+13	9.3754e-16	5.126e-15
5.9621e+13	6.207e-16	5.3486e-15
5.9779e+13	4.3374e-16	5.3683e-15
5.9937e+13	6.2446e-16	5.2089e-15
6.0095e+13	9.0603e-16	5.0582e-15
6.0252e+13	8.7721e-16	5.049e-15
6.041e+13	5.8654e-16	5.1248e-15
6.0568e+13	4.5448e-16	5.1259e-15
6.0726e+13	6.7552e-16	4.9914e-15
6.0883e+13	9.4457e-16	4.843e-15
6.1041e+13	8.8821e-16	4.85e-15
6.1199e+13	5.914e-16	5.0253e-15
6.1356e+13	4.7882e-16	5.1869e-15
6.1514e+13	7.1574e-16	5.1403e-15
6.1672e+13	9.694e-16	4.8913e-15
6.183e+13	8.7085e-16	4.6585e-15
6.1987e+13	5.3637e-16	4.6678e-15
6.2145e+13	4.164e-16	4.937e-15
6.2303e+13	6.7231e-16	5.2595e-15
6.2461e+13	9.4504e-16	5.3892e-15
6.2618e+13	8.4519e-16	5.2409e-15
6.2776e+13	4.9429e-16	4.9333e-15
6.2934e+13	3.6654e-16	4.6678e-15
6.3091e+13	6.3995e-16	4.5754e-15
6.3249e+13	9.4613e-16	4.6499e-15
6.3407e+13	8.6646e-16	4.7839e-15
6.3565e+13	4.9922e-16	4.8487e-15
6.3722e+13	3.2357e-16	4.7647e-15
6.388e+13	5.4908e-16	4.5434e-15
6.4038e+13	8.4155e-16	4.2929e-15
6.4196e+13	7.9374e-16	4.1717e-15
6.4353e+13	4.8622e-16	4.2872e-15
6.4511e+13	3.6619e-16	4.5995e-15
6.4669e+13	6.1759e-16	4.9159e-15
6.4826e+13	8.977e-16	5.0189e-15
6.4984e+13	8.0727e-16	4.8422e-15
6.5142e+13	4.462e-16	4.5413e-15
6.53e+13	2.8551e-16	4.3697e-15
6.5457e+13	5.2669e-16	4.4551e-15
6.5615e+13	8.2649e-16	4.6837e-15
6.5773e+13	7.6636e-16	4.8146e-15
6.5931e+13	4.2554e-16	4.7187e-15
6.6088e+13	2.7463e-16	4.5013e-15
6.6246e+13	5.354e-16	4.3798e-15
6.6404e+13	8.7883e-16	4.4482e-15
6.6562e+13	8.6731e-16	4.5815e-15
6.6719e+13	5.3545e-16	4.5812e-15
6.6877e+13	3.2711e-16	4.3933e-15
6.7035e+13	4.9173e-16	4.1602e-15
6.7192e+13	7.6825e-16	4.0568e-15
6.735e+13	7.6886e-16	4.1079e-15
6.7508e+13	5.1205e-16	4.186e-15
6.7666e+13	3.7172e-16	4.1706e-15
6.7823e+13	5.3606e-16	4.072e-15
6.7981e+13	7.4519e-16	3.9882e-15
6.8139e+13	6.7042e-16	3.9731e-15
6.8297e+13	3.9249e-16	3.9853e-15
6.8454e+13	2.9827e-16	3.9656e-15
6.8612e+13	5.3427e-16	3.9272e-15
6.877e+13	7.8376e-16	3.9418e-15
6.8927e+13	6.9225e-16	4.048e-15
6.9085e+13	3.624e-16	4.1991e-15
6.9243e+13	2.3031e-16	4.3057e-15
6.9401e+13	4.8079e-16	4.3135e-15
6.9558e+13	7.9608e-16	4.2339e-15
6.9716e+13	7.8153e-16	4.1213e-15
6.9874e+13	4.8915e-16	4.0412e-15
7.0032e+13	3.3117e-16	4.048e-15
7.0189e+13	5.1324e-16	4.1536e-15
7.0347e+13	7.6655e-16	4.3019e-15
7.0505e+13	7.3547e-16	4.3951e-15
7.0662e+13	4.7309e-16	4.376e-15
7.082e+13	3.5917e-16	4.2833e-15
7.0978e+13	5.629e-16	4.2017e-15
7.1136e+13	8.0217e-16	4.1554e-15
7.1293e+13	7.3541e-16	4.0852e-15
7.1451e+13	4.4143e-16	3.9562e-15
7.1609e+13	3.188e-16	3.8616e-15
7.1767e+13	5.3899e-16	3.9566e-15
7.1924e+13	8.0621e-16	4.2621e-15
7.2082e+13	7.5708e-16	4.5749e-15
7.224e+13	4.5429e-16	4.6322e-15
7.2397e+13	2.9993e-16	4.3825e-15
7.2555e+13	4.9021e-16	4.056e-15
7.2713e+13	7.5697e-16	3.9378e-15
7.2871e+13	7.4149e-16	4.0876e-15
7.3028e+13	4.8037e-16	4.3161e-15
7.3186e+13	3.4104e-16	4.428e-15
7.3344e+13	5.0942e-16	4.4338e-15
7.3502e+13	7.4127e-16	4.4906e-15
7.3659e+13	7.1127e-16	4.6678e-15
7.3817e+13	4.6495e-16	4.8396e-15
7.3975e+13	3.4683e-16	4.8271e-15
7.4132e+13	5.1436e-16	4.6051e-15
7.429e+13	7.2012e-16	4.3224e-15
7.4448e+13	6.6344e-16	4.1304e-15
7.4606e+13	4.1566e-16	4.0414e-15
7.4763e+13	3.222e-16	3.9739e-15
7.4921e+13	5.1734e-16	3.8958e-15
7.5079e+13	7.3062e-16	3.869e-15
7.5237e+13	6.5996e-16	3.9529e-15
7.5394e+13	3.9565e-16	4.108e-15
7.5552e+13	3.0333e-16	4.2285e-15
7.571e+13	5.2148e-16	4.2566e-15
7.5868e+13	7.661e-16	4.2357e-15
7.6025e+13	7.1524e-16	4.2464e-15
7.6183e+13	4.4657e-16	4.3119e-15
7.6341e+13	3.2694e-16	4.3724e-15
7.6498e+13	5.0795e-16	4.3388e-15
7.6656e+13	7.2329e-16	4.164e-15
7.6814e+13	6.6506e-16	3.8908e-15
7.6972e+13	4.1556e-16	3.6581e-15
7.7129e+13	3.3501e-16	3.6424e-15
7.7287e+13	5.5862e-16	3.932e-15
7.7445e+13	7.9923e-16	4.4117e-15
7.7603e+13	7.332e-16	4.7954e-15
7.776e+13	4.4368e-16	4.8381e-15
7.7918e+13	3.1305e-16	4.5562e-15
7.8076e+13	5.0929e-16	4.2247e-15
7.8233e+13	7.6469e-16	4.1275e-15
7.8391e+13	7.4308e-16	4.2999e-15
7.8549e+13	4.8928e-16	4.5239e-15
7.8707e+13	3.5204e-16	4.5656e-15
7.8864e+13	4.998e-16	4.3951e-15
7.9022e+13	7.0022e-16	4.1805e-15
7.918e+13	6.5798e-16	4.1177e-15
7.9338e+13	4.3219e-16	4.2967e-15
7.9495e+13	3.5278e-16	4.6898e-15
7.9653e+13	5.5655e-16	5.1774e-15
7.9811e+13	7.8959e-16	5.5475e-15
7.9968e+13	7.5019e-16	5.5527e-15
8.0126e+13	4.9749e-16	5.0939e-15
8.0284e+13	3.6429e-16	4.3939e-15
8.0442e+13	5.0072e-16	3.9107e-15
8.0599e+13	6.8154e-16	3.9665e-15
8.0757e+13	6.3567e-16	4.4321e-15
8.0915e+13	4.3018e-16	4.8307e-15
8.1073e+13	3.7203e-16	4.8054e-15
8.123e+13	5.6913e-16	4.4701e-15
8.1388e+13	7.6976e-16	4.26e-15
8.1546e+13	7.0889e-16	4.4419e-15
8.1703e+13	4.7942e-16	4.827e-15
8.1861e+13	4.068e-16	4.9963e-15
8.2019e+13	5.9664e-16	4.7702e-15
8.2177e+13	7.8464e-16	4.3956e-15
8.2334e+13	7.0192e-16	4.2627e-15
8.2492e+13	4.514e-16	4.4879e-15
8.265e+13	3.6962e-16	4.8169e-15
8.2808e+13	5.607e-16	4.9178e-15
8.2965e+13	7.4911e-16	4.7219e-15
8.3123e+13	6.6188e-16	4.4677e-15
8.3281e+13	4.1546e-16	4.4456e-15
8.3438e+13	3.6652e-16	4.7273e-15
8.3596e+13	6.2171e-16	5.1212e-15
8.3754e+13	8.779e-16	5.3527e-15
8.3912e+13	8.2019e-16	5.291e-15
8.4069e+13	5.4157e-16	5.0454e-15
8.4227e+13	4.1465e-16	4.871e-15
8.4385e+13	5.9071e-16	4.957e-15
8.4543e+13	8.0728e-16	5.2595e-15
8.47e+13	7.6001e-16	5.5322e-15
8.4858e+13	5.2254e-16	5.5518e-15
8.5016e+13	4.3825e-16	5.3359e-15
8.5174e+13	6.3769e-16	5.1224e-15
8.5331e+13	8.5076e-16	5.1099e-15
8.5489e+13	7.752e-16	5.2331e-15
8.5647e+13	4.9614e-16	5.2353e-15
8.5804e+13	3.785e-16	4.9768e-15
8.5962e+13	5.7574e-16	4.6285e-15
8.612e+13	8.2305e-16	4.5137e-15
8.6278e+13	7.946e-16	4.7619e-15
8.6435e+13	5.3733e-16	5.1651e-15
8.6593e+13	3.9693e-16	5.3976e-15
8.6751e+13	5.4822e-16	5.3475e-15
8.6909e+13	7.7314e-16	5.1952e-15
8.7066e+13	7.7595e-16	5.1835e-15
8.7224e+13	5.8731e-16	5.3703e-15
8.7382e+13	5.0217e-16	5.6295e-15
8.7539e+13	6.5366e-16	5.839e-15
8.7697e+13	8.2636e-16	5.9922e-15
8.7855e+13	7.6735e-16	6.1143e-15
8.8013e+13	5.5271e-16	6.1405e-15
8.817e+13	4.8907e-16	5.9534e-15
8.8328e+13	6.8228e-16	5.5466e-15
8.8486e+13	8.7731e-16	5.1065e-15
8.8644e+13	8.0296e-16	4.8916e-15
8.8801e+13	5.5172e-16	5.0279e-15
8.8959e+13	4.6557e-16	5.4213e-15
8.9117e+13	6.7445e-16	5.8493e-15
8.9274e+13	9.1605e-16	6.118e-15
8.9432e+13	8.8632e-16	6.1561e-15
8.959e+13	6.4534e-16	6.0152e-15
8.9748e+13	5.2664e-16	5.8156e-15
8.9905e+13	6.7751e-16	5.6732e-15
9.0063e+13	8.6096e-16	5.6345e-15
9.0221e+13	7.8934e-16	5.6661e-15
9.0379e+13	5.2987e-16	5.7171e-15
9.0536e+13	4.2411e-16	5.7888e-15
9.0694e+13	6.2815e-16	5.919e-15
9.0852e+13	8.9809e-16	6.0906e-15
9.1009e+13	9.1021e-16	6.1982e-15
9.1167e+13	6.8102e-16	6.1529e-15
9.1325e+13	5.2564e-16	6.0099e-15
9.1483e+13	6.2661e-16	5.9246e-15
9.164e+13	8.0557e-16	5.9486e-15
9.1798e+13	7.9506e-16	5.9294e-15
9.1956e+13	6.1796e-16	5.703e-15
9.2114e+13	5.4793e-16	5.387e-15
9.2271e+13	7.1559e-16	5.3707e-15
9.2429e+13	9.1558e-16	5.9006e-15
9.2587e+13	8.8465e-16	6.6972e-15
9.2744e+13	6.6532e-16	7.1137e-15
9.2902e+13	5.5177e-16	6.7675e-15
9.306e+13	6.922e-16	5.9747e-15
9.3218e+13	8.9279e-16	5.4568e-15
9.3375e+13	8.8642e-16	5.5913e-15
9.3533e+13	6.9165e-16	6.0321e-15
9.3691e+13	5.731e-16	6.1358e-15
9.3849e+13	6.7078e-16	5.7072e-15
9.4006e+13	8.1634e-16	5.212e-15
9.4164e+13	7.8231e-16	5.226e-15
9.4322e+13	6.0593e-16	5.7797e-15
9.4479e+13	5.3404e-16	6.3538e-15
9.4637e+13	6.723e-16	6.4873e-15
9.4795e+13	8.3531e-16	6.2547e-15
9.4953e+13	8.0812e-16	6.0752e-15
9.511e+13	6.5016e-16	6.1534e-15
9.5268e+13	6.1209e-16	6.2664e-15
9.5426e+13	7.7951e-16	6.1343e-15
9.5584e+13	9.4405e-16	5.8614e-15
9.5741e+13	8.8786e-16	5.859e-15
9.5899e+13	6.8846e-16	6.3295e-15
9.6057e+13	6.1553e-16	6.9525e-15
9.6215e+13	7.563e-16	7.1749e-15
9.6372e+13	8.8872e-16	6.7827e-15
9.653e+13	7.8524e-16	6.1043e-15
9.6688e+13	5.3371e-16	5.6441e-15
9.6845e+13	4.3106e-16	5.5951e-15
9.7003e+13	5.8806e-16	5.7527e-15
9.7161e+13	7.8169e-16	5.8369e-15
9.7319e+13	7.5561e-16	5.7771e-15
9.7476e+13	5.5956e-16	5.6651e-15
9.7634e+13	4.6998e-16	5.5435e-15
9.7792e+13	6.0922e-16	5.3698e-15
9.795e+13	7.8783e-16	5.1829e-15
9.8107e+13	7.7737e-16	5.1737e-15
9.8265e+13	6.2654e-16	5.4804e-15
9.8423e+13	5.8165e-16	5.9413e-15
9.858e+13	7.2882e-16	6.1706e-15
9.8738e+13	8.63e-16	5.9536e-15
9.8896e+13	7.7108e-16	5.525e-15
9.9054e+13	5.3618e-16	5.3552e-15
9.9211e+13	4.366e-16	5.6299e-15
9.9369e+13	5.7294e-16	6.0022e-15
9.9527e+13	7.3539e-16	5.9401e-15
9.9685e+13	6.9398e-16	5.326e-15
9.9842e+13	5.1142e-16	4.6411e-15
1e+14	4.4838e-16	4.4945e-15
1.0016e+14	5.9576e-16	4.9792e-15
1.0032e+14	7.4591e-16	5.553e-15
1.0047e+14	6.8277e-16	5.5912e-15
1.0063e+14	4.8766e-16	5.0263e-15
1.0079e+14	4.3273e-16	4.3942e-15
1.0095e+14	6.0379e-16	4.2493e-15
1.011e+14	7.7332e-16	4.5947e-15
1.0126e+14	7.0473e-16	4.9347e-15
1.0142e+14	4.7599e-16	4.8599e-15
1.0158e+14	3.7908e-16	4.4938e-15
1.0174e+14	5.2882e-16	4.3149e-15
1.0189e+14	7.1054e-16	4.5878e-15
1.0205e+14	6.7034e-16	5.063e-15
1.0221e+14	4.5187e-16	5.2647e-15
1.0237e+14	3.2817e-16	5.0085e-15
1.0252e+14	4.3263e-16	4.5503e-15
1.0268e+14	5.9445e-16	4.2381e-15
1.0284e+14	5.8919e-16	4.1213e-15
1.03e+14	4.4428e-16	3.9808e-15
1.0315e+14	3.7925e-16	3.6981e-15
1.0331e+14	4.8064e-16	3.4635e-15
1.0347e+14	5.7812e-16	3.5491e-15
1.0363e+14	4.9524e-16	3.9312e-15
1.0379e+14	3.1427e-16	4.25e-15
1.0394e+14	2.7207e-16	4.1798e-15
1.041e+14	4.2563e-16	3.7773e-15
1.0426e+14	5.5925e-16	3.4018e-15
1.0442e+14	4.7579e-16	3.3162e-15
1.0457e+14	2.7533e-16	3.444e-15
1.0473e+14	2.2941e-16	3.5346e-15
1.0489e+14	4.1277e-16	3.4852e-15
1.0505e+14	5.9523e-16	3.4138e-15
1.0521e+14	5.4687e-16	3.4338e-15
1.0536e+14	3.4381e-16	3.4664e-15
1.0552e+14	2.5859e-16	3.3492e-15
1.0568e+14	3.8656e-16	3.0851e-15
1.0584e+14	5.2051e-16	2.8836e-15
1.0599e+14	4.4348e-16	2.9203e-15
1.0615e+14	2.3432e-16	3.1162e-15
1.0631e+14	1.6387e-16	3.2194e-15
1.0647e+14	3.2326e-16	3.0917e-15
1.0662e+14	4.951e-16	2.8495e-15
1.0678e+14	4.4559e-16	2.7014e-15
1.0694e+14	2.3846e-16	2.7046e-15
1.071e+14	1.4374e-16	2.7377e-15
1.0726e+14	2.7031e-16	2.6895e-15
1.0741e+14	4.259e-16	2.5969e-15
1.0757e+14	3.8998e-16	2.5609e-15
1.0773e+14	2.1693e-16	2.5805e-15
1.0789e+14	1.5235e-16	2.5432e-15
1.0804e+14	2.8502e-16	2.3798e-15
1.082e+14	4.2167e-16	2.1668e-15
1.0836e+14	3.5813e-16	2.0327e-15
1.0852e+14	1.675e-16	1.9978e-15
1.0868e+14	1.0163e-16	1.9647e-15
1.0883e+14	2.409e-16	1.8692e-15
1.0899e+14	3.7958e-16	1.7811e-15
1.0915e+14	3.1016e-16	1.8141e-15
1.0931e+14	1.1516e-16	1.9636e-15
1.0946e+14	5.9552e-17	2.0921e-15
1.0962e+14	2.264e-16	2.0868e-15
1.0978e+14	3.9627e-16	1.9853e-15
1.0994e+14	3.4048e-16	1.9108e-15
1.1009e+14	1.3041e-16	1.9097e-15
1.1025e+14	4.0558e-17	1.9062e-15
1.1041e+14	1.7775e-16	1.8244e-15
1.1057e+14	3.4199e-16	1.7044e-15
1.1073e+14	3.0528e-16	1.6524e-15
1.1088e+14	1.229e-16	1.6949e-15
1.1104e+14	5.1351e-17	1.7361e-15
1.112e+14	1.9054e-16	1.6784e-15
1.1136e+14	3.4517e-16	1.5464e-15
1.1151e+14	2.9519e-16	1.4517e-15
1.1167e+14	1.0064e-16	1.4486e-15
1.1183e+14	2.0319e-17	1.4728e-15
1.1199e+14	1.5686e-16	1.4394e-15
1.1215e+14	3.1686e-16	1.3642e-15
1.123e+14	2.7734e-16	1.3428e-15
1.1246e+14	9.0767e-17	1.4146e-15
1.1262e+14	1.0122e-17	1.4933e-15
1.1278e+14	1.3986e-16	1.4609e-15
1.1293e+14	2.9417e-16	1.3115e-15
1.1309e+14	2.5556e-16	1.1666e-15
1.1325e+14	7.5083e-17	1.1444e-15
1.1341e+14	8.0936e-19	1.2369e-15
1.1356e+14	1.3505e-16	1.3308e-15
1.1372e+14	2.9347e-16	1.3307e-15
1.1388e+14	2.5871e-16	1.2421e-15
1.1404e+14	7.7684e-17	1.1413e-15
1.142e+14	-5.4609e-18	1.0933e-15
1.1435e+14	1.146e-16	1.1083e-15
1.1451e+14	2.6298e-16	1.1529e-15
1.1467e+14	2.2925e-16	1.1783e-15
1.1483e+14	5.7192e-17	1.1431e-15
1.1498e+14	-1.9395e-17	1.0429e-15
1.1514e+14	9.8219e-17	9.3018e-16
1.153e+14	2.3925e-16	8.8765e-16
1.1546e+14	2.0362e-16	9.5312e-16
1.1562e+14	4.1063e-17	1.0702e-15
1.1577e+14	-1.8635e-17	1.1332e-15
1.1593e+14	1.134e-16	1.0913e-15
1.1609e+14	2.5875e-16	9.9686e-16
1.1625e+14	2.1609e-16	9.3921e-16
1.164e+14	3.8796e-17	9.4325e-16
1.1656e+14	-3.7473e-17	9.5358e-16
1.1672e+14	8.2723e-17	9.1782e-16
1.1688e+14	2.2665e-16	8.5793e-16
1.1703e+14	1.9435e-16	8.3851e-16
1.1719e+14	3.3771e-17	8.7771e-16
1.1735e+14	-2.9415e-17	9.1961e-16
1.1751e+14	9.2576e-17	9.0366e-16
1.1767e+14	2.273e-16	8.3928e-16
1.1782e+14	1.8233e-16	7.8977e-16
1.1798e+14	1.4216e-17	7.9042e-16
1.1814e+14	-4.7457e-17	8.0872e-16
1.183e+14	8.2997e-17	7.9421e-16
1.1845e+14	2.2774e-16	7.4719e-16
1.1861e+14	1.8914e-16	7.1631e-16
1.1877e+14	2.1159e-17	7.3364e-16
1.1893e+14	-4.5664e-17	7.7514e-16
1.1909e+14	7.8328e-17	7.9411e-16
1.1924e+14	2.1972e-16	7.7726e-16
1.194e+14	1.8253e-16	7.5118e-16
1.1956e+14	1.8489e-17	7.4119e-16
1.1972e+14	-4.5593e-17	7.4516e-16
1.1987e+14	7.8274e-17	7.5249e-16
1.2003e+14	2.1798e-16	7.6839e-16
1.2019e+14	1.794e-16	8.0054e-16
1.2035e+14	1.418e-17	8.2953e-16
1.205e+14	-5.2217e-17	8.1683e-16
1.2066e+14	6.8271e-17	7.5163e-16
1.2082e+14	2.0595e-16	6.7473e-16
1.2098e+14	1.6904e-16	6.3888e-16
1.2114e+14	8.6483e-18	6.4953e-16
1.2129e+14	-5.2965e-17	6.6123e-16
1.2145e+14	6.9414e-17	6.363e-16
1.2161e+14	2.0582e-16	5.912e-16
1.2177e+14	1.6609e-16	5.7235e-16
1.2192e+14	2.7713e-18	5.9572e-16
1.2208e+14	-6.1213e-17	6.2953e-16
1.2224e+14	6.0054e-17	6.3856e-16
1.224e+14	1.9742e-16	6.2679e-16
1.2256e+14	1.6029e-16	6.2191e-16
1.2271e+14	-1.0072e-18	6.2863e-16
1.2287e+14	-6.5741e-17	6.1969e-16
1.2303e+14	5.2535e-17	5.7808e-16
1.2319e+14	1.8794e-16	5.2952e-16
1.2334e+14	1.5274e-16	5.1597e-16
1.235e+14	-3.1926e-18	5.4278e-16
1.2366e+14	-6.2142e-17	5.7042e-16
1.2382e+14	5.9982e-17	5.6292e-16
1.2397e+14	1.9737e-16	5.2976e-16
1.2413e+14	1.6327e-16	5.0803e-16
1.2429e+14	7.2323e-18	5.1286e-16
1.2445e+14	-5.4385e-17	5.2389e-16
1.2461e+14	6.2364e-17	5.2208e-16
1.2476e+14	1.937e-16	5.2061e-16
1.2492e+14	1.5523e-16	5.4417e-16
1.2508e+14	-3.0813e-18	5.8655e-16
1.2524e+14	-6.5977e-17	6.0937e-16
1.2539e+14	5.016e-17	5.8844e-16
1.2555e+14	1.8281e-16	5.4627e-16
1.2571e+14	1.4846e-16	5.2527e-16
1.2587e+14	-4.4738e-18	5.3561e-16
1.2603e+14	-6.3756e-17	5.4639e-16
1.2618e+14	5.2843e-17	5.3036e-16
1.2634e+14	1.8434e-16	5.0116e-16
1.265e+14	1.4938e-16	4.9347e-16
1.2666e+14	-3.682e-18	5.1455e-16
1.2681e+14	-6.47e-17	5.3329e-16
1.2697e+14	4.7689e-17	5.2068e-16
1.2713e+14	1.7484e-16	4.8654e-16
1.2729e+14	1.3901e-16	4.6466e-16
1.2744e+14	-1.0396e-17	4.6902e-16
1.276e+14	-6.5917e-17	4.7986e-16
1.2776e+14	4.9914e-17	4.7412e-16
1.2792e+14	1.7671e-16	4.545e-16
1.2808e+14	1.3788e-16	4.3937e-16
1.2823e+14	-1.4928e-17	4.336e-16
1.2839e+14	-7.2655e-17	4.2575e-16
1.2855e+14	4.2827e-17	4.1335e-16
1.2871e+14	1.7127e-16	4.1383e-16
1.2886e+14	1.3556e-16	4.3934e-16
1.2902e+14	-1.4001e-17	4.7044e-16
1.2918e+14	-6.9868e-17	4.7157e-16
1.2934e+14	4.5642e-17	4.3419e-16
1.295e+14	1.7301e-16	3.9041e-16
1.2965e+14	1.3587e-16	3.7572e-16
1.2981e+14	-1.547e-17	3.8789e-16
1.2997e+14	-7.3419e-17	3.956e-16
1.3013e+14	4.0845e-17	3.8328e-16
1.3028e+14	1.6931e-16	3.6941e-16
1.3044e+14	1.3531e-16	3.7404e-16
1.306e+14	-1.3794e-17	3.8457e-16
1.3076e+14	-7.343e-17	3.725e-16
1.3091e+14	3.5568e-17	3.4012e-16
1.3107e+14	1.5925e-16	3.2758e-16
1.3123e+14	1.2505e-16	3.6172e-16
1.3139e+14	-1.9413e-17	4.1211e-16
1.3155e+14	-7.32e-17	4.1983e-16
1.317e+14	3.9052e-17	3.7012e-16
1.3186e+14	1.6251e-16	3.155e-16
1.3202e+14	1.2617e-16	3.1394e-16
1.3218e+14	-2.0786e-17	3.5662e-16
1.3233e+14	-7.7124e-17	3.7876e-16
1.3249e+14	3.2698e-17	3.423e-16
1.3265e+14	1.5498e-16	2.8587e-16
1.3281e+14	1.1997e-16	2.7722e-16
1.3297e+14	-2.3554e-17	3.2748e-16
1.3312e+14	-7.6406e-17	3.7591e-16
1.3328e+14	3.5083e-17	3.6387e-16
1.3344e+14	1.5706e-16	3.0461e-16
1.336e+14	1.2078e-16	2.6343e-16
1.3375e+14	-2.445e-17	2.7751e-16
1.3391e+14	-7.9676e-17	3.1691e-16
1.3407e+14	2.9046e-17	3.2988e-16
1.3423e+14	1.4953e-16	3.081e-16
1.3438e+14	1.1493e-16	2.8964e-16
1.3454e+14	-2.5365e-17	3.0354e-16
1.347e+14	-7.4788e-17	3.3261e-16
1.3486e+14	3.7307e-17	3.3898e-16
1.3502e+14	1.568e-16	3.1264e-16
1.3517e+14	1.1737e-16	2.7933e-16
1.3533e+14	-2.9066e-17	2.6476e-16
1.3549e+14	-8.2728e-17	2.675e-16
1.3565e+14	2.9406e-17	2.7243e-16
1.358e+14	1.5324e-16	2.7665e-16
1.3596e+14	1.1967e-16	2.8822e-16
1.3612e+14	-2.3352e-17	3.0398e-16
1.3628e+14	-7.8149e-17	3.0565e-16
1.3644e+14	2.9781e-17	2.8448e-16
1.3659e+14	1.4992e-16	2.5832e-16
1.3675e+14	1.154e-16	2.5233e-16
1.3691e+14	-2.671e-17	2.6646e-16
1.3707e+14	-8.0959e-17	2.7489e-16
1.3722e+14	2.649e-17	2.606e-16
1.3738e+14	1.4653e-16	2.3845e-16
1.3754e+14	1.1344e-16	2.3468e-16
1.377e+14	-2.686e-17	2.502e-16
1.3785e+14	-8.1175e-17	2.5867e-16
1.3801e+14	2.3877e-17	2.4296e-16
1.3817e+14	1.415e-16	2.2051e-16
1.3833e+14	1.0865e-16	2.2192e-16
1.3849e+14	-2.8674e-17	2.5069e-16
1.3864e+14	-7.9908e-17	2.7769e-16
1.388e+14	2.5772e-17	2.7757e-16
1.3896e+14	1.414e-16	2.5824e-16
1.3912e+14	1.0572e-16	2.4582e-16
1.3927e+14	-3.3507e-17	2.4843e-16
1.3943e+14	-8.5036e-17	2.4925e-16
1.3959e+14	2.2042e-17	2.3611e-16
1.3975e+14	1.4068e-16	2.2321e-16
1.3991e+14	1.0877e-16	2.323e-16
1.4006e+14	-2.7928e-17	2.5904e-16
1.4022e+14	-8.0154e-17	2.7306e-16
1.4038e+14	2.3101e-17	2.5472e-16
1.4054e+14	1.3736e-16	2.205e-16
1.4069e+14	1.0355e-16	2.0304e-16
1.4085e+14	-3.1543e-17	2.1218e-16
1.4101e+14	-8.007e-17	2.2752e-16
1.4117e+14	2.674e-17	2.293e-16
1.4132e+14	1.4288e-16	2.2307e-16
1.4148e+14	1.0862e-16	2.2571e-16
1.4164e+14	-2.9348e-17	2.3591e-16
1.418e+14	-8.2353e-17	2.3371e-16
1.4196e+14	2.0431e-17	2.1064e-16
1.4211e+14	1.353e-16	1.8663e-16
1.4227e+14	1.0299e-16	1.8666e-16
1.4243e+14	-3.1981e-17	2.0701e-16
1.4259e+14	-8.3764e-17	2.1824e-16
1.4274e+14	1.7885e-17	2.0317e-16
1.429e+14	1.3144e-16	1.7991e-16
1.4306e+14	1.0003e-16	1.7859e-16
1.4322e+14	-3.1927e-17	2.0204e-16
1.4338e+14	-8.0971e-17	2.2248e-16
1.4353e+14	2.119e-17	2.1782e-16
1.4369e+14	1.3338e-16	1.9912e-16
1.4385e+14	1.0044e-16	1.9374e-16
1.4401e+14	-3.225e-17	2.0867e-16
1.4416e+14	-8.1715e-17	2.2322e-16
1.4432e+14	1.9815e-17	2.1872e-16
1.4448e+14	1.3171e-16	2.0319e-16
1.4464e+14	9.9783e-17	1.9837e-16
1.4479e+14	-3.0691e-17	2.0956e-16
1.4495e+14	-7.8034e-17	2.2025e-16
1.4511e+14	2.4254e-17	2.1692e-16
1.4527e+14	1.3535e-16	2.0717e-16
1.4543e+14	1.0155e-16	2.0596e-16
1.4558e+14	-3.1523e-17	2.1162e-16
1.4574e+14	-8.1891e-17	2.0742e-16
1.459e+14	1.7983e-17	1.8711e-16
1.4606e+14	1.289e-16	1.6669e-16
1.4621e+14	9.7802e-17	1.641e-16
1.4637e+14	-3.1186e-17	1.7455e-16
1.4653e+14	-7.8812e-17	1.7719e-16
1.4669e+14	2.0922e-17	1.6499e-16
1.4685e+14	1.2974e-16	1.5617e-16
1.47e+14	9.6857e-17	1.6985e-16
1.4716e+14	-3.2252e-17	1.9877e-16
1.4732e+14	-7.8799e-17	2.1707e-16
1.4748e+14	2.1813e-17	2.131e-16
1.4763e+14	1.3035e-16	2.0216e-16
1.4779e+14	9.5985e-17	2.0204e-16
1.4795e+14	-3.5151e-17	2.0628e-16
1.4811e+14	-8.3249e-17	1.938e-16
1.4826e+14	1.7335e-17	1.6207e-16
1.4842e+14	1.2767e-16	1.3639e-16
1.4858e+14	9.5899e-17	1.3966e-16
1.4874e+14	-3.3622e-17	1.6258e-16
1.489e+14	-8.18e-17	1.758e-16
1.4905e+14	1.8276e-17	1.6858e-16
1.4921e+14	1.2957e-16	1.6142e-16
1.4937e+14	1.0025e-16	1.7486e-16
1.4953e+14	-2.7663e-17	1.9748e-16
1.4968e+14	-7.7387e-17	1.9867e-16
1.4984e+14	1.8463e-17	1.7053e-16
1.5e+14	1.2589e-16	1.417e-16
1.5016e+14	9.5525e-17	1.422e-16
1.5032e+14	-3.1211e-17	1.6493e-16
1.5047e+14	-8.0082e-17	1.754e-16
1.5063e+14	1.5038e-17	1.5716e-16
1.5079e+14	1.2154e-16	1.3273e-16
1.5095e+14	9.2118e-17	1.3253e-16
1.511e+14	-3.1791e-17	1.5437e-16
1.5126e+14	-7.8061e-17	1.6765e-16
1.5142e+14	1.7644e-17	1.5505e-16
1.5158e+14	1.2306e-16	1.3433e-16
1.5174e+14	9.2452e-17	1.3153e-16
1.5189e+14	-3.1997e-17	1.4445e-16
1.5205e+14	-7.8802e-17	1.4775e-16
1.5221e+14	1.582e-17	1.3172e-16
1.5237e+14	1.2028e-16	1.1883e-16
1.5252e+14	8.9935e-17	1.3267e-16
1.5268e+14	-3.3047e-17	1.6177e-16
1.5284e+14	-7.8421e-17	1.7083e-16
1.53e+14	1.6676e-17	1.4758e-16
1.5315e+14	1.2111e-16	1.2224e-16
1.5331e+14	9.122e-17	1.3049e-16
1.5347e+14	-3.0947e-17	1.6653e-16
1.5363e+14	-7.6421e-17	1.8826e-16
1.5379e+14	1.6822e-17	1.6934e-16
1.5394e+14	1.1853e-16	1.3134e-16
1.541e+14	8.6978e-17	1.1525e-16
1.5426e+14	-3.4683e-17	1.3108e-16
1.5442e+14	-7.8072e-17	1.5034e-16
1.5457e+14	1.7326e-17	1.4747e-16
1.5473e+14	1.201e-16	1.3222e-16
1.5489e+14	8.8166e-17	1.311e-16
1.5505e+14	-3.5082e-17	1.4716e-16
1.5521e+14	-8.0507e-17	1.5553e-16
1.5536e+14	1.3711e-17	1.4006e-16
1.5552e+14	1.1736e-16	1.1858e-16
1.5568e+14	8.8193e-17	1.202e-16
1.5584e+14	-3.2289e-17	1.4505e-16
1.5599e+14	-7.7205e-17	1.6241e-16
1.5615e+14	1.4746e-17	1.5077e-16
1.5631e+14	1.1511e-16	1.2595e-16
1.5647e+14	8.4056e-17	1.1918e-16
1.5662e+14	-3.5978e-17	1.3515e-16
1.5678e+14	-7.9011e-17	1.4684e-16
1.5694e+14	1.4805e-17	1.3357e-16
1.571e+14	1.1631e-16	1.0999e-16
1.5726e+14	8.5685e-17	1.0657e-16
1.5741e+14	-3.4478e-17	1.2845e-16
1.5757e+14	-7.8115e-17	1.4855e-16
1.5773e+14	1.5004e-17	1.4374e-16
1.5789e+14	1.1626e-16	1.2461e-16
1.5804e+14	8.5847e-17	1.1927e-16
1.582e+14	-3.444e-17	1.3452e-16
1.5836e+14	-7.9164e-17	1.4759e-16
1.5852e+14	1.2482e-17	1.3873e-16
1.5868e+14	1.1331e-16	1.1897e-16
1.5883e+14	8.4167e-17	1.1496e-16
1.5899e+14	-3.4167e-17	1.323e-16
1.5915e+14	-7.7946e-17	1.4776e-16
1.5931e+14	1.3145e-17	1.4053e-16
1.5946e+14	1.1301e-16	1.1978e-16
1.5962e+14	8.3649e-17	1.1168e-16
1.5978e+14	-3.434e-17	1.2486e-16
1.5994e+14	-7.8276e-17	1.4104e-16
1.6009e+14	1.1875e-17	1.4164e-16
1.6025e+14	1.1109e-16	1.3201e-16
1.6041e+14	8.2528e-17	1.307e-16
1.6057e+14	-3.3498e-17	1.4126e-16
1.6073e+14	-7.5718e-17	1.4725e-16
1.6088e+14	1.4918e-17	1.3702e-16
1.6104e+14	1.1367e-16	1.218e-16
1.612e+14	8.4421e-17	1.209e-16
1.6136e+14	-3.2493e-17	1.3471e-16
1.6151e+14	-7.6213e-17	1.4418e-16
1.6167e+14	1.2624e-17	1.3769e-16
1.6183e+14	1.1056e-16	1.2721e-16
1.6199e+14	8.2368e-17	1.3039e-16
1.6215e+14	-3.2362e-17	1.438e-16
1.623e+14	-7.4599e-17	1.4618e-16
1.6246e+14	1.4019e-17	1.2833e-16
1.6262e+14	1.108e-16	1.0806e-16
1.6278e+14	8.1924e-17	1.0774e-16
1.6293e+14	-3.2576e-17	1.2441e-16
1.6309e+14	-7.4459e-17	1.3407e-16
1.6325e+14	1.3945e-17	1.251e-16
1.6341e+14	1.1028e-16	1.147e-16
1.6356e+14	8.1501e-17	1.2443e-16
1.6372e+14	-3.2323e-17	1.4798e-16
1.6388e+14	-7.3709e-17	1.5655e-16
1.6404e+14	1.45e-17	1.3693e-16
1.642e+14	1.1033e-16	1.1113e-16
1.6435e+14	8.1423e-17	1.0936e-16
1.6451e+14	-3.2184e-17	1.3077e-16
1.6467e+14	-7.364e-17	1.4412e-16
1.6483e+14	1.3903e-17	1.2828e-16
1.6498e+14	1.0895e-16	9.9422e-17
1.6514e+14	7.9719e-17	8.9447e-17
1.653e+14	-3.3831e-17	1.0492e-16
1.6546e+14	-7.5373e-17	1.2078e-16
1.6562e+14	1.1901e-17	1.1566e-16
1.6577e+14	1.071e-16	1.0027e-16
1.6593e+14	7.8789e-17	1.0099e-16
1.6609e+14	-3.3725e-17	1.2221e-16
1.6625e+14	-7.5047e-17	1.3923e-16
1.664e+14	1.17e-17	1.3119e-16
1.6656e+14	1.0682e-16	1.0942e-16
1.6672e+14	7.9704e-17	1.0284e-16
1.6688e+14	-3.1095e-17	1.2033e-16
1.6703e+14	-7.1941e-17	1.3965e-16
1.6719e+14	1.327e-17	1.3653e-16
1.6735e+14	1.0601e-16	1.1445e-16
1.6751e+14	7.7625e-17	9.7356e-17
1.6767e+14	-3.2628e-17	9.852e-17
1.6782e+14	-7.2118e-17	1.0773e-16
1.6798e+14	1.382e-17	1.1054e-16
1.6814e+14	1.0626e-16	1.0865e-16
1.683e+14	7.7259e-17	1.1292e-16
1.6845e+14	-3.3094e-17	1.222e-16
1.6861e+14	-7.2006e-17	1.219e-16
1.6877e+14	1.4781e-17	1.059e-16
1.6893e+14	1.078e-16	8.9437e-17
1.6909e+14	7.8629e-17	9.1398e-17
1.6924e+14	-3.2859e-17	1.0842e-16
1.694e+14	-7.3494e-17	1.1738e-16
1.6956e+14	1.2047e-17	1.0527e-16
1.6972e+14	1.053e-16	8.7098e-17
1.6987e+14	7.7738e-17	8.6742e-17
1.7003e+14	-3.2083e-17	1.0568e-16
1.7019e+14	-7.2215e-17	1.2095e-16
1.7035e+14	1.2806e-17	1.1502e-16
1.705e+14	1.0572e-16	9.7523e-17
1.7066e+14	7.8661e-17	9.0839e-17
1.7082e+14	-3.0601e-17	1.003e-16
1.7098e+14	-7.1394e-17	1.0944e-16
1.7114e+14	1.1692e-17	1.0486e-16
1.7129e+14	1.0283e-16	9.4821e-17
1.7145e+14	7.5604e-17	9.5945e-17
1.7161e+14	-3.2266e-17	1.0805e-16
1.7177e+14	-7.1318e-17	1.1367e-16
1.7192e+14	1.2925e-17	1.0333e-16
1.7208e+14	1.047e-16	9.047e-17
1.7224e+14	7.7852e-17	9.3844e-17
1.724e+14	-3.0243e-17	1.1097e-16
1.7256e+14	-7.071e-17	1.2012e-16
1.7271e+14	1.1263e-17	1.0937e-16
1.7287e+14	1.013e-16	9.3304e-17
1.7303e+14	7.4391e-17	9.3836e-17
1.7319e+14	-3.245e-17	1.1069e-16
1.7334e+14	-7.1689e-17	1.216e-16
1.735e+14	1.0713e-17	1.1226e-16
1.7366e+14	1.009e-16	9.5468e-17
1.7382e+14	7.4716e-17	9.3655e-17
1.7397e+14	-3.0843e-17	1.0893e-16
1.7413e+14	-6.9158e-17	1.2122e-16
1.7429e+14	1.315e-17	1.1632e-16
1.7445e+14	1.0246e-16	1.047e-16
1.7461e+14	7.521e-17	1.0556e-16
1.7476e+14	-3.1473e-17	1.1885e-16
1.7492e+14	-7.1052e-17	1.2445e-16
1.7508e+14	1.0256e-17	1.0985e-16
1.7524e+14	9.9644e-17	8.8024e-17
1.7539e+14	7.3735e-17	8.0879e-17
1.7555e+14	-3.1321e-17	9.1044e-17
1.7571e+14	-7.0213e-17	1.0056e-16
1.7587e+14	1.0826e-17	9.7112e-17
1.7603e+14	1.0022e-16	9.0455e-17
1.7618e+14	7.5406e-17	9.6241e-17
1.7634e+14	-2.83e-17	1.1101e-16
1.765e+14	-6.7298e-17	1.1503e-16
1.7666e+14	1.1682e-17	1.002e-16
1.7681e+14	9.855e-17	8.3585e-17
1.7697e+14	7.2706e-17	8.576e-17
1.7713e+14	-3.018e-17	1.025e-16
1.7729e+14	-6.7896e-17	1.0957e-16
1.7744e+14	1.1459e-17	9.5855e-17
1.776e+14	9.7927e-17	7.9936e-17
1.7776e+14	7.2046e-17	8.5983e-17
1.7792e+14	-3e-17	1.1001e-16
1.7808e+14	-6.6774e-17	1.2252e-16
1.7823e+14	1.2525e-17	1.0606e-16
1.7839e+14	9.7809e-17	7.882e-17
1.7855e+14	7.0575e-17	7.2782e-17
1.7871e+14	-3.1895e-17	9.4068e-17
1.7886e+14	-6.7737e-17	1.1655e-16
1.7902e+14	1.3567e-17	1.1586e-16
1.7918e+14	1.012e-16	9.8811e-17
1.7934e+14	7.5615e-17	9.1219e-17
1.795e+14	-2.6966e-17	1.0294e-16
1.7965e+14	-6.5008e-17	1.1697e-16
1.7981e+14	1.2998e-17	1.1481e-16
1.7997e+14	9.8064e-17	1.0132e-16
1.8013e+14	7.1886e-17	9.5915e-17
1.8028e+14	-2.9604e-17	1.0444e-16
1.8044e+14	-6.6157e-17	1.1202e-16
1.806e+14	1.2818e-17	1.0583e-16
1.8076e+14	9.8392e-17	9.4678e-17
1.8091e+14	7.2641e-17	9.6961e-17
1.8107e+14	-2.8626e-17	1.1381e-16
1.8123e+14	-6.5632e-17	1.2531e-16
1.8139e+14	1.22e-17	1.1599e-16
1.8155e+14	9.6598e-17	9.4975e-17
1.817e+14	7.0265e-17	8.3628e-17
1.8186e+14	-3.0996e-17	8.7781e-17
1.8202e+14	-6.7702e-17	9.2575e-17
1.8218e+14	1.0825e-17	8.5768e-17
1.8233e+14	9.6643e-17	7.6012e-17
1.8249e+14	7.2083e-17	8.028e-17
1.8265e+14	-2.8373e-17	9.8381e-17
1.8281e+14	-6.6256e-17	1.1102e-16
1.8297e+14	9.8519e-18	1.0513e-16
1.8312e+14	9.4214e-17	9.1651e-17
1.8328e+14	7.0714e-17	9.072e-17
1.8344e+14	-2.6957e-17	1.0405e-16
1.836e+14	-6.2764e-17	1.1242e-16
1.8375e+14	1.3011e-17	1.0206e-16
1.8391e+14	9.5115e-17	8.3929e-17
1.8407e+14	6.9231e-17	7.9507e-17
1.8423e+14	-2.9733e-17	9.2255e-17
1.8438e+14	-6.5848e-17	1.0357e-16
1.8454e+14	1.0015e-17	9.8198e-17
1.847e+14	9.2454e-17	8.4079e-17
1.8486e+14	6.7289e-17	7.9912e-17
1.8502e+14	-3.0803e-17	8.8624e-17
1.8517e+14	-6.6417e-17	9.4085e-17
1.8533e+14	9.5568e-18	8.5451e-17
1.8549e+14	9.2445e-17	7.4446e-17
1.8565e+14	6.8645e-17	8.0243e-17
1.858e+14	-2.7706e-17	1.0185e-16
1.8596e+14	-6.2519e-17	1.1651e-16
1.8612e+14	1.262e-17	1.0786e-16
1.8628e+14	9.3761e-17	8.6908e-17
1.8644e+14	6.865e-17	7.7628e-17
1.8659e+14	-2.8001e-17	8.6434e-17
1.8675e+14	-6.2656e-17	9.5991e-17
1.8691e+14	1.2387e-17	9.0627e-17
1.8707e+14	9.324e-17	7.7985e-17
1.8722e+14	6.827e-17	7.7597e-17
1.8738e+14	-2.759e-17	9.2773e-17
1.8754e+14	-6.1368e-17	1.0493e-16
1.877e+14	1.3888e-17	9.843e-17
1.8785e+14	9.4097e-17	8.1987e-17
1.8801e+14	6.8047e-17	7.7426e-17
1.8817e+14	-2.8748e-17	9.0852e-17
1.8833e+14	-6.2887e-17	1.0507e-16
1.8849e+14	1.283e-17	1.0286e-16
1.8864e+14	9.4239e-17	8.9182e-17
1.888e+14	6.9423e-17	8.2808e-17
1.8896e+14	-2.7224e-17	9.0072e-17
1.8912e+14	-6.287e-17	9.7111e-17
1.8927e+14	1.0526e-17	9.0576e-17
1.8943e+14	9.065e-17	7.7361e-17
1.8959e+14	6.6865e-17	7.5724e-17
1.8975e+14	-2.6966e-17	9.0028e-17
1.8991e+14	-5.9938e-17	1.0391e-16
1.9006e+14	1.4308e-17	1.0131e-16
1.9022e+14	9.3242e-17	8.6849e-17
1.9038e+14	6.7274e-17	7.8453e-17
1.9054e+14	-2.8447e-17	8.3275e-17
1.9069e+14	-6.2208e-17	8.9937e-17
1.9085e+14	1.2568e-17	8.6507e-17
1.9101e+14	9.3007e-17	7.7975e-17
1.9117e+14	6.8606e-17	7.8632e-17
1.9132e+14	-2.6603e-17	9.0545e-17
1.9148e+14	-6.1361e-17	9.9015e-17
1.9164e+14	1.1694e-17	9.2143e-17
1.918e+14	9.112e-17	7.7738e-17
1.9196e+14	6.7143e-17	7.3889e-17
1.9211e+14	-2.6859e-17	8.545e-17
1.9227e+14	-6.0869e-17	9.7995e-17
1.9243e+14	1.198e-17	9.7064e-17
1.9259e+14	9.0814e-17	8.6523e-17
1.9274e+14	6.6552e-17	8.1799e-17
1.929e+14	-2.7487e-17	8.8273e-17
1.9306e+14	-6.1816e-17	9.4499e-17
1.9322e+14	1.034e-17	8.864e-17
1.9338e+14	8.8687e-17	7.4785e-17
1.9353e+14	6.463e-17	6.7157e-17
1.9369e+14	-2.876e-17	7.1296e-17
1.9385e+14	-6.2598e-17	7.8364e-17
1.9401e+14	9.7852e-18	7.9103e-17
1.9416e+14	8.8555e-17	7.6501e-17
1.9432e+14	6.5336e-17	7.9455e-17
1.9448e+14	-2.7315e-17	8.7859e-17
1.9464e+14	-6.113e-17	9.1665e-17
1.9479e+14	1.0761e-17	8.562e-17
1.9495e+14	8.9384e-17	7.7897e-17
1.9511e+14	6.6709e-17	7.9119e-17
1.9527e+14	-2.5496e-17	8.689e-17
1.9543e+14	-5.9958e-17	8.8549e-17
1.9558e+14	1.0384e-17	7.9416e-17
1.9574e+14	8.7912e-17	7.0798e-17
1.959e+14	6.5519e-17	7.5102e-17
1.9606e+14	-2.5751e-17	8.7697e-17
1.9621e+14	-6.0192e-17	9.1367e-17
1.9637e+14	8.8108e-18	7.8934e-17
1.9653e+14	8.503e-17	6.3795e-17
1.9669e+14	6.309e-17	6.3232e-17
1.9685e+14	-2.587e-17	7.6097e-17
1.97e+14	-5.7833e-17	8.4761e-17
1.9716e+14	1.2117e-17	7.878e-17
1.9732e+14	8.7647e-17	6.8309e-17
1.9748e+14	6.4572e-17	6.9207e-17
1.9763e+14	-2.5043e-17	8.0442e-17
1.9779e+14	-5.7379e-17	8.5096e-17
1.9795e+14	1.1796e-17	7.389e-17
1.9811e+14	8.6064e-17	5.8998e-17
1.9826e+14	6.1908e-17	5.866e-17
1.9842e+14	-2.7931e-17	7.2912e-17
1.9858e+14	-5.9587e-17	8.3216e-17
1.9874e+14	1.0709e-17	7.6727e-17
1.989e+14	8.601e-17	6.2743e-17
1.9905e+14	6.2416e-17	5.9616e-17
1.9921e+14	-2.7534e-17	7.0294e-17
1.9937e+14	-5.983e-17	7.9474e-17
1.9953e+14	9.9062e-18	7.5384e-17
1.9968e+14	8.5404e-17	6.5827e-17
1.9984e+14	6.2792e-17	6.6693e-17
2e+14	-2.6203e-17	7.9268e-17
