#Error on normalization	O = -1.568 %	H = 4.096 %
#Frequence (s-1)	S_O (s)	S_H (s)
0	3.5156e-15	3.7082e-16
1.3184e+11	1.0615e-15	1.2015e-16
2.6368e+11	-2.9216e-15	-2.857e-16
3.9552e+11	-2.9447e-15	-2.8524e-16
5.2736e+11	1.031e-15	1.2426e-16
6.592e+11	3.5206e-15	3.8231e-16
7.9103e+11	1.0659e-15	1.38e-16
9.2287e+11	-2.9596e-15	-2.6445e-16
1.0547e+12	-2.9561e-15	-2.5917e-16
1.1866e+12	1.1514e-15	1.5836e-16
1.3184e+12	3.7162e-15	4.2007e-16
1.4502e+12	1.1292e-15	1.6783e-16
1.5821e+12	-3.0941e-15	-2.468e-16
1.7139e+12	-3.0458e-15	-2.414e-16
1.8457e+12	1.3675e-15	1.9204e-16
1.9776e+12	4.1052e-15	4.6895e-16
2.1094e+12	1.2699e-15	2.184e-16
2.2413e+12	-3.3094e-15	-1.9456e-16
2.3731e+12	-3.1496e-15	-1.651e-16
2.5049e+12	1.812e-15	3.055e-16
2.6368e+12	4.7576e-15	5.8981e-16
2.7686e+12	1.3079e-15	2.9635e-16
2.9005e+12	-3.9769e-15	-1.6316e-16
3.0323e+12	-3.4029e-15	-1.1343e-16
3.1641e+12	2.9924e-15	4.4119e-16
3.296e+12	6.5962e-15	7.7506e-16
3.4278e+12	1.6805e-15	4.1634e-16
3.5597e+12	-5.8141e-15	-1.6208e-16
3.6915e+12	-5.1098e-15	-1.2782e-16
3.8233e+12	4.5168e-15	5.6472e-16
3.9552e+12	1.0802e-14	1.0225e-15
4.087e+12	3.8216e-15	5.7738e-16
4.2189e+12	-8.3861e-15	-1.8483e-16
4.3507e+12	-5.2508e-15	5.3232e-17
4.4825e+12	2.2959e-14	1.7622e-15
4.6144e+12	6.0342e-14	3.8232e-15
4.7462e+12	7.8174e-14	4.5882e-15
4.878e+12	6.2989e-14	3.5651e-15
5.0099e+12	2.9351e-14	1.8222e-15
5.1417e+12	3.8169e-15	7.5099e-16
5.2736e+12	-1.1286e-15	7.0459e-16
5.4054e+12	5.2133e-15	9.8946e-16
5.5372e+12	7.6277e-15	9.5371e-16
5.6691e+12	2.9229e-15	7.1098e-16
5.8009e+12	-5.6346e-16	7.3721e-16
5.9328e+12	2.5123e-15	1.0839e-15
6.0646e+12	6.8377e-15	1.3123e-15
6.1964e+12	5.2201e-15	1.1623e-15
6.3283e+12	7.0622e-16	9.7753e-16
6.4601e+12	4.5596e-15	1.2857e-15
6.592e+12	2.149e-14	2.0819e-15
6.7238e+12	4.0868e-14	2.7501e-15
6.8556e+12	4.6145e-14	2.735e-15
6.9875e+12	3.2489e-14	2.1499e-15
7.1193e+12	1.2345e-14	1.6259e-15
7.2512e+12	2.6305e-15	1.631e-15
7.383e+12	8.2748e-15	2.0533e-15
7.5148e+12	1.9843e-14	2.4386e-15
7.6467e+12	2.5886e-14	2.5166e-15
7.7785e+12	2.4579e-14	2.4175e-15
7.9103e+12	2.2357e-14	2.429e-15
8.0422e+12	2.3737e-14	2.6382e-15
8.174e+12	2.5847e-14	2.851e-15
8.3059e+12	2.3606e-14	2.8412e-15
8.4377e+12	1.7977e-14	2.6613e-15
8.5695e+12	1.6664e-14	2.692e-15
8.7014e+12	2.6324e-14	3.3306e-15
8.8332e+12	4.5346e-14	4.5551e-15
8.9651e+12	6.51e-14	5.802e-15
9.0969e+12	7.7933e-14	6.3864e-15
9.2287e+12	8.3355e-14	6.1445e-15
9.3606e+12	8.6686e-14	5.6336e-15
9.4924e+12	9.2525e-14	5.5846e-15
9.6243e+12	1.0006e-13	6.1218e-15
9.7561e+12	1.0445e-13	6.6179e-15
9.8879e+12	1.0217e-13	6.3998e-15
1.002e+13	9.4691e-14	5.5233e-15
1.0152e+13	8.6947e-14	4.7075e-15
1.0283e+13	8.2385e-14	4.4955e-15
1.0415e+13	7.9675e-14	4.6484e-15
1.0547e+13	7.4452e-14	4.4971e-15
1.0679e+13	6.421e-14	3.7894e-15
1.0811e+13	5.1143e-14	2.9688e-15
1.0943e+13	3.9939e-14	2.5715e-15
1.1074e+13	3.3115e-14	2.5629e-15
1.1206e+13	2.9171e-14	2.4745e-15
1.1338e+13	2.5396e-14	2.1139e-15
1.147e+13	2.1541e-14	1.8543e-15
1.1602e+13	1.9726e-14	2.0957e-15
1.1734e+13	2.0928e-14	2.6425e-15
1.1866e+13	2.2963e-14	2.8832e-15
1.1997e+13	2.2932e-14	2.578e-15
1.2129e+13	2.1066e-14	2.2005e-15
1.2261e+13	2.0701e-14	2.3396e-15
1.2393e+13	2.4054e-14	2.9235e-15
1.2525e+13	2.9216e-14	3.3033e-15
1.2657e+13	3.2474e-14	3.1068e-15
1.2788e+13	3.3047e-14	2.7364e-15
1.292e+13	3.3832e-14	2.8331e-15
1.3052e+13	3.6958e-14	3.4005e-15
1.3184e+13	4.0177e-14	3.7596e-15
1.3316e+13	3.9514e-14	3.4235e-15
1.3448e+13	3.5149e-14	2.7604e-15
1.3579e+13	3.2394e-14	2.5671e-15
1.3711e+13	3.5374e-14	3.0844e-15
1.3843e+13	4.1034e-14	3.7117e-15
1.3975e+13	4.1918e-14	3.766e-15
1.4107e+13	3.5441e-14	3.2991e-15
1.4239e+13	2.8276e-14	2.9515e-15
1.437e+13	2.9351e-14	3.0972e-15
1.4502e+13	3.9058e-14	3.4165e-15
1.4634e+13	4.8051e-14	3.4057e-15
1.4766e+13	4.8154e-14	3.0912e-15
1.4898e+13	4.2836e-14	2.9967e-15
1.503e+13	4.4104e-14	3.4426e-15
1.5162e+13	5.8413e-14	4.122e-15
1.5293e+13	7.7748e-14	4.4758e-15
1.5425e+13	8.6757e-14	4.332e-15
1.5557e+13	7.8499e-14	3.9959e-15
1.5689e+13	6.1343e-14	3.7743e-15
1.5821e+13	4.9709e-14	3.6347e-15
1.5953e+13	4.9482e-14	3.41e-15
1.6084e+13	5.4052e-14	3.1546e-15
1.6216e+13	5.3948e-14	3.1024e-15
1.6348e+13	4.7801e-14	3.3105e-15
1.648e+13	4.2381e-14	3.5435e-15
1.6612e+13	4.3162e-14	3.5782e-15
1.6744e+13	4.748e-14	3.4785e-15
1.6875e+13	4.8034e-14	3.4392e-15
1.7007e+13	4.1806e-14	3.4536e-15
1.7139e+13	3.368e-14	3.3319e-15
1.7271e+13	3.0907e-14	3.0639e-15
1.7403e+13	3.5139e-14	2.9552e-15
1.7535e+13	4.0852e-14	3.2474e-15
1.7666e+13	4.1432e-14	3.7143e-15
1.7798e+13	3.6069e-14	3.8569e-15
1.793e+13	3.0409e-14	3.5296e-15
1.8062e+13	3.0763e-14	3.1694e-15
1.8194e+13	3.7918e-14	3.2612e-15
1.8326e+13	4.6481e-14	3.7073e-15
1.8457e+13	5.009e-14	3.9553e-15
1.8589e+13	4.7332e-14	3.7473e-15
1.8721e+13	4.2724e-14	3.4876e-15
1.8853e+13	4.1898e-14	3.6983e-15
1.8985e+13	4.5857e-14	4.2704e-15
1.9117e+13	5.0236e-14	4.5434e-15
1.9249e+13	5.0434e-14	4.1643e-15
1.938e+13	4.6996e-14	3.5979e-15
1.9512e+13	4.5041e-14	3.575e-15
1.9644e+13	4.8074e-14	4.1594e-15
1.9776e+13	5.3442e-14	4.6533e-15
1.9908e+13	5.5308e-14	4.4822e-15
2.004e+13	5.2186e-14	3.92e-15
2.0171e+13	4.9821e-14	3.7224e-15
2.0303e+13	5.4974e-14	4.1637e-15
2.0435e+13	6.6668e-14	4.7271e-15
2.0567e+13	7.5575e-14	4.8051e-15
2.0699e+13	7.3444e-14	4.4498e-15
2.0831e+13	6.2406e-14	4.2141e-15
2.0962e+13	5.327e-14	4.3821e-15
2.1094e+13	5.4195e-14	4.6587e-15
2.1226e+13	6.2317e-14	4.6764e-15
2.1358e+13	6.7601e-14	4.5306e-15
2.149e+13	6.4112e-14	4.5769e-15
2.1622e+13	5.5737e-14	4.8304e-15
2.1753e+13	5.0519e-14	4.8951e-15
2.1885e+13	5.1225e-14	4.5658e-15
2.2017e+13	5.3276e-14	4.2237e-15
2.2149e+13	5.1379e-14	4.3766e-15
2.2281e+13	4.5819e-14	4.9234e-15
2.2413e+13	4.0975e-14	5.2003e-15
2.2544e+13	3.9101e-14	4.8445e-15
2.2676e+13	3.7946e-14	4.343e-15
2.2808e+13	3.4853e-14	4.4688e-15
2.294e+13	3.1134e-14	5.2855e-15
2.3072e+13	3.0479e-14	6.0286e-15
2.3204e+13	3.3577e-14	6.0494e-15
2.3336e+13	3.6383e-14	5.5974e-15
2.3467e+13	3.4691e-14	5.4261e-15
2.3599e+13	2.9212e-14	5.7762e-15
2.3731e+13	2.4585e-14	6.1085e-15
2.3863e+13	2.3601e-14	5.9199e-15
2.3995e+13	2.4027e-14	5.4924e-15
2.4127e+13	2.1938e-14	5.5225e-15
2.4258e+13	1.701e-14	6.1289e-15
2.439e+13	1.2949e-14	6.6183e-15
2.4522e+13	1.2731e-14	6.3695e-15
2.4654e+13	1.4993e-14	5.6689e-15
2.4786e+13	1.6086e-14	5.3682e-15
2.4918e+13	1.4778e-14	5.812e-15
2.5049e+13	1.3351e-14	6.4524e-15
2.5181e+13	1.3953e-14	6.6238e-15
2.5313e+13	1.5358e-14	6.3982e-15
2.5445e+13	1.4572e-14	6.3849e-15
2.5577e+13	1.1075e-14	6.8257e-15
2.5709e+13	7.9322e-15	7.2779e-15
2.584e+13	8.1736e-15	7.3024e-15
2.5972e+13	1.1062e-14	7.1404e-15
2.6104e+13	1.2993e-14	7.3905e-15
2.6236e+13	1.1794e-14	8.1418e-15
2.6368e+13	8.9933e-15	8.8087e-15
2.65e+13	7.5021e-15	8.9215e-15
2.6632e+13	8.0103e-15	8.7591e-15
2.6763e+13	8.6489e-15	8.933e-15
2.6895e+13	7.8736e-15	9.5477e-15
2.7027e+13	6.4614e-15	1.018e-14
2.7159e+13	6.1398e-15	1.069e-14
2.7291e+13	7.0603e-15	1.1571e-14
2.7423e+13	7.6684e-15	1.3124e-14
2.7554e+13	6.9885e-15	1.4588e-14
2.7686e+13	6.0135e-15	1.4716e-14
2.7818e+13	6.2606e-15	1.3384e-14
2.795e+13	7.5462e-15	1.215e-14
2.8082e+13	8.0996e-15	1.2703e-14
2.8214e+13	6.9034e-15	1.4895e-14
2.8345e+13	5.101e-15	1.6843e-14
2.8477e+13	4.5759e-15	1.7134e-14
2.8609e+13	5.5874e-15	1.6472e-14
2.8741e+13	6.5452e-15	1.6711e-14
2.8873e+13	6.1109e-15	1.8533e-14
2.9005e+13	4.8115e-15	2.0744e-14
2.9136e+13	4.1698e-15	2.1955e-14
2.9268e+13	4.6975e-15	2.2304e-14
2.94e+13	5.4355e-15	2.2915e-14
2.9532e+13	5.4459e-15	2.4059e-14
2.9664e+13	5.0544e-15	2.4798e-14
2.9796e+13	5.1989e-15	2.4736e-14
2.9927e+13	5.9607e-15	2.5207e-14
3.0059e+13	6.4087e-15	2.7686e-14
3.0191e+13	5.9251e-15	3.1182e-14
3.0323e+13	5.0865e-15	3.2494e-14
3.0455e+13	4.858e-15	2.9938e-14
3.0587e+13	5.2743e-15	2.6207e-14
3.0719e+13	5.4803e-15	2.6174e-14
3.085e+13	5.044e-15	3.1374e-14
3.0982e+13	4.6312e-15	3.757e-14
3.1114e+13	5.0407e-15	3.887e-14
3.1246e+13	5.9567e-15	3.419e-14
3.1378e+13	6.2451e-15	2.8631e-14
3.151e+13	5.4818e-15	2.7963e-14
3.1641e+13	4.618e-15	3.2439e-14
3.1773e+13	4.7802e-15	3.7008e-14
3.1905e+13	5.761e-15	3.7428e-14
3.2037e+13	6.252e-15	3.4985e-14
3.2169e+13	5.5692e-15	3.4389e-14
3.2301e+13	4.5858e-15	3.7722e-14
3.2432e+13	4.6044e-15	4.1808e-14
3.2564e+13	5.6395e-15	4.2045e-14
3.2696e+13	6.3844e-15	3.7989e-14
3.2828e+13	5.9105e-15	3.4124e-14
3.296e+13	4.86e-15	3.5089e-14
3.3092e+13	4.577e-15	4.0861e-14
3.3223e+13	5.3436e-15	4.6943e-14
3.3355e+13	6.039e-15	4.8814e-14
3.3487e+13	5.6294e-15	4.5682e-14
3.3619e+13	4.5092e-15	4.0282e-14
3.3751e+13	3.9682e-15	3.5939e-14
3.3883e+13	4.5363e-15	3.4179e-14
3.4015e+13	5.3591e-15	3.4461e-14
3.4146e+13	5.3285e-15	3.5243e-14
3.4278e+13	4.4408e-15	3.5198e-14
3.441e+13	3.7015e-15	3.4088e-14
3.4542e+13	3.8627e-15	3.3017e-14
3.4674e+13	4.6708e-15	3.355e-14
3.4806e+13	5.4072e-15	3.6016e-14
3.4937e+13	5.7715e-15	3.8661e-14
3.5069e+13	5.9303e-15	3.9016e-14
3.5201e+13	5.9267e-15	3.6473e-14
3.5333e+13	5.5209e-15	3.3189e-14
3.5465e+13	4.7218e-15	3.1965e-14
3.5597e+13	4.0927e-15	3.3247e-14
3.5728e+13	4.1771e-15	3.4695e-14
3.586e+13	4.7396e-15	3.3901e-14
3.5992e+13	4.9486e-15	3.1097e-14
3.6124e+13	4.4058e-15	2.8745e-14
3.6256e+13	3.6964e-15	2.8642e-14
3.6388e+13	3.6765e-15	3.0091e-14
3.6519e+13	4.3832e-15	3.1126e-14
3.6651e+13	4.99e-15	3.0958e-14
3.6783e+13	4.8632e-15	3.0523e-14
3.6915e+13	4.3186e-15	3.0742e-14
3.7047e+13	4.1048e-15	3.1064e-14
3.7179e+13	4.3606e-15	3.0276e-14
3.731e+13	4.4794e-15	2.8383e-14
3.7442e+13	4.0367e-15	2.6938e-14
3.7574e+13	3.4616e-15	2.727e-14
3.7706e+13	3.4848e-15	2.8857e-14
3.7838e+13	4.0978e-15	2.9841e-14
3.797e+13	4.4706e-15	2.8986e-14
3.8102e+13	4.0066e-15	2.6725e-14
3.8233e+13	3.1554e-15	2.4378e-14
3.8365e+13	2.8812e-15	2.2883e-14
3.8497e+13	3.4499e-15	2.2542e-14
3.8629e+13	4.0988e-15	2.3458e-14
3.8761e+13	4.0015e-15	2.5474e-14
3.8893e+13	3.2712e-15	2.7631e-14
3.9024e+13	2.7438e-15	2.8427e-14
3.9156e+13	2.9005e-15	2.7228e-14
3.9288e+13	3.3475e-15	2.5228e-14
3.942e+13	3.4439e-15	2.4378e-14
3.9552e+13	3.141e-15	2.5173e-14
3.9684e+13	2.9239e-15	2.5983e-14
3.9815e+13	3.0423e-15	2.4989e-14
3.9947e+13	3.1583e-15	2.2541e-14
4.0079e+13	2.8841e-15	2.0979e-14
4.0211e+13	2.4074e-15	2.198e-14
4.0343e+13	2.2973e-15	2.46e-14
4.0475e+13	2.7413e-15	2.6373e-14
4.0606e+13	3.263e-15	2.6089e-14
4.0738e+13	3.3081e-15	2.4862e-14
4.087e+13	2.9148e-15	2.4386e-14
4.1002e+13	2.5965e-15	2.4784e-14
4.1134e+13	2.6496e-15	2.4769e-14
4.1266e+13	2.8368e-15	2.3659e-14
4.1397e+13	2.814e-15	2.2415e-14
4.1529e+13	2.6337e-15	2.2349e-14
4.1661e+13	2.6096e-15	2.3329e-14
4.1793e+13	2.7874e-15	2.3925e-14
4.1925e+13	2.8313e-15	2.3261e-14
4.2057e+13	2.5208e-15	2.2043e-14
4.2189e+13	2.1388e-15	2.1431e-14
4.232e+13	2.1509e-15	2.1423e-14
4.2452e+13	2.5709e-15	2.106e-14
4.2584e+13	2.8912e-15	2.0186e-14
4.2716e+13	2.7157e-15	2.0189e-14
4.2848e+13	2.2667e-15	2.241e-14
4.298e+13	2.0906e-15	2.6123e-14
4.3111e+13	2.3527e-15	2.8849e-14
4.3243e+13	2.6559e-15	2.8899e-14
4.3375e+13	2.596e-15	2.713e-14
4.3507e+13	2.2807e-15	2.5735e-14
4.3639e+13	2.1254e-15	2.56e-14
4.3771e+13	2.2533e-15	2.5533e-14
4.3902e+13	2.3496e-15	2.4253e-14
4.4034e+13	2.1555e-15	2.248e-14
4.4166e+13	1.8797e-15	2.2329e-14
4.4298e+13	1.9272e-15	2.4685e-14
4.443e+13	2.3195e-15	2.7867e-14
4.4562e+13	2.6321e-15	2.934e-14
4.4693e+13	2.5603e-15	2.8493e-14
4.4825e+13	2.3368e-15	2.7173e-14
4.4957e+13	2.4077e-15	2.7407e-14
4.5089e+13	2.7964e-15	2.9086e-14
4.5221e+13	3.0346e-15	3.0266e-14
4.5353e+13	2.7781e-15	2.957e-14
4.5485e+13	2.2851e-15	2.7785e-14
4.5616e+13	2.1028e-15	2.6902e-14
4.5748e+13	2.3709e-15	2.7863e-14
4.588e+13	2.6625e-15	2.9562e-14
4.6012e+13	2.5583e-15	3.0043e-14
4.6144e+13	2.1739e-15	2.8447e-14
4.6276e+13	1.9578e-15	2.5765e-14
4.6407e+13	2.0794e-15	2.3894e-14
4.6539e+13	2.2555e-15	2.4058e-14
4.6671e+13	2.2111e-15	2.5905e-14
4.6803e+13	2.0831e-15	2.7817e-14
4.6935e+13	2.1807e-15	2.8117e-14
4.7067e+13	2.4618e-15	2.6359e-14
4.7198e+13	2.5136e-15	2.3778e-14
4.733e+13	2.121e-15	2.2388e-14
4.7462e+13	1.6411e-15	2.3274e-14
4.7594e+13	1.6109e-15	2.5553e-14
4.7726e+13	2.0581e-15	2.711e-14
4.7858e+13	2.4343e-15	2.6563e-14
4.7989e+13	2.2948e-15	2.4588e-14
4.8121e+13	1.8519e-15	2.3213e-14
4.8253e+13	1.6799e-15	2.3772e-14
4.8385e+13	1.9642e-15	2.5576e-14
4.8517e+13	2.2825e-15	2.6628e-14
4.8649e+13	2.1881e-15	2.5585e-14
4.878e+13	1.8028e-15	2.3004e-14
4.8912e+13	1.6364e-15	2.075e-14
4.9044e+13	1.8986e-15	2.0283e-14
4.9176e+13	2.2297e-15	2.144e-14
4.9308e+13	2.1897e-15	2.2687e-14
4.944e+13	1.8257e-15	2.2473e-14
4.9572e+13	1.5685e-15	2.0523e-14
4.9703e+13	1.6405e-15	1.8077e-14
4.9835e+13	1.7973e-15	1.6888e-14
4.9967e+13	1.7273e-15	1.7776e-14
5.0099e+13	1.513e-15	1.993e-14
5.0231e+13	1.5003e-15	2.1659e-14
5.0363e+13	1.7713e-15	2.1979e-14
5.0494e+13	1.9834e-15	2.1494e-14
5.0626e+13	1.8212e-15	2.1607e-14
5.0758e+13	1.4417e-15	2.2841e-14
5.089e+13	1.2842e-15	2.411e-14
5.1022e+13	1.4868e-15	2.3848e-14
5.1154e+13	1.7039e-15	2.178e-14
5.1285e+13	1.5803e-15	1.9321e-14
5.1417e+13	1.2417e-15	1.8094e-14
5.1549e+13	1.1326e-15	1.8261e-14
5.1681e+13	1.4167e-15	1.8538e-14
5.1813e+13	1.7476e-15	1.778e-14
5.1945e+13	1.7168e-15	1.6214e-14
5.2076e+13	1.377e-15	1.4952e-14
5.2208e+13	1.1509e-15	1.4583e-14
5.234e+13	1.2663e-15	1.4638e-14
5.2472e+13	1.4828e-15	1.4459e-14
5.2604e+13	1.4505e-15	1.4139e-14
5.2736e+13	1.1869e-15	1.4253e-14
5.2868e+13	1.0272e-15	1.4803e-14
5.2999e+13	1.1478e-15	1.4938e-14
5.3131e+13	1.3359e-15	1.3934e-14
5.3263e+13	1.3076e-15	1.222e-14
5.3395e+13	1.1078e-15	1.1055e-14
5.3527e+13	1.0291e-15	1.1196e-14
5.3659e+13	1.1787e-15	1.2154e-14
5.379e+13	1.317e-15	1.2897e-14
5.3922e+13	1.1992e-15	1.3006e-14
5.4054e+13	9.3434e-16	1.285e-14
5.4186e+13	8.4668e-16	1.2756e-14
5.4318e+13	1.0273e-15	1.2467e-14
5.445e+13	1.2061e-15	1.1666e-14
5.4581e+13	1.132e-15	1.0738e-14
5.4713e+13	9.3194e-16	1.0522e-14
5.4845e+13	9.3374e-16	1.12e-14
5.4977e+13	1.1876e-15	1.1813e-14
5.5109e+13	1.3587e-15	1.1233e-14
5.5241e+13	1.1676e-15	9.5442e-15
5.5372e+13	7.9059e-16	8.0962e-15
5.5504e+13	6.5852e-16	8.0447e-15
5.5636e+13	8.9958e-16	9.076e-15
5.5768e+13	1.1699e-15	9.8288e-15
5.59e+13	1.1081e-15	9.4858e-15
5.6032e+13	8.1315e-16	8.622e-15
5.6163e+13	7.0649e-16	8.3688e-15
5.6295e+13	9.6251e-16	9.0058e-15
5.6427e+13	1.2676e-15	9.6857e-15
5.6559e+13	1.2268e-15	9.5059e-15
5.6691e+13	8.7374e-16	8.5249e-15
5.6823e+13	6.1372e-16	7.5542e-15
5.6955e+13	6.9464e-16	7.1539e-15
5.7086e+13	9.1589e-16	7.1391e-15
5.7218e+13	9.3941e-16	7.0659e-15
5.735e+13	7.5144e-16	6.8851e-15
5.7482e+13	6.4901e-16	6.8863e-15
5.7614e+13	7.9954e-16	7.1401e-15
5.7746e+13	1.0011e-15	7.317e-15
5.7877e+13	9.7125e-16	7.1497e-15
5.8009e+13	7.4865e-16	6.8516e-15
5.8141e+13	6.4245e-16	6.8503e-15
5.8273e+13	7.9919e-16	7.1621e-15
5.8405e+13	9.9284e-16	7.2768e-15
5.8537e+13	9.3381e-16	6.7703e-15
5.8668e+13	6.7253e-16	5.8834e-15
5.88e+13	5.3978e-16	5.3079e-15
5.8932e+13	7.0206e-16	5.4174e-15
5.9064e+13	9.3913e-16	5.8782e-15
5.9196e+13	9.4536e-16	6.0927e-15
5.9328e+13	7.3932e-16	5.8943e-15
5.9459e+13	6.2353e-16	5.6515e-15
5.9591e+13	7.5741e-16	5.7185e-15
5.9723e+13	9.3601e-16	5.9689e-15
5.9855e+13	8.7843e-16	5.9799e-15
5.9987e+13	6.2565e-16	5.5923e-15
6.0119e+13	4.9683e-16	5.1369e-15
6.025e+13	6.5938e-16	5.0788e-15
6.0382e+13	8.9847e-16	5.5297e-15
6.0514e+13	9.0059e-16	6.1703e-15
6.0646e+13	6.6776e-16	6.5902e-15
6.0778e+13	5.0566e-16	6.6187e-15
6.091e+13	6.1045e-16	6.3507e-15
6.1042e+13	8.1599e-16	5.9744e-15
6.1173e+13	8.3265e-16	5.6467e-15
6.1305e+13	6.3902e-16	5.4709e-15
6.1437e+13	4.9524e-16	5.4749e-15
6.1569e+13	5.7716e-16	5.5701e-15
6.1701e+13	7.4388e-16	5.5939e-15
6.1833e+13	7.4975e-16	5.4575e-15
6.1964e+13	5.9263e-16	5.2432e-15
6.2096e+13	5.1148e-16	5.1116e-15
6.2228e+13	6.4385e-16	5.1105e-15
6.236e+13	8.2666e-16	5.1146e-15
6.2492e+13	8.1889e-16	4.9763e-15
6.2624e+13	6.3569e-16	4.7052e-15
6.2755e+13	5.2913e-16	4.4679e-15
6.2887e+13	6.4208e-16	4.4198e-15
6.3019e+13	8.139e-16	4.5704e-15
6.3151e+13	8.0488e-16	4.8099e-15
6.3283e+13	6.2761e-16	5.0253e-15
6.3415e+13	5.2793e-16	5.166e-15
6.3546e+13	6.4383e-16	5.2284e-15
6.3678e+13	8.1374e-16	5.2295e-15
6.381e+13	7.9755e-16	5.201e-15
6.3942e+13	6.0513e-16	5.1662e-15
6.4074e+13	4.8216e-16	5.0967e-15
6.4206e+13	5.7653e-16	4.9223e-15
6.4338e+13	7.4336e-16	4.6301e-15
6.4469e+13	7.4999e-16	4.3508e-15
6.4601e+13	5.9227e-16	4.2903e-15
6.4733e+13	4.8914e-16	4.535e-15
6.4865e+13	5.74e-16	4.9399e-15
6.4997e+13	7.1572e-16	5.2515e-15
6.5129e+13	7.1207e-16	5.35e-15
6.526e+13	5.7669e-16	5.3395e-15
6.5392e+13	5.1556e-16	5.3861e-15
6.5524e+13	6.2901e-16	5.4982e-15
6.5656e+13	7.6128e-16	5.5156e-15
6.5788e+13	7.1383e-16	5.3144e-15
6.592e+13	5.2752e-16	4.9748e-15
6.6051e+13	4.3669e-16	4.7055e-15
6.6183e+13	5.5086e-16	4.6137e-15
6.6315e+13	7.0099e-16	4.5977e-15
6.6447e+13	6.6683e-16	4.4909e-15
6.6579e+13	4.7898e-16	4.2894e-15
6.6711e+13	3.8295e-16	4.19e-15
6.6842e+13	5.1153e-16	4.3809e-15
6.6974e+13	7.0756e-16	4.8067e-15
6.7106e+13	7.3388e-16	5.1735e-15
6.7238e+13	5.8281e-16	5.2117e-15
6.737e+13	4.711e-16	4.9376e-15
6.7502e+13	5.3986e-16	4.6393e-15
6.7633e+13	6.7398e-16	4.586e-15
6.7765e+13	6.7755e-16	4.7531e-15
6.7897e+13	5.4931e-16	4.8625e-15
6.8029e+13	4.7616e-16	4.7131e-15
6.8161e+13	5.6446e-16	4.4505e-15
6.8293e+13	6.913e-16	4.4497e-15
6.8425e+13	6.8132e-16	4.8952e-15
6.8556e+13	5.5541e-16	5.5026e-15
6.8688e+13	5.0015e-16	5.73e-15
6.882e+13	6.0158e-16	5.3048e-15
6.8952e+13	7.1947e-16	4.5233e-15
6.9084e+13	6.808e-16	3.9868e-15
6.9216e+13	5.2295e-16	4.0388e-15
6.9347e+13	4.4483e-16	4.4859e-15
6.9479e+13	5.3153e-16	4.8595e-15
6.9611e+13	6.3627e-16	4.8867e-15
6.9743e+13	5.8693e-16	4.6612e-15
6.9875e+13	4.3094e-16	4.4163e-15
7.0007e+13	3.7492e-16	4.2512e-15
7.0138e+13	4.9777e-16	4.1319e-15
7.027e+13	6.3456e-16	4.0661e-15
7.0402e+13	5.9757e-16	4.1406e-15
7.0534e+13	4.3467e-16	4.3646e-15
7.0666e+13	3.6862e-16	4.5818e-15
7.0798e+13	4.9582e-16	4.6327e-15
7.0929e+13	6.5448e-16	4.5652e-15
7.1061e+13	6.4261e-16	4.582e-15
7.1193e+13	4.8895e-16	4.7619e-15
7.1325e+13	4.0952e-16	4.9395e-15
7.1457e+13	5.1304e-16	4.9458e-15
7.1589e+13	6.5901e-16	4.8973e-15
7.1721e+13	6.5779e-16	5.097e-15
7.1852e+13	5.3178e-16	5.6046e-15
7.1984e+13	4.7814e-16	6.037e-15
7.2116e+13	5.8896e-16	5.9379e-15
7.2248e+13	7.1879e-16	5.3238e-15
7.238e+13	6.8243e-16	4.7144e-15
7.2512e+13	5.0921e-16	4.5537e-15
7.2643e+13	4.0472e-16	4.7163e-15
7.2775e+13	4.7617e-16	4.731e-15
7.2907e+13	6.0032e-16	4.453e-15
7.3039e+13	6.0829e-16	4.3055e-15
7.3171e+13	5.2061e-16	4.7294e-15
7.3303e+13	5.0272e-16	5.511e-15
7.3434e+13	6.104e-16	5.8896e-15
7.3566e+13	6.9342e-16	5.4066e-15
7.3698e+13	6.0379e-16	4.4892e-15
7.383e+13	4.1969e-16	4.0218e-15
7.3962e+13	3.6093e-16	4.3658e-15
7.4094e+13	4.9656e-16	4.9802e-15
7.4225e+13	6.4382e-16	5.0867e-15
7.4357e+13	6.0725e-16	4.575e-15
7.4489e+13	4.41e-16	4.0836e-15
7.4621e+13	3.7695e-16	4.2103e-15
7.4753e+13	5.1132e-16	4.8346e-15
7.4885e+13	6.7284e-16	5.3308e-15
7.5016e+13	6.5212e-16	5.3318e-15
7.5148e+13	4.8249e-16	5.0861e-15
7.528e+13	3.9269e-16	5.0395e-15
7.5412e+13	4.9719e-16	5.2494e-15
7.5544e+13	6.4443e-16	5.3752e-15
7.5676e+13	6.2584e-16	5.1868e-15
7.5808e+13	4.5856e-16	4.8833e-15
7.5939e+13	3.5895e-16	4.8205e-15
7.6071e+13	4.4847e-16	5.039e-15
7.6203e+13	5.9439e-16	5.2249e-15
7.6335e+13	5.9734e-16	5.137e-15
7.6467e+13	4.6256e-16	4.929e-15
7.6599e+13	3.8429e-16	4.9457e-15
7.673e+13	4.7175e-16	5.2647e-15
7.6862e+13	5.9816e-16	5.5718e-15
7.6994e+13	5.7865e-16	5.5271e-15
7.7126e+13	4.2831e-16	5.1722e-15
7.7258e+13	3.4412e-16	4.8935e-15
7.739e+13	4.3766e-16	5.0022e-15
7.7521e+13	5.8628e-16	5.4191e-15
7.7653e+13	6.0313e-16	5.7906e-15
7.7785e+13	4.8764e-16	5.8658e-15
7.7917e+13	4.1459e-16	5.7215e-15
7.8049e+13	4.8625e-16	5.638e-15
7.8181e+13	5.9654e-16	5.798e-15
7.8312e+13	5.913e-16	6.1068e-15
7.8444e+13	4.9238e-16	6.285e-15
7.8576e+13	4.6657e-16	6.1422e-15
7.8708e+13	5.8312e-16	5.7977e-15
7.884e+13	7.0407e-16	5.6314e-15
7.8972e+13	6.686e-16	5.9494e-15
7.9103e+13	5.1899e-16	6.6319e-15
7.9235e+13	4.5016e-16	7.1375e-15
7.9367e+13	5.4555e-16	6.9631e-15
7.9499e+13	6.6234e-16	6.1629e-15
7.9631e+13	6.2824e-16	5.3676e-15
7.9763e+13	4.8142e-16	5.1953e-15
7.9895e+13	4.2068e-16	5.6245e-15
8.0026e+13	5.2951e-16	6.0156e-15
8.0158e+13	6.5385e-16	5.8048e-15
8.029e+13	6.082e-16	5.1338e-15
8.0422e+13	4.343e-16	4.7083e-15
8.0554e+13	3.5613e-16	5.0224e-15
8.0686e+13	4.829e-16	5.7963e-15
8.0817e+13	6.5606e-16	6.2489e-15
8.0949e+13	6.4896e-16	5.9066e-15
8.1081e+13	4.5813e-16	5.0837e-15
8.1213e+13	3.0494e-16	4.5545e-15
8.1345e+13	3.5244e-16	4.801e-15
8.1477e+13	5.1255e-16	5.6017e-15
8.1608e+13	5.832e-16	6.2954e-15
8.174e+13	5.1224e-16	6.3809e-15
8.1872e+13	4.3558e-16	5.8853e-15
8.2004e+13	4.6434e-16	5.2581e-15
8.2136e+13	5.3345e-16	4.9704e-15
8.2268e+13	5.1538e-16	5.1531e-15
8.2399e+13	4.1937e-16	5.5133e-15
8.2531e+13	3.8225e-16	5.5795e-15
8.2663e+13	4.6423e-16	5.1224e-15
8.2795e+13	5.4806e-16	4.4204e-15
8.2927e+13	4.9722e-16	4.0821e-15
8.3059e+13	3.5661e-16	4.5027e-15
8.3191e+13	3.0727e-16	5.4421e-15
8.3322e+13	4.2349e-16	6.1864e-15
8.3454e+13	5.6319e-16	6.1922e-15
8.3586e+13	5.4939e-16	5.5784e-15
8.3718e+13	4.0365e-16	4.9581e-15
8.385e+13	3.1588e-16	4.8089e-15
8.3982e+13	3.9089e-16	5.0655e-15
8.4113e+13	5.1434e-16	5.327e-15
8.4245e+13	5.1644e-16	5.3532e-15
8.4377e+13	4.0514e-16	5.2522e-15
8.4509e+13	3.4908e-16	5.213e-15
8.4641e+13	4.3769e-16	5.2134e-15
8.4773e+13	5.5241e-16	5.0963e-15
8.4904e+13	5.2783e-16	4.8649e-15
8.5036e+13	3.8082e-16	4.7457e-15
8.5168e+13	2.913e-16	4.9045e-15
8.53e+13	3.6062e-16	5.2017e-15
8.5432e+13	4.79e-16	5.3432e-15
8.5564e+13	4.8226e-16	5.2512e-15
8.5695e+13	3.7916e-16	5.1621e-15
8.5827e+13	3.3467e-16	5.3031e-15
8.5959e+13	4.3348e-16	5.5623e-15
8.6091e+13	5.5326e-16	5.5999e-15
8.6223e+13	5.2766e-16	5.2843e-15
8.6355e+13	3.7785e-16	4.9004e-15
8.6486e+13	2.9296e-16	4.839e-15
8.6618e+13	3.7996e-16	5.1242e-15
8.675e+13	5.196e-16	5.3486e-15
8.6882e+13	5.2402e-16	5.1068e-15
8.7014e+13	3.8493e-16	4.4408e-15
8.7146e+13	2.8171e-16	3.8188e-15
8.7278e+13	3.4429e-16	3.709e-15
8.7409e+13	4.9082e-16	4.2095e-15
8.7541e+13	5.4867e-16	5.0398e-15
8.7673e+13	4.8164e-16	5.7845e-15
8.7805e+13	4.1548e-16	6.1209e-15
8.7937e+13	4.442e-16	5.9299e-15
8.8069e+13	4.9919e-16	5.3478e-15
8.82e+13	4.6197e-16	4.741e-15
8.8332e+13	3.5105e-16	4.5148e-15
8.8464e+13	3.0953e-16	4.81e-15
8.8596e+13	4.0489e-16	5.3612e-15
8.8728e+13	5.2341e-16	5.7131e-15
8.886e+13	5.1515e-16	5.6166e-15
8.8991e+13	3.9552e-16	5.2044e-15
8.9123e+13	3.247e-16	4.7811e-15
8.9255e+13	3.8925e-16	4.4999e-15
8.9387e+13	4.8455e-16	4.2974e-15
8.9519e+13	4.6033e-16	4.098e-15
8.9651e+13	3.301e-16	3.9621e-15
8.9782e+13	2.5588e-16	3.9697e-15
8.9914e+13	3.2771e-16	4.0292e-15
9.0046e+13	4.3976e-16	3.9263e-15
9.0178e+13	4.3359e-16	3.6012e-15
9.031e+13	3.1352e-16	3.295e-15
9.0442e+13	2.4084e-16	3.3281e-15
9.0574e+13	3.1601e-16	3.7333e-15
9.0705e+13	4.4549e-16	4.1779e-15
9.0837e+13	4.7067e-16	4.289e-15
9.0969e+13	3.7836e-16	4.0281e-15
9.1101e+13	3.0688e-16	3.71e-15
9.1233e+13	3.4823e-16	3.6709e-15
9.1365e+13	4.2499e-16	3.9577e-15
9.1496e+13	4.0906e-16	4.3289e-15
9.1628e+13	3.095e-16	4.4981e-15
9.176e+13	2.6272e-16	4.3495e-15
9.1892e+13	3.3818e-16	3.9797e-15
9.2024e+13	4.3403e-16	3.6152e-15
9.2156e+13	4.1344e-16	3.4889e-15
9.2287e+13	2.954e-16	3.6985e-15
9.2419e+13	2.3351e-16	4.0981e-15
9.2551e+13	3.0711e-16	4.35e-15
9.2683e+13	4.1097e-16	4.1818e-15
9.2815e+13	3.9736e-16	3.6512e-15
9.2947e+13	2.7797e-16	3.127e-15
9.3078e+13	2.0926e-16	2.9524e-15
9.321e+13	2.8074e-16	3.1207e-15
9.3342e+13	3.9507e-16	3.3157e-15
9.3474e+13	4.0218e-16	3.2705e-15
9.3606e+13	3.0158e-16	3.0377e-15
9.3738e+13	2.3638e-16	2.8767e-15
9.3869e+13	2.9138e-16	2.921e-15
9.4001e+13	3.7699e-16	3.0343e-15
9.4133e+13	3.5847e-16	3.0053e-15
9.4265e+13	2.4853e-16	2.8148e-15
9.4397e+13	1.9316e-16	2.6435e-15
9.4529e+13	2.6843e-16	2.6404e-15
9.4661e+13	3.7045e-16	2.758e-15
9.4792e+13	3.547e-16	2.8472e-15
9.4924e+13	2.3602e-16	2.8531e-15
9.5056e+13	1.7283e-16	2.8501e-15
9.5188e+13	2.5283e-16	2.8949e-15
9.532e+13	3.7105e-16	2.9235e-15
9.5452e+13	3.6802e-16	2.8402e-15
9.5583e+13	2.4288e-16	2.6694e-15
9.5715e+13	1.5406e-16	2.5498e-15
9.5847e+13	2.0847e-16	2.565e-15
9.5979e+13	3.2379e-16	2.6313e-15
9.6111e+13	3.4526e-16	2.592e-15
9.6243e+13	2.5255e-16	2.4027e-15
9.6374e+13	1.7709e-16	2.1807e-15
9.6506e+13	2.1559e-16	2.0681e-15
9.6638e+13	3.0136e-16	2.0861e-15
9.677e+13	3.0639e-16	2.1448e-15
9.6902e+13	2.2442e-16	2.1624e-15
9.7034e+13	1.777e-16	2.1332e-15
9.7165e+13	2.4117e-16	2.086e-15
9.7297e+13	3.3318e-16	2.0262e-15
9.7429e+13	3.2727e-16	1.952e-15
9.7561e+13	2.2924e-16	1.896e-15
9.7693e+13	1.7147e-16	1.9029e-15
9.7825e+13	2.3063e-16	1.9612e-15
9.7956e+13	3.2124e-16	1.9958e-15
9.8088e+13	3.1338e-16	1.9561e-15
9.822e+13	2.1202e-16	1.8882e-15
9.8352e+13	1.5013e-16	1.8835e-15
9.8484e+13	2.053e-16	1.9566e-15
9.8616e+13	2.9436e-16	2.0135e-15
9.8748e+13	2.9135e-16	1.9627e-15
9.8879e+13	2.0396e-16	1.8321e-15
9.9011e+13	1.619e-16	1.74e-15
9.9143e+13	2.3236e-16	1.752e-15
9.9275e+13	3.1999e-16	1.8068e-15
9.9407e+13	2.9414e-16	1.8023e-15
9.9539e+13	1.7094e-16	1.7265e-15
9.967e+13	9.8052e-17	1.6606e-15
9.9802e+13	1.5882e-16	1.656e-15
9.9934e+13	2.6183e-16	1.6552e-15
1.0007e+14	2.6667e-16	1.5691e-15
1.002e+14	1.7415e-16	1.4114e-15
1.0033e+14	1.2126e-16	1.3093e-15
1.0046e+14	1.8901e-16	1.3626e-15
1.0059e+14	2.8812e-16	1.5195e-15
1.0073e+14	2.8002e-16	1.6228e-15
1.0086e+14	1.6748e-16	1.5744e-15
1.0099e+14	9.3444e-17	1.4301e-15
1.0112e+14	1.4902e-16	1.3256e-15
1.0125e+14	2.5214e-16	1.336e-15
1.0138e+14	2.6086e-16	1.4251e-15
1.0152e+14	1.651e-16	1.5165e-15
1.0165e+14	9.6359e-17	1.5764e-15
1.0178e+14	1.4606e-16	1.6151e-15
1.0191e+14	2.4299e-16	1.6337e-15
1.0204e+14	2.5473e-16	1.603e-15
1.0218e+14	1.694e-16	1.5022e-15
1.0231e+14	1.0784e-16	1.3587e-15
1.0244e+14	1.5379e-16	1.2344e-15
1.0257e+14	2.3949e-16	1.1769e-15
1.027e+14	2.4305e-16	1.19e-15
1.0283e+14	1.5894e-16	1.2456e-15
1.0297e+14	1.0394e-16	1.3086e-15
1.031e+14	1.5237e-16	1.3496e-15
1.0323e+14	2.3178e-16	1.3507e-15
1.0336e+14	2.2509e-16	1.3146e-15
1.0349e+14	1.3626e-16	1.2678e-15
1.0363e+14	8.7349e-17	1.2419e-15
1.0376e+14	1.4879e-16	1.2451e-15
1.0389e+14	2.382e-16	1.2555e-15
1.0402e+14	2.3038e-16	1.2467e-15
1.0415e+14	1.2991e-16	1.218e-15
1.0428e+14	6.8914e-17	1.1944e-15
1.0442e+14	1.3049e-16	1.2006e-15
1.0455e+14	2.3684e-16	1.2368e-15
1.0468e+14	2.5317e-16	1.2765e-15
1.0481e+14	1.6557e-16	1.2816e-15
1.0494e+14	9.3283e-17	1.2242e-15
1.0508e+14	1.2435e-16	1.1124e-15
1.0521e+14	2.0137e-16	1.0011e-15
1.0534e+14	2.0876e-16	9.6652e-16
1.0547e+14	1.3412e-16	1.0413e-15
1.056e+14	8.0123e-17	1.1666e-15
1.0574e+14	1.1657e-16	1.2254e-15
1.0587e+14	1.8353e-16	1.1478e-15
1.06e+14	1.8005e-16	9.8577e-16
1.0613e+14	1.0998e-16	8.6925e-16
1.0626e+14	7.7188e-17	8.79e-16
1.0639e+14	1.3618e-16	9.7172e-16
1.0653e+14	2.0966e-16	1.0404e-15
1.0666e+14	1.9279e-16	1.0371e-15
1.0679e+14	1.0116e-16	1.0143e-15
1.0692e+14	5.4448e-17	1.0398e-15
1.0705e+14	1.1383e-16	1.0991e-15
1.0719e+14	1.9664e-16	1.1106e-15
1.0732e+14	1.8837e-16	1.0366e-15
1.0745e+14	1.0019e-16	9.4711e-16
1.0758e+14	5.4852e-17	9.497e-16
1.0771e+14	1.1859e-16	1.0605e-15
1.0784e+14	2.0912e-16	1.1711e-15
1.0798e+14	2.0638e-16	1.1543e-15
1.0811e+14	1.1509e-16	9.9535e-16
1.0824e+14	5.6907e-17	8.0851e-16
1.0837e+14	1.0434e-16	7.2842e-16
1.085e+14	1.845e-16	7.9461e-16
1.0864e+14	1.8294e-16	9.3534e-16
1.0877e+14	1.0201e-16	1.0443e-15
1.089e+14	5.4938e-17	1.0633e-15
1.0903e+14	1.0601e-16	1.0054e-15
1.0916e+14	1.8009e-16	9.238e-16
1.0929e+14	1.6751e-16	8.6699e-16
1.0943e+14	7.8434e-17	8.5181e-16
1.0956e+14	3.1481e-17	8.6166e-16
1.0969e+14	9.0734e-17	8.6714e-16
1.0982e+14	1.7605e-16	8.5339e-16
1.0995e+14	1.7141e-16	8.2998e-16
1.1009e+14	8.3037e-17	8.1314e-16
1.1022e+14	2.9989e-17	8.028e-16
1.1035e+14	8.0802e-17	7.8677e-16
1.1048e+14	1.6125e-16	7.675e-16
1.1061e+14	1.5915e-16	7.6993e-16
1.1074e+14	7.9704e-17	8.0799e-16
1.1088e+14	3.6278e-17	8.4952e-16
1.1101e+14	9.0457e-17	8.3713e-16
1.1114e+14	1.6478e-16	7.5574e-16
1.1127e+14	1.5042e-16	6.6569e-16
1.114e+14	6.0698e-17	6.4616e-16
1.1154e+14	1.6148e-17	7.0325e-16
1.1167e+14	7.9253e-17	7.5419e-16
1.118e+14	1.6662e-16	7.1766e-16
1.1193e+14	1.6152e-16	6.1015e-16
1.1206e+14	7.354e-17	5.324e-16
1.122e+14	2.5578e-17	5.5799e-16
1.1233e+14	8.4924e-17	6.5335e-16
1.1246e+14	1.7022e-16	7.2033e-16
1.1259e+14	1.6271e-16	7.0583e-16
1.1272e+14	6.9626e-17	6.4966e-16
1.1285e+14	1.5252e-17	6.2571e-16
1.1299e+14	7.1468e-17	6.5917e-16
1.1312e+14	1.598e-16	7.1492e-16
1.1325e+14	1.5918e-16	7.5066e-16
1.1338e+14	7.1502e-17	7.5556e-16
1.1351e+14	1.8366e-17	7.3679e-16
1.1365e+14	7.402e-17	6.967e-16
1.1378e+14	1.6357e-16	6.4321e-16
1.1391e+14	1.6509e-16	6.0737e-16
1.1404e+14	7.5042e-17	6.1959e-16
1.1417e+14	1.133e-17	6.6238e-16
1.143e+14	5.2185e-17	6.7279e-16
1.1444e+14	1.3262e-16	6.1408e-16
1.1457e+14	1.379e-16	5.3362e-16
1.147e+14	6.202e-17	5.2049e-16
1.1483e+14	1.2879e-17	5.9866e-16
1.1496e+14	6.0115e-17	6.866e-16
1.151e+14	1.3834e-16	6.8422e-16
1.1523e+14	1.3896e-16	5.8908e-16
1.1536e+14	6.141e-17	4.9947e-16
1.1549e+14	1.3242e-17	4.9869e-16
1.1562e+14	5.9838e-17	5.6318e-16
1.1575e+14	1.3323e-16	6.0483e-16
1.1589e+14	1.2707e-16	5.8596e-16
1.1602e+14	4.5758e-17	5.5651e-16
1.1615e+14	1.5871e-20	5.7185e-16
1.1628e+14	5.399e-17	6.0901e-16
1.1641e+14	1.3527e-16	5.977e-16
1.1655e+14	1.3312e-16	5.2353e-16
1.1668e+14	5.0299e-17	4.6024e-16
1.1681e+14	-6.4281e-19	4.8121e-16
1.1694e+14	4.8474e-17	5.6425e-16
1.1707e+14	1.2897e-16	6.1602e-16
1.1721e+14	1.3112e-16	5.8619e-16
1.1734e+14	5.5172e-17	5.2345e-16
1.1747e+14	9.2141e-18	5.034e-16
1.176e+14	5.8049e-17	5.2807e-16
1.1773e+14	1.3291e-16	5.3121e-16
1.1786e+14	1.2709e-16	4.788e-16
1.18e+14	4.4746e-17	4.2523e-16
1.1813e+14	-3.5861e-18	4.455e-16
1.1826e+14	4.6857e-17	5.3204e-16
1.1839e+14	1.2544e-16	5.9481e-16
1.1852e+14	1.2319e-16	5.6898e-16
1.1866e+14	4.2797e-17	4.924e-16
1.1879e+14	-5.4183e-18	4.5462e-16
1.1892e+14	4.3938e-17	4.8512e-16
1.1905e+14	1.2099e-16	5.2389e-16
1.1918e+14	1.1729e-16	5.0583e-16
1.1931e+14	3.6181e-17	4.4422e-16
1.1945e+14	-1.1074e-17	4.0719e-16
1.1958e+14	4.1531e-17	4.2565e-16
1.1971e+14	1.2316e-16	4.572e-16
1.1984e+14	1.2268e-16	4.4862e-16
1.1997e+14	4.0786e-17	4.0804e-16
1.2011e+14	-1.1165e-17	3.9096e-16
1.2024e+14	3.6145e-17	4.2383e-16
1.2037e+14	1.1577e-16	4.6971e-16
1.205e+14	1.1745e-16	4.7856e-16
1.2063e+14	3.897e-17	4.504e-16
1.2076e+14	-1.2052e-17	4.2845e-16
1.209e+14	3.2918e-17	4.3746e-16
1.2103e+14	1.0963e-16	4.5383e-16
1.2116e+14	1.1094e-16	4.44e-16
1.2129e+14	3.5018e-17	4.1327e-16
1.2142e+14	-1.2896e-17	3.9789e-16
1.2156e+14	3.3485e-17	4.1534e-16
1.2169e+14	1.1006e-16	4.4346e-16
1.2182e+14	1.1152e-16	4.5383e-16
1.2195e+14	3.6952e-17	4.4828e-16
1.2208e+14	-9.6462e-18	4.4803e-16
1.2221e+14	3.5868e-17	4.5657e-16
1.2235e+14	1.0888e-16	4.5452e-16
1.2248e+14	1.062e-16	4.3426e-16
1.2261e+14	3.0245e-17	4.1965e-16
1.2274e+14	-1.3216e-17	4.3531e-16
1.2287e+14	3.8497e-17	4.6567e-16
1.2301e+14	1.1671e-16	4.663e-16
1.2314e+14	1.1436e-16	4.2111e-16
1.2327e+14	3.3222e-17	3.7068e-16
1.234e+14	-1.7516e-17	3.6833e-16
1.2353e+14	2.9896e-17	4.1475e-16
1.2367e+14	1.0939e-16	4.5459e-16
1.238e+14	1.1189e-16	4.4119e-16
1.2393e+14	3.4428e-17	3.8971e-16
1.2406e+14	-1.6769e-17	3.5439e-16
1.2419e+14	2.7375e-17	3.6284e-16
1.2432e+14	1.0466e-16	3.901e-16
1.2446e+14	1.0833e-16	3.9845e-16
1.2459e+14	3.4357e-17	3.847e-16
1.2472e+14	-1.3606e-17	3.7539e-16
1.2485e+14	3.248e-17	3.8497e-16
1.2498e+14	1.112e-16	3.9756e-16
1.2512e+14	1.1597e-16	3.9252e-16
1.2525e+14	4.0736e-17	3.725e-16
1.2538e+14	-1.3117e-17	3.5508e-16
1.2551e+14	2.3411e-17	3.4596e-16
1.2564e+14	9.3831e-17	3.3634e-16
1.2577e+14	9.6918e-17	3.2579e-16
1.2591e+14	2.7908e-17	3.2997e-16
1.2604e+14	-1.5581e-17	3.5527e-16
1.2617e+14	2.9769e-17	3.7753e-16
1.263e+14	1.0377e-16	3.6434e-16
1.2643e+14	1.048e-16	3.1937e-16
1.2657e+14	2.9916e-17	2.8775e-16
1.267e+14	-2.0659e-17	3.0676e-16
1.2683e+14	1.9424e-17	3.6051e-16
1.2696e+14	9.2839e-17	3.9794e-16
1.2709e+14	9.9071e-17	3.9318e-16
1.2722e+14	3.2961e-17	3.7112e-16
1.2736e+14	-1.0044e-17	3.6663e-16
1.2749e+14	3.2014e-17	3.7462e-16
1.2762e+14	1.0078e-16	3.5976e-16
1.2775e+14	9.8556e-17	3.1268e-16
1.2788e+14	2.4751e-17	2.7359e-16
1.2802e+14	-2.1566e-17	2.8638e-16
1.2815e+14	2.263e-17	3.4074e-16
1.2828e+14	9.7334e-17	3.7995e-16
1.2841e+14	1.0139e-16	3.6759e-16
1.2854e+14	3.0738e-17	3.2911e-16
1.2868e+14	-1.684e-17	3.1643e-16
1.2881e+14	2.3541e-17	3.4267e-16
1.2894e+14	9.5454e-17	3.7029e-16
1.2907e+14	9.9909e-17	3.6309e-16
1.292e+14	3.1672e-17	3.3115e-16
1.2933e+14	-1.4691e-17	3.1271e-16
1.2947e+14	2.3857e-17	3.2283e-16
1.296e+14	9.2266e-17	3.3878e-16
1.2973e+14	9.4577e-17	3.3645e-16
1.2986e+14	2.7017e-17	3.2286e-16
1.2999e+14	-1.731e-17	3.2098e-16
1.3013e+14	2.2046e-17	3.332e-16
1.3026e+14	8.9042e-17	3.3811e-16
1.3039e+14	8.9083e-17	3.242e-16
1.3052e+14	2.054e-17	3.0933e-16
1.3065e+14	-2.2442e-17	3.1591e-16
1.3078e+14	2.016e-17	3.367e-16
1.3092e+14	9.12e-17	3.4227e-16
1.3105e+14	9.4904e-17	3.2182e-16
1.3118e+14	2.8397e-17	2.9979e-16
1.3131e+14	-1.5227e-17	3.0265e-16
1.3144e+14	2.4048e-17	3.2097e-16
1.3158e+14	9.0658e-17	3.2134e-16
1.3171e+14	9.1163e-17	2.9406e-16
1.3184e+14	2.4051e-17	2.7044e-16
1.3197e+14	-1.8161e-17	2.8241e-16
1.321e+14	2.2764e-17	3.1735e-16
1.3223e+14	8.9867e-17	3.3088e-16
1.3237e+14	8.9495e-17	3.0377e-16
1.325e+14	2.0662e-17	2.6737e-16
1.3263e+14	-2.3575e-17	2.6226e-16
1.3276e+14	1.5501e-17	2.8442e-16
1.3289e+14	8.1658e-17	2.91e-16
1.3303e+14	8.2088e-17	2.5897e-16
1.3316e+14	1.6021e-17	2.1823e-16
1.3329e+14	-2.4415e-17	2.1433e-16
1.3342e+14	1.7892e-17	2.4952e-16
1.3355e+14	8.5549e-17	2.7994e-16
1.3368e+14	8.5759e-17	2.7221e-16
1.3382e+14	1.867e-17	2.4454e-16
1.3395e+14	-2.2611e-17	2.3977e-16
1.3408e+14	1.9408e-17	2.6824e-16
1.3421e+14	8.7052e-17	2.9606e-16
1.3434e+14	8.695e-17	2.9116e-16
1.3448e+14	1.8861e-17	2.6308e-16
1.3461e+14	-2.3989e-17	2.4522e-16
1.3474e+14	1.6481e-17	2.4792e-16
1.3487e+14	8.3259e-17	2.4843e-16
1.35e+14	8.3234e-17	2.2906e-16
1.3514e+14	1.5939e-17	2.074e-16
1.3527e+14	-2.5716e-17	2.1456e-16
1.354e+14	1.6353e-17	2.5079e-16
1.3553e+14	8.5275e-17	2.8035e-16
1.3566e+14	8.7541e-17	2.7402e-16
1.3579e+14	2.1432e-17	2.4323e-16
1.3593e+14	-2.1568e-17	2.218e-16
1.3606e+14	1.6339e-17	2.2214e-16
1.3619e+14	7.9881e-17	2.2506e-16
1.3632e+14	7.8378e-17	2.1342e-16
1.3645e+14	1.2435e-17	1.9998e-16
1.3659e+14	-2.6234e-17	2.1009e-16
1.3672e+14	1.8001e-17	2.442e-16
1.3685e+14	8.6491e-17	2.7292e-16
1.3698e+14	8.5965e-17	2.7172e-16
1.3711e+14	1.6742e-17	2.4806e-16
1.3724e+14	-2.7389e-17	2.2685e-16
1.3738e+14	1.2151e-17	2.1779e-16
1.3751e+14	7.863e-17	2.1084e-16
1.3764e+14	7.8806e-17	2.0143e-16
1.3777e+14	1.1874e-17	2.0341e-16
1.379e+14	-2.936e-17	2.2722e-16
1.3804e+14	1.3245e-17	2.5534e-16
1.3817e+14	8.2379e-17	2.5622e-16
1.383e+14	8.3624e-17	2.2398e-16
1.3843e+14	1.5247e-17	1.9064e-16
1.3856e+14	-2.9235e-17	1.8962e-16
1.3869e+14	1.0672e-17	2.1549e-16
1.3883e+14	7.9676e-17	2.3271e-16
1.3896e+14	8.2973e-17	2.2242e-16
1.3909e+14	1.6321e-17	2.0538e-16
1.3922e+14	-2.8783e-17	2.1097e-16
1.3935e+14	8.7972e-18	2.3497e-16
1.3949e+14	7.6344e-17	2.4372e-16
1.3962e+14	8.0727e-17	2.1931e-16
1.3975e+14	1.6721e-17	1.8456e-16
1.3988e+14	-2.66e-17	1.7395e-16
1.4001e+14	1.0633e-17	1.8995e-16
1.4015e+14	7.6549e-17	2.0304e-16
1.4028e+14	7.9474e-17	1.9376e-16
1.4041e+14	1.4472e-17	1.786e-16
1.4054e+14	-3.0027e-17	1.8511e-16
1.4067e+14	5.9685e-18	2.121e-16
1.408e+14	7.2125e-17	2.3052e-16
1.4094e+14	7.8099e-17	2.2334e-16
1.4107e+14	1.8002e-17	2.0858e-16
1.412e+14	-2.2873e-17	2.1333e-16
1.4133e+14	1.2701e-17	2.3499e-16
1.4146e+14	7.4456e-17	2.439e-16
1.416e+14	7.4872e-17	2.2412e-16
1.4173e+14	1.1268e-17	1.9575e-16
1.4186e+14	-2.9764e-17	1.8756e-16
1.4199e+14	8.0483e-18	1.9785e-16
1.4212e+14	7.2571e-17	1.9825e-16
1.4225e+14	7.4968e-17	1.7602e-16
1.4239e+14	1.2339e-17	1.5586e-16
1.4252e+14	-2.8182e-17	1.6889e-16
1.4265e+14	1.0272e-17	2.0884e-16
1.4278e+14	7.5566e-17	2.3517e-16
1.4291e+14	7.8095e-17	2.2119e-16
1.4305e+14	1.405e-17	1.8553e-16
1.4318e+14	-2.9393e-17	1.6691e-16
1.4331e+14	6.0963e-18	1.7643e-16
1.4344e+14	7.0301e-17	1.891e-16
1.4357e+14	7.4281e-17	1.8197e-16
1.437e+14	1.2906e-17	1.6516e-16
1.4384e+14	-2.8763e-17	1.6519e-16
1.4397e+14	6.627e-18	1.8631e-16
1.441e+14	6.9697e-17	2.0357e-16
1.4423e+14	7.293e-17	1.9577e-16
1.4436e+14	1.1634e-17	1.7212e-16
1.445e+14	-2.9822e-17	1.5778e-16
1.4463e+14	5.3435e-18	1.6084e-16
1.4476e+14	6.816e-17	1.6661e-16
1.4489e+14	7.1896e-17	1.635e-16
1.4502e+14	1.1781e-17	1.6059e-16
1.4515e+14	-2.892e-17	1.7134e-16
1.4529e+14	5.6659e-18	1.8939e-16
1.4542e+14	6.704e-17	1.9418e-16
1.4555e+14	6.9991e-17	1.8043e-16
1.4568e+14	1.08e-17	1.6827e-16
1.4581e+14	-2.7755e-17	1.7634e-16
1.4595e+14	8.6151e-18	1.938e-16
1.4608e+14	7.0094e-17	1.9212e-16
1.4621e+14	7.1376e-17	1.6347e-16
1.4634e+14	9.7391e-18	1.3404e-16
1.4647e+14	-3.0769e-17	1.3219e-16
1.4661e+14	4.9236e-18	1.5302e-16
1.4674e+14	6.6964e-17	1.666e-16
1.4687e+14	6.9338e-17	1.587e-16
1.47e+14	8.4902e-18	1.4819e-16
1.4713e+14	-3.1833e-17	1.5786e-16
1.4726e+14	3.8857e-18	1.797e-16
1.474e+14	6.6476e-17	1.8381e-16
1.4753e+14	7.0041e-17	1.5997e-16
1.4766e+14	1.0368e-17	1.3413e-16
1.4779e+14	-2.9581e-17	1.354e-16
1.4792e+14	5.5656e-18	1.569e-16
1.4806e+14	6.7113e-17	1.6412e-16
1.4819e+14	6.9582e-17	1.4094e-16
1.4832e+14	8.7814e-18	1.122e-16
1.4845e+14	-3.2227e-17	1.1238e-16
1.4858e+14	2.6321e-18	1.4186e-16
1.4871e+14	6.5496e-17	1.6782e-16
1.4885e+14	7.0645e-17	1.6678e-16
1.4898e+14	1.2145e-17	1.5121e-16
1.4911e+14	-2.8905e-17	1.4685e-16
1.4924e+14	3.2869e-18	1.5565e-16
1.4937e+14	6.2768e-17	1.5636e-16
1.4951e+14	6.634e-17	1.3968e-16
1.4964e+14	9.0622e-18	1.2566e-16
1.4977e+14	-2.9132e-17	1.3645e-16
1.499e+14	5.4906e-18	1.6246e-16
1.5003e+14	6.5702e-17	1.7156e-16
1.5016e+14	6.8385e-17	1.5198e-16
1.503e+14	9.4732e-18	1.3045e-16
1.5043e+14	-3.0163e-17	1.3813e-16
1.5056e+14	3.8993e-18	1.6815e-16
1.5069e+14	6.4714e-17	1.8209e-16
1.5082e+14	6.8765e-17	1.5897e-16
1.5096e+14	1.0908e-17	1.2279e-16
1.5109e+14	-2.9051e-17	1.1245e-16
1.5122e+14	3.1902e-18	1.3321e-16
1.5135e+14	6.1692e-17	1.5267e-16
1.5148e+14	6.4217e-17	1.4426e-16
1.5162e+14	6.1529e-18	1.1986e-16
1.5175e+14	-3.3071e-17	1.1033e-16
1.5188e+14	2.3431e-19	1.2348e-16
1.5201e+14	5.9816e-17	1.3655e-16
1.5214e+14	6.3303e-17	1.3028e-16
1.5227e+14	5.8449e-18	1.153e-16
1.5241e+14	-3.3274e-17	1.1489e-16
1.5254e+14	-1.3834e-20	1.3052e-16
1.5267e+14	6.001e-17	1.395e-16
1.528e+14	6.4491e-17	1.277e-16
1.5293e+14	7.635e-18	1.1047e-16
1.5307e+14	-3.2369e-17	1.1145e-16
1.532e+14	-1.311e-18	1.2897e-16
1.5333e+14	5.6923e-17	1.3728e-16
1.5346e+14	6.1844e-17	1.2208e-16
1.5359e+14	7.7374e-18	1.0111e-16
1.5372e+14	-2.9101e-17	1.0106e-16
1.5386e+14	3.3409e-18	1.2191e-16
1.5399e+14	6.0502e-17	1.3733e-16
1.5412e+14	6.2984e-17	1.3026e-16
1.5425e+14	6.6411e-18	1.1463e-16
1.5438e+14	-3.1442e-17	1.144e-16
1.5452e+14	6.6216e-19	1.3008e-16
1.5465e+14	5.8126e-17	1.3943e-16
1.5478e+14	6.1493e-17	1.3021e-16
1.5491e+14	6.4968e-18	1.1771e-16
1.5504e+14	-3.0265e-17	1.2191e-16
1.5517e+14	2.4926e-18	1.3703e-16
1.5531e+14	5.9663e-17	1.3819e-16
1.5544e+14	6.209e-17	1.1771e-16
1.5557e+14	6.1053e-18	9.9579e-17
1.557e+14	-3.1212e-17	1.0918e-16
1.5583e+14	1.5797e-18	1.3742e-16
1.5597e+14	5.9204e-17	1.4965e-16
1.561e+14	6.2067e-17	1.3011e-16
1.5623e+14	6.0051e-18	1.0355e-16
1.5636e+14	-3.2057e-17	1.0385e-16
1.5649e+14	-2.0411e-19	1.3024e-16
1.5662e+14	5.7127e-17	1.4854e-16
1.5676e+14	6.0844e-17	1.3568e-16
1.5689e+14	6.4343e-18	1.0856e-16
1.5702e+14	-3.0114e-17	1.0019e-16
1.5715e+14	2.363e-18	1.1655e-16
1.5728e+14	5.9373e-17	1.3159e-16
1.5742e+14	6.2274e-17	1.2484e-16
1.5755e+14	7.0033e-18	1.0879e-16
1.5768e+14	-3.0267e-17	1.0945e-16
1.5781e+14	1.6583e-18	1.2847e-16
1.5794e+14	5.8285e-17	1.4003e-16
1.5808e+14	6.0892e-17	1.2644e-16
1.5821e+14	5.2728e-18	1.029e-16
1.5834e+14	-3.2398e-17	9.6983e-17
1.5847e+14	-6.4093e-19	1.112e-16
1.586e+14	5.634e-17	1.2017e-16
1.5873e+14	5.9693e-17	1.0627e-16
1.5887e+14	4.675e-18	8.4602e-17
1.59e+14	-3.2876e-17	8.3072e-17
1.5913e+14	-1.1842e-18	1.0479e-16
1.5926e+14	5.6106e-17	1.2371e-16
1.5939e+14	6.0111e-17	1.1881e-16
1.5953e+14	5.2911e-18	1.0023e-16
1.5966e+14	-3.3171e-17	9.3289e-17
1.5979e+14	-2.9983e-18	1.042e-16
1.5992e+14	5.358e-17	1.1446e-16
1.6005e+14	5.8572e-17	1.0917e-16
1.6018e+14	5.7149e-18	9.7461e-17
1.6032e+14	-3.1548e-17	9.6887e-17
1.6045e+14	-1.9732e-18	1.0602e-16
1.6058e+14	5.2903e-17	1.0647e-16
1.6071e+14	5.6749e-17	9.2037e-17
1.6084e+14	4.2925e-18	8.1914e-17
1.6098e+14	-3.151e-17	9.5578e-17
1.6111e+14	-6.7991e-19	1.2268e-16
1.6124e+14	5.4439e-17	1.3196e-16
1.6137e+14	5.7692e-17	1.1113e-16
1.615e+14	4.5175e-18	8.4874e-17
1.6163e+14	-3.1619e-17	8.4447e-17
1.6177e+14	-7.7604e-19	1.0736e-16
1.619e+14	5.4233e-17	1.2079e-16
1.6203e+14	5.6747e-17	1.0531e-16
1.6216e+14	2.1491e-18	8.1165e-17
1.6229e+14	-3.5377e-17	8.1679e-17
1.6243e+14	-4.6913e-18	1.0861e-16
1.6256e+14	5.21e-17	1.288e-16
1.6269e+14	5.7663e-17	1.17e-16
1.6282e+14	5.5832e-18	8.8753e-17
1.6295e+14	-3.1436e-17	8.0295e-17
1.6309e+14	-2.1313e-18	1.0219e-16
1.6322e+14	5.2864e-17	1.2679e-16
1.6335e+14	5.7475e-17	1.2422e-16
1.6348e+14	5.1967e-18	9.8843e-17
1.6361e+14	-3.2163e-17	8.0559e-17
1.6374e+14	-3.6005e-18	8.5794e-17
1.6388e+14	5.1123e-17	1.0022e-16
1.6401e+14	5.684e-17	1.0218e-16
1.6414e+14	6.6592e-18	9.1533e-17
1.6427e+14	-2.9161e-17	8.5718e-17
1.644e+14	-8.1396e-19	9.2863e-17
1.6454e+14	5.2246e-17	1.0135e-16
1.6467e+14	5.6167e-17	9.8692e-17
1.648e+14	4.9878e-18	9.0186e-17
1.6493e+14	-3.1138e-17	9.0065e-17
1.6506e+14	-2.886e-18	9.9105e-17
1.6519e+14	5.0279e-17	1.0225e-16
1.6533e+14	5.4838e-17	9.0352e-17
1.6546e+14	4.699e-18	7.4528e-17
1.6559e+14	-3.079e-17	7.1865e-17
1.6572e+14	-2.9441e-18	8.2171e-17
1.6585e+14	4.9169e-17	8.9011e-17
1.6599e+14	5.3195e-17	8.3751e-17
1.6612e+14	3.7599e-18	7.8087e-17
1.6625e+14	-3.0298e-17	8.641e-17
1.6638e+14	-1.4833e-18	1.0273e-16
1.6651e+14	5.0482e-17	1.0614e-16
1.6664e+14	5.3691e-17	8.9149e-17
1.6678e+14	3.7201e-18	6.9991e-17
1.6691e+14	-3.0094e-17	7.0261e-17
1.6704e+14	-5.6656e-19	8.7323e-17
1.6717e+14	5.1901e-17	9.8899e-17
1.673e+14	5.4952e-17	9.3626e-17
1.6744e+14	4.1992e-18	8.5438e-17
1.6757e+14	-3.0638e-17	9.1909e-17
1.677e+14	-1.9087e-18	1.0711e-16
1.6783e+14	5.0272e-17	1.0791e-16
1.6796e+14	5.3474e-17	8.6267e-17
1.6809e+14	2.9228e-18	6.2847e-17
1.6823e+14	-3.201e-17	6.1758e-17
1.6836e+14	-3.6103e-18	7.9632e-17
1.6849e+14	4.8464e-17	9.1197e-17
1.6862e+14	5.2192e-17	8.3865e-17
1.6875e+14	2.7358e-18	7.3794e-17
1.6889e+14	-3.1027e-17	8.1127e-17
1.6902e+14	-1.8928e-18	9.8989e-17
1.6915e+14	5.025e-17	1.0062e-16
1.6928e+14	5.3383e-17	7.6731e-17
1.6941e+14	2.8001e-18	5.1843e-17
1.6955e+14	-3.2272e-17	5.4806e-17
1.6968e+14	-3.9815e-18	8.0997e-17
1.6981e+14	4.8402e-17	9.6966e-17
1.6994e+14	5.2832e-17	8.2841e-17
1.7007e+14	3.7118e-18	5.7168e-17
1.702e+14	-3.0855e-17	5.1608e-17
1.7034e+14	-3.3898e-18	6.9453e-17
1.7047e+14	4.7568e-17	8.305e-17
1.706e+14	5.1147e-17	7.2715e-17
1.7073e+14	2.3811e-18	5.4096e-17
1.7086e+14	-3.093e-17	5.6945e-17
1.71e+14	-2.1454e-18	8.3934e-17
1.7113e+14	4.9467e-17	1.0509e-16
1.7126e+14	5.2765e-17	9.5796e-17
1.7139e+14	3.0105e-18	6.8252e-17
1.7152e+14	-3.1352e-17	5.5535e-17
1.7165e+14	-2.9117e-18	6.9967e-17
1.7179e+14	4.9382e-17	9.0082e-17
1.7192e+14	5.3796e-17	9.0845e-17
1.7205e+14	4.4067e-18	7.5166e-17
1.7218e+14	-3.1051e-17	6.6201e-17
1.7231e+14	-4.57e-18	7.4272e-17
1.7245e+14	4.6361e-17	8.4476e-17
1.7258e+14	5.0933e-17	7.9803e-17
1.7271e+14	2.727e-18	6.5536e-17
1.7284e+14	-3.1794e-17	6.1144e-17
1.7297e+14	-5.2287e-18	7.2462e-17
1.731e+14	4.5566e-17	8.3699e-17
1.7324e+14	5.0729e-17	7.9803e-17
1.7337e+14	3.8286e-18	6.718e-17
1.735e+14	-2.9707e-17	6.4047e-17
1.7363e+14	-3.3433e-18	7.4783e-17
1.7376e+14	4.6362e-17	8.4462e-17
1.739e+14	5.0642e-17	8.047e-17
1.7403e+14	3.7402e-18	6.9934e-17
1.7416e+14	-2.9285e-17	6.8417e-17
1.7429e+14	-2.7155e-18	7.6671e-17
1.7442e+14	4.6582e-17	7.9251e-17
1.7456e+14	5.0228e-17	6.7419e-17
1.7469e+14	2.9329e-18	5.3484e-17
1.7482e+14	-3.0213e-17	5.5065e-17
1.7495e+14	-3.7272e-18	7.0312e-17
1.7508e+14	4.5474e-17	7.9075e-17
1.7521e+14	4.9218e-17	6.9679e-17
1.7535e+14	2.3495e-18	5.5023e-17
1.7548e+14	-3.0155e-17	5.5463e-17
1.7561e+14	-2.9732e-18	7.1361e-17
1.7574e+14	4.6934e-17	8.2608e-17
1.7587e+14	5.1253e-17	7.5704e-17
1.7601e+14	4.3372e-18	6.1389e-17
1.7614e+14	-2.9361e-17	5.9086e-17
1.7627e+14	-4.3227e-18	7.0078e-17
1.764e+14	4.3694e-17	7.6467e-17
1.7653e+14	4.7767e-17	6.6891e-17
1.7666e+14	2.543e-18	5.2964e-17
1.768e+14	-2.877e-17	5.3594e-17
1.7693e+14	-2.434e-18	6.9005e-17
1.7706e+14	4.5009e-17	8.0383e-17
1.7719e+14	4.7448e-17	7.5287e-17
1.7732e+14	1.1072e-18	6.341e-17
1.7746e+14	-2.985e-17	6.1421e-17
1.7759e+14	-2.0254e-18	6.9171e-17
1.7772e+14	4.6856e-17	7.1231e-17
1.7785e+14	4.9664e-17	6.1139e-17
1.7798e+14	2.4406e-18	5.2719e-17
1.7811e+14	-3.0028e-17	6.0734e-17
1.7825e+14	-3.4688e-18	7.7546e-17
1.7838e+14	4.4933e-17	8.0377e-17
1.7851e+14	4.7986e-17	6.1924e-17
1.7864e+14	1.2781e-18	4.2773e-17
1.7877e+14	-3.0812e-17	4.6425e-17
1.7891e+14	-4.0923e-18	6.8506e-17
1.7904e+14	4.4388e-17	8.149e-17
1.7917e+14	4.7507e-17	6.9873e-17
1.793e+14	7.8378e-19	4.9797e-17
1.7943e+14	-3.1362e-17	4.7313e-17
1.7956e+14	-4.4379e-18	6.4333e-17
1.797e+14	4.4777e-17	7.7297e-17
1.7983e+14	4.8939e-17	6.9285e-17
1.7996e+14	2.8462e-18	5.1851e-17
1.8009e+14	-2.9668e-17	4.7898e-17
1.8022e+14	-3.9073e-18	6.0149e-17
1.8036e+14	4.4228e-17	6.8481e-17
1.8049e+14	4.81e-17	5.8959e-17
1.8062e+14	2.3905e-18	4.3859e-17
1.8075e+14	-2.9761e-17	4.492e-17
1.8088e+14	-4.12e-18	6.3064e-17
1.8102e+14	4.3603e-17	7.6413e-17
1.8115e+14	4.7246e-17	6.9462e-17
1.8128e+14	1.6729e-18	5.3496e-17
1.8141e+14	-3.0141e-17	5.0581e-17
1.8154e+14	-4.0892e-18	6.3422e-17
1.8167e+14	4.4174e-17	7.2346e-17
1.8181e+14	4.8383e-17	6.3026e-17
1.8194e+14	2.8922e-18	4.6492e-17
1.8207e+14	-2.981e-17	4.412e-17
1.822e+14	-5.3216e-18	5.8682e-17
1.8233e+14	4.1848e-17	7.1155e-17
1.8247e+14	4.6441e-17	6.6964e-17
1.826e+14	2.5986e-18	5.4876e-17
1.8273e+14	-2.8567e-17	5.2938e-17
1.8286e+14	-3.9308e-18	6.2154e-17
1.8299e+14	4.2008e-17	6.5416e-17
1.8312e+14	4.5172e-17	5.3158e-17
1.8326e+14	8.3478e-19	3.9072e-17
1.8339e+14	-2.978e-17	4.2578e-17
1.8352e+14	-4.2616e-18	6.1483e-17
1.8365e+14	4.2287e-17	7.3068e-17
1.8378e+14	4.5837e-17	6.3372e-17
1.8392e+14	1.9835e-18	4.5303e-17
1.8405e+14	-2.8148e-17	4.093e-17
1.8418e+14	-2.7606e-18	5.2103e-17
1.8431e+14	4.2564e-17	5.9473e-17
1.8444e+14	4.4158e-17	5.0748e-17
1.8457e+14	-1.2199e-18	3.8607e-17
1.8471e+14	-3.1313e-17	4.3009e-17
1.8484e+14	-4.1674e-18	6.2214e-17
1.8497e+14	4.3595e-17	7.3182e-17
1.851e+14	4.6797e-17	6.2021e-17
1.8523e+14	1.3477e-18	4.3264e-17
1.8537e+14	-3.0083e-17	4.1092e-17
1.855e+14	-4.3351e-18	5.7214e-17
1.8563e+14	4.2867e-17	6.8746e-17
1.8576e+14	4.6234e-17	5.9143e-17
1.8589e+14	9.2203e-19	4.0531e-17
1.8603e+14	-3.0804e-17	3.7398e-17
1.8616e+14	-5.3465e-18	5.38e-17
1.8629e+14	4.2272e-17	6.8235e-17
1.8642e+14	4.678e-17	6.2608e-17
1.8655e+14	2.4998e-18	4.5865e-17
1.8668e+14	-2.9136e-17	4.0852e-17
1.8682e+14	-4.4755e-18	5.3132e-17
1.8695e+14	4.2261e-17	6.4305e-17
1.8708e+14	4.6373e-17	5.8094e-17
1.8721e+14	1.9269e-18	4.2869e-17
1.8734e+14	-3.0212e-17	3.9919e-17
1.8748e+14	-6.3424e-18	5.4094e-17
1.8761e+14	4.0086e-17	6.7095e-17
1.8774e+14	4.4953e-17	6.2094e-17
1.8787e+14	1.909e-18	4.5676e-17
1.88e+14	-2.9251e-17	3.775e-17
1.8813e+14	-5.4125e-18	4.4421e-17
1.8827e+14	4.0456e-17	5.1414e-17
1.884e+14	4.5149e-17	4.5999e-17
1.8853e+14	2.6069e-18	3.5689e-17
1.8866e+14	-2.7942e-17	3.7237e-17
1.8879e+14	-4.0432e-18	5.1693e-17
1.8893e+14	4.1322e-17	6.1167e-17
1.8906e+14	4.5441e-17	5.2727e-17
1.8919e+14	2.5424e-18	3.6687e-17
1.8932e+14	-2.8345e-17	3.3599e-17
1.8945e+14	-4.9966e-18	4.7113e-17
1.8958e+14	3.9875e-17	5.9415e-17
1.8972e+14	4.4149e-17	5.524e-17
1.8985e+14	2.2855e-18	4.1739e-17
1.8998e+14	-2.7203e-17	3.7692e-17
1.9011e+14	-2.982e-18	4.7677e-17
1.9024e+14	4.1664e-17	5.6726e-17
1.9038e+14	4.4704e-17	5.1963e-17
1.9051e+14	1.1706e-18	4.0522e-17
1.9064e+14	-2.9716e-17	3.9006e-17
1.9077e+14	-6.0358e-18	4.9799e-17
1.909e+14	3.9179e-17	5.761e-17
1.9103e+14	4.3611e-17	5.0986e-17
1.9117e+14	1.5251e-18	3.8461e-17
1.913e+14	-2.8628e-17	3.6638e-17
1.9143e+14	-5.1006e-18	4.6931e-17
1.9156e+14	3.9589e-17	5.3696e-17
1.9169e+14	4.3754e-17	4.6522e-17
1.9183e+14	1.7703e-18	3.5308e-17
1.9196e+14	-2.8317e-17	3.6507e-17
1.9209e+14	-5.1105e-18	4.9374e-17
1.9222e+14	3.9013e-17	5.5815e-17
1.9235e+14	4.2807e-17	4.517e-17
1.9249e+14	8.6674e-19	3.0059e-17
1.9262e+14	-2.8951e-17	3.0567e-17
1.9275e+14	-5.5328e-18	4.7169e-17
1.9288e+14	3.8692e-17	5.9078e-17
1.9301e+14	4.2605e-17	5.1017e-17
1.9314e+14	8.3321e-19	3.3127e-17
1.9328e+14	-2.887e-17	2.7616e-17
1.9341e+14	-5.398e-18	4.01e-17
1.9354e+14	3.9012e-17	5.344e-17
1.9367e+14	4.3368e-17	5.1138e-17
1.938e+14	2.0501e-18	3.8218e-17
1.9394e+14	-2.768e-17	3.2486e-17
1.9407e+14	-4.9454e-18	3.9868e-17
1.942e+14	3.8377e-17	4.7898e-17
1.9433e+14	4.1973e-17	4.4769e-17
1.9446e+14	6.6147e-19	3.6003e-17
1.9459e+14	-2.8386e-17	3.5548e-17
1.9473e+14	-4.7157e-18	4.4937e-17
1.9486e+14	3.9363e-17	5.075e-17
1.9499e+14	4.3251e-17	4.4056e-17
1.9512e+14	1.6446e-18	3.3841e-17
1.9525e+14	-2.8158e-17	3.4655e-17
1.9539e+14	-5.2751e-18	4.547e-17
1.9552e+14	3.848e-17	5.0025e-17
1.9565e+14	4.2616e-17	3.9309e-17
1.9578e+14	1.3854e-18	2.52e-17
1.9591e+14	-2.8477e-17	2.5433e-17
1.9604e+14	-6.1236e-18	3.9576e-17
1.9618e+14	3.7244e-17	4.9019e-17
1.9631e+14	4.1771e-17	4.1746e-17
1.9644e+14	1.6636e-18	2.8563e-17
1.9657e+14	-2.7083e-17	2.8467e-17
1.967e+14	-4.3786e-18	4.2693e-17
1.9684e+14	3.8441e-17	5.2584e-17
1.9697e+14	4.2e-17	4.4367e-17
1.971e+14	1.1054e-18	2.7569e-17
1.9723e+14	-2.7914e-17	2.2462e-17
1.9736e+14	-4.938e-18	3.3699e-17
1.975e+14	3.8503e-17	4.5322e-17
1.9763e+14	4.2641e-17	4.2836e-17
1.9776e+14	1.8155e-18	3.1797e-17
1.9789e+14	-2.7827e-17	2.8451e-17
1.9802e+14	-5.7473e-18	3.6758e-17
1.9815e+14	3.7315e-17	4.3896e-17
1.9829e+14	4.2011e-17	3.9471e-17
1.9842e+14	2.2129e-18	3.0508e-17
1.9855e+14	-2.6923e-17	3.0969e-17
1.9868e+14	-5.4163e-18	4.0983e-17
1.9881e+14	3.6447e-17	4.5699e-17
1.9895e+14	4.038e-17	3.6059e-17
1.9908e+14	9.4807e-19	2.2463e-17
1.9921e+14	-2.6935e-17	2.158e-17
1.9934e+14	-4.1728e-18	3.3844e-17
1.9947e+14	3.817e-17	4.2692e-17
1.996e+14	4.1625e-17	3.6979e-17
1.9974e+14	1.1601e-18	2.5964e-17
1.9987e+14	-2.7652e-17	2.6214e-17
2e+14	-5.1816e-18	3.8385e-17
