#Error on normalization	O = 0.878 %	H = 4.116 %
#Frequence (s-1)	S_O (s)	S_H (s)
0	-1.0185e-16	-5.3136e-17
1.1567e+11	-3.4377e-17	-1.5581e-17
2.3135e+11	8.6553e-17	4.598e-17
3.4702e+11	1.1599e-16	4.7971e-17
4.627e+11	2.2426e-17	-1.1696e-17
5.7837e+11	-7.3166e-17	-5.0948e-17
6.9404e+11	-4.2829e-17	-1.5542e-17
8.0972e+11	9.2678e-17	4.7153e-17
9.2539e+11	1.8153e-16	5.271e-17
1.0411e+12	1.1304e-16	-5.9369e-18
1.1567e+12	-4.8959e-17	-4.9529e-17
1.2724e+12	-1.2309e-16	-1.985e-17
1.3881e+12	-5.7566e-18	4.2877e-17
1.5038e+12	2.0036e-16	5.5893e-17
1.6194e+12	2.7801e-16	5.1268e-18
1.7351e+12	1.3635e-16	-3.8429e-17
1.8508e+12	-5.7504e-17	-1.6014e-17
1.9665e+12	-4.2813e-17	4.1545e-17
2.0821e+12	2.1545e-16	5.856e-17
2.1978e+12	4.4016e-16	1.6999e-17
2.3135e+12	3.7406e-16	-2.1253e-17
2.4291e+12	1.7933e-16	2.0548e-18
2.5448e+12	3.3341e-16	6.6316e-17
2.6605e+12	9.9117e-16	1.008e-16
2.7762e+12	1.5729e-15	7.2614e-17
2.8918e+12	1.2943e-15	2.0217e-17
3.0075e+12	2.459e-16	1.8188e-18
3.1232e+12	-2.9041e-16	3.7046e-17
3.2389e+12	1.0679e-15	1.1139e-16
3.3545e+12	4.4253e-15	2.1943e-16
3.4702e+12	8.7028e-15	3.8193e-16
3.5859e+12	1.3256e-14	6.2245e-16
3.7016e+12	1.8834e-14	9.377e-16
3.8172e+12	2.605e-14	1.2781e-15
3.9329e+12	3.2768e-14	1.5324e-15
4.0486e+12	3.4064e-14	1.5423e-15
4.1643e+12	2.6294e-14	1.1969e-15
4.2799e+12	1.1725e-14	5.7177e-16
4.3956e+12	-1.7258e-15	-3.8546e-17
4.5113e+12	-6.6599e-15	-3.0657e-16
4.627e+12	-2.6534e-15	-1.5244e-16
4.7426e+12	3.7724e-15	1.7077e-16
4.8583e+12	5.9258e-15	3.2021e-16
4.974e+12	3.4138e-15	2.0433e-16
5.0896e+12	1.5199e-15	4.9455e-17
5.2053e+12	4.5575e-15	1.1259e-16
5.321e+12	1.0849e-14	3.7252e-16
5.4367e+12	1.4785e-14	5.6069e-16
5.5523e+12	1.3147e-14	4.8575e-16
5.668e+12	8.3021e-15	2.5344e-16
5.7837e+12	4.9988e-15	1.2237e-16
5.8994e+12	5.072e-15	1.9032e-16
6.015e+12	6.2204e-15	3.0261e-16
6.1307e+12	5.5806e-15	2.7585e-16
6.2464e+12	3.1856e-15	1.3101e-16
6.3621e+12	1.2942e-15	4.182e-17
6.4777e+12	1.1637e-15	9.1131e-17
6.5934e+12	1.7034e-15	1.7013e-16
6.7091e+12	1.3911e-15	1.437e-16
6.8248e+12	4.2549e-16	4.159e-17
6.9404e+12	1.8293e-16	1.1567e-17
7.0561e+12	1.0401e-15	1.0676e-16
7.1718e+12	1.801e-15	2.0706e-16
7.2874e+12	1.4837e-15	1.8431e-16
7.4031e+12	7.8799e-16	8.037e-17
7.5188e+12	1.0629e-15	4.883e-17
7.6345e+12	2.2396e-15	1.4001e-16
7.7501e+12	2.7703e-15	2.2878e-16
7.8658e+12	1.8008e-15	1.8877e-16
7.9815e+12	5.3978e-16	7.2706e-17
8.0972e+12	7.4664e-16	4.5037e-17
8.2128e+12	2.2821e-15	1.543e-16
8.3285e+12	3.1472e-15	2.5972e-16
8.4442e+12	2.1355e-15	2.2012e-16
8.5599e+12	5.4556e-16	9.0059e-17
8.6755e+12	5.156e-16	5.0571e-17
8.7912e+12	2.1267e-15	1.6282e-16
8.9069e+12	3.2393e-15	2.8117e-16
9.0226e+12	2.3997e-15	2.4998e-16
9.1382e+12	8.8918e-16	1.1849e-16
9.2539e+12	1.0098e-15	7.6754e-17
9.3696e+12	2.8435e-15	1.9483e-16
9.4853e+12	3.9929e-15	3.2247e-16
9.6009e+12	2.8699e-15	2.9328e-16
9.7166e+12	1.1017e-15	1.5782e-16
9.8323e+12	1.5375e-15	1.2092e-16
9.9479e+12	4.2949e-15	2.6006e-16
1.0064e+13	6.2891e-15	4.1075e-16
1.0179e+13	5.2764e-15	3.8783e-16
1.0295e+13	3.1431e-15	2.4768e-16
1.0411e+13	3.6411e-15	2.2089e-16
1.0526e+13	7.0496e-15	3.8461e-16
1.0642e+13	8.965e-15	5.2056e-16
1.0758e+13	5.8014e-15	3.9299e-16
1.0873e+13	7.9086e-16	1.2586e-16
1.0989e+13	2.5364e-15	1.8163e-16
1.1105e+13	1.6476e-14	9.0181e-16
1.122e+13	3.8296e-14	2.1055e-15
1.1336e+13	5.6762e-14	3.1936e-15
1.1452e+13	6.3163e-14	3.6407e-15
1.1567e+13	5.7666e-14	3.3627e-15
1.1683e+13	4.6977e-14	2.6586e-15
1.1799e+13	3.7417e-14	1.9073e-15
1.1914e+13	3.1238e-14	1.3656e-15
1.203e+13	2.8616e-14	1.1612e-15
1.2146e+13	3.0811e-14	1.3266e-15
1.2261e+13	3.9839e-14	1.7872e-15
1.2377e+13	5.5512e-14	2.3905e-15
1.2493e+13	7.4032e-14	3.023e-15
1.2608e+13	8.9892e-14	3.6725e-15
1.2724e+13	9.8662e-14	4.3044e-15
1.284e+13	9.8018e-14	4.693e-15
1.2955e+13	8.7379e-14	4.4901e-15
1.3071e+13	6.8096e-14	3.5561e-15
1.3187e+13	4.4322e-14	2.2037e-15
1.3302e+13	2.2764e-14	1.0357e-15
1.3418e+13	1.0441e-14	5.1482e-16
1.3534e+13	1.183e-14	7.1269e-16
1.365e+13	2.7058e-14	1.4377e-15
1.3765e+13	5.1329e-14	2.4648e-15
1.3881e+13	7.5465e-14	3.5391e-15
1.3997e+13	8.8799e-14	4.2572e-15
1.4112e+13	8.4951e-14	4.196e-15
1.4228e+13	6.7066e-14	3.3201e-15
1.4344e+13	4.6594e-14	2.1746e-15
1.4459e+13	3.4336e-14	1.4741e-15
1.4575e+13	3.1299e-14	1.4215e-15
1.4691e+13	2.9138e-14	1.539e-15
1.4806e+13	2.0604e-14	1.268e-15
1.4922e+13	8.6655e-15	6.5796e-16
1.5038e+13	3.4006e-15	3.022e-16
1.5153e+13	9.7095e-15	5.8006e-16
1.5269e+13	2.0472e-14	1.1495e-15
1.5385e+13	2.4115e-14	1.3504e-15
1.55e+13	1.8197e-14	1.0315e-15
1.5616e+13	1.2482e-14	7.4814e-16
1.5732e+13	1.7117e-14	1.0514e-15
1.5847e+13	2.9869e-14	1.7537e-15
1.5963e+13	3.822e-14	2.1193e-15
1.6079e+13	3.4167e-14	1.766e-15
1.6194e+13	2.3588e-14	1.1387e-15
1.631e+13	1.8394e-14	9.3975e-16
1.6426e+13	2.123e-14	1.231e-15
1.6541e+13	2.248e-14	1.3756e-15
1.6657e+13	1.4248e-14	9.3502e-16
1.6773e+13	3.9197e-15	3.8839e-16
1.6888e+13	8.621e-15	6.8959e-16
1.7004e+13	3.4722e-14	2.0994e-15
1.712e+13	6.6206e-14	3.6836e-15
1.7235e+13	7.7549e-14	4.15e-15
1.7351e+13	5.8872e-14	3.1417e-15
1.7467e+13	2.6099e-14	1.5652e-15
1.7582e+13	4.8548e-15	6.2893e-16
1.7698e+13	5.7272e-15	6.9495e-16
1.7814e+13	1.7189e-14	1.1469e-15
1.7929e+13	2.1724e-14	1.2564e-15
1.8045e+13	1.5236e-14	9.6545e-16
1.8161e+13	8.4539e-15	7.6476e-16
1.8276e+13	1.1344e-14	9.7555e-16
1.8392e+13	2.0521e-14	1.3509e-15
1.8508e+13	2.4064e-14	1.4116e-15
1.8623e+13	1.6783e-14	1.046e-15
1.8739e+13	7.4033e-15	6.7151e-16
1.8855e+13	9.5662e-15	8.2015e-16
1.8971e+13	2.7145e-14	1.6191e-15
1.9086e+13	4.9781e-14	2.6655e-15
1.9202e+13	6.243e-14	3.3491e-15
1.9318e+13	5.8212e-14	3.3005e-15
1.9433e+13	4.2386e-14	2.6207e-15
1.9549e+13	2.5796e-14	1.7696e-15
1.9665e+13	1.5873e-14	1.2191e-15
1.978e+13	1.3022e-14	1.1248e-15
1.9896e+13	1.3281e-14	1.2633e-15
2.0012e+13	1.2884e-14	1.2928e-15
2.0127e+13	1.0777e-14	1.0962e-15
2.0243e+13	8.279e-15	8.6515e-16
2.0359e+13	7.1856e-15	8.4276e-16
2.0474e+13	7.9884e-15	1.0258e-15
2.059e+13	9.4597e-15	1.179e-15
2.0706e+13	9.9386e-15	1.1377e-15
2.0821e+13	9.1585e-15	1.0173e-15
2.0937e+13	8.6489e-15	1.061e-15
2.1053e+13	1.0043e-14	1.3194e-15
2.1168e+13	1.3057e-14	1.5748e-15
2.1284e+13	1.5551e-14	1.6069e-15
2.14e+13	1.5805e-14	1.4572e-15
2.1515e+13	1.4436e-14	1.3592e-15
2.1631e+13	1.3744e-14	1.4428e-15
2.1747e+13	1.5212e-14	1.6047e-15
2.1862e+13	1.7979e-14	1.6905e-15
2.1978e+13	1.976e-14	1.7053e-15
2.2094e+13	1.8923e-14	1.7532e-15
2.2209e+13	1.5584e-14	1.8189e-15
2.2325e+13	1.1213e-14	1.7471e-15
2.2441e+13	7.746e-15	1.4911e-15
2.2556e+13	6.8171e-15	1.2737e-15
2.2672e+13	8.8475e-15	1.3679e-15
2.2788e+13	1.2314e-14	1.7354e-15
2.2903e+13	1.4541e-14	2.0227e-15
2.3019e+13	1.4361e-14	1.9929e-15
2.3135e+13	1.4229e-14	1.8635e-15
2.325e+13	1.868e-14	2.0665e-15
2.3366e+13	2.9595e-14	2.6716e-15
2.3482e+13	4.3037e-14	3.2082e-15
2.3597e+13	5.1791e-14	3.1811e-15
2.3713e+13	5.1749e-14	2.6921e-15
2.3829e+13	4.5572e-14	2.3809e-15
2.3944e+13	3.9675e-14	2.6986e-15
2.406e+13	3.7946e-14	3.3714e-15
2.4176e+13	3.9123e-14	3.7213e-15
2.4291e+13	4.008e-14	3.4833e-15
2.4407e+13	4.0195e-14	3.1416e-15
2.4523e+13	4.1228e-14	3.3717e-15
2.4639e+13	4.3433e-14	4.2399e-15
2.4754e+13	4.3733e-14	5.0838e-15
2.487e+13	3.8966e-14	5.1912e-15
2.4986e+13	3.0221e-14	4.4983e-15
2.5101e+13	2.235e-14	3.5913e-15
2.5217e+13	1.8841e-14	3.1231e-15
2.5333e+13	1.8394e-14	3.32e-15
2.5448e+13	1.7584e-14	3.9756e-15
2.5564e+13	1.6079e-14	4.7246e-15
2.568e+13	1.7267e-14	5.2401e-15
2.5795e+13	2.3031e-14	5.3139e-15
2.5911e+13	2.9505e-14	4.9698e-15
2.6027e+13	3.0146e-14	4.5446e-15
2.6142e+13	2.3391e-14	4.4948e-15
2.6258e+13	1.5569e-14	4.969e-15
2.6374e+13	1.4699e-14	5.599e-15
2.6489e+13	2.1723e-14	5.8532e-15
2.6605e+13	2.9383e-14	5.6356e-15
2.6721e+13	3.0283e-14	5.4366e-15
2.6836e+13	2.4881e-14	5.8053e-15
2.6952e+13	2.0285e-14	6.7318e-15
2.7068e+13	2.1667e-14	7.6538e-15
2.7183e+13	2.6601e-14	8.0471e-15
2.7299e+13	2.8632e-14	7.869e-15
2.7415e+13	2.5119e-14	7.3942e-15
2.753e+13	1.9737e-14	6.8216e-15
2.7646e+13	1.7294e-14	6.278e-15
2.7762e+13	1.8008e-14	6.1443e-15
2.7877e+13	1.8367e-14	6.9941e-15
2.7993e+13	1.6694e-14	8.8922e-15
2.8109e+13	1.5563e-14	1.087e-14
2.8224e+13	1.7805e-14	1.1548e-14
2.834e+13	2.1744e-14	1.06e-14
2.8456e+13	2.2595e-14	9.4523e-15
2.8571e+13	1.8772e-14	1.0137e-14
2.8687e+13	1.4846e-14	1.3238e-14
2.8803e+13	1.6642e-14	1.7152e-14
2.8918e+13	2.3986e-14	1.9625e-14
2.9034e+13	3.0213e-14	2.0033e-14
2.915e+13	2.9574e-14	1.9876e-14
2.9265e+13	2.3814e-14	2.0896e-14
2.9381e+13	1.9917e-14	2.2931e-14
2.9497e+13	2.1714e-14	2.3991e-14
2.9612e+13	2.5611e-14	2.2569e-14
2.9728e+13	2.5571e-14	1.96e-14
2.9844e+13	2.1051e-14	1.7789e-14
2.996e+13	1.7944e-14	1.8918e-14
3.0075e+13	2.1354e-14	2.1973e-14
3.0191e+13	2.9147e-14	2.4124e-14
3.0307e+13	3.4222e-14	2.3511e-14
3.0422e+13	3.2618e-14	2.0947e-14
3.0538e+13	2.7564e-14	1.8881e-14
3.0654e+13	2.4951e-14	1.8869e-14
3.0769e+13	2.6359e-14	2.0193e-14
3.0885e+13	2.8346e-14	2.0891e-14
3.1001e+13	2.8136e-14	1.9917e-14
3.1116e+13	2.7622e-14	1.8143e-14
3.1232e+13	3.0273e-14	1.7325e-14
3.1348e+13	3.5446e-14	1.8273e-14
3.1463e+13	3.8419e-14	2.0149e-14
3.1579e+13	3.6879e-14	2.1471e-14
3.1695e+13	3.5284e-14	2.1618e-14
3.181e+13	4.0265e-14	2.1251e-14
3.1926e+13	5.1705e-14	2.134e-14
3.2042e+13	6.086e-14	2.2011e-14
3.2157e+13	5.9394e-14	2.2531e-14
3.2273e+13	4.965e-14	2.241e-14
3.2389e+13	4.3612e-14	2.2263e-14
3.2504e+13	5.0457e-14	2.3301e-14
3.262e+13	6.6192e-14	2.5938e-14
3.2736e+13	7.726e-14	2.9139e-14
3.2851e+13	7.4491e-14	3.1428e-14
3.2967e+13	6.2118e-14	3.2523e-14
3.3083e+13	5.2344e-14	3.3668e-14
3.3198e+13	5.2179e-14	3.6113e-14
3.3314e+13	5.7303e-14	3.9408e-14
3.343e+13	5.8789e-14	4.1622e-14
3.3545e+13	5.3832e-14	4.1443e-14
3.3661e+13	4.8104e-14	3.981e-14
3.3777e+13	4.8125e-14	3.9052e-14
3.3892e+13	5.3468e-14	4.0373e-14
3.4008e+13	5.7742e-14	4.2577e-14
3.4124e+13	5.6329e-14	4.3572e-14
3.4239e+13	5.1375e-14	4.2854e-14
3.4355e+13	4.8728e-14	4.1887e-14
3.4471e+13	5.1187e-14	4.187e-14
3.4586e+13	5.5949e-14	4.1752e-14
3.4702e+13	5.8366e-14	3.9298e-14
3.4818e+13	5.6879e-14	3.4259e-14
3.4933e+13	5.3724e-14	2.9678e-14
3.5049e+13	5.1668e-14	2.92e-14
3.5165e+13	5.1256e-14	3.3032e-14
3.5281e+13	5.133e-14	3.7274e-14
3.5396e+13	5.1188e-14	3.7823e-14
3.5512e+13	5.1367e-14	3.4694e-14
3.5628e+13	5.2464e-14	3.1856e-14
3.5743e+13	5.3962e-14	3.2661e-14
3.5859e+13	5.4546e-14	3.6025e-14
3.5975e+13	5.3298e-14	3.7734e-14
3.609e+13	5.0382e-14	3.5321e-14
3.6206e+13	4.6806e-14	3.0905e-14
3.6322e+13	4.3839e-14	2.8788e-14
3.6437e+13	4.2397e-14	3.0704e-14
3.6553e+13	4.2373e-14	3.4139e-14
3.6669e+13	4.232e-14	3.5377e-14
3.6784e+13	4.032e-14	3.347e-14
3.69e+13	3.5843e-14	3.0632e-14
3.7016e+13	3.0777e-14	2.907e-14
3.7131e+13	2.8013e-14	2.8367e-14
3.7247e+13	2.8526e-14	2.6446e-14
3.7363e+13	3.0044e-14	2.2574e-14
3.7478e+13	2.9078e-14	1.854e-14
3.7594e+13	2.4417e-14	1.6671e-14
3.771e+13	1.837e-14	1.7238e-14
3.7825e+13	1.439e-14	1.837e-14
3.7941e+13	1.37e-14	1.8324e-14
3.8057e+13	1.4526e-14	1.7226e-14
3.8172e+13	1.442e-14	1.6385e-14
3.8288e+13	1.2789e-14	1.6423e-14
3.8404e+13	1.0944e-14	1.667e-14
3.8519e+13	1.0138e-14	1.635e-14
3.8635e+13	1.018e-14	1.5717e-14
3.8751e+13	1.0018e-14	1.5593e-14
3.8866e+13	9.1404e-15	1.6062e-14
3.8982e+13	7.9456e-15	1.6218e-14
3.9098e+13	6.9709e-15	1.5389e-14
3.9213e+13	6.2771e-15	1.4205e-14
3.9329e+13	5.7359e-15	1.4017e-14
3.9445e+13	5.4884e-15	1.5277e-14
3.956e+13	5.7032e-15	1.6909e-14
3.9676e+13	6.0176e-15	1.7495e-14
3.9792e+13	5.7081e-15	1.6903e-14
3.9907e+13	4.623e-15	1.646e-14
4.0023e+13	3.64e-15	1.7469e-14
4.0139e+13	3.8177e-15	1.9797e-14
4.0254e+13	5.1171e-15	2.2026e-14
4.037e+13	6.2916e-15	2.2882e-14
4.0486e+13	6.1906e-15	2.2326e-14
4.0602e+13	4.9606e-15	2.1285e-14
4.0717e+13	3.7417e-15	2.0541e-14
4.0833e+13	3.3179e-15	2.0025e-14
4.0949e+13	3.3997e-15	1.9125e-14
4.1064e+13	3.2901e-15	1.7539e-14
4.118e+13	2.9042e-15	1.576e-14
4.1296e+13	2.7903e-15	1.4736e-14
4.1411e+13	3.2436e-15	1.5022e-14
4.1527e+13	3.8013e-15	1.617e-14
4.1643e+13	3.8104e-15	1.7014e-14
4.1758e+13	3.2687e-15	1.6687e-14
4.1874e+13	2.7963e-15	1.5485e-14
4.199e+13	2.8018e-15	1.4585e-14
4.2105e+13	2.9832e-15	1.4746e-14
4.2221e+13	2.8068e-15	1.531e-14
4.2337e+13	2.2701e-15	1.475e-14
4.2452e+13	1.9089e-15	1.2395e-14
4.2568e+13	2.0679e-15	9.4446e-15
4.2684e+13	2.4445e-15	7.9824e-15
4.2799e+13	2.5108e-15	8.8775e-15
4.2915e+13	2.2109e-15	1.0887e-14
4.3031e+13	1.9873e-15	1.1999e-14
4.3146e+13	2.1332e-15	1.1497e-14
4.3262e+13	2.3789e-15	1.0389e-14
4.3378e+13	2.2756e-15	9.8856e-15
4.3493e+13	1.8385e-15	9.9652e-15
4.3609e+13	1.5678e-15	9.8384e-15
4.3725e+13	1.8158e-15	9.5615e-15
4.384e+13	2.3405e-15	1.0422e-14
4.3956e+13	2.6133e-15	1.3288e-14
4.4072e+13	2.4525e-15	1.6926e-14
4.4187e+13	2.17e-15	1.869e-14
4.4303e+13	2.1111e-15	1.7198e-14
4.4419e+13	2.2469e-15	1.3988e-14
4.4534e+13	2.3178e-15	1.2115e-14
4.465e+13	2.2393e-15	1.3099e-14
4.4766e+13	2.1754e-15	1.5599e-14
4.4881e+13	2.2298e-15	1.7116e-14
4.4997e+13	2.261e-15	1.6614e-14
4.5113e+13	2.106e-15	1.5151e-14
4.5228e+13	1.8674e-15	1.4217e-14
4.5344e+13	1.8059e-15	1.4108e-14
4.546e+13	1.9656e-15	1.4154e-14
4.5575e+13	2.0756e-15	1.4035e-14
4.5691e+13	1.9046e-15	1.4187e-14
4.5807e+13	1.592e-15	1.4876e-14
4.5922e+13	1.4814e-15	1.5454e-14
4.6038e+13	1.6615e-15	1.5016e-14
4.6154e+13	1.8409e-15	1.3612e-14
4.627e+13	1.737e-15	1.2306e-14
4.6385e+13	1.4542e-15	1.1936e-14
4.6501e+13	1.3351e-15	1.2225e-14
4.6617e+13	1.4896e-15	1.2439e-14
4.6732e+13	1.6535e-15	1.2619e-14
4.6848e+13	1.5664e-15	1.3575e-14
4.6964e+13	1.3387e-15	1.5515e-14
4.7079e+13	1.2879e-15	1.7255e-14
4.7195e+13	1.4728e-15	1.7352e-14
4.7311e+13	1.5885e-15	1.5975e-14
4.7426e+13	1.3937e-15	1.5045e-14
4.7542e+13	1.087e-15	1.6187e-14
4.7658e+13	1.0858e-15	1.8836e-14
4.7773e+13	1.4689e-15	2.0852e-14
4.7889e+13	1.8323e-15	2.1005e-14
4.8005e+13	1.7793e-15	2.0334e-14
4.812e+13	1.4165e-15	2.0721e-14
4.8236e+13	1.2036e-15	2.2406e-14
4.8352e+13	1.3544e-15	2.3528e-14
4.8467e+13	1.5795e-15	2.2314e-14
4.8583e+13	1.501e-15	1.932e-14
4.8699e+13	1.172e-15	1.7079e-14
4.8814e+13	1.0031e-15	1.7524e-14
4.893e+13	1.2016e-15	2.0102e-14
4.9046e+13	1.4873e-15	2.2537e-14
4.9161e+13	1.4699e-15	2.3193e-14
4.9277e+13	1.1805e-15	2.2408e-14
4.9393e+13	1.0393e-15	2.1708e-14
4.9508e+13	1.2955e-15	2.214e-14
4.9624e+13	1.6819e-15	2.3579e-14
4.974e+13	1.7423e-15	2.5327e-14
4.9855e+13	1.4081e-15	2.6945e-14
4.9971e+13	1.0793e-15	2.8385e-14
5.0087e+13	1.1236e-15	2.9605e-14
5.0202e+13	1.4433e-15	3.0305e-14
5.0318e+13	1.6384e-15	3.0054e-14
5.0434e+13	1.5075e-15	2.8604e-14
5.0549e+13	1.2375e-15	2.6189e-14
5.0665e+13	1.1009e-15	2.3707e-14
5.0781e+13	1.1189e-15	2.2502e-14
5.0896e+13	1.1237e-15	2.354e-14
5.1012e+13	1.059e-15	2.6401e-14
5.1128e+13	1.0577e-15	2.9174e-14
5.1243e+13	1.2033e-15	2.9786e-14
5.1359e+13	1.3559e-15	2.7794e-14
5.1475e+13	1.322e-15	2.484e-14
5.1591e+13	1.1328e-15	2.312e-14
5.1706e+13	1.0208e-15	2.3352e-14
5.1822e+13	1.1074e-15	2.4343e-14
5.1938e+13	1.2323e-15	2.4519e-14
5.2053e+13	1.1742e-15	2.3649e-14
5.2169e+13	9.6687e-16	2.2857e-14
5.2285e+13	8.698e-16	2.3103e-14
5.24e+13	1.021e-15	2.4011e-14
5.2516e+13	1.2408e-15	2.4358e-14
5.2632e+13	1.2596e-15	2.3497e-14
5.2747e+13	1.0703e-15	2.2021e-14
5.2863e+13	9.3227e-16	2.1025e-14
5.2979e+13	1.0246e-15	2.0964e-14
5.3094e+13	1.214e-15	2.1337e-14
5.321e+13	1.242e-15	2.1306e-14
5.3326e+13	1.0704e-15	2.043e-14
5.3441e+13	9.2093e-16	1.8897e-14
5.3557e+13	9.6913e-16	1.7389e-14
5.3673e+13	1.1152e-15	1.6792e-14
5.3788e+13	1.1342e-15	1.7703e-14
5.3904e+13	9.8711e-16	1.9803e-14
5.402e+13	8.6594e-16	2.1721e-14
5.4135e+13	9.2482e-16	2.194e-14
5.4251e+13	1.0725e-15	2.0185e-14
5.4367e+13	1.1037e-15	1.785e-14
5.4482e+13	9.7471e-16	1.6764e-14
5.4598e+13	8.4694e-16	1.7467e-14
5.4714e+13	8.5607e-16	1.8886e-14
5.4829e+13	9.4144e-16	1.9772e-14
5.4945e+13	9.6255e-16	2.0124e-14
5.5061e+13	9.1452e-16	2.0837e-14
5.5176e+13	9.2304e-16	2.2027e-14
5.5292e+13	1.031e-15	2.233e-14
5.5408e+13	1.1004e-15	2.0357e-14
5.5523e+13	9.9352e-16	1.6741e-14
5.5639e+13	7.8745e-16	1.4157e-14
5.5755e+13	7.0568e-16	1.4889e-14
5.587e+13	8.34e-16	1.848e-14
5.5986e+13	1.0007e-15	2.2086e-14
5.6102e+13	9.9427e-16	2.3209e-14
5.6217e+13	8.3668e-16	2.1829e-14
5.6333e+13	7.4597e-16	1.9804e-14
5.6449e+13	8.3937e-16	1.8539e-14
5.6564e+13	9.7635e-16	1.7734e-14
5.668e+13	9.5114e-16	1.6419e-14
5.6796e+13	7.7087e-16	1.465e-14
5.6912e+13	6.4366e-16	1.3619e-14
5.7027e+13	6.9888e-16	1.4085e-14
5.7143e+13	8.23e-16	1.5175e-14
5.7259e+13	8.2853e-16	1.5175e-14
5.7374e+13	7.1535e-16	1.3442e-14
5.749e+13	6.6294e-16	1.1236e-14
5.7606e+13	7.7006e-16	1.0458e-14
5.7721e+13	9.0768e-16	1.1702e-14
5.7837e+13	8.9169e-16	1.3691e-14
5.7953e+13	7.3741e-16	1.4606e-14
5.8068e+13	6.4364e-16	1.38e-14
5.8184e+13	7.2695e-16	1.22e-14
5.83e+13	8.7034e-16	1.1191e-14
5.8415e+13	8.9125e-16	1.1293e-14
5.8531e+13	7.9333e-16	1.1906e-14
5.8647e+13	7.5308e-16	1.2145e-14
5.8762e+13	8.6217e-16	1.1768e-14
5.8878e+13	9.8688e-16	1.1312e-14
5.8994e+13	9.4618e-16	1.1434e-14
5.9109e+13	7.6825e-16	1.2212e-14
5.9225e+13	6.7076e-16	1.3074e-14
5.9341e+13	7.8313e-16	1.339e-14
5.9456e+13	9.8098e-16	1.3098e-14
5.9572e+13	1.0521e-15	1.2715e-14
5.9688e+13	9.6671e-16	1.2742e-14
5.9803e+13	8.9167e-16	1.3067e-14
5.9919e+13	9.4242e-16	1.3061e-14
6.0035e+13	1.0238e-15	1.2283e-14
6.015e+13	9.7777e-16	1.1049e-14
6.0266e+13	8.268e-16	1.0186e-14
6.0382e+13	7.6691e-16	1.0204e-14
6.0497e+13	9.1025e-16	1.0804e-14
6.0613e+13	1.1262e-15	1.1273e-14
6.0729e+13	1.2011e-15	1.1288e-14
6.0844e+13	1.1058e-15	1.1188e-14
6.096e+13	1.0143e-15	1.1408e-14
6.1076e+13	1.0561e-15	1.181e-14
6.1191e+13	1.145e-15	1.1788e-14
6.1307e+13	1.114e-15	1.1049e-14
6.1423e+13	9.6649e-16	1.0109e-14
6.1538e+13	8.9141e-16	9.822e-15
6.1654e+13	1.0151e-15	1.0442e-14
6.177e+13	1.2235e-15	1.1307e-14
6.1885e+13	1.2986e-15	1.1553e-14
6.2001e+13	1.1946e-15	1.1085e-14
6.2117e+13	1.0926e-15	1.0712e-14
6.2233e+13	1.17e-15	1.129e-14
6.2348e+13	1.3866e-15	1.28e-14
6.2464e+13	1.5517e-15	1.4304e-14
6.258e+13	1.5589e-15	1.4781e-14
6.2695e+13	1.4768e-15	1.3978e-14
6.2811e+13	1.4096e-15	1.2524e-14
6.2927e+13	1.3539e-15	1.1332e-14
6.3042e+13	1.2531e-15	1.0924e-14
6.3158e+13	1.1416e-15	1.12e-14
6.3274e+13	1.1408e-15	1.1703e-14
6.3389e+13	1.2901e-15	1.2059e-14
6.3505e+13	1.4567e-15	1.2227e-14
6.3621e+13	1.4746e-15	1.2406e-14
6.3736e+13	1.3447e-15	1.2717e-14
6.3852e+13	1.2293e-15	1.2972e-14
6.3968e+13	1.244e-15	1.2806e-14
6.4083e+13	1.3232e-15	1.2108e-14
6.4199e+13	1.3361e-15	1.1309e-14
6.4315e+13	1.2844e-15	1.1108e-14
6.443e+13	1.3015e-15	1.1801e-14
6.4546e+13	1.4495e-15	1.2879e-14
6.4662e+13	1.6e-15	1.3418e-14
6.4777e+13	1.5783e-15	1.2954e-14
6.4893e+13	1.3943e-15	1.1951e-14
6.5009e+13	1.2487e-15	1.1336e-14
6.5124e+13	1.2936e-15	1.1553e-14
6.524e+13	1.4492e-15	1.2133e-14
6.5356e+13	1.5092e-15	1.2223e-14
6.5471e+13	1.3951e-15	1.1482e-14
6.5587e+13	1.2354e-15	1.0404e-14
6.5703e+13	1.1877e-15	9.7834e-15
6.5818e+13	1.2505e-15	9.9586e-15
6.5934e+13	1.2994e-15	1.0606e-14
6.605e+13	1.2713e-15	1.1163e-14
6.6165e+13	1.2328e-15	1.1326e-14
6.6281e+13	1.2558e-15	1.1138e-14
6.6397e+13	1.2981e-15	1.0775e-14
6.6512e+13	1.268e-15	1.0405e-14
6.6628e+13	1.1781e-15	1.0233e-14
6.6744e+13	1.1557e-15	1.0488e-14
6.6859e+13	1.275e-15	1.1191e-14
6.6975e+13	1.436e-15	1.1969e-14
6.7091e+13	1.4693e-15	1.2247e-14
6.7206e+13	1.3455e-15	1.1785e-14
6.7322e+13	1.2182e-15	1.0971e-14
6.7438e+13	1.2364e-15	1.0485e-14
6.7553e+13	1.3598e-15	1.0597e-14
6.7669e+13	1.4079e-15	1.0847e-14
6.7785e+13	1.2772e-15	1.0514e-14
6.7901e+13	1.0598e-15	9.4211e-15
6.8016e+13	9.3139e-16	8.2208e-15
6.8132e+13	9.6256e-16	7.7946e-15
6.8248e+13	1.0741e-15	8.3791e-15
6.8363e+13	1.1543e-15	9.3272e-15
6.8479e+13	1.1684e-15	9.762e-15
6.8595e+13	1.1462e-15	9.4254e-15
6.871e+13	1.1093e-15	8.8276e-15
6.8826e+13	1.0549e-15	8.5871e-15
6.8942e+13	9.9343e-16	8.735e-15
6.9057e+13	9.5767e-16	8.7658e-15
6.9173e+13	9.5919e-16	8.3335e-15
6.9289e+13	9.6772e-16	7.7375e-15
6.9404e+13	9.5498e-16	7.5936e-15
6.952e+13	9.377e-16	8.0576e-15
6.9636e+13	9.454e-16	8.5342e-15
6.9751e+13	9.559e-16	8.2696e-15
6.9867e+13	9.0693e-16	7.1944e-15
6.9983e+13	7.8903e-16	6.0563e-15
7.0098e+13	6.9036e-16	5.6675e-15
7.0214e+13	7.0663e-16	6.0957e-15
7.033e+13	8.1603e-16	6.6855e-15
7.0445e+13	8.9118e-16	6.8388e-15
7.0561e+13	8.528e-16	6.6337e-15
7.0677e+13	7.7195e-16	6.5981e-15
7.0792e+13	7.7699e-16	6.9676e-15
7.0908e+13	8.7559e-16	7.3385e-15
7.1024e+13	9.2745e-16	7.1179e-15
7.1139e+13	8.1694e-16	6.2202e-15
7.1255e+13	6.1035e-16	5.2001e-15
7.1371e+13	4.9031e-16	4.6989e-15
7.1486e+13	5.4286e-16	4.855e-15
7.1602e+13	6.6369e-16	5.2916e-15
7.1718e+13	6.975e-16	5.5878e-15
7.1833e+13	6.2687e-16	5.6486e-15
7.1949e+13	5.7288e-16	5.6366e-15
7.2065e+13	6.2236e-16	5.6892e-15
7.218e+13	7.1721e-16	5.8033e-15
7.2296e+13	7.4318e-16	5.9355e-15
7.2412e+13	6.8403e-16	6.0717e-15
7.2527e+13	6.305e-16	6.1552e-15
7.2643e+13	6.4341e-16	6.0468e-15
7.2759e+13	6.698e-16	5.6663e-15
7.2874e+13	6.2775e-16	5.1567e-15
7.299e+13	5.3473e-16	4.8036e-15
7.3106e+13	4.9339e-16	4.7458e-15
7.3222e+13	5.5112e-16	4.8306e-15
7.3337e+13	6.2948e-16	4.8258e-15
7.3453e+13	6.2555e-16	4.7309e-15
7.3569e+13	5.4787e-16	4.7663e-15
7.3684e+13	4.9956e-16	5.0217e-15
7.38e+13	5.3213e-16	5.2297e-15
7.3916e+13	5.7374e-16	5.0251e-15
7.4031e+13	5.3442e-16	4.4343e-15
7.4147e+13	4.4321e-16	3.9783e-15
7.4263e+13	4.2188e-16	4.1738e-15
7.4378e+13	5.2106e-16	4.9484e-15
7.4494e+13	6.3818e-16	5.6436e-15
7.461e+13	6.3549e-16	5.6426e-15
7.4725e+13	5.1008e-16	4.9537e-15
7.4841e+13	3.9559e-16	4.1384e-15
7.4957e+13	3.9457e-16	3.7121e-15
7.5072e+13	4.6041e-16	3.6993e-15
7.5188e+13	4.7627e-16	3.7798e-15
7.5304e+13	4.1641e-16	3.7554e-15
7.5419e+13	3.7345e-16	3.7531e-15
7.5535e+13	4.2287e-16	3.9649e-15
7.5651e+13	5.1398e-16	4.3028e-15
7.5766e+13	5.3391e-16	4.4234e-15
7.5882e+13	4.5535e-16	4.1075e-15
7.5998e+13	3.7013e-16	3.5533e-15
7.6113e+13	3.6953e-16	3.2331e-15
7.6229e+13	4.3434e-16	3.4494e-15
7.6345e+13	4.7414e-16	4.0421e-15
7.646e+13	4.4963e-16	4.5347e-15
7.6576e+13	4.1031e-16	4.5621e-15
7.6692e+13	4.0891e-16	4.1664e-15
7.6807e+13	4.2456e-16	3.7031e-15
7.6923e+13	4.0256e-16	3.4896e-15
7.7039e+13	3.4608e-16	3.5519e-15
7.7154e+13	3.2192e-16	3.6953e-15
7.727e+13	3.6883e-16	3.7745e-15
7.7386e+13	4.3828e-16	3.8434e-15
7.7501e+13	4.5369e-16	4.0182e-15
7.7617e+13	4.0798e-16	4.2386e-15
7.7733e+13	3.6626e-16	4.2548e-15
7.7848e+13	3.7385e-16	3.9124e-15
7.7964e+13	4e-16	3.4181e-15
7.808e+13	3.9284e-16	3.2218e-15
7.8195e+13	3.6099e-16	3.5658e-15
7.8311e+13	3.6093e-16	4.1791e-15
7.8427e+13	4.0739e-16	4.4968e-15
7.8543e+13	4.3934e-16	4.2168e-15
7.8658e+13	3.9903e-16	3.5989e-15
7.8774e+13	3.1794e-16	3.1742e-15
7.889e+13	2.8534e-16	3.1938e-15
7.9005e+13	3.3378e-16	3.4314e-15
7.9121e+13	3.948e-16	3.527e-15
7.9237e+13	3.8809e-16	3.4248e-15
7.9352e+13	3.263e-16	3.3827e-15
7.9468e+13	2.9498e-16	3.5886e-15
7.9584e+13	3.3552e-16	3.8956e-15
7.9699e+13	3.9051e-16	4.0078e-15
7.9815e+13	3.8424e-16	3.8541e-15
7.9931e+13	3.2615e-16	3.6568e-15
8.0046e+13	2.9473e-16	3.6146e-15
8.0162e+13	3.2549e-16	3.6286e-15
8.0278e+13	3.5931e-16	3.4403e-15
8.0393e+13	3.2427e-16	3.0042e-15
8.0509e+13	2.3911e-16	2.6078e-15
8.0625e+13	1.9509e-16	2.5672e-15
8.074e+13	2.3871e-16	2.8748e-15
8.0856e+13	3.1284e-16	3.2273e-15
8.0972e+13	3.3425e-16	3.3801e-15
8.1087e+13	3.0066e-16	3.3752e-15
8.1203e+13	2.8368e-16	3.3844e-15
8.1319e+13	3.2276e-16	3.4204e-15
8.1434e+13	3.6902e-16	3.3156e-15
8.155e+13	3.5486e-16	2.9902e-15
8.1666e+13	2.8988e-16	2.6316e-15
8.1781e+13	2.4923e-16	2.5248e-15
8.1897e+13	2.7246e-16	2.7381e-15
8.2013e+13	3.145e-16	3.0609e-15
8.2128e+13	3.1555e-16	3.2672e-15
8.2244e+13	2.8843e-16	3.3643e-15
8.236e+13	2.9811e-16	3.5193e-15
8.2475e+13	3.614e-16	3.7808e-15
8.2591e+13	4.1071e-16	3.9688e-15
8.2707e+13	3.7956e-16	3.879e-15
8.2822e+13	2.9615e-16	3.5458e-15
8.2938e+13	2.5412e-16	3.2361e-15
8.3054e+13	2.9424e-16	3.1843e-15
8.3169e+13	3.5347e-16	3.3744e-15
8.3285e+13	3.492e-16	3.5928e-15
8.3401e+13	2.8557e-16	3.6492e-15
8.3516e+13	2.4186e-16	3.5147e-15
8.3632e+13	2.6347e-16	3.2786e-15
8.3748e+13	3.0555e-16	3.0412e-15
8.3864e+13	3.015e-16	2.8711e-15
8.3979e+13	2.5636e-16	2.8166e-15
8.4095e+13	2.3533e-16	2.8959e-15
8.4211e+13	2.675e-16	3.0652e-15
8.4326e+13	3.0336e-16	3.233e-15
8.4442e+13	2.864e-16	3.3304e-15
8.4558e+13	2.3687e-16	3.3596e-15
8.4673e+13	2.2696e-16	3.3629e-15
8.4789e+13	2.793e-16	3.3566e-15
8.4905e+13	3.3079e-16	3.3175e-15
8.502e+13	3.1549e-16	3.2295e-15
8.5136e+13	2.5498e-16	3.1222e-15
8.5252e+13	2.3077e-16	3.0534e-15
8.5367e+13	2.7471e-16	3.0667e-15
8.5483e+13	3.26e-16	3.1672e-15
8.5599e+13	3.1357e-16	3.3124e-15
8.5714e+13	2.5105e-16	3.4067e-15
8.583e+13	2.1572e-16	3.3371e-15
8.5946e+13	2.4284e-16	3.0741e-15
8.6061e+13	2.8185e-16	2.7595e-15
8.6177e+13	2.7279e-16	2.6386e-15
8.6293e+13	2.3294e-16	2.8377e-15
8.6408e+13	2.3074e-16	3.2007e-15
8.6524e+13	2.8325e-16	3.4039e-15
8.664e+13	3.2362e-16	3.2731e-15
8.6755e+13	2.8955e-16	2.9657e-15
8.6871e+13	2.1324e-16	2.7947e-15
8.6987e+13	1.8563e-16	2.8861e-15
8.7102e+13	2.3839e-16	3.0709e-15
8.7218e+13	3.0241e-16	3.1372e-15
8.7334e+13	3.0088e-16	3.121e-15
8.7449e+13	2.5219e-16	3.2625e-15
8.7565e+13	2.4273e-16	3.6688e-15
8.7681e+13	3.0564e-16	4.1057e-15
8.7796e+13	3.7011e-16	4.1968e-15
8.7912e+13	3.5168e-16	3.8145e-15
8.8028e+13	2.6389e-16	3.2187e-15
8.8143e+13	2.0237e-16	2.8025e-15
8.8259e+13	2.2344e-16	2.7515e-15
8.8375e+13	2.7832e-16	2.9694e-15
8.849e+13	2.8591e-16	3.2623e-15
8.8606e+13	2.4103e-16	3.5062e-15
8.8722e+13	2.1345e-16	3.6446e-15
8.8837e+13	2.4627e-16	3.6396e-15
8.8953e+13	2.9741e-16	3.5151e-15
8.9069e+13	3.0209e-16	3.4073e-15
8.9184e+13	2.6441e-16	3.4597e-15
8.93e+13	2.4849e-16	3.625e-15
8.9416e+13	2.8331e-16	3.6527e-15
8.9532e+13	3.1723e-16	3.3607e-15
8.9647e+13	2.8919e-16	2.9048e-15
8.9763e+13	2.1891e-16	2.6868e-15
8.9879e+13	1.888e-16	2.9426e-15
8.9994e+13	2.3744e-16	3.47e-15
9.011e+13	3.0687e-16	3.8248e-15
9.0226e+13	3.1569e-16	3.7745e-15
9.0341e+13	2.611e-16	3.4953e-15
9.0457e+13	2.1639e-16	3.3141e-15
9.0573e+13	2.3157e-16	3.3344e-15
9.0688e+13	2.7214e-16	3.3783e-15
9.0804e+13	2.733e-16	3.2606e-15
9.092e+13	2.2971e-16	3.0224e-15
9.1035e+13	1.9859e-16	2.8602e-15
9.1151e+13	2.1815e-16	2.8933e-15
9.1267e+13	2.5756e-16	3.0667e-15
9.1382e+13	2.6416e-16	3.2583e-15
9.1498e+13	2.3652e-16	3.4007e-15
9.1614e+13	2.2062e-16	3.4813e-15
9.1729e+13	2.4012e-16	3.4969e-15
9.1845e+13	2.6344e-16	3.4683e-15
9.1961e+13	2.5343e-16	3.4597e-15
9.2076e+13	2.2399e-16	3.5043e-15
9.2192e+13	2.1941e-16	3.516e-15
9.2308e+13	2.4697e-16	3.3713e-15
9.2423e+13	2.6415e-16	3.1308e-15
9.2539e+13	2.4303e-16	3.0886e-15
9.2655e+13	2.1798e-16	3.4704e-15
9.277e+13	2.4048e-16	4.0779e-15
9.2886e+13	2.9906e-16	4.3798e-15
9.3002e+13	3.2202e-16	4.0743e-15
9.3117e+13	2.7133e-16	3.5015e-15
9.3233e+13	2.0268e-16	3.3365e-15
9.3349e+13	2.0138e-16	3.8236e-15
9.3464e+13	2.7041e-16	4.4399e-15
9.358e+13	3.2074e-16	4.4549e-15
9.3696e+13	2.8417e-16	3.7836e-15
9.3811e+13	2.0338e-16	3.1193e-15
9.3927e+13	1.7824e-16	3.1511e-15
9.4043e+13	2.3625e-16	3.7735e-15
9.4158e+13	2.9797e-16	4.2289e-15
9.4274e+13	2.8358e-16	4.0126e-15
9.439e+13	2.1896e-16	3.4565e-15
9.4505e+13	1.9986e-16	3.3089e-15
9.4621e+13	2.6247e-16	3.8378e-15
9.4737e+13	3.3344e-16	4.533e-15
9.4853e+13	3.2573e-16	4.7172e-15
9.4968e+13	2.5192e-16	4.2989e-15
9.5084e+13	2.0527e-16	3.7948e-15
9.52e+13	2.3697e-16	3.6844e-15
9.5315e+13	2.9411e-16	3.914e-15
9.5431e+13	2.9665e-16	4.0796e-15
9.5547e+13	2.4467e-16	3.9548e-15
9.5662e+13	2.1195e-16	3.6962e-15
9.5778e+13	2.4118e-16	3.5728e-15
9.5894e+13	2.8764e-16	3.6547e-15
9.6009e+13	2.8602e-16	3.83e-15
9.6125e+13	2.4297e-16	4.0108e-15
9.6241e+13	2.259e-16	4.1868e-15
9.6356e+13	2.6585e-16	4.3055e-15
9.6472e+13	3.1219e-16	4.2493e-15
9.6588e+13	3.0323e-16	4.009e-15
9.6703e+13	2.5379e-16	3.7997e-15
9.6819e+13	2.3665e-16	3.8862e-15
9.6935e+13	2.8243e-16	4.2918e-15
9.705e+13	3.3641e-16	4.7616e-15
9.7166e+13	3.3238e-16	5.0335e-15
9.7282e+13	2.8159e-16	5.0653e-15
9.7397e+13	2.543e-16	4.9515e-15
9.7513e+13	2.8114e-16	4.7145e-15
9.7629e+13	3.1239e-16	4.3209e-15
9.7744e+13	2.9183e-16	3.8981e-15
9.786e+13	2.4023e-16	3.7596e-15
9.7976e+13	2.2863e-16	4.0711e-15
9.8091e+13	2.7613e-16	4.5509e-15
9.8207e+13	3.1617e-16	4.6775e-15
9.8323e+13	2.8411e-16	4.2647e-15
9.8438e+13	2.0983e-16	3.7219e-15
9.8554e+13	1.8589e-16	3.6282e-15
9.867e+13	2.485e-16	4.093e-15
9.8785e+13	3.2899e-16	4.67e-15
9.8901e+13	3.4155e-16	4.91e-15
9.9017e+13	2.9065e-16	4.8413e-15
9.9132e+13	2.5626e-16	4.7883e-15
9.9248e+13	2.8113e-16	4.8351e-15
9.9364e+13	3.1559e-16	4.7033e-15
9.9479e+13	2.9345e-16	4.224e-15
9.9595e+13	2.3086e-16	3.7259e-15
9.9711e+13	2.0876e-16	3.7286e-15
9.9826e+13	2.6111e-16	4.2799e-15
9.9942e+13	3.2396e-16	4.8283e-15
1.0006e+14	3.189e-16	4.8744e-15
1.0017e+14	2.5961e-16	4.5961e-15
1.0029e+14	2.3489e-16	4.6102e-15
1.004e+14	2.8838e-16	5.1306e-15
1.0052e+14	3.5702e-16	5.6175e-15
1.0064e+14	3.5361e-16	5.4321e-15
1.0075e+14	2.8449e-16	4.7085e-15
1.0087e+14	2.439e-16	4.3079e-15
1.0098e+14	2.911e-16	4.8369e-15
1.011e+14	3.7315e-16	5.9092e-15
1.0121e+14	3.9536e-16	6.5636e-15
1.0133e+14	3.4487e-16	6.3435e-15
1.0145e+14	3.0414e-16	5.7406e-15
1.0156e+14	3.3969e-16	5.5225e-15
1.0168e+14	4.1574e-16	5.8312e-15
1.0179e+14	4.4425e-16	6.1431e-15
1.0191e+14	3.9908e-16	6.0266e-15
1.0202e+14	3.4196e-16	5.6569e-15
1.0214e+14	3.3319e-16	5.4676e-15
1.0226e+14	3.5457e-16	5.511e-15
1.0237e+14	3.4758e-16	5.447e-15
1.0249e+14	3.0671e-16	5.1601e-15
1.026e+14	2.9344e-16	5.0915e-15
1.0272e+14	3.4979e-16	5.7297e-15
1.0283e+14	4.3175e-16	6.8698e-15
1.0295e+14	4.5761e-16	7.6618e-15
1.0307e+14	4.0957e-16	7.514e-15
1.0318e+14	3.5479e-16	6.7935e-15
1.033e+14	3.5951e-16	6.439e-15
1.0341e+14	4.1012e-16	6.9037e-15
1.0353e+14	4.399e-16	7.6641e-15
1.0364e+14	4.1753e-16	7.8605e-15
1.0376e+14	3.7862e-16	7.2923e-15
1.0388e+14	3.6857e-16	6.6166e-15
1.0399e+14	3.8495e-16	6.5759e-15
1.0411e+14	3.958e-16	7.1903e-15
1.0422e+14	3.9508e-16	7.7981e-15
1.0434e+14	4.0739e-16	7.8035e-15
1.0445e+14	4.3755e-16	7.258e-15
1.0457e+14	4.4921e-16	6.7243e-15
1.0468e+14	4.1572e-16	6.7006e-15
1.048e+14	3.7253e-16	7.2291e-15
1.0492e+14	3.8416e-16	7.9527e-15
1.0503e+14	4.555e-16	8.4152e-15
1.0515e+14	5.0819e-16	8.3336e-15
1.0526e+14	4.6913e-16	7.7483e-15
1.0538e+14	3.6742e-16	7.0267e-15
1.0549e+14	3.1162e-16	6.6583e-15
1.0561e+14	3.6589e-16	6.8974e-15
1.0573e+14	4.7527e-16	7.5413e-15
1.0584e+14	5.3159e-16	8.1078e-15
1.0596e+14	4.9608e-16	8.2736e-15
1.0607e+14	4.2841e-16	8.1099e-15
1.0619e+14	3.9748e-16	7.8626e-15
1.063e+14	3.9761e-16	7.5771e-15
1.0642e+14	3.7447e-16	7.0687e-15
1.0654e+14	3.1309e-16	6.2923e-15
1.0665e+14	2.6395e-16	5.6191e-15
1.0677e+14	2.7648e-16	5.5984e-15
1.0688e+14	3.3642e-16	6.4077e-15
1.07e+14	3.9e-16	7.6002e-15
1.0711e+14	4.1313e-16	8.438e-15
1.0723e+14	4.2581e-16	8.4565e-15
1.0735e+14	4.3912e-16	7.7222e-15
1.0746e+14	4.2375e-16	6.661e-15
1.0758e+14	3.5624e-16	5.766e-15
1.0769e+14	2.7731e-16	5.4274e-15
1.0781e+14	2.6525e-16	5.8174e-15
1.0792e+14	3.4072e-16	6.7324e-15
1.0804e+14	4.2598e-16	7.5691e-15
1.0816e+14	4.2459e-16	7.6717e-15
1.0827e+14	3.3208e-16	6.8759e-15
1.0839e+14	2.3972e-16	5.7026e-15
1.085e+14	2.2513e-16	4.9115e-15
1.0862e+14	2.6625e-16	4.828e-15
1.0873e+14	2.8308e-16	5.147e-15
1.0885e+14	2.4601e-16	5.3794e-15
1.0896e+14	2.0816e-16	5.3694e-15
1.0908e+14	2.2533e-16	5.2911e-15
1.092e+14	2.7688e-16	5.2521e-15
1.0931e+14	2.9419e-16	5.1242e-15
1.0943e+14	2.559e-16	4.8495e-15
1.0954e+14	2.1917e-16	4.7326e-15
1.0966e+14	2.441e-16	5.1808e-15
1.0977e+14	3.1233e-16	6.111e-15
1.0989e+14	3.4792e-16	6.8196e-15
1.1001e+14	3.1278e-16	6.6414e-15
1.1012e+14	2.5214e-16	5.7139e-15
1.1024e+14	2.3405e-16	4.9067e-15
1.1035e+14	2.6488e-16	4.8994e-15
1.1047e+14	2.8825e-16	5.4317e-15
1.1058e+14	2.6124e-16	5.6069e-15
1.107e+14	2.0514e-16	4.9175e-15
1.1082e+14	1.7083e-16	3.8222e-15
1.1093e+14	1.7412e-16	3.2418e-15
1.1105e+14	1.8731e-16	3.5984e-15
1.1116e+14	1.883e-16	4.4936e-15
1.1128e+14	1.9206e-16	5.2918e-15
1.1139e+14	2.2214e-16	5.8136e-15
1.1151e+14	2.6833e-16	6.318e-15
1.1163e+14	2.9337e-16	6.9165e-15
1.1174e+14	2.7923e-16	7.2543e-15
1.1186e+14	2.4761e-16	6.894e-15
1.1197e+14	2.2777e-16	5.9126e-15
1.1209e+14	2.1944e-16	4.9399e-15
1.122e+14	2.0212e-16	4.5595e-15
1.1232e+14	1.7313e-16	4.7567e-15
1.1243e+14	1.558e-16	5.0212e-15
1.1255e+14	1.6472e-16	4.9338e-15
1.1267e+14	1.7997e-16	4.5523e-15
1.1278e+14	1.71e-16	4.2181e-15
1.129e+14	1.3932e-16	4.0961e-15
1.1301e+14	1.1903e-16	4.0051e-15
1.1313e+14	1.3169e-16	3.691e-15
1.1324e+14	1.5716e-16	3.1844e-15
1.1336e+14	1.6152e-16	2.8361e-15
1.1348e+14	1.4402e-16	3.0049e-15
1.1359e+14	1.374e-16	3.7167e-15
1.1371e+14	1.6027e-16	4.6031e-15
1.1382e+14	1.8803e-16	5.1576e-15
1.1394e+14	1.8453e-16	5.1008e-15
1.1405e+14	1.5239e-16	4.5784e-15
1.1417e+14	1.3188e-16	4.0305e-15
1.1429e+14	1.4766e-16	3.8167e-15
1.144e+14	1.7474e-16	3.9053e-15
1.1452e+14	1.7089e-16	3.9324e-15
1.1463e+14	1.3302e-16	3.6146e-15
1.1475e+14	1.0256e-16	3.1114e-15
1.1486e+14	1.1268e-16	2.92e-15
1.1498e+14	1.4741e-16	3.352e-15
1.151e+14	1.6498e-16	4.1311e-15
1.1521e+14	1.5115e-16	4.5825e-15
1.1533e+14	1.3136e-16	4.2628e-15
1.1544e+14	1.2977e-16	3.377e-15
1.1556e+14	1.3541e-16	2.5407e-15
1.1567e+14	1.217e-16	2.1643e-15
1.1579e+14	8.8858e-17	2.1362e-15
1.1591e+14	6.7732e-17	2.1055e-15
1.1602e+14	7.8975e-17	1.9631e-15
1.1614e+14	1.0508e-16	1.9312e-15
1.1625e+14	1.1403e-16	2.1897e-15
1.1637e+14	1.0117e-16	2.5537e-15
1.1648e+14	9.1193e-17	2.64e-15
1.166e+14	9.9792e-17	2.3343e-15
1.1671e+14	1.1088e-16	1.9767e-15
1.1683e+14	1.0192e-16	2.007e-15
1.1695e+14	7.9823e-17	2.4621e-15
1.1706e+14	7.3913e-17	2.9059e-15
1.1718e+14	9.406e-17	2.8815e-15
1.1729e+14	1.137e-16	2.3806e-15
1.1741e+14	1.0453e-16	1.825e-15
1.1752e+14	7.6307e-17	1.6127e-15
1.1764e+14	6.5063e-17	1.741e-15
1.1776e+14	8.386e-17	1.8845e-15
1.1787e+14	1.0361e-16	1.7847e-15
1.1799e+14	9.2351e-17	1.5042e-15
1.181e+14	6.0381e-17	1.3138e-15
1.1822e+14	4.8558e-17	1.3902e-15
1.1833e+14	7.3655e-17	1.6575e-15
1.1845e+14	1.0458e-16	1.8916e-15
1.1857e+14	1.0279e-16	1.9278e-15
1.1868e+14	7.3355e-17	1.7656e-15
1.188e+14	5.7696e-17	1.5243e-15
1.1891e+14	7.7891e-17	1.3401e-15
1.1903e+14	1.075e-16	1.2936e-15
1.1914e+14	1.0778e-16	1.3809e-15
1.1926e+14	7.9433e-17	1.5214e-15
1.1938e+14	5.9865e-17	1.6025e-15
1.1949e+14	7.114e-17	1.5538e-15
1.1961e+14	9.0568e-17	1.3991e-15
1.1972e+14	8.3697e-17	1.2308e-15
1.1984e+14	5.3211e-17	1.1276e-15
1.1995e+14	3.5951e-17	1.0947e-15
1.2007e+14	5.2381e-17	1.0856e-15
1.2019e+14	7.845e-17	1.0693e-15
1.203e+14	7.864e-17	1.0625e-15
1.2042e+14	5.4607e-17	1.0967e-15
1.2053e+14	4.2561e-17	1.1696e-15
1.2065e+14	6.3183e-17	1.2407e-15
1.2076e+14	9.2909e-17	1.2692e-15
1.2088e+14	9.5536e-17	1.244e-15
1.2099e+14	7.0393e-17	1.1759e-15
1.2111e+14	5.154e-17	1.0784e-15
1.2123e+14	6.0579e-17	9.7e-16
1.2134e+14	7.8776e-17	8.8901e-16
1.2146e+14	7.5847e-17	8.8084e-16
1.2157e+14	5.3662e-17	9.5508e-16
1.2169e+14	4.3353e-17	1.0593e-15
1.218e+14	6.0427e-17	1.1127e-15
1.2192e+14	8.1508e-17	1.0755e-15
1.2204e+14	7.5979e-17	9.8266e-16
1.2215e+14	4.8702e-17	9.0385e-16
1.2227e+14	3.394e-17	8.7394e-16
1.2238e+14	4.8373e-17	8.6949e-16
1.225e+14	6.8342e-17	8.5247e-16
1.2261e+14	6.323e-17	8.245e-16
1.2273e+14	3.8795e-17	8.265e-16
1.2285e+14	2.9906e-17	8.8592e-16
1.2296e+14	5.197e-17	9.7526e-16
1.2308e+14	7.8148e-17	1.0299e-15
1.2319e+14	7.4637e-17	1.0043e-15
1.2331e+14	4.6392e-17	9.0739e-16
1.2342e+14	3.0651e-17	7.8608e-16
1.2354e+14	4.6764e-17	6.8641e-16
1.2366e+14	7.0553e-17	6.3188e-16
1.2377e+14	6.7824e-17	6.2747e-16
1.2389e+14	4.0893e-17	6.6644e-16
1.24e+14	2.487e-17	7.2842e-16
1.2412e+14	3.9675e-17	7.8312e-16
1.2423e+14	6.3871e-17	8.1021e-16
1.2435e+14	6.5235e-17	8.1667e-16
1.2447e+14	4.477e-17	8.2451e-16
1.2458e+14	3.3512e-17	8.3755e-16
1.247e+14	4.7986e-17	8.2997e-16
1.2481e+14	6.7258e-17	7.79e-16
1.2493e+14	6.34e-17	7.0539e-16
1.2504e+14	4.1966e-17	6.65e-16
1.2516e+14	3.5005e-17	6.9035e-16
1.2527e+14	5.5799e-17	7.4926e-16
1.2539e+14	7.8767e-17	7.7733e-16
1.2551e+14	7.3603e-17	7.5294e-16
1.2562e+14	4.7069e-17	7.2387e-16
1.2574e+14	3.4229e-17	7.4673e-16
1.2585e+14	5.0427e-17	8.0875e-16
1.2597e+14	7.0085e-17	8.3119e-16
1.2608e+14	6.2104e-17	7.5872e-16
1.262e+14	3.3538e-17	6.2995e-16
1.2632e+14	2.1143e-17	5.4047e-16
1.2643e+14	4.1611e-17	5.3834e-16
1.2655e+14	6.8365e-17	5.7705e-16
1.2666e+14	6.6911e-17	5.8223e-16
1.2678e+14	4.0864e-17	5.4777e-16
1.2689e+14	2.6267e-17	5.3932e-16
1.2701e+14	4.2486e-17	6.0016e-16
1.2713e+14	6.684e-17	6.8065e-16
1.2724e+14	6.6855e-17	6.8726e-16
1.2736e+14	4.4906e-17	5.9721e-16
1.2747e+14	3.3823e-17	4.9648e-16
1.2759e+14	5.0279e-17	4.873e-16
1.277e+14	7.0969e-17	5.7025e-16
1.2782e+14	6.467e-17	6.4097e-16
1.2794e+14	3.5854e-17	6.0728e-16
1.2805e+14	1.9557e-17	4.9148e-16
1.2817e+14	3.4398e-17	4.0311e-16
1.2828e+14	5.8136e-17	4.1916e-16
1.284e+14	5.8872e-17	5.0916e-16
1.2851e+14	3.8467e-17	5.796e-16
1.2863e+14	2.8554e-17	5.743e-16
1.2874e+14	4.5424e-17	5.1825e-16
1.2886e+14	6.677e-17	4.7378e-16
1.2898e+14	6.26e-17	4.7496e-16
1.2909e+14	3.7392e-17	5.0912e-16
1.2921e+14	2.4877e-17	5.4416e-16
1.2932e+14	4.2153e-17	5.5658e-16
1.2944e+14	6.6098e-17	5.3931e-16
1.2955e+14	6.4543e-17	5.0281e-16
1.2967e+14	3.9687e-17	4.7634e-16
1.2979e+14	2.4694e-17	4.9324e-16
1.299e+14	3.8674e-17	5.5761e-16
1.3002e+14	6.1685e-17	6.2777e-16
1.3013e+14	6.3032e-17	6.4867e-16
1.3025e+14	4.2983e-17	6.0729e-16
1.3036e+14	3.0792e-17	5.4564e-16
1.3048e+14	4.3123e-17	5.0988e-16
1.306e+14	6.1225e-17	4.9611e-16
1.3071e+14	5.8018e-17	4.6369e-16
1.3083e+14	3.6517e-17	4.0203e-16
1.3094e+14	2.574e-17	3.6113e-16
1.3106e+14	4.0016e-17	3.9619e-16
1.3117e+14	5.8703e-17	4.9014e-16
1.3129e+14	5.4778e-17	5.5688e-16
1.3141e+14	3.2574e-17	5.3384e-16
1.3152e+14	2.2076e-17	4.5598e-16
1.3164e+14	3.7472e-17	4.178e-16
1.3175e+14	5.7395e-17	4.6437e-16
1.3187e+14	5.4358e-17	5.4125e-16
1.3198e+14	3.2775e-17	5.6245e-16
1.321e+14	2.2993e-17	5.1144e-16
1.3222e+14	3.9477e-17	4.5276e-16
1.3233e+14	6.0748e-17	4.4622e-16
1.3245e+14	5.86e-17	4.7542e-16
1.3256e+14	3.6326e-17	4.7769e-16
1.3268e+14	2.3649e-17	4.3047e-16
1.3279e+14	3.598e-17	3.8064e-16
1.3291e+14	5.4331e-17	3.8255e-16
1.3302e+14	5.2846e-17	4.2907e-16
1.3314e+14	3.4863e-17	4.6456e-16
1.3326e+14	2.7375e-17	4.5849e-16
1.3337e+14	4.2281e-17	4.4113e-16
1.3349e+14	5.9122e-17	4.5712e-16
1.336e+14	5.3658e-17	5.0169e-16
1.3372e+14	3.2342e-17	5.2451e-16
1.3383e+14	2.4186e-17	4.9425e-16
1.3395e+14	4.0797e-17	4.3778e-16
1.3407e+14	5.9928e-17	4.0471e-16
1.3418e+14	5.5649e-17	4.0679e-16
1.343e+14	3.364e-17	4.1133e-16
1.3441e+14	2.2962e-17	3.9207e-16
1.3453e+14	3.5899e-17	3.6563e-16
1.3464e+14	5.1619e-17	3.6526e-16
1.3476e+14	4.6121e-17	3.9102e-16
1.3488e+14	2.645e-17	4.0619e-16
1.3499e+14	2.1139e-17	3.8526e-16
1.3511e+14	3.9876e-17	3.4791e-16
1.3522e+14	5.8747e-17	3.3342e-16
1.3534e+14	5.2399e-17	3.5047e-16
1.3545e+14	2.9173e-17	3.6964e-16
1.3557e+14	2.0325e-17	3.6618e-16
1.3569e+14	3.7434e-17	3.5267e-16
1.358e+14	5.6394e-17	3.5683e-16
1.3592e+14	5.0338e-17	3.7752e-16
1.3603e+14	2.664e-17	3.831e-16
1.3615e+14	1.7193e-17	3.5714e-16
1.3626e+14	3.4997e-17	3.2785e-16
1.3638e+14	5.6296e-17	3.3511e-16
1.365e+14	5.2637e-17	3.743e-16
1.3661e+14	2.9115e-17	3.9354e-16
1.3673e+14	1.6975e-17	3.5609e-16
1.3684e+14	3.124e-17	2.9216e-16
1.3696e+14	5.1237e-17	2.7063e-16
1.3707e+14	4.9693e-17	3.1912e-16
1.3719e+14	2.9606e-17	3.8852e-16
1.373e+14	1.8751e-17	4.0736e-16
1.3742e+14	3.0875e-17	3.6316e-16
1.3754e+14	4.7886e-17	3.1467e-16
1.3765e+14	4.6678e-17	3.2173e-16
1.3777e+14	3.1719e-17	3.7668e-16
1.3788e+14	2.7446e-17	4.1573e-16
1.38e+14	4.1943e-17	3.9227e-16
1.3811e+14	5.4141e-17	3.2525e-16
1.3823e+14	4.3532e-17	2.7232e-16
1.3835e+14	2.0754e-17	2.6713e-16
1.3846e+14	1.4924e-17	2.9342e-16
1.3858e+14	3.3807e-17	3.1545e-16
1.3869e+14	5.2061e-17	3.1857e-16
1.3881e+14	4.5111e-17	3.1359e-16
1.3892e+14	2.2916e-17	3.1179e-16
1.3904e+14	1.6791e-17	3.1026e-16
1.3916e+14	3.6502e-17	3.0357e-16
1.3927e+14	5.6269e-17	2.9798e-16
1.3939e+14	4.9381e-17	3.038e-16
1.395e+14	2.4538e-17	3.1654e-16
1.3962e+14	1.423e-17	3.1657e-16
1.3973e+14	3.0833e-17	2.9265e-16
1.3985e+14	5.0239e-17	2.604e-16
1.3997e+14	4.5173e-17	2.4981e-16
1.4008e+14	2.2394e-17	2.7295e-16
1.402e+14	1.293e-17	3.0897e-16
1.4031e+14	2.9121e-17	3.2431e-16
1.4043e+14	4.7733e-17	3.063e-16
1.4054e+14	4.2272e-17	2.7429e-16
1.4066e+14	1.9842e-17	2.5888e-16
1.4078e+14	1.1603e-17	2.7331e-16
1.4089e+14	2.9782e-17	3.0494e-16
1.4101e+14	5.0317e-17	3.302e-16
1.4112e+14	4.5186e-17	3.3373e-16
1.4124e+14	2.0415e-17	3.151e-16
1.4135e+14	8.0087e-18	2.8341e-16
1.4147e+14	2.2955e-17	2.5007e-16
1.4158e+14	4.3784e-17	2.2515e-16
1.417e+14	4.247e-17	2.1465e-16
1.4182e+14	2.2191e-17	2.1735e-16
1.4193e+14	1.1712e-17	2.2465e-16
1.4205e+14	2.5258e-17	2.2663e-16
1.4216e+14	4.3529e-17	2.205e-16
1.4228e+14	4.1235e-17	2.1309e-16
1.4239e+14	2.221e-17	2.1457e-16
1.4251e+14	1.3538e-17	2.2928e-16
1.4263e+14	2.7557e-17	2.5241e-16
1.4274e+14	4.4874e-17	2.7448e-16
1.4286e+14	4.1667e-17	2.8787e-16
1.4297e+14	2.2828e-17	2.8948e-16
1.4309e+14	1.4774e-17	2.7952e-16
1.432e+14	2.8244e-17	2.6081e-16
1.4332e+14	4.3211e-17	2.3981e-16
1.4344e+14	3.7058e-17	2.2607e-16
1.4355e+14	1.6672e-17	2.2691e-16
1.4367e+14	9.4805e-18	2.4069e-16
1.4378e+14	2.5545e-17	2.5631e-16
1.439e+14	4.3305e-17	2.6158e-16
1.4401e+14	3.9043e-17	2.5359e-16
1.4413e+14	1.9486e-17	2.4087e-16
1.4425e+14	1.2396e-17	2.3475e-16
1.4436e+14	2.8045e-17	2.3899e-16
1.4448e+14	4.4853e-17	2.4781e-16
1.4459e+14	3.9156e-17	2.5296e-16
1.4471e+14	1.8019e-17	2.5068e-16
1.4482e+14	9.6768e-18	2.4154e-16
1.4494e+14	2.4741e-17	2.2631e-16
1.4505e+14	4.173e-17	2.0584e-16
1.4517e+14	3.6941e-17	1.8544e-16
1.4529e+14	1.7309e-17	1.7541e-16
1.454e+14	1.0731e-17	1.8272e-16
1.4552e+14	2.713e-17	2.0148e-16
1.4563e+14	4.4168e-17	2.1534e-16
1.4575e+14	3.7687e-17	2.1253e-16
1.4586e+14	1.5185e-17	1.9801e-16
1.4598e+14	6.1606e-18	1.8802e-16
1.461e+14	2.2309e-17	1.9185e-16
1.4621e+14	4.1936e-17	2.0173e-16
1.4633e+14	3.9692e-17	2.0284e-16
1.4644e+14	2.067e-17	1.9182e-16
1.4656e+14	1.2408e-17	1.8125e-16
1.4667e+14	2.6479e-17	1.8477e-16
1.4679e+14	4.2893e-17	2.0051e-16
1.4691e+14	3.8424e-17	2.1296e-16
1.4702e+14	1.91e-17	2.1066e-16
1.4714e+14	1.1716e-17	1.9834e-16
1.4725e+14	2.6316e-17	1.8987e-16
1.4737e+14	4.1978e-17	1.9177e-16
1.4748e+14	3.5847e-17	1.9726e-16
1.476e+14	1.5188e-17	1.962e-16
1.4772e+14	7.7928e-18	1.8674e-16
1.4783e+14	2.3623e-17	1.7497e-16
1.4795e+14	4.0664e-17	1.6581e-16
1.4806e+14	3.4873e-17	1.5881e-16
1.4818e+14	1.3307e-17	1.5336e-16
1.4829e+14	4.8352e-18	1.5349e-16
1.4841e+14	2.0936e-17	1.6342e-16
1.4853e+14	4.0134e-17	1.7933e-16
1.4864e+14	3.721e-17	1.8988e-16
1.4876e+14	1.7083e-17	1.8699e-16
1.4887e+14	7.2482e-18	1.7418e-16
1.4899e+14	1.9799e-17	1.6203e-16
1.491e+14	3.5457e-17	1.5653e-16
1.4922e+14	3.1142e-17	1.5459e-16
1.4933e+14	1.2437e-17	1.5135e-16
1.4945e+14	5.9036e-18	1.4802e-16
1.4957e+14	2.2005e-17	1.4945e-16
1.4968e+14	4.0056e-17	1.5552e-16
1.498e+14	3.6163e-17	1.5938e-16
1.4991e+14	1.5802e-17	1.5587e-16
1.5003e+14	6.313e-18	1.4917e-16
1.5014e+14	1.9757e-17	1.4865e-16
1.5026e+14	3.704e-17	1.5725e-16
1.5038e+14	3.4614e-17	1.6706e-16
1.5049e+14	1.6568e-17	1.6778e-16
1.5061e+14	8.1795e-18	1.5779e-16
1.5072e+14	2.0562e-17	1.4498e-16
1.5084e+14	3.5601e-17	1.379e-16
1.5095e+14	3.1636e-17	1.3853e-16
1.5107e+14	1.3763e-17	1.435e-16
1.5119e+14	6.6632e-18	1.4884e-16
1.513e+14	2.017e-17	1.5113e-16
1.5142e+14	3.5595e-17	1.4665e-16
1.5153e+14	3.17e-17	1.3447e-16
1.5165e+14	1.4099e-17	1.2141e-16
1.5176e+14	7.2699e-18	1.1968e-16
1.5188e+14	2.0459e-17	1.3464e-16
1.52e+14	3.5005e-17	1.5558e-16
1.5211e+14	3.0627e-17	1.6315e-16
1.5223e+14	1.3879e-17	1.4908e-16
1.5234e+14	8.919e-18	1.2624e-16
1.5246e+14	2.3336e-17	1.1566e-16
1.5257e+14	3.6828e-17	1.2391e-16
1.5269e+14	2.9066e-17	1.3691e-16
1.5281e+14	8.4643e-18	1.3765e-16
1.5292e+14	1.6726e-18	1.2644e-16
1.5304e+14	1.7619e-17	1.1914e-16
1.5315e+14	3.5293e-17	1.2594e-16
1.5327e+14	3.217e-17	1.3753e-16
1.5338e+14	1.4424e-17	1.364e-16
1.535e+14	7.6852e-18	1.1941e-16
1.5361e+14	2.1397e-17	1.0348e-16
1.5373e+14	3.6008e-17	1.0637e-16
1.5385e+14	3.0441e-17	1.2547e-16
1.5396e+14	1.162e-17	1.3983e-16
1.5408e+14	5.094e-18	1.333e-16
1.5419e+14	1.9699e-17	1.1168e-16
1.5431e+14	3.5154e-17	9.5091e-17
1.5442e+14	2.9866e-17	9.5667e-17
1.5454e+14	1.0678e-17	1.0663e-16
1.5466e+14	3.5309e-18	1.1306e-16
1.5477e+14	1.7887e-17	1.0953e-16
1.5489e+14	3.3843e-17	1.0393e-16
1.55e+14	2.9564e-17	1.0558e-16
1.5512e+14	1.1168e-17	1.1364e-16
1.5523e+14	4.0508e-18	1.1904e-16
1.5535e+14	1.7869e-17	1.1584e-16
1.5547e+14	3.3503e-17	1.0746e-16
1.5558e+14	2.9668e-17	1.0166e-16
1.557e+14	1.2122e-17	1.0137e-16
1.5581e+14	5.2421e-18	1.0234e-16
1.5593e+14	1.8023e-17	9.9143e-17
1.5604e+14	3.1833e-17	9.178e-17
1.5616e+14	2.6743e-17	8.5627e-17
1.5628e+14	9.6102e-18	8.56e-17
1.5639e+14	4.6912e-18	9.1045e-17
1.5651e+14	1.9728e-17	9.6276e-17
1.5662e+14	3.4674e-17	9.582e-17
1.5674e+14	2.9021e-17	8.935e-17
1.5685e+14	1.0139e-17	8.1931e-17
1.5697e+14	3.3899e-18	7.9393e-17
1.5709e+14	1.7483e-17	8.2943e-17
1.572e+14	3.2746e-17	8.8076e-17
1.5732e+14	2.8418e-17	8.9111e-17
1.5743e+14	1.1211e-17	8.5057e-17
1.5755e+14	5.7168e-18	8.0764e-17
1.5766e+14	2.0042e-17	8.1836e-17
1.5778e+14	3.433e-17	8.8581e-17
1.5789e+14	2.8201e-17	9.553e-17
1.5801e+14	9.2285e-18	9.6999e-17
1.5813e+14	2.9563e-18	9.2498e-17
1.5824e+14	1.791e-17	8.6246e-17
1.5836e+14	3.3695e-17	8.2106e-17
1.5847e+14	2.8664e-17	8.027e-17
1.5859e+14	9.3447e-18	7.9076e-17
1.587e+14	1.4454e-18	7.8587e-17
1.5882e+14	1.4971e-17	8.0682e-17
1.5894e+14	3.1185e-17	8.5585e-17
1.5905e+14	2.8747e-17	8.9933e-17
1.5917e+14	1.2618e-17	8.9696e-17
1.5928e+14	6.2242e-18	8.482e-17
1.594e+14	1.848e-17	7.9775e-17
1.5951e+14	3.1702e-17	7.8941e-17
1.5963e+14	2.682e-17	8.2029e-17
1.5975e+14	1.0335e-17	8.4781e-17
1.5986e+14	5.3047e-18	8.3935e-17
1.5998e+14	1.8979e-17	8.0688e-17
1.6009e+14	3.2385e-17	7.8989e-17
1.6021e+14	2.6642e-17	8.1072e-17
1.6032e+14	9.4954e-18	8.5322e-17
1.6044e+14	4.9489e-18	8.8319e-17
1.6056e+14	1.9982e-17	8.8196e-17
1.6067e+14	3.4445e-17	8.5744e-17
1.6079e+14	2.8463e-17	8.286e-17
1.609e+14	9.7653e-18	8.0675e-17
1.6102e+14	3.1857e-18	7.918e-17
1.6113e+14	1.6649e-17	7.7945e-17
1.6125e+14	3.0496e-17	7.666e-17
1.6136e+14	2.4858e-17	7.5155e-17
1.6148e+14	7.2868e-18	7.3462e-17
1.616e+14	2.3867e-18	7.2097e-17
1.6171e+14	1.7684e-17	7.1922e-17
1.6183e+14	3.2884e-17	7.3265e-17
1.6194e+14	2.7533e-17	7.5058e-17
1.6206e+14	9.1103e-18	7.521e-17
1.6217e+14	2.8237e-18	7.2334e-17
1.6229e+14	1.7074e-17	6.7367e-17
1.6241e+14	3.2062e-17	6.3327e-17
1.6252e+14	2.717e-17	6.3029e-17
1.6264e+14	9.3465e-18	6.6644e-17
1.6275e+14	3.3907e-18	7.1456e-17
1.6287e+14	1.7576e-17	7.4252e-17
1.6298e+14	3.2072e-17	7.4126e-17
1.631e+14	2.6225e-17	7.2888e-17
1.6322e+14	7.198e-18	7.2655e-17
1.6333e+14	4.9871e-19	7.3346e-17
1.6345e+14	1.5273e-17	7.3003e-17
1.6356e+14	3.1892e-17	7.0591e-17
1.6368e+14	2.8734e-17	6.7796e-17
1.6379e+14	1.1386e-17	6.7346e-17
1.6391e+14	4.4468e-18	6.9669e-17
1.6403e+14	1.7574e-17	7.21e-17
1.6414e+14	3.2521e-17	7.1926e-17
1.6426e+14	2.8598e-17	6.9671e-17
1.6437e+14	1.1138e-17	6.8333e-17
1.6449e+14	3.8517e-18	6.927e-17
1.646e+14	1.6028e-17	6.9956e-17
1.6472e+14	3.0028e-17	6.6837e-17
1.6484e+14	2.6064e-17	6.0092e-17
1.6495e+14	9.6608e-18	5.4268e-17
1.6507e+14	3.7586e-18	5.3556e-17
1.6518e+14	1.663e-17	5.7217e-17
1.653e+14	3.0256e-17	6.0696e-17
1.6541e+14	2.5346e-17	6.1037e-17
1.6553e+14	8.2892e-18	5.9919e-17
1.6564e+14	2.5694e-18	6.0764e-17
1.6576e+14	1.6335e-17	6.3932e-17
1.6588e+14	3.0921e-17	6.6268e-17
1.6599e+14	2.6319e-17	6.5431e-17
1.6611e+14	8.642e-18	6.3153e-17
1.6622e+14	1.792e-18	6.3026e-17
1.6634e+14	1.4793e-17	6.5687e-17
1.6645e+14	2.9641e-17	6.7765e-17
1.6657e+14	2.6212e-17	6.6139e-17
1.6669e+14	9.8328e-18	6.2184e-17
1.668e+14	3.6732e-18	6.0586e-17
1.6692e+14	1.6688e-17	6.4041e-17
1.6703e+14	3.1321e-17	7.0048e-17
1.6715e+14	2.774e-17	7.3291e-17
1.6726e+14	1.1057e-17	7.0625e-17
1.6738e+14	4.1492e-18	6.3415e-17
1.675e+14	1.6234e-17	5.5777e-17
1.6761e+14	3.051e-17	5.1479e-17
1.6773e+14	2.7557e-17	5.2188e-17
1.6784e+14	1.1901e-17	5.7112e-17
1.6796e+14	5.2441e-18	6.3254e-17
1.6807e+14	1.6173e-17	6.6754e-17
1.6819e+14	2.8485e-17	6.5587e-17
1.6831e+14	2.406e-17	6.1556e-17
1.6842e+14	8.2983e-18	5.8851e-17
1.6854e+14	2.7651e-18	5.9886e-17
1.6865e+14	1.5318e-17	6.2882e-17
1.6877e+14	2.9141e-17	6.4175e-17
1.6888e+14	2.5833e-17	6.2524e-17
1.69e+14	1.0551e-17	6.0027e-17
1.6912e+14	4.5625e-18	5.8677e-17
1.6923e+14	1.5754e-17	5.7485e-17
1.6935e+14	2.8e-17	5.4382e-17
1.6946e+14	2.3906e-17	5.0334e-17
1.6958e+14	9.1184e-18	4.9436e-17
1.6969e+14	4.4284e-18	5.3877e-17
1.6981e+14	1.675e-17	6.0097e-17
1.6992e+14	2.9383e-17	6.1906e-17
1.7004e+14	2.5118e-17	5.7552e-17
1.7016e+14	1.0089e-17	5.1986e-17
1.7027e+14	5.2309e-18	5.106e-17
1.7039e+14	1.7211e-17	5.4529e-17
1.705e+14	2.9224e-17	5.6587e-17
1.7062e+14	2.4464e-17	5.3246e-17
1.7073e+14	9.653e-18	4.7278e-17
1.7085e+14	5.7901e-18	4.465e-17
1.7097e+14	1.879e-17	4.7254e-17
1.7108e+14	3.0805e-17	5.1228e-17
1.712e+14	2.4626e-17	5.2533e-17
1.7131e+14	7.6918e-18	5.2071e-17
1.7143e+14	2.4355e-18	5.3665e-17
1.7154e+14	1.5896e-17	5.8036e-17
1.7166e+14	3.0174e-17	6.1165e-17
1.7178e+14	2.6775e-17	5.9359e-17
1.7189e+14	1.1449e-17	5.4238e-17
1.7201e+14	5.6652e-18	5.1018e-17
1.7212e+14	1.6867e-17	5.2297e-17
1.7224e+14	2.8582e-17	5.5321e-17
1.7235e+14	2.3728e-17	5.583e-17
1.7247e+14	8.5538e-18	5.3113e-17
1.7259e+14	4.0244e-18	4.9984e-17
1.727e+14	1.6703e-17	4.865e-17
1.7282e+14	2.9542e-17	4.8489e-17
1.7293e+14	2.534e-17	4.8186e-17
1.7305e+14	1.0374e-17	4.8215e-17
1.7316e+14	5.5421e-18	4.9646e-17
1.7328e+14	1.7404e-17	5.1347e-17
1.734e+14	2.9248e-17	5.0475e-17
1.7351e+14	2.4491e-17	4.6342e-17
1.7363e+14	9.8392e-18	4.2211e-17
1.7374e+14	5.9923e-18	4.1757e-17
1.7386e+14	1.8745e-17	4.4422e-17
1.7397e+14	3.063e-17	4.6035e-17
1.7409e+14	2.4903e-17	4.4307e-17
1.742e+14	8.8022e-18	4.1936e-17
1.7432e+14	3.8467e-18	4.2934e-17
1.7444e+14	1.6357e-17	4.6911e-17
1.7455e+14	2.8798e-17	4.9176e-17
1.7467e+14	2.3888e-17	4.6877e-17
1.7478e+14	8.2817e-18	4.3059e-17
1.749e+14	3.2621e-18	4.2908e-17
1.7501e+14	1.5377e-17	4.6836e-17
1.7513e+14	2.756e-17	4.9581e-17
1.7525e+14	2.2861e-17	4.6823e-17
1.7536e+14	7.8935e-18	4.0891e-17
1.7548e+14	3.5785e-18	3.8084e-17
1.7559e+14	1.6048e-17	4.1004e-17
1.7571e+14	2.801e-17	4.5662e-17
1.7582e+14	2.257e-17	4.6861e-17
1.7594e+14	6.6528e-18	4.4629e-17
1.7606e+14	1.6509e-18	4.3513e-17
1.7617e+14	1.417e-17	4.6118e-17
1.7629e+14	2.7133e-17	4.9635e-17
1.764e+14	2.3385e-17	4.9723e-17
1.7652e+14	9.1664e-18	4.6243e-17
1.7663e+14	5.1486e-18	4.3262e-17
1.7675e+14	1.7608e-17	4.3654e-17
1.7687e+14	2.9643e-17	4.5652e-17
1.7698e+14	2.4513e-17	4.5615e-17
1.771e+14	8.8024e-18	4.2905e-17
1.7721e+14	3.4168e-18	4.0378e-17
1.7733e+14	1.4918e-17	4.0383e-17
1.7744e+14	2.6739e-17	4.1993e-17
1.7756e+14	2.2228e-17	4.289e-17
1.7767e+14	7.5593e-18	4.2657e-17
1.7779e+14	2.9366e-18	4.2764e-17
1.7791e+14	1.4526e-17	4.3769e-17
1.7802e+14	2.6061e-17	4.4267e-17
1.7814e+14	2.1589e-17	4.3206e-17
1.7825e+14	7.6244e-18	4.1915e-17
1.7837e+14	3.9231e-18	4.248e-17
1.7848e+14	1.5797e-17	4.459e-17
1.786e+14	2.6579e-17	4.5601e-17
1.7872e+14	2.0846e-17	4.4107e-17
1.7883e+14	6.1747e-18	4.2093e-17
1.7895e+14	2.9999e-18	4.2373e-17
1.7906e+14	1.634e-17	4.4652e-17
1.7918e+14	2.8508e-17	4.5754e-17
1.7929e+14	2.315e-17	4.392e-17
1.7941e+14	7.6563e-18	4.1255e-17
1.7953e+14	3.0248e-18	4.0707e-17
1.7964e+14	1.5052e-17	4.1628e-17
1.7976e+14	2.6484e-17	4.0277e-17
1.7987e+14	2.0922e-17	3.5037e-17
1.7999e+14	5.5049e-18	2.9404e-17
1.801e+14	1.1276e-18	2.833e-17
1.8022e+14	1.3708e-17	3.2325e-17
1.8034e+14	2.6098e-17	3.6902e-17
1.8045e+14	2.1716e-17	3.8046e-17
1.8057e+14	7.2414e-18	3.6602e-17
1.8068e+14	3.155e-18	3.6087e-17
1.808e+14	1.5331e-17	3.7374e-17
1.8091e+14	2.6979e-17	3.7616e-17
1.8103e+14	2.1956e-17	3.4699e-17
1.8115e+14	7.114e-18	3.0782e-17
1.8126e+14	2.7583e-18	2.9858e-17
1.8138e+14	1.4506e-17	3.261e-17
1.8149e+14	2.5552e-17	3.5596e-17
1.8161e+14	2.0073e-17	3.5803e-17
1.8172e+14	5.3526e-18	3.4263e-17
1.8184e+14	1.8834e-18	3.394e-17
1.8195e+14	1.5011e-17	3.5211e-17
1.8207e+14	2.728e-17	3.5533e-17
1.8219e+14	2.2197e-17	3.3697e-17
1.823e+14	6.7804e-18	3.2253e-17
1.8242e+14	1.8882e-18	3.4139e-17
1.8253e+14	1.368e-17	3.7985e-17
1.8265e+14	2.5446e-17	3.9081e-17
1.8276e+14	2.0864e-17	3.5412e-17
1.8288e+14	6.4693e-18	3.0783e-17
1.83e+14	2.3903e-18	3.0352e-17
1.8311e+14	1.4371e-17	3.4037e-17
1.8323e+14	2.583e-17	3.652e-17
1.8334e+14	2.0854e-17	3.4126e-17
1.8346e+14	6.2134e-18	2.9729e-17
1.8357e+14	1.9372e-18	2.9229e-17
1.8369e+14	1.3583e-17	3.4171e-17
1.8381e+14	2.466e-17	3.999e-17
1.8392e+14	1.9659e-17	4.185e-17
1.8404e+14	5.6785e-18	4.017e-17
1.8415e+14	2.546e-18	3.8892e-17
1.8427e+14	1.5064e-17	3.9542e-17
1.8438e+14	2.5953e-17	3.9521e-17
1.845e+14	1.9557e-17	3.6606e-17
1.8462e+14	3.7128e-18	3.2844e-17
1.8473e+14	-6.0142e-19	3.1983e-17
1.8485e+14	1.2134e-17	3.403e-17
1.8496e+14	2.4396e-17	3.4856e-17
1.8508e+14	1.9575e-17	3.1862e-17
1.8519e+14	4.635e-18	2.7956e-17
1.8531e+14	4.0316e-19	2.7982e-17
1.8543e+14	1.2898e-17	3.2054e-17
1.8554e+14	2.5113e-17	3.4906e-17
1.8566e+14	2.0448e-17	3.2575e-17
1.8577e+14	5.4527e-18	2.7734e-17
1.8589e+14	6.6086e-19	2.6448e-17
1.86e+14	1.2301e-17	3.0377e-17
1.8612e+14	2.3909e-17	3.4595e-17
1.8623e+14	1.9269e-17	3.394e-17
1.8635e+14	4.8759e-18	2.9628e-17
1.8647e+14	9.4487e-19	2.7608e-17
1.8658e+14	1.3452e-17	3.0908e-17
1.867e+14	2.5839e-17	3.5901e-17
1.8681e+14	2.1765e-17	3.6998e-17
1.8693e+14	7.4423e-18	3.3414e-17
1.8704e+14	2.7958e-18	2.9522e-17
1.8716e+14	1.3798e-17	2.9074e-17
1.8728e+14	2.4296e-17	3.1134e-17
1.8739e+14	1.8585e-17	3.2367e-17
1.8751e+14	3.4485e-18	3.163e-17
1.8762e+14	-9.0408e-19	3.06e-17
1.8774e+14	1.14e-17	3.0526e-17
1.8785e+14	2.37e-17	3.0501e-17
1.8797e+14	1.9508e-17	2.9604e-17
1.8809e+14	4.9207e-18	2.9074e-17
1.882e+14	1.1999e-20	3.0644e-17
1.8832e+14	1.1216e-17	3.3328e-17
1.8843e+14	2.2728e-17	3.3889e-17
1.8855e+14	1.8545e-17	3.1114e-17
1.8866e+14	4.5587e-18	2.8084e-17
1.8878e+14	2.4596e-19	2.8663e-17
1.889e+14	1.165e-17	3.2408e-17
1.8901e+14	2.3049e-17	3.4788e-17
1.8913e+14	1.8739e-17	3.2838e-17
1.8924e+14	4.7062e-18	2.8956e-17
1.8936e+14	2.6053e-19	2.776e-17
1.8947e+14	1.1318e-17	3.0137e-17
1.8959e+14	2.2344e-17	3.2326e-17
1.8971e+14	1.8035e-17	3.111e-17
1.8982e+14	4.6099e-18	2.7987e-17
1.8994e+14	1.1855e-18	2.6772e-17
1.9005e+14	1.3146e-17	2.8204e-17
1.9017e+14	2.4415e-17	2.9133e-17
1.9028e+14	1.9444e-17	2.7347e-17
1.904e+14	4.6505e-18	2.5101e-17
1.9051e+14	-2.7744e-19	2.6142e-17
1.9063e+14	1.0714e-17	3.0215e-17
1.9075e+14	2.1931e-17	3.2798e-17
1.9086e+14	1.7665e-17	3.0821e-17
1.9098e+14	3.7846e-18	2.6771e-17
1.9109e+14	-4.9659e-19	2.5512e-17
1.9121e+14	1.0849e-17	2.7992e-17
1.9132e+14	2.2403e-17	3.0244e-17
1.9144e+14	1.8536e-17	2.8983e-17
1.9156e+14	4.7289e-18	2.6152e-17
1.9167e+14	-2.5411e-19	2.6225e-17
1.9179e+14	9.7843e-18	2.9956e-17
1.919e+14	2.0383e-17	3.3105e-17
1.9202e+14	1.6923e-17	3.1878e-17
1.9213e+14	4.9333e-18	2.7752e-17
1.9225e+14	1.9934e-18	2.5303e-17
1.9237e+14	1.2766e-17	2.6205e-17
1.9248e+14	2.2188e-17	2.755e-17
1.926e+14	1.6487e-17	2.6463e-17
1.9271e+14	2.7698e-18	2.4281e-17
1.9283e+14	-3.538e-19	2.4465e-17
1.9294e+14	1.1548e-17	2.7341e-17
1.9306e+14	2.2303e-17	2.9265e-17
1.9318e+14	1.7166e-17	2.7526e-17
1.9329e+14	3.1065e-18	2.4155e-17
1.9341e+14	-6.8047e-19	2.3225e-17
1.9352e+14	1.0891e-17	2.5288e-17
1.9364e+14	2.1833e-17	2.6694e-17
1.9375e+14	1.7108e-17	2.4774e-17
1.9387e+14	3.3125e-18	2.1669e-17
1.9398e+14	-4.6077e-19	2.1401e-17
1.941e+14	1.1046e-17	2.422e-17
1.9422e+14	2.2042e-17	2.6179e-17
1.9433e+14	1.7497e-17	2.4665e-17
1.9445e+14	3.8411e-18	2.2181e-17
1.9456e+14	-1.4507e-22	2.2924e-17
1.9468e+14	1.1208e-17	2.6698e-17
1.9479e+14	2.1794e-17	2.8758e-17
1.9491e+14	1.6905e-17	2.6162e-17
1.9503e+14	3.1333e-18	2.2124e-17
1.9514e+14	-5.1866e-19	2.2134e-17
1.9526e+14	1.1099e-17	2.6727e-17
1.9537e+14	2.2044e-17	3.0535e-17
1.9549e+14	1.7141e-17	2.9107e-17
1.956e+14	2.867e-18	2.4544e-17
1.9572e+14	-1.5148e-18	2.2546e-17
1.9584e+14	9.6217e-18	2.4868e-17
1.9595e+14	2.065e-17	2.7283e-17
1.9607e+14	1.6315e-17	2.5645e-17
1.9618e+14	2.7616e-18	2.1737e-17
1.963e+14	-9.9705e-19	2.0946e-17
1.9641e+14	1.0633e-17	2.4902e-17
1.9653e+14	2.2003e-17	2.8989e-17
1.9665e+14	1.7646e-17	2.8132e-17
1.9676e+14	3.4672e-18	2.3221e-17
1.9688e+14	-1.3571e-18	1.9817e-17
1.9699e+14	9.4456e-18	2.1103e-17
1.9711e+14	2.0922e-17	2.4376e-17
1.9722e+14	1.759e-17	2.5219e-17
1.9734e+14	4.4797e-18	2.324e-17
1.9746e+14	-2.6967e-19	2.1759e-17
1.9757e+14	9.362e-18	2.2562e-17
1.9769e+14	1.9229e-17	2.343e-17
1.978e+14	1.5044e-17	2.1773e-17
1.9792e+14	2.4468e-18	1.8884e-17
1.9803e+14	-7.9719e-19	1.8527e-17
1.9815e+14	1.041e-17	2.1712e-17
1.9826e+14	2.1176e-17	2.5018e-17
1.9838e+14	1.7017e-17	2.4965e-17
1.985e+14	3.8093e-18	2.2491e-17
1.9861e+14	-3.1093e-19	2.1417e-17
1.9873e+14	1.0098e-17	2.3099e-17
1.9884e+14	2.0429e-17	2.4677e-17
1.9896e+14	1.637e-17	2.3284e-17
1.9907e+14	3.733e-18	2.0246e-17
1.9919e+14	3.1789e-19	1.9367e-17
1.9931e+14	1.1104e-17	2.1661e-17
1.9942e+14	2.1153e-17	2.39e-17
1.9954e+14	1.6157e-17	2.3051e-17
1.9965e+14	2.2992e-18	2.0499e-17
1.9977e+14	-2.0307e-18	2.0163e-17
1.9988e+14	8.6553e-18	2.3068e-17
2e+14	1.9543e-17	2.5828e-17
