#Error on normalization	O = 3.358 %	H = 1.854 %
#Frequence (s-1)	S_O (s)	S_H (s)
0	3.9246e-14	3.7324e-15
1.6086e+11	3.9208e-14	3.554e-15
3.2172e+11	3.6022e-14	3.8264e-15
4.8257e+11	2.9517e-14	4.7044e-15
6.4343e+11	2.9201e-14	5.0939e-15
8.0429e+11	3.9454e-14	5.6113e-15
9.6515e+11	4.9165e-14	6.934e-15
1.126e+12	4.9428e-14	7.2923e-15
1.2869e+12	4.7844e-14	6.4363e-15
1.4477e+12	5.1946e-14	6.8944e-15
1.6086e+12	5.6187e-14	8.4245e-15
1.7694e+12	5.7035e-14	8.4935e-15
1.9303e+12	5.9735e-14	8.0513e-15
2.0912e+12	6.3411e-14	9.0355e-15
2.252e+12	6.2442e-14	9.711e-15
2.4129e+12	6.0969e-14	9.0753e-15
2.5737e+12	6.3613e-14	9.4931e-15
2.7346e+12	6.38e-14	1.0923e-14
2.8954e+12	6.0507e-14	1.0571e-14
3.0563e+12	6.451e-14	9.1893e-15
3.2172e+12	7.4403e-14	9.6314e-15
3.378e+12	7.5731e-14	1.1068e-14
3.5389e+12	6.9715e-14	1.1248e-14
3.6997e+12	7.0333e-14	1.0786e-14
3.8606e+12	7.6115e-14	1.1074e-14
4.0214e+12	7.6473e-14	1.188e-14
4.1823e+12	7.467e-14	1.2394e-14
4.3432e+12	7.7708e-14	1.208e-14
4.504e+12	8.0681e-14	1.1384e-14
4.6649e+12	7.9493e-14	1.1659e-14
4.8257e+12	7.8092e-14	1.2503e-14
4.9866e+12	7.5412e-14	1.2075e-14
5.1475e+12	6.8595e-14	1.1323e-14
5.3083e+12	6.6361e-14	1.2386e-14
5.4692e+12	7.4577e-14	1.3446e-14
5.63e+12	8.0186e-14	1.2256e-14
5.7909e+12	7.3653e-14	1.1354e-14
5.9517e+12	6.8414e-14	1.2735e-14
6.1126e+12	7.5145e-14	1.3538e-14
6.2735e+12	8.1116e-14	1.2411e-14
6.4343e+12	7.5855e-14	1.2054e-14
6.5952e+12	6.9811e-14	1.2971e-14
6.756e+12	7.1122e-14	1.3276e-14
6.9169e+12	7.3032e-14	1.3636e-14
7.0777e+12	7.362e-14	1.4829e-14
7.2386e+12	7.7684e-14	1.4835e-14
7.3995e+12	7.9063e-14	1.3563e-14
7.5603e+12	7.1405e-14	1.3658e-14
7.7212e+12	6.5984e-14	1.4634e-14
7.882e+12	7.025e-14	1.3971e-14
8.0429e+12	7.0092e-14	1.2846e-14
8.2038e+12	5.8685e-14	1.3435e-14
8.3646e+12	5.3069e-14	1.4305e-14
8.5255e+12	6.2321e-14	1.407e-14
8.6863e+12	7.2591e-14	1.4297e-14
8.8472e+12	7.4271e-14	1.5475e-14
9.008e+12	7.1742e-14	1.586e-14
9.1689e+12	6.7234e-14	1.5437e-14
9.3298e+12	6.2271e-14	1.5799e-14
9.4906e+12	6.2834e-14	1.6594e-14
9.6515e+12	6.5275e-14	1.6348e-14
9.8123e+12	5.9682e-14	1.5652e-14
9.9732e+12	5.3202e-14	1.6156e-14
1.0134e+13	5.9051e-14	1.7289e-14
1.0295e+13	6.7042e-14	1.6954e-14
1.0456e+13	6.0356e-14	1.5423e-14
1.0617e+13	4.8825e-14	1.5449e-14
1.0777e+13	5.0505e-14	1.7436e-14
1.0938e+13	5.8361e-14	1.8239e-14
1.1099e+13	5.6978e-14	1.666e-14
1.126e+13	5.1573e-14	1.5684e-14
1.1421e+13	5.301e-14	1.7048e-14
1.1582e+13	5.467e-14	1.8402e-14
1.1743e+13	4.7716e-14	1.7778e-14
1.1903e+13	4.0829e-14	1.6367e-14
1.2064e+13	4.427e-14	1.5922e-14
1.2225e+13	5.0329e-14	1.686e-14
1.2386e+13	4.8205e-14	1.8661e-14
1.2547e+13	4.3663e-14	1.9965e-14
1.2708e+13	4.5853e-14	1.9521e-14
1.2869e+13	4.884e-14	1.7888e-14
1.3029e+13	4.3976e-14	1.6769e-14
1.319e+13	3.6325e-14	1.701e-14
1.3351e+13	3.3234e-14	1.8231e-14
1.3512e+13	3.1727e-14	1.9346e-14
1.3673e+13	2.8918e-14	1.9331e-14
1.3834e+13	2.8773e-14	1.8578e-14
1.3995e+13	3.1533e-14	1.8428e-14
1.4155e+13	3.1957e-14	1.885e-14
1.4316e+13	2.9631e-14	1.8731e-14
1.4477e+13	2.8061e-14	1.8352e-14
1.4638e+13	2.7193e-14	1.8827e-14
1.4799e+13	2.6017e-14	1.9703e-14
1.496e+13	2.5623e-14	1.9708e-14
1.5121e+13	2.5286e-14	1.9008e-14
1.5282e+13	2.3339e-14	1.8734e-14
1.5442e+13	2.1337e-14	1.9054e-14
1.5603e+13	2.0854e-14	1.9119e-14
1.5764e+13	2.0561e-14	1.8661e-14
1.5925e+13	1.9857e-14	1.8476e-14
1.6086e+13	1.9194e-14	1.8762e-14
1.6247e+13	1.7516e-14	1.848e-14
1.6408e+13	1.529e-14	1.7677e-14
1.6568e+13	1.5455e-14	1.8092e-14
1.6729e+13	1.7307e-14	1.9681e-14
1.689e+13	1.6816e-14	2.0069e-14
1.7051e+13	1.4209e-14	1.9025e-14
1.7212e+13	1.2856e-14	1.8889e-14
1.7373e+13	1.2407e-14	1.9743e-14
1.7534e+13	1.0938e-14	1.9493e-14
1.7694e+13	9.8789e-15	1.8387e-14
1.7855e+13	1.0502e-14	1.8203e-14
1.8016e+13	1.0735e-14	1.8572e-14
1.8177e+13	9.5334e-15	1.8407e-14
1.8338e+13	8.8727e-15	1.8204e-14
1.8499e+13	9.3784e-15	1.8245e-14
1.866e+13	9.2896e-15	1.7911e-14
1.882e+13	8.4038e-15	1.7696e-14
1.8981e+13	8.2656e-15	1.8491e-14
1.9142e+13	8.6245e-15	1.9449e-14
1.9303e+13	8.0059e-15	1.9359e-14
1.9464e+13	7.0468e-15	1.8582e-14
1.9625e+13	7.2385e-15	1.7982e-14
1.9786e+13	7.6978e-15	1.7759e-14
1.9946e+13	7.007e-15	1.7929e-14
2.0107e+13	6.1057e-15	1.8588e-14
2.0268e+13	5.9709e-15	1.9676e-14
2.0429e+13	5.636e-15	2.0693e-14
2.059e+13	4.9942e-15	2.0489e-14
2.0751e+13	5.2987e-15	1.8622e-14
2.0912e+13	5.8538e-15	1.6939e-14
2.1072e+13	5.1347e-15	1.7355e-14
2.1233e+13	4.3701e-15	1.8643e-14
2.1394e+13	5.0926e-15	1.8588e-14
2.1555e+13	5.7561e-15	1.7718e-14
2.1716e+13	4.9185e-15	1.7476e-14
2.1877e+13	3.9677e-15	1.7327e-14
2.2038e+13	4.0428e-15	1.6861e-14
2.2198e+13	4.3252e-15	1.7351e-14
2.2359e+13	4.2557e-15	1.8615e-14
2.252e+13	4.0839e-15	1.839e-14
2.2681e+13	3.8129e-15	1.6608e-14
2.2842e+13	3.5067e-15	1.5808e-14
2.3003e+13	3.3556e-15	1.6448e-14
2.3164e+13	3.2351e-15	1.6684e-14
2.3324e+13	3.2188e-15	1.6649e-14
2.3485e+13	3.4148e-15	1.7639e-14
2.3646e+13	3.3461e-15	1.8175e-14
2.3807e+13	3.0357e-15	1.6543e-14
2.3968e+13	3.2126e-15	1.5118e-14
2.4129e+13	3.5013e-15	1.6362e-14
2.429e+13	3.0727e-15	1.7794e-14
2.445e+13	2.6345e-15	1.6658e-14
2.4611e+13	2.8227e-15	1.5243e-14
2.4772e+13	2.7851e-15	1.6151e-14
2.4933e+13	2.4708e-15	1.7324e-14
2.5094e+13	2.7592e-15	1.6435e-14
2.5255e+13	2.9837e-15	1.5049e-14
2.5416e+13	2.3852e-15	1.4991e-14
2.5576e+13	2.1699e-15	1.5327e-14
2.5737e+13	2.7642e-15	1.503e-14
2.5898e+13	2.7701e-15	1.4834e-14
2.6059e+13	2.2463e-15	1.5485e-14
2.622e+13	2.3438e-15	1.6423e-14
2.6381e+13	2.4154e-15	1.6397e-14
2.6542e+13	1.8443e-15	1.4958e-14
2.6702e+13	1.8162e-15	1.3484e-14
2.6863e+13	2.4247e-15	1.3616e-14
2.7024e+13	2.3082e-15	1.4659e-14
2.7185e+13	1.798e-15	1.4666e-14
2.7346e+13	1.9944e-15	1.36e-14
2.7507e+13	2.2615e-15	1.2984e-14
2.7668e+13	1.9812e-15	1.3314e-14
2.7828e+13	1.8136e-15	1.3828e-14
2.7989e+13	1.8262e-15	1.3855e-14
2.815e+13	1.6478e-15	1.3453e-14
2.8311e+13	1.7273e-15	1.3292e-14
2.8472e+13	2.03e-15	1.3601e-14
2.8633e+13	1.8224e-15	1.3475e-14
2.8794e+13	1.4988e-15	1.2569e-14
2.8954e+13	1.7222e-15	1.2129e-14
2.9115e+13	1.8435e-15	1.257e-14
2.9276e+13	1.5188e-15	1.2477e-14
2.9437e+13	1.4679e-15	1.1548e-14
2.9598e+13	1.6671e-15	1.1309e-14
2.9759e+13	1.5851e-15	1.2074e-14
2.992e+13	1.5276e-15	1.2531e-14
3.008e+13	1.6348e-15	1.2304e-14
3.0241e+13	1.4726e-15	1.214e-14
3.0402e+13	1.3051e-15	1.2311e-14
3.0563e+13	1.472e-15	1.2461e-14
3.0724e+13	1.4591e-15	1.2158e-14
3.0885e+13	1.2531e-15	1.1396e-14
3.1046e+13	1.4418e-15	1.0995e-14
3.1206e+13	1.6565e-15	1.1388e-14
3.1367e+13	1.4289e-15	1.1495e-14
3.1528e+13	1.3396e-15	1.0643e-14
3.1689e+13	1.496e-15	9.9444e-15
3.185e+13	1.3103e-15	9.9843e-15
3.2011e+13	1.1665e-15	9.9038e-15
3.2172e+13	1.5116e-15	9.7978e-15
3.2332e+13	1.576e-15	1.0561e-14
3.2493e+13	1.1552e-15	1.1418e-14
3.2654e+13	1.1e-15	1.1066e-14
3.2815e+13	1.2822e-15	1.011e-14
3.2976e+13	1.0838e-15	9.6749e-15
3.3137e+13	9.9935e-16	9.6448e-15
3.3298e+13	1.29e-15	9.7649e-15
3.3458e+13	1.2678e-15	1.0122e-14
3.3619e+13	1.0265e-15	1.0254e-14
3.378e+13	1.1423e-15	9.7827e-15
3.3941e+13	1.2164e-15	9.1666e-15
3.4102e+13	1.0161e-15	8.7334e-15
3.4263e+13	1.1073e-15	8.3969e-15
3.4424e+13	1.2859e-15	8.4205e-15
3.4584e+13	9.9045e-16	8.8523e-15
3.4745e+13	7.7097e-16	8.9632e-15
3.4906e+13	1.0271e-15	8.533e-15
3.5067e+13	1.1219e-15	8.3689e-15
3.5228e+13	9.7824e-16	8.7449e-15
3.5389e+13	1.0733e-15	8.8801e-15
3.555e+13	1.0934e-15	8.4446e-15
3.571e+13	8.3279e-16	8.1349e-15
3.5871e+13	8.6635e-16	8.3551e-15
3.6032e+13	1.1041e-15	8.5252e-15
3.6193e+13	9.4844e-16	8.2129e-15
3.6354e+13	7.3917e-16	7.872e-15
3.6515e+13	8.8545e-16	7.7677e-15
3.6676e+13	9.3179e-16	7.4462e-15
3.6836e+13	7.9418e-16	7.0452e-15
3.6997e+13	9.0478e-16	7.3955e-15
3.7158e+13	1.0422e-15	8.1885e-15
3.7319e+13	9.1598e-16	8.2604e-15
3.748e+13	8.9872e-16	7.8248e-15
3.7641e+13	1.0675e-15	7.9212e-15
3.7802e+13	1.0866e-15	8.2684e-15
3.7962e+13	1.0395e-15	8.0652e-15
3.8123e+13	1.0191e-15	7.641e-15
3.8284e+13	8.81e-16	7.6062e-15
3.8445e+13	8.9349e-16	7.9569e-15
3.8606e+13	1.1678e-15	8.4881e-15
3.8767e+13	1.1328e-15	8.685e-15
3.8928e+13	8.0818e-16	8.1363e-15
3.9088e+13	8.8151e-16	7.6882e-15
3.9249e+13	1.1419e-15	8.1542e-15
3.941e+13	1.0266e-15	8.5846e-15
3.9571e+13	9.4565e-16	8.3054e-15
3.9732e+13	1.1577e-15	8.3882e-15
3.9893e+13	1.1275e-15	8.9873e-15
4.0054e+13	9.5575e-16	8.8757e-15
4.0214e+13	1.1457e-15	8.5037e-15
4.0375e+13	1.282e-15	9.0786e-15
4.0536e+13	1.0418e-15	9.5019e-15
4.0697e+13	1.013e-15	8.6265e-15
4.0858e+13	1.2454e-15	7.8558e-15
4.1019e+13	1.157e-15	8.073e-15
4.118e+13	9.5869e-16	8.0951e-15
4.134e+13	1.0744e-15	7.9272e-15
4.1501e+13	1.1624e-15	8.7184e-15
4.1662e+13	1.0631e-15	9.5842e-15
4.1823e+13	1.073e-15	9.1144e-15
4.1984e+13	1.0708e-15	8.3419e-15
4.2145e+13	9.7117e-16	8.5851e-15
4.2306e+13	1.1241e-15	9.1124e-15
4.2466e+13	1.3434e-15	9.2189e-15
4.2627e+13	1.1878e-15	9.4974e-15
4.2788e+13	1.0618e-15	9.9807e-15
4.2949e+13	1.2962e-15	9.8046e-15
4.311e+13	1.3487e-15	9.0931e-15
4.3271e+13	1.141e-15	9.1271e-15
4.3432e+13	1.2553e-15	1.0246e-14
4.3592e+13	1.5002e-15	1.0947e-14
4.3753e+13	1.3582e-15	1.018e-14
4.3914e+13	1.189e-15	9.4285e-15
4.4075e+13	1.3338e-15	1.0299e-14
4.4236e+13	1.3873e-15	1.1444e-14
4.4397e+13	1.2326e-15	1.1193e-14
4.4558e+13	1.2392e-15	1.093e-14
4.4718e+13	1.383e-15	1.1956e-14
4.4879e+13	1.4283e-15	1.2517e-14
4.504e+13	1.4406e-15	1.1655e-14
4.5201e+13	1.4745e-15	1.1272e-14
4.5362e+13	1.463e-15	1.1772e-14
4.5523e+13	1.4374e-15	1.1342e-14
4.5684e+13	1.4044e-15	1.0518e-14
4.5845e+13	1.3761e-15	1.1368e-14
4.6005e+13	1.4692e-15	1.2894e-14
4.6166e+13	1.5839e-15	1.2883e-14
4.6327e+13	1.5211e-15	1.2166e-14
4.6488e+13	1.4648e-15	1.2465e-14
4.6649e+13	1.5819e-15	1.3119e-14
4.681e+13	1.6067e-15	1.306e-14
4.6971e+13	1.464e-15	1.2796e-14
4.7131e+13	1.4316e-15	1.2868e-14
4.7292e+13	1.495e-15	1.3021e-14
4.7453e+13	1.5018e-15	1.3175e-14
4.7614e+13	1.5557e-15	1.3361e-14
4.7775e+13	1.5977e-15	1.3334e-14
4.7936e+13	1.4664e-15	1.3163e-14
4.8097e+13	1.4253e-15	1.3241e-14
4.8257e+13	1.6278e-15	1.3528e-14
4.8418e+13	1.6916e-15	1.3658e-14
4.8579e+13	1.5191e-15	1.3469e-14
4.874e+13	1.4198e-15	1.2913e-14
4.8901e+13	1.343e-15	1.2016e-14
4.9062e+13	1.1961e-15	1.1169e-14
4.9223e+13	1.2506e-15	1.08e-14
4.9383e+13	1.4015e-15	1.0713e-14
4.9544e+13	1.2692e-15	1.0434e-14
4.9705e+13	1.1252e-15	1.0145e-14
4.9866e+13	1.2815e-15	1.0353e-14
5.0027e+13	1.3184e-15	1.0676e-14
5.0188e+13	1.0742e-15	1.0256e-14
5.0349e+13	1.0081e-15	9.3733e-15
5.0509e+13	1.0922e-15	8.9969e-15
5.067e+13	9.5746e-16	8.9222e-15
5.0831e+13	8.1605e-16	8.3329e-15
5.0992e+13	9.0408e-16	7.6913e-15
5.1153e+13	9.6005e-16	7.8687e-15
5.1314e+13	9.163e-16	8.251e-15
5.1475e+13	9.205e-16	7.8007e-15
5.1635e+13	8.4256e-16	6.9028e-15
5.1796e+13	7.0729e-16	6.5063e-15
5.1957e+13	7.786e-16	6.6367e-15
5.2118e+13	8.9205e-16	6.7944e-15
5.2279e+13	8.024e-16	6.7577e-15
5.244e+13	7.4679e-16	6.5156e-15
5.2601e+13	7.9392e-16	6.09e-15
5.2761e+13	6.9e-16	5.5541e-15
5.2922e+13	5.9543e-16	5.0985e-15
5.3083e+13	7.1199e-16	5.0091e-15
5.3244e+13	7.1593e-16	5.1945e-15
5.3405e+13	5.4361e-16	5.0752e-15
5.3566e+13	5.6745e-16	4.6081e-15
5.3727e+13	6.737e-16	4.5316e-15
5.3887e+13	5.7011e-16	4.8968e-15
5.4048e+13	5.1639e-16	4.8288e-15
5.4209e+13	6.1482e-16	4.227e-15
5.437e+13	5.34e-16	3.9021e-15
5.4531e+13	3.9324e-16	4.0031e-15
5.4692e+13	4.9039e-16	4.0601e-15
5.4853e+13	5.4033e-16	4.0292e-15
5.5013e+13	3.9417e-16	3.9558e-15
5.5174e+13	4.1411e-16	3.6572e-15
5.5335e+13	5.4952e-16	3.391e-15
5.5496e+13	4.6432e-16	3.5261e-15
5.5657e+13	3.6443e-16	3.6813e-15
5.5818e+13	4.4977e-16	3.4586e-15
5.5979e+13	4.5141e-16	3.2307e-15
5.6139e+13	3.702e-16	3.2619e-15
5.63e+13	4.3665e-16	3.2454e-15
5.6461e+13	4.6112e-16	3.1349e-15
5.6622e+13	3.2921e-16	3.1854e-15
5.6783e+13	3.4011e-16	3.2845e-15
5.6944e+13	4.7137e-16	3.2368e-15
5.7105e+13	4.3936e-16	3.1543e-15
5.7265e+13	3.7061e-16	3.0464e-15
5.7426e+13	4.097e-16	2.8202e-15
5.7587e+13	3.7864e-16	2.6891e-15
5.7748e+13	3.1496e-16	2.7771e-15
5.7909e+13	3.709e-16	2.7819e-15
5.807e+13	3.7639e-16	2.6407e-15
5.8231e+13	2.9932e-16	2.6938e-15
5.8391e+13	3.5457e-16	2.8612e-15
5.8552e+13	4.0343e-16	2.7124e-15
5.8713e+13	2.7787e-16	2.4042e-15
5.8874e+13	2.5763e-16	2.4219e-15
5.9035e+13	3.8657e-16	2.6041e-15
5.9196e+13	3.3856e-16	2.5196e-15
5.9357e+13	2.3574e-16	2.3499e-15
5.9517e+13	3.4207e-16	2.4018e-15
5.9678e+13	3.8967e-16	2.4385e-15
5.9839e+13	2.5802e-16	2.3098e-15
6e+13	2.7736e-16	2.3222e-15
6.0161e+13	3.9091e-16	2.4447e-15
6.0322e+13	3.1116e-16	2.2913e-15
6.0483e+13	2.3425e-16	2.0545e-15
6.0643e+13	3.0527e-16	2.1749e-15
6.0804e+13	2.7538e-16	2.3787e-15
6.0965e+13	2.0316e-16	2.2961e-15
6.1126e+13	3.0924e-16	2.24e-15
6.1287e+13	3.6657e-16	2.3725e-15
6.1448e+13	2.587e-16	2.3253e-15
6.1609e+13	2.7165e-16	2.161e-15
6.1769e+13	3.5431e-16	2.2412e-15
6.193e+13	2.6532e-16	2.2971e-15
6.2091e+13	2.1383e-16	2.0658e-15
6.2252e+13	3.2084e-16	1.9963e-15
6.2413e+13	3.0827e-16	2.216e-15
6.2574e+13	2.2485e-16	2.2041e-15
6.2735e+13	3.1165e-16	1.9995e-15
6.2895e+13	3.5497e-16	2.065e-15
6.3056e+13	2.2075e-16	2.163e-15
6.3217e+13	2.0533e-16	1.9371e-15
6.3378e+13	3.0537e-16	1.7662e-15
6.3539e+13	2.6511e-16	1.9119e-15
6.37e+13	2.2022e-16	2.025e-15
6.3861e+13	2.9337e-16	1.9724e-15
6.4021e+13	2.7602e-16	1.9445e-15
6.4182e+13	2.1595e-16	1.9247e-15
6.4343e+13	3.0308e-16	1.8942e-15
6.4504e+13	3.4275e-16	1.9259e-15
6.4665e+13	2.4127e-16	1.8678e-15
6.4826e+13	2.5072e-16	1.6915e-15
6.4987e+13	3.1473e-16	1.6937e-15
6.5147e+13	2.259e-16	1.842e-15
6.5308e+13	1.935e-16	1.8555e-15
6.5469e+13	3.1811e-16	1.8954e-15
6.563e+13	3.1668e-16	2.0916e-15
6.5791e+13	2.2452e-16	2.0735e-15
6.5952e+13	2.7929e-16	1.8258e-15
6.6113e+13	3.1084e-16	1.821e-15
6.6273e+13	2.1155e-16	1.9773e-15
6.6434e+13	2.2823e-16	1.8736e-15
6.6595e+13	3.0697e-16	1.686e-15
6.6756e+13	2.2155e-16	1.7121e-15
6.6917e+13	1.6947e-16	1.7797e-15
6.7078e+13	2.7356e-16	1.7791e-15
6.7239e+13	2.6458e-16	1.7748e-15
6.7399e+13	1.6635e-16	1.667e-15
6.756e+13	2.2292e-16	1.5705e-15
6.7721e+13	2.7489e-16	1.767e-15
6.7882e+13	1.8864e-16	1.9635e-15
6.8043e+13	2.0142e-16	1.7828e-15
6.8204e+13	3.0062e-16	1.624e-15
6.8365e+13	2.5806e-16	1.806e-15
6.8525e+13	2.0372e-16	1.8713e-15
6.8686e+13	2.6113e-16	1.6534e-15
6.8847e+13	2.4553e-16	1.6213e-15
6.9008e+13	1.9198e-16	1.7971e-15
6.9169e+13	2.6595e-16	1.7969e-15
6.933e+13	2.9091e-16	1.7134e-15
6.9491e+13	1.8982e-16	1.7762e-15
6.9651e+13	2.0581e-16	1.804e-15
6.9812e+13	2.8728e-16	1.6867e-15
6.9973e+13	2.2303e-16	1.6073e-15
7.0134e+13	1.8813e-16	1.6258e-15
7.0295e+13	2.8204e-16	1.6797e-15
7.0456e+13	2.6083e-16	1.7703e-15
7.0617e+13	1.6997e-16	1.8514e-15
7.0777e+13	2.346e-16	1.8689e-15
7.0938e+13	2.8299e-16	1.8415e-15
7.1099e+13	1.9261e-16	1.7528e-15
7.126e+13	2.015e-16	1.679e-15
7.1421e+13	2.8895e-16	1.8075e-15
7.1582e+13	2.3766e-16	2.0036e-15
7.1743e+13	1.9881e-16	1.942e-15
7.1903e+13	2.849e-16	1.7516e-15
7.2064e+13	2.6515e-16	1.7403e-15
7.2225e+13	1.7046e-16	1.8024e-15
7.2386e+13	2.3527e-16	1.8187e-15
7.2547e+13	3.0731e-16	1.9183e-15
7.2708e+13	2.2772e-16	1.9615e-15
7.2869e+13	2.0446e-16	1.7519e-15
7.3029e+13	2.7108e-16	1.63e-15
7.319e+13	2.4641e-16	1.8496e-15
7.3351e+13	2.216e-16	2.001e-15
7.3512e+13	2.8176e-16	1.8363e-15
7.3673e+13	2.6305e-16	1.724e-15
7.3834e+13	2.1239e-16	1.8825e-15
7.3995e+13	2.8891e-16	2.0874e-15
7.4155e+13	3.2068e-16	2.1314e-15
7.4316e+13	2.1268e-16	1.9871e-15
7.4477e+13	1.9879e-16	1.8116e-15
7.4638e+13	2.8239e-16	1.8485e-15
7.4799e+13	2.6763e-16	1.9935e-15
7.496e+13	2.4743e-16	1.9499e-15
7.5121e+13	3.0294e-16	1.891e-15
7.5282e+13	2.7464e-16	2.0621e-15
7.5442e+13	2.101e-16	2.1061e-15
7.5603e+13	2.5703e-16	1.8103e-15
7.5764e+13	2.6544e-16	1.66e-15
7.5925e+13	1.8601e-16	1.8352e-15
7.6086e+13	2.3015e-16	1.8946e-15
7.6247e+13	3.1861e-16	1.8063e-15
7.6408e+13	2.4582e-16	1.9216e-15
7.6568e+13	1.9107e-16	2.1082e-15
7.6729e+13	2.7528e-16	2.0926e-15
7.689e+13	2.7453e-16	2.0301e-15
7.7051e+13	1.9545e-16	2.0268e-15
7.7212e+13	2.4062e-16	1.9733e-15
7.7373e+13	2.9329e-16	1.969e-15
7.7534e+13	2.393e-16	2.0762e-15
7.7694e+13	2.489e-16	2.0817e-15
7.7855e+13	3.0855e-16	2.0188e-15
7.8016e+13	2.6092e-16	2.1225e-15
7.8177e+13	2.3044e-16	2.2205e-15
7.8338e+13	2.9943e-16	2.097e-15
7.8499e+13	2.9305e-16	2.0355e-15
7.866e+13	2.3903e-16	2.2088e-15
7.882e+13	2.8454e-16	2.3026e-15
7.8981e+13	2.9746e-16	2.2169e-15
7.9142e+13	2.2311e-16	2.2348e-15
7.9303e+13	2.5697e-16	2.3872e-15
7.9464e+13	3.4387e-16	2.4729e-15
7.9625e+13	3.0026e-16	2.4972e-15
7.9786e+13	2.698e-16	2.5245e-15
7.9946e+13	3.5109e-16	2.4987e-15
8.0107e+13	3.5746e-16	2.4558e-15
8.0268e+13	2.9881e-16	2.4813e-15
8.0429e+13	3.2801e-16	2.4999e-15
8.059e+13	3.3962e-16	2.4538e-15
8.0751e+13	2.8243e-16	2.45e-15
8.0912e+13	3.1763e-16	2.5271e-15
8.1072e+13	3.8017e-16	2.581e-15
8.1233e+13	3.2882e-16	2.5736e-15
8.1394e+13	3.2086e-16	2.5583e-15
8.1555e+13	3.9958e-16	2.5614e-15
8.1716e+13	3.5315e-16	2.5982e-15
8.1877e+13	2.5907e-16	2.6896e-15
8.2038e+13	3.2707e-16	2.8099e-15
8.2198e+13	4.0217e-16	2.9158e-15
8.2359e+13	3.5504e-16	2.9776e-15
8.252e+13	3.5534e-16	2.9508e-15
8.2681e+13	3.9959e-16	2.8684e-15
8.2842e+13	3.5962e-16	2.9125e-15
8.3003e+13	3.6631e-16	3.1539e-15
8.3164e+13	4.6827e-16	3.3434e-15
8.3324e+13	4.6245e-16	3.2661e-15
8.3485e+13	3.7532e-16	3.1e-15
8.3646e+13	3.7937e-16	3.0989e-15
8.3807e+13	3.9364e-16	3.2047e-15
8.3968e+13	3.7098e-16	3.2531e-15
8.4129e+13	4.2545e-16	3.217e-15
8.429e+13	4.6017e-16	3.114e-15
8.445e+13	3.7833e-16	3.0432e-15
8.4611e+13	3.7366e-16	3.1913e-15
8.4772e+13	4.5964e-16	3.4678e-15
8.4933e+13	4.2449e-16	3.5578e-15
8.5094e+13	3.8484e-16	3.5055e-15
8.5255e+13	4.9272e-16	3.5523e-15
8.5416e+13	4.9868e-16	3.5438e-15
8.5576e+13	3.5277e-16	3.3699e-15
8.5737e+13	3.7439e-16	3.421e-15
8.5898e+13	5.0157e-16	3.7359e-15
8.6059e+13	4.5097e-16	3.731e-15
8.622e+13	3.9379e-16	3.4174e-15
8.6381e+13	4.9984e-16	3.4535e-15
8.6542e+13	5.2264e-16	3.7464e-15
8.6702e+13	4.1619e-16	3.664e-15
8.6863e+13	4.1281e-16	3.4045e-15
8.7024e+13	4.5545e-16	3.5377e-15
8.7185e+13	4.229e-16	3.8333e-15
8.7346e+13	4.4753e-16	3.8407e-15
8.7507e+13	5.0479e-16	3.7219e-15
8.7668e+13	4.4539e-16	3.7286e-15
8.7828e+13	4.2101e-16	3.8072e-15
8.7989e+13	5.3328e-16	3.9332e-15
8.815e+13	5.5684e-16	4.0808e-15
8.8311e+13	4.6941e-16	4.1104e-15
8.8472e+13	4.8508e-16	4.0899e-15
8.8633e+13	5.4227e-16	4.2215e-15
8.8794e+13	5.1291e-16	4.4207e-15
8.8954e+13	5.2174e-16	4.4851e-15
8.9115e+13	5.8316e-16	4.4459e-15
8.9276e+13	5.554e-16	4.4352e-15
8.9437e+13	5.1116e-16	4.5139e-15
8.9598e+13	5.4503e-16	4.6656e-15
8.9759e+13	5.4279e-16	4.7549e-15
8.992e+13	4.9226e-16	4.6584e-15
9.008e+13	5.0014e-16	4.4642e-15
9.0241e+13	5.2642e-16	4.3605e-15
9.0402e+13	5.4759e-16	4.4605e-15
9.0563e+13	6.1736e-16	4.7285e-15
9.0724e+13	6.2885e-16	4.9346e-15
9.0885e+13	5.3824e-16	4.9565e-15
9.1046e+13	5.4976e-16	5.0363e-15
9.1206e+13	6.6041e-16	5.2677e-15
9.1367e+13	6.4767e-16	5.3587e-15
9.1528e+13	5.9872e-16	5.3427e-15
9.1689e+13	6.7713e-16	5.5165e-15
9.185e+13	7.0306e-16	5.6225e-15
9.2011e+13	6.1717e-16	5.428e-15
9.2172e+13	6.5585e-16	5.457e-15
9.2332e+13	7.6769e-16	5.8157e-15
9.2493e+13	7.2513e-16	5.8005e-15
9.2654e+13	6.5962e-16	5.5325e-15
9.2815e+13	7.198e-16	5.772e-15
9.2976e+13	7.4299e-16	6.1491e-15
9.3137e+13	6.9921e-16	6.0641e-15
9.3298e+13	7.3631e-16	6.1379e-15
9.3458e+13	7.8511e-16	6.602e-15
9.3619e+13	7.5695e-16	6.5881e-15
9.378e+13	7.5842e-16	6.2572e-15
9.3941e+13	7.839e-16	6.5393e-15
9.4102e+13	7.4327e-16	6.8651e-15
9.4263e+13	7.2333e-16	6.4023e-15
9.4424e+13	7.6673e-16	6.0494e-15
9.4584e+13	7.8359e-16	6.5052e-15
9.4745e+13	8.167e-16	6.8955e-15
9.4906e+13	8.8777e-16	6.8632e-15
9.5067e+13	8.5647e-16	7.0529e-15
9.5228e+13	7.9039e-16	7.3441e-15
9.5389e+13	8.6751e-16	7.2217e-15
9.555e+13	9.1404e-16	6.9286e-15
9.571e+13	7.6924e-16	6.7325e-15
9.5871e+13	6.8615e-16	6.6954e-15
9.6032e+13	7.9353e-16	7.1982e-15
9.6193e+13	8.8622e-16	8.0042e-15
9.6354e+13	9.3205e-16	8.1174e-15
9.6515e+13	9.9454e-16	7.6064e-15
9.6676e+13	9.478e-16	7.4261e-15
9.6836e+13	8.3722e-16	7.4939e-15
9.6997e+13	8.5864e-16	7.2579e-15
9.7158e+13	8.8563e-16	7.0806e-15
9.7319e+13	8.0943e-16	7.3118e-15
9.748e+13	8.7467e-16	7.6308e-15
9.7641e+13	1.0521e-15	7.8866e-15
9.7802e+13	1.0025e-15	8.0247e-15
9.7962e+13	8.6072e-16	7.8787e-15
9.8123e+13	9.5433e-16	7.9271e-15
9.8284e+13	1.0895e-15	8.6637e-15
9.8445e+13	1.0666e-15	9.3955e-15
9.8606e+13	1.0907e-15	9.4507e-15
9.8767e+13	1.165e-15	9.3029e-15
9.8928e+13	1.0987e-15	9.2534e-15
9.9088e+13	1.0452e-15	9.0051e-15
9.9249e+13	1.1287e-15	8.8253e-15
9.941e+13	1.1477e-15	9.1621e-15
9.9571e+13	1.1299e-15	9.7869e-15
9.9732e+13	1.256e-15	1.0356e-14
9.9893e+13	1.3209e-15	1.0532e-14
1.0005e+14	1.1867e-15	1.0014e-14
1.0021e+14	1.1516e-15	9.6229e-15
1.0038e+14	1.2814e-15	1.0361e-14
1.0054e+14	1.3134e-15	1.1193e-14
1.007e+14	1.2993e-15	1.0883e-14
1.0086e+14	1.382e-15	1.0625e-14
1.0102e+14	1.3795e-15	1.1462e-14
1.0118e+14	1.2723e-15	1.2135e-14
1.0134e+14	1.3076e-15	1.2029e-14
1.015e+14	1.3986e-15	1.2078e-14
1.0166e+14	1.3169e-15	1.2087e-14
1.0182e+14	1.2242e-15	1.1556e-14
1.0198e+14	1.2825e-15	1.15e-14
1.0214e+14	1.3166e-15	1.1985e-14
1.0231e+14	1.2606e-15	1.1587e-14
1.0247e+14	1.2749e-15	1.087e-14
1.0263e+14	1.3839e-15	1.1445e-14
1.0279e+14	1.5006e-15	1.2441e-14
1.0295e+14	1.5914e-15	1.2643e-14
1.0311e+14	1.6104e-15	1.2823e-14
1.0327e+14	1.5411e-15	1.2884e-14
1.0343e+14	1.4398e-15	1.1828e-14
1.0359e+14	1.3413e-15	1.1166e-14
1.0375e+14	1.322e-15	1.2419e-14
1.0391e+14	1.4549e-15	1.3423e-14
1.0408e+14	1.5481e-15	1.245e-14
1.0424e+14	1.4018e-15	1.1587e-14
1.044e+14	1.2463e-15	1.2192e-14
1.0456e+14	1.3306e-15	1.258e-14
1.0472e+14	1.4715e-15	1.2033e-14
1.0488e+14	1.508e-15	1.1863e-14
1.0504e+14	1.5501e-15	1.2514e-14
1.052e+14	1.5704e-15	1.3243e-14
1.0536e+14	1.4951e-15	1.3447e-14
1.0552e+14	1.5138e-15	1.3009e-14
1.0568e+14	1.678e-15	1.276e-14
1.0584e+14	1.7223e-15	1.3568e-14
1.0601e+14	1.6087e-15	1.4425e-14
1.0617e+14	1.5574e-15	1.4061e-14
1.0633e+14	1.5764e-15	1.3347e-14
1.0649e+14	1.5618e-15	1.3071e-14
1.0665e+14	1.5323e-15	1.2337e-14
1.0681e+14	1.4638e-15	1.1452e-14
1.0697e+14	1.3395e-15	1.1858e-14
1.0713e+14	1.2825e-15	1.2587e-14
1.0729e+14	1.3133e-15	1.198e-14
1.0745e+14	1.3588e-15	1.1364e-14
1.0761e+14	1.477e-15	1.214e-14
1.0777e+14	1.5821e-15	1.27e-14
1.0794e+14	1.4091e-15	1.1998e-14
1.081e+14	1.1156e-15	1.1524e-14
1.0826e+14	1.1067e-15	1.1724e-14
1.0842e+14	1.2467e-15	1.1321e-14
1.0858e+14	1.208e-15	1.0407e-14
1.0874e+14	1.1644e-15	1.0034e-14
1.089e+14	1.2685e-15	9.9463e-15
1.0906e+14	1.2502e-15	9.591e-15
1.0922e+14	1.0682e-15	9.3379e-15
1.0938e+14	1.0057e-15	9.2959e-15
1.0954e+14	1.0493e-15	9.0775e-15
1.0971e+14	1.0232e-15	8.8778e-15
1.0987e+14	9.9207e-16	8.9917e-15
1.1003e+14	1.0026e-15	8.967e-15
1.1019e+14	9.7881e-16	8.4745e-15
1.1035e+14	9.6201e-16	7.9932e-15
1.1051e+14	9.692e-16	7.8964e-15
1.1067e+14	9.2629e-16	7.8565e-15
1.1083e+14	9.2307e-16	7.604e-15
1.1099e+14	9.9898e-16	7.3939e-15
1.1115e+14	9.2976e-16	7.2993e-15
1.1131e+14	7.3107e-16	6.9433e-15
1.1147e+14	7.2204e-16	6.4547e-15
1.1164e+14	8.4403e-16	6.5061e-15
1.118e+14	7.8615e-16	6.8353e-15
1.1196e+14	6.5192e-16	6.4309e-15
1.1212e+14	6.6873e-16	5.5971e-15
1.1228e+14	7.1243e-16	5.5566e-15
1.1244e+14	6.7261e-16	5.9941e-15
1.126e+14	6.4211e-16	5.664e-15
1.1276e+14	6.1224e-16	4.8805e-15
1.1292e+14	5.6192e-16	4.756e-15
1.1308e+14	5.7888e-16	5.0662e-15
1.1324e+14	5.9197e-16	4.9866e-15
1.134e+14	4.9514e-16	4.5138e-15
1.1357e+14	4.4532e-16	4.0189e-15
1.1373e+14	5.2415e-16	3.8098e-15
1.1389e+14	5.5085e-16	4.1246e-15
1.1405e+14	5.1168e-16	4.5404e-15
1.1421e+14	5.3692e-16	4.38e-15
1.1437e+14	5.3376e-16	3.9689e-15
1.1453e+14	4.4139e-16	3.929e-15
1.1469e+14	4.2405e-16	3.8805e-15
1.1485e+14	4.6974e-16	3.4794e-15
1.1501e+14	4.1888e-16	3.3143e-15
1.1517e+14	3.5911e-16	3.5544e-15
1.1534e+14	3.9539e-16	3.5387e-15
1.155e+14	4.0071e-16	3.1718e-15
1.1566e+14	3.5231e-16	2.946e-15
1.1582e+14	3.5971e-16	2.8959e-15
1.1598e+14	3.6015e-16	2.8378e-15
1.1614e+14	3.0544e-16	2.8066e-15
1.163e+14	3.1655e-16	2.718e-15
1.1646e+14	3.7039e-16	2.5518e-15
1.1662e+14	3.4371e-16	2.5693e-15
1.1678e+14	3.072e-16	2.6684e-15
1.1694e+14	3.1291e-16	2.4715e-15
1.171e+14	2.6503e-16	2.1934e-15
1.1727e+14	2.175e-16	2.2187e-15
1.1743e+14	2.6845e-16	2.2951e-15
1.1759e+14	2.9174e-16	2.1847e-15
1.1775e+14	2.3501e-16	2.1294e-15
1.1791e+14	2.3696e-16	2.1081e-15
1.1807e+14	2.5763e-16	1.8681e-15
1.1823e+14	1.9321e-16	1.6651e-15
1.1839e+14	1.8017e-16	1.8027e-15
1.1855e+14	2.6004e-16	1.9704e-15
1.1871e+14	2.5027e-16	1.8838e-15
1.1887e+14	1.8798e-16	1.7698e-15
1.1903e+14	2.2714e-16	1.7908e-15
1.192e+14	2.4496e-16	1.8074e-15
1.1936e+14	1.6185e-16	1.7637e-15
1.1952e+14	1.5332e-16	1.7061e-15
1.1968e+14	2.1015e-16	1.6057e-15
1.1984e+14	1.713e-16	1.4673e-15
1.2e+14	1.3338e-16	1.3851e-15
1.2016e+14	1.9084e-16	1.4064e-15
1.2032e+14	1.9342e-16	1.4659e-15
1.2048e+14	1.3716e-16	1.4604e-15
1.2064e+14	1.6777e-16	1.3956e-15
1.208e+14	2.0014e-16	1.3699e-15
1.2097e+14	1.4146e-16	1.3507e-15
1.2113e+14	1.3015e-16	1.2512e-15
1.2129e+14	1.8019e-16	1.202e-15
1.2145e+14	1.5459e-16	1.2813e-15
1.2161e+14	1.1294e-16	1.2364e-15
1.2177e+14	1.3826e-16	1.0058e-15
1.2193e+14	1.3211e-16	9.4402e-16
1.2209e+14	9.9555e-17	1.0947e-15
1.2225e+14	1.3365e-16	1.0859e-15
1.2241e+14	1.4534e-16	9.3116e-16
1.2257e+14	8.8163e-17	9.5595e-16
1.2273e+14	9.5235e-17	1.0633e-15
1.229e+14	1.3983e-16	9.8775e-16
1.2306e+14	1.0038e-16	8.6579e-16
1.2322e+14	7.6505e-17	8.8427e-16
1.2338e+14	1.2943e-16	9.1728e-16
1.2354e+14	1.1476e-16	8.5828e-16
1.237e+14	5.5001e-17	8.0088e-16
1.2386e+14	9.3556e-17	8.2592e-16
1.2402e+14	1.3598e-16	9.0437e-16
1.2418e+14	8.8586e-17	9.2661e-16
1.2434e+14	7.7567e-17	8.268e-16
1.245e+14	1.1167e-16	7.3558e-16
1.2466e+14	7.9738e-17	7.6695e-16
1.2483e+14	5.9388e-17	7.8136e-16
1.2499e+14	1.0853e-16	7.0107e-16
1.2515e+14	9.9443e-17	6.8244e-16
1.2531e+14	4.992e-17	7.25e-16
1.2547e+14	8.3661e-17	6.7821e-16
1.2563e+14	1.0924e-16	6.2871e-16
1.2579e+14	5.3425e-17	6.7306e-16
1.2595e+14	4.9143e-17	6.4602e-16
1.2611e+14	9.4514e-17	5.3568e-16
1.2627e+14	6.683e-17	5.5466e-16
1.2643e+14	4.3045e-17	6.3773e-16
1.266e+14	9.1314e-17	5.9056e-16
1.2676e+14	8.9165e-17	5.3472e-16
1.2692e+14	4.3842e-17	5.8346e-16
1.2708e+14	7.1014e-17	5.8162e-16
1.2724e+14	8.9411e-17	5.123e-16
1.274e+14	3.6031e-17	5.166e-16
1.2756e+14	3.8594e-17	5.2745e-16
1.2772e+14	8.7455e-17	4.6434e-16
1.2788e+14	5.9017e-17	4.5231e-16
1.2804e+14	3.1398e-17	5.0211e-16
1.282e+14	7.6114e-17	4.8031e-16
1.2836e+14	7.3896e-17	4.2627e-16
1.2853e+14	2.8245e-17	4.2531e-16
1.2869e+14	5.2841e-17	4.1749e-16
1.2885e+14	7.3275e-17	3.9859e-16
1.2901e+14	2.6527e-17	4.217e-16
1.2917e+14	3.008e-17	4.2282e-16
1.2933e+14	7.4936e-17	3.8416e-16
1.2949e+14	4.6854e-17	3.9043e-16
1.2965e+14	2.0371e-17	3.9367e-16
1.2981e+14	6.004e-17	3.2631e-16
1.2997e+14	5.489e-17	3.0035e-16
1.3013e+14	1.5606e-17	3.4905e-16
1.3029e+14	4.7413e-17	3.4757e-16
1.3046e+14	6.9726e-17	3.1602e-16
1.3062e+14	2.3492e-17	3.3597e-16
1.3078e+14	2.5933e-17	3.264e-16
1.3094e+14	6.5338e-17	2.7416e-16
1.311e+14	3.3078e-17	2.9071e-16
1.3126e+14	8.6701e-18	3.1917e-16
1.3142e+14	5.2676e-17	2.7132e-16
1.3158e+14	5.0035e-17	2.5994e-16
1.3174e+14	1.0838e-17	3.0563e-16
1.319e+14	3.9349e-17	2.7056e-16
1.3206e+14	5.7843e-17	2.1873e-16
1.3223e+14	1.3435e-17	2.7477e-16
1.3239e+14	2.1705e-17	3.1202e-16
1.3255e+14	6.3416e-17	2.5951e-16
1.3271e+14	2.9686e-17	2.5853e-16
1.3287e+14	4.9079e-18	2.9237e-16
1.3303e+14	4.9075e-17	2.4314e-16
1.3319e+14	4.4293e-17	2.0592e-16
1.3335e+14	2.5402e-18	2.418e-16
1.3351e+14	3.0653e-17	2.2281e-16
1.3367e+14	4.985e-17	1.7517e-16
1.3383e+14	5.9364e-18	2.2002e-16
1.3399e+14	1.4824e-17	2.5206e-16
1.3416e+14	5.7081e-17	1.9139e-16
1.3432e+14	2.3547e-17	1.7855e-16
1.3448e+14	-3.2825e-19	2.2391e-16
1.3464e+14	4.5404e-17	1.9976e-16
1.348e+14	4.0597e-17	1.6626e-16
1.3496e+14	-2.637e-18	1.982e-16
1.3512e+14	2.6058e-17	1.9017e-16
1.3528e+14	4.7608e-17	1.4067e-16
1.3544e+14	2.9133e-18	1.6312e-16
1.356e+14	8.5853e-18	1.9916e-16
1.3576e+14	5.1641e-17	1.714e-16
1.3592e+14	2.1944e-17	1.6424e-16
1.3609e+14	-2.5018e-18	1.8491e-16
1.3625e+14	3.9427e-17	1.5585e-16
1.3641e+14	3.502e-17	1.4006e-16
1.3657e+14	-4.8615e-18	1.7997e-16
1.3673e+14	2.4259e-17	1.7539e-16
1.3689e+14	4.5168e-17	1.3978e-16
1.3705e+14	2.2194e-18	1.6677e-16
1.3721e+14	8.8564e-18	1.8546e-16
1.3737e+14	5.0282e-17	1.427e-16
1.3753e+14	1.9899e-17	1.4075e-16
1.3769e+14	-3.624e-18	1.7257e-16
1.3786e+14	3.8464e-17	1.4452e-16
1.3802e+14	3.4411e-17	1.2558e-16
1.3818e+14	-4.1587e-18	1.7033e-16
1.3834e+14	2.4272e-17	1.7243e-16
1.385e+14	4.2447e-17	1.2921e-16
1.3866e+14	-1.2639e-18	1.3975e-16
1.3882e+14	6.419e-18	1.5551e-16
1.3898e+14	4.7026e-17	1.2337e-16
1.3914e+14	1.5036e-17	1.2525e-16
1.393e+14	-7.4158e-18	1.5237e-16
1.3946e+14	3.6399e-17	1.2405e-16
1.3962e+14	3.1166e-17	1.0619e-16
1.3979e+14	-8.6548e-18	1.4591e-16
1.3995e+14	2.2359e-17	1.4638e-16
1.4011e+14	4.313e-17	1.1137e-16
1.4027e+14	-3.118e-18	1.2725e-16
1.4043e+14	6.2132e-19	1.3628e-16
1.4059e+14	4.1981e-17	9.6321e-17
1.4075e+14	1.341e-17	1.0434e-16
1.4091e+14	-7.5087e-18	1.48e-16
1.4107e+14	3.6646e-17	1.2609e-16
1.4123e+14	3.1281e-17	9.6487e-17
1.4139e+14	-1.0545e-17	1.2515e-16
1.4155e+14	1.9281e-17	1.2816e-16
1.4172e+14	4.2606e-17	9.6201e-17
1.4188e+14	-1.3834e-18	1.122e-16
1.4204e+14	1.554e-18	1.3419e-16
1.422e+14	4.328e-17	1.096e-16
1.4236e+14	1.6385e-17	1.0719e-16
1.4252e+14	-6.6739e-18	1.2921e-16
1.4268e+14	3.4208e-17	1.0977e-16
1.4284e+14	3.0492e-17	9.4149e-17
1.43e+14	-9.0242e-18	1.1753e-16
1.4316e+14	1.8302e-17	1.0922e-16
1.4332e+14	3.9458e-17	8.1893e-17
1.4349e+14	-2.6885e-18	1.0385e-16
1.4365e+14	5.256e-19	1.2108e-16
1.4381e+14	3.9237e-17	9.6106e-17
1.4397e+14	1.1446e-17	9.9794e-17
1.4413e+14	-9.7136e-18	1.1892e-16
1.4429e+14	3.2171e-17	9.2421e-17
1.4445e+14	2.875e-17	8.1196e-17
1.4461e+14	-9.885e-18	1.1478e-16
1.4477e+14	1.7716e-17	1.1098e-16
1.4493e+14	3.8755e-17	8.5656e-17
1.4509e+14	-2.4836e-18	1.0824e-16
1.4525e+14	1.7752e-18	1.1843e-16
1.4542e+14	4.0459e-17	8.4644e-17
1.4558e+14	1.1858e-17	9.007e-17
1.4574e+14	-1.06e-17	1.1649e-16
1.459e+14	3.0287e-17	8.9391e-17
1.4606e+14	2.7187e-17	7.2152e-17
1.4622e+14	-1.0788e-17	1.042e-16
1.4638e+14	1.6938e-17	1.0037e-16
1.4654e+14	3.881e-17	7.1719e-17
1.467e+14	-1.2149e-18	9.6337e-17
1.4686e+14	2.7452e-18	1.1695e-16
1.4702e+14	4.0894e-17	8.6783e-17
1.4718e+14	1.3515e-17	8.5091e-17
1.4735e+14	-7.9637e-18	1.1324e-16
1.4751e+14	3.1828e-17	1.0073e-16
1.4767e+14	2.7373e-17	8.7565e-17
1.4783e+14	-1.0989e-17	1.078e-16
1.4799e+14	1.6478e-17	9.7995e-17
1.4815e+14	3.7838e-17	7.2075e-17
1.4831e+14	-3.1886e-18	9.0889e-17
1.4847e+14	-3.4508e-19	1.0282e-16
1.4863e+14	3.8484e-17	7.7794e-17
1.4879e+14	1.2853e-17	8.2787e-17
1.4895e+14	-9.221e-18	1.0171e-16
1.4912e+14	2.8961e-17	7.8503e-17
1.4928e+14	2.5874e-17	6.9507e-17
1.4944e+14	-1.0475e-17	9.6414e-17
1.496e+14	1.5931e-17	8.5329e-17
1.4976e+14	3.6459e-17	6.0695e-17
1.4992e+14	-2.7105e-18	8.5209e-17
1.5008e+14	2.7552e-19	9.4835e-17
1.5024e+14	3.629e-17	6.2772e-17
1.504e+14	9.8557e-18	7.0357e-17
1.5056e+14	-1.0229e-17	9.7379e-17
1.5072e+14	2.8754e-17	7.4866e-17
1.5088e+14	2.4942e-17	6.3214e-17
1.5105e+14	-1.162e-17	9.2886e-17
1.5121e+14	1.472e-17	8.4885e-17
1.5137e+14	3.4983e-17	5.9552e-17
1.5153e+14	-3.6405e-18	8.6536e-17
1.5169e+14	4.9461e-19	1.0137e-16
1.5185e+14	3.7299e-17	6.69e-17
1.5201e+14	1.0895e-17	6.6267e-17
1.5217e+14	-1.016e-17	9.0958e-17
1.5233e+14	2.7804e-17	7.1062e-17
1.5249e+14	2.4394e-17	5.8814e-17
1.5265e+14	-1.1439e-17	8.7866e-17
1.5282e+14	1.4317e-17	8.3479e-17
1.5298e+14	3.3992e-17	5.7507e-17
1.5314e+14	-4.4911e-18	7.4258e-17
1.533e+14	-1.3731e-18	7.9859e-17
1.5346e+14	3.3941e-17	4.7887e-17
1.5362e+14	8.8013e-18	5.8731e-17
1.5378e+14	-8.9908e-18	9.417e-17
1.5394e+14	3.0454e-17	7.6837e-17
1.541e+14	2.6005e-17	5.9169e-17
1.5426e+14	-1.1535e-17	8.291e-17
1.5442e+14	1.3241e-17	7.8546e-17
1.5458e+14	3.3485e-17	5.4869e-17
1.5475e+14	-3.459e-18	7.5553e-17
1.5491e+14	2.6077e-19	8.9111e-17
1.5507e+14	3.5059e-17	6.1368e-17
1.5523e+14	9.415e-18	6.3486e-17
1.5539e+14	-9.4134e-18	8.6834e-17
1.5555e+14	2.8278e-17	6.9288e-17
1.5571e+14	2.3445e-17	5.8635e-17
1.5587e+14	-1.2732e-17	8.3763e-17
1.5603e+14	1.2797e-17	7.738e-17
1.5619e+14	3.2723e-17	5.5185e-17
1.5635e+14	-4.1093e-18	7.5531e-17
1.5651e+14	-1.8646e-19	8.1984e-17
1.5668e+14	3.3874e-17	4.9052e-17
1.5684e+14	7.4429e-18	5.4785e-17
1.57e+14	-1.1229e-17	8.2016e-17
1.5716e+14	2.716e-17	6.1477e-17
1.5732e+14	2.3255e-17	5.0336e-17
1.5748e+14	-1.1863e-17	8.3824e-17
1.5764e+14	1.3781e-17	8.0545e-17
1.578e+14	3.2129e-17	4.7393e-17
1.5796e+14	-6.3218e-18	6.1522e-17
1.5812e+14	-1.656e-18	8.0669e-17
1.5828e+14	3.469e-17	6.05e-17
1.5845e+14	8.6621e-18	6.1835e-17
1.5861e+14	-1.1921e-17	8.1681e-17
1.5877e+14	2.5475e-17	6.3124e-17
1.5893e+14	2.2347e-17	5.1188e-17
1.5909e+14	-1.2399e-17	7.7154e-17
1.5925e+14	1.3437e-17	7.5063e-17
1.5941e+14	3.3071e-17	5.226e-17
1.5957e+14	-5.067e-18	6.8579e-17
1.5973e+14	-2.1529e-18	7.9568e-17
1.5989e+14	3.3483e-17	5.3293e-17
1.6005e+14	8.5708e-18	5.3896e-17
1.6021e+14	-1.1983e-17	7.5633e-17
1.6038e+14	2.4663e-17	6.1889e-17
1.6054e+14	2.2065e-17	5.3133e-17
1.607e+14	-1.2546e-17	7.495e-17
1.6086e+14	1.23e-17	6.7971e-17
1.6102e+14	3.2584e-17	4.8057e-17
1.6118e+14	-4.2639e-18	6.9577e-17
1.6134e+14	-2.8983e-18	8.0054e-17
1.615e+14	3.1045e-17	5.1274e-17
1.6166e+14	8.1294e-18	5.3071e-17
1.6182e+14	-1.0308e-17	7.68e-17
1.6198e+14	2.4987e-17	6.1592e-17
1.6214e+14	2.0754e-17	4.9455e-17
1.6231e+14	-1.3541e-17	6.9121e-17
1.6247e+14	1.1248e-17	6.1401e-17
1.6263e+14	3.0791e-17	4.0508e-17
1.6279e+14	-5.6519e-18	6.0338e-17
1.6295e+14	-3.4185e-18	7.096e-17
1.6311e+14	3.0613e-17	4.7076e-17
1.6327e+14	7.5343e-18	5.4868e-17
1.6343e+14	-1.1055e-17	7.679e-17
1.6359e+14	2.4213e-17	5.2886e-17
1.6375e+14	2.0699e-17	3.9827e-17
1.6391e+14	-1.2957e-17	7.1298e-17
1.6408e+14	1.1479e-17	7.1118e-17
1.6424e+14	3.1103e-17	4.3424e-17
1.644e+14	-4.2783e-18	5.7561e-17
1.6456e+14	-1.8886e-18	7.3277e-17
1.6472e+14	3.1294e-17	5.0611e-17
1.6488e+14	7.9163e-18	5.0312e-17
1.6504e+14	-1.1038e-17	7.1134e-17
1.652e+14	2.3297e-17	5.4879e-17
1.6536e+14	2.0106e-17	4.1818e-17
1.6552e+14	-1.2319e-17	6.7497e-17
1.6568e+14	1.1357e-17	6.9512e-17
1.6584e+14	2.8963e-17	4.6257e-17
1.6601e+14	-5.9933e-18	5.8051e-17
1.6617e+14	-1.0599e-18	7.3609e-17
1.6633e+14	3.2872e-17	5.5731e-17
1.6649e+14	7.7147e-18	5.465e-17
1.6665e+14	-1.2167e-17	7.3389e-17
1.6681e+14	2.3613e-17	6.3299e-17
1.6697e+14	2.1268e-17	5.2e-17
1.6713e+14	-1.2733e-17	6.597e-17
1.6729e+14	1.0244e-17	6.1003e-17
1.6745e+14	2.9954e-17	4.3854e-17
1.6761e+14	-4.4248e-18	5.6802e-17
1.6777e+14	-2.583e-18	6.5073e-17
1.6794e+14	2.9866e-17	4.8329e-17
1.681e+14	7.2269e-18	5.4809e-17
1.6826e+14	-1.1365e-17	7.2122e-17
1.6842e+14	2.2669e-17	5.6451e-17
1.6858e+14	2.0149e-17	4.7464e-17
1.6874e+14	-1.1948e-17	6.5999e-17
1.689e+14	1.0984e-17	6.0365e-17
1.6906e+14	2.9173e-17	4.2576e-17
1.6922e+14	-4.922e-18	5.8211e-17
1.6938e+14	-1.8242e-18	6.7722e-17
1.6954e+14	3.0422e-17	4.8059e-17
1.6971e+14	6.5771e-18	4.9266e-17
1.6987e+14	-1.255e-17	6.3792e-17
1.7003e+14	2.2252e-17	5.2859e-17
1.7019e+14	2.0983e-17	5.1295e-17
1.7035e+14	-1.1007e-17	6.9547e-17
1.7051e+14	1.1055e-17	5.9783e-17
1.7067e+14	2.9187e-17	4.5163e-17
1.7083e+14	-4.5608e-18	6.5242e-17
1.7099e+14	-2.0486e-18	6.9871e-17
1.7115e+14	3.0194e-17	4.6249e-17
1.7131e+14	7.822e-18	5.5034e-17
1.7147e+14	-1.0907e-17	7.4501e-17
1.7164e+14	2.2595e-17	5.4547e-17
1.718e+14	2.0757e-17	4.5805e-17
1.7196e+14	-1.1162e-17	7.0432e-17
1.7212e+14	1.0464e-17	6.6647e-17
1.7228e+14	2.9358e-17	4.8944e-17
1.7244e+14	-2.5689e-18	6.8772e-17
1.726e+14	-5.3881e-19	7.8855e-17
1.7276e+14	2.9708e-17	5.3425e-17
1.7292e+14	7.7692e-18	5.3945e-17
1.7308e+14	-9.3017e-18	7.3443e-17
1.7324e+14	2.3582e-17	6.079e-17
1.734e+14	2.0371e-17	5.2594e-17
1.7357e+14	-1.1034e-17	7.1139e-17
1.7373e+14	1.1645e-17	6.53e-17
1.7389e+14	3.0525e-17	4.9148e-17
1.7405e+14	-1.8394e-18	6.7329e-17
1.7421e+14	-2.3999e-19	7.4879e-17
1.7437e+14	2.9588e-17	5.1347e-17
1.7453e+14	7.5853e-18	5.5062e-17
1.7469e+14	-9.4644e-18	7.3526e-17
1.7485e+14	2.3353e-17	5.7364e-17
1.7501e+14	2.049e-17	4.8637e-17
1.7517e+14	-1.0806e-17	6.9882e-17
1.7534e+14	1.068e-17	6.5006e-17
1.755e+14	2.8213e-17	4.6673e-17
1.7566e+14	-3.9415e-18	6.4624e-17
1.7582e+14	-9.8964e-19	7.556e-17
1.7598e+14	3.0001e-17	5.2621e-17
1.7614e+14	8.2155e-18	5.2251e-17
1.763e+14	-9.5038e-18	7.0174e-17
1.7646e+14	2.2999e-17	5.9566e-17
1.7662e+14	2.087e-17	5.3326e-17
1.7678e+14	-1.0005e-17	7.1137e-17
1.7694e+14	1.1105e-17	6.579e-17
1.771e+14	2.8876e-17	5.1312e-17
1.7727e+14	-2.907e-18	6.7805e-17
1.7743e+14	-8.3144e-19	7.2349e-17
1.7759e+14	2.9749e-17	5.041e-17
1.7775e+14	9.1504e-18	5.8737e-17
1.7791e+14	-8.6826e-18	7.8085e-17
1.7807e+14	2.1614e-17	5.7865e-17
1.7823e+14	1.8738e-17	4.5926e-17
1.7839e+14	-1.0734e-17	6.935e-17
1.7855e+14	1.1098e-17	6.9309e-17
1.7871e+14	2.8745e-17	5.2875e-17
1.7887e+14	-2.7587e-18	6.9403e-17
1.7903e+14	-8.7463e-19	7.9431e-17
1.792e+14	2.912e-17	5.8045e-17
1.7936e+14	9.11e-18	6.037e-17
1.7952e+14	-7.6882e-18	7.7677e-17
1.7968e+14	2.2848e-17	5.8917e-17
1.7984e+14	2.0273e-17	4.3209e-17
1.8e+14	-9.0871e-18	6.3086e-17
1.8016e+14	1.1574e-17	6.8748e-17
1.8032e+14	2.8722e-17	5.7953e-17
1.8048e+14	-1.2292e-18	6.9813e-17
1.8064e+14	1.1383e-18	7.448e-17
1.808e+14	2.8974e-17	5.6053e-17
1.8097e+14	7.3435e-18	6.1657e-17
1.8113e+14	-9.1722e-18	7.8298e-17
1.8129e+14	2.1512e-17	6.2733e-17
1.8145e+14	1.8865e-17	5.2782e-17
1.8161e+14	-9.6547e-18	7.0682e-17
1.8177e+14	1.1537e-17	6.9544e-17
1.8193e+14	2.8009e-17	5.7889e-17
1.8209e+14	-2.3462e-18	7.1973e-17
1.8225e+14	5.0759e-19	7.3354e-17
1.8241e+14	2.8709e-17	5.0169e-17
1.8257e+14	7.3157e-18	5.7009e-17
1.8273e+14	-8.288e-18	7.7744e-17
1.829e+14	2.3691e-17	6.4964e-17
1.8306e+14	2.1475e-17	5.8924e-17
1.8322e+14	-8.2164e-18	7.936e-17
1.8338e+14	1.123e-17	7.1816e-17
1.8354e+14	2.7264e-17	4.9865e-17
1.837e+14	-2.3881e-18	6.3704e-17
1.8386e+14	5.7155e-19	7.3385e-17
1.8402e+14	2.8525e-17	5.2898e-17
1.8418e+14	7.7302e-18	5.556e-17
1.8434e+14	-7.6744e-18	7.494e-17
1.845e+14	2.3024e-17	6.3926e-17
1.8466e+14	2.0362e-17	5.8756e-17
1.8483e+14	-7.3944e-18	8.3173e-17
1.8499e+14	1.375e-17	8.2701e-17
1.8515e+14	2.9034e-17	6.1672e-17
1.8531e+14	-2.0367e-18	7.0464e-17
1.8547e+14	1.0635e-18	7.9092e-17
1.8563e+14	3.001e-17	6.1337e-17
1.8579e+14	9.2297e-18	6.4308e-17
1.8595e+14	-7.1558e-18	8.4293e-17
1.8611e+14	2.3109e-17	7.5505e-17
1.8627e+14	2.1057e-17	6.7327e-17
1.8643e+14	-6.299e-18	8.5046e-17
1.866e+14	1.4509e-17	8.3552e-17
1.8676e+14	2.9697e-17	6.5868e-17
1.8692e+14	-1.1741e-18	7.6653e-17
1.8708e+14	1.4196e-18	8.857e-17
1.8724e+14	2.9613e-17	7.3606e-17
1.874e+14	9.0761e-18	7.0245e-17
1.8756e+14	-6.5547e-18	7.998e-17
1.8772e+14	2.3685e-17	7.013e-17
1.8788e+14	2.0789e-17	6.7078e-17
1.8804e+14	-7.3346e-18	8.7132e-17
1.882e+14	1.3537e-17	8.7615e-17
1.8836e+14	2.9418e-17	7.0642e-17
1.8853e+14	-1.2802e-18	7.331e-17
1.8869e+14	9.874e-19	7.723e-17
1.8885e+14	2.9959e-17	7.0457e-17
1.8901e+14	1.0961e-17	8.2787e-17
1.8917e+14	-4.7808e-18	9.5987e-17
1.8933e+14	2.3936e-17	7.8857e-17
1.8949e+14	2.0497e-17	6.8419e-17
1.8965e+14	-7.4871e-18	8.1132e-17
1.8981e+14	1.2856e-17	7.7928e-17
1.8997e+14	2.9024e-17	6.9889e-17
1.9013e+14	3.0599e-19	8.5536e-17
1.9029e+14	3.5722e-18	8.9082e-17
1.9046e+14	3.1135e-17	7.2884e-17
1.9062e+14	1.0741e-17	8.2326e-17
1.9078e+14	-4.6351e-18	9.7149e-17
1.9094e+14	2.5078e-17	7.8094e-17
1.911e+14	2.2019e-17	6.9111e-17
1.9126e+14	-6.319e-18	9.0852e-17
1.9142e+14	1.3106e-17	9.0418e-17
1.9158e+14	2.8251e-17	7.2693e-17
1.9174e+14	-8.8605e-19	8.233e-17
1.919e+14	2.8452e-18	9.1648e-17
1.9206e+14	3.1223e-17	7.7712e-17
1.9223e+14	1.0937e-17	7.9331e-17
1.9239e+14	-5.2521e-18	9.2534e-17
1.9255e+14	2.4063e-17	8.3019e-17
1.9271e+14	2.1799e-17	7.6339e-17
1.9287e+14	-5.6557e-18	8.8272e-17
1.9303e+14	1.4053e-17	8.4875e-17
1.9319e+14	2.946e-17	7.5518e-17
1.9335e+14	2.758e-19	8.6514e-17
1.9351e+14	3.0546e-18	8.6618e-17
1.9367e+14	3.0635e-17	6.9898e-17
1.9383e+14	1.0558e-17	7.8333e-17
1.9399e+14	-5.291e-18	9.4785e-17
1.9416e+14	2.422e-17	8.4071e-17
1.9432e+14	2.2701e-17	8.0709e-17
1.9448e+14	-4.0061e-18	9.6939e-17
1.9464e+14	1.5458e-17	9.0931e-17
1.948e+14	2.9881e-17	7.7619e-17
1.9496e+14	-4.3543e-19	9.0497e-17
1.9512e+14	1.675e-18	9.2692e-17
1.9528e+14	2.9753e-17	7.2335e-17
1.9544e+14	1.0538e-17	7.6251e-17
1.956e+14	-5.3489e-18	9.2025e-17
1.9576e+14	2.4166e-17	8.1463e-17
1.9592e+14	2.3236e-17	7.6108e-17
1.9609e+14	-4.4131e-18	8.9098e-17
1.9625e+14	1.2799e-17	7.9597e-17
1.9641e+14	2.7415e-17	6.4698e-17
1.9657e+14	-2.0495e-19	8.2031e-17
1.9673e+14	3.1229e-18	9.3979e-17
1.9689e+14	3.0514e-17	8.0979e-17
1.9705e+14	1.1081e-17	8.4289e-17
1.9721e+14	-5.1437e-18	9.4017e-17
1.9737e+14	2.308e-17	7.8753e-17
1.9753e+14	2.205e-17	7.5664e-17
1.9769e+14	-3.9708e-18	9.785e-17
1.9786e+14	1.4263e-17	9.6496e-17
1.9802e+14	2.8921e-17	8.0734e-17
1.9818e+14	1.5792e-18	9.1373e-17
1.9834e+14	4.8017e-18	9.9908e-17
1.985e+14	3.1234e-17	8.743e-17
1.9866e+14	1.1351e-17	8.9369e-17
1.9882e+14	-4.3545e-18	9.6659e-17
1.9898e+14	2.4598e-17	8.356e-17
1.9914e+14	2.4494e-17	8.5198e-17
1.993e+14	-7.8199e-19	1.0657e-16
1.9946e+14	1.6748e-17	9.8508e-17
1.9962e+14	2.9673e-17	7.8848e-17
1.9979e+14	1.4582e-18	9.1707e-17
1.9995e+14	4.9832e-18	1.0073e-16
2.0011e+14	3.1811e-17	8.2952e-17
2.0027e+14	1.2122e-17	8.3341e-17
2.0043e+14	-3.4591e-18	9.871e-17
2.0059e+14	2.4902e-17	9.1073e-17
2.0075e+14	2.3086e-17	8.5747e-17
2.0091e+14	-3.6199e-18	1.004e-16
2.0107e+14	1.4692e-17	9.8361e-17
2.0123e+14	2.9782e-17	8.5843e-17
2.0139e+14	2.0206e-18	9.4371e-17
2.0155e+14	3.8489e-18	9.8621e-17
2.0172e+14	2.9799e-17	8.7261e-17
2.0188e+14	1.1224e-17	9.4795e-17
2.0204e+14	-3.0708e-18	1.0737e-16
2.022e+14	2.5998e-17	9.5115e-17
2.0236e+14	2.484e-17	9.1437e-17
2.0252e+14	-1.7243e-18	1.0885e-16
2.0268e+14	1.6187e-17	1.0679e-16
2.0284e+14	3.1128e-17	9.4491e-17
2.03e+14	2.797e-18	1.0247e-16
2.0316e+14	3.4299e-18	1.0283e-16
2.0332e+14	2.9896e-17	8.95e-17
2.0349e+14	1.3573e-17	1.0106e-16
2.0365e+14	-5.5368e-19	1.1615e-16
2.0381e+14	2.6064e-17	9.8108e-17
2.0397e+14	2.3688e-17	8.7246e-17
2.0413e+14	-2.087e-18	1.0555e-16
2.0429e+14	1.6154e-17	1.1042e-16
2.0445e+14	3.1417e-17	1.045e-16
2.0461e+14	5.2203e-18	1.1725e-16
2.0477e+14	8.0732e-18	1.1917e-16
2.0493e+14	3.3949e-17	9.8695e-17
2.0509e+14	1.46e-17	9.8126e-17
2.0525e+14	-1.9857e-18	1.1113e-16
2.0542e+14	2.5129e-17	1.0519e-16
2.0558e+14	2.5404e-17	1.043e-16
2.0574e+14	1.1194e-18	1.1728e-16
2.059e+14	1.8203e-17	1.0957e-16
2.0606e+14	3.1366e-17	9.8046e-17
2.0622e+14	3.3879e-18	1.138e-16
2.0638e+14	4.8296e-18	1.2057e-16
2.0654e+14	3.0806e-17	1.0301e-16
2.067e+14	1.3622e-17	1.0359e-16
2.0686e+14	-8.8542e-19	1.1618e-16
2.0702e+14	2.6173e-17	1.0688e-16
2.0718e+14	2.4535e-17	9.9422e-17
2.0735e+14	-1.8221e-18	1.0742e-16
2.0751e+14	1.5534e-17	1.0183e-16
2.0767e+14	3.2136e-17	9.6358e-17
2.0783e+14	7.1329e-18	1.1474e-16
2.0799e+14	7.7565e-18	1.2173e-16
2.0815e+14	3.1498e-17	1.0652e-16
2.0831e+14	1.3702e-17	1.0732e-16
2.0847e+14	-9.7162e-19	1.1402e-16
2.0863e+14	2.5862e-17	1.0223e-16
2.0879e+14	2.579e-17	1.0415e-16
2.0895e+14	1.4175e-18	1.235e-16
2.0912e+14	1.7872e-17	1.1744e-16
2.0928e+14	3.1587e-17	1.0202e-16
2.0944e+14	4.938e-18	1.1154e-16
2.096e+14	6.1414e-18	1.1489e-16
2.0976e+14	3.1917e-17	1.0107e-16
2.0992e+14	1.5528e-17	1.0661e-16
2.1008e+14	-5.2135e-19	1.1564e-16
2.1024e+14	2.4154e-17	1.0119e-16
2.104e+14	2.4706e-17	1.0219e-16
2.1056e+14	1.7251e-18	1.2511e-16
2.1072e+14	1.6979e-17	1.1854e-16
2.1088e+14	2.9747e-17	9.6885e-17
2.1105e+14	5.0053e-18	1.0614e-16
2.1121e+14	7.0199e-18	1.1702e-16
2.1137e+14	3.066e-17	1.0545e-16
2.1153e+14	1.3879e-17	1.0696e-16
2.1169e+14	4.9158e-19	1.1776e-16
2.1185e+14	2.5932e-17	1.059e-16
2.1201e+14	2.378e-17	9.5266e-17
2.1217e+14	-1.2922e-18	1.0366e-16
2.1233e+14	1.468e-17	1.0266e-16
2.1249e+14	2.8912e-17	9.5868e-17
2.1265e+14	4.2929e-18	1.022e-16
2.1282e+14	5.5399e-18	1.0056e-16
2.1298e+14	2.9159e-17	9.33e-17
2.1314e+14	1.3174e-17	1.0899e-16
2.133e+14	-7.9699e-20	1.2062e-16
2.1346e+14	2.5081e-17	1.0372e-16
2.1362e+14	2.4021e-17	1.003e-16
2.1378e+14	6.6154e-19	1.1648e-16
2.1394e+14	1.6596e-17	1.0723e-16
2.141e+14	2.9448e-17	8.9941e-17
2.1426e+14	4.0416e-18	9.9584e-17
2.1442e+14	5.3068e-18	1.0282e-16
2.1458e+14	2.9489e-17	8.9272e-17
2.1475e+14	1.4347e-17	9.728e-17
2.1491e+14	5.1294e-19	1.0648e-16
2.1507e+14	2.3194e-17	8.4767e-17
2.1523e+14	2.0407e-17	7.7603e-17
2.1539e+14	-2.5728e-18	1.0334e-16
2.1555e+14	1.4214e-17	1.0884e-16
2.1571e+14	2.8088e-17	9.3608e-17
2.1587e+14	4.6218e-18	9.7078e-17
2.1603e+14	6.7208e-18	9.9544e-17
2.1619e+14	2.8853e-17	8.5893e-17
2.1635e+14	1.1524e-17	8.878e-17
2.1651e+14	-1.5908e-18	1.001e-16
2.1668e+14	2.3233e-17	9.0904e-17
2.1684e+14	2.1331e-17	8.6505e-17
2.17e+14	-1.7594e-18	9.8075e-17
2.1716e+14	1.5121e-17	9.3049e-17
2.1732e+14	2.8514e-17	8.1166e-17
2.1748e+14	3.0486e-18	8.7004e-17
2.1764e+14	3.3587e-18	8.4837e-17
2.178e+14	2.6146e-17	7.1929e-17
2.1796e+14	1.0492e-17	8.1924e-17
2.1812e+14	-2.859e-18	9.3825e-17
2.1828e+14	2.0736e-17	7.9465e-17
2.1845e+14	1.9189e-17	7.6119e-17
2.1861e+14	-3.1403e-18	9.342e-17
2.1877e+14	1.3055e-17	8.9303e-17
2.1893e+14	2.6466e-17	7.588e-17
2.1909e+14	3.1352e-18	8.4158e-17
2.1925e+14	4.6303e-18	8.4997e-17
2.1941e+14	2.621e-17	7.1549e-17
2.1957e+14	9.9552e-18	7.9778e-17
2.1973e+14	-2.3633e-18	8.8761e-17
2.1989e+14	2.1364e-17	6.9437e-17
2.2005e+14	1.869e-17	6.4728e-17
2.2021e+14	-4.0326e-18	8.5851e-17
2.2038e+14	1.2292e-17	8.1939e-17
2.2054e+14	2.5044e-17	6.447e-17
2.207e+14	1.2252e-18	7.5665e-17
2.2086e+14	3.5955e-18	8.4297e-17
2.2102e+14	2.6087e-17	6.8452e-17
2.2118e+14	9.2044e-18	6.644e-17
2.2134e+14	-4.4085e-18	7.3345e-17
2.215e+14	1.8997e-17	5.821e-17
2.2166e+14	1.6891e-17	5.1797e-17
2.2182e+14	-5.2122e-18	7.1031e-17
2.2198e+14	1.1835e-17	7.4588e-17
2.2214e+14	2.5149e-17	6.3409e-17
2.2231e+14	6.0077e-19	6.9029e-17
2.2247e+14	1.5407e-18	6.9919e-17
2.2263e+14	2.4066e-17	5.3517e-17
2.2279e+14	8.3519e-18	5.3023e-17
2.2295e+14	-5.1335e-18	6.1822e-17
2.2311e+14	1.7964e-17	5.3366e-17
2.2327e+14	1.6666e-17	5.1656e-17
2.2343e+14	-5.393e-18	6.4236e-17
2.2359e+14	9.4987e-18	5.7912e-17
2.2375e+14	2.1534e-17	4.5795e-17
2.2391e+14	-1.5605e-18	5.462e-17
2.2408e+14	4.3092e-19	5.4523e-17
2.2424e+14	2.1944e-17	3.8082e-17
2.244e+14	5.958e-18	4.31e-17
2.2456e+14	-6.027e-18	5.5003e-17
2.2472e+14	1.7697e-17	4.2672e-17
2.2488e+14	1.5333e-17	3.8398e-17
2.2504e+14	-7.2576e-18	5.449e-17
2.252e+14	8.568e-18	5.092e-17
2.2536e+14	2.157e-17	3.7424e-17
2.2552e+14	-1.3908e-18	4.6964e-17
2.2568e+14	6.4738e-19	5.1865e-17
2.2584e+14	2.2524e-17	3.8243e-17
2.2601e+14	6.2649e-18	4.0609e-17
2.2617e+14	-6.9374e-18	4.8337e-17
2.2633e+14	1.6146e-17	3.3515e-17
2.2649e+14	1.4417e-17	2.8224e-17
2.2665e+14	-7.852e-18	4.4312e-17
2.2681e+14	7.2439e-18	4.1005e-17
2.2697e+14	1.9765e-17	2.7295e-17
2.2713e+14	-3.2294e-18	3.7116e-17
2.2729e+14	-1.6588e-18	4.2874e-17
2.2745e+14	2.0205e-17	2.8902e-17
2.2761e+14	5.2288e-18	3.1117e-17
2.2777e+14	-7.1468e-18	4.2051e-17
2.2794e+14	1.5239e-17	3.0865e-17
2.281e+14	1.3037e-17	2.4664e-17
2.2826e+14	-8.5966e-18	3.82e-17
2.2842e+14	6.9517e-18	3.5816e-17
2.2858e+14	1.9372e-17	2.3893e-17
2.2874e+14	-3.5628e-18	3.2525e-17
2.289e+14	-2.0097e-18	3.676e-17
2.2906e+14	1.9407e-17	2.3201e-17
2.2922e+14	4.0995e-18	2.5456e-17
2.2938e+14	-8.1982e-18	3.5678e-17
2.2954e+14	1.4451e-17	2.502e-17
2.2971e+14	1.256e-17	1.9439e-17
2.2987e+14	-9.0011e-18	3.2073e-17
2.3003e+14	6.2458e-18	2.9159e-17
2.3019e+14	1.8418e-17	1.8003e-17
2.3035e+14	-4.5784e-18	2.6622e-17
2.3051e+14	-3.0573e-18	2.9919e-17
2.3067e+14	1.8733e-17	1.6657e-17
2.3083e+14	4.1273e-18	2.0514e-17
2.3099e+14	-8.0692e-18	3.194e-17
2.3115e+14	1.4245e-17	2.147e-17
2.3131e+14	1.2522e-17	1.5494e-17
2.3147e+14	-8.9166e-18	2.7782e-17
2.3164e+14	5.6818e-18	2.4689e-17
2.318e+14	1.7485e-17	1.277e-17
2.3196e+14	-5.0159e-18	2.0513e-17
2.3212e+14	-3.2615e-18	2.4935e-17
2.3228e+14	1.82e-17	1.411e-17
2.3244e+14	3.4756e-18	1.7988e-17
2.326e+14	-8.8203e-18	2.6964e-17
2.3276e+14	1.3104e-17	1.5595e-17
2.3292e+14	1.1349e-17	1.1005e-17
2.3308e+14	-9.7082e-18	2.4163e-17
2.3324e+14	5.1341e-18	2.1425e-17
2.334e+14	1.7296e-17	1.1174e-17
2.3357e+14	-4.6929e-18	2.0514e-17
2.3373e+14	-3.0484e-18	2.4291e-17
2.3389e+14	1.7885e-17	1.1988e-17
2.3405e+14	3.1221e-18	1.5822e-17
2.3421e+14	-8.932e-18	2.5615e-17
2.3437e+14	1.3045e-17	1.4396e-17
2.3453e+14	1.1383e-17	9.2407e-18
2.3469e+14	-9.7246e-18	2.1666e-17
2.3485e+14	4.7162e-18	1.8273e-17
2.3501e+14	1.6792e-17	7.7341e-18
2.3517e+14	-4.9963e-18	1.7152e-17
2.3534e+14	-3.6988e-18	2.0798e-17
2.355e+14	1.6904e-17	8.0226e-18
2.3566e+14	2.677e-18	1.1749e-17
2.3582e+14	-9.0683e-18	2.2101e-17
2.3598e+14	1.2306e-17	1.158e-17
2.3614e+14	1.0498e-17	6.9619e-18
2.363e+14	-9.9656e-18	1.9781e-17
2.3646e+14	4.5265e-18	1.6293e-17
2.3662e+14	1.6126e-17	5.3025e-18
2.3678e+14	-5.513e-18	1.4914e-17
2.3694e+14	-3.786e-18	1.9217e-17
2.371e+14	1.674e-17	5.9844e-18
2.3727e+14	2.3061e-18	8.3448e-18
2.3743e+14	-9.386e-18	1.8554e-17
2.3759e+14	1.2124e-17	9.2445e-18
2.3775e+14	1.0456e-17	5.1059e-18
2.3791e+14	-1.0026e-17	1.7248e-17
2.3807e+14	4.2247e-18	1.352e-17
2.3823e+14	1.5831e-17	3.3053e-18
2.3839e+14	-5.5519e-18	1.3769e-17
2.3855e+14	-3.9127e-18	1.8298e-17
2.3871e+14	1.6457e-17	4.9282e-18
2.3887e+14	2.3325e-18	7.469e-18
2.3903e+14	-9.2126e-18	1.8055e-17
2.392e+14	1.1912e-17	8.4053e-18
2.3936e+14	1.0138e-17	3.6402e-18
2.3952e+14	-1.0054e-17	1.64e-17
2.3968e+14	4.1719e-18	1.3677e-17
2.3984e+14	1.5644e-17	2.5953e-18
2.4e+14	-5.5808e-18	1.1409e-17
2.4016e+14	-3.9956e-18	1.6165e-17
2.4032e+14	1.6043e-17	3.9899e-18
2.4048e+14	1.9381e-18	6.673e-18
2.4064e+14	-9.3478e-18	1.7297e-17
2.408e+14	1.1887e-17	8.2576e-18
2.4097e+14	1.0262e-17	3.2198e-18
2.4113e+14	-9.8796e-18	1.527e-17
2.4129e+14	3.998e-18	1.3185e-17
2.4145e+14	1.5272e-17	2.8425e-18
2.4161e+14	-5.6981e-18	1.0758e-17
2.4177e+14	-4.0481e-18	1.4602e-17
2.4193e+14	1.5831e-17	2.8597e-18
2.4209e+14	1.8928e-18	5.908e-18
2.4225e+14	-9.2593e-18	1.6302e-17
2.4241e+14	1.1674e-17	7.4229e-18
2.4257e+14	9.9381e-18	2.54e-18
2.4273e+14	-9.8896e-18	1.4155e-17
2.429e+14	4.1003e-18	1.1966e-17
2.4306e+14	1.5233e-17	2.1156e-18
2.4322e+14	-5.7422e-18	1.036e-17
2.4338e+14	-4.0804e-18	1.446e-17
2.4354e+14	1.5698e-17	2.8775e-18
2.437e+14	1.6909e-18	5.3176e-18
2.4386e+14	-9.5469e-18	1.5153e-17
2.4402e+14	1.1326e-17	6.8862e-18
2.4418e+14	9.6929e-18	2.4563e-18
2.4434e+14	-1.0113e-17	1.3218e-17
2.445e+14	3.8164e-18	1.0465e-17
2.4466e+14	1.5183e-17	1.1785e-18
2.4483e+14	-5.6397e-18	9.5548e-18
2.4499e+14	-4.3749e-18	1.31e-17
2.4515e+14	1.5229e-17	1.6922e-18
2.4531e+14	1.6999e-18	4.7511e-18
2.4547e+14	-9.3792e-18	1.4394e-17
2.4563e+14	1.1178e-17	5.6059e-18
2.4579e+14	9.6795e-18	1.2938e-18
2.4595e+14	-9.8654e-18	1.2373e-17
2.4611e+14	3.7338e-18	9.4776e-18
2.4627e+14	1.4972e-17	-7.5305e-20
2.4643e+14	-5.3557e-18	8.5637e-18
2.466e+14	-3.9798e-18	1.2893e-17
2.4676e+14	1.5287e-17	1.9686e-18
2.4692e+14	1.8193e-18	4.6314e-18
2.4708e+14	-9.1708e-18	1.3675e-17
2.4724e+14	1.1027e-17	4.9171e-18
2.474e+14	9.456e-18	9.0683e-19
2.4756e+14	-9.7763e-18	1.2066e-17
2.4772e+14	3.7058e-18	9.3349e-18
2.4788e+14	1.4629e-17	5.0274e-20
2.4804e+14	-5.5794e-18	8.6011e-18
2.482e+14	-4.0561e-18	1.2638e-17
2.4836e+14	1.5121e-17	1.6527e-18
2.4853e+14	1.7049e-18	4.4495e-18
2.4869e+14	-9.2532e-18	1.3738e-17
2.4885e+14	1.0714e-17	5.173e-18
2.4901e+14	9.0759e-18	8.4546e-19
2.4917e+14	-9.9933e-18	1.1456e-17
2.4933e+14	3.52e-18	8.8357e-18
2.4949e+14	1.4517e-17	5e-20
2.4965e+14	-5.5201e-18	8.5058e-18
2.4981e+14	-4.1256e-18	1.2068e-17
2.4997e+14	1.4906e-17	9.0073e-19
2.5013e+14	1.7694e-18	3.6073e-18
2.5029e+14	-9.0003e-18	1.2871e-17
2.5046e+14	1.0821e-17	4.7952e-18
2.5062e+14	9.2513e-18	9.6525e-19
2.5078e+14	-9.7538e-18	1.1228e-17
2.5094e+14	3.3298e-18	7.9127e-18
2.511e+14	1.4112e-17	-9.8784e-19
2.5126e+14	-5.491e-18	7.8181e-18
2.5142e+14	-3.8747e-18	1.1781e-17
2.5158e+14	1.4922e-17	9.9284e-19
2.5174e+14	1.7357e-18	3.7164e-18
2.519e+14	-9.0268e-18	1.2341e-17
2.5206e+14	1.0589e-17	3.5889e-18
2.5223e+14	9.0942e-18	-8.2371e-20
2.5239e+14	-9.607e-18	1.1061e-17
2.5255e+14	3.4244e-18	8.4486e-18
2.5271e+14	1.4087e-17	-4.2675e-19
2.5287e+14	-5.3646e-18	8.04e-18
2.5303e+14	-3.8243e-18	1.1673e-17
2.5319e+14	1.4692e-17	5.7617e-19
2.5335e+14	1.612e-18	3.2251e-18
2.5351e+14	-8.9248e-18	1.2348e-17
2.5367e+14	1.063e-17	4.2146e-18
2.5383e+14	9.1626e-18	5.1221e-19
2.5399e+14	-9.4297e-18	1.1137e-17
2.5416e+14	3.3672e-18	8.0934e-18
2.5432e+14	1.3817e-17	-1.05e-18
2.5448e+14	-5.4735e-18	7.4791e-18
2.5464e+14	-3.8638e-18	1.1725e-17
2.548e+14	1.4594e-17	1.1136e-18
2.5496e+14	1.729e-18	3.5141e-18
2.5512e+14	-8.7004e-18	1.2308e-17
2.5528e+14	1.0535e-17	4.226e-18
2.5544e+14	8.9371e-18	4.1202e-19
2.556e+14	-9.3883e-18	1.0849e-17
2.5576e+14	3.5704e-18	8.1303e-18
2.5592e+14	1.4063e-17	-7.786e-19
2.5609e+14	-5.1787e-18	7.2113e-18
2.5625e+14	-3.7898e-18	1.0961e-17
2.5641e+14	1.4374e-17	5.6075e-19
2.5657e+14	1.5732e-18	3.2409e-18
2.5673e+14	-8.7703e-18	1.2045e-17
2.5689e+14	1.0329e-17	4.0436e-18
2.5705e+14	8.7833e-18	2.5682e-19
2.5721e+14	-9.3764e-18	1.0518e-17
2.5737e+14	3.4605e-18	7.8153e-18
2.5753e+14	1.3849e-17	-8.4214e-19
2.5769e+14	-5.2704e-18	7.2744e-18
2.5786e+14	-3.9144e-18	1.0987e-17
2.5802e+14	1.4185e-17	3.3572e-19
2.5818e+14	1.5995e-18	2.5272e-18
2.5834e+14	-8.6678e-18	1.1198e-17
2.585e+14	1.0248e-17	3.6589e-18
2.5866e+14	8.7849e-18	1.4355e-19
2.5882e+14	-9.2474e-18	1.025e-17
2.5898e+14	3.292e-18	7.6123e-18
2.5914e+14	1.3513e-17	-9.4569e-19
2.593e+14	-5.3144e-18	6.7707e-18
2.5946e+14	-3.8662e-18	1.0259e-17
2.5962e+14	1.4053e-17	1.1665e-19
2.5979e+14	1.5343e-18	2.7077e-18
2.5995e+14	-8.6479e-18	1.1159e-17
2.6011e+14	1.0139e-17	3.4011e-18
2.6027e+14	8.7341e-18	-1.3788e-19
2.6043e+14	-9.1659e-18	9.8183e-18
2.6059e+14	3.2054e-18	7.1584e-18
2.6075e+14	1.3385e-17	-1.037e-18
2.6091e+14	-5.1976e-18	6.9877e-18
2.6107e+14	-3.8186e-18	1.04e-17
2.6123e+14	1.386e-17	2.5706e-20
2.6139e+14	1.4995e-18	2.5592e-18
2.6155e+14	-8.507e-18	1.1296e-17
2.6172e+14	1.0172e-17	3.9835e-18
2.6188e+14	8.8722e-18	6.2549e-19
2.6204e+14	-8.8494e-18	1.0444e-17
2.622e+14	3.2655e-18	7.4764e-18
2.6236e+14	1.3259e-17	-1.314e-18
2.6252e+14	-5.0638e-18	6.1679e-18
2.6268e+14	-3.6117e-18	9.9045e-18
2.6284e+14	1.3889e-17	3.2995e-19
2.63e+14	1.6354e-18	2.8009e-18
2.6316e+14	-8.3219e-18	1.0716e-17
2.6332e+14	1.0014e-17	3.0973e-18
2.6349e+14	8.6119e-18	5.1031e-20
2.6365e+14	-8.8318e-18	1.0048e-17
2.6381e+14	3.3195e-18	7.1689e-18
2.6397e+14	1.3176e-17	-1.3374e-18
2.6413e+14	-5.0974e-18	6.2593e-18
2.6429e+14	-3.633e-18	9.6973e-18
2.6445e+14	1.3835e-17	-1.8529e-19
2.6461e+14	1.6906e-18	2.4196e-18
2.6477e+14	-8.3548e-18	1.0835e-17
2.6493e+14	9.711e-18	3.4268e-18
2.6509e+14	8.4515e-18	-1.6054e-19
2.6525e+14	-8.7124e-18	9.1978e-18
2.6542e+14	3.2362e-18	6.4718e-18
2.6558e+14	1.2929e-17	-1.4739e-18
2.6574e+14	-5.0379e-18	6.2548e-18
2.659e+14	-3.4805e-18	9.5748e-18
2.6606e+14	1.3709e-17	-2.5978e-19
2.6622e+14	1.5853e-18	2.3003e-18
2.6638e+14	-8.2095e-18	1.049e-17
2.6654e+14	9.8941e-18	3.067e-18
2.667e+14	8.612e-18	-2.5264e-19
2.6686e+14	-8.6071e-18	9.4209e-18
2.6702e+14	3.1299e-18	6.8884e-18
2.6718e+14	1.2832e-17	-1.2081e-18
2.6735e+14	-4.9274e-18	6.1091e-18
2.6751e+14	-3.5576e-18	9.3348e-18
2.6767e+14	1.3371e-17	-1.7166e-19
2.6783e+14	1.5519e-18	2.5577e-18
2.6799e+14	-8.0097e-18	1.0596e-17
2.6815e+14	9.7358e-18	3.0236e-18
2.6831e+14	8.3356e-18	-4.1918e-19
2.6847e+14	-8.4459e-18	9.116e-18
2.6863e+14	3.4617e-18	6.6133e-18
2.6879e+14	1.2947e-17	-1.3353e-18
2.6895e+14	-4.8625e-18	6.0942e-18
2.6912e+14	-3.4441e-18	9.4499e-18
2.6928e+14	1.3426e-17	-6.151e-20
2.6944e+14	1.5967e-18	2.3944e-18
2.696e+14	-8.021e-18	1.0352e-17
2.6976e+14	9.5435e-18	3.0762e-18
2.6992e+14	8.1257e-18	-3.1425e-19
2.7008e+14	-8.5728e-18	8.9636e-18
2.7024e+14	3.2494e-18	6.5578e-18
2.704e+14	1.2723e-17	-1.1188e-18
2.7056e+14	-4.9154e-18	6.1175e-18
2.7072e+14	-3.4887e-18	9.2029e-18
2.7088e+14	1.3315e-17	-1.6825e-19
2.7105e+14	1.6009e-18	2.3147e-18
2.7121e+14	-7.9958e-18	9.9905e-18
2.7137e+14	9.483e-18	2.8257e-18
2.7153e+14	8.2505e-18	-1.1646e-20
2.7169e+14	-8.2871e-18	9.5076e-18
2.7185e+14	3.3183e-18	6.9143e-18
2.7201e+14	1.2696e-17	-9.2809e-19
2.7217e+14	-4.788e-18	6.2304e-18
2.7233e+14	-3.5168e-18	9.2464e-18
2.7249e+14	1.3054e-17	-1.8361e-20
2.7265e+14	1.5636e-18	2.7157e-18
2.7282e+14	-7.8459e-18	1.0419e-17
2.7298e+14	9.4396e-18	2.9143e-18
2.7314e+14	8.188e-18	-2.983e-19
2.733e+14	-8.1911e-18	9.1299e-18
2.7346e+14	3.305e-18	6.5779e-18
2.7362e+14	1.2647e-17	-1.3121e-18
2.7378e+14	-4.5955e-18	5.948e-18
2.7394e+14	-3.3678e-18	9.3432e-18
2.741e+14	1.2959e-17	2.3593e-19
2.7426e+14	1.5822e-18	2.7006e-18
2.7442e+14	-7.6843e-18	1.0256e-17
2.7458e+14	9.4365e-18	2.8602e-18
2.7475e+14	8.1666e-18	-4.7176e-19
2.7491e+14	-8.11e-18	8.7134e-18
2.7507e+14	3.1707e-18	6.2636e-18
2.7523e+14	1.2372e-17	-1.4124e-18
2.7539e+14	-4.6015e-18	5.8239e-18
2.7555e+14	-3.2483e-18	9.167e-18
2.7571e+14	1.2928e-17	4.254e-20
2.7587e+14	1.5786e-18	2.4075e-18
2.7603e+14	-7.6447e-18	1.0073e-17
2.7619e+14	9.3077e-18	3.0529e-18
2.7635e+14	8.0203e-18	-1.2887e-19
2.7651e+14	-8.1401e-18	8.981e-18
2.7668e+14	3.0655e-18	6.5802e-18
2.7684e+14	1.226e-17	-1.1781e-18
2.77e+14	-4.5659e-18	5.7353e-18
2.7716e+14	-3.3461e-18	9.0709e-18
2.7732e+14	1.2631e-17	1.8164e-19
2.7748e+14	1.4671e-18	2.4049e-18
2.7764e+14	-7.6117e-18	9.851e-18
2.778e+14	9.1909e-18	2.9846e-18
2.7796e+14	7.9642e-18	-2.5107e-19
2.7812e+14	-8.0184e-18	8.4216e-18
2.7828e+14	3.0478e-18	6.0634e-18
2.7845e+14	1.2198e-17	-1.1469e-18
2.7861e+14	-4.38e-18	5.9432e-18
2.7877e+14	-3.2092e-18	9.1261e-18
2.7893e+14	1.2571e-17	2.515e-19
2.7909e+14	1.6222e-18	2.3485e-18
2.7925e+14	-7.3462e-18	9.4091e-18
2.7941e+14	9.1006e-18	2.5556e-18
2.7957e+14	7.8349e-18	-1.806e-19
2.7973e+14	-7.7832e-18	8.8449e-18
2.7989e+14	3.2132e-18	6.5176e-18
2.8005e+14	1.2042e-17	-8.3349e-19
2.8021e+14	-4.4344e-18	5.8822e-18
2.8038e+14	-3.1077e-18	8.7161e-18
2.8054e+14	1.2524e-17	4.8976e-20
2.807e+14	1.5519e-18	2.7332e-18
2.8086e+14	-7.2631e-18	1.0011e-17
2.8102e+14	9.1702e-18	2.7978e-18
2.8118e+14	7.8437e-18	-3.6456e-19
2.8134e+14	-7.7662e-18	8.569e-18
2.815e+14	3.1675e-18	6.3322e-18
2.8166e+14	1.2011e-17	-9.8146e-19
2.8182e+14	-4.3381e-18	5.8365e-18
2.8198e+14	-3.088e-18	8.8674e-18
2.8214e+14	1.2398e-17	1.2784e-19
2.8231e+14	1.5242e-18	2.4712e-18
2.8247e+14	-7.2396e-18	9.7166e-18
2.8263e+14	9.0826e-18	2.8229e-18
2.8279e+14	7.8673e-18	-2.7965e-19
2.8295e+14	-7.5933e-18	8.4093e-18
2.8311e+14	3.1518e-18	6.1094e-18
2.8327e+14	1.1894e-17	-1.099e-18
2.8343e+14	-4.2631e-18	5.7345e-18
2.8359e+14	-3.0629e-18	8.7797e-18
2.8375e+14	1.2225e-17	7.2964e-20
2.8391e+14	1.5286e-18	2.3642e-18
2.8408e+14	-7.0647e-18	9.6624e-18
2.8424e+14	9.0323e-18	2.9994e-18
2.844e+14	7.7182e-18	2.4429e-20
2.8456e+14	-7.5595e-18	8.702e-18
2.8472e+14	3.1754e-18	6.3698e-18
2.8488e+14	1.1828e-17	-1.0186e-18
2.8504e+14	-4.1985e-18	5.6339e-18
2.852e+14	-2.9485e-18	8.8321e-18
2.8536e+14	1.2218e-17	2.9075e-19
2.8552e+14	1.5026e-18	2.4448e-18
2.8568e+14	-7.1315e-18	9.7924e-18
2.8584e+14	8.8534e-18	3.3865e-18
2.8601e+14	7.6767e-18	1.0038e-19
2.8617e+14	-7.4161e-18	8.1968e-18
2.8633e+14	3.1701e-18	6.0928e-18
2.8649e+14	1.171e-17	-6.3829e-19
2.8665e+14	-4.1549e-18	6.046e-18
2.8681e+14	-2.8921e-18	9.0188e-18
2.8697e+14	1.2192e-17	6.6892e-19
2.8713e+14	1.6815e-18	2.9426e-18
2.8729e+14	-6.8007e-18	1.0013e-17
2.8745e+14	8.9771e-18	3.4781e-18
2.8761e+14	7.6407e-18	3.5199e-19
2.8777e+14	-7.4378e-18	8.5393e-18
2.8794e+14	3.1243e-18	6.4611e-18
2.881e+14	1.1771e-17	-2.8996e-19
2.8826e+14	-3.9197e-18	6.1446e-18
2.8842e+14	-2.8165e-18	8.8695e-18
2.8858e+14	1.2086e-17	5.8e-19
2.8874e+14	1.7707e-18	2.9112e-18
2.889e+14	-6.6627e-18	9.7324e-18
2.8906e+14	8.8597e-18	2.9385e-18
2.8922e+14	7.6433e-18	-1.5925e-19
2.8938e+14	-7.1088e-18	8.1971e-18
2.8954e+14	3.2409e-18	6.1512e-18
2.8971e+14	1.1533e-17	-7.2573e-19
2.8987e+14	-4.023e-18	5.7224e-18
2.9003e+14	-2.7439e-18	8.7117e-18
2.9019e+14	1.2036e-17	4.9163e-19
2.9035e+14	1.6666e-18	2.5321e-18
2.9051e+14	-6.7325e-18	9.346e-18
2.9067e+14	8.739e-18	3.0182e-18
2.9083e+14	7.5884e-18	9.72e-20
2.9099e+14	-7.0614e-18	8.213e-18
2.9115e+14	3.175e-18	6.2501e-18
2.9131e+14	1.145e-17	-3.4132e-19
2.9147e+14	-3.904e-18	5.8184e-18
2.9164e+14	-2.6692e-18	8.2808e-18
2.918e+14	1.1895e-17	1.9012e-19
2.9196e+14	1.6152e-18	2.7756e-18
2.9212e+14	-6.6356e-18	9.7406e-18
2.9228e+14	8.7162e-18	3.1876e-18
2.9244e+14	7.5026e-18	1.7003e-19
2.926e+14	-7.0589e-18	8.3647e-18
2.9276e+14	3.1569e-18	6.3528e-18
2.9292e+14	1.1421e-17	-4.4188e-19
2.9308e+14	-3.8676e-18	5.681e-18
2.9324e+14	-2.7192e-18	8.3597e-18
2.934e+14	1.1809e-17	3.7189e-19
2.9357e+14	1.7342e-18	2.8097e-18
2.9373e+14	-6.5085e-18	9.7363e-18
2.9389e+14	8.6118e-18	3.3536e-18
2.9405e+14	7.4559e-18	3.8632e-19
2.9421e+14	-6.9249e-18	8.4261e-18
2.9437e+14	3.1685e-18	6.2074e-18
2.9453e+14	1.1364e-17	-7.1002e-19
2.9469e+14	-3.7786e-18	5.695e-18
2.9485e+14	-2.718e-18	9.0131e-18
2.9501e+14	1.1643e-17	1.1063e-18
2.9517e+14	1.7116e-18	2.753e-18
2.9534e+14	-6.47e-18	9.1535e-18
2.955e+14	8.4897e-18	3.0917e-18
2.9566e+14	7.4391e-18	4.1796e-19
2.9582e+14	-6.7886e-18	8.3849e-18
2.9598e+14	3.0865e-18	6.3031e-18
2.9614e+14	1.1235e-17	-4.6637e-19
2.963e+14	-3.5926e-18	5.6055e-18
2.9646e+14	-2.5906e-18	8.6575e-18
2.9662e+14	1.146e-17	9.9629e-19
2.9678e+14	1.6812e-18	2.8835e-18
2.9694e+14	-6.2817e-18	9.3321e-18
2.971e+14	8.4882e-18	3.4013e-18
2.9727e+14	7.4133e-18	6.8171e-19
2.9743e+14	-6.5948e-18	8.3627e-18
2.9759e+14	3.1183e-18	6.3738e-18
2.9775e+14	1.1033e-17	-7.6765e-20
2.9791e+14	-3.5507e-18	5.7089e-18
2.9807e+14	-2.3553e-18	8.2179e-18
2.9823e+14	1.1503e-17	6.8606e-19
2.9839e+14	1.6833e-18	2.988e-18
2.9855e+14	-6.1333e-18	9.3241e-18
2.9871e+14	8.5514e-18	3.1009e-18
2.9887e+14	7.3339e-18	4.4642e-19
2.9903e+14	-6.6503e-18	8.2324e-18
2.992e+14	3.0571e-18	6.1615e-18
2.9936e+14	1.0949e-17	-1.9335e-19
2.9952e+14	-3.5989e-18	5.9044e-18
2.9968e+14	-2.4669e-18	8.4902e-18
2.9984e+14	1.138e-17	7.6612e-19
3e+14	1.7633e-18	3.0769e-18
