#Error on normalization	O = 1.798 %	H = -0.534 %
#Frequence (s-1)	S_O (s)	S_H (s)
0	4.4167e-15	3.3827e-16
1.1858e+11	2.6904e-15	3.3527e-16
2.3715e+11	-1.0111e-15	3.3722e-16
3.5573e+11	-3.486e-15	3.6578e-16
4.7431e+11	-2.4863e-15	4.2977e-16
5.9289e+11	1.3714e-15	5.1078e-16
7.1146e+11	5.0665e-15	5.7315e-16
8.3004e+11	5.67e-15	5.9291e-16
9.4862e+11	2.8384e-15	5.8254e-16
1.0672e+12	-7.8781e-16	5.8815e-16
1.1858e+12	-1.7046e-15	6.5602e-16
1.3043e+12	1.4768e-15	7.9184e-16
1.4229e+12	6.6605e-15	9.4693e-16
1.5415e+12	9.7855e-15	1.0503e-15
1.6601e+12	8.2155e-15	1.0705e-15
1.7787e+12	3.3614e-15	1.0619e-15
1.8972e+12	3.1309e-16	1.1538e-15
2.0158e+12	4.4571e-15	1.4753e-15
2.1344e+12	1.7417e-14	2.0595e-15
2.253e+12	3.5336e-14	2.7929e-15
2.3715e+12	5.0932e-14	3.4567e-15
2.4901e+12	5.8027e-14	3.844e-15
2.6087e+12	5.5427e-14	3.8829e-15
2.7273e+12	4.743e-14	3.6807e-15
2.8458e+12	4.069e-14	3.4546e-15
2.9644e+12	3.9725e-14	3.3896e-15
3.083e+12	4.427e-14	3.5209e-15
3.2016e+12	5.0232e-14	3.7259e-15
3.3202e+12	5.3342e-14	3.8339e-15
3.4387e+12	5.2684e-14	3.7789e-15
3.5573e+12	5.1523e-14	3.6816e-15
3.6759e+12	5.4933e-14	3.7926e-15
3.7945e+12	6.6081e-14	4.3266e-15
3.913e+12	8.3879e-14	5.2991e-15
4.0316e+12	1.0359e-13	6.4822e-15
4.1502e+12	1.1973e-13	7.5189e-15
4.2688e+12	1.2917e-13	8.125e-15
4.3874e+12	1.3224e-13	8.2454e-15
4.5059e+12	1.3153e-13	8.0629e-15
4.6245e+12	1.2966e-13	7.8568e-15
4.7431e+12	1.277e-13	7.8136e-15
4.8617e+12	1.2534e-13	7.9164e-15
4.9802e+12	1.2202e-13	7.9828e-15
5.0988e+12	1.1789e-13	7.8131e-15
5.2174e+12	1.136e-13	7.3374e-15
5.336e+12	1.093e-13	6.6618e-15
5.4545e+12	1.0407e-13	5.9928e-15
5.5731e+12	9.6546e-14	5.5065e-15
5.6917e+12	8.6476e-14	5.2604e-15
5.8103e+12	7.5775e-14	5.2014e-15
5.9289e+12	6.8e-14	5.2462e-15
6.0474e+12	6.6269e-14	5.3595e-15
6.166e+12	7.109e-14	5.5694e-15
6.2846e+12	7.9881e-14	5.9196e-15
6.4032e+12	8.8761e-14	6.4095e-15
6.5217e+12	9.5432e-14	6.9801e-15
6.6403e+12	1.0094e-13	7.5538e-15
6.7589e+12	1.0878e-13	8.0885e-15
6.8775e+12	1.2175e-13	8.5902e-15
6.996e+12	1.3887e-13	9.0721e-15
7.1146e+12	1.5476e-13	9.4967e-15
7.2332e+12	1.6232e-13	9.7625e-15
7.3518e+12	1.5707e-13	9.7594e-15
7.4704e+12	1.4032e-13	9.4558e-15
7.5889e+12	1.1874e-13	8.9458e-15
7.7075e+12	1.0062e-13	8.4088e-15
7.8261e+12	9.12e-14	8.0057e-15
7.9447e+12	9.02e-14	7.7892e-15
8.0632e+12	9.3013e-14	7.7016e-15
8.1818e+12	9.4529e-14	7.6637e-15
8.3004e+12	9.276e-14	7.6774e-15
8.419e+12	8.9738e-14	7.849e-15
8.5375e+12	8.9282e-14	8.2984e-15
8.6561e+12	9.3507e-14	9.0186e-15
8.7747e+12	1.0078e-13	9.8057e-15
8.8933e+12	1.0666e-13	1.0339e-14
9.0119e+12	1.0707e-13	1.0377e-14
9.1304e+12	1.0135e-13	9.9358e-15
9.249e+12	9.2911e-14	9.3123e-15
9.3676e+12	8.698e-14	8.9091e-15
9.4862e+12	8.7119e-14	8.9761e-15
9.6047e+12	9.2878e-14	9.4421e-15
9.7233e+12	1.0018e-13	9.9636e-15
9.8419e+12	1.0403e-13	1.0163e-14
9.9605e+12	1.0162e-13	9.8917e-15
1.0079e+13	9.375e-14	9.3276e-15
1.0198e+13	8.3886e-14	8.846e-15
1.0316e+13	7.5654e-14	8.7501e-15
1.0435e+13	7.0715e-14	9.0613e-15
1.0553e+13	6.8269e-14	9.5176e-15
1.0672e+13	6.623e-14	9.7747e-15
1.0791e+13	6.2977e-14	9.6589e-15
1.0909e+13	5.8364e-14	9.2868e-15
1.1028e+13	5.3446e-14	8.9685e-15
1.1146e+13	4.94e-14	8.9758e-15
1.1265e+13	4.6604e-14	9.3475e-15
1.1383e+13	4.4535e-14	9.8737e-15
1.1502e+13	4.2394e-14	1.0258e-14
1.1621e+13	3.9799e-14	1.0332e-14
1.1739e+13	3.6963e-14	1.0154e-14
1.1858e+13	3.4291e-14	9.9377e-15
1.1976e+13	3.186e-14	9.875e-15
1.2095e+13	2.93e-14	9.9947e-15
1.2213e+13	2.62e-14	1.0172e-14
1.2332e+13	2.2659e-14	1.0266e-14
1.2451e+13	1.9444e-14	1.0272e-14
1.2569e+13	1.7546e-14	1.0353e-14
1.2688e+13	1.7445e-14	1.073e-14
1.2806e+13	1.8648e-14	1.1496e-14
1.2925e+13	1.9913e-14	1.2517e-14
1.3043e+13	2.0029e-14	1.3477e-14
1.3162e+13	1.8595e-14	1.4066e-14
1.3281e+13	1.6241e-14	1.4165e-14
1.3399e+13	1.4154e-14	1.3921e-14
1.3518e+13	1.3251e-14	1.3652e-14
1.3636e+13	1.361e-14	1.3659e-14
1.3755e+13	1.4517e-14	1.4056e-14
1.3874e+13	1.503e-14	1.4727e-14
1.3992e+13	1.4617e-14	1.5412e-14
1.4111e+13	1.3426e-14	1.5858e-14
1.4229e+13	1.2056e-14	1.5959e-14
1.4348e+13	1.1069e-14	1.581e-14
1.4466e+13	1.0645e-14	1.5665e-14
1.4585e+13	1.0577e-14	1.5834e-14
1.4704e+13	1.0538e-14	1.6558e-14
1.4822e+13	1.0359e-14	1.7895e-14
1.4941e+13	1.0098e-14	1.967e-14
1.5059e+13	9.9048e-15	2.1514e-14
1.5178e+13	9.8394e-15	2.2991e-14
1.5296e+13	9.8214e-15	2.3782e-14
1.5415e+13	9.726e-15	2.3827e-14
1.5534e+13	9.5115e-15	2.3358e-14
1.5652e+13	9.2412e-15	2.2773e-14
1.5771e+13	8.9835e-15	2.2432e-14
1.5889e+13	8.7029e-15	2.2473e-14
1.6008e+13	8.2673e-15	2.2794e-14
1.6126e+13	7.5857e-15	2.3186e-14
1.6245e+13	6.7531e-15	2.3539e-14
1.6364e+13	6.0486e-15	2.3976e-14
1.6482e+13	5.7547e-15	2.4784e-14
1.6601e+13	5.9252e-15	2.6202e-14
1.6719e+13	6.3008e-15	2.8175e-14
1.6838e+13	6.4686e-15	3.0278e-14
1.6957e+13	6.1636e-15	3.1865e-14
1.7075e+13	5.4829e-15	3.2386e-14
1.7194e+13	4.8334e-15	3.1697e-14
1.7312e+13	4.6357e-15	3.0169e-14
1.7431e+13	5.0018e-15	2.8535e-14
1.7549e+13	5.6347e-15	2.7566e-14
1.7668e+13	6.0325e-15	2.7713e-14
1.7787e+13	5.8481e-15	2.892e-14
1.7905e+13	5.1352e-15	3.0651e-14
1.8024e+13	4.3002e-15	3.2126e-14
1.8142e+13	3.8026e-15	3.2649e-14
1.8261e+13	3.8351e-15	3.1896e-14
1.8379e+13	4.2178e-15	3.0066e-14
1.8498e+13	4.5678e-15	2.7824e-14
1.8617e+13	4.5946e-15	2.6041e-14
1.8735e+13	4.2898e-15	2.5414e-14
1.8854e+13	3.8806e-15	2.6127e-14
1.8972e+13	3.6123e-15	2.771e-14
1.9091e+13	3.5524e-15	2.9234e-14
1.9209e+13	3.5722e-15	2.9756e-14
1.9328e+13	3.501e-15	2.8835e-14
1.9447e+13	3.3032e-15	2.6813e-14
1.9565e+13	3.1174e-15	2.4674e-14
1.9684e+13	3.1246e-15	2.3534e-14
1.9802e+13	3.3659e-15	2.4008e-14
1.9921e+13	3.6749e-15	2.5838e-14
2.004e+13	3.793e-15	2.8007e-14
2.0158e+13	3.5787e-15	2.9284e-14
2.0277e+13	3.1347e-15	2.8892e-14
2.0395e+13	2.7424e-15	2.6918e-14
2.0514e+13	2.6493e-15	2.4226e-14
2.0632e+13	2.8784e-15	2.1956e-14
2.0751e+13	3.2124e-15	2.0917e-14
2.087e+13	3.3661e-15	2.1221e-14
2.0988e+13	3.2062e-15	2.2342e-14
2.1107e+13	2.8443e-15	2.3508e-14
2.1225e+13	2.5313e-15	2.415e-14
2.1344e+13	2.4471e-15	2.4153e-14
2.1462e+13	2.5602e-15	2.3798e-14
2.1581e+13	2.6728e-15	2.3495e-14
2.17e+13	2.6066e-15	2.3501e-14
2.1818e+13	2.3695e-15	2.3792e-14
2.1937e+13	2.1565e-15	2.4115e-14
2.2055e+13	2.1802e-15	2.4163e-14
2.2174e+13	2.4715e-15	2.3741e-14
2.2292e+13	2.8236e-15	2.2855e-14
2.2411e+13	2.9374e-15	2.1712e-14
2.253e+13	2.6606e-15	2.0644e-14
2.2648e+13	2.1285e-15	1.9993e-14
2.2767e+13	1.6841e-15	1.9976e-14
2.2885e+13	1.6304e-15	2.0587e-14
2.3004e+13	1.9997e-15	2.1565e-14
2.3123e+13	2.5218e-15	2.2484e-14
2.3241e+13	2.8182e-15	2.2937e-14
2.336e+13	2.6786e-15	2.2737e-14
2.3478e+13	2.209e-15	2.1998e-14
2.3597e+13	1.7433e-15	2.1058e-14
2.3715e+13	1.5884e-15	2.0268e-14
2.3834e+13	1.8006e-15	1.9798e-14
2.3953e+13	2.1598e-15	1.9589e-14
2.4071e+13	2.3526e-15	1.9488e-14
2.419e+13	2.2181e-15	1.9449e-14
2.4308e+13	1.8647e-15	1.9638e-14
2.4427e+13	1.5763e-15	2.0323e-14
2.4545e+13	1.5863e-15	2.1621e-14
2.4664e+13	1.9e-15	2.328e-14
2.4783e+13	2.2967e-15	2.471e-14
2.4901e+13	2.5016e-15	2.5265e-14
2.502e+13	2.3901e-15	2.4648e-14
2.5138e+13	2.0691e-15	2.314e-14
2.5257e+13	1.7824e-15	2.1492e-14
2.5375e+13	1.7253e-15	2.0515e-14
2.5494e+13	1.9111e-15	2.0618e-14
2.5613e+13	2.1839e-15	2.1589e-14
2.5731e+13	2.3518e-15	2.2757e-14
2.585e+13	2.328e-15	2.3418e-14
2.5968e+13	2.1734e-15	2.3248e-14
2.6087e+13	2.0219e-15	2.2437e-14
2.6206e+13	1.9643e-15	2.149e-14
2.6324e+13	1.9853e-15	2.0851e-14
2.6443e+13	1.9984e-15	2.0619e-14
2.6561e+13	1.9336e-15	2.054e-14
2.668e+13	1.7993e-15	2.0236e-14
2.6798e+13	1.6671e-15	1.9502e-14
2.6917e+13	1.6017e-15	1.8442e-14
2.7036e+13	1.6029e-15	1.7384e-14
2.7154e+13	1.6118e-15	1.6651e-14
2.7273e+13	1.5719e-15	1.6362e-14
2.7391e+13	1.4876e-15	1.641e-14
2.751e+13	1.4244e-15	1.6587e-14
2.7628e+13	1.4497e-15	1.6758e-14
2.7747e+13	1.5666e-15	1.6943e-14
2.7866e+13	1.7014e-15	1.7259e-14
2.7984e+13	1.7591e-15	1.779e-14
2.8103e+13	1.7009e-15	1.8475e-14
2.8221e+13	1.5779e-15	1.9116e-14
2.834e+13	1.4902e-15	1.9464e-14
2.8458e+13	1.5033e-15	1.9347e-14
2.8577e+13	1.5927e-15	1.8737e-14
2.8696e+13	1.663e-15	1.7753e-14
2.8814e+13	1.6282e-15	1.6606e-14
2.8933e+13	1.4851e-15	1.5532e-14
2.9051e+13	1.3198e-15	1.4734e-14
2.917e+13	1.2393e-15	1.4331e-14
2.9289e+13	1.2848e-15	1.432e-14
2.9407e+13	1.3984e-15	1.4561e-14
2.9526e+13	1.4704e-15	1.4828e-14
2.9644e+13	1.4288e-15	1.4907e-14
2.9763e+13	1.2966e-15	1.4708e-14
2.9881e+13	1.1711e-15	1.4321e-14
3e+13	1.1409e-15	1.3956e-14
3.0119e+13	1.2118e-15	1.3801e-14
3.0237e+13	1.3017e-15	1.3879e-14
3.0356e+13	1.3096e-15	1.4008e-14
3.0474e+13	1.2002e-15	1.3903e-14
3.0593e+13	1.0345e-15	1.3355e-14
3.0711e+13	9.2002e-16	1.238e-14
3.083e+13	9.2171e-16	1.1219e-14
3.0949e+13	1.0083e-15	1.0205e-14
3.1067e+13	1.0782e-15	9.583e-15
3.1186e+13	1.0453e-15	9.3919e-15
3.1304e+13	9.1217e-16	9.4944e-15
3.1423e+13	7.7218e-16	9.7011e-15
3.1542e+13	7.3518e-16	9.896e-15
3.166e+13	8.3829e-16	1.0072e-14
3.1779e+13	1.0136e-15	1.0269e-14
3.1897e+13	1.1395e-15	1.0476e-14
3.2016e+13	1.1342e-15	1.0604e-14
3.2134e+13	1.0169e-15	1.0531e-14
3.2253e+13	8.8825e-16	1.0209e-14
3.2372e+13	8.4704e-16	9.7161e-15
3.249e+13	9.1197e-16	9.2243e-15
3.2609e+13	1.0104e-15	8.8867e-15
3.2727e+13	1.0415e-15	8.7384e-15
3.2846e+13	9.5951e-16	8.6814e-15
3.2964e+13	8.1053e-16	8.5653e-15
3.3083e+13	6.9285e-16	8.3016e-15
3.3202e+13	6.7671e-16	7.9251e-15
3.332e+13	7.4992e-16	7.5612e-15
3.3439e+13	8.3303e-16	7.3274e-15
3.3557e+13	8.4897e-16	7.2492e-15
3.3676e+13	7.8731e-16	7.2504e-15
3.3794e+13	7.0944e-16	7.2194e-15
3.3913e+13	6.9157e-16	7.0952e-15
3.4032e+13	7.5511e-16	6.9041e-15
3.415e+13	8.4456e-16	6.7253e-15
3.4269e+13	8.723e-16	6.6174e-15
3.4387e+13	7.9317e-16	6.568e-15
3.4506e+13	6.4582e-16	6.5046e-15
3.4625e+13	5.2493e-16	6.3547e-15
3.4743e+13	5.0628e-16	6.1059e-15
3.4862e+13	5.8615e-16	5.8198e-15
3.498e+13	6.8541e-16	5.5927e-15
3.5099e+13	7.1534e-16	5.4948e-15
3.5217e+13	6.5105e-16	5.532e-15
3.5336e+13	5.5152e-16	5.6513e-15
3.5455e+13	5.0954e-16	5.7777e-15
3.5573e+13	5.7263e-16	5.8529e-15
3.5692e+13	7.0076e-16	5.8543e-15
3.581e+13	7.9653e-16	5.7923e-15
3.5929e+13	7.8375e-16	5.6988e-15
3.6047e+13	6.7024e-16	5.615e-15
3.6166e+13	5.4264e-16	5.5758e-15
3.6285e+13	4.9697e-16	5.5907e-15
3.6403e+13	5.6131e-16	5.6267e-15
3.6522e+13	6.7402e-16	5.6138e-15
3.664e+13	7.3545e-16	5.4825e-15
3.6759e+13	6.909e-16	5.2195e-15
3.6877e+13	5.7672e-16	4.9008e-15
3.6996e+13	4.909e-16	4.6677e-15
3.7115e+13	5.119e-16	4.6446e-15
3.7233e+13	6.3201e-16	4.8492e-15
3.7352e+13	7.6042e-16	5.1629e-15
3.747e+13	7.9491e-16	5.3937e-15
3.7589e+13	7.0467e-16	5.3996e-15
3.7708e+13	5.5702e-16	5.1886e-15
3.7826e+13	4.6559e-16	4.9166e-15
3.7945e+13	5.008e-16	4.7798e-15
3.8063e+13	6.3424e-16	4.8734e-15
3.8182e+13	7.6161e-16	5.1211e-15
3.83e+13	7.858e-16	5.332e-15
3.8419e+13	6.9372e-16	5.3436e-15
3.8538e+13	5.6545e-16	5.144e-15
3.8656e+13	5.0904e-16	4.8795e-15
3.8775e+13	5.7356e-16	4.7397e-15
3.8893e+13	7.1013e-16	4.8101e-15
3.9012e+13	8.1171e-16	5.0076e-15
3.913e+13	7.9899e-16	5.1518e-15
3.9249e+13	6.8331e-16	5.1153e-15
3.9368e+13	5.565e-16	4.9307e-15
3.9486e+13	5.1671e-16	4.7657e-15
3.9605e+13	5.9023e-16	4.7815e-15
3.9723e+13	7.1183e-16	4.9905e-15
3.9842e+13	7.7885e-16	5.2336e-15
3.996e+13	7.3471e-16	5.3045e-15
4.0079e+13	6.1474e-16	5.1281e-15
4.0198e+13	5.178e-16	4.8442e-15
4.0316e+13	5.2685e-16	4.7182e-15
4.0435e+13	6.4193e-16	4.9328e-15
4.0553e+13	7.7879e-16	5.4226e-15
4.0672e+13	8.3392e-16	5.8903e-15
4.0791e+13	7.6473e-16	6.0104e-15
4.0909e+13	6.2227e-16	5.6794e-15
4.1028e+13	5.121e-16	5.1195e-15
4.1146e+13	5.1467e-16	4.7452e-15
4.1265e+13	6.2697e-16	4.8752e-15
4.1383e+13	7.6864e-16	5.4968e-15
4.1502e+13	8.4504e-16	6.2608e-15
4.1621e+13	8.1717e-16	6.7198e-15
4.1739e+13	7.2582e-16	6.6456e-15
4.1858e+13	6.5545e-16	6.194e-15
4.1976e+13	6.6916e-16	5.7964e-15
4.2095e+13	7.6541e-16	5.8524e-15
4.2213e+13	8.8612e-16	6.4432e-15
4.2332e+13	9.6438e-16	7.2711e-15
4.2451e+13	9.7172e-16	7.8661e-15
4.2569e+13	9.3e-16	7.9086e-15
4.2688e+13	8.8478e-16	7.4376e-15
4.2806e+13	8.6671e-16	6.8042e-15
4.2925e+13	8.732e-16	6.4139e-15
4.3043e+13	8.8103e-16	6.4529e-15
4.3162e+13	8.7391e-16	6.7906e-15
4.3281e+13	8.5843e-16	7.1159e-15
4.3399e+13	8.5572e-16	7.1925e-15
4.3518e+13	8.7964e-16	7.0404e-15
4.3636e+13	9.2359e-16	6.9142e-15
4.3755e+13	9.6854e-16	7.1075e-15
4.3874e+13	1.0038e-15	7.7312e-15
4.3992e+13	1.0393e-15	8.6275e-15
4.4111e+13	1.0955e-15	9.4701e-15
4.4229e+13	1.1795e-15	9.9723e-15
4.4348e+13	1.2693e-15	1.0053e-14
4.4466e+13	1.3239e-15	9.86e-15
4.4585e+13	1.3153e-15	9.6515e-15
4.4704e+13	1.2555e-15	9.6361e-15
4.4822e+13	1.1941e-15	9.872e-15
4.4941e+13	1.1858e-15	1.0275e-14
4.5059e+13	1.249e-15	1.0698e-14
4.5178e+13	1.3511e-15	1.1017e-14
4.5296e+13	1.4314e-15	1.117e-14
4.5415e+13	1.4465e-15	1.1153e-14
4.5534e+13	1.4019e-15	1.1009e-14
4.5652e+13	1.3458e-15	1.0811e-14
4.5771e+13	1.3294e-15	1.0665e-14
4.5889e+13	1.3681e-15	1.0688e-14
4.6008e+13	1.4339e-15	1.0969e-14
4.6126e+13	1.4866e-15	1.1531e-14
4.6245e+13	1.5158e-15	1.2324e-14
4.6364e+13	1.5567e-15	1.326e-14
4.6482e+13	1.6629e-15	1.4255e-14
4.6601e+13	1.8552e-15	1.5241e-14
4.6719e+13	2.0881e-15	1.6134e-14
4.6838e+13	2.265e-15	1.6803e-14
4.6957e+13	2.2967e-15	1.7079e-14
4.7075e+13	2.1644e-15	1.6849e-14
4.7194e+13	1.9398e-15	1.6172e-14
4.7312e+13	1.7475e-15	1.5348e-14
4.7431e+13	1.6932e-15	1.4837e-14
4.7549e+13	1.8059e-15	1.5051e-14
4.7668e+13	2.0305e-15	1.6123e-14
4.7787e+13	2.2697e-15	1.7803e-14
4.7905e+13	2.4435e-15	1.9547e-14
4.8024e+13	2.5236e-15	2.0783e-14
4.8142e+13	2.5275e-15	2.1179e-14
4.8261e+13	2.4869e-15	2.0777e-14
4.8379e+13	2.4204e-15	1.9905e-14
4.8498e+13	2.3309e-15	1.8967e-14
4.8617e+13	2.2234e-15	1.8231e-14
4.8735e+13	2.1204e-15	1.7758e-14
4.8854e+13	2.0562e-15	1.7477e-14
4.8972e+13	2.054e-15	1.7316e-14
4.9091e+13	2.1048e-15	1.7281e-14
4.9209e+13	2.1686e-15	1.7417e-14
4.9328e+13	2.1995e-15	1.7709e-14
4.9447e+13	2.1746e-15	1.8008e-14
4.9565e+13	2.1046e-15	1.8068e-14
4.9684e+13	2.0174e-15	1.7669e-14
4.9802e+13	1.9311e-15	1.674e-14
4.9921e+13	1.8384e-15	1.5406e-14
5.004e+13	1.7183e-15	1.3927e-14
5.0158e+13	1.5634e-15	1.2574e-14
5.0277e+13	1.3988e-15	1.1539e-14
5.0395e+13	1.2746e-15	1.0907e-14
5.0514e+13	1.2328e-15	1.0683e-14
5.0632e+13	1.2755e-15	1.0824e-14
5.0751e+13	1.3578e-15	1.1231e-14
5.087e+13	1.4147e-15	1.1724e-14
5.0988e+13	1.4008e-15	1.2051e-14
5.1107e+13	1.3163e-15	1.1968e-14
5.1225e+13	1.2001e-15	1.1353e-14
5.1344e+13	1.0977e-15	1.0292e-14
5.1462e+13	1.0296e-15	9.0617e-15
5.1581e+13	9.8435e-16	7.9978e-15
5.17e+13	9.364e-16	7.3294e-15
5.1818e+13	8.7321e-16	7.0766e-15
5.1937e+13	8.069e-16	7.0733e-15
5.2055e+13	7.6211e-16	7.0907e-15
5.2174e+13	7.5203e-16	6.9725e-15
5.2292e+13	7.6409e-16	6.6942e-15
5.2411e+13	7.6784e-16	6.3237e-15
5.253e+13	7.3843e-16	5.9328e-15
5.2648e+13	6.7556e-16	5.5377e-15
5.2767e+13	6.0241e-16	5.1108e-15
5.2885e+13	5.4584e-16	4.6408e-15
5.3004e+13	5.1526e-16	4.177e-15
5.3123e+13	4.9806e-16	3.8128e-15
5.3241e+13	4.7459e-16	3.6195e-15
5.336e+13	4.3884e-16	3.5872e-15
5.3478e+13	4.059e-16	3.627e-15
5.3597e+13	3.9888e-16	3.6359e-15
5.3715e+13	4.264e-16	3.572e-15
5.3834e+13	4.705e-16	3.4778e-15
5.3953e+13	4.9681e-16	3.4305e-15
5.4071e+13	4.8001e-16	3.4609e-15
5.419e+13	4.2405e-16	3.5119e-15
5.4308e+13	3.6017e-16	3.4748e-15
5.4427e+13	3.2344e-16	3.2786e-15
5.4545e+13	3.2641e-16	2.9589e-15
5.4664e+13	3.5086e-16	2.6475e-15
5.4783e+13	3.6426e-16	2.4824e-15
5.4901e+13	3.4708e-16	2.5077e-15
5.502e+13	3.0847e-16	2.6391e-15
5.5138e+13	2.7766e-16	2.7271e-15
5.5257e+13	2.7847e-16	2.669e-15
5.5375e+13	3.085e-16	2.4836e-15
5.5494e+13	3.4049e-16	2.2916e-15
5.5613e+13	3.4474e-16	2.2157e-15
5.5731e+13	3.1389e-16	2.2814e-15
5.585e+13	2.6928e-16	2.3951e-15
5.5968e+13	2.4348e-16	2.4196e-15
5.6087e+13	2.5346e-16	2.2846e-15
5.6206e+13	2.8684e-16	2.0474e-15
5.6324e+13	3.1266e-16	1.8523e-15
5.6443e+13	3.0748e-16	1.8205e-15
5.6561e+13	2.7491e-16	1.956e-15
5.668e+13	2.4199e-16	2.1396e-15
5.6798e+13	2.3525e-16	2.2173e-15
5.6917e+13	2.5703e-16	2.1139e-15
5.7036e+13	2.8224e-16	1.8862e-15
5.7154e+13	2.7938e-16	1.6762e-15
5.7273e+13	2.3839e-16	1.6035e-15
5.7391e+13	1.8196e-16	1.6786e-15
5.751e+13	1.4952e-16	1.8026e-15
5.7628e+13	1.6596e-16	1.8482e-15
5.7747e+13	2.203e-16	1.7569e-15
5.7866e+13	2.7222e-16	1.5772e-15
5.7984e+13	2.8223e-16	1.4202e-15
5.8103e+13	2.421e-16	1.3712e-15
5.8221e+13	1.8119e-16	1.4296e-15
5.834e+13	1.4377e-16	1.5197e-15
5.8458e+13	1.5495e-16	1.5599e-15
5.8577e+13	2.0232e-16	1.5282e-15
5.8696e+13	2.4742e-16	1.4742e-15
5.8814e+13	2.5705e-16	1.4694e-15
5.8933e+13	2.2926e-16	1.5422e-15
5.9051e+13	1.9313e-16	1.6521e-15
5.917e+13	1.8344e-16	1.7228e-15
5.9289e+13	2.1141e-16	1.7051e-15
5.9407e+13	2.5546e-16	1.6168e-15
5.9526e+13	2.7929e-16	1.5256e-15
5.9644e+13	2.6192e-16	1.4917e-15
5.9763e+13	2.1496e-16	1.5189e-15
5.9881e+13	1.731e-16	1.5539e-15
6e+13	1.6591e-16	1.5351e-15
6.0119e+13	1.9428e-16	1.4483e-15
6.0237e+13	2.3069e-16	1.3421e-15
6.0356e+13	2.4254e-16	1.2896e-15
6.0474e+13	2.19e-16	1.328e-15
6.0593e+13	1.7925e-16	1.4252e-15
6.0711e+13	1.5566e-16	1.5034e-15
6.083e+13	1.6635e-16	1.499e-15
6.0949e+13	2.0012e-16	1.4123e-15
6.1067e+13	2.2621e-16	1.3061e-15
6.1186e+13	2.2044e-16	1.2543e-15
6.1304e+13	1.8579e-16	1.2829e-15
6.1423e+13	1.5012e-16	1.3508e-15
6.1542e+13	1.4288e-16	1.3852e-15
6.166e+13	1.7041e-16	1.3437e-15
6.1779e+13	2.1037e-16	1.2497e-15
6.1897e+13	2.3009e-16	1.1755e-15
6.2016e+13	2.1374e-16	1.1836e-15
6.2134e+13	1.7568e-16	1.2763e-15
6.2253e+13	1.4889e-16	1.3921e-15
6.2372e+13	1.5797e-16	1.453e-15
6.249e+13	1.9883e-16	1.4242e-15
6.2609e+13	2.4189e-16	1.339e-15
6.2727e+13	2.5601e-16	1.2704e-15
6.2846e+13	2.3342e-16	1.2722e-15
6.2964e+13	1.9524e-16	1.3381e-15
6.3083e+13	1.7341e-16	1.41e-15
6.3202e+13	1.8426e-16	1.4267e-15
6.332e+13	2.1568e-16	1.3734e-15
6.3439e+13	2.383e-16	1.2919e-15
6.3557e+13	2.3094e-16	1.2447e-15
6.3676e+13	1.9877e-16	1.2636e-15
6.3794e+13	1.6888e-16	1.3244e-15
6.3913e+13	1.67e-16	1.3686e-15
6.4032e+13	1.9516e-16	1.352e-15
6.415e+13	2.2921e-16	1.281e-15
6.4269e+13	2.3879e-16	1.2078e-15
6.4387e+13	2.1306e-16	1.188e-15
6.4506e+13	1.7071e-16	1.2375e-15
6.4625e+13	1.4532e-16	1.3215e-15
6.4743e+13	1.5801e-16	1.3846e-15
6.4862e+13	1.9971e-16	1.3952e-15
6.498e+13	2.3812e-16	1.367e-15
6.5099e+13	2.4373e-16	1.3424e-15
6.5217e+13	2.138e-16	1.3517e-15
6.5336e+13	1.7428e-16	1.3846e-15
6.5455e+13	1.5831e-16	1.3994e-15
6.5573e+13	1.787e-16	1.3609e-15
6.5692e+13	2.1743e-16	1.2759e-15
6.581e+13	2.4074e-16	1.1943e-15
6.5929e+13	2.2738e-16	1.1725e-15
6.6047e+13	1.8657e-16	1.2275e-15
6.6166e+13	1.5062e-16	1.3192e-15
6.6285e+13	1.481e-16	1.3775e-15
6.6403e+13	1.7982e-16	1.3544e-15
6.6522e+13	2.1779e-16	1.2615e-15
6.664e+13	2.2823e-16	1.1626e-15
6.6759e+13	2e-16	1.1275e-15
6.6877e+13	1.5461e-16	1.1795e-15
6.6996e+13	1.2935e-16	1.2794e-15
6.7115e+13	1.4688e-16	1.3561e-15
6.7233e+13	1.9621e-16	1.3602e-15
6.7352e+13	2.4094e-16	1.3007e-15
6.747e+13	2.4832e-16	1.2359e-15
6.7589e+13	2.1565e-16	1.2271e-15
6.7708e+13	1.722e-16	1.2912e-15
6.7826e+13	1.5511e-16	1.3869e-15
6.7945e+13	1.7865e-16	1.4452e-15
6.8063e+13	2.2221e-16	1.4194e-15
6.8182e+13	2.4684e-16	1.3176e-15
6.83e+13	2.2729e-16	1.1956e-15
6.8419e+13	1.733e-16	1.1171e-15
6.8538e+13	1.2278e-16	1.1125e-15
6.8656e+13	1.1215e-16	1.1644e-15
6.8775e+13	1.4755e-16	1.2275e-15
6.8893e+13	2.0016e-16	1.2627e-15
6.9012e+13	2.2917e-16	1.2608e-15
6.913e+13	2.1387e-16	1.2392e-15
6.9249e+13	1.6899e-16	1.2205e-15
6.9368e+13	1.3154e-16	1.2134e-15
6.9486e+13	1.3034e-16	1.2097e-15
6.9605e+13	1.6326e-16	1.1988e-15
6.9723e+13	2.0035e-16	1.1818e-15
6.9842e+13	2.0959e-16	1.173e-15
6.996e+13	1.8354e-16	1.1863e-15
7.0079e+13	1.4487e-16	1.2196e-15
7.0198e+13	1.2671e-16	1.2526e-15
7.0316e+13	1.4457e-16	1.2607e-15
7.0435e+13	1.8336e-16	1.2352e-15
7.0553e+13	2.1027e-16	1.1928e-15
7.0672e+13	2.0255e-16	1.1642e-15
7.0791e+13	1.667e-16	1.1714e-15
7.0909e+13	1.3306e-16	1.2097e-15
7.1028e+13	1.3018e-16	1.2504e-15
7.1146e+13	1.6058e-16	1.2618e-15
7.1265e+13	1.9831e-16	1.2337e-15
7.1383e+13	2.1065e-16	1.1861e-15
7.1502e+13	1.8588e-16	1.1553e-15
7.1621e+13	1.438e-16	1.1666e-15
7.1739e+13	1.1972e-16	1.2152e-15
7.1858e+13	1.3494e-16	1.2677e-15
7.1976e+13	1.7828e-16	1.286e-15
7.2095e+13	2.144e-16	1.2542e-15
7.2213e+13	2.127e-16	1.1912e-15
7.2332e+13	1.7332e-16	1.1398e-15
7.2451e+13	1.2823e-16	1.139e-15
7.2569e+13	1.1612e-16	1.1986e-15
7.2688e+13	1.5083e-16	1.2925e-15
7.2806e+13	2.0914e-16	1.3742e-15
7.2925e+13	2.4836e-16	1.4044e-15
7.3043e+13	2.3978e-16	1.3727e-15
7.3162e+13	1.9137e-16	1.3013e-15
7.3281e+13	1.412e-16	1.2303e-15
7.3399e+13	1.2696e-16	1.1946e-15
7.3518e+13	1.5621e-16	1.2064e-15
7.3636e+13	2.0125e-16	1.2519e-15
7.3755e+13	2.2252e-16	1.3034e-15
7.3874e+13	2.0137e-16	1.3363e-15
7.3992e+13	1.5518e-16	1.3414e-15
7.4111e+13	1.227e-16	1.3266e-15
7.4229e+13	1.3164e-16	1.3075e-15
7.4348e+13	1.7535e-16	1.2959e-15
7.4466e+13	2.1789e-16	1.2931e-15
7.4585e+13	2.2349e-16	1.2923e-15
7.4704e+13	1.8645e-16	1.2877e-15
7.4822e+13	1.3676e-16	1.2822e-15
7.4941e+13	1.164e-16	1.2879e-15
7.5059e+13	1.4537e-16	1.3169e-15
7.5178e+13	2.0485e-16	1.3698e-15
7.5296e+13	2.5134e-16	1.43e-15
7.5415e+13	2.5056e-16	1.4696e-15
7.5534e+13	2.0414e-16	1.4647e-15
7.5652e+13	1.4772e-16	1.4111e-15
7.5771e+13	1.2253e-16	1.3302e-15
7.5889e+13	1.4328e-16	1.2591e-15
7.6008e+13	1.882e-16	1.2316e-15
7.6126e+13	2.1851e-16	1.2604e-15
7.6245e+13	2.1074e-16	1.3313e-15
7.6364e+13	1.7538e-16	1.4126e-15
7.6482e+13	1.4683e-16	1.4724e-15
7.6601e+13	1.5359e-16	1.4945e-15
7.6719e+13	1.937e-16	1.4832e-15
7.6838e+13	2.3596e-16	1.4579e-15
7.6957e+13	2.4581e-16	1.4414e-15
7.7075e+13	2.1448e-16	1.4492e-15
7.7194e+13	1.6695e-16	1.483e-15
7.7312e+13	1.4189e-16	1.5305e-15
7.7431e+13	1.5989e-16	1.57e-15
7.7549e+13	2.0622e-16	1.5797e-15
7.7668e+13	2.4251e-16	1.5495e-15
7.7787e+13	2.3827e-16	1.4906e-15
7.7905e+13	1.9638e-16	1.4368e-15
7.8024e+13	1.5169e-16	1.4307e-15
7.8142e+13	1.4318e-16	1.4998e-15
7.8261e+13	1.8218e-16	1.6341e-15
7.8379e+13	2.4241e-16	1.7833e-15
7.8498e+13	2.8009e-16	1.8796e-15
7.8617e+13	2.6848e-16	1.8772e-15
7.8735e+13	2.1895e-16	1.7845e-15
7.8854e+13	1.7191e-16	1.6638e-15
7.8972e+13	1.6479e-16	1.5964e-15
7.9091e+13	2.0268e-16	1.6309e-15
7.9209e+13	2.5505e-16	1.7506e-15
7.9328e+13	2.8081e-16	1.8842e-15
7.9447e+13	2.6133e-16	1.954e-15
7.9565e+13	2.1481e-16	1.9309e-15
7.9684e+13	1.8093e-16	1.8548e-15
7.9802e+13	1.8832e-16	1.8056e-15
7.9921e+13	2.3151e-16	1.843e-15
8.004e+13	2.7572e-16	1.9591e-15
8.0158e+13	2.8539e-16	2.0797e-15
8.0277e+13	2.5317e-16	2.1161e-15
8.0395e+13	2.0598e-16	2.0305e-15
8.0514e+13	1.8344e-16	1.8675e-15
8.0632e+13	2.0605e-16	1.7279e-15
8.0751e+13	2.5881e-16	1.6998e-15
8.087e+13	3.0306e-16	1.7992e-15
8.0988e+13	3.0682e-16	1.9594e-15
8.1107e+13	2.6948e-16	2.0799e-15
8.1225e+13	2.2148e-16	2.0976e-15
8.1344e+13	1.9999e-16	2.0293e-15
8.1462e+13	2.2042e-16	1.9563e-15
8.1581e+13	2.6606e-16	1.9636e-15
8.17e+13	3.0312e-16	2.0784e-15
8.1818e+13	3.0787e-16	2.2528e-15
8.1937e+13	2.8394e-16	2.4004e-15
8.2055e+13	2.5652e-16	2.4563e-15
8.2174e+13	2.4981e-16	2.418e-15
8.2292e+13	2.6702e-16	2.3376e-15
8.2411e+13	2.8936e-16	2.2782e-15
8.253e+13	2.9387e-16	2.268e-15
8.2648e+13	2.7446e-16	2.2892e-15
8.2767e+13	2.4798e-16	2.3033e-15
8.2885e+13	2.4034e-16	2.2905e-15
8.3004e+13	2.644e-16	2.2683e-15
8.3123e+13	3.0834e-16	2.2772e-15
8.3241e+13	3.443e-16	2.3449e-15
8.336e+13	3.505e-16	2.4625e-15
8.3478e+13	3.2855e-16	2.5897e-15
8.3597e+13	3.0197e-16	2.6844e-15
8.3715e+13	2.971e-16	2.7315e-15
8.3834e+13	3.2194e-16	2.7457e-15
8.3953e+13	3.5986e-16	2.7498e-15
8.4071e+13	3.8292e-16	2.7483e-15
8.419e+13	3.7357e-16	2.7215e-15
8.4308e+13	3.3765e-16	2.6473e-15
8.4427e+13	2.9893e-16	2.5331e-15
8.4545e+13	2.8074e-16	2.4286e-15
8.4664e+13	2.9018e-16	2.4061e-15
8.4783e+13	3.1672e-16	2.5167e-15
8.4901e+13	3.4464e-16	2.7555e-15
8.502e+13	3.6692e-16	3.0589e-15
8.5138e+13	3.8845e-16	3.3369e-15
8.5257e+13	4.166e-16	3.5192e-15
8.5375e+13	4.4917e-16	3.5853e-15
8.5494e+13	4.7213e-16	3.5624e-15
8.5613e+13	4.7065e-16	3.5016e-15
8.5731e+13	4.4412e-16	3.4503e-15
8.585e+13	4.1112e-16	3.438e-15
8.5968e+13	3.9788e-16	3.4766e-15
8.6087e+13	4.1801e-16	3.5629e-15
8.6206e+13	4.6004e-16	3.6779e-15
8.6324e+13	4.9428e-16	3.7858e-15
8.6443e+13	4.9505e-16	3.8445e-15
8.6561e+13	4.6149e-16	3.8303e-15
8.668e+13	4.1985e-16	3.7625e-15
8.6798e+13	4.0448e-16	3.7057e-15
8.6917e+13	4.3173e-16	3.7385e-15
8.7036e+13	4.8741e-16	3.9029e-15
8.7154e+13	5.3798e-16	4.1682e-15
8.7273e+13	5.5697e-16	4.4404e-15
8.7391e+13	5.4559e-16	4.6179e-15
8.751e+13	5.3083e-16	4.6567e-15
8.7628e+13	5.4237e-16	4.598e-15
8.7747e+13	5.8671e-16	4.5367e-15
8.7866e+13	6.3988e-16	4.5502e-15
8.7984e+13	6.6538e-16	4.6414e-15
8.8103e+13	6.4362e-16	4.7408e-15
8.8221e+13	5.8953e-16	4.767e-15
8.834e+13	5.4343e-16	4.6993e-15
8.8458e+13	5.415e-16	4.6048e-15
8.8577e+13	5.8831e-16	4.5936e-15
8.8696e+13	6.5293e-16	4.7329e-15
8.8814e+13	6.9199e-16	4.9874e-15
8.8933e+13	6.822e-16	5.2346e-15
8.9051e+13	6.3739e-16	5.3482e-15
8.917e+13	5.9723e-16	5.2895e-15
8.9289e+13	5.9638e-16	5.1361e-15
8.9407e+13	6.3818e-16	5.0238e-15
8.9526e+13	6.9273e-16	5.0443e-15
8.9644e+13	7.2048e-16	5.1772e-15
8.9763e+13	7.0267e-16	5.3107e-15
8.9881e+13	6.5538e-16	5.3364e-15
9e+13	6.1682e-16	5.2468e-15
9.0119e+13	6.1858e-16	5.1547e-15
9.0237e+13	6.6308e-16	5.216e-15
9.0356e+13	7.2382e-16	5.5084e-15
9.0474e+13	7.6719e-16	5.9604e-15
9.0593e+13	7.7792e-16	6.3877e-15
9.0711e+13	7.6873e-16	6.616e-15
9.083e+13	7.6781e-16	6.604e-15
9.0949e+13	7.9506e-16	6.4716e-15
9.1067e+13	8.4597e-16	6.4121e-15
9.1186e+13	8.9507e-16	6.5472e-15
9.1304e+13	9.1515e-16	6.8308e-15
9.1423e+13	8.9683e-16	7.0752e-15
9.1542e+13	8.5402e-16	7.0837e-15
9.166e+13	8.1274e-16	6.7983e-15
9.1779e+13	7.9345e-16	6.3576e-15
9.1897e+13	8.0036e-16	6.0217e-15
9.2016e+13	8.2436e-16	6.0136e-15
9.2134e+13	8.5425e-16	6.3814e-15
9.2253e+13	8.8548e-16	6.9718e-15
9.2372e+13	9.1956e-16	7.5262e-15
9.249e+13	9.5636e-16	7.8339e-15
9.2609e+13	9.8826e-16	7.8435e-15
9.2727e+13	1.0028e-15	7.668e-15
9.2846e+13	9.922e-16	7.4947e-15
9.2964e+13	9.6163e-16	7.4665e-15
9.3083e+13	9.2788e-16	7.6107e-15
9.3202e+13	9.0884e-16	7.8513e-15
9.332e+13	9.118e-16	8.0822e-15
9.3439e+13	9.3019e-16	8.2452e-15
9.3557e+13	9.5161e-16	8.3639e-15
9.3676e+13	9.7048e-16	8.5173e-15
9.3794e+13	9.9454e-16	8.7804e-15
9.3913e+13	1.039e-15	9.1704e-15
9.4032e+13	1.1126e-15	9.6309e-15
9.415e+13	1.2067e-15	1.0059e-14
9.4269e+13	1.2963e-15	1.0358e-14
9.4387e+13	1.3539e-15	1.0485e-14
9.4506e+13	1.3661e-15	1.0468e-14
9.4625e+13	1.3411e-15	1.0386e-14
9.4743e+13	1.3024e-15	1.0327e-14
9.4862e+13	1.274e-15	1.0337e-14
9.498e+13	1.2671e-15	1.041e-14
9.5099e+13	1.2778e-15	1.0499e-14
9.5217e+13	1.2947e-15	1.0563e-14
9.5336e+13	1.3088e-15	1.0604e-14
9.5455e+13	1.3181e-15	1.0663e-14
9.5573e+13	1.3252e-15	1.0784e-14
9.5692e+13	1.3314e-15	1.0962e-14
9.581e+13	1.3349e-15	1.1124e-14
9.5929e+13	1.3341e-15	1.1177e-14
9.6047e+13	1.3335e-15	1.1087e-14
9.6166e+13	1.344e-15	1.0941e-14
9.6285e+13	1.3768e-15	1.0927e-14
9.6403e+13	1.4343e-15	1.123e-14
9.6522e+13	1.5055e-15	1.1892e-14
9.664e+13	1.5703e-15	1.2751e-14
9.6759e+13	1.6114e-15	1.3505e-14
9.6877e+13	1.6245e-15	1.3889e-14
9.6996e+13	1.6203e-15	1.385e-14
9.7115e+13	1.6175e-15	1.3599e-14
9.7233e+13	1.6315e-15	1.3485e-14
9.7352e+13	1.6678e-15	1.3772e-14
9.747e+13	1.7226e-15	1.4454e-14
9.7589e+13	1.7881e-15	1.5256e-14
9.7708e+13	1.8564e-15	1.5802e-14
9.7826e+13	1.9189e-15	1.5869e-14
9.7945e+13	1.963e-15	1.5524e-14
9.8063e+13	1.9732e-15	1.5058e-14
9.8182e+13	1.938e-15	1.4771e-14
9.83e+13	1.86e-15	1.4759e-14
9.8419e+13	1.7609e-15	1.4856e-14
9.8538e+13	1.6748e-15	1.4786e-14
9.8656e+13	1.6313e-15	1.4398e-14
9.8775e+13	1.6405e-15	1.3811e-14
9.8893e+13	1.6875e-15	1.3349e-14
9.9012e+13	1.7433e-15	1.3315e-14
9.913e+13	1.7838e-15	1.3764e-14
9.9249e+13	1.8038e-15	1.4457e-14
9.9368e+13	1.8158e-15	1.5026e-14
9.9486e+13	1.8367e-15	1.5239e-14
9.9605e+13	1.8712e-15	1.5161e-14
9.9723e+13	1.9062e-15	1.5083e-14
9.9842e+13	1.9192e-15	1.5276e-14
9.996e+13	1.8958e-15	1.5749e-14
1.0008e+14	1.8418e-15	1.6204e-14
1.002e+14	1.7825e-15	1.624e-14
1.0032e+14	1.7482e-15	1.5674e-14
1.0043e+14	1.758e-15	1.4735e-14
1.0055e+14	1.8122e-15	1.3998e-14
1.0067e+14	1.8961e-15	1.4055e-14
1.0079e+14	1.9914e-15	1.5148e-14
1.0091e+14	2.0841e-15	1.6996e-14
1.0103e+14	2.1639e-15	1.8916e-14
1.0115e+14	2.2191e-15	2.018e-14
1.0126e+14	2.234e-15	2.0377e-14
1.0138e+14	2.196e-15	1.9576e-14
1.015e+14	2.109e-15	1.8241e-14
1.0162e+14	2.003e-15	1.6965e-14
1.0174e+14	1.9296e-15	1.6215e-14
1.0186e+14	1.9401e-15	1.6191e-14
1.0198e+14	2.0572e-15	1.6833e-14
1.0209e+14	2.2564e-15	1.79e-14
1.0221e+14	2.469e-15	1.9057e-14
1.0233e+14	2.61e-15	1.9943e-14
1.0245e+14	2.6167e-15	2.0247e-14
1.0257e+14	2.4785e-15	1.981e-14
1.0269e+14	2.243e-15	1.8722e-14
1.0281e+14	1.9943e-15	1.7328e-14
1.0292e+14	1.8145e-15	1.61e-14
1.0304e+14	1.7476e-15	1.5416e-14
1.0316e+14	1.7826e-15	1.5354e-14
1.0328e+14	1.8649e-15	1.5643e-14
1.034e+14	1.9266e-15	1.5826e-14
1.0352e+14	1.9225e-15	1.5534e-14
1.0364e+14	1.8499e-15	1.4711e-14
1.0375e+14	1.7448e-15	1.3641e-14
1.0387e+14	1.6572e-15	1.277e-14
1.0399e+14	1.6205e-15	1.243e-14
1.0411e+14	1.6338e-15	1.2664e-14
1.0423e+14	1.6671e-15	1.3239e-14
1.0435e+14	1.6855e-15	1.3825e-14
1.0447e+14	1.6747e-15	1.42e-14
1.0458e+14	1.6502e-15	1.4339e-14
1.047e+14	1.6435e-15	1.4344e-14
1.0482e+14	1.6738e-15	1.4289e-14
1.0494e+14	1.7272e-15	1.4123e-14
1.0506e+14	1.7582e-15	1.3693e-14
1.0518e+14	1.7169e-15	1.289e-14
1.053e+14	1.5838e-15	1.177e-14
1.0542e+14	1.3888e-15	1.0584e-14
1.0553e+14	1.1987e-15	9.6585e-15
1.0565e+14	1.0816e-15	9.2243e-15
1.0577e+14	1.0672e-15	9.2971e-15
1.0589e+14	1.1321e-15	9.6869e-15
1.0601e+14	1.2167e-15	1.0117e-14
1.0613e+14	1.263e-15	1.0367e-14
1.0625e+14	1.2476e-15	1.0353e-14
1.0636e+14	1.1901e-15	1.0116e-14
1.0648e+14	1.1322e-15	9.7533e-15
1.066e+14	1.1069e-15	9.3582e-15
1.0672e+14	1.1175e-15	8.9981e-15
1.0684e+14	1.1405e-15	8.7221e-15
1.0696e+14	1.1462e-15	8.561e-15
1.0708e+14	1.1195e-15	8.5055e-15
1.0719e+14	1.0658e-15	8.4793e-15
1.0731e+14	1.0013e-15	8.3513e-15
1.0743e+14	9.3768e-16	7.9987e-15
1.0755e+14	8.7517e-16	7.3941e-15
1.0767e+14	8.0951e-16	6.6518e-15
1.0779e+14	7.436e-16	5.987e-15
1.0791e+14	6.9187e-16	5.6012e-15
1.0802e+14	6.7128e-16	5.5606e-15
1.0814e+14	6.8565e-16	5.75e-15
1.0826e+14	7.1699e-16	5.9378e-15
1.0838e+14	7.3344e-16	5.912e-15
1.085e+14	7.0979e-16	5.6016e-15
1.0862e+14	6.4583e-16	5.1064e-15
1.0874e+14	5.6791e-16	4.6221e-15
1.0885e+14	5.114e-16	4.317e-15
1.0897e+14	4.965e-16	4.2415e-15
1.0909e+14	5.1496e-16	4.3229e-15
1.0921e+14	5.3777e-16	4.4339e-15
1.0933e+14	5.3748e-16	4.4787e-15
1.0945e+14	5.0812e-16	4.4359e-15
1.0957e+14	4.6794e-16	4.3406e-15
1.0968e+14	4.4358e-16	4.2335e-15
1.098e+14	4.4872e-16	4.1226e-15
1.0992e+14	4.7383e-16	3.9869e-15
1.1004e+14	4.945e-16	3.8089e-15
1.1016e+14	4.9072e-16	3.6047e-15
1.1028e+14	4.6165e-16	3.4216e-15
1.104e+14	4.2436e-16	3.3063e-15
1.1051e+14	3.9868e-16	3.2689e-15
1.1063e+14	3.9112e-16	3.274e-15
1.1075e+14	3.9092e-16	3.2637e-15
1.1087e+14	3.8103e-16	3.1954e-15
1.1099e+14	3.5391e-16	3.0661e-15
1.1111e+14	3.1876e-16	2.9069e-15
1.1123e+14	2.9396e-16	2.7561e-15
1.1134e+14	2.9126e-16	2.6337e-15
1.1146e+14	3.0508e-16	2.534e-15
1.1158e+14	3.163e-16	2.4385e-15
1.117e+14	3.0743e-16	2.3336e-15
1.1182e+14	2.7689e-16	2.219e-15
1.1194e+14	2.4044e-16	2.1029e-15
1.1206e+14	2.1844e-16	1.9928e-15
1.1217e+14	2.1943e-16	1.8924e-15
1.1229e+14	2.334e-16	1.8062e-15
1.1241e+14	2.403e-16	1.7441e-15
1.1253e+14	2.268e-16	1.717e-15
1.1265e+14	1.9736e-16	1.7245e-15
1.1277e+14	1.7054e-16	1.7459e-15
1.1289e+14	1.6353e-16	1.745e-15
1.13e+14	1.7761e-16	1.6913e-15
1.1312e+14	1.9684e-16	1.5823e-15
1.1324e+14	2.0087e-16	1.4494e-15
1.1336e+14	1.8173e-16	1.3404e-15
1.1348e+14	1.5054e-16	1.2885e-15
1.136e+14	1.2869e-16	1.2906e-15
1.1372e+14	1.3042e-16	1.3113e-15
1.1383e+14	1.5113e-16	1.3089e-15
1.1395e+14	1.7089e-16	1.2656e-15
1.1407e+14	1.7046e-16	1.1974e-15
1.1419e+14	1.4664e-16	1.1383e-15
1.1431e+14	1.1479e-16	1.1114e-15
1.1443e+14	9.6228e-17	1.1114e-15
1.1455e+14	1.0125e-16	1.111e-15
1.1466e+14	1.2126e-16	1.086e-15
1.1478e+14	1.3652e-16	1.0374e-15
1.149e+14	1.3279e-16	9.9153e-16
1.1502e+14	1.1308e-16	9.7884e-16
1.1514e+14	9.4802e-17	1.007e-15
1.1526e+14	9.477e-17	1.0522e-15
1.1538e+14	1.1455e-16	1.0753e-15
1.1549e+14	1.3851e-16	1.0519e-15
1.1561e+14	1.4631e-16	9.9133e-16
1.1573e+14	1.2975e-16	9.3113e-16
1.1585e+14	9.9925e-17	9.0968e-16
1.1597e+14	7.8809e-17	9.3883e-16
1.1609e+14	8.174e-17	9.9638e-16
1.1621e+14	1.0509e-16	1.0433e-15
1.1632e+14	1.291e-16	1.0513e-15
1.1644e+14	1.3367e-16	1.0195e-15
1.1656e+14	1.1433e-16	9.6984e-16
1.1668e+14	8.5533e-17	9.2684e-16
1.168e+14	6.8886e-17	9.0007e-16
1.1692e+14	7.588e-17	8.8284e-16
1.1704e+14	9.9256e-17	8.6544e-16
1.1715e+14	1.197e-16	8.4923e-16
1.1727e+14	1.2201e-16	8.4756e-16
1.1739e+14	1.0731e-16	8.722e-16
1.1751e+14	9.1211e-17	9.1772e-16
1.1763e+14	8.9824e-17	9.5896e-16
1.1775e+14	1.0551e-16	9.664e-16
1.1787e+14	1.2451e-16	9.2838e-16
1.1798e+14	1.2853e-16	8.6267e-16
1.181e+14	1.1072e-16	8.0666e-16
1.1822e+14	8.2489e-17	7.9254e-16
1.1834e+14	6.5113e-17	8.2549e-16
1.1846e+14	7.2658e-17	8.8111e-16
1.1858e+14	1.0013e-16	9.2374e-16
1.187e+14	1.268e-16	9.3133e-16
1.1881e+14	1.3228e-16	9.0835e-16
1.1893e+14	1.1258e-16	8.782e-16
1.1905e+14	8.3183e-17	8.6259e-16
1.1917e+14	6.6496e-17	8.6483e-16
1.1929e+14	7.3916e-17	8.6951e-16
1.1941e+14	9.6852e-17	8.5728e-16
1.1953e+14	1.1398e-16	8.2148e-16
1.1964e+14	1.0876e-16	7.7326e-16
1.1976e+14	8.2997e-17	7.3216e-16
1.1988e+14	5.5441e-17	7.112e-16
1.2e+14	4.6718e-17	7.0911e-16
1.2012e+14	6.2779e-17	7.1522e-16
1.2024e+14	9.0296e-17	7.2092e-16
1.2036e+14	1.0757e-16	7.2664e-16
1.2047e+14	1.0195e-16	7.3802e-16
1.2059e+14	7.96e-17	7.5572e-16
1.2071e+14	5.989e-17	7.696e-16
1.2083e+14	5.9244e-17	7.6451e-16
1.2095e+14	7.7785e-17	7.3396e-16
1.2107e+14	9.9631e-17	6.8958e-16
1.2119e+14	1.0633e-16	6.5652e-16
1.213e+14	9.2188e-17	6.5596e-16
1.2142e+14	6.8812e-17	6.8777e-16
1.2154e+14	5.5257e-17	7.2774e-16
1.2166e+14	6.2058e-17	7.4336e-16
1.2178e+14	8.2446e-17	7.1742e-16
1.219e+14	9.8017e-17	6.6142e-16
1.2202e+14	9.4135e-17	6.0806e-16
1.2213e+14	7.2274e-17	5.8778e-16
1.2225e+14	4.9055e-17	6.0678e-16
1.2237e+14	4.2707e-17	6.433e-16
1.2249e+14	5.8095e-17	6.6454e-16
1.2261e+14	8.2634e-17	6.5129e-16
1.2273e+14	9.6469e-17	6.1106e-16
1.2285e+14	8.8573e-17	5.7037e-16
1.2296e+14	6.5559e-17	5.529e-16
1.2308e+14	4.6028e-17	5.6132e-16
1.232e+14	4.5164e-17	5.7675e-16
1.2332e+14	6.2299e-17	5.7576e-16
1.2344e+14	8.1643e-17	5.5043e-16
1.2356e+14	8.5543e-17	5.1521e-16
1.2368e+14	6.9255e-17	4.9526e-16
1.2379e+14	4.5027e-17	5.0584e-16
1.2391e+14	3.2073e-17	5.3948e-16
1.2403e+14	4.0688e-17	5.7103e-16
1.2415e+14	6.3604e-17	5.763e-16
1.2427e+14	8.173e-17	5.493e-16
1.2439e+14	7.9661e-17	5.0507e-16
1.2451e+14	5.8253e-17	4.667e-16
1.2462e+14	3.3982e-17	4.4777e-16
1.2474e+14	2.5594e-17	4.4439e-16
1.2486e+14	3.8933e-17	4.4198e-16
1.2498e+14	6.2298e-17	4.2987e-16
1.251e+14	7.6028e-17	4.1072e-16
1.2522e+14	6.8435e-17	3.969e-16
1.2534e+14	4.5095e-17	3.9781e-16
1.2545e+14	2.4031e-17	4.0992e-16
1.2557e+14	2.0925e-17	4.1868e-16
1.2569e+14	3.6528e-17	4.1109e-16
1.2581e+14	5.6505e-17	3.8796e-16
1.2593e+14	6.3589e-17	3.6465e-16
1.2605e+14	5.1863e-17	3.5885e-16
1.2617e+14	3.1348e-17	3.7485e-16
1.2628e+14	1.925e-17	3.978e-16
1.264e+14	2.5301e-17	4.0356e-16
1.2652e+14	4.3478e-17	3.7708e-16
1.2664e+14	5.7024e-17	3.2504e-16
1.2676e+14	5.2598e-17	2.7235e-16
1.2688e+14	3.1743e-17	2.4481e-16
1.27e+14	1.005e-17	2.5096e-16
1.2711e+14	4.5479e-18	2.7702e-16
1.2723e+14	1.9656e-17	2.9824e-16
1.2735e+14	4.3285e-17	2.975e-16
1.2747e+14	5.6414e-17	2.7657e-16
1.2759e+14	4.84e-17	2.5206e-16
1.2771e+14	2.554e-17	2.4043e-16
1.2783e+14	5.9296e-18	2.4478e-16
1.2794e+14	4.8161e-18	2.5411e-16
1.2806e+14	2.2398e-17	2.5448e-16
1.2818e+14	4.3949e-17	2.4207e-16
1.283e+14	5.2018e-17	2.2656e-16
1.2842e+14	4.0613e-17	2.222e-16
1.2854e+14	1.9782e-17	2.3441e-16
1.2866e+14	6.9873e-18	2.5387e-16
1.2877e+14	1.2545e-17	2.6348e-16
1.2889e+14	3.1207e-17	2.5271e-16
1.2901e+14	4.6749e-17	2.2706e-16
1.2913e+14	4.5632e-17	2.0432e-16
1.2925e+14	2.8325e-17	2.0024e-16
1.2937e+14	8.8824e-18	2.1506e-16
1.2949e+14	3.1543e-18	2.3252e-16
1.296e+14	1.5475e-17	2.3241e-16
1.2972e+14	3.4926e-17	2.0709e-16
1.2984e+14	4.4343e-17	1.6854e-16
1.2996e+14	3.4633e-17	1.399e-16
1.3008e+14	1.2533e-17	1.3816e-16
1.302e+14	-4.7013e-18	1.6121e-16
1.3032e+14	-3.373e-18	1.897e-16
1.3043e+14	1.5355e-17	2.019e-16
1.3055e+14	3.6286e-17	1.8978e-16
1.3067e+14	4.2518e-17	1.6385e-16
1.3079e+14	2.9198e-17	1.4352e-16
1.3091e+14	7.4325e-18	1.4122e-16
1.3103e+14	-4.8531e-18	1.5328e-16
1.3115e+14	2.3957e-18	1.645e-16
1.3126e+14	2.3166e-17	1.6188e-16
1.3138e+14	4.0365e-17	1.4573e-16
1.315e+14	3.9851e-17	1.2897e-16
1.3162e+14	2.197e-17	1.2543e-16
1.3174e+14	1.1616e-18	1.3733e-16
1.3186e+14	-5.9933e-18	1.5271e-16
1.3198e+14	5.6209e-18	1.5517e-16
1.3209e+14	2.5571e-17	1.3778e-16
1.3221e+14	3.6629e-17	1.0962e-16
1.3233e+14	2.9093e-17	8.9151e-17
1.3245e+14	8.8253e-18	8.971e-17
1.3257e+14	-7.602e-18	1.0887e-16
1.3269e+14	-6.6367e-18	1.303e-16
1.3281e+14	1.1e-17	1.3675e-16
1.3292e+14	3.0833e-17	1.2354e-16
1.3304e+14	3.6501e-17	1.0183e-16
1.3316e+14	2.3216e-17	8.9147e-17
1.3328e+14	1.7166e-18	9.51e-17
1.334e+14	-1.0536e-17	1.1394e-16
1.3352e+14	-3.6675e-18	1.2979e-16
1.3364e+14	1.654e-17	1.2994e-16
1.3375e+14	3.3445e-17	1.1514e-16
1.3387e+14	3.3235e-17	9.8496e-17
1.3399e+14	1.6229e-17	9.4144e-17
1.3411e+14	-3.4627e-18	1.0533e-16
1.3423e+14	-9.6165e-18	1.2182e-16
1.3435e+14	2.7462e-18	1.2865e-16
1.3447e+14	2.3301e-17	1.188e-16
1.3458e+14	3.4972e-17	9.9074e-17
1.347e+14	2.8007e-17	8.4307e-17
1.3482e+14	7.9794e-18	8.4829e-17
1.3494e+14	-8.8523e-18	9.7691e-17
1.3506e+14	-8.9638e-18	1.0912e-16
1.3518e+14	7.3214e-18	1.0621e-16
1.353e+14	2.6167e-17	8.8007e-17
1.3542e+14	3.1701e-17	6.6808e-17
1.3553e+14	1.9137e-17	5.8228e-17
1.3565e+14	-1.2751e-18	6.833e-17
1.3577e+14	-1.2721e-17	8.8416e-17
1.3589e+14	-5.7035e-18	1.0193e-16
1.3601e+14	1.4112e-17	9.7911e-17
1.3613e+14	3.0561e-17	7.9982e-17
1.3625e+14	3.0278e-17	6.3361e-17
1.3636e+14	1.3682e-17	6.2328e-17
1.3648e+14	-5.4133e-18	7.8329e-17
1.366e+14	-1.1221e-17	9.8519e-17
1.3672e+14	9.9868e-19	1.0602e-16
1.3684e+14	2.1036e-17	9.3571e-17
1.3696e+14	3.2164e-17	6.9481e-17
1.3708e+14	2.4941e-17	5.1044e-17
1.3719e+14	5.0036e-18	5.0772e-17
1.3731e+14	-1.1549e-17	6.662e-17
1.3743e+14	-1.1386e-17	8.4038e-17
1.3755e+14	5.1163e-18	8.8006e-17
1.3767e+14	2.4221e-17	7.515e-17
1.3779e+14	3.015e-17	5.6086e-17
1.3791e+14	1.8055e-17	4.6285e-17
1.3802e+14	-2.0361e-18	5.3181e-17
1.3814e+14	-1.3513e-17	7.0187e-17
1.3826e+14	-6.872e-18	8.2472e-17
1.3838e+14	1.2484e-17	7.9566e-17
1.385e+14	2.8714e-17	6.4224e-17
1.3862e+14	2.8573e-17	5.0125e-17
1.3874e+14	1.2267e-17	5.0315e-17
1.3885e+14	-6.7917e-18	6.5999e-17
1.3897e+14	-1.3073e-17	8.507e-17
1.3909e+14	-1.6915e-18	9.1761e-17
1.3921e+14	1.7667e-17	7.9591e-17
1.3933e+14	2.8846e-17	5.6972e-17
1.3945e+14	2.2616e-17	4.0775e-17
1.3957e+14	4.2848e-18	4.2973e-17
1.3968e+14	-1.0745e-17	6.1144e-17
1.398e+14	-9.7757e-18	8.0503e-17
1.3992e+14	6.6272e-18	8.5785e-17
1.4004e+14	2.5054e-17	7.3371e-17
1.4016e+14	3.0308e-17	5.39e-17
1.4028e+14	1.7981e-17	4.3427e-17
1.404e+14	-1.8572e-18	5.0423e-17
1.4051e+14	-1.2902e-17	6.9172e-17
1.4063e+14	-6.0302e-18	8.4747e-17
1.4075e+14	1.3171e-17	8.5283e-17
1.4087e+14	2.8974e-17	7.1444e-17
1.4099e+14	2.8429e-17	5.5441e-17
1.4111e+14	1.2003e-17	5.0667e-17
1.4123e+14	-6.8029e-18	6.0613e-17
1.4134e+14	-1.2549e-17	7.62e-17
1.4146e+14	-5.3963e-19	8.3559e-17
1.4158e+14	1.9341e-17	7.5708e-17
1.417e+14	3.0765e-17	5.8432e-17
1.4182e+14	2.4393e-17	4.5551e-17
1.4194e+14	5.531e-18	4.7564e-17
1.4206e+14	-1.0242e-17	6.3018e-17
1.4217e+14	-9.8888e-18	7.9653e-17
1.4229e+14	6.3766e-18	8.4276e-17
1.4241e+14	2.5273e-17	7.3241e-17
1.4253e+14	3.1348e-17	5.5041e-17
1.4265e+14	1.9625e-17	4.3134e-17
1.4277e+14	-3.7032e-19	4.5092e-17
1.4289e+14	-1.2475e-17	5.6998e-17
1.43e+14	-7.1371e-18	6.7445e-17
1.4312e+14	1.0834e-17	6.7486e-17
1.4324e+14	2.6339e-17	5.8058e-17
1.4336e+14	2.6479e-17	4.8757e-17
1.4348e+14	1.1152e-17	4.9243e-17
1.436e+14	-6.9278e-18	6.0691e-17
1.4372e+14	-1.2757e-17	7.4609e-17
1.4383e+14	-1.4074e-18	7.9973e-17
1.4395e+14	1.7941e-17	7.26e-17
1.4407e+14	2.9564e-17	5.8749e-17
1.4419e+14	2.4093e-17	4.9851e-17
1.4431e+14	6.1196e-18	5.2804e-17
1.4443e+14	-9.6832e-18	6.405e-17
1.4455e+14	-1.0673e-17	7.2545e-17
1.4466e+14	3.445e-18	6.9202e-17
1.4478e+14	2.0554e-17	5.4882e-17
1.449e+14	2.6276e-17	4.0089e-17
1.4502e+14	1.5887e-17	3.6434e-17
1.4514e+14	-1.8465e-18	4.6911e-17
1.4526e+14	-1.204e-17	6.3153e-17
1.4538e+14	-6.0994e-18	7.2155e-17
1.4549e+14	1.1132e-17	6.7023e-17
1.4561e+14	2.5396e-17	5.2844e-17
1.4573e+14	2.4869e-17	4.2631e-17
1.4585e+14	9.9925e-18	4.6511e-17
1.4597e+14	-6.8442e-18	6.3002e-17
1.4609e+14	-1.1544e-17	7.9691e-17
1.4621e+14	2.0475e-20	8.3001e-17
1.4632e+14	1.8531e-17	6.9196e-17
1.4644e+14	2.8855e-17	4.7659e-17
1.4656e+14	2.2482e-17	3.3626e-17
1.4668e+14	4.5322e-18	3.6179e-17
1.468e+14	-1.045e-17	5.1182e-17
1.4692e+14	-1.0436e-17	6.49e-17
1.4704e+14	4.244e-18	6.5318e-17
1.4715e+14	2.1255e-17	5.1948e-17
1.4727e+14	2.6479e-17	3.611e-17
1.4739e+14	1.5649e-17	3.1493e-17
1.4751e+14	-2.186e-18	4.2739e-17
1.4763e+14	-1.2211e-17	6.1445e-17
1.4775e+14	-6.1293e-18	7.2886e-17
1.4787e+14	1.0974e-17	6.7995e-17
1.4798e+14	2.485e-17	5.0802e-17
1.481e+14	2.3899e-17	3.5207e-17
1.4822e+14	8.7962e-18	3.3707e-17
1.4834e+14	-8.0249e-18	4.7239e-17
1.4846e+14	-1.2612e-17	6.4442e-17
1.4858e+14	-1.0141e-18	7.0953e-17
1.487e+14	1.7434e-17	6.1158e-17
1.4881e+14	2.7771e-17	4.2826e-17
1.4893e+14	2.1708e-17	3.0825e-17
1.4905e+14	4.4219e-18	3.5048e-17
1.4917e+14	-9.7389e-18	5.2319e-17
1.4929e+14	-9.0942e-18	6.8877e-17
1.4941e+14	5.7524e-18	7.1391e-17
1.4953e+14	2.2442e-17	5.7608e-17
1.4964e+14	2.7085e-17	3.8082e-17
1.4976e+14	1.5733e-17	2.7688e-17
1.4988e+14	-2.354e-18	3.3876e-17
1.5e+14	-1.2342e-17	5.1094e-17
1.5012e+14	-6.0486e-18	6.5702e-17
1.5024e+14	1.1325e-17	6.7128e-17
1.5036e+14	2.549e-17	5.6099e-17
1.5047e+14	2.485e-17	4.3384e-17
1.5059e+14	1.0035e-17	4.0386e-17
1.5071e+14	-6.6612e-18	4.9532e-17
1.5083e+14	-1.1461e-17	6.2437e-17
1.5095e+14	-4.8561e-19	6.7202e-17
1.5107e+14	1.7058e-17	5.8643e-17
1.5119e+14	2.6507e-17	4.284e-17
1.513e+14	1.9884e-17	3.2206e-17
1.5142e+14	2.5242e-18	3.5169e-17
1.5154e+14	-1.13e-17	4.9068e-17
1.5166e+14	-1.0155e-17	6.2186e-17
1.5178e+14	5.0872e-18	6.33e-17
1.519e+14	2.1915e-17	5.0905e-17
1.5202e+14	2.6435e-17	3.4505e-17
1.5213e+14	1.4801e-17	2.6914e-17
1.5225e+14	-3.606e-18	3.3856e-17
1.5237e+14	-1.3858e-17	4.9406e-17
1.5249e+14	-7.7085e-18	6.0941e-17
1.5261e+14	9.6787e-18	5.9511e-17
1.5273e+14	2.4016e-17	4.71e-17
1.5285e+14	2.365e-17	3.4848e-17
1.5296e+14	9.1024e-18	3.3766e-17
1.5308e+14	-7.427e-18	4.5612e-17
1.532e+14	-1.2166e-17	6.1418e-17
1.5332e+14	-1.1222e-18	6.8827e-17
1.5344e+14	1.6657e-17	6.218e-17
1.5356e+14	2.6579e-17	4.7059e-17
1.5368e+14	2.0545e-17	3.5631e-17
1.5379e+14	3.6007e-18	3.6679e-17
1.5391e+14	-1.0272e-17	4.8549e-17
1.5403e+14	-9.7191e-18	6.0753e-17
1.5415e+14	4.6221e-18	6.2803e-17
1.5427e+14	2.0686e-17	5.2925e-17
1.5439e+14	2.4992e-17	3.9468e-17
1.5451e+14	1.3824e-17	3.3889e-17
1.5462e+14	-3.6661e-18	4.1176e-17
1.5474e+14	-1.3e-17	5.5638e-17
1.5486e+14	-6.3482e-18	6.5529e-17
1.5498e+14	1.0955e-17	6.2665e-17
1.551e+14	2.4747e-17	4.9111e-17
1.5522e+14	2.3678e-17	3.5466e-17
1.5534e+14	8.5702e-18	3.2199e-17
1.5545e+14	-8.2057e-18	4.1214e-17
1.5557e+14	-1.2856e-17	5.452e-17
1.5569e+14	-1.4711e-18	6.1006e-17
1.5581e+14	1.6761e-17	5.5609e-17
1.5593e+14	2.7074e-17	4.3283e-17
1.5605e+14	2.1186e-17	3.4574e-17
1.5617e+14	4.0244e-18	3.6611e-17
1.5628e+14	-1.0392e-17	4.7097e-17
1.564e+14	-1.0475e-17	5.6345e-17
1.5652e+14	3.4833e-18	5.5602e-17
1.5664e+14	1.967e-17	4.4627e-17
1.5676e+14	2.4562e-17	3.21e-17
1.5688e+14	1.4074e-17	2.839e-17
1.57e+14	-3.1428e-18	3.6717e-17
1.5711e+14	-1.2917e-17	5.0139e-17
1.5723e+14	-7.2803e-18	5.7082e-17
1.5735e+14	8.9738e-18	5.0966e-17
1.5747e+14	2.2303e-17	3.5991e-17
1.5759e+14	2.1637e-17	2.4109e-17
1.5771e+14	7.524e-18	2.5457e-17
1.5783e+14	-8.3484e-18	3.9958e-17
1.5794e+14	-1.2834e-17	5.7008e-17
1.5806e+14	-2.1991e-18	6.3701e-17
1.5818e+14	1.48e-17	5.5068e-17
1.583e+14	2.4176e-17	3.809e-17
1.5842e+14	1.8274e-17	2.6213e-17
1.5854e+14	2.096e-18	2.8691e-17
1.5866e+14	-1.086e-17	4.3275e-17
1.5877e+14	-9.7924e-18	5.8071e-17
1.5889e+14	4.4325e-18	6.102e-17
1.5901e+14	1.996e-17	4.9395e-17
1.5913e+14	2.3733e-17	3.1766e-17
1.5925e+14	1.2319e-17	2.1045e-17
1.5937e+14	-5.1796e-18	2.4312e-17
1.5949e+14	-1.4546e-17	3.7602e-17
1.596e+14	-8.1269e-18	4.9633e-17
1.5972e+14	8.859e-18	5.1161e-17
1.5984e+14	2.2576e-17	4.2253e-17
1.5996e+14	2.1906e-17	3.1665e-17
1.6008e+14	7.5462e-18	2.9128e-17
1.602e+14	-8.6029e-18	3.7118e-17
1.6032e+14	-1.3243e-17	4.8922e-17
1.6043e+14	-2.6031e-18	5.4468e-17
1.6055e+14	1.4502e-17	4.8908e-17
1.6067e+14	2.3965e-17	3.6714e-17
1.6079e+14	1.8012e-17	2.7897e-17
1.6091e+14	1.5774e-18	2.9546e-17
1.6103e+14	-1.1801e-17	3.9814e-17
1.6115e+14	-1.116e-17	4.9422e-17
1.6126e+14	2.8613e-18	4.947e-17
1.6138e+14	1.8591e-17	3.9072e-17
1.615e+14	2.2991e-17	2.6398e-17
1.6162e+14	1.2437e-17	2.216e-17
1.6174e+14	-4.284e-18	3.0804e-17
1.6186e+14	-1.3238e-17	4.6651e-17
1.6198e+14	-6.8637e-18	5.8211e-17
1.6209e+14	9.7491e-18	5.7245e-17
1.6221e+14	2.3016e-17	4.5252e-17
1.6233e+14	2.2025e-17	3.2159e-17
1.6245e+14	7.5179e-18	2.8314e-17
1.6257e+14	-8.7066e-18	3.6292e-17
1.6269e+14	-1.3484e-17	4.9084e-17
1.6281e+14	-3.0849e-18	5.6011e-17
1.6292e+14	1.3757e-17	5.1416e-17
1.6304e+14	2.3074e-17	3.9062e-17
1.6316e+14	1.718e-17	2.8766e-17
1.6328e+14	9.901e-19	2.8229e-17
1.634e+14	-1.2047e-17	3.685e-17
1.6352e+14	-1.1054e-17	4.6553e-17
1.6364e+14	3.3019e-18	4.878e-17
1.6375e+14	1.9343e-17	4.1719e-17
1.6387e+14	2.3986e-17	3.1739e-17
1.6399e+14	1.3494e-17	2.7894e-17
1.6411e+14	-3.4715e-18	3.4147e-17
1.6423e+14	-1.2997e-17	4.5861e-17
1.6435e+14	-7.3674e-18	5.351e-17
1.6447e+14	8.6112e-18	5.0555e-17
1.6458e+14	2.1612e-17	3.8945e-17
1.647e+14	2.0797e-17	2.763e-17
1.6482e+14	6.7592e-18	2.5282e-17
1.6494e+14	-8.9729e-18	3.3204e-17
1.6506e+14	-1.3449e-17	4.4254e-17
1.6518e+14	-2.9869e-18	4.8714e-17
1.653e+14	1.3777e-17	4.2259e-17
1.6542e+14	2.2978e-17	2.9521e-17
1.6553e+14	1.6934e-17	2.0326e-17
1.6565e+14	4.7566e-19	2.1721e-17
1.6577e+14	-1.2997e-17	3.2327e-17
1.6589e+14	-1.2498e-17	4.3596e-17
1.6601e+14	1.5564e-18	4.6858e-17
1.6613e+14	1.7715e-17	4.0309e-17
1.6625e+14	2.289e-17	3.0222e-17
1.6636e+14	1.3053e-17	2.5472e-17
1.6648e+14	-3.5486e-18	3.0022e-17
1.666e+14	-1.3247e-17	3.9646e-17
1.6672e+14	-8.1934e-18	4.5601e-17
1.6684e+14	7.2602e-18	4.2156e-17
1.6696e+14	2.0262e-17	3.1632e-17
1.6708e+14	2.012e-17	2.2704e-17
1.6719e+14	7.1145e-18	2.3264e-17
1.6731e+14	-7.8053e-18	3.3767e-17
1.6743e+14	-1.2131e-17	4.6588e-17
1.6755e+14	-2.1699e-18	5.2049e-17
1.6767e+14	1.3901e-17	4.6233e-17
1.6779e+14	2.2801e-17	3.4202e-17
1.6791e+14	1.7128e-17	2.5932e-17
1.6802e+14	1.4886e-18	2.8246e-17
1.6814e+14	-1.13e-17	3.9297e-17
1.6826e+14	-1.0776e-17	5.0097e-17
1.6838e+14	2.5536e-18	5.185e-17
1.685e+14	1.7647e-17	4.3131e-17
1.6862e+14	2.2062e-17	3.1082e-17
1.6874e+14	1.2228e-17	2.5669e-17
1.6885e+14	-3.611e-18	3.1685e-17
1.6897e+14	-1.2206e-17	4.4937e-17
1.6909e+14	-6.2534e-18	5.566e-17
1.6921e+14	9.5589e-18	5.6289e-17
1.6933e+14	2.2385e-17	4.7294e-17
1.6945e+14	2.1783e-17	3.6451e-17
1.6957e+14	8.2987e-18	3.2322e-17
1.6968e+14	-6.9916e-18	3.7384e-17
1.698e+14	-1.1593e-17	4.6368e-17
1.6992e+14	-1.8505e-18	5.097e-17
1.7004e+14	1.4082e-17	4.6876e-17
1.7016e+14	2.2992e-17	3.723e-17
1.7028e+14	1.7496e-17	2.978e-17
1.704e+14	2.0928e-18	3.0258e-17
1.7051e+14	-1.0571e-17	3.7616e-17
1.7063e+14	-1.013e-17	4.5108e-17
1.7075e+14	2.9958e-18	4.6229e-17
1.7087e+14	1.7999e-17	4.0403e-17
1.7099e+14	2.263e-17	3.3554e-17
1.7111e+14	1.3279e-17	3.2999e-17
1.7123e+14	-2.1181e-18	4.096e-17
1.7134e+14	-1.0709e-17	5.2228e-17
1.7146e+14	-5.3846e-18	5.812e-17
1.7158e+14	9.3592e-18	5.3587e-17
1.717e+14	2.119e-17	4.1615e-17
1.7182e+14	2.0196e-17	3.1151e-17
1.7194e+14	7.1379e-18	3.0083e-17
1.7206e+14	-7.1585e-18	3.8926e-17
1.7217e+14	-1.0757e-17	5.0381e-17
1.7229e+14	-5.2093e-19	5.5207e-17
1.7241e+14	1.5238e-17	4.9716e-17
1.7253e+14	2.358e-17	3.8804e-17
1.7265e+14	1.7619e-17	3.2034e-17
1.7277e+14	2.2439e-18	3.5901e-17
1.7289e+14	-9.8615e-18	4.8502e-17
1.73e+14	-8.644e-18	6.0917e-17
1.7312e+14	5.0316e-18	6.4195e-17
1.7324e+14	2.0068e-17	5.6345e-17
1.7336e+14	2.4246e-17	4.3778e-17
1.7348e+14	1.4261e-17	3.6145e-17
1.736e+14	-1.5663e-18	3.879e-17
1.7372e+14	-1.0151e-17	4.8854e-17
1.7383e+14	-4.4126e-18	5.7997e-17
1.7395e+14	1.09e-17	5.9321e-17
1.7407e+14	2.3139e-17	5.2793e-17
1.7419e+14	2.2195e-17	4.4864e-17
1.7431e+14	8.8398e-18	4.2822e-17
1.7443e+14	-5.8947e-18	4.8696e-17
1.7455e+14	-9.8064e-18	5.7729e-17
1.7466e+14	4.0747e-19	6.2535e-17
1.7478e+14	1.6392e-17	5.9328e-17
1.749e+14	2.4973e-17	5.0996e-17
1.7502e+14	1.8977e-17	4.4506e-17
1.7514e+14	3.1497e-18	4.4963e-17
1.7526e+14	-9.6981e-18	5.1361e-17
1.7538e+14	-9.1514e-18	5.7634e-17
1.7549e+14	4.3205e-18	5.8044e-17
1.7561e+14	1.979e-17	5.2292e-17
1.7573e+14	2.4832e-17	4.5925e-17
1.7585e+14	1.5643e-17	4.5601e-17
1.7597e+14	3.5496e-20	5.315e-17
1.7609e+14	-9.1013e-18	6.352e-17
1.7621e+14	-4.4265e-18	6.8541e-17
1.7632e+14	9.8922e-18	6.3592e-17
1.7644e+14	2.1754e-17	5.1708e-17
1.7656e+14	2.1221e-17	4.1597e-17
1.7668e+14	8.7578e-18	4.0951e-17
1.768e+14	-5.1888e-18	5.0308e-17
1.7692e+14	-8.899e-18	6.2422e-17
1.7704e+14	8.5286e-19	6.7759e-17
1.7715e+14	1.6072e-17	6.1848e-17
1.7727e+14	2.4128e-17	4.8743e-17
1.7739e+14	1.8217e-17	3.7907e-17
1.7751e+14	3.0495e-18	3.702e-17
1.7763e+14	-8.9623e-18	4.6352e-17
1.7775e+14	-7.8979e-18	5.8968e-17
1.7787e+14	5.4791e-18	6.6354e-17
1.7798e+14	2.0296e-17	6.4833e-17
1.781e+14	2.4462e-17	5.7759e-17
1.7822e+14	1.4572e-17	5.2048e-17
1.7834e+14	-1.3086e-18	5.2191e-17
1.7846e+14	-1.0273e-17	5.6754e-17
1.7858e+14	-5.159e-18	6.0052e-17
1.787e+14	9.6043e-18	5.7373e-17
1.7881e+14	2.1686e-17	4.922e-17
1.7893e+14	2.1035e-17	4.1047e-17
1.7905e+14	8.1637e-18	3.881e-17
1.7917e+14	-6.2634e-18	4.4123e-17
1.7929e+14	-1.0205e-17	5.3044e-17
1.7941e+14	-1.5045e-19	5.9404e-17
1.7953e+14	1.5975e-17	5.9799e-17
1.7964e+14	2.5285e-17	5.6068e-17
1.7976e+14	2.0461e-17	5.3309e-17
1.7988e+14	5.692e-18	5.5267e-17
1.8e+14	-6.8133e-18	6.1115e-17
1.8012e+14	-6.8492e-18	6.6326e-17
1.8024e+14	5.4857e-18	6.6812e-17
1.8036e+14	1.9989e-17	6.2674e-17
1.8047e+14	2.4833e-17	5.8256e-17
1.8059e+14	1.6291e-17	5.8399e-17
1.8071e+14	1.7148e-18	6.41e-17
1.8083e+14	-6.6414e-18	7.1359e-17
1.8095e+14	-1.797e-18	7.4344e-17
1.8107e+14	1.2199e-17	7.0303e-17
1.8119e+14	2.3662e-17	6.2055e-17
1.813e+14	2.2978e-17	5.5843e-17
1.8142e+14	1.0571e-17	5.6214e-17
1.8154e+14	-3.4493e-18	6.2155e-17
1.8166e+14	-7.6513e-18	6.7807e-17
1.8178e+14	1.2688e-18	6.7305e-17
1.819e+14	1.5772e-17	5.9831e-17
1.8202e+14	2.3735e-17	5.0645e-17
1.8213e+14	1.8499e-17	4.7094e-17
1.8225e+14	4.4065e-18	5.2715e-17
1.8237e+14	-6.7752e-18	6.4226e-17
1.8249e+14	-5.5768e-18	7.3905e-17
1.8261e+14	7.317e-18	7.5551e-17
1.8273e+14	2.158e-17	6.9256e-17
1.8285e+14	2.5714e-17	6.1173e-17
1.8296e+14	1.6507e-17	5.8478e-17
1.8308e+14	1.6733e-18	6.3629e-17
1.832e+14	-6.4844e-18	7.2551e-17
1.8332e+14	-1.1921e-18	7.8166e-17
1.8344e+14	1.324e-17	7.6305e-17
1.8356e+14	2.4981e-17	6.9106e-17
1.8368e+14	2.4417e-17	6.3107e-17
1.8379e+14	1.204e-17	6.3627e-17
1.8391e+14	-2.0015e-18	7.012e-17
1.8403e+14	-6.2875e-18	7.6434e-17
1.8415e+14	2.4738e-18	7.5844e-17
1.8427e+14	1.6784e-17	6.6811e-17
1.8439e+14	2.4601e-17	5.4671e-17
1.8451e+14	1.9308e-17	4.7751e-17
1.8462e+14	5.1777e-18	5.09e-17
1.8474e+14	-6.183e-18	6.1586e-17
1.8486e+14	-5.4518e-18	7.1744e-17
1.8498e+14	6.6929e-18	7.3959e-17
1.851e+14	2.0135e-17	6.715e-17
1.8522e+14	2.3701e-17	5.7297e-17
1.8534e+14	1.4427e-17	5.2674e-17
1.8545e+14	3.9764e-20	5.7389e-17
1.8557e+14	-7.424e-18	6.8286e-17
1.8569e+14	-1.5928e-18	7.7515e-17
1.8581e+14	1.2904e-17	7.8643e-17
1.8593e+14	2.4184e-17	7.1448e-17
1.8605e+14	2.2883e-17	6.18e-17
1.8617e+14	9.908e-18	5.6955e-17
1.8628e+14	-4.2263e-18	6.0145e-17
1.864e+14	-7.9798e-18	6.8633e-17
1.8652e+14	1.7622e-18	7.6451e-17
1.8664e+14	1.7131e-17	7.9272e-17
1.8676e+14	2.5724e-17	7.7407e-17
1.8688e+14	2.0774e-17	7.4746e-17
1.87e+14	6.6748e-18	7.4909e-17
1.8711e+14	-4.6699e-18	7.8055e-17
1.8723e+14	-3.6768e-18	8.098e-17
1.8735e+14	8.9927e-18	8.0202e-17
1.8747e+14	2.2943e-17	7.5194e-17
1.8759e+14	2.6577e-17	6.896e-17
1.8771e+14	1.6657e-17	6.5527e-17
1.8783e+14	1.0286e-18	6.6632e-17
1.8794e+14	-7.7332e-18	7.0484e-17
1.8806e+14	-2.5586e-18	7.3617e-17
1.8818e+14	1.2371e-17	7.4087e-17
1.883e+14	2.5062e-17	7.3134e-17
1.8842e+14	2.549e-17	7.3808e-17
1.8854e+14	1.3706e-17	7.7802e-17
1.8866e+14	-3.3511e-19	8.3372e-17
1.8877e+14	-5.0416e-18	8.6379e-17
1.8889e+14	3.2942e-18	8.3723e-17
1.8901e+14	1.7524e-17	7.6277e-17
1.8913e+14	2.5621e-17	6.8667e-17
1.8925e+14	2.0656e-17	6.5878e-17
1.8937e+14	6.5319e-18	6.9384e-17
1.8949e+14	-5.1993e-18	7.607e-17
1.896e+14	-4.808e-18	8.0951e-17
1.8972e+14	7.659e-18	8.149e-17
1.8984e+14	2.2456e-17	7.9881e-17
1.8996e+14	2.8139e-17	8.121e-17
1.9008e+14	2.088e-17	8.8864e-17
1.902e+14	7.4445e-18	1.0097e-16
1.9032e+14	-5.4586e-19	1.1097e-16
1.9043e+14	3.713e-18	1.1224e-16
1.9055e+14	1.6609e-17	1.0317e-16
1.9067e+14	2.7178e-17	8.8715e-17
1.9079e+14	2.6251e-17	7.7075e-17
1.9091e+14	1.4105e-17	7.3951e-17
1.9103e+14	2.8288e-19	7.8829e-17
1.9115e+14	-4.25e-18	8.6049e-17
1.9126e+14	3.8753e-18	8.9645e-17
1.9138e+14	1.768e-17	8.7955e-17
1.915e+14	2.5617e-17	8.4352e-17
1.9162e+14	2.1092e-17	8.3699e-17
1.9174e+14	7.8701e-18	8.7695e-17
1.9186e+14	-3.0789e-18	9.3116e-17
1.9198e+14	-2.677e-18	9.4499e-17
1.9209e+14	8.7608e-18	8.9011e-17
1.9221e+14	2.1806e-17	7.9362e-17
1.9233e+14	2.5736e-17	7.2157e-17
1.9245e+14	1.7423e-17	7.287e-17
1.9257e+14	3.9341e-18	8.1468e-17
1.9269e+14	-3.3079e-18	9.2277e-17
1.9281e+14	2.0075e-18	9.8273e-17
1.9292e+14	1.5812e-17	9.6395e-17
1.9304e+14	2.6951e-17	8.9649e-17
1.9316e+14	2.6344e-17	8.4373e-17
1.9328e+14	1.4475e-17	8.5002e-17
1.934e+14	1.0445e-18	9.0634e-17
1.9352e+14	-2.9517e-18	9.616e-17
1.9364e+14	5.7872e-18	9.6897e-17
1.9375e+14	2.0183e-17	9.2754e-17
1.9387e+14	2.8589e-17	8.8378e-17
1.9399e+14	2.4311e-17	8.9131e-17
1.9411e+14	1.1034e-17	9.6273e-17
1.9423e+14	-2.7567e-19	1.0549e-16
1.9435e+14	-3.9918e-19	1.1011e-16
1.9447e+14	1.0617e-17	1.0656e-16
1.9458e+14	2.3601e-17	9.7401e-17
1.947e+14	2.7882e-17	8.9546e-17
1.9482e+14	2.0079e-17	8.884e-17
1.9494e+14	6.8073e-18	9.5429e-17
1.9506e+14	-8.8333e-19	1.0368e-16
1.9518e+14	3.3116e-18	1.0675e-16
1.953e+14	1.5748e-17	1.0206e-16
1.9542e+14	2.5889e-17	9.3247e-17
1.9553e+14	2.5067e-17	8.6998e-17
1.9565e+14	1.3667e-17	8.7391e-17
1.9577e+14	8.105e-19	9.2486e-17
1.9589e+14	-3.1862e-18	9.607e-17
1.9601e+14	4.6788e-18	9.3181e-17
1.9613e+14	1.7668e-17	8.483e-17
1.9625e+14	2.4951e-17	7.7863e-17
1.9636e+14	2.0627e-17	7.9766e-17
1.9648e+14	8.6244e-18	9.2424e-17
1.966e+14	-6.0046e-19	1.0984e-16
1.9672e+14	1.1754e-18	1.2186e-16
1.9684e+14	1.299e-17	1.2128e-16
1.9696e+14	2.5367e-17	1.0905e-16
1.9708e+14	2.8112e-17	9.3593e-17
1.9719e+14	1.8812e-17	8.5018e-17
1.9731e+14	4.991e-18	8.8407e-17
1.9743e+14	-1.936e-18	1.0114e-16
1.9755e+14	3.9984e-18	1.1574e-16
1.9767e+14	1.8351e-17	1.2552e-16
1.9779e+14	2.979e-17	1.2857e-16
1.9791e+14	2.9262e-17	1.2735e-16
1.9802e+14	1.7324e-17	1.2512e-16
1.9814e+14	3.6516e-18	1.2261e-16
1.9826e+14	-8.7374e-19	1.1798e-16
1.9838e+14	6.991e-18	1.0979e-16
1.985e+14	2.0301e-17	9.9771e-17
1.9862e+14	2.7727e-17	9.2622e-17
1.9874e+14	2.2909e-17	9.2599e-17
1.9885e+14	9.6865e-18	9.9694e-17
1.9897e+14	-1.0847e-18	1.0892e-16
1.9909e+14	-4.754e-19	1.1371e-16
1.9921e+14	1.1174e-17	1.1085e-16
1.9933e+14	2.4527e-17	1.0301e-16
1.9945e+14	2.8892e-17	9.6576e-17
1.9957e+14	2.0928e-17	9.6409e-17
1.9968e+14	7.2782e-18	1.0175e-16
1.998e+14	-9.8566e-19	1.067e-16
1.9992e+14	2.5231e-18	1.0507e-16
2.0004e+14	1.4344e-17	9.5702e-17
2.0016e+14	2.4185e-17	8.3936e-17
2.0028e+14	2.3563e-17	7.7849e-17
2.004e+14	1.2897e-17	8.2104e-17
2.0051e+14	1.1645e-18	9.4223e-17
2.0063e+14	-1.5726e-18	1.0625e-16
2.0075e+14	7.4027e-18	1.1048e-16
2.0087e+14	2.1078e-17	1.049e-16
2.0099e+14	2.8377e-17	9.4124e-17
2.0111e+14	2.3233e-17	8.546e-17
2.0123e+14	9.6156e-18	8.3453e-17
2.0134e+14	-1.631e-18	8.7203e-17
2.0146e+14	-1.5753e-18	9.2284e-17
2.0158e+14	9.59e-18	9.5154e-17
2.017e+14	2.2783e-17	9.6039e-17
2.0182e+14	2.7483e-17	9.7865e-17
2.0194e+14	2.0262e-17	1.0246e-16
2.0206e+14	7.4297e-18	1.0775e-16
2.0217e+14	-3.0829e-19	1.0894e-16
2.0229e+14	3.3022e-18	1.0284e-16
2.0241e+14	1.5003e-17	9.1767e-17
2.0253e+14	2.4869e-17	8.3026e-17
2.0265e+14	2.4628e-17	8.3799e-17
2.0277e+14	1.4517e-17	9.5159e-17
2.0289e+14	3.0186e-18	1.1023e-16
2.03e+14	-2.568e-19	1.1851e-16
2.0312e+14	7.4023e-18	1.1358e-16
2.0324e+14	1.9552e-17	9.8229e-17
2.0336e+14	2.5973e-17	8.2925e-17
2.0348e+14	2.1202e-17	7.8287e-17
2.036e+14	9.1103e-18	8.7248e-17
2.0372e+14	-2.7762e-19	1.0282e-16
2.0383e+14	8.7944e-19	1.1331e-16
2.0395e+14	1.1683e-17	1.1107e-16
2.0407e+14	2.3168e-17	9.8052e-17
2.0419e+14	2.5682e-17	8.4031e-17
2.0431e+14	1.6888e-17	7.8851e-17
2.0443e+14	3.7514e-18	8.4853e-17
2.0455e+14	-3.1558e-18	9.532e-17
2.0466e+14	1.6422e-18	1.0004e-16
2.0478e+14	1.4002e-17	9.3548e-17
2.049e+14	2.3569e-17	7.9454e-17
2.0502e+14	2.2317e-17	6.7671e-17
2.0514e+14	1.1191e-17	6.6687e-17
2.0526e+14	-6.5963e-19	7.7089e-17
2.0538e+14	-3.4269e-18	9.1298e-17
2.0549e+14	5.2389e-18	9.9532e-17
2.0561e+14	1.8249e-17	9.7154e-17
2.0573e+14	2.4888e-17	8.7654e-17
2.0585e+14	1.9647e-17	7.918e-17
2.0597e+14	6.7897e-18	7.7699e-17
2.0609e+14	-3.1269e-18	8.2395e-17
2.0621e+14	-1.9364e-18	8.6897e-17
2.0632e+14	9.3937e-18	8.505e-17
2.0644e+14	2.1523e-17	7.6331e-17
2.0656e+14	2.4395e-17	6.6428e-17
2.0668e+14	1.5507e-17	6.259e-17
2.068e+14	1.9788e-18	6.7655e-17
2.0692e+14	-5.2811e-18	7.7668e-17
2.0704e+14	-5.2958e-19	8.5007e-17
2.0715e+14	1.2106e-17	8.4414e-17
2.0727e+14	2.2041e-17	7.6991e-17
2.0739e+14	2.0962e-17	6.9007e-17
2.0751e+14	9.6845e-18	6.6619e-17
2.0763e+14	-2.5052e-18	7.0908e-17
2.0775e+14	-5.4929e-18	7.7271e-17
2.0787e+14	3.32e-18	7.9527e-17
2.0798e+14	1.684e-17	7.5216e-17
2.081e+14	2.4071e-17	6.7661e-17
2.0822e+14	1.9129e-17	6.3114e-17
2.0834e+14	6.0669e-18	6.5422e-17
2.0846e+14	-4.4375e-18	7.2682e-17
2.0858e+14	-3.8324e-18	7.8684e-17
2.087e+14	7.3095e-18	7.7953e-17
2.0881e+14	1.9773e-17	7.0225e-17
2.0893e+14	2.3259e-17	6.0673e-17
2.0905e+14	1.4813e-17	5.5725e-17
2.0917e+14	1.2169e-18	5.7921e-17
2.0929e+14	-6.5857e-18	6.4044e-17
2.0941e+14	-2.437e-18	6.8e-17
2.0953e+14	1.0059e-17	6.6004e-17
2.0964e+14	2.0582e-17	5.9737e-17
2.0976e+14	2.0607e-17	5.4857e-17
2.0988e+14	1.0368e-17	5.6105e-17
2.1e+14	-1.4426e-18	6.3106e-17
2.1012e+14	-4.9371e-18	7.0402e-17
2.1024e+14	2.7704e-18	7.1774e-17
2.1036e+14	1.5192e-17	6.5355e-17
2.1047e+14	2.1863e-17	5.5335e-17
2.1059e+14	1.7016e-17	4.8808e-17
2.1071e+14	4.3809e-18	5.0235e-17
2.1083e+14	-5.8815e-18	5.7958e-17
2.1095e+14	-5.5434e-18	6.5537e-17
2.1107e+14	4.9114e-18	6.6824e-17
2.1119e+14	1.6699e-17	6.0716e-17
2.113e+14	1.9986e-17	5.1847e-17
2.1142e+14	1.2002e-17	4.6778e-17
2.1154e+14	-6.8469e-19	4.8818e-17
2.1166e+14	-7.5927e-18	5.5615e-17
2.1178e+14	-2.9819e-18	6.1297e-17
2.119e+14	9.404e-18	6.1265e-17
2.1202e+14	1.9416e-17	5.5727e-17
2.1213e+14	1.8858e-17	4.9208e-17
2.1225e+14	8.2446e-18	4.6662e-17
2.1237e+14	-3.6309e-18	4.9487e-17
2.1249e+14	-6.9429e-18	5.4676e-17
2.1261e+14	1.0553e-18	5.7596e-17
2.1273e+14	1.3745e-17	5.5893e-17
2.1285e+14	2.0566e-17	5.123e-17
2.1296e+14	1.5695e-17	4.752e-17
2.1308e+14	2.8538e-18	4.7349e-17
2.132e+14	-7.7045e-18	4.9749e-17
2.1332e+14	-7.5534e-18	5.1243e-17
2.1344e+14	3.0614e-18	4.9163e-17
2.1356e+14	1.5477e-17	4.4291e-17
2.1368e+14	1.9726e-17	4.0414e-17
2.1379e+14	1.2641e-17	4.1076e-17
2.1391e+14	3.232e-19	4.6289e-17
2.1403e+14	-7.0001e-18	5.2098e-17
2.1415e+14	-3.4301e-18	5.3549e-17
2.1427e+14	7.8094e-18	4.8714e-17
2.1439e+14	1.7154e-17	4.0425e-17
2.1451e+14	1.6695e-17	3.4198e-17
2.1462e+14	6.7491e-18	3.3944e-17
2.1474e+14	-4.4374e-18	3.8928e-17
2.1486e+14	-7.5651e-18	4.4446e-17
2.1498e+14	-2.8736e-20	4.5681e-17
2.151e+14	1.1899e-17	4.1562e-17
2.1522e+14	1.8257e-17	3.5488e-17
2.1534e+14	1.3666e-17	3.2356e-17
2.1545e+14	1.8199e-18	3.4382e-17
2.1557e+14	-7.5293e-18	3.9236e-17
2.1569e+14	-6.6237e-18	4.2008e-17
2.1581e+14	3.8615e-18	3.9401e-17
2.1593e+14	1.5318e-17	3.2596e-17
2.1605e+14	1.8257e-17	2.6396e-17
2.1617e+14	1.0117e-17	2.5295e-17
2.1628e+14	-2.6081e-18	2.9741e-17
2.164e+14	-9.6695e-18	3.5696e-17
2.1652e+14	-5.4552e-18	3.7921e-17
2.1664e+14	6.4338e-18	3.4272e-17
2.1676e+14	1.617e-17	2.7469e-17
2.1688e+14	1.5779e-17	2.2847e-17
2.17e+14	5.6636e-18	2.3944e-17
2.1711e+14	-5.787e-18	2.9574e-17
2.1723e+14	-9.1468e-18	3.4829e-17
2.1735e+14	-1.7271e-18	3.5185e-17
2.1747e+14	1.0235e-17	3.0304e-17
2.1759e+14	1.6755e-17	2.4332e-17
2.1771e+14	1.2362e-17	2.2407e-17
2.1783e+14	6.1799e-19	2.626e-17
2.1794e+14	-8.8249e-18	3.259e-17
2.1806e+14	-8.1851e-18	3.5656e-17
2.1818e+14	2.0332e-18	3.2033e-17
2.183e+14	1.3459e-17	2.3604e-17
2.1842e+14	1.6752e-17	1.6275e-17
2.1854e+14	9.2798e-18	1.5343e-17
2.1866e+14	-2.7433e-18	2.1243e-17
2.1877e+14	-9.411e-18	2.914e-17
2.1889e+14	-5.2986e-18	3.2749e-17
2.1901e+14	6.0873e-18	2.9321e-17
2.1913e+14	1.5243e-17	2.177e-17
2.1925e+14	1.4543e-17	1.6229e-17
2.1937e+14	4.5467e-18	1.7029e-17
2.1949e+14	-6.4755e-18	2.3187e-17
2.196e+14	-9.3957e-18	2.9249e-17
2.1972e+14	-1.7906e-18	2.9792e-17
2.1984e+14	1.0037e-17	2.388e-17
2.1996e+14	1.6253e-17	1.5852e-17
2.2008e+14	1.1613e-17	1.1802e-17
2.202e+14	-1.9036e-19	1.4634e-17
2.2032e+14	-9.5508e-18	2.1741e-17
2.2043e+14	-8.8541e-18	2.717e-17
2.2055e+14	1.2558e-18	2.6491e-17
2.2067e+14	1.2411e-17	2.0345e-17
2.2079e+14	1.5415e-17	1.3815e-17
2.2091e+14	7.8127e-18	1.2152e-17
2.2103e+14	-4.1022e-18	1.6424e-17
2.2115e+14	-1.0495e-17	2.2669e-17
2.2126e+14	-6.1108e-18	2.5245e-17
2.2138e+14	5.3935e-18	2.1582e-17
2.215e+14	1.4467e-17	1.4394e-17
2.2162e+14	1.3547e-17	9.4871e-18
2.2174e+14	3.303e-18	1.0957e-17
2.2186e+14	-7.9155e-18	1.7723e-17
2.2198e+14	-1.0959e-17	2.4284e-17
2.2209e+14	-3.4153e-18	2.5122e-17
2.2221e+14	8.4087e-18	1.9167e-17
2.2233e+14	1.47e-17	1.0694e-17
2.2245e+14	1.0235e-17	5.9106e-18
2.2257e+14	-1.3063e-18	8.0042e-18
2.2269e+14	-1.0382e-17	1.4678e-17
2.2281e+14	-9.4554e-18	2.0142e-17
2.2292e+14	7.796e-19	1.9889e-17
2.2304e+14	1.1961e-17	1.4327e-17
2.2316e+14	1.494e-17	8.3199e-18
2.2328e+14	7.3028e-18	7.0606e-18
2.234e+14	-4.6448e-18	1.1718e-17
2.2352e+14	-1.1083e-17	1.8467e-17
2.2364e+14	-6.7601e-18	2.1682e-17
2.2375e+14	4.7003e-18	1.8648e-17
2.2387e+14	1.3812e-17	1.1865e-17
2.2399e+14	1.3063e-17	7.0271e-18
2.2411e+14	3.1122e-18	8.3202e-18
2.2423e+14	-7.7708e-18	1.4912e-17
2.2435e+14	-1.0546e-17	2.1551e-17
2.2447e+14	-2.8847e-18	2.2812e-17
2.2458e+14	8.8938e-18	1.7525e-17
2.247e+14	1.5019e-17	9.7515e-18
2.2482e+14	1.033e-17	5.5126e-18
2.2494e+14	-1.4562e-18	7.9096e-18
2.2506e+14	-1.0784e-17	1.4638e-17
2.2518e+14	-1.0106e-17	1.9909e-17
2.253e+14	-7.654e-20	1.9195e-17
2.2542e+14	1.1008e-17	1.2927e-17
2.2553e+14	1.4052e-17	6.1126e-18
2.2565e+14	6.644e-18	4.2107e-18
2.2577e+14	-4.9826e-18	8.6551e-18
2.2589e+14	-1.1121e-17	1.5684e-17
2.2601e+14	-6.6204e-18	1.9431e-17
2.2613e+14	4.8495e-18	1.6736e-17
2.2625e+14	1.3825e-17	9.7383e-18
2.2636e+14	1.2864e-17	4.1296e-18
2.2648e+14	2.6977e-18	4.513e-18
2.266e+14	-8.3438e-18	1.065e-17
2.2672e+14	-1.1189e-17	1.7654e-17
2.2684e+14	-3.5014e-18	1.9946e-17
2.2696e+14	8.3785e-18	1.5742e-17
2.2708e+14	1.4636e-17	8.4263e-18
2.2719e+14	1.0053e-17	3.738e-18
2.2731e+14	-1.6896e-18	5.1152e-18
2.2743e+14	-1.1029e-17	1.0995e-17
2.2755e+14	-1.0364e-17	1.6232e-17
2.2767e+14	-2.9139e-19	1.6396e-17
2.2779e+14	1.0902e-17	1.139e-17
2.2791e+14	1.4053e-17	5.4337e-18
2.2802e+14	6.6441e-18	3.487e-18
2.2814e+14	-5.1563e-18	7.121e-18
2.2826e+14	-1.1592e-17	1.3248e-17
2.2838e+14	-7.3548e-18	1.6733e-17
2.285e+14	4.0617e-18	1.4686e-17
2.2862e+14	1.3257e-17	8.859e-18
2.2874e+14	1.267e-17	4.1681e-18
2.2885e+14	2.7963e-18	4.5799e-18
2.2897e+14	-8.239e-18	9.7892e-18
2.2909e+14	-1.1385e-17	1.5444e-17
2.2921e+14	-4.1107e-18	1.6738e-17
2.2933e+14	7.5332e-18	1.2389e-17
2.2945e+14	1.3918e-17	5.7204e-18
2.2957e+14	9.7746e-18	1.9406e-18
2.2968e+14	-1.4802e-18	3.8637e-18
2.298e+14	-1.0577e-17	9.6099e-18
2.2992e+14	-1.0042e-17	1.4176e-17
2.3004e+14	-3.4061e-19	1.358e-17
2.3016e+14	1.0521e-17	8.1626e-18
2.3028e+14	1.3613e-17	2.3147e-18
2.304e+14	6.4373e-18	8.607e-19
2.3051e+14	-5.0326e-18	5.0705e-18
2.3063e+14	-1.1299e-17	1.1588e-17
2.3075e+14	-7.1828e-18	1.5163e-17
2.3087e+14	3.9111e-18	1.2935e-17
2.3099e+14	1.2808e-17	6.7709e-18
2.3111e+14	1.2134e-17	1.7245e-18
2.3123e+14	2.3978e-18	1.9032e-18
2.3134e+14	-8.4324e-18	7.1258e-18
2.3146e+14	-1.1489e-17	1.3102e-17
2.3158e+14	-4.2995e-18	1.4964e-17
2.317e+14	7.2016e-18	1.1244e-17
2.3182e+14	1.3575e-17	5.0347e-18
2.3194e+14	9.6519e-18	1.4162e-18
2.3206e+14	-1.2374e-18	3.2845e-18
2.3217e+14	-1.0046e-17	9.0123e-18
2.3229e+14	-9.4928e-18	1.3842e-17
2.3241e+14	-6.7772e-20	1.3826e-17
2.3253e+14	1.0401e-17	9.0558e-18
2.3265e+14	1.3232e-17	3.5284e-18
2.3277e+14	6.0735e-18	1.7988e-18
2.3289e+14	-5.1558e-18	5.2018e-18
2.33e+14	-1.1159e-17	1.0768e-17
2.3312e+14	-6.9453e-18	1.3709e-17
2.3324e+14	4.0398e-18	1.1398e-17
2.3336e+14	1.2754e-17	5.5488e-18
2.3348e+14	1.2015e-17	8.0285e-19
2.336e+14	2.428e-18	9.095e-19
2.3372e+14	-8.1143e-18	5.6553e-18
2.3383e+14	-1.0942e-17	1.1072e-17
2.3395e+14	-3.7605e-18	1.2727e-17
2.3407e+14	7.4616e-18	9.3629e-18
2.3419e+14	1.3418e-17	3.8874e-18
2.3431e+14	9.15e-18	9.1309e-19
2.3443e+14	-1.8536e-18	2.9185e-18
2.3455e+14	-1.0524e-17	8.2127e-18
2.3466e+14	-9.6904e-18	1.2379e-17
2.3478e+14	3.7098e-21	1.1976e-17
2.349e+14	1.0611e-17	7.4071e-18
2.3502e+14	1.3415e-17	2.5747e-18
2.3514e+14	6.1009e-18	1.6062e-18
2.3526e+14	-5.3363e-18	5.3929e-18
2.3538e+14	-1.1518e-17	1.0824e-17
2.3549e+14	-7.3855e-18	1.3363e-17
2.3561e+14	3.6517e-18	1.0841e-17
2.3573e+14	1.2537e-17	5.2886e-18
2.3585e+14	1.2016e-17	1.2952e-18
2.3597e+14	2.5837e-18	2.2083e-18
2.3609e+14	-7.954e-18	7.3329e-18
2.3621e+14	-1.0935e-17	1.2454e-17
2.3632e+14	-3.9721e-18	1.3274e-17
2.3644e+14	7.0994e-18	8.9471e-18
2.3656e+14	1.3062e-17	2.7899e-18
2.3668e+14	8.929e-18	-4.2019e-19
2.368e+14	-1.9434e-18	1.6594e-18
2.3692e+14	-1.0628e-17	7.0526e-18
2.3704e+14	-9.9883e-18	1.114e-17
2.3715e+14	-5.6092e-19	1.0503e-17
2.3727e+14	9.8975e-18	5.754e-18
2.3739e+14	1.2804e-17	1.0065e-18
2.3751e+14	5.8162e-18	4.2269e-19
2.3763e+14	-5.2591e-18	4.696e-18
2.3775e+14	-1.1268e-17	1.0399e-17
2.3787e+14	-7.2654e-18	1.2765e-17
2.3798e+14	3.4219e-18	9.6353e-18
2.381e+14	1.1953e-17	3.3063e-18
2.3822e+14	1.1281e-17	-1.2625e-18
2.3834e+14	1.9639e-18	-4.5408e-19
2.3846e+14	-8.3026e-18	5.0583e-18
2.3858e+14	-1.1044e-17	1.0836e-17
2.387e+14	-4.0023e-18	1.2256e-17
2.3881e+14	6.9996e-18	8.2357e-18
2.3893e+14	1.2869e-17	2.0672e-18
2.3905e+14	8.7514e-18	-1.3019e-18
2.3917e+14	-1.9593e-18	6.9287e-19
2.3929e+14	-1.041e-17	6.1805e-18
2.3941e+14	-9.589e-18	1.0449e-17
2.3953e+14	-1.0783e-19	9.8567e-18
2.3964e+14	1.0288e-17	4.8395e-18
2.3976e+14	1.3087e-17	-4.5128e-19
2.3988e+14	6.0092e-18	-1.5686e-18
2.4e+14	-5.1298e-18	2.5699e-18
2.4012e+14	-1.1209e-17	8.7837e-18
2.4024e+14	-7.3032e-18	1.2217e-17
2.4036e+14	3.2933e-18	1.0276e-17
2.4047e+14	1.1808e-17	4.6884e-18
2.4059e+14	1.1236e-17	2.0389e-20
2.4071e+14	2.1033e-18	-1.002e-19
2.4083e+14	-7.9992e-18	4.0758e-18
2.4095e+14	-1.0704e-17	8.7198e-18
2.4107e+14	-3.7858e-18	9.689e-18
2.4119e+14	7.0037e-18	6.023e-18
2.413e+14	1.2696e-17	7.662e-19
2.4142e+14	8.524e-18	-1.5692e-18
2.4154e+14	-2.1266e-18	1.2045e-18
2.4166e+14	-1.0498e-17	7.0552e-18
2.4178e+14	-9.683e-18	1.1325e-17
2.419e+14	-3.2561e-19	1.0526e-17
2.4202e+14	9.8916e-18	5.2229e-18
2.4213e+14	1.257e-17	-3.7435e-19
2.4225e+14	5.5095e-18	-1.8005e-18
2.4237e+14	-5.4766e-18	2.0568e-18
2.4249e+14	-1.1344e-17	8.0659e-18
2.4261e+14	-7.2598e-18	1.14e-17
2.4273e+14	3.4257e-18	9.4357e-18
2.4285e+14	1.1938e-17	3.8349e-18
2.4296e+14	1.1299e-17	-8.6844e-19
2.4308e+14	2.0528e-18	-9.7837e-19
2.432e+14	-8.1948e-18	3.4017e-18
2.4332e+14	-1.1052e-17	8.557e-18
2.4344e+14	-4.2385e-18	1.0293e-17
2.4356e+14	6.5637e-18	7.3961e-18
2.4368e+14	1.242e-17	2.5678e-18
2.4379e+14	8.5186e-18	1.0093e-19
2.4391e+14	-1.8724e-18	2.2506e-18
2.4403e+14	-1.0119e-17	7.3289e-18
2.4415e+14	-9.3619e-18	1.11e-17
2.4427e+14	-1.7763e-19	1.0313e-17
2.4439e+14	9.8929e-18	5.4311e-18
2.4451e+14	1.2568e-17	2.9954e-19
2.4462e+14	5.6541e-18	-9.9782e-19
2.4474e+14	-5.1463e-18	2.5099e-18
2.4486e+14	-1.0942e-17	7.8788e-18
2.4498e+14	-6.9838e-18	1.0664e-17
2.451e+14	3.4225e-18	8.5619e-18
2.4522e+14	1.165e-17	3.2921e-18
2.4534e+14	1.0872e-17	-8.3083e-19
2.4545e+14	1.6982e-18	-4.4372e-19
2.4557e+14	-8.3247e-18	4.1143e-18
2.4569e+14	-1.0931e-17	9.1019e-18
2.4581e+14	-3.9534e-18	1.0464e-17
2.4593e+14	6.8813e-18	7.1583e-18
2.4605e+14	1.2663e-17	1.9846e-18
2.4617e+14	8.63e-18	-7.4376e-19
2.4628e+14	-1.9138e-18	1.2438e-18
2.464e+14	-1.0319e-17	6.324e-18
2.4652e+14	-9.7064e-18	1.0342e-17
2.4664e+14	-6.2111e-19	1.0042e-17
2.4676e+14	9.4336e-18	5.7277e-18
2.4688e+14	1.2183e-17	9.6843e-19
2.47e+14	5.3931e-18	-3.7893e-19
2.4711e+14	-5.3002e-18	2.6436e-18
2.4723e+14	-1.1046e-17	7.3363e-18
2.4735e+14	-7.076e-18	9.6214e-18
2.4747e+14	3.3724e-18	7.4531e-18
2.4759e+14	1.1722e-17	2.5272e-18
2.4771e+14	1.1119e-17	-1.1254e-18
2.4783e+14	2.0695e-18	-4.8654e-19
2.4794e+14	-7.9876e-18	3.9392e-18
2.4806e+14	-1.0807e-17	8.5338e-18
2.4818e+14	-4.1129e-18	9.5545e-18
2.483e+14	6.5494e-18	6.2251e-18
2.4842e+14	1.2398e-17	1.3709e-18
2.4854e+14	8.6464e-18	-9.271e-19
2.4866e+14	-1.5798e-18	1.2853e-18
2.4877e+14	-9.8447e-18	6.2162e-18
2.4889e+14	-9.3695e-18	9.8118e-18
2.4901e+14	-6.0705e-19	9.1142e-18
2.4913e+14	9.1611e-18	4.7143e-18
2.4925e+14	1.1857e-17	2.6787e-19
2.4937e+14	5.2781e-18	-5.2505e-19
2.4949e+14	-5.0984e-18	3.0189e-18
2.496e+14	-1.0655e-17	7.9962e-18
2.4972e+14	-6.7633e-18	1.0309e-17
2.4984e+14	3.3856e-18	8.0463e-18
2.4996e+14	1.1414e-17	3.0549e-18
2.5008e+14	1.0672e-17	-5.8256e-19
2.502e+14	1.7322e-18	8.6261e-20
2.5032e+14	-8.0775e-18	4.463e-18
2.5043e+14	-1.0708e-17	8.9179e-18
2.5055e+14	-4.0236e-18	9.8112e-18
2.5067e+14	6.4432e-18	6.5101e-18
2.5079e+14	1.2052e-17	1.9005e-18
2.5091e+14	8.1797e-18	-2.9597e-20
2.5103e+14	-1.9746e-18	2.4695e-18
2.5115e+14	-1.0025e-17	7.4189e-18
2.5126e+14	-9.3126e-18	1.0717e-17
2.5138e+14	-3.8932e-19	9.5258e-18
2.515e+14	9.4373e-18	4.6313e-18
2.5162e+14	1.2122e-17	-1.6885e-19
2.5174e+14	5.4995e-18	-1.1699e-18
2.5186e+14	-4.9468e-18	2.2083e-18
2.5198e+14	-1.0612e-17	6.9631e-18
2.5209e+14	-6.8549e-18	9.0072e-18
2.5221e+14	3.1927e-18	6.5642e-18
2.5233e+14	1.123e-17	1.6514e-18
2.5245e+14	1.0634e-17	-1.5846e-18
2.5257e+14	1.9131e-18	-3.158e-19
2.5269e+14	-7.736e-18	4.5811e-18
2.5281e+14	-1.0377e-17	9.1865e-18
2.5292e+14	-3.8782e-18	9.7257e-18
2.5304e+14	6.344e-18	5.6765e-18
2.5316e+14	1.1816e-17	2.4012e-19
2.5328e+14	8.0104e-18	-2.227e-18
2.534e+14	-1.9186e-18	2.6935e-19
2.5352e+14	-9.7507e-18	5.7609e-18
2.5364e+14	-8.9985e-18	9.9343e-18
2.5375e+14	-2.7562e-19	9.6317e-18
2.5387e+14	9.2025e-18	5.3709e-18
2.5399e+14	1.1574e-17	8.3868e-19
2.5411e+14	4.8268e-18	-1.931e-19
2.5423e+14	-5.5215e-18	3.0276e-18
2.5435e+14	-1.0961e-17	7.6626e-18
2.5447e+14	-6.9967e-18	9.6945e-18
2.5458e+14	3.14e-18	7.3031e-18
2.547e+14	1.1146e-17	2.3982e-18
2.5482e+14	1.0473e-17	-9.6394e-19
2.5494e+14	1.7131e-18	3.203e-20
2.5506e+14	-7.8984e-18	4.584e-18
2.5518e+14	-1.0446e-17	8.8923e-18
2.553e+14	-3.8475e-18	9.2853e-18
2.5542e+14	6.4409e-18	5.2806e-18
2.5553e+14	1.1934e-17	4.3303e-20
2.5565e+14	8.1158e-18	-2.1631e-18
2.5577e+14	-1.8442e-18	5.3775e-19
2.5589e+14	-9.7068e-18	6.0699e-18
2.5601e+14	-8.9625e-18	1.0055e-17
2.5613e+14	-2.0173e-19	9.3494e-18
2.5625e+14	9.3672e-18	4.5803e-18
2.5636e+14	1.1853e-17	-3.6827e-19
2.5648e+14	5.1819e-18	-1.5083e-18
2.566e+14	-5.1939e-18	2.0407e-18
2.5672e+14	-1.0779e-17	7.3852e-18
2.5684e+14	-7.0184e-18	1.0251e-17
2.5696e+14	2.964e-18	8.4579e-18
2.5708e+14	1.095e-17	3.6335e-18
2.5719e+14	1.0392e-17	-2.0318e-19
2.5731e+14	1.7874e-18	1.4039e-20
2.5743e+14	-7.7484e-18	3.8979e-18
2.5755e+14	-1.0358e-17	7.9953e-18
2.5767e+14	-3.9082e-18	8.7122e-18
2.5779e+14	6.2697e-18	5.3325e-18
2.5791e+14	1.1788e-17	6.2807e-19
2.5802e+14	8.1144e-18	-1.4388e-18
2.5814e+14	-1.7048e-18	9.8685e-19
2.5826e+14	-9.5746e-18	6.0885e-18
2.5838e+14	-9.0281e-18	9.8422e-18
2.585e+14	-5.4619e-19	9.3035e-18
2.5862e+14	8.8588e-18	5.0079e-18
2.5874e+14	1.1438e-17	5.1123e-19
2.5885e+14	5.0909e-18	-5.428e-19
2.5897e+14	-4.9224e-18	2.5929e-18
2.5909e+14	-1.034e-17	7.1879e-18
2.5921e+14	-6.7172e-18	9.3231e-18
2.5933e+14	2.9165e-18	7.1478e-18
2.5945e+14	1.0582e-17	2.4134e-18
2.5957e+14	9.9507e-18	-9.778e-19
2.5968e+14	1.5695e-18	-2.0283e-19
2.598e+14	-7.6008e-18	4.146e-18
2.5992e+14	-9.9481e-18	8.5466e-18
2.6004e+14	-3.5071e-18	9.4492e-18
2.6016e+14	6.4113e-18	6.1973e-18
2.6028e+14	1.1604e-17	1.555e-18
2.604e+14	7.7524e-18	-5.8727e-19
2.6051e+14	-1.9972e-18	1.5675e-18
2.6063e+14	-9.6198e-18	6.2394e-18
2.6075e+14	-8.8215e-18	9.5451e-18
2.6087e+14	-2.3208e-19	8.709e-18
2.6099e+14	9.1078e-18	4.3591e-18
2.6111e+14	1.154e-17	1.3707e-20
2.6123e+14	5.0931e-18	-8.1489e-19
2.6134e+14	-4.9059e-18	2.4914e-18
2.6146e+14	-1.0224e-17	7.1569e-18
2.6158e+14	-6.5082e-18	9.3069e-18
2.617e+14	3.1389e-18	7.1596e-18
2.6182e+14	1.0731e-17	2.4785e-18
2.6194e+14	9.9919e-18	-9.0553e-19
2.6206e+14	1.5345e-18	-2.7381e-19
2.6217e+14	-7.6547e-18	3.732e-18
2.6229e+14	-9.986e-18	7.653e-18
2.6241e+14	-3.5357e-18	8.096e-18
2.6253e+14	6.3625e-18	4.5705e-18
2.6265e+14	1.1517e-17	-7.4486e-20
2.6277e+14	7.6407e-18	-1.9834e-18
2.6289e+14	-2.1031e-18	5.2132e-19
2.63e+14	-9.6958e-18	5.5302e-18
2.6312e+14	-8.8673e-18	9.0836e-18
2.6324e+14	-2.6493e-19	8.3996e-18
2.6336e+14	9.071e-18	4.1446e-18
2.6348e+14	1.1495e-17	-1.1813e-19
2.636e+14	5.0431e-18	-8.4605e-19
2.6372e+14	-4.9601e-18	2.593e-18
2.6383e+14	-1.0288e-17	7.4258e-18
2.6395e+14	-6.5808e-18	9.7654e-18
2.6407e+14	3.0823e-18	7.7959e-18
2.6419e+14	1.0738e-17	3.2317e-18
2.6431e+14	1.0113e-17	-1.3309e-19
2.6443e+14	1.7838e-18	4.2857e-19
2.6455e+14	-7.3123e-18	4.3369e-18
2.6466e+14	-9.6204e-18	8.2114e-18
2.6478e+14	-3.2119e-18	8.69e-18
2.649e+14	6.6174e-18	5.2209e-18
2.6502e+14	1.1715e-17	5.2072e-19
2.6514e+14	7.8017e-18	-1.6694e-18
2.6526e+14	-1.983e-18	3.3431e-19
2.6538e+14	-9.6508e-18	4.7904e-18
2.6549e+14	-8.9311e-18	8.0022e-18
2.6561e+14	-4.3047e-19	7.3968e-18
2.6573e+14	8.866e-18	3.6531e-18
2.6585e+14	1.1339e-17	1.1275e-19
2.6597e+14	4.997e-18	-3.7054e-20
2.6609e+14	-4.9007e-18	3.5358e-18
2.6621e+14	-1.0185e-17	7.978e-18
2.6632e+14	-6.5086e-18	9.5847e-18
2.6644e+14	3.081e-18	6.8801e-18
2.6656e+14	1.066e-17	1.8932e-18
2.6668e+14	9.9634e-18	-1.447e-18
2.668e+14	1.5447e-18	-4.9762e-19
2.6692e+14	-7.6777e-18	3.9379e-18
2.6704e+14	-1.0118e-17	8.2535e-18
2.6715e+14	-3.7616e-18	8.9665e-18
2.6727e+14	6.1797e-18	5.5352e-18
2.6739e+14	1.1564e-17	7.6848e-19
2.6751e+14	8.0102e-18	-1.4932e-18
2.6763e+14	-1.51e-18	4.919e-19
2.6775e+14	-9.1389e-18	4.9913e-18
2.6787e+14	-8.6053e-18	8.2845e-18
2.6798e+14	-3.7449e-19	7.7576e-18
2.681e+14	8.7579e-18	4.0347e-18
2.6822e+14	1.1278e-17	3.9534e-19
2.6834e+14	5.1396e-18	-1.608e-20
2.6846e+14	-4.5769e-18	3.1521e-18
2.6858e+14	-9.8732e-18	7.1579e-18
2.687e+14	-6.4373e-18	8.4785e-18
2.6881e+14	2.8152e-18	5.8081e-18
2.6893e+14	1.0171e-17	1.2255e-18
2.6905e+14	9.5044e-18	-1.4753e-18
2.6917e+14	1.3448e-18	6.3348e-20
2.6929e+14	-7.5598e-18	4.7397e-18
2.6941e+14	-9.814e-18	8.8085e-18
2.6953e+14	-3.4859e-18	8.912e-18
2.6964e+14	6.2841e-18	4.8576e-18
2.6976e+14	1.1505e-17	-1.5412e-19
2.6988e+14	7.9032e-18	-2.0773e-18
2.7e+14	-1.5648e-18	7.039e-19
2.7012e+14	-9.1556e-18	6.0385e-18
2.7024e+14	-8.7072e-18	9.7132e-18
2.7036e+14	-6.9185e-19	8.8285e-18
2.7047e+14	8.2041e-18	4.1166e-18
2.7059e+14	1.0613e-17	-6.724e-19
2.7071e+14	4.5609e-18	-1.8027e-18
2.7083e+14	-4.9213e-18	1.4647e-18
2.7095e+14	-9.9692e-18	6.35e-18
2.7107e+14	-6.3851e-18	8.8826e-18
2.7119e+14	2.8965e-18	7.1483e-18
2.713e+14	1.0234e-17	2.7962e-18
2.7142e+14	9.5852e-18	-3.9751e-19
2.7154e+14	1.4911e-18	3.0756e-19
2.7166e+14	-7.3761e-18	4.3483e-18
2.7178e+14	-9.7187e-18	8.3474e-18
2.719e+14	-3.6294e-18	8.9341e-18
2.7202e+14	5.8448e-18	5.5525e-18
2.7213e+14	1.0877e-17	9.3459e-19
2.7225e+14	7.3231e-18	-1.1486e-18
2.7237e+14	-1.8597e-18	1.0061e-18
2.7249e+14	-9.057e-18	5.6337e-18
2.7261e+14	-8.2844e-18	8.9582e-18
2.7273e+14	-1.2924e-19	8.2985e-18
2.7285e+14	8.7298e-18	4.2586e-18
2.7296e+14	1.1026e-17	1.9989e-19
2.7308e+14	4.8938e-18	-5.5552e-19
2.732e+14	-4.5998e-18	2.5297e-18
2.7332e+14	-9.6335e-18	6.786e-18
2.7344e+14	-6.0805e-18	8.5818e-18
2.7356e+14	3.0964e-18	6.37e-18
2.7368e+14	1.0297e-17	2.0012e-18
2.7379e+14	9.5573e-18	-7.9617e-19
2.7391e+14	1.4694e-18	4.7877e-19
2.7403e+14	-7.3099e-18	4.9781e-18
2.7415e+14	-9.5521e-18	9.1406e-18
2.7427e+14	-3.42e-18	9.5853e-18
2.7439e+14	6.0186e-18	5.8932e-18
2.7451e+14	1.0972e-17	9.8373e-19
2.7462e+14	7.3518e-18	-1.2426e-18
2.7474e+14	-1.8553e-18	9.2277e-19
2.7486e+14	-9.0525e-18	5.6058e-18
2.7498e+14	-8.2992e-18	8.8868e-18
2.751e+14	-2.1266e-19	8.0133e-18
2.7522e+14	8.5389e-18	3.6618e-18
2.7534e+14	1.0733e-17	-6.047e-19
2.7545e+14	4.5503e-18	-1.2429e-18
2.7557e+14	-4.9224e-18	2.3727e-18
2.7569e+14	-9.8788e-18	7.4255e-18
2.7581e+14	-6.224e-18	9.9309e-18
2.7593e+14	3.0509e-18	7.9529e-18
2.7605e+14	1.0331e-17	3.1469e-18
2.7617e+14	9.6462e-18	-6.1204e-19
2.7628e+14	1.5843e-18	-3.755e-19
2.764e+14	-7.1981e-18	3.5283e-18
2.7652e+14	-9.4602e-18	7.8373e-18
2.7664e+14	-3.3383e-18	9.072e-18
2.7676e+14	6.1255e-18	6.3758e-18
2.7688e+14	1.1141e-17	2.1564e-18
2.77e+14	7.5861e-18	3.6597e-20
2.7711e+14	-1.6056e-18	1.8341e-18
2.7723e+14	-8.8692e-18	6.0685e-18
2.7735e+14	-8.2439e-18	9.2116e-18
2.7747e+14	-2.7872e-19	8.6233e-18
2.7759e+14	8.4303e-18	4.7365e-18
2.7771e+14	1.0684e-17	6.8885e-19
2.7783e+14	4.6133e-18	-2.768e-19
2.7794e+14	-4.7801e-18	2.5155e-18
2.7806e+14	-9.7505e-18	6.6408e-18
2.7818e+14	-6.1893e-18	8.6073e-18
2.783e+14	2.9919e-18	6.7634e-18
2.7842e+14	1.026e-17	2.6655e-18
2.7854e+14	9.6608e-18	-2.2416e-19
2.7866e+14	1.7116e-18	5.739e-19
2.7877e+14	-7.0378e-18	4.477e-18
2.7889e+14	-9.4065e-18	8.2968e-18
2.7901e+14	-3.489e-18	8.86e-18
2.7913e+14	5.7943e-18	5.6298e-18
2.7925e+14	1.0772e-17	1.1631e-18
2.7937e+14	7.3509e-18	-9.7631e-19
2.7949e+14	-1.6146e-18	8.6723e-19
2.796e+14	-8.6913e-18	5.0999e-18
2.7972e+14	-8.0055e-18	8.2086e-18
2.7984e+14	-9.0947e-20	7.6614e-18
2.7996e+14	8.5523e-18	3.983e-18
2.8008e+14	1.0817e-17	2.9813e-19
2.802e+14	4.8455e-18	-2.7206e-19
2.8032e+14	-4.444e-18	2.7952e-18
2.8043e+14	-9.4144e-18	6.9852e-18
2.8055e+14	-6.0009e-18	8.8249e-18
2.8067e+14	2.9482e-18	6.7628e-18
2.8079e+14	1.0032e-17	2.4678e-18
2.8091e+14	9.4025e-18	-5.2922e-19
2.8103e+14	1.5843e-18	2.6349e-19
2.8115e+14	-6.9679e-18	4.2439e-18
2.8126e+14	-9.1967e-18	8.2021e-18
2.8138e+14	-3.2615e-18	8.9495e-18
2.815e+14	5.9486e-18	5.9296e-18
2.8162e+14	1.085e-17	1.6668e-18
2.8174e+14	7.4151e-18	-3.1126e-19
2.8186e+14	-1.5126e-18	1.6348e-18
2.8198e+14	-8.5725e-18	5.9266e-18
2.8209e+14	-7.9581e-18	9.084e-18
2.8221e+14	-1.9998e-19	8.5906e-18
2.8233e+14	8.2812e-18	4.9449e-18
2.8245e+14	1.0477e-17	1.2129e-18
2.8257e+14	4.5702e-18	4.7007e-19
2.8269e+14	-4.5692e-18	3.2555e-18
2.8281e+14	-9.4086e-18	7.1469e-18
2.8292e+14	-5.9662e-18	8.8008e-18
2.8304e+14	2.9072e-18	6.7583e-18
2.8316e+14	9.8839e-18	2.6822e-18
2.8328e+14	9.2055e-18	-1.1895e-20
2.834e+14	1.4328e-18	9.9565e-19
2.8352e+14	-7.0193e-18	4.9605e-18
2.8364e+14	-9.1732e-18	8.6354e-18
2.8375e+14	-3.2444e-18	8.9229e-18
2.8387e+14	5.8872e-18	5.4484e-18
2.8399e+14	1.07e-17	9.2529e-19
2.8411e+14	7.2329e-18	-1.0138e-18
2.8423e+14	-1.6497e-18	1.2347e-18
2.8435e+14	-8.618e-18	5.9221e-18
2.8447e+14	-7.9178e-18	9.3403e-18
2.8458e+14	-1.1395e-19	8.8067e-18
2.847e+14	8.373e-18	4.8213e-18
2.8482e+14	1.0552e-17	6.472e-19
2.8494e+14	4.6154e-18	-3.3363e-19
2.8506e+14	-4.5763e-18	2.6613e-18
2.8518e+14	-9.4976e-18	7.2213e-18
2.853e+14	-6.1466e-18	9.7287e-18
2.8542e+14	2.6762e-18	8.2836e-18
2.8553e+14	9.6931e-18	4.1883e-18
2.8565e+14	9.153e-18	8.1274e-19
2.8577e+14	1.5615e-18	8.128e-19
2.8589e+14	-6.7563e-18	3.9943e-18
2.8601e+14	-8.8904e-18	7.554e-18
2.8613e+14	-3.0557e-18	8.4528e-18
2.8625e+14	5.9338e-18	5.9354e-18
2.8636e+14	1.0639e-17	2.1197e-18
2.8648e+14	7.1382e-18	1.9912e-19
2.866e+14	-1.7319e-18	1.7756e-18
2.8672e+14	-8.7038e-18	5.5412e-18
2.8684e+14	-8.0629e-18	8.3876e-18
2.8696e+14	-3.5276e-19	8.0007e-18
2.8708e+14	8.0748e-18	4.7758e-18
2.8719e+14	1.0291e-17	1.4663e-18
2.8731e+14	4.494e-18	8.695e-19
2.8743e+14	-4.5128e-18	3.4841e-18
2.8755e+14	-9.2828e-18	7.0891e-18
2.8767e+14	-5.8627e-18	8.5932e-18
2.8779e+14	2.951e-18	6.6174e-18
2.8791e+14	9.9128e-18	2.6616e-18
2.8802e+14	9.289e-18	-1.1653e-19
2.8814e+14	1.5707e-18	4.9829e-19
2.8826e+14	-6.9359e-18	3.9496e-18
2.8838e+14	-9.2961e-18	7.3657e-18
2.885e+14	-3.6358e-18	7.9245e-18
2.8862e+14	5.3445e-18	5.1708e-18
2.8874e+14	1.0262e-17	1.3752e-18
2.8885e+14	7.1296e-18	-3.5453e-19
2.8897e+14	-1.382e-18	1.3598e-18
2.8909e+14	-8.1835e-18	5.0473e-18
2.8921e+14	-7.6328e-18	7.6353e-18
2.8933e+14	-1.8857e-19	7.0183e-18
2.8945e+14	7.9838e-18	3.8076e-18
2.8957e+14	1.0117e-17	8.0664e-19
2.8968e+14	4.4331e-18	6.4868e-19
2.898e+14	-4.3872e-18	3.5674e-18
2.8992e+14	-9.0744e-18	7.1661e-18
2.9004e+14	-5.7696e-18	8.3937e-18
2.9016e+14	2.7926e-18	6.0977e-18
2.9028e+14	9.544e-18	2.029e-18
2.904e+14	8.9162e-18	-5.5564e-19
2.9051e+14	1.4331e-18	4.3995e-19
2.9063e+14	-6.7237e-18	4.2124e-18
2.9075e+14	-8.8164e-18	7.694e-18
2.9087e+14	-3.1076e-18	8.0567e-18
2.9099e+14	5.7087e-18	5.0343e-18
2.9111e+14	1.0379e-17	1.1483e-18
2.9123e+14	7.0655e-18	-3.5784e-19
2.9134e+14	-1.4948e-18	1.8138e-18
2.9146e+14	-8.259e-18	5.9389e-18
2.9158e+14	-7.687e-18	8.6741e-18
2.917e+14	-3.0282e-19	7.7954e-18
2.9182e+14	7.7525e-18	4.0236e-18
2.9194e+14	9.8007e-18	4.3956e-19
2.9206e+14	4.1429e-18	-3.2735e-20
2.9217e+14	-4.5384e-18	2.9893e-18
2.9229e+14	-9.0471e-18	7.0484e-18
2.9241e+14	-5.6168e-18	8.8727e-18
2.9253e+14	2.9752e-18	7.0532e-18
2.9265e+14	9.6915e-18	3.1742e-18
2.9277e+14	9.0326e-18	4.7337e-19
2.9289e+14	1.5672e-18	1.1488e-18
2.93e+14	-6.5384e-18	4.5405e-18
2.9312e+14	-8.6022e-18	7.6895e-18
2.9324e+14	-2.9274e-18	7.8098e-18
2.9336e+14	5.8094e-18	4.629e-18
2.9348e+14	1.0423e-17	6.5434e-19
2.936e+14	7.1447e-18	-8.6766e-19
2.9372e+14	-1.2818e-18	1.3758e-18
2.9383e+14	-7.8775e-18	5.6611e-18
2.9395e+14	-7.1982e-18	8.6156e-18
2.9407e+14	1.7134e-19	7.9649e-18
2.9419e+14	8.1066e-18	4.3901e-18
2.9431e+14	1.0009e-17	9.6419e-19
2.9443e+14	4.2644e-18	6.2439e-19
2.9455e+14	-4.4137e-18	3.748e-18
2.9466e+14	-8.8703e-18	7.821e-18
2.9478e+14	-5.4172e-18	9.479e-18
2.949e+14	3.1119e-18	7.2585e-18
2.9502e+14	9.6853e-18	2.8157e-18
2.9514e+14	8.8674e-18	-3.8197e-19
2.9526e+14	1.3059e-18	1.7252e-19
2.9538e+14	-6.7894e-18	4.035e-18
2.9549e+14	-8.754e-18	8.1987e-18
2.9561e+14	-2.9575e-18	9.5184e-18
2.9573e+14	5.847e-18	7.1852e-18
2.9585e+14	1.0429e-17	3.2631e-18
2.9597e+14	7.0266e-18	9.0485e-19
2.9609e+14	-1.5567e-18	1.7615e-18
2.9621e+14	-8.2605e-18	4.7185e-18
2.9632e+14	-7.5735e-18	6.9584e-18
2.9644e+14	-6.3453e-20	6.4092e-18
2.9656e+14	8.0964e-18	3.5065e-18
2.9668e+14	1.021e-17	8.0145e-19
2.968e+14	4.5615e-18	7.6214e-19
2.9692e+14	-4.1823e-18	3.6307e-18
2.9704e+14	-8.8275e-18	7.1519e-18
2.9715e+14	-5.5741e-18	8.422e-18
2.9727e+14	2.8655e-18	6.3263e-18
2.9739e+14	9.5167e-18	2.5269e-18
2.9751e+14	8.8968e-18	1.4986e-19
2.9763e+14	1.5302e-18	1.2283e-18
2.9775e+14	-6.4934e-18	5.0032e-18
2.9787e+14	-8.5445e-18	8.4945e-18
2.9798e+14	-2.9181e-18	8.8945e-18
2.981e+14	5.766e-18	5.8373e-18
2.9822e+14	1.0376e-17	1.691e-18
2.9834e+14	7.1459e-18	-3.6128e-19
2.9846e+14	-1.2292e-18	1.12e-18
2.9858e+14	-7.8215e-18	4.7206e-18
2.987e+14	-7.1875e-18	7.3964e-18
2.9881e+14	1.4599e-19	7.0013e-18
2.9893e+14	8.119e-18	4.0271e-18
2.9905e+14	1.0137e-17	1.134e-18
2.9917e+14	4.5041e-18	8.859e-19
2.9929e+14	-4.1755e-18	3.585e-18
2.9941e+14	-8.7925e-18	7.0103e-18
2.9953e+14	-5.5808e-18	8.2742e-18
2.9964e+14	2.7898e-18	6.2487e-18
2.9976e+14	9.4208e-18	2.5403e-18
2.9988e+14	8.8664e-18	1.8951e-19
3e+14	1.6063e-18	1.1664e-18
