#Error on normalization	O = 0.114 %	H = 2.892 %
#Frequence (s-1)	S_O (s)	S_H (s)
0	-3.0215e-16	6.0524e-16
1.5252e+11	2.2065e-16	6.6084e-16
3.0503e+11	3.5273e-16	6.5403e-16
4.5755e+11	-3.839e-16	5.3327e-16
6.1007e+11	-1.1077e-16	5.5029e-16
7.6258e+11	5.0861e-16	6.5224e-16
9.151e+11	-1.226e-16	6.1922e-16
1.0676e+12	-3.3861e-16	5.8324e-16
1.2201e+12	5.4237e-16	6.4134e-16
1.3726e+12	3.3844e-16	6.233e-16
1.5252e+12	-3.7571e-16	5.8416e-16
1.6777e+12	3.5709e-16	6.7458e-16
1.8302e+12	7.6558e-16	7.2503e-16
1.9827e+12	-9.6206e-17	6.6123e-16
2.1352e+12	2.3439e-16	6.7625e-16
2.2877e+12	1.0763e-15	7.2428e-16
2.4403e+12	1.2543e-16	6.8673e-16
2.5928e+12	-9.512e-17	7.3898e-16
2.7453e+12	1.5859e-15	8.7039e-16
2.8978e+12	1.3327e-15	8.3941e-16
3.0503e+12	3.522e-16	8.1433e-16
3.2028e+12	2.9245e-15	1.0118e-15
3.3554e+12	4.5148e-15	1.1237e-15
3.5079e+12	1.7421e-15	1.0466e-15
3.6604e+12	3.4843e-15	1.166e-15
3.8129e+12	1.2328e-14	1.4337e-15
3.9654e+12	1.7723e-14	1.5537e-15
4.1179e+12	2.1253e-14	1.8687e-15
4.2705e+12	3.2943e-14	2.5314e-15
4.423e+12	3.9023e-14	2.6972e-15
4.5755e+12	2.0888e-14	1.9487e-15
4.728e+12	-1.8849e-15	1.1991e-15
4.8805e+12	-7.3834e-16	1.1599e-15
5.033e+12	1.0574e-14	1.3751e-15
5.1856e+12	6.8809e-15	1.355e-15
5.3381e+12	3.6422e-16	1.325e-15
5.4906e+12	9.8404e-15	1.5467e-15
5.6431e+12	2.1489e-14	1.8372e-15
5.7956e+12	1.8733e-14	1.9296e-15
5.9481e+12	1.0687e-14	1.8522e-15
6.1007e+12	8.1239e-15	1.8118e-15
6.2532e+12	8.3697e-15	1.8551e-15
6.4057e+12	1.0305e-14	1.8668e-15
6.5582e+12	1.4098e-14	1.8293e-15
6.7107e+12	1.3525e-14	1.7892e-15
6.8632e+12	8.4474e-15	1.7523e-15
7.0158e+12	7.7571e-15	1.827e-15
7.1683e+12	1.1337e-14	2.0543e-15
7.3208e+12	1.0825e-14	2.1528e-15
7.4733e+12	7.6262e-15	2.0595e-15
7.6258e+12	9.4842e-15	2.2274e-15
7.7783e+12	1.5114e-14	2.6839e-15
7.9309e+12	1.7462e-14	2.7997e-15
8.0834e+12	1.6102e-14	2.5936e-15
8.2359e+12	1.8439e-14	2.8359e-15
8.3884e+12	2.8942e-14	3.4933e-15
8.5409e+12	3.8333e-14	3.7072e-15
8.6934e+12	3.4011e-14	3.4085e-15
8.846e+12	2.4088e-14	3.3519e-15
8.9985e+12	2.7327e-14	3.648e-15
9.151e+12	3.7955e-14	3.6903e-15
9.3035e+12	3.7971e-14	3.4785e-15
9.456e+12	3.7766e-14	3.7868e-15
9.6085e+12	5.5427e-14	4.785e-15
9.7611e+12	7.4749e-14	5.5997e-15
9.9136e+12	7.7543e-14	5.8063e-15
1.0066e+13	8.1058e-14	6.0173e-15
1.0219e+13	9.2902e-14	6.1895e-15
1.0371e+13	8.6698e-14	5.4106e-15
1.0524e+13	6.4222e-14	4.3255e-15
1.0676e+13	6.4843e-14	4.7707e-15
1.0829e+13	8.6191e-14	6.1668e-15
1.0981e+13	8.486e-14	6.1289e-15
1.1134e+13	6.2776e-14	4.8816e-15
1.1286e+13	5.7799e-14	4.5882e-15
1.1439e+13	6.3156e-14	5.0073e-15
1.1591e+13	4.839e-14	4.4726e-15
1.1744e+13	2.742e-14	3.5219e-15
1.1896e+13	2.6646e-14	3.4326e-15
1.2049e+13	3.1954e-14	3.6315e-15
1.2201e+13	2.5349e-14	3.455e-15
1.2354e+13	1.9807e-14	3.476e-15
1.2506e+13	2.3964e-14	3.7665e-15
1.2659e+13	2.6495e-14	3.8681e-15
1.2811e+13	2.5876e-14	4.1638e-15
1.2964e+13	2.9388e-14	4.7602e-15
1.3116e+13	3.1764e-14	4.7042e-15
1.3269e+13	2.7736e-14	3.9595e-15
1.3421e+13	2.4774e-14	3.6992e-15
1.3574e+13	2.6744e-14	4.0757e-15
1.3726e+13	2.917e-14	4.2954e-15
1.3879e+13	3.1837e-14	4.4325e-15
1.4032e+13	3.6117e-14	4.9231e-15
1.4184e+13	3.8894e-14	5.3647e-15
1.4337e+13	3.8826e-14	5.3242e-15
1.4489e+13	3.7046e-14	5.0876e-15
1.4642e+13	3.4939e-14	4.9763e-15
1.4794e+13	3.7275e-14	4.9535e-15
1.4947e+13	4.3181e-14	4.9197e-15
1.5099e+13	4.1067e-14	4.8785e-15
1.5252e+13	3.2342e-14	4.9805e-15
1.5404e+13	3.5068e-14	5.2593e-15
1.5557e+13	4.6033e-14	5.3402e-15
1.5709e+13	4.2674e-14	5.092e-15
1.5862e+13	3.1168e-14	5.0775e-15
1.6014e+13	3.5516e-14	5.4731e-15
1.6167e+13	4.6452e-14	5.6297e-15
1.6319e+13	4.3313e-14	5.4311e-15
1.6472e+13	3.9506e-14	5.4836e-15
1.6624e+13	4.9208e-14	5.7132e-15
1.6777e+13	5.4276e-14	5.6303e-15
1.6929e+13	4.6034e-14	5.5863e-15
1.7082e+13	4.2486e-14	5.9881e-15
1.7234e+13	4.5583e-14	6.2942e-15
1.7387e+13	4.2546e-14	6.1652e-15
1.7539e+13	4.1627e-14	6.1308e-15
1.7692e+13	5.0973e-14	6.3425e-15
1.7844e+13	5.2791e-14	6.308e-15
1.7997e+13	3.9511e-14	5.9918e-15
1.8149e+13	3.0552e-14	5.7493e-15
1.8302e+13	3.3318e-14	5.6474e-15
1.8454e+13	3.5656e-14	5.7838e-15
1.8607e+13	3.4412e-14	6.2958e-15
1.876e+13	3.2213e-14	6.7189e-15
1.8912e+13	2.7354e-14	6.6125e-15
1.9065e+13	2.7075e-14	6.5412e-15
1.9217e+13	3.7483e-14	7.0633e-15
1.937e+13	4.3727e-14	7.5568e-15
1.9522e+13	3.6133e-14	7.3979e-15
1.9675e+13	3.0931e-14	7.1411e-15
1.9827e+13	3.6645e-14	7.3101e-15
1.998e+13	3.9819e-14	7.3726e-15
2.0132e+13	3.7318e-14	6.9894e-15
2.0285e+13	3.8619e-14	6.8779e-15
2.0437e+13	4.135e-14	7.4783e-15
2.059e+13	4.1556e-14	8.0796e-15
2.0742e+13	4.5385e-14	8.0796e-15
2.0895e+13	4.9162e-14	7.9061e-15
2.1047e+13	4.2441e-14	8.0356e-15
2.12e+13	3.3623e-14	8.2504e-15
2.1352e+13	3.6269e-14	8.3593e-15
2.1505e+13	4.4367e-14	8.5387e-15
2.1657e+13	4.8482e-14	8.7009e-15
2.181e+13	5.031e-14	8.6536e-15
2.1962e+13	5.0212e-14	8.7826e-15
2.2115e+13	4.9092e-14	9.3881e-15
2.2267e+13	5.4084e-14	9.9057e-15
2.242e+13	6.081e-14	1.0016e-14
2.2572e+13	5.674e-14	1.0401e-14
2.2725e+13	4.9592e-14	1.1197e-14
2.2877e+13	5.4135e-14	1.1388e-14
2.303e+13	6.0984e-14	1.0778e-14
2.3183e+13	5.8457e-14	1.0454e-14
2.3335e+13	5.8043e-14	1.0796e-14
2.3488e+13	6.5538e-14	1.1271e-14
2.364e+13	6.6264e-14	1.1816e-14
2.3793e+13	5.742e-14	1.2267e-14
2.3945e+13	5.1892e-14	1.1998e-14
2.4098e+13	4.9293e-14	1.1747e-14
2.425e+13	4.2987e-14	1.2857e-14
2.4403e+13	4.0654e-14	1.4067e-14
2.4555e+13	4.7386e-14	1.3285e-14
2.4708e+13	5.2585e-14	1.1932e-14
2.486e+13	5.0422e-14	1.2469e-14
2.5013e+13	4.7023e-14	1.3757e-14
2.5165e+13	4.443e-14	1.401e-14
2.5318e+13	3.9944e-14	1.4605e-14
2.547e+13	3.5208e-14	1.6335e-14
2.5623e+13	3.2296e-14	1.7015e-14
2.5775e+13	3.0336e-14	1.6124e-14
2.5928e+13	2.9041e-14	1.599e-14
2.608e+13	2.7686e-14	1.687e-14
2.6233e+13	2.5451e-14	1.6882e-14
2.6385e+13	2.456e-14	1.6484e-14
2.6538e+13	2.4784e-14	1.7552e-14
2.669e+13	2.1238e-14	1.956e-14
2.6843e+13	1.5129e-14	2.0665e-14
2.6995e+13	1.3641e-14	2.0498e-14
2.7148e+13	1.611e-14	1.9906e-14
2.73e+13	1.6191e-14	1.9763e-14
2.7453e+13	1.4567e-14	2.0137e-14
2.7605e+13	1.4879e-14	1.9985e-14
2.7758e+13	1.5271e-14	1.9004e-14
2.7911e+13	1.3861e-14	1.8748e-14
2.8063e+13	1.2504e-14	1.9888e-14
2.8216e+13	1.1948e-14	2.093e-14
2.8368e+13	1.1677e-14	2.1235e-14
2.8521e+13	1.1781e-14	2.1708e-14
2.8673e+13	1.1202e-14	2.245e-14
2.8826e+13	9.9034e-15	2.3472e-14
2.8978e+13	1.0249e-14	2.5411e-14
2.9131e+13	1.12e-14	2.6742e-14
2.9283e+13	9.4522e-15	2.5205e-14
2.9436e+13	7.4179e-15	2.3207e-14
2.9588e+13	8.6117e-15	2.4836e-14
2.9741e+13	9.6502e-15	2.825e-14
2.9893e+13	7.8982e-15	2.8871e-14
3.0046e+13	7.2031e-15	2.7462e-14
3.0198e+13	8.7366e-15	2.7567e-14
3.0351e+13	8.8885e-15	2.8764e-14
3.0503e+13	7.6642e-15	2.8189e-14
3.0656e+13	7.1267e-15	2.5384e-14
3.0808e+13	6.311e-15	2.2957e-14
3.0961e+13	5.6781e-15	2.4026e-14
3.1113e+13	7.2561e-15	2.7928e-14
3.1266e+13	8.5246e-15	2.9598e-14
3.1418e+13	6.9184e-15	2.7372e-14
3.1571e+13	5.7562e-15	2.657e-14
3.1723e+13	6.9265e-15	2.9363e-14
3.1876e+13	7.2151e-15	3.0268e-14
3.2028e+13	6.1602e-15	2.7974e-14
3.2181e+13	6.2248e-15	2.8509e-14
3.2334e+13	6.454e-15	3.1808e-14
3.2486e+13	5.6834e-15	3.1194e-14
3.2639e+13	5.9e-15	2.7951e-14
3.2791e+13	6.8801e-15	2.8888e-14
3.2944e+13	6.263e-15	3.1715e-14
3.3096e+13	5.2237e-15	3.005e-14
3.3249e+13	5.5954e-15	2.6586e-14
3.3401e+13	5.7568e-15	2.637e-14
3.3554e+13	5.0137e-15	2.6976e-14
3.3706e+13	5.0108e-15	2.6276e-14
3.3859e+13	5.3656e-15	2.7376e-14
3.4011e+13	4.9298e-15	2.9652e-14
3.4164e+13	4.7241e-15	2.8509e-14
3.4316e+13	4.9966e-15	2.5456e-14
3.4469e+13	4.6275e-15	2.5557e-14
3.4621e+13	4.3627e-15	2.7523e-14
3.4774e+13	5.0522e-15	2.7087e-14
3.4926e+13	5.3915e-15	2.5091e-14
3.5079e+13	5.0744e-15	2.4586e-14
3.5231e+13	5.1399e-15	2.5371e-14
3.5384e+13	4.8597e-15	2.5559e-14
3.5536e+13	3.7507e-15	2.4646e-14
3.5689e+13	3.6264e-15	2.3953e-14
3.5841e+13	4.6941e-15	2.4845e-14
3.5994e+13	4.8831e-15	2.5855e-14
3.6146e+13	4.2014e-15	2.4548e-14
3.6299e+13	4.0805e-15	2.2717e-14
3.6451e+13	4.1579e-15	2.3114e-14
3.6604e+13	3.9596e-15	2.2984e-14
3.6756e+13	4.0884e-15	2.0172e-14
3.6909e+13	4.2105e-15	1.9637e-14
3.7062e+13	3.8659e-15	2.3344e-14
3.7214e+13	3.8382e-15	2.4388e-14
3.7367e+13	3.9951e-15	2.0658e-14
3.7519e+13	3.3609e-15	1.9404e-14
3.7672e+13	2.7535e-15	2.2074e-14
3.7824e+13	3.1519e-15	2.2362e-14
3.7977e+13	3.4459e-15	2.0559e-14
3.8129e+13	2.9984e-15	2.1536e-14
3.8282e+13	2.798e-15	2.2766e-14
3.8434e+13	2.9618e-15	2.0576e-14
3.8587e+13	2.9548e-15	1.9009e-14
3.8739e+13	3.0954e-15	2.0668e-14
3.8892e+13	3.2413e-15	2.1395e-14
3.9044e+13	2.8218e-15	1.9934e-14
3.9197e+13	2.5648e-15	1.9448e-14
3.9349e+13	2.9713e-15	1.9637e-14
3.9502e+13	2.9885e-15	1.8904e-14
3.9654e+13	2.4533e-15	1.9121e-14
3.9807e+13	2.4209e-15	2.075e-14
3.9959e+13	2.6905e-15	2.1281e-14
4.0112e+13	2.5832e-15	2.0706e-14
4.0264e+13	2.5415e-15	2.0431e-14
4.0417e+13	2.651e-15	1.9761e-14
4.0569e+13	2.5187e-15	1.9152e-14
4.0722e+13	2.6768e-15	2.021e-14
4.0874e+13	3.113e-15	2.1077e-14
4.1027e+13	2.7539e-15	1.9877e-14
4.1179e+13	2.1314e-15	1.9239e-14
4.1332e+13	2.5388e-15	2.0532e-14
4.1484e+13	3.0015e-15	2.1149e-14
4.1637e+13	2.4588e-15	2.088e-14
4.179e+13	2.1559e-15	2.1389e-14
4.1942e+13	2.5859e-15	2.0891e-14
4.2095e+13	2.4951e-15	1.876e-14
4.2247e+13	2.0624e-15	1.8879e-14
4.24e+13	2.2838e-15	2.1469e-14
4.2552e+13	2.519e-15	2.1844e-14
4.2705e+13	2.3213e-15	2.0333e-14
4.2857e+13	2.4495e-15	2.1187e-14
4.301e+13	2.5817e-15	2.2758e-14
4.3162e+13	2.0285e-15	2.0832e-14
4.3315e+13	1.6886e-15	1.7672e-14
4.3467e+13	1.9863e-15	1.7914e-14
4.362e+13	1.9494e-15	2.0787e-14
4.3772e+13	1.782e-15	2.2763e-14
4.3925e+13	2.2798e-15	2.2885e-14
4.4077e+13	2.5516e-15	2.2282e-14
4.423e+13	2.0063e-15	2.1736e-14
4.4382e+13	1.796e-15	2.1154e-14
4.4535e+13	2.1732e-15	2.0786e-14
4.4687e+13	2.211e-15	2.1775e-14
4.484e+13	2.1177e-15	2.3647e-14
4.4992e+13	2.3104e-15	2.3507e-14
4.5145e+13	2.1632e-15	2.0976e-14
4.5297e+13	1.7953e-15	1.9805e-14
4.545e+13	2.0082e-15	2.1525e-14
4.5602e+13	2.2961e-15	2.3276e-14
4.5755e+13	1.9965e-15	2.3272e-14
4.5907e+13	1.7563e-15	2.211e-14
4.606e+13	1.8502e-15	2.0227e-14
4.6213e+13	1.7461e-15	1.9245e-14
4.6365e+13	1.6609e-15	2.1083e-14
4.6518e+13	1.8744e-15	2.315e-14
4.667e+13	1.8446e-15	2.188e-14
4.6823e+13	1.6486e-15	1.9965e-14
4.6975e+13	1.8962e-15	2.1217e-14
4.7128e+13	2.1312e-15	2.2851e-14
4.728e+13	1.8498e-15	2.1499e-14
4.7433e+13	1.6701e-15	1.9647e-14
4.7585e+13	1.7706e-15	1.9531e-14
4.7738e+13	1.5724e-15	1.9173e-14
4.789e+13	1.3302e-15	1.8024e-14
4.8043e+13	1.5233e-15	1.8142e-14
4.8195e+13	1.6734e-15	1.9114e-14
4.8348e+13	1.5362e-15	1.8714e-14
4.85e+13	1.5598e-15	1.7207e-14
4.8653e+13	1.6397e-15	1.6533e-14
4.8805e+13	1.4885e-15	1.7387e-14
4.8958e+13	1.5039e-15	1.8881e-14
4.911e+13	1.7585e-15	1.928e-14
4.9263e+13	1.6955e-15	1.7734e-14
4.9415e+13	1.3667e-15	1.6023e-14
4.9568e+13	1.271e-15	1.6338e-14
4.972e+13	1.3679e-15	1.7755e-14
4.9873e+13	1.4313e-15	1.7834e-14
5.0025e+13	1.4516e-15	1.6583e-14
5.0178e+13	1.3828e-15	1.6079e-14
5.033e+13	1.3231e-15	1.7123e-14
5.0483e+13	1.4208e-15	1.8268e-14
5.0635e+13	1.4253e-15	1.7965e-14
5.0788e+13	1.2486e-15	1.6606e-14
5.0941e+13	1.2583e-15	1.5794e-14
5.1093e+13	1.3363e-15	1.603e-14
5.1246e+13	1.1024e-15	1.6316e-14
5.1398e+13	9.7286e-16	1.5828e-14
5.1551e+13	1.276e-15	1.491e-14
5.1703e+13	1.4027e-15	1.4656e-14
5.1856e+13	1.1655e-15	1.5577e-14
5.2008e+13	1.1415e-15	1.6296e-14
5.2161e+13	1.2645e-15	1.5134e-14
5.2313e+13	1.1633e-15	1.3294e-14
5.2466e+13	1.1529e-15	1.3187e-14
5.2618e+13	1.2753e-15	1.3864e-14
5.2771e+13	1.0507e-15	1.2789e-14
5.2923e+13	7.7369e-16	1.0931e-14
5.3076e+13	9.7237e-16	1.0863e-14
5.3228e+13	1.2048e-15	1.2024e-14
5.3381e+13	1.1259e-15	1.247e-14
5.3533e+13	1.1313e-15	1.222e-14
5.3686e+13	1.1729e-15	1.1785e-14
5.3838e+13	9.7034e-16	1.1e-14
5.3991e+13	9.392e-16	1.0489e-14
5.4143e+13	1.1929e-15	1.0906e-14
5.4296e+13	1.1432e-15	1.1304e-14
5.4448e+13	8.7854e-16	1.0758e-14
5.4601e+13	9.1444e-16	9.9484e-15
5.4753e+13	9.7519e-16	9.7796e-15
5.4906e+13	8.1466e-16	1.0213e-14
5.5058e+13	8.3023e-16	1.0645e-14
5.5211e+13	9.5312e-16	1.0488e-14
5.5363e+13	8.1715e-16	9.8981e-15
5.5516e+13	7.412e-16	9.5796e-15
5.5669e+13	8.9718e-16	9.4195e-15
5.5821e+13	8.6054e-16	8.9968e-15
5.5974e+13	7.6423e-16	9.0664e-15
5.6126e+13	9.8264e-16	9.9595e-15
5.6279e+13	1.0705e-15	1.0131e-14
5.6431e+13	7.8784e-16	8.9421e-15
5.6584e+13	7.2212e-16	8.0831e-15
5.6736e+13	9.0353e-16	8.4081e-15
5.6889e+13	8.2398e-16	8.809e-15
5.7041e+13	7.0536e-16	8.6827e-15
5.7194e+13	8.4903e-16	8.3011e-15
5.7346e+13	8.7549e-16	7.7677e-15
5.7499e+13	7.5137e-16	7.5658e-15
5.7651e+13	8.4404e-16	7.9638e-15
5.7804e+13	9.1261e-16	7.8924e-15
5.7956e+13	7.1545e-16	7.0489e-15
5.8109e+13	6.5112e-16	6.9685e-15
5.8261e+13	7.8233e-16	7.7651e-15
5.8414e+13	7.5531e-16	7.6448e-15
5.8566e+13	7.0952e-16	6.7562e-15
5.8719e+13	8.0584e-16	6.868e-15
5.8871e+13	7.6493e-16	7.6131e-15
5.9024e+13	6.7371e-16	7.4815e-15
5.9176e+13	8.092e-16	6.83e-15
5.9329e+13	8.4838e-16	6.6437e-15
5.9481e+13	6.3386e-16	6.7349e-15
5.9634e+13	6.186e-16	6.7347e-15
5.9786e+13	7.8126e-16	6.5967e-15
5.9939e+13	7.0814e-16	6.2885e-15
6.0092e+13	6.0917e-16	6.296e-15
6.0244e+13	7.3442e-16	6.9218e-15
6.0397e+13	7.6197e-16	7.1634e-15
6.0549e+13	6.4201e-16	6.4052e-15
6.0702e+13	6.4559e-16	5.8264e-15
6.0854e+13	6.4231e-16	6.2662e-15
6.1007e+13	5.7169e-16	6.9033e-15
6.1159e+13	6.8545e-16	6.9775e-15
6.1312e+13	7.735e-16	6.5533e-15
6.1464e+13	5.6827e-16	5.8774e-15
6.1617e+13	4.9598e-16	5.5415e-15
6.1769e+13	7.2203e-16	5.9319e-15
6.1922e+13	7.5098e-16	6.2451e-15
6.2074e+13	6.1726e-16	5.9271e-15
6.2227e+13	7.1509e-16	5.8424e-15
6.2379e+13	7.6277e-16	6.2272e-15
6.2532e+13	5.5523e-16	6.0157e-15
6.2684e+13	5.4099e-16	5.3331e-15
6.2837e+13	7.2693e-16	5.4561e-15
6.2989e+13	6.9261e-16	6.186e-15
6.3142e+13	6.1514e-16	6.4006e-15
6.3294e+13	7.0599e-16	6.2125e-15
6.3447e+13	6.4916e-16	6.1137e-15
6.3599e+13	5.0832e-16	5.8565e-15
6.3752e+13	6.3498e-16	5.6211e-15
6.3904e+13	7.478e-16	5.9842e-15
6.4057e+13	6.0811e-16	6.4126e-15
6.4209e+13	5.9328e-16	6.0533e-15
6.4362e+13	7.0448e-16	5.3939e-15
6.4514e+13	5.8227e-16	5.2442e-15
6.4667e+13	4.6868e-16	5.3072e-15
6.482e+13	6.0395e-16	5.1538e-15
6.4972e+13	6.2268e-16	5.1509e-15
6.5125e+13	5.0291e-16	5.4735e-15
6.5277e+13	5.913e-16	5.5727e-15
6.543e+13	6.6544e-16	5.2355e-15
6.5582e+13	5.1062e-16	4.998e-15
6.5735e+13	5.1909e-16	5.1092e-15
6.5887e+13	7.0594e-16	5.1494e-15
6.604e+13	6.3424e-16	4.9853e-15
6.6192e+13	4.6938e-16	5.0359e-15
6.6345e+13	5.5079e-16	5.3368e-15
6.6497e+13	6.249e-16	5.449e-15
6.665e+13	5.6632e-16	5.3687e-15
6.6802e+13	6.0591e-16	5.3911e-15
6.6955e+13	6.1978e-16	5.3494e-15
6.7107e+13	4.8572e-16	5.0876e-15
6.726e+13	5.066e-16	4.9945e-15
6.7412e+13	6.5442e-16	5.1686e-15
6.7565e+13	5.9602e-16	5.1241e-15
6.7717e+13	5.1122e-16	4.8374e-15
6.787e+13	6.1626e-16	4.7824e-15
6.8022e+13	6.2067e-16	4.9121e-15
6.8175e+13	4.8666e-16	4.8897e-15
6.8327e+13	4.9986e-16	4.8462e-15
6.848e+13	5.2837e-16	4.8919e-15
6.8632e+13	4.3756e-16	4.7517e-15
6.8785e+13	4.971e-16	4.4685e-15
6.8937e+13	6.2965e-16	4.4199e-15
6.909e+13	5.1524e-16	4.5575e-15
6.9243e+13	4.0657e-16	4.6224e-15
6.9395e+13	5.41e-16	4.7129e-15
6.9548e+13	5.7068e-16	4.8391e-15
6.97e+13	4.3727e-16	4.6656e-15
6.9853e+13	4.8146e-16	4.2765e-15
7.0005e+13	5.6974e-16	4.284e-15
7.0158e+13	4.73e-16	4.7512e-15
7.031e+13	4.5416e-16	4.9432e-15
7.0463e+13	5.6619e-16	4.5522e-15
7.0615e+13	5.3102e-16	4.273e-15
7.0768e+13	4.7925e-16	4.6126e-15
7.092e+13	5.8574e-16	4.9639e-15
7.1073e+13	5.7798e-16	4.6665e-15
7.1225e+13	4.3552e-16	4.2233e-15
7.1378e+13	4.6685e-16	4.4378e-15
7.153e+13	5.5003e-16	5.027e-15
7.1683e+13	4.7106e-16	5.1723e-15
7.1835e+13	4.5066e-16	4.8404e-15
7.1988e+13	5.4127e-16	4.6011e-15
7.214e+13	5.1216e-16	4.6395e-15
7.2293e+13	4.6298e-16	4.6727e-15
7.2445e+13	5.2572e-16	4.5536e-15
7.2598e+13	5.0852e-16	4.5103e-15
7.275e+13	4.4765e-16	4.7468e-15
7.2903e+13	5.3789e-16	5.0098e-15
7.3055e+13	5.7926e-16	4.9415e-15
7.3208e+13	4.6438e-16	4.7184e-15
7.336e+13	4.7708e-16	4.6668e-15
7.3513e+13	5.6883e-16	4.5783e-15
7.3665e+13	4.8335e-16	4.2704e-15
7.3818e+13	4.4041e-16	4.1421e-15
7.3971e+13	5.7401e-16	4.3299e-15
7.4123e+13	5.4475e-16	4.3854e-15
7.4276e+13	3.8235e-16	4.3215e-15
7.4428e+13	4.3613e-16	4.529e-15
7.4581e+13	5.3e-16	4.6737e-15
7.4733e+13	4.344e-16	4.359e-15
7.4886e+13	4.2546e-16	4.214e-15
7.5038e+13	5.4597e-16	4.6555e-15
7.5191e+13	5.0443e-16	4.9061e-15
7.5343e+13	4.2906e-16	4.6564e-15
7.5496e+13	5.1702e-16	4.7886e-15
7.5648e+13	5.2898e-16	5.437e-15
7.5801e+13	4.2357e-16	5.5605e-15
7.5953e+13	4.4643e-16	4.9612e-15
7.6106e+13	4.811e-16	4.5314e-15
7.6258e+13	3.9235e-16	4.5665e-15
7.6411e+13	4.244e-16	4.7194e-15
7.6563e+13	5.5625e-16	4.9534e-15
7.6716e+13	4.967e-16	5.1335e-15
7.6868e+13	3.8857e-16	4.8432e-15
7.7021e+13	4.5202e-16	4.4031e-15
7.7173e+13	4.9454e-16	4.5534e-15
7.7326e+13	4.5827e-16	5.0115e-15
7.7478e+13	5.0336e-16	5.0293e-15
7.7631e+13	5.0353e-16	4.8572e-15
7.7783e+13	3.9468e-16	5.03e-15
7.7936e+13	4.2972e-16	5.2316e-15
7.8088e+13	5.5263e-16	5.1339e-15
7.8241e+13	4.97e-16	4.9978e-15
7.8393e+13	4.1581e-16	4.8685e-15
7.8546e+13	4.687e-16	4.6754e-15
7.8699e+13	4.7094e-16	4.8134e-15
7.8851e+13	4.5369e-16	5.25e-15
7.9004e+13	5.5833e-16	5.2726e-15
7.9156e+13	5.5409e-16	4.9745e-15
7.9309e+13	3.8957e-16	5.0011e-15
7.9461e+13	3.9329e-16	4.9153e-15
7.9614e+13	4.867e-16	4.3113e-15
7.9766e+13	3.9272e-16	4.2555e-15
7.9919e+13	3.4749e-16	5.0753e-15
8.0071e+13	4.8322e-16	5.2758e-15
8.0224e+13	4.6035e-16	4.6444e-15
8.0376e+13	3.2913e-16	4.738e-15
8.0529e+13	4.1771e-16	5.3497e-15
8.0681e+13	5.0777e-16	4.939e-15
8.0834e+13	3.9319e-16	4.1759e-15
8.0986e+13	3.8139e-16	4.5235e-15
8.1139e+13	4.7987e-16	5.1026e-15
8.1291e+13	4.0075e-16	4.8671e-15
8.1444e+13	3.4728e-16	4.865e-15
8.1596e+13	4.9798e-16	5.5739e-15
8.1749e+13	5.1511e-16	5.7351e-15
8.1901e+13	3.8949e-16	5.2003e-15
8.2054e+13	4.6819e-16	5.1716e-15
8.2206e+13	5.7718e-16	5.6171e-15
8.2359e+13	4.6438e-16	5.6333e-15
8.2511e+13	4.1504e-16	5.3821e-15
8.2664e+13	5.0841e-16	5.4681e-15
8.2816e+13	4.6083e-16	5.7414e-15
8.2969e+13	3.8939e-16	5.8e-15
8.3122e+13	4.7983e-16	5.5933e-15
8.3274e+13	4.8339e-16	5.3513e-15
8.3427e+13	3.8822e-16	5.3253e-15
8.3579e+13	4.8086e-16	5.4136e-15
8.3732e+13	6.0139e-16	5.4599e-15
8.3884e+13	5.2701e-16	5.7897e-15
8.4037e+13	4.9269e-16	6.293e-15
8.4189e+13	5.3038e-16	5.9215e-15
8.4342e+13	4.0476e-16	4.6516e-15
8.4494e+13	3.1076e-16	4.0599e-15
8.4647e+13	4.3901e-16	4.5646e-15
8.4799e+13	4.7952e-16	4.7767e-15
8.4952e+13	3.7194e-16	4.3306e-15
8.5104e+13	4.1069e-16	4.2966e-15
8.5257e+13	4.8069e-16	4.8194e-15
8.5409e+13	4.0121e-16	5.1145e-15
8.5562e+13	4.1194e-16	5.0974e-15
8.5714e+13	5.0235e-16	5.1589e-15
8.5867e+13	3.9828e-16	5.3726e-15
8.6019e+13	3.0877e-16	5.613e-15
8.6172e+13	4.4444e-16	5.6259e-15
8.6324e+13	4.8013e-16	5.3538e-15
8.6477e+13	3.6819e-16	5.2665e-15
8.6629e+13	4.3718e-16	5.4024e-15
8.6782e+13	5.2063e-16	5.1101e-15
8.6934e+13	3.7577e-16	4.6417e-15
8.7087e+13	3.3476e-16	4.8969e-15
8.7239e+13	4.9411e-16	5.4075e-15
8.7392e+13	4.9116e-16	5.3277e-15
8.7544e+13	4.2627e-16	5.3651e-15
8.7697e+13	5.6754e-16	5.9879e-15
8.785e+13	6.139e-16	6.1016e-15
8.8002e+13	4.3218e-16	5.5168e-15
8.8155e+13	4.0995e-16	5.3646e-15
8.8307e+13	5.228e-16	5.44e-15
8.846e+13	4.3342e-16	4.9242e-15
8.8612e+13	3.1598e-16	4.7452e-15
8.8765e+13	3.8544e-16	5.6748e-15
8.8917e+13	4.1591e-16	6.3943e-15
8.907e+13	3.6689e-16	6.0214e-15
8.9222e+13	4.1982e-16	5.5171e-15
8.9375e+13	4.5186e-16	5.4231e-15
8.9527e+13	3.7831e-16	5.2641e-15
8.968e+13	3.8136e-16	5.0048e-15
8.9832e+13	4.0569e-16	4.8206e-15
8.9985e+13	3.1877e-16	4.6212e-15
9.0137e+13	3.1771e-16	4.7391e-15
9.029e+13	4.2985e-16	5.371e-15
9.0442e+13	3.9322e-16	5.7342e-15
9.0595e+13	3.033e-16	5.3691e-15
9.0747e+13	3.7713e-16	4.9247e-15
9.09e+13	4.1369e-16	4.7954e-15
9.1052e+13	3.219e-16	4.7423e-15
9.1205e+13	3.497e-16	4.7525e-15
9.1357e+13	4.3802e-16	4.7556e-15
9.151e+13	3.7301e-16	4.4562e-15
9.1662e+13	3.2381e-16	4.1689e-15
9.1815e+13	3.9006e-16	4.3533e-15
9.1967e+13	3.6838e-16	4.6378e-15
9.212e+13	3.1444e-16	4.7311e-15
9.2272e+13	3.8757e-16	5.0244e-15
9.2425e+13	4.0363e-16	5.3662e-15
9.2578e+13	3.1308e-16	5.0964e-15
9.273e+13	3.4941e-16	4.4698e-15
9.2883e+13	4.1508e-16	4.2147e-15
9.3035e+13	3.1408e-16	4.3219e-15
9.3188e+13	2.8076e-16	4.536e-15
9.334e+13	4.2312e-16	4.8016e-15
9.3493e+13	4.4535e-16	4.8315e-15
9.3645e+13	3.3992e-16	4.6141e-15
9.3798e+13	3.4755e-16	4.7075e-15
9.395e+13	3.77e-16	4.9776e-15
9.4103e+13	3.2022e-16	4.656e-15
9.4255e+13	3.2885e-16	4.095e-15
9.4408e+13	3.6654e-16	4.2239e-15
9.456e+13	2.9913e-16	4.5349e-15
9.4713e+13	2.7671e-16	4.0497e-15
9.4865e+13	3.511e-16	3.364e-15
9.5018e+13	3.3143e-16	3.4796e-15
9.517e+13	2.8082e-16	3.9387e-15
9.5323e+13	3.4608e-16	3.9024e-15
9.5475e+13	3.5925e-16	3.6222e-15
9.5628e+13	2.7429e-16	3.6407e-15
9.578e+13	3.0357e-16	3.8609e-15
9.5933e+13	3.7248e-16	4.0489e-15
9.6085e+13	3.0546e-16	4.1993e-15
9.6238e+13	2.7706e-16	4.2149e-15
9.639e+13	3.6378e-16	3.9965e-15
9.6543e+13	3.484e-16	3.7635e-15
9.6695e+13	2.6871e-16	3.7448e-15
9.6848e+13	3.0148e-16	3.7802e-15
9.7001e+13	3.2004e-16	3.6127e-15
9.7153e+13	2.6055e-16	3.3134e-15
9.7306e+13	2.8886e-16	3.1475e-15
9.7458e+13	3.3477e-16	3.248e-15
9.7611e+13	2.605e-16	3.5192e-15
9.7763e+13	2.3964e-16	3.6616e-15
9.7916e+13	3.2508e-16	3.4373e-15
9.8068e+13	3.0767e-16	3.0948e-15
9.8221e+13	2.3745e-16	3.1029e-15
9.8373e+13	2.7129e-16	3.3513e-15
9.8526e+13	2.7634e-16	3.3231e-15
9.8678e+13	2.1977e-16	3.0301e-15
9.8831e+13	2.7154e-16	2.8801e-15
9.8983e+13	3.2342e-16	2.8935e-15
9.9136e+13	2.3555e-16	2.9462e-15
9.9288e+13	2.2019e-16	3.1413e-15
9.9441e+13	3.1976e-16	3.2477e-15
9.9593e+13	2.812e-16	2.8515e-15
9.9746e+13	1.8679e-16	2.4147e-15
9.9898e+13	2.585e-16	2.7092e-15
1.0005e+14	3.1855e-16	3.2758e-15
1.002e+14	2.435e-16	3.1515e-15
1.0036e+14	2.4231e-16	2.6266e-15
1.0051e+14	3.0071e-16	2.5407e-15
1.0066e+14	2.4096e-16	2.6945e-15
1.0081e+14	1.9368e-16	2.5417e-15
1.0097e+14	2.5466e-16	2.382e-15
1.0112e+14	2.5176e-16	2.5891e-15
1.0127e+14	2.1167e-16	2.7926e-15
1.0142e+14	2.7712e-16	2.7061e-15
1.0158e+14	3.0321e-16	2.65e-15
1.0173e+14	2.1576e-16	2.7338e-15
1.0188e+14	2.0876e-16	2.5832e-15
1.0203e+14	2.6282e-16	2.1805e-15
1.0219e+14	2.1964e-16	2.0221e-15
1.0234e+14	1.9505e-16	2.2432e-15
1.0249e+14	2.6492e-16	2.3879e-15
1.0264e+14	2.6349e-16	2.1947e-15
1.028e+14	2.039e-16	1.9431e-15
1.0295e+14	2.1985e-16	1.9131e-15
1.031e+14	2.2395e-16	2.0271e-15
1.0325e+14	1.7896e-16	2.0841e-15
1.0341e+14	2.0853e-16	1.9953e-15
1.0356e+14	2.3967e-16	1.8411e-15
1.0371e+14	1.7723e-16	1.8451e-15
1.0386e+14	1.8292e-16	2.0798e-15
1.0402e+14	2.697e-16	2.2513e-15
1.0417e+14	2.3385e-16	2.1292e-15
1.0432e+14	1.5047e-16	1.9548e-15
1.0447e+14	1.8998e-16	1.9922e-15
1.0463e+14	2.1722e-16	2.0616e-15
1.0478e+14	1.6832e-16	1.9567e-15
1.0493e+14	2.0078e-16	1.8594e-15
1.0508e+14	2.4996e-16	1.9507e-15
1.0524e+14	1.8448e-16	2.0646e-15
1.0539e+14	1.6213e-16	2.0332e-15
1.0554e+14	2.3788e-16	1.9847e-15
1.0569e+14	2.2821e-16	2.0485e-15
1.0585e+14	1.8004e-16	2.0606e-15
1.06e+14	2.2631e-16	1.8528e-15
1.0615e+14	2.2344e-16	1.6452e-15
1.063e+14	1.3748e-16	1.7577e-15
1.0646e+14	1.6561e-16	2.0245e-15
1.0661e+14	2.3775e-16	2.0002e-15
1.0676e+14	1.7552e-16	1.6954e-15
1.0691e+14	1.288e-16	1.5293e-15
1.0707e+14	1.9877e-16	1.6198e-15
1.0722e+14	2.1104e-16	1.7001e-15
1.0737e+14	1.6784e-16	1.6415e-15
1.0752e+14	1.9918e-16	1.5808e-15
1.0768e+14	2.0394e-16	1.6214e-15
1.0783e+14	1.3879e-16	1.6966e-15
1.0798e+14	1.5854e-16	1.6863e-15
1.0813e+14	2.1527e-16	1.5896e-15
1.0829e+14	1.7477e-16	1.5287e-15
1.0844e+14	1.5643e-16	1.5387e-15
1.0859e+14	2.1316e-16	1.5413e-15
1.0874e+14	1.9428e-16	1.5487e-15
1.089e+14	1.4283e-16	1.5828e-15
1.0905e+14	1.7996e-16	1.5338e-15
1.092e+14	1.9082e-16	1.4411e-15
1.0935e+14	1.4008e-16	1.4976e-15
1.0951e+14	1.6836e-16	1.5558e-15
1.0966e+14	2.0493e-16	1.3525e-15
1.0981e+14	1.3906e-16	1.1735e-15
1.0996e+14	1.2443e-16	1.3473e-15
1.1012e+14	1.9414e-16	1.5078e-15
1.1027e+14	1.6446e-16	1.3477e-15
1.1042e+14	9.9227e-17	1.2666e-15
1.1057e+14	1.5252e-16	1.4526e-15
1.1073e+14	1.8749e-16	1.4753e-15
1.1088e+14	1.3308e-16	1.267e-15
1.1103e+14	1.4886e-16	1.2279e-15
1.1118e+14	1.9677e-16	1.3263e-15
1.1134e+14	1.438e-16	1.2661e-15
1.1149e+14	1.1244e-16	1.1671e-15
1.1164e+14	1.6715e-16	1.2178e-15
1.1179e+14	1.6101e-16	1.2823e-15
1.1195e+14	1.1965e-16	1.2697e-15
1.121e+14	1.4929e-16	1.2379e-15
1.1225e+14	1.4707e-16	1.1616e-15
1.124e+14	9.4806e-17	1.0801e-15
1.1256e+14	1.3189e-16	1.1222e-15
1.1271e+14	1.8167e-16	1.2027e-15
1.1286e+14	1.2864e-16	1.1641e-15
1.1301e+14	1.1427e-16	1.0795e-15
1.1317e+14	1.7214e-16	1.0469e-15
1.1332e+14	1.4061e-16	1.032e-15
1.1347e+14	8.6188e-17	1.044e-15
1.1362e+14	1.3943e-16	1.0821e-15
1.1378e+14	1.6601e-16	1.0609e-15
1.1393e+14	1.1845e-16	1.016e-15
1.1408e+14	1.4194e-16	1.0402e-15
1.1423e+14	1.7214e-16	1.0584e-15
1.1439e+14	1.0449e-16	1.0303e-15
1.1454e+14	9.4257e-17	1.0607e-15
1.1469e+14	1.6619e-16	1.1107e-15
1.1484e+14	1.3346e-16	1.0713e-15
1.15e+14	6.8786e-17	1.034e-15
1.1515e+14	1.2638e-16	1.0546e-15
1.153e+14	1.5834e-16	1.031e-15
1.1546e+14	9.5863e-17	1.0088e-15
1.1561e+14	1.0924e-16	1.0506e-15
1.1576e+14	1.551e-16	9.8409e-16
1.1591e+14	9.4927e-17	8.174e-16
1.1607e+14	6.515e-17	8.3722e-16
1.1622e+14	1.3179e-16	9.8676e-16
1.1637e+14	1.2648e-16	9.6694e-16
1.1652e+14	7.918e-17	8.7709e-16
1.1668e+14	1.2132e-16	9.0599e-16
1.1683e+14	1.3241e-16	8.7948e-16
1.1698e+14	6.2723e-17	7.5455e-16
1.1713e+14	8.2515e-17	7.7418e-16
1.1729e+14	1.5279e-16	8.8831e-16
1.1744e+14	1.2027e-16	8.835e-16
1.1759e+14	8.9938e-17	8.6416e-16
1.1774e+14	1.345e-16	9.0849e-16
1.179e+14	1.19e-16	8.5147e-16
1.1805e+14	7.2742e-17	7.5268e-16
1.182e+14	1.1153e-16	8.062e-16
1.1835e+14	1.2726e-16	8.7954e-16
1.1851e+14	7.1713e-17	8.3118e-16
1.1866e+14	8.3493e-17	8.102e-16
1.1881e+14	1.2313e-16	8.394e-16
1.1896e+14	8.2175e-17	7.7931e-16
1.1912e+14	7.6374e-17	7.2099e-16
1.1927e+14	1.3753e-16	7.7e-16
1.1942e+14	1.1263e-16	7.773e-16
1.1957e+14	5.719e-17	6.9878e-16
1.1973e+14	1.011e-16	6.8937e-16
1.1988e+14	1.2085e-16	7.4991e-16
1.2003e+14	6.3281e-17	7.8224e-16
1.2018e+14	8.0908e-17	7.898e-16
1.2034e+14	1.3169e-16	7.5244e-16
1.2049e+14	8.5465e-17	6.6648e-16
1.2064e+14	5.8874e-17	6.5386e-16
1.2079e+14	1.1277e-16	7.0983e-16
1.2095e+14	1.017e-16	6.9366e-16
1.211e+14	5.4111e-17	6.6535e-16
1.2125e+14	8.998e-17	7.2231e-16
1.214e+14	1.0905e-16	7.1982e-16
1.2156e+14	6.4452e-17	6.1679e-16
1.2171e+14	8.5215e-17	6.0372e-16
1.2186e+14	1.2367e-16	6.6302e-16
1.2201e+14	7.0887e-17	6.3578e-16
1.2217e+14	5.0226e-17	6.1077e-16
1.2232e+14	1.0932e-16	6.7258e-16
1.2247e+14	9.9866e-17	6.8403e-16
1.2262e+14	5.8073e-17	6.4332e-16
1.2278e+14	1.0122e-16	6.7332e-16
1.2293e+14	1.1866e-16	6.9189e-16
1.2308e+14	6.2454e-17	6.4002e-16
1.2323e+14	7.2862e-17	6.5599e-16
1.2339e+14	1.1307e-16	7.0402e-16
1.2354e+14	7.0264e-17	6.2644e-16
1.2369e+14	5.3092e-17	5.4429e-16
1.2384e+14	1.0477e-16	5.9412e-16
1.24e+14	8.7848e-17	6.1981e-16
1.2415e+14	4.5368e-17	5.55e-16
1.243e+14	8.9976e-17	5.4564e-16
1.2445e+14	1.0812e-16	5.7301e-16
1.2461e+14	5.4393e-17	5.4606e-16
1.2476e+14	6.84e-17	5.6038e-16
1.2491e+14	1.099e-16	6.3393e-16
1.2506e+14	6.6041e-17	6.2299e-16
1.2522e+14	4.7873e-17	5.5508e-16
1.2537e+14	9.9703e-17	5.5224e-16
1.2552e+14	8.3243e-17	5.6287e-16
1.2567e+14	4.0311e-17	5.4118e-16
1.2583e+14	8.3319e-17	5.4867e-16
1.2598e+14	9.8122e-17	5.4724e-16
1.2613e+14	3.9338e-17	4.844e-16
1.2628e+14	5.2427e-17	4.5209e-16
1.2644e+14	1.0273e-16	4.8109e-16
1.2659e+14	6.8631e-17	4.9097e-16
1.2674e+14	4.7821e-17	5.0207e-16
1.2689e+14	9.0134e-17	5.4396e-16
1.2705e+14	7.1979e-17	5.3011e-16
1.272e+14	3.3267e-17	4.6863e-16
1.2735e+14	7.8382e-17	4.7047e-16
1.275e+14	9.8165e-17	5.0968e-16
1.2766e+14	4.7523e-17	5.1271e-16
1.2781e+14	5.7047e-17	5.1189e-16
1.2796e+14	9.1815e-17	5.0595e-16
1.2811e+14	5.1778e-17	4.6775e-16
1.2827e+14	4.0569e-17	4.7002e-16
1.2842e+14	9.0621e-17	5.1605e-16
1.2857e+14	7.2545e-17	4.9282e-16
1.2872e+14	3.5726e-17	4.3391e-16
1.2888e+14	8.1532e-17	4.4794e-16
1.2903e+14	9.2605e-17	4.6855e-16
1.2918e+14	3.4929e-17	4.3743e-16
1.2933e+14	5.1043e-17	4.3884e-16
1.2949e+14	9.3865e-17	4.6239e-16
1.2964e+14	5.1721e-17	4.4697e-16
1.2979e+14	3.9798e-17	4.7781e-16
1.2994e+14	9.5503e-17	5.5291e-16
1.301e+14	7.2573e-17	5.1191e-16
1.3025e+14	2.1219e-17	4.1438e-16
1.304e+14	6.9268e-17	4.4933e-16
1.3055e+14	9.9141e-17	5.1322e-16
1.3071e+14	4.5253e-17	4.4713e-16
1.3086e+14	4.7344e-17	3.8707e-16
1.3101e+14	8.6401e-17	4.3431e-16
1.3116e+14	5.1084e-17	4.5339e-16
1.3132e+14	3.5244e-17	4.0893e-16
1.3147e+14	8.463e-17	4.0373e-16
1.3162e+14	7.0745e-17	4.2374e-16
1.3177e+14	2.6816e-17	4.2033e-16
1.3193e+14	6.2945e-17	4.2287e-16
1.3208e+14	8.1645e-17	4.1698e-16
1.3223e+14	3.4988e-17	3.8304e-16
1.3238e+14	4.6335e-17	3.7608e-16
1.3254e+14	8.3075e-17	3.892e-16
1.3269e+14	4.3056e-17	3.7553e-16
1.3284e+14	2.4644e-17	3.8738e-16
1.3299e+14	6.9242e-17	4.2619e-16
1.3315e+14	5.3798e-17	3.8846e-16
1.333e+14	1.6759e-17	3.2418e-16
1.3345e+14	5.9759e-17	3.6321e-16
1.336e+14	7.9322e-17	4.1736e-16
1.3376e+14	3.2649e-17	3.7401e-16
1.3391e+14	4.47e-17	3.4482e-16
1.3406e+14	7.9509e-17	3.9595e-16
1.3421e+14	3.84e-17	4.1063e-16
1.3437e+14	2.4989e-17	3.6697e-16
1.3452e+14	7.6548e-17	3.5676e-16
1.3467e+14	6.2673e-17	3.7449e-16
1.3482e+14	2.1626e-17	3.7574e-16
1.3498e+14	5.9479e-17	3.6741e-16
1.3513e+14	7.5314e-17	3.402e-16
1.3528e+14	2.7202e-17	3.094e-16
1.3543e+14	4.1157e-17	3.2976e-16
1.3559e+14	8.0271e-17	3.6524e-16
1.3574e+14	4.1985e-17	3.5458e-16
1.3589e+14	2.7862e-17	3.4345e-16
1.3604e+14	7.7097e-17	3.4584e-16
1.362e+14	6.0527e-17	3.1011e-16
1.3635e+14	1.694e-17	3.0299e-16
1.365e+14	5.591e-17	3.859e-16
1.3665e+14	7.6126e-17	4.24e-16
1.3681e+14	2.7222e-17	3.5004e-16
1.3696e+14	3.472e-17	3.1203e-16
1.3711e+14	7.465e-17	3.5429e-16
1.3726e+14	4.6245e-17	3.6594e-16
1.3742e+14	3.5222e-17	3.5092e-16
1.3757e+14	7.7284e-17	3.5709e-16
1.3772e+14	5.7553e-17	3.3517e-16
1.3787e+14	1.6338e-17	3.0782e-16
1.3803e+14	5.2112e-17	3.4675e-16
1.3818e+14	6.8061e-17	3.72e-16
1.3833e+14	2.4275e-17	3.2466e-16
1.3849e+14	3.643e-17	3.2047e-16
1.3864e+14	6.9013e-17	3.8142e-16
1.3879e+14	3.2818e-17	3.7881e-16
1.3894e+14	2.5282e-17	3.1533e-16
1.391e+14	7.2897e-17	2.8718e-16
1.3925e+14	5.3161e-17	2.8409e-16
1.394e+14	1.3075e-17	2.8483e-16
1.3955e+14	5.1269e-17	3.0672e-16
1.3971e+14	6.3489e-17	3.0395e-16
1.3986e+14	1.5945e-17	2.722e-16
1.4001e+14	3.4338e-17	2.9722e-16
1.4016e+14	7.4008e-17	3.4797e-16
1.4032e+14	3.3552e-17	3.239e-16
1.4047e+14	1.8806e-17	2.8177e-16
1.4062e+14	6.7135e-17	2.9351e-16
1.4077e+14	4.9504e-17	2.9223e-16
1.4093e+14	7.1699e-18	2.7196e-16
1.4108e+14	4.5816e-17	3.0048e-16
1.4123e+14	6.2188e-17	3.1593e-16
1.4138e+14	1.4495e-17	2.6544e-16
1.4154e+14	3.0658e-17	2.5418e-16
1.4169e+14	7.3218e-17	3.0352e-16
1.4184e+14	3.5028e-17	3.0118e-16
1.4199e+14	1.5174e-17	2.633e-16
1.4215e+14	5.8703e-17	2.7115e-16
1.423e+14	4.348e-17	2.7407e-16
1.4245e+14	5.5277e-18	2.4314e-16
1.426e+14	4.6466e-17	2.507e-16
1.4276e+14	6.4129e-17	2.7994e-16
1.4291e+14	1.4219e-17	2.6618e-16
1.4306e+14	2.4053e-17	2.5353e-16
1.4321e+14	6.2958e-17	2.7136e-16
1.4337e+14	2.6771e-17	2.6866e-16
1.4352e+14	1.0928e-17	2.5856e-16
1.4367e+14	5.939e-17	2.7332e-16
1.4382e+14	4.8076e-17	2.6291e-16
1.4398e+14	7.0762e-18	2.2769e-16
1.4413e+14	4.135e-17	2.3619e-16
1.4428e+14	6.0182e-17	2.6003e-16
1.4443e+14	1.762e-17	2.4431e-16
1.4459e+14	2.8615e-17	2.3713e-16
1.4474e+14	6.2587e-17	2.58e-16
1.4489e+14	2.5171e-17	2.5336e-16
1.4504e+14	1.1371e-17	2.4087e-16
1.452e+14	5.8226e-17	2.5818e-16
1.4535e+14	4.3715e-17	2.5821e-16
1.455e+14	4.5169e-18	2.2879e-16
1.4565e+14	4.3514e-17	2.2366e-16
1.4581e+14	6.1991e-17	2.2905e-16
1.4596e+14	1.3556e-17	2.1071e-16
1.4611e+14	2.1935e-17	2.0464e-16
1.4626e+14	5.9941e-17	2.1927e-16
1.4642e+14	2.5235e-17	2.1911e-16
1.4657e+14	9.0057e-18	2.1981e-16
1.4672e+14	5.5672e-17	2.3038e-16
1.4687e+14	4.4713e-17	2.1695e-16
1.4703e+14	4.0283e-18	2.0527e-16
1.4718e+14	3.673e-17	2.2753e-16
1.4733e+14	5.3861e-17	2.2759e-16
1.4748e+14	8.8085e-18	1.9876e-16
1.4764e+14	1.8255e-17	2.1461e-16
1.4779e+14	5.6393e-17	2.4158e-16
1.4794e+14	2.3527e-17	2.058e-16
1.4809e+14	7.1679e-18	1.7776e-16
1.4825e+14	5.2456e-17	2.1294e-16
1.484e+14	4.3191e-17	2.2287e-16
1.4855e+14	3.517e-18	1.8477e-16
1.487e+14	3.3352e-17	1.8109e-16
1.4886e+14	5.0765e-17	2.0284e-16
1.4901e+14	1.1413e-17	2.0243e-16
1.4916e+14	2.3053e-17	2.152e-16
1.4931e+14	5.7574e-17	2.3859e-16
1.4947e+14	2.2774e-17	2.1784e-16
1.4962e+14	7.3803e-18	1.8886e-16
1.4977e+14	5.1602e-17	1.986e-16
1.4992e+14	3.9904e-17	1.9927e-16
1.5008e+14	3.7014e-19	1.8178e-16
1.5023e+14	3.2693e-17	1.999e-16
1.5038e+14	5.195e-17	2.2995e-16
1.5053e+14	1.1887e-17	2.2619e-16
1.5069e+14	2.173e-17	2.1724e-16
1.5084e+14	5.6902e-17	2.1026e-16
1.5099e+14	2.4002e-17	1.8173e-16
1.5114e+14	6.6521e-18	1.6922e-16
1.513e+14	4.6969e-17	1.8979e-16
1.5145e+14	3.6595e-17	1.8911e-16
1.516e+14	2.2532e-18	1.7183e-16
1.5175e+14	3.5691e-17	1.8271e-16
1.5191e+14	5.1122e-17	1.867e-16
1.5206e+14	8.0652e-18	1.6432e-16
1.5221e+14	1.8602e-17	1.7482e-16
1.5236e+14	5.6176e-17	2.0864e-16
1.5252e+14	2.4046e-17	1.9823e-16
1.5267e+14	5.684e-18	1.6922e-16
1.5282e+14	4.7312e-17	1.7116e-16
1.5297e+14	4.0215e-17	1.7667e-16
1.5313e+14	3.6358e-18	1.733e-16
1.5328e+14	2.9843e-17	1.8209e-16
1.5343e+14	4.4455e-17	1.8499e-16
1.5358e+14	7.912e-18	1.7947e-16
1.5374e+14	2.0084e-17	1.9255e-16
1.5389e+14	5.3102e-17	1.9451e-16
1.5404e+14	2.0635e-17	1.6517e-16
1.5419e+14	5.4173e-18	1.6185e-16
1.5435e+14	4.4617e-17	1.866e-16
1.545e+14	3.2466e-17	1.7949e-16
1.5465e+14	-2.4943e-18	1.7123e-16
1.548e+14	2.9942e-17	2.0356e-16
1.5496e+14	4.6743e-17	2.098e-16
1.5511e+14	7.1975e-18	1.7116e-16
1.5526e+14	1.6732e-17	1.6478e-16
1.5541e+14	5.038e-17	1.8107e-16
1.5557e+14	1.8812e-17	1.6577e-16
1.5572e+14	2.0386e-18	1.6297e-16
1.5587e+14	4.0978e-17	1.8922e-16
1.5602e+14	3.3506e-17	1.7852e-16
1.5618e+14	2.5628e-18	1.5373e-16
1.5633e+14	3.2488e-17	1.776e-16
1.5648e+14	4.5666e-17	1.9335e-16
1.5663e+14	7.3015e-18	1.5894e-16
1.5679e+14	1.8032e-17	1.4399e-16
1.5694e+14	4.9413e-17	1.5999e-16
1.5709e+14	1.7642e-17	1.5275e-16
1.5724e+14	3.803e-18	1.455e-16
1.574e+14	4.2298e-17	1.6392e-16
1.5755e+14	3.1257e-17	1.6585e-16
1.577e+14	-2.1611e-19	1.5595e-16
1.5785e+14	3.0817e-17	1.6486e-16
1.5801e+14	4.2165e-17	1.5721e-16
1.5816e+14	2.3212e-18	1.3209e-16
1.5831e+14	1.5393e-17	1.4304e-16
1.5846e+14	4.8335e-17	1.6033e-16
1.5862e+14	1.4969e-17	1.3997e-16
1.5877e+14	1.6197e-18	1.3647e-16
1.5892e+14	4.3478e-17	1.6181e-16
1.5907e+14	3.275e-17	1.5096e-16
1.5923e+14	-6.5871e-19	1.3044e-16
1.5938e+14	3.2488e-17	1.5431e-16
1.5953e+14	4.6999e-17	1.6715e-16
1.5968e+14	3.9638e-18	1.4554e-16
1.5984e+14	1.1988e-17	1.5063e-16
1.5999e+14	4.6613e-17	1.6224e-16
1.6014e+14	1.7342e-17	1.3699e-16
1.6029e+14	2.7421e-18	1.3506e-16
1.6045e+14	4.2015e-17	1.6558e-16
1.606e+14	3.2412e-17	1.5044e-16
1.6075e+14	-1.0396e-18	1.2347e-16
1.609e+14	2.853e-17	1.5264e-16
1.6106e+14	4.2214e-17	1.6405e-16
1.6121e+14	2.2882e-18	1.191e-16
1.6136e+14	1.1027e-17	1.1212e-16
1.6151e+14	4.3297e-17	1.4751e-16
1.6167e+14	1.3715e-17	1.4466e-16
1.6182e+14	1.2776e-18	1.3016e-16
1.6197e+14	4.1643e-17	1.3979e-16
1.6213e+14	3.1001e-17	1.2555e-16
1.6228e+14	-4.1326e-18	1.0913e-16
1.6243e+14	2.5159e-17	1.4483e-16
1.6258e+14	4.0676e-17	1.6537e-16
1.6274e+14	2.3554e-18	1.287e-16
1.6289e+14	1.0999e-17	1.1687e-16
1.6304e+14	4.4027e-17	1.4077e-16
1.6319e+14	1.6483e-17	1.3535e-16
1.6335e+14	3.3112e-18	1.294e-16
1.635e+14	4.0443e-17	1.5147e-16
1.6365e+14	2.9776e-17	1.4378e-16
1.638e+14	-1.8416e-18	1.176e-16
1.6396e+14	2.8429e-17	1.3035e-16
1.6411e+14	4.0734e-17	1.3496e-16
1.6426e+14	2.2549e-19	1.0301e-16
1.6441e+14	1.1064e-17	1.0857e-16
1.6457e+14	4.7175e-17	1.4538e-16
1.6472e+14	1.8518e-17	1.393e-16
1.6487e+14	1.1866e-18	1.2476e-16
1.6502e+14	3.6734e-17	1.4365e-16
1.6518e+14	2.772e-17	1.4102e-16
1.6533e+14	-3.0157e-18	1.1733e-16
1.6548e+14	2.7842e-17	1.2622e-16
1.6563e+14	4.2755e-17	1.297e-16
1.6579e+14	2.8281e-18	1.0092e-16
1.6594e+14	9.5317e-18	1.0361e-16
1.6609e+14	4.3103e-17	1.3038e-16
1.6624e+14	1.6928e-17	1.2031e-16
1.664e+14	1.5372e-18	1.1413e-16
1.6655e+14	3.6806e-17	1.4091e-16
1.667e+14	2.8965e-17	1.3131e-16
1.6685e+14	-1.5773e-18	9.5207e-17
1.6701e+14	2.5708e-17	1.1108e-16
1.6716e+14	3.9443e-17	1.3989e-16
1.6731e+14	3.0527e-18	1.2143e-16
1.6746e+14	9.867e-18	1.0672e-16
1.6762e+14	3.89e-17	1.1775e-16
1.6777e+14	1.248e-17	1.1078e-16
1.6792e+14	1.2969e-18	1.0646e-16
1.6807e+14	3.6873e-17	1.2861e-16
1.6823e+14	2.6204e-17	1.3062e-16
1.6838e+14	-3.7383e-18	1.1466e-16
1.6853e+14	2.5788e-17	1.2245e-16
1.6868e+14	3.8988e-17	1.2276e-16
1.6884e+14	2.3218e-18	1.0265e-16
1.6899e+14	1.2107e-17	1.1517e-16
1.6914e+14	4.3026e-17	1.371e-16
1.6929e+14	1.3813e-17	1.1275e-16
1.6945e+14	-1.0386e-18	9.3733e-17
1.696e+14	3.4493e-17	1.1516e-16
1.6975e+14	2.5569e-17	1.1549e-16
1.699e+14	-4.9127e-18	9.7682e-17
1.7006e+14	2.2394e-17	1.1361e-16
1.7021e+14	3.493e-17	1.2204e-16
1.7036e+14	-9.742e-19	9.7953e-17
1.7051e+14	9.013e-18	1.0447e-16
1.7067e+14	4.0293e-17	1.2929e-16
1.7082e+14	1.2746e-17	1.1075e-16
1.7097e+14	-6.8082e-19	9.5122e-17
1.7112e+14	3.4976e-17	1.1887e-16
1.7128e+14	2.5903e-17	1.1656e-16
1.7143e+14	-4.9303e-18	9.0871e-17
1.7158e+14	2.1467e-17	1.044e-16
1.7173e+14	3.4031e-17	1.1601e-16
1.7189e+14	-4.5006e-19	8.8522e-17
1.7204e+14	1.0072e-17	9.0413e-17
1.7219e+14	4.0058e-17	1.2462e-16
1.7234e+14	1.1165e-17	1.196e-16
1.725e+14	-2.4475e-18	1.0411e-16
1.7265e+14	3.406e-17	1.2536e-16
1.728e+14	2.6441e-17	1.3079e-16
1.7295e+14	-3.4082e-18	1.0764e-16
1.7311e+14	2.2989e-17	1.0874e-16
1.7326e+14	3.5752e-17	1.1162e-16
1.7341e+14	2.0455e-18	8.863e-17
1.7356e+14	1.2422e-17	9.373e-17
1.7372e+14	4.0916e-17	1.2318e-16
1.7387e+14	1.0433e-17	1.1109e-16
1.7402e+14	-4.1704e-18	8.6166e-17
1.7417e+14	3.2054e-17	9.9888e-17
1.7433e+14	2.4849e-17	1.1044e-16
1.7448e+14	-4.8041e-18	9.7245e-17
1.7463e+14	2.0802e-17	9.725e-17
1.7478e+14	3.2405e-17	9.7283e-17
1.7494e+14	-2.155e-18	8.3256e-17
1.7509e+14	8.0573e-18	9.4031e-17
1.7524e+14	3.7967e-17	1.1381e-16
1.7539e+14	1.0044e-17	9.6369e-17
1.7555e+14	-3.3054e-18	8.1342e-17
1.757e+14	3.1877e-17	9.9229e-17
1.7585e+14	2.3024e-17	9.9829e-17
1.76e+14	-7.1791e-18	8.3591e-17
1.7616e+14	1.9757e-17	9.456e-17
1.7631e+14	3.4166e-17	1.0171e-16
1.7646e+14	1.1883e-18	8.524e-17
1.7661e+14	9.8209e-18	9.5346e-17
1.7677e+14	3.7578e-17	1.1731e-16
1.7692e+14	1.0036e-17	9.8693e-17
1.7707e+14	-1.6899e-18	8.3796e-17
1.7722e+14	3.4086e-17	1.0686e-16
1.7738e+14	2.5207e-17	1.0762e-16
1.7753e+14	-5.305e-18	8.2168e-17
1.7768e+14	2.0103e-17	8.8188e-17
1.7783e+14	3.2501e-17	1.0248e-16
1.7799e+14	-7.5098e-19	9.2252e-17
1.7814e+14	9.7196e-18	9.6959e-17
1.7829e+14	3.9191e-17	1.1133e-16
1.7844e+14	1.0918e-17	9.4235e-17
1.786e+14	-3.3765e-18	8.4178e-17
1.7875e+14	3.1163e-17	1.0502e-16
1.789e+14	2.3686e-17	1.0072e-16
1.7905e+14	-4.8173e-18	7.9121e-17
1.7921e+14	2.1809e-17	9.5966e-17
1.7936e+14	3.4655e-17	1.1213e-16
1.7951e+14	-1.5976e-19	8.9439e-17
1.7966e+14	6.9512e-18	8.3665e-17
1.7982e+14	3.5466e-17	1.0264e-16
1.7997e+14	1.0142e-17	9.3548e-17
1.8012e+14	-2.1782e-18	8.018e-17
1.8027e+14	3.078e-17	9.4893e-17
1.8043e+14	2.2385e-17	9.4679e-17
1.8058e+14	-4.0037e-18	7.9626e-17
1.8073e+14	2.3789e-17	9.4284e-17
1.8088e+14	3.4371e-17	1.0597e-16
1.8104e+14	-2.4564e-18	8.3884e-17
1.8119e+14	6.226e-18	7.8163e-17
1.8134e+14	3.731e-17	9.4546e-17
1.8149e+14	1.1802e-17	8.7743e-17
1.8165e+14	-1.9542e-18	8.1214e-17
1.818e+14	3.1249e-17	9.7659e-17
1.8195e+14	2.24e-17	9.1616e-17
1.821e+14	-7.6705e-18	6.9961e-17
1.8226e+14	1.8086e-17	8.3052e-17
1.8241e+14	3.2402e-17	9.9374e-17
1.8256e+14	-7.0475e-19	8.4922e-17
1.8271e+14	6.1952e-18	8.4217e-17
1.8287e+14	3.4599e-17	1.0025e-16
1.8302e+14	9.9356e-18	8.8107e-17
1.8317e+14	-2.7027e-18	7.3109e-17
1.8332e+14	3.0364e-17	8.5813e-17
1.8348e+14	2.2973e-17	8.881e-17
1.8363e+14	-5.4748e-18	8.0646e-17
1.8378e+14	1.8714e-17	9.5634e-17
1.8393e+14	3.0964e-17	1.0536e-16
1.8409e+14	-1.3694e-18	8.9895e-17
1.8424e+14	6.7194e-18	8.965e-17
1.8439e+14	3.4327e-17	9.6325e-17
1.8454e+14	8.173e-18	7.4684e-17
1.847e+14	-5.6366e-18	6.4137e-17
1.8485e+14	2.7084e-17	8.5336e-17
1.85e+14	2.1246e-17	8.5867e-17
1.8516e+14	-5.1679e-18	7.1672e-17
1.8531e+14	1.9046e-17	8.9247e-17
1.8546e+14	3.0434e-17	1.0255e-16
1.8561e+14	-1.7892e-18	8.0431e-17
1.8577e+14	6.2205e-18	7.2342e-17
1.8592e+14	3.3293e-17	8.6091e-17
1.8607e+14	8.0609e-18	8.1842e-17
1.8622e+14	-4.0722e-18	7.8665e-17
1.8638e+14	2.8549e-17	9.213e-17
1.8653e+14	2.1201e-17	8.5794e-17
1.8668e+14	-6.2565e-18	7.2719e-17
1.8683e+14	1.7842e-17	8.6799e-17
1.8699e+14	3.0042e-17	8.965e-17
1.8714e+14	-1.1011e-18	6.789e-17
1.8729e+14	6.5971e-18	7.2717e-17
1.8744e+14	3.2544e-17	8.7787e-17
1.876e+14	7.8793e-18	6.7779e-17
1.8775e+14	-2.8138e-18	5.8689e-17
1.879e+14	2.9024e-17	8.6455e-17
1.8805e+14	1.9532e-17	8.8931e-17
1.8821e+14	-8.1996e-18	6.4067e-17
1.8836e+14	1.6896e-17	6.5508e-17
1.8851e+14	2.887e-17	7.2491e-17
1.8866e+14	-2.6074e-18	6.3107e-17
1.8882e+14	6.9295e-18	7.7022e-17
1.8897e+14	3.5024e-17	9.8839e-17
1.8912e+14	9.5553e-18	8.2432e-17
1.8927e+14	-3.6625e-18	6.7111e-17
1.8943e+14	2.765e-17	8.1903e-17
1.8958e+14	1.9747e-17	7.9449e-17
1.8973e+14	-6.9934e-18	6.4707e-17
1.8988e+14	1.7868e-17	7.9386e-17
1.9004e+14	2.9424e-17	8.6341e-17
1.9019e+14	-2.8207e-18	6.3351e-17
1.9034e+14	5.4674e-18	6.4138e-17
1.9049e+14	3.3006e-17	8.2605e-17
1.9065e+14	8.0799e-18	7.0124e-17
1.908e+14	-4.2812e-18	6.0736e-17
1.9095e+14	2.7652e-17	7.9411e-17
1.911e+14	1.9511e-17	7.5355e-17
1.9126e+14	-8.2518e-18	5.6709e-17
1.9141e+14	1.685e-17	7.2993e-17
1.9156e+14	3.0367e-17	8.5555e-17
1.9171e+14	-1.3684e-18	6.4288e-17
1.9187e+14	5.1953e-18	6.5259e-17
1.9202e+14	3.2349e-17	8.8077e-17
1.9217e+14	8.8519e-18	7.7392e-17
1.9232e+14	-3.5939e-18	6.2367e-17
1.9248e+14	2.7407e-17	7.8661e-17
1.9263e+14	2.061e-17	7.9434e-17
1.9278e+14	-5.5276e-18	5.9551e-17
1.9293e+14	1.7858e-17	6.645e-17
1.9309e+14	2.8278e-17	7.6091e-17
1.9324e+14	-3.8627e-18	5.8433e-17
1.9339e+14	4.9515e-18	5.6676e-17
1.9354e+14	3.3896e-17	7.5146e-17
1.937e+14	9.6276e-18	7.0315e-17
1.9385e+14	-4.6935e-18	6.261e-17
1.94e+14	2.6562e-17	7.694e-17
1.9415e+14	2.1328e-17	7.6306e-17
1.9431e+14	-5.8977e-18	6.1914e-17
1.9446e+14	1.5195e-17	6.9077e-17
1.9461e+14	2.7021e-17	7.1143e-17
1.9476e+14	-2.385e-18	5.2139e-17
1.9492e+14	4.8329e-18	5.6467e-17
1.9507e+14	3.0665e-17	7.5272e-17
1.9522e+14	7.3095e-18	6.4584e-17
1.9537e+14	-4.7404e-18	5.4994e-17
1.9553e+14	2.5916e-17	7.1391e-17
1.9568e+14	1.9537e-17	7.146e-17
1.9583e+14	-7.0247e-18	5.8461e-17
1.9598e+14	1.4791e-17	7.0018e-17
1.9614e+14	2.6825e-17	7.6e-17
1.9629e+14	-2.1431e-18	5.8358e-17
1.9644e+14	4.8179e-18	6.2443e-17
1.9659e+14	3.0248e-17	7.9256e-17
1.9675e+14	8.3484e-18	6.5566e-17
1.969e+14	-2.3625e-18	5.4016e-17
1.9705e+14	2.6499e-17	6.8806e-17
1.972e+14	1.7996e-17	6.6401e-17
1.9736e+14	-7.149e-18	5.1828e-17
1.9751e+14	1.7042e-17	6.3806e-17
1.9766e+14	2.8159e-17	7.1469e-17
1.9781e+14	-3.6518e-18	5.6813e-17
1.9797e+14	2.325e-18	6.3214e-17
1.9812e+14	2.8843e-17	7.861e-17
1.9827e+14	7.8745e-18	6.3374e-17
1.9842e+14	-2.7377e-18	5.4375e-17
1.9858e+14	2.6172e-17	6.9525e-17
1.9873e+14	1.7499e-17	6.1924e-17
1.9888e+14	-8.6245e-18	4.826e-17
1.9903e+14	1.5002e-17	7.0421e-17
1.9919e+14	2.7575e-17	8.0032e-17
1.9934e+14	-1.9351e-18	5.4051e-17
1.9949e+14	4.7036e-18	5.4632e-17
1.9964e+14	2.9976e-17	7.4308e-17
1.998e+14	7.3273e-18	5.7686e-17
1.9995e+14	-4.1135e-18	4.3758e-17
2.001e+14	2.5608e-17	6.5773e-17
2.0025e+14	1.8591e-17	6.7815e-17
2.0041e+14	-7.3884e-18	4.9461e-17
2.0056e+14	1.4535e-17	6.3097e-17
2.0071e+14	2.5987e-17	7.5182e-17
2.0086e+14	-3.1061e-18	5.2904e-17
2.0102e+14	4.0416e-18	4.9989e-17
2.0117e+14	2.9266e-17	6.9017e-17
2.0132e+14	6.397e-18	5.6903e-17
2.0147e+14	-5.3358e-18	4.2573e-17
2.0163e+14	2.4522e-17	6.0104e-17
2.0178e+14	1.8279e-17	6.056e-17
2.0193e+14	-7.4528e-18	4.149e-17
2.0208e+14	1.3936e-17	5.4837e-17
2.0224e+14	2.5394e-17	7.0783e-17
2.0239e+14	-3.3232e-18	5.0608e-17
2.0254e+14	3.4383e-18	4.3218e-17
2.0269e+14	2.828e-17	6.1563e-17
2.0285e+14	5.6915e-18	5.7139e-17
2.03e+14	-6.2851e-18	4.6845e-17
2.0315e+14	2.2938e-17	6.2113e-17
2.033e+14	1.721e-17	6.4177e-17
2.0346e+14	-7.5071e-18	4.7396e-17
2.0361e+14	1.3955e-17	5.4329e-17
2.0376e+14	2.5158e-17	6.4118e-17
2.0391e+14	-3.6829e-18	4.8806e-17
2.0407e+14	2.6434e-18	4.7313e-17
2.0422e+14	2.7794e-17	6.1844e-17
2.0437e+14	6.8095e-18	5.0769e-17
2.0452e+14	-4.5772e-18	3.8136e-17
2.0468e+14	2.3184e-17	5.2026e-17
2.0483e+14	1.623e-17	5.2553e-17
2.0498e+14	-8.3828e-18	3.7691e-17
2.0513e+14	1.3323e-17	4.8606e-17
2.0529e+14	2.4623e-17	5.9849e-17
2.0544e+14	-4.1602e-18	4.3439e-17
2.0559e+14	1.4502e-18	4.1918e-17
2.0574e+14	2.5643e-17	5.9283e-17
2.059e+14	4.8517e-18	5.1291e-17
2.0605e+14	-5.5858e-18	3.8577e-17
2.062e+14	2.2953e-17	5.1034e-17
2.0635e+14	1.6798e-17	5.2494e-17
2.0651e+14	-7.3229e-18	3.8674e-17
2.0666e+14	1.4013e-17	4.7721e-17
2.0681e+14	2.5097e-17	5.8059e-17
2.0696e+14	-3.1126e-18	4.3687e-17
2.0712e+14	2.652e-18	4.1298e-17
2.0727e+14	2.6246e-17	5.3625e-17
2.0742e+14	5.2695e-18	4.3378e-17
2.0757e+14	-4.8489e-18	3.2667e-17
2.0773e+14	2.3753e-17	4.6995e-17
2.0788e+14	1.7459e-17	5.1285e-17
2.0803e+14	-6.8285e-18	4.2368e-17
2.0819e+14	1.4199e-17	5.1424e-17
2.0834e+14	2.5111e-17	5.4503e-17
2.0849e+14	-3.088e-18	3.5399e-17
2.0864e+14	2.5989e-18	3.6624e-17
2.088e+14	2.6316e-17	5.4777e-17
2.0895e+14	5.5685e-18	4.8202e-17
2.091e+14	-5.0773e-18	4.0999e-17
2.0925e+14	2.2679e-17	5.6418e-17
2.0941e+14	1.6526e-17	5.4682e-17
2.0956e+14	-7.1005e-18	3.7627e-17
2.0971e+14	1.41e-17	4.6545e-17
2.0986e+14	2.522e-17	5.6973e-17
2.1002e+14	-2.6371e-18	4.2823e-17
2.1017e+14	2.5941e-18	4.2667e-17
2.1032e+14	2.5688e-17	5.7908e-17
2.1047e+14	5.4294e-18	4.9602e-17
2.1063e+14	-4.4672e-18	3.9951e-17
2.1078e+14	2.3162e-17	5.2933e-17
2.1093e+14	1.6699e-17	5.1481e-17
2.1108e+14	-7.0575e-18	3.5561e-17
2.1124e+14	1.3396e-17	4.2908e-17
2.1139e+14	2.3527e-17	5.0437e-17
2.1154e+14	-4.0479e-18	3.5416e-17
2.1169e+14	2.8719e-18	3.6686e-17
2.1185e+14	2.7234e-17	5.4331e-17
2.12e+14	6.1339e-18	4.7513e-17
2.1215e+14	-5.7756e-18	3.6012e-17
2.123e+14	2.1353e-17	4.5594e-17
2.1246e+14	1.5997e-17	4.4891e-17
2.1261e+14	-7.6401e-18	3.3713e-17
2.1276e+14	1.1975e-17	4.3245e-17
2.1291e+14	2.2755e-17	4.939e-17
2.1307e+14	-3.551e-18	3.4554e-17
2.1322e+14	2.7312e-18	3.7215e-17
2.1337e+14	2.6026e-17	5.278e-17
2.1352e+14	5.7112e-18	4.2781e-17
2.1368e+14	-5.2385e-18	3.3155e-17
2.1383e+14	2.1559e-17	4.7417e-17
2.1398e+14	1.623e-17	4.6811e-17
2.1413e+14	-6.6837e-18	3.1399e-17
2.1429e+14	1.276e-17	3.9106e-17
2.1444e+14	2.2775e-17	4.739e-17
2.1459e+14	-3.8599e-18	3.4065e-17
2.1474e+14	2.0945e-18	3.6082e-17
2.149e+14	2.5305e-17	5.1491e-17
2.1505e+14	5.804e-18	4.1527e-17
2.152e+14	-4.8347e-18	2.9796e-17
2.1535e+14	2.0881e-17	4.1996e-17
2.1551e+14	1.4917e-17	4.2656e-17
2.1566e+14	-7.3623e-18	2.9468e-17
2.1581e+14	1.251e-17	3.7333e-17
2.1596e+14	2.2529e-17	4.5495e-17
2.1612e+14	-3.7666e-18	3.2069e-17
2.1627e+14	2.2072e-18	3.1122e-17
2.1642e+14	2.4865e-17	4.3595e-17
2.1657e+14	5.3761e-18	3.678e-17
2.1673e+14	-4.7555e-18	3.0765e-17
2.1688e+14	2.0988e-17	4.3145e-17
2.1703e+14	1.4884e-17	4.0628e-17
2.1718e+14	-7.42e-18	2.772e-17
2.1734e+14	1.201e-17	3.7041e-17
2.1749e+14	2.1756e-17	4.2987e-17
2.1764e+14	-3.9734e-18	2.7329e-17
2.1779e+14	2.0849e-18	2.8497e-17
2.1795e+14	2.3837e-17	4.3702e-17
2.181e+14	4.5217e-18	3.6293e-17
2.1825e+14	-3.9911e-18	2.9044e-17
2.184e+14	2.2083e-17	4.2145e-17
2.1856e+14	1.443e-17	4.0105e-17
2.1871e+14	-8.4104e-18	2.6151e-17
2.1886e+14	1.2398e-17	3.5767e-17
2.1901e+14	2.2846e-17	4.48e-17
2.1917e+14	-3.8265e-18	3.1519e-17
2.1932e+14	1.8061e-18	3.1276e-17
2.1947e+14	2.4275e-17	4.369e-17
2.1962e+14	4.7361e-18	3.5644e-17
2.1978e+14	-5.154e-18	2.8703e-17
2.1993e+14	2.0678e-17	4.0598e-17
2.2008e+14	1.4004e-17	3.7269e-17
2.2023e+14	-8.7639e-18	2.3228e-17
2.2039e+14	1.1418e-17	3.1379e-17
2.2054e+14	2.2222e-17	3.711e-17
2.2069e+14	-3.7587e-18	2.2993e-17
2.2084e+14	1.827e-18	2.5279e-17
2.21e+14	2.4415e-17	3.8889e-17
2.2115e+14	5.2097e-18	2.9759e-17
2.213e+14	-5.2574e-18	2.369e-17
2.2145e+14	2.0265e-17	3.825e-17
2.2161e+14	1.4971e-17	3.5044e-17
2.2176e+14	-6.7846e-18	1.9995e-17
2.2191e+14	1.2366e-17	3.0988e-17
2.2206e+14	2.2062e-17	4.123e-17
2.2222e+14	-3.9476e-18	2.7315e-17
2.2237e+14	1.3619e-18	2.6997e-17
2.2252e+14	2.3592e-17	4.04e-17
2.2267e+14	4.8706e-18	3.1816e-17
2.2283e+14	-5.4899e-18	2.3244e-17
2.2298e+14	1.9383e-17	3.5474e-17
2.2313e+14	1.4472e-17	3.3867e-17
2.2328e+14	-6.3322e-18	2.0336e-17
2.2344e+14	1.2221e-17	2.8986e-17
2.2359e+14	2.0965e-17	3.7137e-17
2.2374e+14	-4.1862e-18	2.5134e-17
2.2389e+14	2.269e-18	2.7673e-17
2.2405e+14	2.4144e-17	4.2121e-17
2.242e+14	5.0827e-18	3.3791e-17
2.2435e+14	-4.6412e-18	2.3972e-17
2.245e+14	2.0122e-17	3.2503e-17
2.2466e+14	1.3887e-17	2.913e-17
2.2481e+14	-7.4786e-18	1.9207e-17
2.2496e+14	1.2098e-17	3.1763e-17
2.2511e+14	2.1965e-17	3.8572e-17
2.2527e+14	-3.2983e-18	2.2812e-17
2.2542e+14	2.0683e-18	2.3526e-17
2.2557e+14	2.2938e-17	3.7091e-17
2.2572e+14	3.6742e-18	2.8528e-17
2.2588e+14	-5.4861e-18	2.2207e-17
2.2603e+14	1.9944e-17	3.6489e-17
2.2618e+14	1.3775e-17	3.4678e-17
2.2633e+14	-8.0212e-18	2.1107e-17
2.2649e+14	1.1378e-17	3.0495e-17
2.2664e+14	2.1302e-17	3.7203e-17
2.2679e+14	-4.1568e-18	2.1602e-17
2.2694e+14	1.6066e-18	2.1354e-17
2.271e+14	2.4188e-17	3.4122e-17
2.2725e+14	5.9208e-18	2.4667e-17
2.274e+14	-4.7096e-18	1.6349e-17
2.2755e+14	1.9063e-17	2.9215e-17
2.2771e+14	1.3341e-17	2.9148e-17
2.2786e+14	-7.6656e-18	1.9691e-17
2.2801e+14	1.13e-17	3.1603e-17
2.2816e+14	2.1165e-17	3.6997e-17
2.2832e+14	-3.585e-18	1.9378e-17
2.2847e+14	1.7506e-18	2.1087e-17
2.2862e+14	2.3031e-17	3.8433e-17
2.2877e+14	4.6141e-18	3.0378e-17
2.2893e+14	-5.2827e-18	1.9567e-17
2.2908e+14	1.8596e-17	3.0315e-17
2.2923e+14	1.2466e-17	2.8691e-17
2.2938e+14	-8.7227e-18	1.5829e-17
2.2954e+14	1.031e-17	2.568e-17
2.2969e+14	2.0255e-17	3.3926e-17
2.2984e+14	-4.7251e-18	1.921e-17
2.2999e+14	2.0278e-19	1.8563e-17
2.3015e+14	2.1733e-17	3.2127e-17
2.303e+14	4.0794e-18	2.3875e-17
2.3045e+14	-5.6863e-18	1.4798e-17
2.306e+14	1.8024e-17	2.7386e-17
2.3076e+14	1.2463e-17	2.8731e-17
2.3091e+14	-8.2157e-18	1.7721e-17
2.3106e+14	1.0529e-17	2.5093e-17
2.3122e+14	2.0602e-17	2.9801e-17
2.3137e+14	-3.6084e-18	1.5352e-17
2.3152e+14	1.1236e-18	1.6969e-17
2.3167e+14	2.1617e-17	3.0831e-17
2.3183e+14	3.7985e-18	2.1748e-17
2.3198e+14	-5.3354e-18	1.3001e-17
2.3213e+14	1.8653e-17	2.612e-17
2.3228e+14	1.3067e-17	2.6613e-17
2.3244e+14	-7.6876e-18	1.4772e-17
2.3259e+14	1.0616e-17	2.3829e-17
2.3274e+14	2.0185e-17	3.1956e-17
2.3289e+14	-3.9072e-18	1.8889e-17
2.3305e+14	1.4342e-18	1.8883e-17
2.332e+14	2.2254e-17	3.1618e-17
2.3335e+14	3.9839e-18	2.3408e-17
2.335e+14	-5.7704e-18	1.4816e-17
2.3366e+14	1.8587e-17	2.6993e-17
2.3381e+14	1.3866e-17	2.8015e-17
2.3396e+14	-7.1768e-18	1.6622e-17
2.3411e+14	1.029e-17	2.2596e-17
2.3427e+14	2.0238e-17	2.7022e-17
2.3442e+14	-3.3352e-18	1.4469e-17
2.3457e+14	1.1049e-18	1.678e-17
2.3472e+14	2.1423e-17	2.9186e-17
2.3488e+14	4.277e-18	2.0019e-17
2.3503e+14	-5.1984e-18	1.296e-17
2.3518e+14	1.7696e-17	2.6494e-17
2.3533e+14	1.2424e-17	2.574e-17
2.3549e+14	-7.6402e-18	1.2171e-17
2.3564e+14	1.0276e-17	1.9379e-17
2.3579e+14	2.0113e-17	2.7257e-17
2.3594e+14	-2.9613e-18	1.6086e-17
2.361e+14	1.8686e-18	1.6383e-17
2.3625e+14	2.1807e-17	2.6734e-17
2.364e+14	4.4565e-18	1.8437e-17
2.3655e+14	-4.6913e-18	1.3239e-17
2.3671e+14	1.8438e-17	2.6531e-17
2.3686e+14	1.3045e-17	2.4703e-17
2.3701e+14	-7.6559e-18	1.1711e-17
2.3716e+14	9.3007e-18	1.9538e-17
2.3732e+14	1.8914e-17	2.5838e-17
2.3747e+14	-3.4847e-18	1.3069e-17
2.3762e+14	1.7164e-18	1.4575e-17
2.3777e+14	2.1513e-17	2.7361e-17
2.3793e+14	4.156e-18	1.9589e-17
2.3808e+14	-5.2557e-18	1.2719e-17
2.3823e+14	1.7282e-17	2.4018e-17
2.3838e+14	1.2182e-17	2.1926e-17
2.3854e+14	-7.4194e-18	1.1426e-17
2.3869e+14	9.9021e-18	2.2581e-17
2.3884e+14	1.9161e-17	2.9453e-17
2.3899e+14	-3.195e-18	1.4507e-17
2.3915e+14	2.1567e-18	1.4645e-17
2.393e+14	2.1572e-17	2.7484e-17
2.3945e+14	3.9433e-18	1.8487e-17
2.396e+14	-5.1151e-18	9.7274e-18
2.3976e+14	1.7796e-17	2.1702e-17
2.3991e+14	1.2594e-17	2.177e-17
2.4006e+14	-7.2893e-18	1.1334e-17
2.4021e+14	1.0013e-17	2.1152e-17
2.4037e+14	1.9395e-17	2.7684e-17
2.4052e+14	-3.277e-18	1.2327e-17
2.4067e+14	1.3481e-18	1.13e-17
2.4082e+14	2.0527e-17	2.4891e-17
2.4098e+14	3.4286e-18	1.923e-17
2.4113e+14	-5.0938e-18	1.3401e-17
2.4128e+14	1.7978e-17	2.602e-17
2.4143e+14	1.2744e-17	2.3974e-17
2.4159e+14	-7.2838e-18	8.7035e-18
2.4174e+14	1.0062e-17	1.5037e-17
2.4189e+14	1.9672e-17	2.4092e-17
2.4204e+14	-3.4888e-18	1.3493e-17
2.422e+14	2.3691e-19	1.2674e-17
2.4235e+14	1.998e-17	2.4152e-17
2.425e+14	4.4744e-18	1.8918e-17
2.4265e+14	-4.0683e-18	1.2638e-17
2.4281e+14	1.7658e-17	2.1571e-17
2.4296e+14	1.2298e-17	1.9553e-17
2.4311e+14	-7.0573e-18	1.0327e-17
2.4326e+14	9.9293e-18	1.9452e-17
2.4342e+14	1.9209e-17	2.4309e-17
2.4357e+14	-2.9318e-18	1.0933e-17
2.4372e+14	1.5769e-18	1.2279e-17
2.4387e+14	2.0498e-17	2.4148e-17
2.4403e+14	3.7176e-18	1.5757e-17
2.4418e+14	-5.1634e-18	9.2099e-18
2.4433e+14	1.7242e-17	2.1955e-17
2.4448e+14	1.2668e-17	2.1503e-17
2.4464e+14	-6.9186e-18	9.374e-18
2.4479e+14	9.2627e-18	1.6102e-17
2.4494e+14	1.8779e-17	2.2406e-17
2.4509e+14	-2.553e-18	1.1424e-17
2.4525e+14	1.6009e-18	1.2537e-17
2.454e+14	1.9932e-17	2.3027e-17
2.4555e+14	4.0109e-18	1.548e-17
2.457e+14	-4.0533e-18	1.0561e-17
2.4586e+14	1.7487e-17	2.177e-17
2.4601e+14	1.1995e-17	1.8435e-17
2.4616e+14	-7.2263e-18	7.4573e-18
2.4631e+14	9.2698e-18	1.7896e-17
2.4647e+14	1.8312e-17	2.4042e-17
2.4662e+14	-3.3282e-18	9.618e-18
2.4677e+14	9.6977e-19	1.0126e-17
2.4692e+14	1.9488e-17	2.2355e-17
2.4708e+14	3.7725e-18	1.3686e-17
2.4723e+14	-4.255e-18	6.4419e-18
2.4738e+14	1.7088e-17	1.9388e-17
2.4753e+14	1.1828e-17	1.9549e-17
2.4769e+14	-6.7391e-18	8.232e-18
2.4784e+14	9.7872e-18	1.6141e-17
2.4799e+14	1.8196e-17	2.2198e-17
2.4814e+14	-3.627e-18	9.1664e-18
2.483e+14	1.1002e-18	9.8707e-18
2.4845e+14	1.9711e-17	2.2113e-17
2.486e+14	3.4462e-18	1.4152e-17
2.4875e+14	-5.0202e-18	6.7867e-18
2.4891e+14	1.6508e-17	1.8723e-17
2.4906e+14	1.1456e-17	1.8473e-17
2.4921e+14	-7.4959e-18	7.2844e-18
2.4936e+14	8.7518e-18	1.531e-17
2.4952e+14	1.7683e-17	2.1696e-17
2.4967e+14	-3.7122e-18	8.6932e-18
2.4982e+14	7.1926e-19	8.9481e-18
2.4997e+14	1.9366e-17	2.1757e-17
2.5013e+14	3.714e-18	1.5166e-17
2.5028e+14	-4.817e-18	7.5152e-18
2.5043e+14	1.6192e-17	1.7897e-17
2.5058e+14	1.1507e-17	1.7476e-17
2.5074e+14	-6.7494e-18	6.7539e-18
2.5089e+14	9.4462e-18	1.3895e-17
2.5104e+14	1.8311e-17	1.9901e-17
2.5119e+14	-2.8097e-18	8.5816e-18
2.5135e+14	1.2029e-18	9.631e-18
2.515e+14	1.8995e-17	2.0685e-17
2.5165e+14	3.2731e-18	1.299e-17
2.518e+14	-4.8872e-18	6.6559e-18
2.5196e+14	1.6246e-17	1.8106e-17
2.5211e+14	1.1816e-17	1.6863e-17
2.5226e+14	-6.3458e-18	5.2772e-18
2.5241e+14	9.1586e-18	1.3011e-17
2.5257e+14	1.7588e-17	2.0144e-17
2.5272e+14	-2.9082e-18	8.9864e-18
2.5287e+14	1.4741e-18	9.1247e-18
2.5302e+14	1.874e-17	1.9632e-17
2.5318e+14	2.9088e-18	1.275e-17
2.5333e+14	-4.6712e-18	7.4006e-18
2.5348e+14	1.6508e-17	1.8588e-17
2.5363e+14	1.1515e-17	1.6779e-17
2.5379e+14	-6.8695e-18	5.6622e-18
2.5394e+14	8.8492e-18	1.3807e-17
2.5409e+14	1.7507e-17	1.9916e-17
2.5425e+14	-2.793e-18	7.6737e-18
2.544e+14	1.8222e-18	8.5861e-18
2.5455e+14	1.9323e-17	2.0544e-17
2.547e+14	3.5133e-18	1.3181e-17
2.5486e+14	-4.5584e-18	5.837e-18
2.5501e+14	1.6e-17	1.6483e-17
2.5516e+14	1.1141e-17	1.6201e-17
2.5531e+14	-6.5821e-18	6.0729e-18
2.5547e+14	9.072e-18	1.3463e-17
2.5562e+14	1.6786e-17	1.894e-17
2.5577e+14	-3.9812e-18	7.2942e-18
2.5592e+14	1.4143e-18	8.7155e-18
2.5608e+14	1.9956e-17	2.0158e-17
2.5623e+14	4.2183e-18	1.1954e-17
2.5638e+14	-4.3738e-18	4.302e-18
2.5653e+14	1.6155e-17	1.545e-17
2.5669e+14	1.1465e-17	1.5929e-17
2.5684e+14	-6.6044e-18	5.6001e-18
2.5699e+14	9.0763e-18	1.2063e-17
2.5714e+14	1.7791e-17	1.7934e-17
2.573e+14	-2.7172e-18	8.013e-18
2.5745e+14	1.2864e-18	9.6921e-18
2.576e+14	1.8763e-17	1.9396e-17
2.5775e+14	3.3693e-18	1.0374e-17
2.5791e+14	-4.9136e-18	3.7997e-18
2.5806e+14	1.5568e-17	1.5522e-17
2.5821e+14	1.1568e-17	1.5056e-17
2.5836e+14	-5.8438e-18	4.0081e-18
2.5852e+14	9.1037e-18	1.0866e-17
2.5867e+14	1.6786e-17	1.6984e-17
2.5882e+14	-3.5011e-18	6.1885e-18
2.5897e+14	1.4356e-18	6.7753e-18
2.5913e+14	1.9405e-17	1.681e-17
2.5928e+14	3.8599e-18	9.5364e-18
2.5943e+14	-4.803e-18	4.0168e-18
2.5958e+14	1.5658e-17	1.4959e-17
2.5974e+14	1.1905e-17	1.3825e-17
2.5989e+14	-5.7566e-18	4.0563e-18
2.6004e+14	8.8657e-18	1.2504e-17
2.6019e+14	1.7177e-17	1.8186e-17
2.6035e+14	-2.5496e-18	5.8679e-18
2.605e+14	1.5656e-18	6.1824e-18
2.6065e+14	1.8888e-17	1.712e-17
2.608e+14	4.3232e-18	1.0349e-17
2.6096e+14	-3.514e-18	4.7052e-18
2.6111e+14	1.6175e-17	1.5447e-17
2.6126e+14	1.1461e-17	1.37e-17
2.6141e+14	-6.2786e-18	2.7603e-18
2.6157e+14	8.575e-18	1.065e-17
2.6172e+14	1.7205e-17	1.7093e-17
2.6187e+14	-2.2159e-18	5.8001e-18
2.6202e+14	1.6957e-18	6.3781e-18
2.6218e+14	1.8754e-17	1.7109e-17
2.6233e+14	4.4242e-18	1.005e-17
2.6248e+14	-3.4949e-18	4.0568e-18
2.6263e+14	1.5635e-17	1.487e-17
2.6279e+14	1.1168e-17	1.379e-17
2.6294e+14	-5.7566e-18	3.1236e-18
2.6309e+14	8.8597e-18	1.0415e-17
2.6324e+14	1.6511e-17	1.6492e-17
2.634e+14	-3.1206e-18	5.7344e-18
2.6355e+14	1.231e-18	6.7646e-18
2.637e+14	1.8472e-17	1.6974e-17
2.6385e+14	4.0084e-18	9.0031e-18
2.6401e+14	-4.1119e-18	2.8298e-18
2.6416e+14	1.5048e-17	1.4358e-17
2.6431e+14	1.1124e-17	1.3838e-17
2.6446e+14	-5.3447e-18	2.8492e-18
2.6462e+14	8.9264e-18	9.8708e-18
2.6477e+14	1.6097e-17	1.6585e-17
2.6492e+14	-3.2682e-18	6.1821e-18
2.6507e+14	1.6354e-18	6.3471e-18
2.6523e+14	1.8918e-17	1.6045e-17
2.6538e+14	4.0572e-18	8.9514e-18
2.6553e+14	-4.2818e-18	3.3479e-18
2.6568e+14	1.5216e-17	1.4292e-17
2.6584e+14	1.156e-17	1.3672e-17
2.6599e+14	-5.5686e-18	3.3595e-18
2.6614e+14	8.0688e-18	1.0141e-17
2.6629e+14	1.6038e-17	1.589e-17
2.6645e+14	-2.5292e-18	5.4949e-18
2.666e+14	1.2898e-18	6.249e-18
2.6675e+14	1.744e-17	1.5772e-17
2.669e+14	3.4876e-18	8.2477e-18
2.6706e+14	-3.8598e-18	2.6698e-18
2.6721e+14	1.4964e-17	1.3427e-17
2.6736e+14	1.102e-17	1.248e-17
2.6751e+14	-4.829e-18	2.7542e-18
2.6767e+14	9.5554e-18	1.0437e-17
2.6782e+14	1.682e-17	1.5954e-17
2.6797e+14	-2.3513e-18	4.8934e-18
2.6812e+14	1.5722e-18	6.03e-18
2.6828e+14	1.7846e-17	1.625e-17
2.6843e+14	3.8088e-18	8.4784e-18
2.6858e+14	-3.8364e-18	2.5027e-18
2.6873e+14	1.4618e-17	1.3601e-17
2.6889e+14	1.0776e-17	1.2794e-17
2.6904e+14	-4.8679e-18	2.4978e-18
2.6919e+14	8.8937e-18	9.9419e-18
2.6934e+14	1.5582e-17	1.5659e-17
2.695e+14	-2.7131e-18	4.1592e-18
2.6965e+14	2.3628e-18	4.5642e-18
2.698e+14	1.8301e-17	1.4961e-17
2.6995e+14	3.5542e-18	7.785e-18
2.7011e+14	-3.5175e-18	1.7623e-18
2.7026e+14	1.562e-17	1.2637e-17
2.7041e+14	1.1046e-17	1.2131e-17
2.7056e+14	-5.4366e-18	2.3142e-18
2.7072e+14	8.9778e-18	1.013e-17
2.7087e+14	1.6572e-17	1.6108e-17
2.7102e+14	-2.1224e-18	4.5374e-18
2.7117e+14	2.357e-18	4.8979e-18
2.7133e+14	1.8648e-17	1.5822e-17
2.7148e+14	3.7939e-18	8.9904e-18
2.7163e+14	-4.5286e-18	2.4636e-18
2.7178e+14	1.4369e-17	1.2931e-17
2.7194e+14	1.1299e-17	1.2362e-17
2.7209e+14	-4.3637e-18	1.6561e-18
2.7224e+14	9.3964e-18	8.3197e-18
2.7239e+14	1.6809e-17	1.4598e-17
2.7255e+14	-1.4848e-18	3.9323e-18
2.727e+14	2.5208e-18	4.1719e-18
2.7285e+14	1.8372e-17	1.4977e-17
2.73e+14	4.3965e-18	8.9166e-18
2.7316e+14	-3.411e-18	2.5015e-18
2.7331e+14	1.4264e-17	1.2166e-17
2.7346e+14	1.0021e-17	1.1786e-17
2.7361e+14	-5.2933e-18	2.0939e-18
2.7377e+14	9.22e-18	8.689e-18
2.7392e+14	1.6631e-17	1.4237e-17
2.7407e+14	-2.1427e-18	3.7453e-18
2.7422e+14	1.5443e-18	4.4684e-18
2.7438e+14	1.7557e-17	1.4862e-17
2.7453e+14	4.0216e-18	8.0841e-18
2.7468e+14	-3.423e-18	1.7401e-18
2.7483e+14	1.4826e-17	1.2122e-17
2.7499e+14	1.1324e-17	1.2131e-17
2.7514e+14	-4.3135e-18	2.0247e-18
2.7529e+14	8.7594e-18	8.1774e-18
2.7544e+14	1.5647e-17	1.4068e-17
2.756e+14	-2.153e-18	4.001e-18
2.7575e+14	2.1654e-18	4.4537e-18
2.759e+14	1.7826e-17	1.4745e-17
2.7605e+14	4.0172e-18	8.5789e-18
2.7621e+14	-3.5953e-18	2.5293e-18
2.7636e+14	1.408e-17	1.2666e-17
2.7651e+14	1.0204e-17	1.2679e-17
2.7666e+14	-5.2142e-18	2.2778e-18
2.7682e+14	8.1835e-18	7.4106e-18
2.7697e+14	1.5466e-17	1.321e-17
2.7712e+14	-1.8466e-18	4.3649e-18
2.7728e+14	2.4035e-18	4.9593e-18
2.7743e+14	1.7524e-17	1.387e-17
2.7758e+14	3.6418e-18	7.2578e-18
2.7773e+14	-3.6449e-18	1.9125e-18
2.7789e+14	1.4044e-17	1.1835e-17
2.7804e+14	1.0149e-17	1.1196e-17
2.7819e+14	-4.8089e-18	1.6534e-18
2.7834e+14	9.0047e-18	8.1244e-18
2.785e+14	1.5913e-17	1.3562e-17
2.7865e+14	-2.2999e-18	3.4147e-18
2.788e+14	1.6284e-18	3.759e-18
2.7895e+14	1.7581e-17	1.3252e-17
2.7911e+14	4.6889e-18	6.7693e-18
2.7926e+14	-2.6251e-18	1.2633e-18
2.7941e+14	1.4572e-17	1.1493e-17
2.7956e+14	1.0565e-17	1.1195e-17
2.7972e+14	-4.8318e-18	1.318e-18
2.7987e+14	7.9951e-18	7.4032e-18
2.8002e+14	1.4857e-17	1.3227e-17
2.8017e+14	-2.2579e-18	3.6273e-18
2.8033e+14	2.0521e-18	3.8999e-18
2.8048e+14	1.7169e-17	1.3262e-17
2.8063e+14	3.7115e-18	7.0457e-18
2.8078e+14	-3.2045e-18	1.4621e-18
2.8094e+14	1.4735e-17	1.1075e-17
2.8109e+14	1.1173e-17	1.0632e-17
2.8124e+14	-4.3083e-18	1.3756e-18
2.8139e+14	8.4198e-18	7.92e-18
2.8155e+14	1.5758e-17	1.3539e-17
2.817e+14	-1.2175e-18	3.5195e-18
2.8185e+14	2.1202e-18	3.6708e-18
2.82e+14	1.6823e-17	1.3166e-17
2.8216e+14	4.4685e-18	6.8475e-18
2.8231e+14	-2.2328e-18	8.5691e-19
2.8246e+14	1.3982e-17	1.0466e-17
2.8261e+14	9.7291e-18	1.0514e-17
2.8277e+14	-4.2068e-18	1.2461e-18
2.8292e+14	9.337e-18	7.1787e-18
2.8307e+14	1.559e-17	1.2642e-17
2.8322e+14	-1.9214e-18	2.8997e-18
2.8338e+14	2.177e-18	3.0231e-18
2.8353e+14	1.7029e-17	1.27e-17
2.8368e+14	4.0119e-18	7.2101e-18
2.8383e+14	-2.4698e-18	1.7321e-18
2.8399e+14	1.4854e-17	1.1278e-17
2.8414e+14	1.0922e-17	1.1413e-17
2.8429e+14	-3.9015e-18	1.886e-18
2.8444e+14	8.8354e-18	6.8416e-18
2.846e+14	1.5236e-17	1.2242e-17
2.8475e+14	-1.681e-18	3.7123e-18
2.849e+14	2.7083e-18	3.9772e-18
2.8505e+14	1.7464e-17	1.2318e-17
2.8521e+14	4.1497e-18	6.3517e-18
2.8536e+14	-2.6683e-18	1.2678e-18
2.8551e+14	1.455e-17	1.0103e-17
2.8566e+14	1.0786e-17	9.3471e-18
2.8582e+14	-3.8387e-18	8.2211e-19
2.8597e+14	9.1342e-18	7.2394e-18
2.8612e+14	1.5766e-17	1.2271e-17
2.8627e+14	-1.3779e-18	2.7533e-18
2.8643e+14	2.4822e-18	3.3907e-18
2.8658e+14	1.7196e-17	1.2483e-17
2.8673e+14	4.1593e-18	6.1198e-18
2.8688e+14	-2.7118e-18	4.6905e-19
2.8704e+14	1.4552e-17	9.9075e-18
2.8719e+14	1.1131e-17	9.921e-18
2.8734e+14	-3.7447e-18	9.6186e-19
2.8749e+14	8.6815e-18	6.7566e-18
2.8765e+14	1.5638e-17	1.2453e-17
2.878e+14	-1.2293e-18	3.8468e-18
2.8795e+14	1.7459e-18	4.0971e-18
2.881e+14	1.6205e-17	1.2544e-17
2.8826e+14	4.6382e-18	6.6555e-18
2.8841e+14	-1.477e-18	1.3913e-18
2.8856e+14	1.4636e-17	9.9729e-18
2.8871e+14	1.0416e-17	9.3301e-18
2.8887e+14	-4.0589e-18	9.4695e-19
2.8902e+14	8.5203e-18	7.0694e-18
2.8917e+14	1.5575e-17	1.1873e-17
2.8932e+14	-4.4098e-19	2.3565e-18
2.8948e+14	2.7499e-18	2.5834e-18
2.8963e+14	1.5972e-17	1.1366e-17
2.8978e+14	3.4586e-18	5.735e-18
2.8993e+14	-2.3443e-18	7.6441e-19
2.9009e+14	1.4358e-17	9.6464e-18
2.9024e+14	1.0599e-17	9.1651e-18
2.9039e+14	-3.4382e-18	7.6113e-19
2.9054e+14	8.8558e-18	6.7624e-18
2.907e+14	1.4941e-17	1.1687e-17
2.9085e+14	-1.3264e-18	2.6906e-18
2.91e+14	2.6892e-18	3.2666e-18
2.9115e+14	1.6537e-17	1.1744e-17
2.9131e+14	3.8457e-18	5.6853e-18
2.9146e+14	-2.1535e-18	8.2969e-19
2.9161e+14	1.482e-17	1.0039e-17
2.9176e+14	1.1235e-17	9.433e-18
2.9192e+14	-3.136e-18	6.2342e-19
2.9207e+14	8.8792e-18	6.5345e-18
2.9222e+14	1.5166e-17	1.1571e-17
2.9237e+14	-1.0276e-18	2.3602e-18
2.9253e+14	2.5511e-18	2.6556e-18
2.9268e+14	1.6132e-17	1.1422e-17
2.9283e+14	3.6333e-18	5.7463e-18
2.9298e+14	-2.3162e-18	4.5456e-19
2.9314e+14	1.4503e-17	8.9136e-18
2.9329e+14	1.0956e-17	8.3166e-18
2.9344e+14	-3.3341e-18	-4.4555e-20
2.9359e+14	8.8168e-18	5.9883e-18
2.9375e+14	1.5525e-17	1.1127e-17
2.939e+14	-6.7674e-19	2.2049e-18
2.9405e+14	2.1706e-18	2.3651e-18
2.942e+14	1.5787e-17	1.0742e-17
2.9436e+14	4.4227e-18	5.374e-18
2.9451e+14	-1.3619e-18	8.7964e-19
2.9466e+14	1.4348e-17	9.599e-18
2.9481e+14	1.058e-17	8.702e-18
2.9497e+14	-3.0618e-18	8.4755e-20
2.9512e+14	8.7407e-18	5.9833e-18
2.9527e+14	1.4763e-17	1.1072e-17
2.9542e+14	-9.2523e-19	2.3147e-18
2.9558e+14	2.4457e-18	2.6037e-18
2.9573e+14	1.5476e-17	1.0763e-17
2.9588e+14	3.8418e-18	5.1294e-18
2.9603e+14	-1.3955e-18	7.0794e-19
2.9619e+14	1.4156e-17	9.7047e-18
2.9634e+14	9.7141e-18	9.0394e-18
2.9649e+14	-3.4552e-18	5.5059e-19
2.9664e+14	9.3584e-18	6.3488e-18
2.968e+14	1.5272e-17	1.1045e-17
2.9695e+14	-8.5875e-19	2.0626e-18
2.971e+14	3.1272e-18	2.8281e-18
2.9725e+14	1.6694e-17	1.1685e-17
2.9741e+14	4.1995e-18	5.8388e-18
2.9756e+14	-1.8602e-18	3.7652e-19
2.9771e+14	1.4363e-17	8.8493e-18
2.9786e+14	1.0606e-17	8.4638e-18
2.9802e+14	-3.3494e-18	2.2175e-21
2.9817e+14	8.5413e-18	5.5205e-18
2.9832e+14	1.4589e-17	1.0524e-17
2.9847e+14	-1.4736e-18	2.0317e-18
2.9863e+14	2.1158e-18	2.5446e-18
2.9878e+14	1.604e-17	1.1051e-17
2.9893e+14	4.2192e-18	5.5579e-18
2.9908e+14	-2.231e-18	4.6345e-19
2.9924e+14	1.3594e-17	8.8988e-18
2.9939e+14	1.0624e-17	8.6912e-18
2.9954e+14	-2.996e-18	4.2449e-19
2.9969e+14	8.0376e-18	5.5386e-18
2.9985e+14	1.4176e-17	1.0245e-17
3e+14	-6.2465e-19	2.0744e-18
