#Error on normalization	O = 0.674 %	H = 2.913 %
#Frequence (s-1)	S_O (s)	S_H (s)
0	5.8139e-16	6.4127e-15
1.662e+11	1.9045e-15	7.203e-15
3.3241e+11	2.6639e-15	7.6568e-15
4.9861e+11	2.3811e-15	6.5843e-15
6.6482e+11	6.1256e-15	6.3228e-15
8.3102e+11	1.1401e-14	7.3875e-15
9.9723e+11	1.2017e-14	7.7919e-15
1.1634e+12	1.1507e-14	7.7497e-15
1.3296e+12	1.4485e-14	8.3054e-15
1.4958e+12	1.7498e-14	8.5158e-15
1.662e+12	1.9779e-14	8.3083e-15
1.8283e+12	2.4461e-14	8.8401e-15
1.9945e+12	2.7603e-14	9.2782e-15
2.1607e+12	2.556e-14	8.8901e-15
2.3269e+12	2.5039e-14	9.3534e-15
2.4931e+12	3.0044e-14	1.07e-14
2.6593e+12	3.408e-14	1.0746e-14
2.8255e+12	3.4616e-14	1.0079e-14
2.9917e+12	3.7433e-14	1.0669e-14
3.1579e+12	4.3651e-14	1.1398e-14
3.3241e+12	4.7732e-14	1.118e-14
3.4903e+12	4.6967e-14	1.1612e-14
3.6565e+12	4.4003e-14	1.2579e-14
3.8227e+12	4.3117e-14	1.2069e-14
3.9889e+12	4.6377e-14	1.1112e-14
4.1551e+12	5.1378e-14	1.1687e-14
4.3213e+12	5.4246e-14	1.2239e-14
4.4875e+12	5.3835e-14	1.1372e-14
4.6537e+12	5.1469e-14	1.1046e-14
4.8199e+12	5.0579e-14	1.2167e-14
4.9861e+12	5.4326e-14	1.2885e-14
5.1524e+12	5.911e-14	1.2669e-14
5.3186e+12	5.8698e-14	1.2756e-14
5.4848e+12	5.6082e-14	1.3328e-14
5.651e+12	5.7462e-14	1.377e-14
5.8172e+12	5.9644e-14	1.3775e-14
5.9834e+12	5.9049e-14	1.3067e-14
6.1496e+12	5.9993e-14	1.2221e-14
6.3158e+12	6.1996e-14	1.2639e-14
6.482e+12	5.9466e-14	1.4154e-14
6.6482e+12	5.7119e-14	1.5025e-14
6.8144e+12	6.1399e-14	1.4628e-14
6.9806e+12	6.5262e-14	1.3722e-14
7.1468e+12	6.3455e-14	1.3032e-14
7.313e+12	6.2409e-14	1.318e-14
7.4792e+12	6.1803e-14	1.4208e-14
7.6454e+12	5.5291e-14	1.4992e-14
7.8116e+12	4.9998e-14	1.4927e-14
7.9778e+12	5.4646e-14	1.4823e-14
8.144e+12	6.1286e-14	1.4951e-14
8.3102e+12	6.2392e-14	1.4733e-14
8.4765e+12	6.1893e-14	1.4556e-14
8.6427e+12	5.9536e-14	1.5035e-14
8.8089e+12	5.4125e-14	1.532e-14
8.9751e+12	5.4873e-14	1.4704e-14
9.1413e+12	6.2063e-14	1.4255e-14
9.3075e+12	6.0761e-14	1.4917e-14
9.4737e+12	5.2001e-14	1.5852e-14
9.6399e+12	5.3398e-14	1.6012e-14
9.8061e+12	6.3054e-14	1.5708e-14
9.9723e+12	6.4019e-14	1.5649e-14
1.0139e+13	5.7868e-14	1.5729e-14
1.0305e+13	5.7363e-14	1.5724e-14
1.0471e+13	6.133e-14	1.5895e-14
1.0637e+13	6.1919e-14	1.5881e-14
1.0803e+13	5.9117e-14	1.4905e-14
1.097e+13	5.7305e-14	1.4149e-14
1.1136e+13	5.9767e-14	1.5608e-14
1.1302e+13	6.419e-14	1.7944e-14
1.1468e+13	6.2196e-14	1.8265e-14
1.1634e+13	5.3655e-14	1.7457e-14
1.1801e+13	5.0143e-14	1.7814e-14
1.1967e+13	5.4014e-14	1.8056e-14
1.2133e+13	5.6063e-14	1.699e-14
1.2299e+13	5.6015e-14	1.6857e-14
1.2465e+13	5.7808e-14	1.7857e-14
1.2632e+13	5.5597e-14	1.7033e-14
1.2798e+13	5.0055e-14	1.5239e-14
1.2964e+13	5.3321e-14	1.5911e-14
1.313e+13	6.1416e-14	1.7647e-14
1.3296e+13	5.8171e-14	1.742e-14
1.3463e+13	4.9204e-14	1.6866e-14
1.3629e+13	5.0925e-14	1.7724e-14
1.3795e+13	5.7414e-14	1.8029e-14
1.3961e+13	5.5259e-14	1.7183e-14
1.4127e+13	4.8533e-14	1.6867e-14
1.4294e+13	4.419e-14	1.6852e-14
1.446e+13	4.1544e-14	1.6694e-14
1.4626e+13	4.4148e-14	1.7531e-14
1.4792e+13	5.2702e-14	1.8355e-14
1.4958e+13	5.4748e-14	1.7295e-14
1.5125e+13	4.5443e-14	1.6325e-14
1.5291e+13	3.7731e-14	1.7325e-14
1.5457e+13	3.7591e-14	1.7964e-14
1.5623e+13	3.6753e-14	1.7104e-14
1.5789e+13	3.4251e-14	1.6897e-14
1.5956e+13	3.7038e-14	1.7426e-14
1.6122e+13	4.1946e-14	1.7338e-14
1.6288e+13	3.9844e-14	1.7477e-14
1.6454e+13	3.2007e-14	1.7784e-14
1.662e+13	2.7604e-14	1.6849e-14
1.6787e+13	2.9925e-14	1.6429e-14
1.6953e+13	3.3137e-14	1.7969e-14
1.7119e+13	3.1933e-14	1.8165e-14
1.7285e+13	2.9519e-14	1.6144e-14
1.7452e+13	3.0596e-14	1.6244e-14
1.7618e+13	3.1434e-14	1.8336e-14
1.7784e+13	2.75e-14	1.7906e-14
1.795e+13	2.3418e-14	1.6328e-14
1.8116e+13	2.3635e-14	1.726e-14
1.8283e+13	2.4548e-14	1.7743e-14
1.8449e+13	2.4171e-14	1.5369e-14
1.8615e+13	2.4684e-14	1.4676e-14
1.8781e+13	2.3865e-14	1.7456e-14
1.8947e+13	1.9988e-14	1.8843e-14
1.9114e+13	1.8685e-14	1.7284e-14
1.928e+13	2.1404e-14	1.6286e-14
1.9446e+13	2.1049e-14	1.6716e-14
1.9612e+13	1.7115e-14	1.6957e-14
1.9778e+13	1.6528e-14	1.7004e-14
1.9945e+13	1.831e-14	1.7018e-14
2.0111e+13	1.6576e-14	1.6767e-14
2.0277e+13	1.3409e-14	1.703e-14
2.0443e+13	1.3128e-14	1.7434e-14
2.0609e+13	1.3603e-14	1.6441e-14
2.0776e+13	1.2773e-14	1.5326e-14
2.0942e+13	1.261e-14	1.6245e-14
2.1108e+13	1.3543e-14	1.7468e-14
2.1274e+13	1.3943e-14	1.6742e-14
2.144e+13	1.3143e-14	1.5612e-14
2.1607e+13	1.0827e-14	1.5631e-14
2.1773e+13	8.0881e-15	1.5647e-14
2.1939e+13	7.7593e-15	1.5301e-14
2.2105e+13	9.3711e-15	1.5754e-14
2.2271e+13	9.4753e-15	1.6641e-14
2.2438e+13	8.3795e-15	1.6626e-14
2.2604e+13	8.5914e-15	1.5848e-14
2.277e+13	9.0367e-15	1.5389e-14
2.2936e+13	8.3481e-15	1.5657e-14
2.3102e+13	8.1794e-15	1.6059e-14
2.3269e+13	8.6612e-15	1.5845e-14
2.3435e+13	7.9862e-15	1.5367e-14
2.3601e+13	7.0321e-15	1.5478e-14
2.3767e+13	7.3729e-15	1.5733e-14
2.3934e+13	7.8317e-15	1.554e-14
2.41e+13	7.5927e-15	1.5828e-14
2.4266e+13	7.4237e-15	1.6655e-14
2.4432e+13	6.8516e-15	1.6226e-14
2.4598e+13	5.6728e-15	1.4726e-14
2.4765e+13	5.6288e-15	1.4535e-14
2.4931e+13	6.5959e-15	1.5505e-14
2.5097e+13	6.2573e-15	1.5398e-14
2.5263e+13	4.9492e-15	1.4355e-14
2.5429e+13	4.8255e-15	1.4069e-14
2.5596e+13	5.4293e-15	1.4611e-14
2.5762e+13	5.3069e-15	1.5265e-14
2.5928e+13	5.0404e-15	1.556e-14
2.6094e+13	5.3134e-15	1.4771e-14
2.626e+13	5.4101e-15	1.3394e-14
2.6427e+13	4.9576e-15	1.3447e-14
2.6593e+13	4.4958e-15	1.5067e-14
2.6759e+13	4.4305e-15	1.5921e-14
2.6925e+13	4.6175e-15	1.4978e-14
2.7091e+13	4.5298e-15	1.3555e-14
2.7258e+13	4.0876e-15	1.2925e-14
2.7424e+13	4.0507e-15	1.3215e-14
2.759e+13	4.4992e-15	1.371e-14
2.7756e+13	4.4522e-15	1.3679e-14
2.7922e+13	3.932e-15	1.3663e-14
2.8089e+13	3.7957e-15	1.4403e-14
2.8255e+13	3.6933e-15	1.4737e-14
2.8421e+13	3.175e-15	1.3705e-14
2.8587e+13	3.0735e-15	1.3076e-14
2.8753e+13	3.4207e-15	1.4052e-14
2.892e+13	3.138e-15	1.4674e-14
2.9086e+13	2.6647e-15	1.3838e-14
2.9252e+13	3.0837e-15	1.3518e-14
2.9418e+13	3.6016e-15	1.4646e-14
2.9584e+13	3.3043e-15	1.5369e-14
2.9751e+13	2.9235e-15	1.4674e-14
2.9917e+13	2.8551e-15	1.3887e-14
3.0083e+13	2.6509e-15	1.415e-14
3.0249e+13	2.5816e-15	1.4801e-14
3.0416e+13	2.8037e-15	1.4496e-14
3.0582e+13	2.6312e-15	1.3242e-14
3.0748e+13	2.2545e-15	1.2634e-14
3.0914e+13	2.4331e-15	1.337e-14
3.108e+13	2.6122e-15	1.4019e-14
3.1247e+13	2.2004e-15	1.3593e-14
3.1413e+13	2.0019e-15	1.3001e-14
3.1579e+13	2.3652e-15	1.2834e-14
3.1745e+13	2.5194e-15	1.2623e-14
3.1911e+13	2.3625e-15	1.2584e-14
3.2078e+13	2.354e-15	1.3167e-14
3.2244e+13	2.3919e-15	1.3619e-14
3.241e+13	2.4066e-15	1.331e-14
3.2576e+13	2.4867e-15	1.2965e-14
3.2742e+13	2.2685e-15	1.309e-14
3.2909e+13	1.8174e-15	1.3048e-14
3.3075e+13	1.8599e-15	1.2499e-14
3.3241e+13	2.2481e-15	1.2255e-14
3.3407e+13	2.256e-15	1.3003e-14
3.3573e+13	2.1152e-15	1.3855e-14
3.374e+13	2.2156e-15	1.3356e-14
3.3906e+13	2.1764e-15	1.2107e-14
3.4072e+13	1.9633e-15	1.2154e-14
3.4238e+13	1.9746e-15	1.3236e-14
3.4404e+13	1.9975e-15	1.3138e-14
3.4571e+13	1.8223e-15	1.1999e-14
3.4737e+13	1.7648e-15	1.1814e-14
3.4903e+13	1.7523e-15	1.2456e-14
3.5069e+13	1.5992e-15	1.2687e-14
3.5235e+13	1.6994e-15	1.2834e-14
3.5402e+13	1.9596e-15	1.2974e-14
3.5568e+13	1.7536e-15	1.2274e-14
3.5734e+13	1.4691e-15	1.1676e-14
3.59e+13	1.7424e-15	1.2391e-14
3.6066e+13	1.9563e-15	1.2775e-14
3.6233e+13	1.6789e-15	1.1611e-14
3.6399e+13	1.5804e-15	1.1076e-14
3.6565e+13	1.7288e-15	1.234e-14
3.6731e+13	1.6198e-15	1.3246e-14
3.6898e+13	1.6184e-15	1.2779e-14
3.7064e+13	1.9217e-15	1.2419e-14
3.723e+13	1.8213e-15	1.2631e-14
3.7396e+13	1.464e-15	1.2678e-14
3.7562e+13	1.6665e-15	1.2654e-14
3.7729e+13	1.9685e-15	1.2725e-14
3.7895e+13	1.6777e-15	1.2483e-14
3.8061e+13	1.4352e-15	1.209e-14
3.8227e+13	1.6503e-15	1.2028e-14
3.8393e+13	1.7282e-15	1.2208e-14
3.856e+13	1.6454e-15	1.237e-14
3.8726e+13	1.7821e-15	1.2285e-14
3.8892e+13	1.8022e-15	1.1991e-14
3.9058e+13	1.5755e-15	1.2345e-14
3.9224e+13	1.5735e-15	1.3521e-14
3.9391e+13	1.6551e-15	1.3853e-14
3.9557e+13	1.4492e-15	1.2663e-14
3.9723e+13	1.3593e-15	1.1655e-14
3.9889e+13	1.595e-15	1.1514e-14
4.0055e+13	1.6776e-15	1.1254e-14
4.0222e+13	1.5414e-15	1.1321e-14
4.0388e+13	1.4552e-15	1.2395e-14
4.0554e+13	1.3375e-15	1.2834e-14
4.072e+13	1.292e-15	1.1902e-14
4.0886e+13	1.5047e-15	1.163e-14
4.1053e+13	1.5284e-15	1.2416e-14
4.1219e+13	1.2037e-15	1.2342e-14
4.1385e+13	1.1814e-15	1.1728e-14
4.1551e+13	1.4625e-15	1.225e-14
4.1717e+13	1.3991e-15	1.2945e-14
4.1884e+13	1.231e-15	1.2449e-14
4.205e+13	1.4158e-15	1.1817e-14
4.2216e+13	1.4842e-15	1.1748e-14
4.2382e+13	1.2635e-15	1.1476e-14
4.2548e+13	1.3076e-15	1.1363e-14
4.2715e+13	1.4826e-15	1.1984e-14
4.2881e+13	1.347e-15	1.2156e-14
4.3047e+13	1.2925e-15	1.1492e-14
4.3213e+13	1.4882e-15	1.1494e-14
4.338e+13	1.3845e-15	1.2057e-14
4.3546e+13	1.1237e-15	1.1514e-14
4.3712e+13	1.2618e-15	1.0439e-14
4.3878e+13	1.4294e-15	1.0603e-14
4.4044e+13	1.249e-15	1.1419e-14
4.4211e+13	1.2019e-15	1.1525e-14
4.4377e+13	1.3894e-15	1.1427e-14
4.4543e+13	1.3459e-15	1.1624e-14
4.4709e+13	1.1985e-15	1.1314e-14
4.4875e+13	1.2289e-15	1.0554e-14
4.5042e+13	1.1676e-15	1.0395e-14
4.5208e+13	1.0194e-15	1.061e-14
4.5374e+13	1.1109e-15	1.0417e-14
4.554e+13	1.1995e-15	1.043e-14
4.5706e+13	1.039e-15	1.1128e-14
4.5873e+13	1.0194e-15	1.1391e-14
4.6039e+13	1.2299e-15	1.0735e-14
4.6205e+13	1.2462e-15	1.0281e-14
4.6371e+13	1.0993e-15	1.0255e-14
4.6537e+13	1.0868e-15	9.7949e-15
4.6704e+13	1.1206e-15	9.327e-15
4.687e+13	1.1463e-15	9.6829e-15
4.7036e+13	1.2529e-15	1.0075e-14
4.7202e+13	1.2399e-15	9.9239e-15
4.7368e+13	1.0371e-15	1.0052e-14
4.7535e+13	9.7127e-16	1.0183e-14
4.7701e+13	1.0608e-15	9.2923e-15
4.7867e+13	1.0356e-15	8.6456e-15
4.8033e+13	9.8113e-16	9.6322e-15
4.8199e+13	1.0172e-15	1.0408e-14
4.8366e+13	9.8808e-16	9.5865e-15
4.8532e+13	9.3922e-16	9.2412e-15
4.8698e+13	9.7574e-16	1.0171e-14
4.8864e+13	8.9358e-16	1.0033e-14
4.903e+13	7.4762e-16	8.6643e-15
4.9197e+13	8.6965e-16	8.4849e-15
4.9363e+13	1.0369e-15	9.1858e-15
4.9529e+13	9.0233e-16	8.6837e-15
4.9695e+13	8.0892e-16	7.6884e-15
4.9861e+13	9.6199e-16	7.7916e-15
5.0028e+13	9.1926e-16	8.2057e-15
5.0194e+13	6.677e-16	8.0556e-15
5.036e+13	6.9237e-16	8.0875e-15
5.0526e+13	8.9004e-16	8.5138e-15
5.0693e+13	8.8478e-16	8.5885e-15
5.0859e+13	8.3067e-16	8.2145e-15
5.1025e+13	8.6432e-16	7.7982e-15
5.1191e+13	7.9081e-16	7.5574e-15
5.1357e+13	6.9291e-16	7.5883e-15
5.1524e+13	7.668e-16	7.6125e-15
5.169e+13	8.2831e-16	7.3455e-15
5.1856e+13	7.5886e-16	7.196e-15
5.2022e+13	7.3317e-16	7.3169e-15
5.2188e+13	7.501e-16	7.209e-15
5.2355e+13	7.1695e-16	7.143e-15
5.2521e+13	7.2751e-16	7.5255e-15
5.2687e+13	7.5944e-16	7.3039e-15
5.2853e+13	7.0219e-16	6.072e-15
5.3019e+13	6.8975e-16	5.5794e-15
5.3186e+13	7.7072e-16	6.4199e-15
5.3352e+13	7.3038e-16	6.9443e-15
5.3518e+13	6.0569e-16	6.8228e-15
5.3684e+13	6.1472e-16	7.0618e-15
5.385e+13	6.5815e-16	7.0849e-15
5.4017e+13	6.195e-16	6.3047e-15
5.4183e+13	6.4212e-16	6.0394e-15
5.4349e+13	7.0307e-16	6.601e-15
5.4515e+13	6.605e-16	6.479e-15
5.4681e+13	6.3933e-16	5.7082e-15
5.4848e+13	6.9649e-16	5.5725e-15
5.5014e+13	6.5394e-16	5.7676e-15
5.518e+13	5.8214e-16	5.6189e-15
5.5346e+13	6.4663e-16	5.6343e-15
5.5512e+13	6.6748e-16	5.7593e-15
5.5679e+13	5.6977e-16	5.3996e-15
5.5845e+13	5.9205e-16	5.1722e-15
5.6011e+13	6.6613e-16	5.5551e-15
5.6177e+13	5.5514e-16	5.6784e-15
5.6343e+13	4.6998e-16	5.374e-15
5.651e+13	6.0109e-16	5.4084e-15
5.6676e+13	6.6578e-16	5.4501e-15
5.6842e+13	5.5682e-16	4.9656e-15
5.7008e+13	5.2324e-16	4.7179e-15
5.7175e+13	5.5839e-16	5.0334e-15
5.7341e+13	5.1758e-16	5.0855e-15
5.7507e+13	5.0935e-16	4.7964e-15
5.7673e+13	5.5575e-16	4.7032e-15
5.7839e+13	5.0925e-16	4.6011e-15
5.8006e+13	4.5466e-16	4.4377e-15
5.8172e+13	5.0677e-16	4.6867e-15
5.8338e+13	5.2241e-16	4.9484e-15
5.8504e+13	4.7629e-16	4.5788e-15
5.867e+13	5.1526e-16	4.2072e-15
5.8837e+13	5.6249e-16	4.4421e-15
5.9003e+13	5.0975e-16	4.6517e-15
5.9169e+13	4.9251e-16	4.4133e-15
5.9335e+13	5.4426e-16	4.1454e-15
5.9501e+13	5.2358e-16	3.9987e-15
5.9668e+13	4.6497e-16	3.9174e-15
5.9834e+13	4.6624e-16	4.1107e-15
6e+13	4.7981e-16	4.3671e-15
6.0166e+13	5.0309e-16	4.1869e-15
6.0332e+13	5.4478e-16	3.8071e-15
6.0499e+13	4.9215e-16	3.7384e-15
6.0665e+13	3.9064e-16	3.8251e-15
6.0831e+13	4.1802e-16	3.7974e-15
6.0997e+13	4.72e-16	3.8385e-15
6.1163e+13	3.9823e-16	4.0523e-15
6.133e+13	3.5952e-16	4.1992e-15
6.1496e+13	4.3298e-16	4.1025e-15
6.1662e+13	4.3566e-16	3.8912e-15
6.1828e+13	3.95e-16	3.8524e-15
6.1994e+13	4.5598e-16	4.0093e-15
6.2161e+13	4.9591e-16	4.0126e-15
6.2327e+13	4.5362e-16	3.7826e-15
6.2493e+13	4.8722e-16	3.6902e-15
6.2659e+13	5.2941e-16	3.7708e-15
6.2825e+13	4.3505e-16	3.7127e-15
6.2992e+13	3.8764e-16	3.6377e-15
6.3158e+13	4.8104e-16	3.7582e-15
6.3324e+13	4.9057e-16	3.7581e-15
6.349e+13	4.1614e-16	3.5059e-15
6.3657e+13	4.4275e-16	3.4275e-15
6.3823e+13	4.6394e-16	3.6147e-15
6.3989e+13	3.9768e-16	3.7106e-15
6.4155e+13	4.3734e-16	3.658e-15
6.4321e+13	5.4342e-16	3.5994e-15
6.4488e+13	4.8357e-16	3.5602e-15
6.4654e+13	3.7481e-16	3.6665e-15
6.482e+13	4.0172e-16	3.8985e-15
6.4986e+13	4.3019e-16	3.8599e-15
6.5152e+13	4.0825e-16	3.4898e-15
6.5319e+13	4.5069e-16	3.2554e-15
6.5485e+13	4.5672e-16	3.3175e-15
6.5651e+13	3.5449e-16	3.4322e-15
6.5817e+13	3.4929e-16	3.4879e-15
6.5983e+13	4.5432e-16	3.4517e-15
6.615e+13	4.4613e-16	3.3344e-15
6.6316e+13	3.7368e-16	3.3255e-15
6.6482e+13	3.9592e-16	3.3954e-15
6.6648e+13	4.1895e-16	3.3287e-15
6.6814e+13	3.9772e-16	3.3173e-15
6.6981e+13	4.3551e-16	3.4871e-15
6.7147e+13	4.595e-16	3.418e-15
6.7313e+13	3.9093e-16	3.1783e-15
6.7479e+13	3.6468e-16	3.3764e-15
6.7645e+13	3.9214e-16	3.6669e-15
6.7812e+13	3.5151e-16	3.3601e-15
6.7978e+13	3.3909e-16	3.0829e-15
6.8144e+13	4.295e-16	3.4484e-15
6.831e+13	4.383e-16	3.609e-15
6.8476e+13	3.4695e-16	3.1559e-15
6.8643e+13	3.5292e-16	3.0357e-15
6.8809e+13	4.0892e-16	3.4576e-15
6.8975e+13	3.7671e-16	3.6535e-15
6.9141e+13	3.6864e-16	3.6085e-15
6.9307e+13	4.37e-16	3.5965e-15
6.9474e+13	4.409e-16	3.3231e-15
6.964e+13	4.0365e-16	3.0391e-15
6.9806e+13	4.3283e-16	3.3526e-15
6.9972e+13	4.4935e-16	3.697e-15
7.0139e+13	4.1398e-16	3.3703e-15
7.0305e+13	4.1841e-16	3.0659e-15
7.0471e+13	4.2542e-16	3.3541e-15
7.0637e+13	3.7812e-16	3.5633e-15
7.0803e+13	3.7826e-16	3.3808e-15
7.097e+13	4.3455e-16	3.3546e-15
7.1136e+13	4.3192e-16	3.5295e-15
7.1302e+13	4.0275e-16	3.4922e-15
7.1468e+13	4.0789e-16	3.3254e-15
7.1634e+13	3.836e-16	3.3053e-15
7.1801e+13	3.587e-16	3.3737e-15
7.1967e+13	4.0466e-16	3.3674e-15
7.2133e+13	4.1502e-16	3.2858e-15
7.2299e+13	3.5599e-16	3.3546e-15
7.2465e+13	3.7772e-16	3.6933e-15
7.2632e+13	4.3865e-16	3.8655e-15
7.2798e+13	3.882e-16	3.5586e-15
7.2964e+13	3.5327e-16	3.3275e-15
7.313e+13	4.4517e-16	3.5091e-15
7.3296e+13	4.726e-16	3.5509e-15
7.3463e+13	3.8386e-16	3.3862e-15
7.3629e+13	3.8382e-16	3.5452e-15
7.3795e+13	4.588e-16	3.6832e-15
7.3961e+13	4.39e-16	3.3499e-15
7.4127e+13	3.8399e-16	3.2683e-15
7.4294e+13	3.9537e-16	3.6807e-15
7.446e+13	4.0432e-16	3.635e-15
7.4626e+13	3.8885e-16	3.2547e-15
7.4792e+13	4.0048e-16	3.5672e-15
7.4958e+13	4.1391e-16	4.024e-15
7.5125e+13	4.179e-16	3.6321e-15
7.5291e+13	4.2443e-16	3.1805e-15
7.5457e+13	3.7424e-16	3.4217e-15
7.5623e+13	3.0083e-16	3.5717e-15
7.5789e+13	3.3657e-16	3.3446e-15
7.5956e+13	4.1543e-16	3.3866e-15
7.6122e+13	3.914e-16	3.5053e-15
7.6288e+13	3.5712e-16	3.3309e-15
7.6454e+13	4.1211e-16	3.4306e-15
7.662e+13	4.4552e-16	3.8372e-15
7.6787e+13	4.2696e-16	3.7951e-15
7.6953e+13	4.4746e-16	3.5222e-15
7.7119e+13	4.5726e-16	3.6346e-15
7.7285e+13	4.0459e-16	3.7065e-15
7.7452e+13	3.8724e-16	3.4912e-15
7.7618e+13	4.1114e-16	3.5813e-15
7.7784e+13	3.9951e-16	3.8421e-15
7.795e+13	4.0776e-16	3.6709e-15
7.8116e+13	4.4646e-16	3.5057e-15
7.8283e+13	4.0925e-16	3.7853e-15
7.8449e+13	3.6777e-16	3.879e-15
7.8615e+13	4.4381e-16	3.5923e-15
7.8781e+13	4.9558e-16	3.5962e-15
7.8947e+13	4.2407e-16	3.8564e-15
7.9114e+13	3.9134e-16	3.83e-15
7.928e+13	4.2893e-16	3.7208e-15
7.9446e+13	4.0965e-16	3.8415e-15
7.9612e+13	4.0422e-16	3.9103e-15
7.9778e+13	4.8615e-16	3.8416e-15
7.9945e+13	5.0492e-16	3.87e-15
8.0111e+13	4.3907e-16	3.9068e-15
8.0277e+13	4.371e-16	3.8511e-15
8.0443e+13	4.4926e-16	3.8719e-15
8.0609e+13	3.9701e-16	3.927e-15
8.0776e+13	4.1994e-16	3.9058e-15
8.0942e+13	5.2746e-16	3.9699e-15
8.1108e+13	5.3601e-16	4.0434e-15
8.1274e+13	4.7834e-16	3.8799e-15
8.144e+13	4.8063e-16	3.8357e-15
8.1607e+13	4.5642e-16	4.2681e-15
8.1773e+13	3.9035e-16	4.5671e-15
8.1939e+13	4.3037e-16	4.1787e-15
8.2105e+13	5.0931e-16	3.7058e-15
8.2271e+13	4.7536e-16	3.8052e-15
8.2438e+13	4.4174e-16	4.1411e-15
8.2604e+13	4.8626e-16	4.2444e-15
8.277e+13	4.5969e-16	4.222e-15
8.2936e+13	3.8865e-16	4.1807e-15
8.3102e+13	4.5472e-16	3.9946e-15
8.3269e+13	5.6608e-16	3.8099e-15
8.3435e+13	5.4326e-16	3.9686e-15
8.3601e+13	4.8029e-16	4.4014e-15
8.3767e+13	4.9441e-16	4.6768e-15
8.3934e+13	5.1063e-16	4.6315e-15
8.41e+13	4.8718e-16	4.5039e-15
8.4266e+13	4.7533e-16	4.4847e-15
8.4432e+13	4.8372e-16	4.5614e-15
8.4598e+13	5.1402e-16	4.7064e-15
8.4765e+13	5.6039e-16	4.8029e-15
8.4931e+13	5.4941e-16	4.6617e-15
8.5097e+13	4.7999e-16	4.4764e-15
8.5263e+13	4.6937e-16	4.6545e-15
8.5429e+13	5.3443e-16	4.944e-15
8.5596e+13	5.6974e-16	4.7268e-15
8.5762e+13	5.4814e-16	4.268e-15
8.5928e+13	5.2287e-16	4.3472e-15
8.6094e+13	5.1947e-16	4.8045e-15
8.626e+13	5.3514e-16	4.9412e-15
8.6427e+13	5.415e-16	4.8876e-15
8.6593e+13	5.2022e-16	5.0814e-15
8.6759e+13	5.2318e-16	5.1977e-15
8.6925e+13	5.6209e-16	4.9245e-15
8.7091e+13	5.5163e-16	4.7319e-15
8.7258e+13	5.0843e-16	4.857e-15
8.7424e+13	5.4402e-16	4.8137e-15
8.759e+13	6.0386e-16	4.5461e-15
8.7756e+13	5.7295e-16	4.6233e-15
8.7922e+13	5.4272e-16	5.0016e-15
8.8089e+13	6.1232e-16	5.0774e-15
8.8255e+13	6.7394e-16	4.9278e-15
8.8421e+13	6.4926e-16	5.0747e-15
8.8587e+13	6.0709e-16	5.3571e-15
8.8753e+13	5.7726e-16	5.2813e-15
8.892e+13	5.6253e-16	4.9333e-15
8.9086e+13	6.0929e-16	4.6833e-15
8.9252e+13	6.6666e-16	4.7304e-15
8.9418e+13	6.3181e-16	5.1968e-15
8.9584e+13	5.5929e-16	5.7644e-15
8.9751e+13	5.4737e-16	5.6878e-15
8.9917e+13	5.6584e-16	5.1158e-15
9.0083e+13	5.8632e-16	5.1423e-15
9.0249e+13	6.29e-16	5.7856e-15
9.0416e+13	6.4714e-16	5.9171e-15
9.0582e+13	6.1534e-16	5.5466e-15
9.0748e+13	6.0404e-16	5.6543e-15
9.0914e+13	6.2687e-16	6.0198e-15
9.108e+13	6.4064e-16	5.8642e-15
9.1247e+13	6.6644e-16	5.6324e-15
9.1413e+13	6.9461e-16	5.8518e-15
9.1579e+13	6.6264e-16	5.9698e-15
9.1745e+13	6.2781e-16	5.7932e-15
9.1911e+13	6.748e-16	5.8276e-15
9.2078e+13	7.228e-16	5.874e-15
9.2244e+13	6.9277e-16	5.6531e-15
9.241e+13	6.4775e-16	5.8478e-15
9.2576e+13	6.3259e-16	6.535e-15
9.2742e+13	6.5119e-16	6.6883e-15
9.2909e+13	7.277e-16	6.3932e-15
9.3075e+13	7.7681e-16	6.6827e-15
9.3241e+13	6.9511e-16	7.1204e-15
9.3407e+13	6.169e-16	6.6656e-15
9.3573e+13	6.7366e-16	5.9239e-15
9.374e+13	7.0774e-16	5.8391e-15
9.3906e+13	6.2876e-16	6.0037e-15
9.4072e+13	6.1862e-16	6.0189e-15
9.4238e+13	7.1327e-16	6.2138e-15
9.4404e+13	7.4715e-16	6.4286e-15
9.4571e+13	7.4359e-16	6.3029e-15
9.4737e+13	7.9257e-16	6.2162e-15
9.4903e+13	7.7259e-16	6.3354e-15
9.5069e+13	6.4395e-16	6.2182e-15
9.5235e+13	5.998e-16	6.0569e-15
9.5402e+13	6.8532e-16	6.3239e-15
9.5568e+13	7.4588e-16	6.4691e-15
9.5734e+13	7.5328e-16	6.0171e-15
9.59e+13	7.6603e-16	5.8245e-15
9.6066e+13	7.5139e-16	6.4497e-15
9.6233e+13	7.1276e-16	6.9149e-15
9.6399e+13	7.2841e-16	6.4856e-15
9.6565e+13	7.8032e-16	5.9482e-15
9.6731e+13	7.8479e-16	6.1031e-15
9.6898e+13	7.4497e-16	6.5129e-15
9.7064e+13	7.3076e-16	6.5343e-15
9.723e+13	7.8159e-16	6.4212e-15
9.7396e+13	8.4824e-16	6.6071e-15
9.7562e+13	8.3619e-16	6.7429e-15
9.7729e+13	7.7292e-16	6.4303e-15
9.7895e+13	7.8582e-16	6.2238e-15
9.8061e+13	8.4435e-16	6.7015e-15
9.8227e+13	8.0911e-16	7.2926e-15
9.8393e+13	7.2431e-16	7.3246e-15
9.856e+13	7.1157e-16	7.1843e-15
9.8726e+13	7.2353e-16	7.2372e-15
9.8892e+13	7.0472e-16	7.0179e-15
9.9058e+13	7.1247e-16	6.4326e-15
9.9224e+13	7.2982e-16	6.152e-15
9.9391e+13	7.0691e-16	6.3625e-15
9.9557e+13	7.1612e-16	6.632e-15
9.9723e+13	7.6228e-16	6.7897e-15
9.9889e+13	7.3191e-16	6.7885e-15
1.0006e+14	6.8613e-16	6.5464e-15
1.0022e+14	7.6238e-16	6.4933e-15
1.0039e+14	8.3856e-16	6.9787e-15
1.0055e+14	7.6993e-16	7.3035e-15
1.0072e+14	7.0614e-16	6.8658e-15
1.0089e+14	7.8255e-16	6.4363e-15
1.0105e+14	8.6504e-16	6.783e-15
1.0122e+14	8.2501e-16	7.3114e-15
1.0139e+14	7.1658e-16	7.338e-15
1.0155e+14	6.4855e-16	7.211e-15
1.0172e+14	6.9121e-16	7.2459e-15
1.0188e+14	7.9613e-16	7.0428e-15
1.0205e+14	8.109e-16	6.4982e-15
1.0222e+14	7.3146e-16	6.2061e-15
1.0238e+14	7.2087e-16	6.4397e-15
1.0255e+14	7.8945e-16	6.7468e-15
1.0271e+14	8.1881e-16	6.805e-15
1.0288e+14	8.3678e-16	6.8309e-15
1.0305e+14	8.8237e-16	6.9439e-15
1.0321e+14	8.453e-16	6.9166e-15
1.0338e+14	7.2601e-16	6.7309e-15
1.0355e+14	6.7684e-16	6.6032e-15
1.0371e+14	6.9265e-16	6.4475e-15
1.0388e+14	6.7403e-16	6.1501e-15
1.0404e+14	6.7011e-16	6.0786e-15
1.0421e+14	7.1726e-16	6.4084e-15
1.0438e+14	7.2732e-16	6.6117e-15
1.0454e+14	7.0523e-16	6.45e-15
1.0471e+14	7.2147e-16	6.3672e-15
1.0488e+14	7.1746e-16	6.3277e-15
1.0504e+14	6.5919e-16	5.8381e-15
1.0521e+14	6.4855e-16	5.3522e-15
1.0537e+14	6.8441e-16	5.7368e-15
1.0554e+14	6.5642e-16	6.4822e-15
1.0571e+14	6.074e-16	6.465e-15
1.0587e+14	6.4088e-16	5.9529e-15
1.0604e+14	6.835e-16	5.9032e-15
1.062e+14	6.4256e-16	6.1269e-15
1.0637e+14	5.9932e-16	5.9203e-15
1.0654e+14	6.3588e-16	5.5322e-15
1.067e+14	6.8175e-16	5.5067e-15
1.0687e+14	6.5969e-16	5.5502e-15
1.0704e+14	6.1612e-16	5.2611e-15
1.072e+14	6.2044e-16	5.0723e-15
1.0737e+14	6.4378e-16	5.4321e-15
1.0753e+14	6.2885e-16	5.8456e-15
1.077e+14	6.0305e-16	5.6767e-15
1.0787e+14	6.0507e-16	5.2253e-15
1.0803e+14	5.967e-16	5.1126e-15
1.082e+14	5.7229e-16	5.2434e-15
1.0837e+14	5.8766e-16	5.2087e-15
1.0853e+14	6.0179e-16	5.0328e-15
1.087e+14	5.4777e-16	4.8472e-15
1.0886e+14	5.2534e-16	4.5962e-15
1.0903e+14	6.0158e-16	4.4465e-15
1.092e+14	6.1605e-16	4.5766e-15
1.0936e+14	4.9889e-16	4.5863e-15
1.0953e+14	4.2963e-16	4.1739e-15
1.097e+14	4.6823e-16	3.9565e-15
1.0986e+14	4.8359e-16	4.4535e-15
1.1003e+14	4.758e-16	4.9901e-15
1.1019e+14	5.0804e-16	4.7512e-15
1.1036e+14	5.0379e-16	4.0606e-15
1.1053e+14	4.5845e-16	3.6702e-15
1.1069e+14	4.8785e-16	3.6606e-15
1.1086e+14	5.3256e-16	3.7504e-15
1.1102e+14	4.7113e-16	3.9086e-15
1.1119e+14	4.1089e-16	4.1291e-15
1.1136e+14	4.4041e-16	4.1477e-15
1.1152e+14	4.3119e-16	3.7985e-15
1.1169e+14	3.6702e-16	3.3876e-15
1.1186e+14	3.9735e-16	3.3573e-15
1.1202e+14	4.8197e-16	3.6433e-15
1.1219e+14	4.6177e-16	3.7834e-15
1.1235e+14	3.7346e-16	3.662e-15
1.1252e+14	3.3246e-16	3.5563e-15
1.1269e+14	3.3554e-16	3.4699e-15
1.1285e+14	3.5248e-16	3.2049e-15
1.1302e+14	3.6782e-16	2.9654e-15
1.1319e+14	3.5113e-16	3.0233e-15
1.1335e+14	3.3616e-16	3.1111e-15
1.1352e+14	3.6983e-16	2.9748e-15
1.1368e+14	3.8659e-16	2.9151e-15
1.1385e+14	3.3729e-16	3.0739e-15
1.1402e+14	2.9635e-16	3.0621e-15
1.1418e+14	3.0064e-16	2.8103e-15
1.1435e+14	3.0564e-16	2.7377e-15
1.1452e+14	3.0953e-16	2.83e-15
1.1468e+14	3.1436e-16	2.6955e-15
1.1485e+14	2.9039e-16	2.4817e-15
1.1501e+14	2.7389e-16	2.5817e-15
1.1518e+14	2.9849e-16	2.744e-15
1.1535e+14	2.9828e-16	2.5613e-15
1.1551e+14	2.6368e-16	2.3175e-15
1.1568e+14	2.7443e-16	2.3994e-15
1.1584e+14	3.041e-16	2.5285e-15
1.1601e+14	2.8433e-16	2.3655e-15
1.1618e+14	2.7047e-16	2.1542e-15
1.1634e+14	2.8707e-16	2.1742e-15
1.1651e+14	2.6344e-16	2.2638e-15
1.1668e+14	2.391e-16	2.2622e-15
1.1684e+14	2.8513e-16	2.2681e-15
1.1701e+14	3.0255e-16	2.2832e-15
1.1717e+14	2.3289e-16	2.1749e-15
1.1734e+14	1.994e-16	2.0033e-15
1.1751e+14	2.2765e-16	1.9297e-15
1.1767e+14	2.1236e-16	1.9355e-15
1.1784e+14	1.8407e-16	1.9399e-15
1.1801e+14	2.1721e-16	1.943e-15
1.1817e+14	2.3918e-16	1.8923e-15
1.1834e+14	2.1003e-16	1.7408e-15
1.185e+14	2.0042e-16	1.6422e-15
1.1867e+14	2.0138e-16	1.7097e-15
1.1884e+14	1.726e-16	1.7438e-15
1.19e+14	1.7392e-16	1.6003e-15
1.1917e+14	2.1585e-16	1.5102e-15
1.1934e+14	2.192e-16	1.6185e-15
1.195e+14	1.9585e-16	1.6595e-15
1.1967e+14	1.9664e-16	1.4951e-15
1.1983e+14	1.8214e-16	1.4084e-15
1.2e+14	1.4743e-16	1.5087e-15
1.2017e+14	1.5204e-16	1.5058e-15
1.2033e+14	1.6864e-16	1.3339e-15
1.205e+14	1.5008e-16	1.2766e-15
1.2066e+14	1.4255e-16	1.3482e-15
1.2083e+14	1.582e-16	1.3038e-15
1.21e+14	1.506e-16	1.2118e-15
1.2116e+14	1.4663e-16	1.2833e-15
1.2133e+14	1.6981e-16	1.3758e-15
1.215e+14	1.6148e-16	1.3202e-15
1.2166e+14	1.3282e-16	1.2985e-15
1.2183e+14	1.532e-16	1.3904e-15
1.2199e+14	1.766e-16	1.3472e-15
1.2216e+14	1.4658e-16	1.1469e-15
1.2233e+14	1.3164e-16	1.0897e-15
1.2249e+14	1.5933e-16	1.2141e-15
1.2266e+14	1.6114e-16	1.2692e-15
1.2283e+14	1.4357e-16	1.1966e-15
1.2299e+14	1.5333e-16	1.114e-15
1.2316e+14	1.5636e-16	1.054e-15
1.2332e+14	1.3591e-16	1.0389e-15
1.2349e+14	1.2985e-16	1.0887e-15
1.2366e+14	1.2465e-16	1.0788e-15
1.2382e+14	1.0503e-16	9.3954e-16
1.2399e+14	1.1036e-16	8.5599e-16
1.2416e+14	1.2621e-16	9.5431e-16
1.2432e+14	1.1038e-16	1.0664e-15
1.2449e+14	1.0454e-16	1.0331e-15
1.2465e+14	1.2527e-16	9.3138e-16
1.2482e+14	1.0893e-16	8.8154e-16
1.2499e+14	7.5613e-17	8.811e-16
1.2515e+14	9.4859e-17	8.6533e-16
1.2532e+14	1.1944e-16	8.0552e-16
1.2548e+14	1.0161e-16	7.5746e-16
1.2565e+14	9.8963e-17	7.9672e-16
1.2582e+14	1.1424e-16	8.8415e-16
1.2598e+14	9.4511e-17	9.0802e-16
1.2615e+14	8.2758e-17	8.5542e-16
1.2632e+14	1.1079e-16	8.028e-16
1.2648e+14	1.091e-16	7.8398e-16
1.2665e+14	8.1642e-17	7.7709e-16
1.2681e+14	9.7243e-17	7.5982e-16
1.2698e+14	1.1155e-16	7.3746e-16
1.2715e+14	8.0314e-17	7.3936e-16
1.2731e+14	7.8066e-17	7.4815e-16
1.2748e+14	1.1158e-16	6.9617e-16
1.2765e+14	9.8943e-17	6.2056e-16
1.2781e+14	6.9598e-17	6.4482e-16
1.2798e+14	8.5088e-17	7.2753e-16
1.2814e+14	9.1945e-17	7.0948e-16
1.2831e+14	6.9127e-17	6.2191e-16
1.2848e+14	7.5215e-17	6.1133e-16
1.2864e+14	8.7696e-17	6.5012e-16
1.2881e+14	6.487e-17	6.4214e-16
1.2898e+14	6.0974e-17	6.2402e-16
1.2914e+14	8.5813e-17	6.3124e-16
1.2931e+14	7.6425e-17	6.1494e-16
1.2947e+14	5.7786e-17	5.8488e-16
1.2964e+14	7.5925e-17	5.9167e-16
1.2981e+14	8.0462e-17	6.1198e-16
1.2997e+14	5.9374e-17	6.1626e-16
1.3014e+14	6.7977e-17	6.1243e-16
1.303e+14	7.9533e-17	5.8432e-16
1.3047e+14	5.6527e-17	5.4389e-16
1.3064e+14	5.6301e-17	5.4852e-16
1.308e+14	8.4425e-17	5.6882e-16
1.3097e+14	7.305e-17	5.3339e-16
1.3114e+14	5.0188e-17	4.9232e-16
1.313e+14	6.9389e-17	5.124e-16
1.3147e+14	7.8091e-17	5.366e-16
1.3163e+14	5.3641e-17	5.199e-16
1.318e+14	5.3701e-17	5.0438e-16
1.3197e+14	6.6569e-17	4.9846e-16
1.3213e+14	5.4257e-17	4.854e-16
1.323e+14	5.7539e-17	4.8914e-16
1.3247e+14	8.0145e-17	5.0028e-16
1.3263e+14	6.7346e-17	4.854e-16
1.328e+14	4.6733e-17	4.7265e-16
1.3296e+14	6.1071e-17	4.6845e-16
1.3313e+14	6.2186e-17	4.2667e-16
1.333e+14	4.0854e-17	3.9025e-16
1.3346e+14	5.2803e-17	4.2557e-16
1.3363e+14	7.2004e-17	4.5637e-16
1.338e+14	5.4773e-17	4.2165e-16
1.3396e+14	4.9689e-17	4.1068e-16
1.3413e+14	6.9237e-17	4.4802e-16
1.3429e+14	5.8517e-17	4.4148e-16
1.3446e+14	3.984e-17	4.0592e-16
1.3463e+14	5.4643e-17	4.1413e-16
1.3479e+14	5.6276e-17	4.1975e-16
1.3496e+14	3.3719e-17	3.8778e-16
1.3512e+14	4.1858e-17	3.7959e-16
1.3529e+14	5.946e-17	3.8828e-16
1.3546e+14	4.4526e-17	3.635e-16
1.3562e+14	4.0335e-17	3.5168e-16
1.3579e+14	5.865e-17	3.7724e-16
1.3596e+14	5.022e-17	3.7469e-16
1.3612e+14	3.6384e-17	3.5394e-16
1.3629e+14	5.2155e-17	3.7008e-16
1.3645e+14	5.2435e-17	3.708e-16
1.3662e+14	3.189e-17	3.2322e-16
1.3679e+14	4.2118e-17	3.1158e-16
1.3695e+14	5.5198e-17	3.4984e-16
1.3712e+14	3.2326e-17	3.5337e-16
1.3729e+14	2.5476e-17	3.2564e-16
1.3745e+14	4.7695e-17	3.2446e-16
1.3762e+14	4.3634e-17	3.3156e-16
1.3778e+14	3.0692e-17	3.2275e-16
1.3795e+14	4.5909e-17	3.1745e-16
1.3812e+14	4.7635e-17	3.124e-16
1.3828e+14	3.0402e-17	3.0323e-16
1.3845e+14	4.2594e-17	3.0801e-16
1.3861e+14	5.4797e-17	3.0893e-16
1.3878e+14	3.1068e-17	2.9029e-16
1.3895e+14	2.6425e-17	2.8833e-16
1.3911e+14	5.1436e-17	3.0338e-16
1.3928e+14	4.5901e-17	2.981e-16
1.3945e+14	2.8822e-17	2.9675e-16
1.3961e+14	4.3104e-17	3.1603e-16
1.3978e+14	4.573e-17	2.9947e-16
1.3994e+14	2.5013e-17	2.5476e-16
1.4011e+14	3.2787e-17	2.5801e-16
1.4028e+14	4.9369e-17	2.8511e-16
1.4044e+14	3.599e-17	2.7321e-16
1.4061e+14	3.4203e-17	2.6243e-16
1.4078e+14	5.1861e-17	2.8203e-16
1.4094e+14	3.9707e-17	2.8232e-16
1.4111e+14	2.3439e-17	2.6755e-16
1.4127e+14	4.1798e-17	2.7482e-16
1.4144e+14	4.6518e-17	2.7059e-16
1.4161e+14	2.5187e-17	2.471e-16
1.4177e+14	3.053e-17	2.5574e-16
1.4194e+14	4.3586e-17	2.7364e-16
1.4211e+14	2.7157e-17	2.5328e-16
1.4227e+14	2.4842e-17	2.3948e-16
1.4244e+14	4.4814e-17	2.5419e-16
1.426e+14	3.5751e-17	2.458e-16
1.4277e+14	2.1336e-17	2.2961e-16
1.4294e+14	3.9849e-17	2.4713e-16
1.431e+14	4.3289e-17	2.4913e-16
1.4327e+14	2.122e-17	2.1866e-16
1.4343e+14	2.9167e-17	2.2371e-16
1.436e+14	4.5315e-17	2.5171e-16
1.4377e+14	2.5948e-17	2.3787e-16
1.4393e+14	1.7896e-17	2.1657e-16
1.441e+14	3.9645e-17	2.2516e-16
1.4427e+14	3.7416e-17	2.2085e-16
1.4443e+14	2.2749e-17	2.092e-16
1.446e+14	3.5524e-17	2.298e-16
1.4476e+14	3.8902e-17	2.4034e-16
1.4493e+14	2.019e-17	2.1807e-16
1.451e+14	2.6312e-17	2.207e-16
1.4526e+14	4.0391e-17	2.394e-16
1.4543e+14	2.6107e-17	2.1936e-16
1.456e+14	2.3578e-17	1.9906e-16
1.4576e+14	4.3455e-17	2.1398e-16
1.4593e+14	3.6443e-17	2.1318e-16
1.4609e+14	2.0355e-17	1.9615e-16
1.4626e+14	3.4122e-17	2.1176e-16
1.4643e+14	3.8086e-17	2.2763e-16
1.4659e+14	1.8662e-17	2.1013e-16
1.4676e+14	2.3643e-17	2.055e-16
1.4693e+14	3.8135e-17	2.1805e-16
1.4709e+14	2.4489e-17	2.045e-16
1.4726e+14	1.9023e-17	1.8749e-16
1.4742e+14	3.5014e-17	1.912e-16
1.4759e+14	2.9303e-17	1.8393e-16
1.4776e+14	1.7137e-17	1.7793e-16
1.4792e+14	3.1287e-17	2.013e-16
1.4809e+14	3.4763e-17	2.0803e-16
1.4825e+14	1.809e-17	1.8573e-16
1.4842e+14	2.4938e-17	1.9194e-16
1.4859e+14	3.785e-17	2.0575e-16
1.4875e+14	2.4053e-17	1.7684e-16
1.4892e+14	2.1112e-17	1.6476e-16
1.4909e+14	3.751e-17	2.0264e-16
1.4925e+14	2.9391e-17	2.0844e-16
1.4942e+14	1.5273e-17	1.7336e-16
1.4958e+14	2.8408e-17	1.7493e-16
1.4975e+14	3.1469e-17	1.9353e-16
1.4992e+14	1.5903e-17	1.7901e-16
1.5008e+14	2.4168e-17	1.7617e-16
1.5025e+14	3.6973e-17	1.9946e-16
1.5042e+14	2.2305e-17	1.9326e-16
1.5058e+14	1.8088e-17	1.7385e-16
1.5075e+14	3.2727e-17	1.8597e-16
1.5091e+14	2.5637e-17	1.9211e-16
1.5108e+14	1.6657e-17	1.7116e-16
1.5125e+14	3.2815e-17	1.6597e-16
1.5141e+14	3.2673e-17	1.7352e-16
1.5158e+14	1.3358e-17	1.6593e-16
1.5175e+14	2.1982e-17	1.6668e-16
1.5191e+14	3.5475e-17	1.8034e-16
1.5208e+14	1.9661e-17	1.7597e-16
1.5224e+14	1.6293e-17	1.6808e-16
1.5241e+14	3.3747e-17	1.7452e-16
1.5258e+14	2.6456e-17	1.6868e-16
1.5274e+14	1.4433e-17	1.5814e-16
1.5291e+14	2.9582e-17	1.6992e-16
1.5307e+14	3.0918e-17	1.7098e-16
1.5324e+14	1.2283e-17	1.4836e-16
1.5341e+14	2.0286e-17	1.5367e-16
1.5357e+14	3.3559e-17	1.7935e-16
1.5374e+14	1.8532e-17	1.698e-16
1.5391e+14	1.6498e-17	1.5032e-16
1.5407e+14	3.4346e-17	1.6309e-16
1.5424e+14	2.5125e-17	1.7364e-16
1.544e+14	1.0885e-17	1.6379e-16
1.5457e+14	2.7089e-17	1.6296e-16
1.5474e+14	3.1827e-17	1.619e-16
1.549e+14	1.4982e-17	1.4782e-16
1.5507e+14	2.2379e-17	1.531e-16
1.5524e+14	3.4435e-17	1.739e-16
1.554e+14	1.8271e-17	1.7096e-16
1.5557e+14	1.5561e-17	1.5689e-16
1.5573e+14	3.3769e-17	1.5384e-16
1.559e+14	2.5362e-17	1.4612e-16
1.5607e+14	1.1991e-17	1.4456e-16
1.5623e+14	2.9045e-17	1.6708e-16
1.564e+14	3.2668e-17	1.759e-16
1.5657e+14	1.2357e-17	1.559e-16
1.5673e+14	1.8467e-17	1.4971e-16
1.569e+14	3.3328e-17	1.5617e-16
1.5706e+14	1.886e-17	1.4507e-16
1.5723e+14	1.444e-17	1.4095e-16
1.574e+14	3.215e-17	1.5612e-16
1.5756e+14	2.5278e-17	1.5367e-16
1.5773e+14	1.1185e-17	1.4142e-16
1.5789e+14	2.6537e-17	1.4911e-16
1.5806e+14	3.2267e-17	1.4763e-16
1.5823e+14	1.5661e-17	1.276e-16
1.5839e+14	2.1569e-17	1.3434e-16
1.5856e+14	3.2973e-17	1.5746e-16
1.5873e+14	1.6404e-17	1.5157e-16
1.5889e+14	1.3385e-17	1.3801e-16
1.5906e+14	3.4141e-17	1.4213e-16
1.5922e+14	2.7798e-17	1.4201e-16
1.5939e+14	1.0709e-17	1.45e-16
1.5956e+14	2.404e-17	1.6398e-16
1.5972e+14	3.0354e-17	1.5828e-16
1.5989e+14	1.2525e-17	1.262e-16
1.6006e+14	1.5898e-17	1.2388e-16
1.6022e+14	2.9295e-17	1.4185e-16
1.6039e+14	1.6643e-17	1.3758e-16
1.6055e+14	1.2289e-17	1.3706e-16
1.6072e+14	3.0386e-17	1.5307e-16
1.6089e+14	2.6958e-17	1.4525e-16
1.6105e+14	1.2968e-17	1.291e-16
1.6122e+14	2.3868e-17	1.4262e-16
1.6139e+14	2.8907e-17	1.4962e-16
1.6155e+14	1.5365e-17	1.3191e-16
1.6172e+14	2.1439e-17	1.3449e-16
1.6188e+14	3.2517e-17	1.4791e-16
1.6205e+14	1.8207e-17	1.3458e-16
1.6222e+14	1.4121e-17	1.2928e-16
1.6238e+14	2.9963e-17	1.4893e-16
1.6255e+14	2.2835e-17	1.4685e-16
1.6271e+14	8.8516e-18	1.3416e-16
1.6288e+14	2.32e-17	1.5042e-16
1.6305e+14	3.0375e-17	1.5505e-16
1.6321e+14	1.5655e-17	1.2743e-16
1.6338e+14	1.9833e-17	1.2697e-16
1.6355e+14	3.1115e-17	1.532e-16
1.6371e+14	1.7661e-17	1.5097e-16
1.6388e+14	1.2116e-17	1.4127e-16
1.6404e+14	2.6395e-17	1.541e-16
1.6421e+14	2.1821e-17	1.4991e-16
1.6438e+14	1.1381e-17	1.263e-16
1.6454e+14	2.3772e-17	1.2706e-16
1.6471e+14	2.5645e-17	1.356e-16
1.6488e+14	9.7419e-18	1.2565e-16
1.6504e+14	1.7029e-17	1.2639e-16
1.6521e+14	3.0234e-17	1.4017e-16
1.6537e+14	1.6739e-17	1.398e-16
1.6554e+14	1.22e-17	1.4187e-16
1.6571e+14	2.8065e-17	1.5192e-16
1.6587e+14	2.2977e-17	1.3854e-16
1.6604e+14	1.0555e-17	1.206e-16
1.662e+14	2.2506e-17	1.3047e-16
1.6637e+14	2.6221e-17	1.3495e-16
1.6654e+14	1.2161e-17	1.2285e-16
1.667e+14	1.8959e-17	1.3311e-16
1.6687e+14	2.9519e-17	1.4524e-16
1.6704e+14	1.3817e-17	1.2431e-16
1.672e+14	9.5244e-18	1.1552e-16
1.6737e+14	2.6708e-17	1.3585e-16
1.6753e+14	2.1509e-17	1.3185e-16
1.677e+14	8.4986e-18	1.1639e-16
1.6787e+14	2.1699e-17	1.3633e-16
1.6803e+14	2.6638e-17	1.5015e-16
1.682e+14	1.1027e-17	1.2899e-16
1.6837e+14	1.6563e-17	1.2639e-16
1.6853e+14	2.9913e-17	1.4288e-16
1.687e+14	1.7521e-17	1.3158e-16
1.6886e+14	1.2487e-17	1.2113e-16
1.6903e+14	2.7426e-17	1.3746e-16
1.692e+14	2.2028e-17	1.3495e-16
1.6936e+14	9.6032e-18	1.1838e-16
1.6953e+14	2.3626e-17	1.3298e-16
1.697e+14	3.0697e-17	1.4243e-16
1.6986e+14	1.5526e-17	1.1598e-16
1.7003e+14	1.7188e-17	1.1142e-16
1.7019e+14	2.6821e-17	1.3966e-16
1.7036e+14	1.4769e-17	1.4258e-16
1.7053e+14	1.0823e-17	1.2818e-16
1.7069e+14	2.5473e-17	1.3146e-16
1.7086e+14	2.1496e-17	1.2775e-16
1.7102e+14	1.1793e-17	1.1503e-16
1.7119e+14	2.5281e-17	1.2652e-16
1.7136e+14	2.9257e-17	1.3833e-16
1.7152e+14	1.3354e-17	1.2543e-16
1.7169e+14	1.6735e-17	1.2421e-16
1.7186e+14	2.6846e-17	1.365e-16
1.7202e+14	1.3911e-17	1.263e-16
1.7219e+14	1.0297e-17	1.1724e-16
1.7235e+14	2.586e-17	1.3192e-16
1.7252e+14	2.0369e-17	1.2841e-16
1.7269e+14	7.4857e-18	1.052e-16
1.7285e+14	2.0543e-17	1.1131e-16
1.7302e+14	2.7434e-17	1.3279e-16
1.7319e+14	1.3366e-17	1.3045e-16
1.7335e+14	1.6272e-17	1.2149e-16
1.7352e+14	2.6863e-17	1.1846e-16
1.7368e+14	1.5098e-17	1.0905e-16
1.7385e+14	1.0633e-17	1.1099e-16
1.7402e+14	2.5974e-17	1.2861e-16
1.7418e+14	2.3598e-17	1.2892e-16
1.7435e+14	1.2022e-17	1.2053e-16
1.7452e+14	2.1212e-17	1.3069e-16
1.7468e+14	2.5407e-17	1.3326e-16
1.7485e+14	1.356e-17	1.1842e-16
1.7501e+14	1.8028e-17	1.2271e-16
1.7518e+14	2.7373e-17	1.3398e-16
1.7535e+14	1.614e-17	1.2053e-16
1.7551e+14	1.3314e-17	1.164e-16
1.7568e+14	2.7007e-17	1.3804e-16
1.7584e+14	2.2711e-17	1.3996e-16
1.7601e+14	1.3329e-17	1.2392e-16
1.7618e+14	2.4362e-17	1.2641e-16
1.7634e+14	2.5708e-17	1.2666e-16
1.7651e+14	1.1203e-17	1.1356e-16
1.7668e+14	1.7373e-17	1.241e-16
1.7684e+14	2.8626e-17	1.4363e-16
1.7701e+14	1.616e-17	1.3403e-16
1.7717e+14	1.2112e-17	1.2703e-16
1.7734e+14	2.6832e-17	1.4023e-16
1.7751e+14	2.356e-17	1.3138e-16
1.7767e+14	1.3933e-17	1.1194e-16
1.7784e+14	2.483e-17	1.2519e-16
1.7801e+14	2.642e-17	1.397e-16
1.7817e+14	1.1465e-17	1.2812e-16
1.7834e+14	1.6391e-17	1.2702e-16
1.785e+14	2.628e-17	1.3375e-16
1.7867e+14	1.335e-17	1.1963e-16
1.7884e+14	1.0898e-17	1.1806e-16
1.79e+14	2.7866e-17	1.3958e-16
1.7917e+14	2.3884e-17	1.331e-16
1.7934e+14	1.1545e-17	1.1286e-16
1.795e+14	2.3477e-17	1.293e-16
1.7967e+14	2.9736e-17	1.4607e-16
1.7983e+14	1.5907e-17	1.3183e-16
1.8e+14	1.7609e-17	1.3325e-16
1.8017e+14	2.7134e-17	1.4665e-16
1.8033e+14	1.7178e-17	1.253e-16
1.805e+14	1.3987e-17	1.0828e-16
1.8066e+14	2.6957e-17	1.3347e-16
1.8083e+14	2.2604e-17	1.432e-16
1.81e+14	1.2321e-17	1.1991e-16
1.8116e+14	2.2813e-17	1.2016e-16
1.8133e+14	2.6762e-17	1.3609e-16
1.815e+14	1.5192e-17	1.277e-16
1.8166e+14	1.9993e-17	1.2203e-16
1.8183e+14	2.7891e-17	1.3329e-16
1.8199e+14	1.5096e-17	1.2839e-16
1.8216e+14	1.3077e-17	1.1849e-16
1.8233e+14	2.857e-17	1.2748e-16
1.8249e+14	2.3833e-17	1.2805e-16
1.8266e+14	1.2177e-17	1.1826e-16
1.8283e+14	2.3076e-17	1.308e-16
1.8299e+14	2.6914e-17	1.4525e-16
1.8316e+14	1.3022e-17	1.3511e-16
1.8332e+14	1.7369e-17	1.309e-16
1.8349e+14	2.9157e-17	1.388e-16
1.8366e+14	1.9088e-17	1.2992e-16
1.8382e+14	1.4125e-17	1.2314e-16
1.8399e+14	2.6096e-17	1.3835e-16
1.8416e+14	2.265e-17	1.4169e-16
1.8432e+14	1.3085e-17	1.2771e-16
1.8449e+14	2.24e-17	1.2735e-16
1.8465e+14	2.4763e-17	1.2925e-16
1.8482e+14	1.2695e-17	1.218e-16
1.8499e+14	1.8282e-17	1.3136e-16
1.8515e+14	2.854e-17	1.4528e-16
1.8532e+14	1.7482e-17	1.3219e-16
1.8548e+14	1.3066e-17	1.2266e-16
1.8565e+14	2.5128e-17	1.3592e-16
1.8582e+14	2.2214e-17	1.3237e-16
1.8598e+14	1.4647e-17	1.1701e-16
1.8615e+14	2.4731e-17	1.3038e-16
1.8632e+14	2.5663e-17	1.4628e-16
1.8648e+14	1.2577e-17	1.3397e-16
1.8665e+14	1.7638e-17	1.2579e-16
1.8681e+14	2.6337e-17	1.2945e-16
1.8698e+14	1.4967e-17	1.2108e-16
1.8715e+14	1.2935e-17	1.2206e-16
1.8731e+14	2.6018e-17	1.4108e-16
1.8748e+14	2.0974e-17	1.3834e-16
1.8765e+14	1.2616e-17	1.2515e-16
1.8781e+14	2.4899e-17	1.403e-16
1.8798e+14	2.7128e-17	1.4894e-16
1.8814e+14	1.3649e-17	1.26e-16
1.8831e+14	1.9173e-17	1.214e-16
1.8848e+14	2.817e-17	1.4001e-16
1.8864e+14	1.5574e-17	1.3567e-16
1.8881e+14	1.3853e-17	1.2818e-16
1.8898e+14	2.9309e-17	1.46e-16
1.8914e+14	2.4008e-17	1.4982e-16
1.8931e+14	1.2733e-17	1.3418e-16
1.8947e+14	2.4594e-17	1.4037e-16
1.8964e+14	2.8047e-17	1.4823e-16
1.8981e+14	1.2923e-17	1.2995e-16
1.8997e+14	1.6947e-17	1.261e-16
1.9014e+14	2.9141e-17	1.4382e-16
1.903e+14	1.9608e-17	1.3811e-16
1.9047e+14	1.5605e-17	1.2495e-16
1.9064e+14	2.8026e-17	1.3771e-16
1.908e+14	2.3105e-17	1.4382e-16
1.9097e+14	1.1655e-17	1.3475e-16
1.9114e+14	2.1373e-17	1.4915e-16
1.913e+14	2.5916e-17	1.6501e-16
1.9147e+14	1.5368e-17	1.4485e-16
1.9163e+14	2.1184e-17	1.3022e-16
1.918e+14	3.1143e-17	1.4749e-16
1.9197e+14	2.0009e-17	1.5245e-16
1.9213e+14	1.6262e-17	1.3692e-16
1.923e+14	2.8444e-17	1.3234e-16
1.9247e+14	2.3157e-17	1.2968e-16
1.9263e+14	1.2974e-17	1.2335e-16
1.928e+14	2.4056e-17	1.3761e-16
1.9296e+14	2.743e-17	1.5282e-16
1.9313e+14	1.4323e-17	1.3618e-16
1.933e+14	1.9589e-17	1.1961e-16
1.9346e+14	3.1134e-17	1.3133e-16
1.9363e+14	2.0469e-17	1.4043e-16
1.938e+14	1.5202e-17	1.3324e-16
1.9396e+14	2.6728e-17	1.3099e-16
1.9413e+14	2.2698e-17	1.3344e-16
1.9429e+14	1.3233e-17	1.3536e-16
1.9446e+14	2.3465e-17	1.4432e-16
1.9463e+14	2.61e-17	1.4726e-16
1.9479e+14	1.2896e-17	1.3368e-16
1.9496e+14	1.7698e-17	1.2506e-16
1.9512e+14	2.8421e-17	1.2806e-16
1.9529e+14	1.7398e-17	1.283e-16
1.9546e+14	1.2751e-17	1.3347e-16
1.9562e+14	2.5856e-17	1.4447e-16
1.9579e+14	2.3119e-17	1.3747e-16
1.9596e+14	1.3671e-17	1.2351e-16
1.9612e+14	2.4317e-17	1.334e-16
1.9629e+14	2.8913e-17	1.4757e-16
1.9645e+14	1.6493e-17	1.3907e-16
1.9662e+14	1.9502e-17	1.2977e-16
1.9679e+14	2.9214e-17	1.35e-16
1.9695e+14	1.927e-17	1.3829e-16
1.9712e+14	1.4579e-17	1.3756e-16
1.9729e+14	2.612e-17	1.374e-16
1.9745e+14	2.3019e-17	1.3094e-16
1.9762e+14	1.3342e-17	1.2852e-16
1.9778e+14	2.172e-17	1.3897e-16
1.9795e+14	2.4618e-17	1.4072e-16
1.9812e+14	1.3286e-17	1.3104e-16
1.9828e+14	1.7598e-17	1.3472e-16
1.9845e+14	2.7555e-17	1.4292e-16
1.9861e+14	1.8656e-17	1.3499e-16
1.9878e+14	1.5219e-17	1.2849e-16
1.9895e+14	2.6783e-17	1.3261e-16
1.9911e+14	2.4455e-17	1.3041e-16
1.9928e+14	1.6706e-17	1.3055e-16
1.9945e+14	2.4628e-17	1.4171e-16
1.9961e+14	2.5111e-17	1.3821e-16
1.9978e+14	1.3962e-17	1.2318e-16
1.9994e+14	1.9623e-17	1.2901e-16
2.0011e+14	2.6726e-17	1.3984e-16
2.0028e+14	1.3488e-17	1.3101e-16
2.0044e+14	1.1368e-17	1.2995e-16
2.0061e+14	2.7563e-17	1.4405e-16
2.0078e+14	2.5051e-17	1.3975e-16
2.0094e+14	1.3446e-17	1.2682e-16
2.0111e+14	2.1828e-17	1.3325e-16
2.0127e+14	2.6875e-17	1.3751e-16
2.0144e+14	1.6867e-17	1.2841e-16
2.0161e+14	1.9688e-17	1.3006e-16
2.0177e+14	2.6672e-17	1.3203e-16
2.0194e+14	1.668e-17	1.1873e-16
2.0211e+14	1.4807e-17	1.2018e-16
2.0227e+14	2.7328e-17	1.3677e-16
2.0244e+14	2.3169e-17	1.3004e-16
2.026e+14	1.3261e-17	1.1622e-16
2.0277e+14	2.1684e-17	1.2562e-16
2.0294e+14	2.4031e-17	1.2777e-16
2.031e+14	1.3059e-17	1.1516e-16
2.0327e+14	1.7922e-17	1.277e-16
2.0343e+14	2.6582e-17	1.46e-16
2.036e+14	1.6669e-17	1.282e-16
2.0377e+14	1.4765e-17	1.112e-16
2.0393e+14	2.6806e-17	1.2596e-16
2.041e+14	2.1077e-17	1.32e-16
2.0427e+14	1.0911e-17	1.206e-16
2.0443e+14	2.1781e-17	1.2505e-16
2.046e+14	2.6039e-17	1.3122e-16
2.0476e+14	1.3971e-17	1.2025e-16
2.0493e+14	1.7211e-17	1.187e-16
2.051e+14	2.5871e-17	1.2709e-16
2.0526e+14	1.5797e-17	1.2117e-16
2.0543e+14	1.2597e-17	1.1728e-16
2.056e+14	2.4239e-17	1.2537e-16
2.0576e+14	1.9803e-17	1.2097e-16
2.0593e+14	1.111e-17	1.1533e-16
2.0609e+14	2.2531e-17	1.295e-16
2.0626e+14	2.5928e-17	1.3158e-16
2.0643e+14	1.2138e-17	1.1232e-16
2.0659e+14	1.559e-17	1.1358e-16
2.0676e+14	2.6941e-17	1.2726e-16
2.0693e+14	1.7354e-17	1.1553e-16
2.0709e+14	1.1051e-17	1.0382e-16
2.0726e+14	2.2426e-17	1.158e-16
2.0742e+14	2.2681e-17	1.183e-16
2.0759e+14	1.5845e-17	1.0934e-16
2.0776e+14	2.3234e-17	1.1937e-16
2.0792e+14	2.4577e-17	1.3075e-16
2.0809e+14	1.3971e-17	1.249e-16
2.0825e+14	1.8745e-17	1.2568e-16
2.0842e+14	2.7081e-17	1.2783e-16
2.0859e+14	1.6566e-17	1.1006e-16
2.0875e+14	1.2874e-17	1.0241e-16
2.0892e+14	2.4322e-17	1.1906e-16
2.0909e+14	2.1123e-17	1.1926e-16
2.0925e+14	1.2942e-17	1.0301e-16
2.0942e+14	2.2399e-17	1.0697e-16
2.0958e+14	2.4916e-17	1.1522e-16
2.0975e+14	1.3394e-17	1.0526e-16
2.0992e+14	1.8025e-17	1.0168e-16
2.1008e+14	2.7487e-17	1.0856e-16
2.1025e+14	1.7241e-17	1.0644e-16
2.1042e+14	1.282e-17	1.0947e-16
2.1058e+14	2.3737e-17	1.1967e-16
2.1075e+14	1.97e-17	1.0896e-16
2.1091e+14	1.009e-17	9.5699e-17
2.1108e+14	1.9323e-17	1.1086e-16
2.1125e+14	2.3142e-17	1.2038e-16
2.1141e+14	1.1991e-17	1.0313e-16
2.1158e+14	1.5465e-17	9.8785e-17
2.1175e+14	2.4525e-17	1.0953e-16
2.1191e+14	1.5265e-17	1.0155e-16
2.1208e+14	1.1776e-17	9.342e-17
2.1224e+14	2.3464e-17	1.0585e-16
2.1241e+14	2.0416e-17	1.0885e-16
2.1258e+14	1.0922e-17	9.9128e-17
2.1274e+14	1.8962e-17	1.0242e-16
2.1291e+14	2.1602e-17	1.0226e-16
2.1307e+14	1.022e-17	8.8464e-17
2.1324e+14	1.4506e-17	9.3638e-17
2.1341e+14	2.5015e-17	1.1022e-16
2.1357e+14	1.6051e-17	1.0063e-16
2.1374e+14	1.0684e-17	8.6076e-17
2.1391e+14	2.0722e-17	9.6502e-17
2.1407e+14	1.8423e-17	1.0598e-16
2.1424e+14	1.0478e-17	1.0018e-16
2.144e+14	1.9098e-17	9.7289e-17
2.1457e+14	2.163e-17	9.2192e-17
2.1474e+14	9.1185e-18	8.1773e-17
2.149e+14	1.1561e-17	8.5969e-17
2.1507e+14	2.2457e-17	9.3167e-17
2.1524e+14	1.6338e-17	8.2751e-17
2.154e+14	1.1883e-17	7.9424e-17
2.1557e+14	1.9986e-17	9.3356e-17
2.1573e+14	1.7084e-17	9.3043e-17
2.159e+14	1.0372e-17	8.1124e-17
2.1607e+14	1.8728e-17	8.2057e-17
2.1623e+14	2.0416e-17	8.2006e-17
2.164e+14	9.4199e-18	7.6515e-17
2.1657e+14	1.3374e-17	8.6487e-17
2.1673e+14	2.2346e-17	9.2925e-17
2.169e+14	1.341e-17	7.6192e-17
2.1706e+14	9.1848e-18	7.2032e-17
2.1723e+14	1.9164e-17	8.7907e-17
2.174e+14	1.6225e-17	8.2951e-17
2.1756e+14	7.9398e-18	6.8579e-17
2.1773e+14	1.6469e-17	7.7752e-17
2.1789e+14	2.0666e-17	8.185e-17
2.1806e+14	1.1035e-17	6.7766e-17
2.1823e+14	1.3067e-17	7.389e-17
2.1839e+14	1.9911e-17	8.881e-17
2.1856e+14	1.2016e-17	7.5981e-17
2.1873e+14	1e-17	6.6595e-17
2.1889e+14	1.9912e-17	8.21e-17
2.1906e+14	1.5696e-17	8.1781e-17
2.1922e+14	7.596e-18	6.7541e-17
2.1939e+14	1.701e-17	7.697e-17
2.1956e+14	2.0823e-17	8.5338e-17
2.1972e+14	1.0134e-17	6.9695e-17
2.1989e+14	1.2003e-17	6.8637e-17
2.2006e+14	1.9452e-17	8.3351e-17
2.2022e+14	1.1927e-17	7.4373e-17
2.2039e+14	9.8341e-18	6.1844e-17
2.2055e+14	1.9559e-17	7.3846e-17
2.2072e+14	1.5017e-17	7.7387e-17
2.2089e+14	6.2728e-18	6.3942e-17
2.2105e+14	1.5013e-17	6.6949e-17
2.2122e+14	1.8476e-17	7.4627e-17
2.2139e+14	7.8177e-18	6.5028e-17
2.2155e+14	1.0377e-17	6.3473e-17
2.2172e+14	1.8961e-17	7.3225e-17
2.2188e+14	1.1381e-17	6.7149e-17
2.2205e+14	7.7737e-18	6.0908e-17
2.2222e+14	1.7474e-17	7.1239e-17
2.2238e+14	1.5312e-17	6.9637e-17
2.2255e+14	7.1715e-18	5.721e-17
2.2271e+14	1.3084e-17	6.4611e-17
2.2288e+14	1.5227e-17	7.1972e-17
2.2305e+14	7.0041e-18	5.6592e-17
2.2321e+14	1.0868e-17	5.0533e-17
2.2338e+14	1.7436e-17	6.3079e-17
2.2355e+14	8.8711e-18	6.3018e-17
2.2371e+14	6.8495e-18	5.6186e-17
2.2388e+14	1.7103e-17	6.1057e-17
2.2404e+14	1.3856e-17	6.0191e-17
2.2421e+14	5.858e-18	5.2984e-17
2.2438e+14	1.2926e-17	5.9088e-17
2.2454e+14	1.4994e-17	6.248e-17
2.2471e+14	5.9799e-18	5.1256e-17
2.2488e+14	9.919e-18	5.025e-17
2.2504e+14	1.7231e-17	5.6831e-17
2.2521e+14	9.3092e-18	4.8961e-17
2.2537e+14	7.2649e-18	4.6205e-17
2.2554e+14	1.6504e-17	5.9806e-17
2.2571e+14	1.2501e-17	5.9793e-17
2.2587e+14	5.4242e-18	4.9472e-17
2.2604e+14	1.3737e-17	5.5999e-17
2.262e+14	1.5753e-17	6.0051e-17
2.2637e+14	6.7377e-18	4.717e-17
2.2654e+14	1.1319e-17	4.7239e-17
2.267e+14	1.7445e-17	5.78e-17
2.2687e+14	6.7033e-18	4.9377e-17
2.2704e+14	4.3521e-18	3.9881e-17
2.272e+14	1.5963e-17	4.7678e-17
2.2737e+14	1.2381e-17	4.7643e-17
2.2753e+14	3.5334e-18	4.0915e-17
2.277e+14	1.2251e-17	5.0458e-17
2.2787e+14	1.626e-17	5.4887e-17
2.2803e+14	6.2632e-18	4.0675e-17
2.282e+14	8.2264e-18	4.0129e-17
2.2837e+14	1.5212e-17	5.1256e-17
2.2853e+14	7.5106e-18	4.3443e-17
2.287e+14	5.2182e-18	3.5536e-17
2.2886e+14	1.4742e-17	4.6407e-17
2.2903e+14	1.1313e-17	4.681e-17
2.292e+14	4.1682e-18	3.5925e-17
2.2936e+14	1.268e-17	4.3277e-17
2.2953e+14	1.5309e-17	5.1917e-17
2.297e+14	5.5126e-18	4.1422e-17
2.2986e+14	8.7654e-18	3.8078e-17
2.3003e+14	1.6162e-17	4.5379e-17
2.3019e+14	8.1067e-18	3.8317e-17
2.3036e+14	5.6132e-18	3.2449e-17
2.3053e+14	1.4849e-17	4.3924e-17
2.3069e+14	1.0648e-17	4.5403e-17
2.3086e+14	2.7253e-18	3.4315e-17
2.3102e+14	1.1111e-17	3.7401e-17
2.3119e+14	1.4287e-17	4.2972e-17
2.3136e+14	5.1132e-18	3.5852e-17
2.3152e+14	8.4869e-18	3.6846e-17
2.3169e+14	1.557e-17	4.3488e-17
2.3186e+14	7.1911e-18	3.4701e-17
2.3202e+14	4.4965e-18	2.9376e-17
2.3219e+14	1.3744e-17	3.9521e-17
2.3235e+14	1.0091e-17	3.8036e-17
2.3252e+14	3.0389e-18	2.9293e-17
2.3269e+14	1.1685e-17	3.8126e-17
2.3285e+14	1.4249e-17	4.2388e-17
2.3302e+14	4.539e-18	2.7839e-17
2.3319e+14	8.0626e-18	2.7616e-17
2.3335e+14	1.5426e-17	4.0441e-17
2.3352e+14	7.1181e-18	3.3781e-17
2.3368e+14	4.8133e-18	2.4814e-17
2.3385e+14	1.4724e-17	3.514e-17
2.3402e+14	1.1093e-17	3.7527e-17
2.3418e+14	3.385e-18	2.7088e-17
2.3435e+14	1.1586e-17	3.0732e-17
2.3452e+14	1.3884e-17	3.6404e-17
2.3468e+14	3.5648e-18	2.7421e-17
2.3485e+14	6.8228e-18	2.7039e-17
2.3501e+14	1.4867e-17	3.6242e-17
2.3518e+14	7.0798e-18	3.0577e-17
2.3535e+14	4.413e-18	2.4037e-17
2.3551e+14	1.4121e-17	3.1778e-17
2.3568e+14	1.0736e-17	3.1112e-17
2.3584e+14	2.6619e-18	2.2838e-17
2.3601e+14	1.0336e-17	2.8703e-17
2.3618e+14	1.3395e-17	3.1639e-17
2.3634e+14	4.2325e-18	2.0479e-17
2.3651e+14	7.1113e-18	2.3082e-17
2.3668e+14	1.3919e-17	3.4807e-17
2.3684e+14	5.9326e-18	2.6899e-17
2.3701e+14	3.8759e-18	1.9106e-17
2.3717e+14	1.3792e-17	3.0497e-17
2.3734e+14	1.0439e-17	3.1806e-17
2.3751e+14	2.8036e-18	1.972e-17
2.3767e+14	1.0598e-17	2.3552e-17
2.3784e+14	1.2772e-17	3.1075e-17
2.3801e+14	2.8093e-18	2.3169e-17
2.3817e+14	6.4011e-18	2.2382e-17
2.3834e+14	1.4609e-17	3.164e-17
2.385e+14	6.6624e-18	2.6671e-17
2.3867e+14	3.5188e-18	1.9858e-17
2.3884e+14	1.32e-17	2.7414e-17
2.39e+14	1.0315e-17	2.7767e-17
2.3917e+14	2.212e-18	1.9232e-17
2.3934e+14	9.4342e-18	2.3661e-17
2.395e+14	1.2746e-17	2.8293e-17
2.3967e+14	4.2364e-18	2.0417e-17
2.3983e+14	7.2906e-18	2.1761e-17
2.4e+14	1.4117e-17	3.0012e-17
2.4017e+14	6.0724e-18	2.2906e-17
2.4033e+14	3.3724e-18	1.7115e-17
2.405e+14	1.2747e-17	2.6488e-17
2.4066e+14	9.7405e-18	2.6322e-17
2.4083e+14	2.5691e-18	1.7077e-17
2.41e+14	1.0524e-17	2.2313e-17
2.4116e+14	1.3083e-17	2.7082e-17
2.4133e+14	3.1339e-18	1.7661e-17
2.415e+14	5.8169e-18	1.7964e-17
2.4166e+14	1.3623e-17	2.7343e-17
2.4183e+14	6.4729e-18	2.2562e-17
2.4199e+14	3.6927e-18	1.7815e-17
2.4216e+14	1.2692e-17	2.5614e-17
2.4233e+14	9.4344e-18	2.3315e-17
2.4249e+14	1.7669e-18	1.4577e-17
2.4266e+14	9.565e-18	2.2421e-17
2.4283e+14	1.3055e-17	2.8548e-17
2.4299e+14	3.8984e-18	1.8355e-17
2.4316e+14	5.9993e-18	1.7495e-17
2.4332e+14	1.3026e-17	2.5953e-17
2.4349e+14	5.9819e-18	2.0254e-17
2.4366e+14	3.3849e-18	1.5319e-17
2.4382e+14	1.2546e-17	2.3811e-17
2.4399e+14	1.015e-17	2.178e-17
2.4416e+14	2.7683e-18	1.2355e-17
2.4432e+14	9.0052e-18	1.9297e-17
2.4449e+14	1.1213e-17	2.48e-17
2.4465e+14	3.1057e-18	1.4731e-17
2.4482e+14	6.6206e-18	1.5073e-17
2.4499e+14	1.323e-17	2.4377e-17
2.4515e+14	5.3013e-18	1.7823e-17
2.4532e+14	2.9631e-18	1.2255e-17
2.4548e+14	1.2518e-17	2.2283e-17
2.4565e+14	9.7993e-18	2.1803e-17
2.4582e+14	2.475e-18	1.2035e-17
2.4598e+14	9.6373e-18	1.9113e-17
2.4615e+14	1.2315e-17	2.6347e-17
2.4632e+14	3.4769e-18	1.6414e-17
2.4648e+14	6.2269e-18	1.4737e-17
2.4665e+14	1.3152e-17	2.3899e-17
2.4681e+14	5.9357e-18	1.968e-17
2.4698e+14	3.4106e-18	1.4769e-17
2.4715e+14	1.1963e-17	2.2843e-17
2.4731e+14	8.6716e-18	2.1123e-17
2.4748e+14	1.7798e-18	1.1899e-17
2.4765e+14	9.5442e-18	1.9331e-17
2.4781e+14	1.1955e-17	2.5904e-17
2.4798e+14	2.3253e-18	1.5259e-17
2.4814e+14	5.1079e-18	1.368e-17
2.4831e+14	1.3026e-17	2.339e-17
2.4848e+14	6.3019e-18	1.8603e-17
2.4864e+14	3.2684e-18	1.1839e-17
2.4881e+14	1.1502e-17	1.9483e-17
2.4898e+14	8.3464e-18	1.9694e-17
2.4914e+14	1.0442e-18	1.1258e-17
2.4931e+14	8.2568e-18	1.6806e-17
2.4947e+14	1.1275e-17	2.2482e-17
2.4964e+14	2.7424e-18	1.3497e-17
2.4981e+14	5.6175e-18	1.2754e-17
2.4997e+14	1.3028e-17	2.1335e-17
2.5014e+14	6.2329e-18	1.6368e-17
2.503e+14	3.4607e-18	1.1155e-17
2.5047e+14	1.2207e-17	2.0069e-17
2.5064e+14	9.8968e-18	2.059e-17
2.508e+14	2.7983e-18	1.1711e-17
2.5097e+14	9.05e-18	1.5861e-17
2.5114e+14	1.1347e-17	2.0414e-17
2.513e+14	3.2433e-18	1.2011e-17
2.5147e+14	6.4871e-18	1.2145e-17
2.5163e+14	1.3318e-17	2.021e-17
2.518e+14	5.8174e-18	1.4627e-17
2.5197e+14	2.8518e-18	9.8932e-18
2.5213e+14	1.1442e-17	1.8996e-17
2.523e+14	8.7281e-18	1.8778e-17
2.5247e+14	1.5668e-18	9.8674e-18
2.5263e+14	8.62e-18	1.5274e-17
2.528e+14	1.1912e-17	2.0894e-17
2.5296e+14	3.6884e-18	1.2636e-17
2.5313e+14	5.8231e-18	1.2608e-17
2.533e+14	1.2145e-17	2.0265e-17
2.5346e+14	5.1269e-18	1.368e-17
2.5363e+14	2.505e-18	8.1371e-18
2.538e+14	1.1301e-17	1.7659e-17
2.5396e+14	9.5269e-18	1.8359e-17
2.5413e+14	3.1445e-18	9.3312e-18
2.5429e+14	9.3389e-18	1.3754e-17
2.5446e+14	1.1035e-17	1.8886e-17
2.5463e+14	2.3517e-18	1.09e-17
2.5479e+14	5.1298e-18	1.1383e-17
2.5496e+14	1.2097e-17	1.9785e-17
2.5512e+14	5.431e-18	1.3807e-17
2.5529e+14	2.9636e-18	7.813e-18
2.5546e+14	1.1539e-17	1.6414e-17
2.5562e+14	9.1859e-18	1.743e-17
2.5579e+14	2.2921e-18	9.6886e-18
2.5596e+14	8.4648e-18	1.4454e-17
2.5612e+14	1.0616e-17	1.8742e-17
2.5629e+14	2.4317e-18	1.0106e-17
2.5645e+14	5.4966e-18	1.0477e-17
2.5662e+14	1.2643e-17	1.8726e-17
2.5679e+14	5.9122e-18	1.2831e-17
2.5695e+14	2.9527e-18	7.6086e-18
2.5712e+14	1.1043e-17	1.6732e-17
2.5729e+14	8.5613e-18	1.6943e-17
2.5745e+14	1.5858e-18	8.1599e-18
2.5762e+14	7.8273e-18	1.3478e-17
2.5778e+14	1.0645e-17	1.8951e-17
2.5795e+14	3.0475e-18	9.7379e-18
2.5812e+14	5.7668e-18	8.7605e-18
2.5828e+14	1.2422e-17	1.7797e-17
2.5845e+14	5.9268e-18	1.3691e-17
2.5861e+14	3.2083e-18	7.9785e-18
2.5878e+14	1.1054e-17	1.5543e-17
2.5895e+14	8.5525e-18	1.6301e-17
2.5911e+14	1.8907e-18	8.7127e-18
2.5928e+14	8.2304e-18	1.3216e-17
2.5945e+14	1.1092e-17	1.7826e-17
2.5961e+14	3.4816e-18	9.8555e-18
2.5978e+14	5.4931e-18	9.8768e-18
2.5994e+14	1.1355e-17	1.7831e-17
2.6011e+14	5.3735e-18	1.2724e-17
2.6028e+14	3.874e-18	7.4164e-18
2.6044e+14	1.1939e-17	1.5109e-17
2.6061e+14	8.9045e-18	1.5094e-17
2.6078e+14	2.1593e-18	7.3146e-18
2.6094e+14	8.4574e-18	1.2615e-17
2.6111e+14	1.0627e-17	1.7664e-17
2.6127e+14	2.7093e-18	8.9789e-18
2.6144e+14	5.6517e-18	8.1587e-18
2.6161e+14	1.2267e-17	1.6644e-17
2.6177e+14	5.4678e-18	1.2968e-17
2.6194e+14	2.8947e-18	7.9756e-18
2.6211e+14	1.1401e-17	1.4753e-17
2.6227e+14	9.2472e-18	1.4395e-17
2.6244e+14	2.0917e-18	6.8167e-18
2.626e+14	7.8847e-18	1.1621e-17
2.6277e+14	1.1033e-17	1.6624e-17
2.6294e+14	3.8971e-18	9.5754e-18
2.631e+14	5.7652e-18	9.7332e-18
2.6327e+14	1.1441e-17	1.6652e-17
2.6343e+14	5.5482e-18	1.1427e-17
2.636e+14	3.7956e-18	7.2013e-18
2.6377e+14	1.1625e-17	1.5275e-17
2.6393e+14	9.0111e-18	1.5097e-17
2.641e+14	2.4392e-18	7.6639e-18
2.6427e+14	8.2964e-18	1.2804e-17
2.6443e+14	1.0665e-17	1.6943e-17
2.646e+14	3.3367e-18	8.3742e-18
2.6476e+14	5.8364e-18	8.4172e-18
2.6493e+14	1.1967e-17	1.6478e-17
2.651e+14	5.9415e-18	1.1729e-17
2.6526e+14	3.6605e-18	6.8858e-18
2.6543e+14	1.102e-17	1.4294e-17
2.656e+14	8.6059e-18	1.386e-17
2.6576e+14	2.6376e-18	6.4227e-18
2.6593e+14	8.5286e-18	1.1837e-17
2.6609e+14	1.0483e-17	1.6268e-17
2.6626e+14	3.2005e-18	7.5299e-18
2.6643e+14	5.9636e-18	7.2959e-18
2.6659e+14	1.1801e-17	1.5576e-17
2.6676e+14	5.2878e-18	1.1128e-17
2.6693e+14	2.93e-18	6.3667e-18
2.6709e+14	1.0254e-17	1.4444e-17
2.6726e+14	7.63e-18	1.5019e-17
2.6742e+14	1.9402e-18	7.1646e-18
2.6759e+14	8.6778e-18	1.1005e-17
2.6776e+14	1.1002e-17	1.5232e-17
2.6792e+14	3.197e-18	7.8142e-18
2.6809e+14	5.5709e-18	8.0265e-18
2.6825e+14	1.1829e-17	1.5612e-17
2.6842e+14	5.7882e-18	1.0937e-17
2.6859e+14	3.3429e-18	6.1333e-18
2.6875e+14	1.0553e-17	1.3557e-17
2.6892e+14	7.9893e-18	1.4155e-17
2.6909e+14	1.9412e-18	7.5364e-18
2.6925e+14	8.1539e-18	1.1848e-17
2.6942e+14	1.0601e-17	1.5056e-17
2.6958e+14	3.111e-18	6.9579e-18
2.6975e+14	5.2502e-18	7.5959e-18
2.6992e+14	1.1451e-17	1.5666e-17
2.7008e+14	6.034e-18	1.125e-17
2.7025e+14	3.8836e-18	6.7782e-18
2.7042e+14	1.081e-17	1.3959e-17
2.7058e+14	8.4677e-18	1.3376e-17
2.7075e+14	2.9594e-18	5.7927e-18
2.7091e+14	8.8314e-18	1.0512e-17
2.7108e+14	1.0492e-17	1.5141e-17
2.7125e+14	2.96e-18	8.146e-18
2.7141e+14	5.5021e-18	8.6777e-18
2.7158e+14	1.1791e-17	1.5846e-17
2.7175e+14	6.2287e-18	1.0893e-17
2.7191e+14	3.7322e-18	6.5886e-18
2.7208e+14	1.0089e-17	1.3898e-17
2.7224e+14	7.5351e-18	1.3063e-17
2.7241e+14	2.3112e-18	5.4254e-18
2.7258e+14	8.4096e-18	1.0547e-17
2.7274e+14	1.0477e-17	1.5436e-17
2.7291e+14	3.861e-18	8.1521e-18
2.7307e+14	6.6039e-18	8.227e-18
2.7324e+14	1.1672e-17	1.5058e-17
2.7341e+14	5.341e-18	9.5795e-18
2.7357e+14	3.91e-18	4.7182e-18
2.7374e+14	1.1362e-17	1.2435e-17
2.7391e+14	8.1416e-18	1.2947e-17
2.7407e+14	1.7148e-18	5.8465e-18
2.7424e+14	7.7109e-18	9.876e-18
2.744e+14	1.0139e-17	1.3629e-17
2.7457e+14	3.4123e-18	6.5253e-18
2.7474e+14	6.2343e-18	7.4537e-18
2.749e+14	1.1944e-17	1.5082e-17
2.7507e+14	5.6547e-18	1.0523e-17
2.7524e+14	3.259e-18	6.2695e-18
2.754e+14	1.0237e-17	1.34e-17
2.7557e+14	7.8473e-18	1.2646e-17
2.7573e+14	2.3823e-18	5.0753e-18
2.759e+14	8.6539e-18	9.8416e-18
2.7607e+14	1.1136e-17	1.4506e-17
2.7623e+14	4.0946e-18	7.2883e-18
2.764e+14	5.7866e-18	7.0196e-18
2.7657e+14	1.0762e-17	1.3576e-17
2.7673e+14	5.2993e-18	8.9479e-18
2.769e+14	3.8998e-18	5.0807e-18
2.7706e+14	1.0619e-17	1.249e-17
2.7723e+14	7.9584e-18	1.2293e-17
2.774e+14	3.1826e-18	5.378e-18
2.7756e+14	9.49e-18	9.935e-18
2.7773e+14	1.0672e-17	1.3869e-17
2.7789e+14	3.1129e-18	6.7532e-18
2.7806e+14	5.9749e-18	7.3575e-18
2.7823e+14	1.1813e-17	1.4468e-17
2.7839e+14	5.9192e-18	9.8781e-18
2.7856e+14	4.2051e-18	5.7239e-18
2.7873e+14	1.1161e-17	1.2394e-17
2.7889e+14	8.1249e-18	1.1632e-17
2.7906e+14	2.5341e-18	5.1929e-18
2.7922e+14	8.9132e-18	1.0525e-17
2.7939e+14	1.079e-17	1.4346e-17
2.7956e+14	3.3157e-18	6.8166e-18
2.7972e+14	5.7576e-18	7.623e-18
2.7989e+14	1.1269e-17	1.4834e-17
2.8006e+14	4.9045e-18	9.6796e-18
2.8022e+14	2.8502e-18	5.3969e-18
2.8039e+14	1.0539e-17	1.2882e-17
2.8055e+14	8.637e-18	1.2473e-17
2.8072e+14	2.9061e-18	5.115e-18
2.8089e+14	8.2899e-18	9.5086e-18
2.8105e+14	1.0028e-17	1.3508e-17
2.8122e+14	3.1163e-18	6.6807e-18
2.8139e+14	5.7158e-18	7.662e-18
2.8155e+14	1.1378e-17	1.4387e-17
2.8172e+14	5.6591e-18	8.6766e-18
2.8188e+14	3.7408e-18	4.3386e-18
2.8205e+14	1.059e-17	1.2197e-17
2.8222e+14	8.1445e-18	1.2011e-17
2.8238e+14	2.9829e-18	4.6961e-18
2.8255e+14	9.2818e-18	9.4347e-18
2.8271e+14	1.1397e-17	1.3704e-17
2.8288e+14	4.1807e-18	6.4028e-18
2.8305e+14	6.1107e-18	7.1113e-18
2.8321e+14	1.1362e-17	1.486e-17
2.8338e+14	5.8459e-18	1.0089e-17
2.8355e+14	4.239e-18	5.0791e-18
2.8371e+14	1.0877e-17	1.2149e-17
2.8388e+14	7.7878e-18	1.2505e-17
2.8404e+14	1.9847e-18	5.3973e-18
2.8421e+14	7.9518e-18	9.1362e-18
2.8438e+14	1.0214e-17	1.3504e-17
2.8454e+14	3.4873e-18	7.7982e-18
2.8471e+14	5.9411e-18	8.4341e-18
2.8488e+14	1.1683e-17	1.4063e-17
2.8504e+14	6.4684e-18	8.8232e-18
2.8521e+14	4.569e-18	5.6419e-18
2.8537e+14	1.0636e-17	1.3239e-17
2.8554e+14	7.7517e-18	1.2127e-17
2.8571e+14	2.9896e-18	4.7626e-18
2.8587e+14	9.5691e-18	9.8573e-18
2.8604e+14	1.1362e-17	1.4134e-17
2.862e+14	3.8317e-18	6.6122e-18
2.8637e+14	5.8496e-18	6.7922e-18
2.8654e+14	1.1361e-17	1.3989e-17
2.867e+14	5.9865e-18	9.5886e-18
2.8687e+14	4.376e-18	5.2846e-18
2.8704e+14	1.1225e-17	1.1758e-17
2.872e+14	8.7942e-18	1.1118e-17
2.8737e+14	3.4643e-18	4.9198e-18
2.8753e+14	8.9413e-18	1.0408e-17
2.877e+14	1.0171e-17	1.4381e-17
2.8787e+14	3.0016e-18	6.8564e-18
2.8803e+14	5.8477e-18	7.3127e-18
2.882e+14	1.1988e-17	1.3994e-17
2.8837e+14	6.6111e-18	8.4808e-18
2.8853e+14	4.4892e-18	4.3425e-18
2.887e+14	1.0866e-17	1.2433e-17
2.8886e+14	8.2435e-18	1.2255e-17
2.8903e+14	2.8861e-18	4.4418e-18
2.892e+14	8.6619e-18	8.8454e-18
2.8936e+14	1.0531e-17	1.3463e-17
2.8953e+14	3.5745e-18	6.11e-18
2.897e+14	5.7328e-18	5.6801e-18
2.8986e+14	1.1024e-17	1.2726e-17
2.9003e+14	5.4292e-18	8.8648e-18
2.9019e+14	3.644e-18	5.1292e-18
2.9036e+14	1.0587e-17	1.2418e-17
2.9053e+14	8.4466e-18	1.2403e-17
2.9069e+14	3.1469e-18	5.4309e-18
2.9086e+14	8.8423e-18	9.7494e-18
2.9102e+14	1.101e-17	1.3984e-17
2.9119e+14	4.3065e-18	7.1601e-18
2.9136e+14	6.2484e-18	7.365e-18
2.9152e+14	1.163e-17	1.4006e-17
2.9169e+14	6.6852e-18	9.0719e-18
2.9186e+14	4.8795e-18	4.5783e-18
2.9202e+14	1.0929e-17	1.189e-17
2.9219e+14	8.436e-18	1.2301e-17
2.9235e+14	3.3954e-18	5.3198e-18
2.9252e+14	8.6402e-18	9.2451e-18
2.9269e+14	9.9904e-18	1.3648e-17
2.9285e+14	3.4796e-18	7.3763e-18
2.9302e+14	6.1132e-18	7.3895e-18
2.9319e+14	1.143e-17	1.3437e-17
2.9335e+14	6.1882e-18	8.7236e-18
2.9352e+14	4.7135e-18	4.7856e-18
2.9368e+14	1.1094e-17	1.1801e-17
2.9385e+14	8.5253e-18	1.1605e-17
2.9402e+14	3.8259e-18	4.7674e-18
2.9418e+14	9.8186e-18	9.0332e-18
2.9435e+14	1.1075e-17	1.2998e-17
2.9452e+14	3.5768e-18	6.0556e-18
2.9468e+14	5.6514e-18	6.3557e-18
2.9485e+14	1.1034e-17	1.3492e-17
2.9501e+14	5.5276e-18	9.3218e-18
2.9518e+14	3.632e-18	4.8981e-18
2.9535e+14	1.0345e-17	1.1461e-17
2.9551e+14	8.3134e-18	1.1522e-17
2.9568e+14	3.2343e-18	4.8898e-18
2.9584e+14	8.5691e-18	8.9357e-18
2.9601e+14	1.0226e-17	1.3075e-17
2.9618e+14	3.802e-18	6.7065e-18
2.9634e+14	6.3038e-18	6.8344e-18
2.9651e+14	1.1314e-17	1.3118e-17
2.9668e+14	5.4339e-18	8.7409e-18
2.9684e+14	3.601e-18	4.8703e-18
2.9701e+14	1.0642e-17	1.1628e-17
2.9717e+14	8.7898e-18	1.1288e-17
2.9734e+14	3.5833e-18	4.3459e-18
2.9751e+14	8.8752e-18	8.3699e-18
2.9767e+14	1.0826e-17	1.2539e-17
2.9784e+14	4.5424e-18	6.3014e-18
2.9801e+14	6.6877e-18	6.6876e-18
2.9817e+14	1.1391e-17	1.3024e-17
2.9834e+14	5.7576e-18	8.4077e-18
2.985e+14	4.3853e-18	4.4981e-18
2.9867e+14	1.1399e-17	1.1617e-17
2.9884e+14	8.7576e-18	1.1448e-17
2.99e+14	2.6269e-18	4.2542e-18
2.9917e+14	7.9157e-18	8.2661e-18
2.9934e+14	1.0726e-17	1.2695e-17
2.995e+14	4.9939e-18	6.1115e-18
2.9967e+14	7.1626e-18	5.887e-18
2.9983e+14	1.2024e-17	1.2625e-17
3e+14	6.1253e-18	8.7628e-18
