#Error on normalization	O = 1.485 %	H = 2.540 %
#Frequence (s-1)	S_O (s)	S_H (s)
0	3.0907e-14	7.7636e-15
1.7036e+11	3.0447e-14	7.559e-15
3.4072e+11	3.2022e-14	7.7589e-15
5.1107e+11	3.6656e-14	8.3012e-15
6.8143e+11	3.6828e-14	7.8074e-15
8.5179e+11	2.9467e-14	7.2177e-15
1.0221e+12	2.5918e-14	7.9142e-15
1.1925e+12	3.3403e-14	8.2972e-15
1.3629e+12	4.0658e-14	7.5548e-15
1.5332e+12	3.976e-14	7.683e-15
1.7036e+12	4.0736e-14	8.8576e-15
1.8739e+12	4.7767e-14	9.4089e-15
2.0443e+12	4.9318e-14	9.7727e-15
2.2147e+12	4.3046e-14	1.0485e-14
2.385e+12	3.9585e-14	1.0357e-14
2.5554e+12	4.0985e-14	1.0067e-14
2.7257e+12	4.3109e-14	1.1153e-14
2.8961e+12	4.7396e-14	1.1768e-14
3.0664e+12	5.1186e-14	1.0402e-14
3.2368e+12	4.8278e-14	9.6158e-15
3.4072e+12	4.4541e-14	1.0564e-14
3.5775e+12	4.7382e-14	1.0763e-14
3.7479e+12	5.0303e-14	9.9612e-15
3.9182e+12	4.9564e-14	1.0305e-14
4.0886e+12	5.1733e-14	1.1319e-14
4.2589e+12	5.4205e-14	1.151e-14
4.4293e+12	5.0264e-14	1.1558e-14
4.5997e+12	4.796e-14	1.1885e-14
4.77e+12	5.2964e-14	1.1946e-14
4.9404e+12	5.5045e-14	1.2396e-14
5.1107e+12	5.2814e-14	1.3418e-14
5.2811e+12	5.6377e-14	1.3573e-14
5.4514e+12	6.0064e-14	1.2989e-14
5.6218e+12	5.3818e-14	1.2957e-14
5.7922e+12	4.9244e-14	1.2664e-14
5.9625e+12	5.6348e-14	1.1556e-14
6.1329e+12	6.1925e-14	1.1648e-14
6.3032e+12	5.7824e-14	1.3263e-14
6.4736e+12	5.4781e-14	1.3844e-14
6.644e+12	5.7014e-14	1.3105e-14
6.8143e+12	5.8192e-14	1.3143e-14
6.9847e+12	5.8177e-14	1.3879e-14
7.155e+12	5.8294e-14	1.4132e-14
7.3254e+12	5.6197e-14	1.4576e-14
7.4957e+12	5.5462e-14	1.5374e-14
7.6661e+12	5.9095e-14	1.5002e-14
7.8365e+12	5.9992e-14	1.3772e-14
8.0068e+12	5.6357e-14	1.3871e-14
8.1772e+12	5.704e-14	1.5218e-14
8.3475e+12	6.1691e-14	1.5733e-14
8.5179e+12	6.1313e-14	1.5282e-14
8.6882e+12	5.717e-14	1.5483e-14
8.8586e+12	5.5546e-14	1.6455e-14
9.029e+12	5.5256e-14	1.6955e-14
9.1993e+12	5.5056e-14	1.6845e-14
9.3697e+12	5.6427e-14	1.6715e-14
9.54e+12	5.6514e-14	1.6119e-14
9.7104e+12	5.4256e-14	1.4811e-14
9.8807e+12	5.4213e-14	1.4299e-14
1.0051e+13	5.5612e-14	1.5437e-14
1.0221e+13	5.4508e-14	1.6527e-14
1.0392e+13	5.4588e-14	1.638e-14
1.0562e+13	5.7682e-14	1.6241e-14
1.0733e+13	5.6996e-14	1.6642e-14
1.0903e+13	5.2712e-14	1.6327e-14
1.1073e+13	5.2855e-14	1.5499e-14
1.1244e+13	5.5422e-14	1.5735e-14
1.1414e+13	5.3471e-14	1.6642e-14
1.1584e+13	5.041e-14	1.6593e-14
1.1755e+13	5.0423e-14	1.5772e-14
1.1925e+13	5.0019e-14	1.5542e-14
1.2095e+13	4.9989e-14	1.6301e-14
1.2266e+13	5.4791e-14	1.7276e-14
1.2436e+13	5.9369e-14	1.7323e-14
1.2606e+13	5.6451e-14	1.6425e-14
1.2777e+13	4.9732e-14	1.6303e-14
1.2947e+13	4.6441e-14	1.7548e-14
1.3118e+13	4.7721e-14	1.8061e-14
1.3288e+13	5.0514e-14	1.6971e-14
1.3458e+13	5.0021e-14	1.6373e-14
1.3629e+13	4.5012e-14	1.6974e-14
1.3799e+13	4.2386e-14	1.7081e-14
1.3969e+13	4.5354e-14	1.6724e-14
1.414e+13	4.5439e-14	1.7098e-14
1.431e+13	3.959e-14	1.7191e-14
1.448e+13	3.7952e-14	1.6261e-14
1.4651e+13	4.3657e-14	1.6293e-14
1.4821e+13	4.699e-14	1.7889e-14
1.4991e+13	4.4057e-14	1.8687e-14
1.5162e+13	3.956e-14	1.8161e-14
1.5332e+13	3.5291e-14	1.8262e-14
1.5503e+13	3.2542e-14	1.8848e-14
1.5673e+13	3.4279e-14	1.8147e-14
1.5843e+13	3.6597e-14	1.6756e-14
1.6014e+13	3.346e-14	1.6484e-14
1.6184e+13	2.8679e-14	1.7173e-14
1.6354e+13	2.8107e-14	1.7845e-14
1.6525e+13	2.9207e-14	1.8419e-14
1.6695e+13	2.9172e-14	1.8611e-14
1.6865e+13	2.9774e-14	1.7966e-14
1.7036e+13	2.9931e-14	1.733e-14
1.7206e+13	2.7254e-14	1.7577e-14
1.7376e+13	2.4557e-14	1.7695e-14
1.7547e+13	2.4519e-14	1.6793e-14
1.7717e+13	2.5029e-14	1.6063e-14
1.7888e+13	2.4556e-14	1.6231e-14
1.8058e+13	2.3642e-14	1.6067e-14
1.8228e+13	2.1895e-14	1.5557e-14
1.8399e+13	1.9894e-14	1.6405e-14
1.8569e+13	1.9373e-14	1.7933e-14
1.8739e+13	1.951e-14	1.7743e-14
1.891e+13	1.8933e-14	1.6581e-14
1.908e+13	1.8515e-14	1.6695e-14
1.925e+13	1.7941e-14	1.7062e-14
1.9421e+13	1.5845e-14	1.6233e-14
1.9591e+13	1.3942e-14	1.6058e-14
1.9761e+13	1.388e-14	1.7438e-14
1.9932e+13	1.3795e-14	1.7973e-14
2.0102e+13	1.3188e-14	1.6994e-14
2.0273e+13	1.3879e-14	1.6409e-14
2.0443e+13	1.4694e-14	1.6278e-14
2.0613e+13	1.3707e-14	1.5931e-14
2.0784e+13	1.2762e-14	1.662e-14
2.0954e+13	1.2928e-14	1.8057e-14
2.1124e+13	1.2275e-14	1.7797e-14
2.1295e+13	1.1175e-14	1.6468e-14
2.1465e+13	1.1224e-14	1.6636e-14
2.1635e+13	1.0681e-14	1.7267e-14
2.1806e+13	8.8632e-15	1.6341e-14
2.1976e+13	8.8307e-15	1.5398e-14
2.2147e+13	1.0545e-14	1.5959e-14
2.2317e+13	1.0295e-14	1.659e-14
2.2487e+13	8.2354e-15	1.6352e-14
2.2658e+13	7.3553e-15	1.5896e-14
2.2828e+13	7.5156e-15	1.5396e-14
2.2998e+13	7.5085e-15	1.5156e-14
2.3169e+13	7.8444e-15	1.5561e-14
2.3339e+13	8.1092e-15	1.5483e-14
2.3509e+13	7.4646e-15	1.4653e-14
2.368e+13	7.0641e-15	1.5104e-14
2.385e+13	7.2455e-15	1.6592e-14
2.402e+13	6.4393e-15	1.6112e-14
2.4191e+13	5.1958e-15	1.4087e-14
2.4361e+13	5.4528e-15	1.3783e-14
2.4532e+13	6.2724e-15	1.4805e-14
2.4702e+13	5.9044e-15	1.4561e-14
2.4872e+13	5.2182e-15	1.3747e-14
2.5043e+13	5.1972e-15	1.4272e-14
2.5213e+13	5.1527e-15	1.539e-14
2.5383e+13	4.9314e-15	1.5663e-14
2.5554e+13	4.9756e-15	1.522e-14
2.5724e+13	4.9124e-15	1.483e-14
2.5894e+13	4.6029e-15	1.4892e-14
2.6065e+13	4.4781e-15	1.493e-14
2.6235e+13	4.2878e-15	1.4215e-14
2.6405e+13	3.8647e-15	1.3647e-14
2.6576e+13	3.8798e-15	1.4483e-14
2.6746e+13	4.3113e-15	1.5395e-14
2.6917e+13	4.3913e-15	1.4832e-14
2.7087e+13	4.1476e-15	1.415e-14
2.7257e+13	3.8472e-15	1.4359e-14
2.7428e+13	3.3351e-15	1.4167e-14
2.7598e+13	3.0803e-15	1.3726e-14
2.7768e+13	3.5182e-15	1.4345e-14
2.7939e+13	3.7132e-15	1.4795e-14
2.8109e+13	3.1159e-15	1.4014e-14
2.8279e+13	2.7834e-15	1.3818e-14
2.845e+13	3.1211e-15	1.4406e-14
2.862e+13	3.2312e-15	1.3778e-14
2.879e+13	3.0216e-15	1.3097e-14
2.8961e+13	3.0554e-15	1.4415e-14
2.9131e+13	3.0841e-15	1.5388e-14
2.9302e+13	2.9155e-15	1.4139e-14
2.9472e+13	3.0054e-15	1.3477e-14
2.9642e+13	3.231e-15	1.4492e-14
2.9813e+13	3.106e-15	1.4492e-14
2.9983e+13	2.866e-15	1.3581e-14
3.0153e+13	2.7437e-15	1.3935e-14
3.0324e+13	2.5115e-15	1.4209e-14
3.0494e+13	2.3851e-15	1.2934e-14
3.0664e+13	2.6064e-15	1.2285e-14
3.0835e+13	2.6229e-15	1.2949e-14
3.1005e+13	2.25e-15	1.2767e-14
3.1175e+13	2.1955e-15	1.2283e-14
3.1346e+13	2.5292e-15	1.3334e-14
3.1516e+13	2.5834e-15	1.4041e-14
3.1687e+13	2.4087e-15	1.2758e-14
3.1857e+13	2.4328e-15	1.2128e-14
3.2027e+13	2.4239e-15	1.3581e-14
3.2198e+13	2.1922e-15	1.4296e-14
3.2368e+13	2.1053e-15	1.2924e-14
3.2538e+13	2.2159e-15	1.1719e-14
3.2709e+13	2.1687e-15	1.1974e-14
3.2879e+13	1.999e-15	1.2686e-14
3.3049e+13	1.977e-15	1.3048e-14
3.322e+13	2.0369e-15	1.2843e-14
3.339e+13	1.9868e-15	1.2046e-14
3.356e+13	1.8442e-15	1.139e-14
3.3731e+13	1.753e-15	1.1519e-14
3.3901e+13	1.8109e-15	1.1839e-14
3.4072e+13	1.9342e-15	1.1699e-14
3.4242e+13	1.9496e-15	1.1495e-14
3.4412e+13	1.8888e-15	1.1673e-14
3.4583e+13	1.893e-15	1.1969e-14
3.4753e+13	1.9178e-15	1.2035e-14
3.4923e+13	1.896e-15	1.1936e-14
3.5094e+13	1.877e-15	1.198e-14
3.5264e+13	1.8117e-15	1.2313e-14
3.5434e+13	1.6767e-15	1.2606e-14
3.5605e+13	1.6671e-15	1.2423e-14
3.5775e+13	1.7781e-15	1.1926e-14
3.5945e+13	1.7012e-15	1.171e-14
3.6116e+13	1.4663e-15	1.1984e-14
3.6286e+13	1.4276e-15	1.2331e-14
3.6457e+13	1.57e-15	1.2217e-14
3.6627e+13	1.621e-15	1.1715e-14
3.6797e+13	1.5771e-15	1.1543e-14
3.6968e+13	1.5172e-15	1.195e-14
3.7138e+13	1.4052e-15	1.2076e-14
3.7308e+13	1.3411e-15	1.1344e-14
3.7479e+13	1.4343e-15	1.0651e-14
3.7649e+13	1.5383e-15	1.1007e-14
3.7819e+13	1.5525e-15	1.2008e-14
3.799e+13	1.586e-15	1.2647e-14
3.816e+13	1.633e-15	1.2571e-14
3.833e+13	1.5934e-15	1.2043e-14
3.8501e+13	1.5309e-15	1.1621e-14
3.8671e+13	1.514e-15	1.1777e-14
3.8842e+13	1.4933e-15	1.22e-14
3.9012e+13	1.468e-15	1.218e-14
3.9182e+13	1.4368e-15	1.1869e-14
3.9353e+13	1.358e-15	1.1944e-14
3.9523e+13	1.3414e-15	1.2267e-14
3.9693e+13	1.4661e-15	1.2229e-14
3.9864e+13	1.5262e-15	1.1811e-14
4.0034e+13	1.4494e-15	1.1304e-14
4.0204e+13	1.4823e-15	1.0956e-14
4.0375e+13	1.5826e-15	1.1192e-14
4.0545e+13	1.4471e-15	1.1896e-14
4.0716e+13	1.2491e-15	1.2057e-14
4.0886e+13	1.3504e-15	1.1469e-14
4.1056e+13	1.52e-15	1.1261e-14
4.1227e+13	1.4169e-15	1.1716e-14
4.1397e+13	1.2717e-15	1.1878e-14
4.1567e+13	1.3151e-15	1.1693e-14
4.1738e+13	1.3387e-15	1.1751e-14
4.1908e+13	1.273e-15	1.1547e-14
4.2078e+13	1.3215e-15	1.0833e-14
4.2249e+13	1.4233e-15	1.0815e-14
4.2419e+13	1.3664e-15	1.1672e-14
4.2589e+13	1.2413e-15	1.1931e-14
4.276e+13	1.2302e-15	1.1575e-14
4.293e+13	1.299e-15	1.1817e-14
4.3101e+13	1.3626e-15	1.211e-14
4.3271e+13	1.3816e-15	1.1664e-14
4.3441e+13	1.3064e-15	1.1785e-14
4.3612e+13	1.2033e-15	1.2727e-14
4.3782e+13	1.2266e-15	1.2213e-14
4.3952e+13	1.3433e-15	1.02e-14
4.4123e+13	1.3734e-15	9.7255e-15
4.4293e+13	1.2765e-15	1.1262e-14
4.4463e+13	1.1582e-15	1.2103e-14
4.4634e+13	1.1122e-15	1.1505e-14
4.4804e+13	1.1629e-15	1.0955e-14
4.4974e+13	1.2228e-15	1.0717e-14
4.5145e+13	1.1761e-15	1.0333e-14
4.5315e+13	1.0857e-15	1.0197e-14
4.5486e+13	1.1005e-15	1.0279e-14
4.5656e+13	1.1769e-15	1.003e-14
4.5826e+13	1.1826e-15	9.8471e-15
4.5997e+13	1.1453e-15	1.0164e-14
4.6167e+13	1.1344e-15	1.0438e-14
4.6337e+13	1.1157e-15	1.0488e-14
4.6508e+13	1.0816e-15	1.0583e-14
4.6678e+13	1.0687e-15	1.0277e-14
4.6848e+13	1.048e-15	9.5207e-15
4.7019e+13	1.0151e-15	9.3301e-15
4.7189e+13	1.0259e-15	9.6504e-15
4.7359e+13	1.0384e-15	9.3821e-15
4.753e+13	9.8912e-16	8.9482e-15
4.77e+13	9.7264e-16	9.3899e-15
4.7871e+13	1.0472e-15	9.8463e-15
4.8041e+13	1.09e-15	9.2693e-15
4.8211e+13	1.068e-15	8.5654e-15
4.8382e+13	1.0815e-15	8.5408e-15
4.8552e+13	1.0775e-15	8.5321e-15
4.8722e+13	9.6808e-16	8.3456e-15
4.8893e+13	8.9168e-16	8.5458e-15
4.9063e+13	9.3445e-16	8.8e-15
4.9233e+13	9.3742e-16	8.5768e-15
4.9404e+13	8.6184e-16	8.4618e-15
4.9574e+13	8.5322e-16	8.8841e-15
4.9744e+13	8.7647e-16	9.2097e-15
4.9915e+13	8.2234e-16	9.1042e-15
5.0085e+13	7.9509e-16	8.9173e-15
5.0256e+13	8.534e-16	8.5684e-15
5.0426e+13	8.6643e-16	7.8302e-15
5.0596e+13	8.4775e-16	7.2366e-15
5.0767e+13	8.9871e-16	7.2241e-15
5.0937e+13	9.0443e-16	7.2423e-15
5.1107e+13	8.1899e-16	6.8473e-15
5.1278e+13	8.4497e-16	6.5675e-15
5.1448e+13	9.4263e-16	6.8119e-15
5.1618e+13	8.3739e-16	7.1043e-15
5.1789e+13	6.4253e-16	7.0421e-15
5.1959e+13	6.5915e-16	6.8409e-15
5.2129e+13	7.4785e-16	6.6218e-15
5.23e+13	6.8434e-16	6.36e-15
5.247e+13	6.4604e-16	6.399e-15
5.2641e+13	7.4697e-16	6.7814e-15
5.2811e+13	7.8204e-16	6.7633e-15
5.2981e+13	7.2323e-16	6.1562e-15
5.3152e+13	7.2912e-16	5.875e-15
5.3322e+13	7.281e-16	6.2185e-15
5.3492e+13	6.2545e-16	6.3598e-15
5.3663e+13	5.604e-16	6.0409e-15
5.3833e+13	5.7338e-16	5.8311e-15
5.4003e+13	5.506e-16	5.8311e-15
5.4174e+13	5.5174e-16	5.8266e-15
5.4344e+13	6.4551e-16	5.8951e-15
5.4514e+13	6.7789e-16	5.8021e-15
5.4685e+13	6.0228e-16	5.2649e-15
5.4855e+13	5.7096e-16	4.9531e-15
5.5026e+13	5.7486e-16	5.4109e-15
5.5196e+13	5.365e-16	5.819e-15
5.5366e+13	5.7035e-16	5.5349e-15
5.5537e+13	6.8064e-16	5.1943e-15
5.5707e+13	6.5511e-16	5.1316e-15
5.5877e+13	5.2725e-16	4.897e-15
5.6048e+13	5.3275e-16	4.6638e-15
5.6218e+13	6.0605e-16	4.8582e-15
5.6388e+13	5.5428e-16	4.9745e-15
5.6559e+13	4.8162e-16	4.6238e-15
5.6729e+13	5.1443e-16	4.4133e-15
5.6899e+13	5.2958e-16	4.5827e-15
5.707e+13	4.8166e-16	4.5542e-15
5.724e+13	5.02e-16	4.3025e-15
5.7411e+13	5.7084e-16	4.3585e-15
5.7581e+13	5.573e-16	4.5923e-15
5.7751e+13	4.9788e-16	4.5037e-15
5.7922e+13	4.8273e-16	4.2487e-15
5.8092e+13	4.7431e-16	4.3186e-15
5.8262e+13	4.4785e-16	4.6519e-15
5.8433e+13	4.6091e-16	4.7097e-15
5.8603e+13	5.0566e-16	4.278e-15
5.8773e+13	5.1754e-16	3.8356e-15
5.8944e+13	5.0932e-16	3.8885e-15
5.9114e+13	5.2236e-16	4.2333e-15
5.9284e+13	5.2267e-16	4.397e-15
5.9455e+13	4.7967e-16	4.3762e-15
5.9625e+13	4.5254e-16	4.3275e-15
5.9796e+13	4.8196e-16	4.1397e-15
5.9966e+13	4.9709e-16	3.816e-15
6.0136e+13	4.4793e-16	3.6394e-15
6.0307e+13	4.1109e-16	3.746e-15
6.0477e+13	4.4019e-16	3.9779e-15
6.0647e+13	4.682e-16	4.0409e-15
6.0818e+13	4.6499e-16	3.7641e-15
6.0988e+13	4.8062e-16	3.4735e-15
6.1158e+13	4.8135e-16	3.6079e-15
6.1329e+13	4.0629e-16	3.8326e-15
6.1499e+13	3.4956e-16	3.5987e-15
6.167e+13	4.0666e-16	3.3227e-15
6.184e+13	4.8086e-16	3.5704e-15
6.201e+13	4.769e-16	3.8541e-15
6.2181e+13	4.4887e-16	3.6885e-15
6.2351e+13	4.2455e-16	3.5441e-15
6.2521e+13	3.7681e-16	3.6778e-15
6.2692e+13	3.6291e-16	3.6699e-15
6.2862e+13	4.1279e-16	3.5584e-15
6.3032e+13	4.3003e-16	3.7306e-15
6.3203e+13	3.9605e-16	3.9217e-15
6.3373e+13	4.0485e-16	3.7276e-15
6.3543e+13	4.3547e-16	3.3872e-15
6.3714e+13	4.0971e-16	3.2613e-15
6.3884e+13	3.9344e-16	3.4053e-15
6.4055e+13	4.4732e-16	3.7188e-15
6.4225e+13	4.7648e-16	3.8635e-15
6.4395e+13	4.3081e-16	3.6102e-15
6.4566e+13	3.9718e-16	3.3838e-15
6.4736e+13	4.1135e-16	3.5277e-15
6.4906e+13	4.2275e-16	3.5977e-15
6.5077e+13	4.1595e-16	3.3397e-15
6.5247e+13	3.9794e-16	3.2209e-15
6.5417e+13	3.6668e-16	3.3648e-15
6.5588e+13	3.5531e-16	3.3838e-15
6.5758e+13	3.8851e-16	3.3202e-15
6.5928e+13	4.2547e-16	3.3941e-15
6.6099e+13	4.2818e-16	3.3759e-15
6.6269e+13	4.0533e-16	3.1877e-15
6.644e+13	3.7623e-16	3.1463e-15
6.661e+13	3.6825e-16	3.2358e-15
6.678e+13	3.9564e-16	3.2362e-15
6.6951e+13	4.1771e-16	3.2929e-15
6.7121e+13	4.0599e-16	3.4371e-15
6.7291e+13	3.9469e-16	3.3454e-15
6.7462e+13	3.895e-16	3.0931e-15
6.7632e+13	3.6064e-16	3.0883e-15
6.7802e+13	3.4671e-16	3.2336e-15
6.7973e+13	3.899e-16	3.1977e-15
6.8143e+13	4.2536e-16	3.1108e-15
6.8313e+13	4.0134e-16	3.1655e-15
6.8484e+13	3.7825e-16	3.1952e-15
6.8654e+13	3.921e-16	3.1478e-15
6.8825e+13	3.9317e-16	3.2408e-15
6.8995e+13	3.6649e-16	3.4281e-15
6.9165e+13	3.4769e-16	3.3885e-15
6.9336e+13	3.4477e-16	3.1213e-15
6.9506e+13	3.5812e-16	3.0097e-15
6.9676e+13	3.9697e-16	3.1981e-15
6.9847e+13	4.2722e-16	3.3449e-15
7.0017e+13	4.0567e-16	3.213e-15
7.0187e+13	3.6064e-16	3.0774e-15
7.0358e+13	3.4826e-16	3.1689e-15
7.0528e+13	3.6295e-16	3.2273e-15
7.0698e+13	3.605e-16	3.0759e-15
7.0869e+13	3.4441e-16	3.0181e-15
7.1039e+13	3.6662e-16	3.2188e-15
7.121e+13	4.233e-16	3.3953e-15
7.138e+13	4.2789e-16	3.3919e-15
7.155e+13	3.6342e-16	3.36e-15
7.1721e+13	3.4352e-16	3.3512e-15
7.1891e+13	4.0996e-16	3.3379e-15
7.2061e+13	4.448e-16	3.4026e-15
7.2232e+13	3.9595e-16	3.4897e-15
7.2402e+13	3.6263e-16	3.3892e-15
7.2572e+13	3.8535e-16	3.1743e-15
7.2743e+13	3.9816e-16	3.1406e-15
7.2913e+13	3.8793e-16	3.2729e-15
7.3083e+13	3.836e-16	3.2977e-15
7.3254e+13	3.7372e-16	3.2226e-15
7.3424e+13	3.7391e-16	3.3147e-15
7.3595e+13	4.1641e-16	3.5541e-15
7.3765e+13	4.3906e-16	3.5991e-15
7.3935e+13	3.8174e-16	3.3704e-15
7.4106e+13	3.2516e-16	3.1795e-15
7.4276e+13	3.4899e-16	3.1765e-15
7.4446e+13	3.9202e-16	3.2081e-15
7.4617e+13	3.8757e-16	3.2502e-15
7.4787e+13	3.7226e-16	3.3791e-15
7.4957e+13	3.8983e-16	3.4528e-15
7.5128e+13	4.2113e-16	3.3947e-15
7.5298e+13	4.268e-16	3.4011e-15
7.5468e+13	3.9707e-16	3.463e-15
7.5639e+13	3.7016e-16	3.3476e-15
7.5809e+13	3.8311e-16	3.1789e-15
7.598e+13	4.0253e-16	3.2239e-15
7.615e+13	3.8141e-16	3.3368e-15
7.632e+13	3.4933e-16	3.3552e-15
7.6491e+13	3.507e-16	3.4335e-15
7.6661e+13	3.7133e-16	3.5236e-15
7.6831e+13	3.9102e-16	3.4061e-15
7.7002e+13	4.0439e-16	3.2819e-15
7.7172e+13	3.9263e-16	3.4143e-15
7.7342e+13	3.7317e-16	3.571e-15
7.7513e+13	3.974e-16	3.5256e-15
7.7683e+13	4.3973e-16	3.4295e-15
7.7853e+13	4.2814e-16	3.4058e-15
7.8024e+13	3.8446e-16	3.4844e-15
7.8194e+13	3.7915e-16	3.7052e-15
7.8365e+13	4.0458e-16	3.8314e-15
7.8535e+13	4.1837e-16	3.6236e-15
7.8705e+13	4.2101e-16	3.3931e-15
7.8876e+13	4.2574e-16	3.4691e-15
7.9046e+13	4.3475e-16	3.6431e-15
7.9216e+13	4.4347e-16	3.7405e-15
7.9387e+13	4.3338e-16	3.8119e-15
7.9557e+13	4.0885e-16	3.7099e-15
7.9727e+13	4.1024e-16	3.5103e-15
7.9898e+13	4.3952e-16	3.6591e-15
8.0068e+13	4.587e-16	3.9481e-15
8.0239e+13	4.6558e-16	3.7544e-15
8.0409e+13	4.6444e-16	3.4492e-15
8.0579e+13	4.3431e-16	3.7212e-15
8.075e+13	4.0555e-16	4.1167e-15
8.092e+13	4.2615e-16	4.0311e-15
8.109e+13	4.5383e-16	3.8142e-15
8.1261e+13	4.496e-16	3.7408e-15
8.1431e+13	4.6055e-16	3.687e-15
8.1601e+13	4.7584e-16	3.91e-15
8.1772e+13	4.343e-16	4.3192e-15
8.1942e+13	4.1096e-16	4.1427e-15
8.2112e+13	4.8433e-16	3.6678e-15
8.2283e+13	5.2638e-16	3.981e-15
8.2453e+13	4.5093e-16	4.541e-15
8.2624e+13	4.1301e-16	4.1218e-15
8.2794e+13	4.8944e-16	3.5038e-15
8.2964e+13	5.3123e-16	3.936e-15
8.3135e+13	4.9147e-16	4.6208e-15
8.3305e+13	4.8692e-16	4.515e-15
8.3475e+13	5.1639e-16	4.1927e-15
8.3646e+13	4.9788e-16	4.1838e-15
8.3816e+13	4.7614e-16	4.179e-15
8.3986e+13	5.1204e-16	4.2807e-15
8.4157e+13	5.5214e-16	4.5959e-15
8.4327e+13	5.5369e-16	4.5216e-15
8.4497e+13	5.3964e-16	4.1417e-15
8.4668e+13	5.161e-16	4.3357e-15
8.4838e+13	4.9203e-16	4.8141e-15
8.5009e+13	5.0116e-16	4.6066e-15
8.5179e+13	5.2515e-16	4.1145e-15
8.5349e+13	5.1498e-16	4.1516e-15
8.552e+13	4.9076e-16	4.291e-15
8.569e+13	5.0597e-16	4.1576e-15
8.586e+13	5.4878e-16	4.3201e-15
8.6031e+13	5.5889e-16	4.7351e-15
8.6201e+13	5.2115e-16	4.6543e-15
8.6371e+13	5.0284e-16	4.3227e-15
8.6542e+13	5.6047e-16	4.4918e-15
8.6712e+13	6.2942e-16	4.8404e-15
8.6882e+13	6.1393e-16	4.7804e-15
8.7053e+13	5.5047e-16	4.6621e-15
8.7223e+13	5.2519e-16	4.8374e-15
8.7394e+13	5.1978e-16	4.9633e-15
8.7564e+13	5.0143e-16	4.9221e-15
8.7734e+13	5.1095e-16	5.0031e-15
8.7905e+13	5.4796e-16	5.0989e-15
8.8075e+13	5.6242e-16	4.9733e-15
8.8245e+13	5.7072e-16	4.9215e-15
8.8416e+13	5.922e-16	5.1621e-15
8.8586e+13	5.8487e-16	5.2537e-15
8.8756e+13	5.7165e-16	4.9114e-15
8.8927e+13	6.1052e-16	4.6707e-15
8.9097e+13	6.2538e-16	5.0482e-15
8.9267e+13	5.4889e-16	5.6021e-15
8.9438e+13	5.1308e-16	5.5377e-15
8.9608e+13	6.1055e-16	4.9881e-15
8.9779e+13	6.9522e-16	4.8579e-15
8.9949e+13	6.5207e-16	5.3351e-15
9.0119e+13	5.8332e-16	5.6294e-15
9.029e+13	5.8819e-16	5.4831e-15
9.046e+13	6.2315e-16	5.5565e-15
9.063e+13	6.2893e-16	5.9108e-15
9.0801e+13	6.1558e-16	5.7915e-15
9.0971e+13	6.2612e-16	5.259e-15
9.1141e+13	6.686e-16	5.184e-15
9.1312e+13	6.7872e-16	5.5715e-15
9.1482e+13	6.2522e-16	5.7281e-15
9.1652e+13	6.0658e-16	5.6766e-15
9.1823e+13	6.8416e-16	5.7499e-15
9.1993e+13	7.4975e-16	5.7141e-15
9.2164e+13	7.2981e-16	5.5658e-15
9.2334e+13	7.0319e-16	5.8423e-15
9.2504e+13	7.0688e-16	6.4168e-15
9.2675e+13	7.004e-16	6.5518e-15
9.2845e+13	7.2015e-16	6.2452e-15
9.3015e+13	7.9069e-16	6.045e-15
9.3186e+13	8.107e-16	6.042e-15
9.3356e+13	7.4636e-16	6.1441e-15
9.3526e+13	7.1286e-16	6.3837e-15
9.3697e+13	7.4845e-16	6.4911e-15
9.3867e+13	7.7182e-16	6.3287e-15
9.4037e+13	7.641e-16	6.392e-15
9.4208e+13	7.6251e-16	6.7513e-15
9.4378e+13	7.6646e-16	6.6987e-15
9.4549e+13	7.8224e-16	6.3573e-15
9.4719e+13	8.1383e-16	6.7315e-15
9.4889e+13	8.0113e-16	7.5596e-15
9.506e+13	7.2074e-16	7.4739e-15
9.523e+13	6.5922e-16	6.57e-15
9.54e+13	6.8081e-16	6.3013e-15
9.5571e+13	7.5186e-16	6.8319e-15
9.5741e+13	8.1249e-16	6.9895e-15
9.5911e+13	8.1009e-16	6.6695e-15
9.6082e+13	7.3954e-16	6.8753e-15
9.6252e+13	7.0005e-16	7.5285e-15
9.6422e+13	7.6814e-16	7.5095e-15
9.6593e+13	8.5095e-16	6.8325e-15
9.6763e+13	8.3614e-16	6.6439e-15
9.6934e+13	7.7883e-16	7.0489e-15
9.7104e+13	7.8593e-16	7.0501e-15
9.7274e+13	8.4395e-16	6.6242e-15
9.7445e+13	8.6379e-16	6.7003e-15
9.7615e+13	8.0575e-16	7.1986e-15
9.7785e+13	7.2677e-16	7.2298e-15
9.7956e+13	7.1346e-16	6.9134e-15
9.8126e+13	7.5105e-16	7.0094e-15
9.8296e+13	7.49e-16	7.3466e-15
9.8467e+13	7.2392e-16	7.3222e-15
9.8637e+13	7.7064e-16	7.1284e-15
9.8807e+13	8.4959e-16	7.1875e-15
9.8978e+13	8.4283e-16	7.3194e-15
9.9148e+13	7.7345e-16	7.2875e-15
9.9319e+13	7.4302e-16	7.2374e-15
9.9489e+13	7.6357e-16	7.2151e-15
9.9659e+13	8.0599e-16	7.0596e-15
9.983e+13	8.4845e-16	6.8576e-15
1e+14	8.3217e-16	6.8768e-15
1.0017e+14	7.5775e-16	7.1001e-15
1.0034e+14	7.4706e-16	7.3132e-15
1.0051e+14	8.3791e-16	7.5513e-15
1.0068e+14	8.9843e-16	7.9104e-15
1.0085e+14	8.6639e-16	7.9969e-15
1.0102e+14	8.3414e-16	7.4031e-15
1.0119e+14	8.4718e-16	6.7153e-15
1.0136e+14	8.6285e-16	6.8503e-15
1.0153e+14	8.8107e-16	7.4744e-15
1.017e+14	9.1257e-16	7.6109e-15
1.0187e+14	9.0786e-16	7.4167e-15
1.0204e+14	8.5223e-16	7.569e-15
1.0221e+14	8.0746e-16	7.723e-15
1.0239e+14	8.0333e-16	7.4252e-15
1.0256e+14	8.1331e-16	7.2757e-15
1.0273e+14	8.2337e-16	7.6148e-15
1.029e+14	8.2605e-16	7.716e-15
1.0307e+14	8.1052e-16	7.3405e-15
1.0324e+14	8.0471e-16	7.2069e-15
1.0341e+14	8.3111e-16	7.4495e-15
1.0358e+14	8.4156e-16	7.4415e-15
1.0375e+14	8.1519e-16	7.1153e-15
1.0392e+14	8.348e-16	6.9595e-15
1.0409e+14	9.2843e-16	7.061e-15
1.0426e+14	9.7257e-16	7.1432e-15
1.0443e+14	8.9789e-16	7.0996e-15
1.046e+14	8.2038e-16	6.9973e-15
1.0477e+14	8.3428e-16	6.8961e-15
1.0494e+14	8.6647e-16	6.8365e-15
1.0511e+14	8.4427e-16	6.8918e-15
1.0528e+14	8.1107e-16	7.1012e-15
1.0545e+14	8.0465e-16	7.2239e-15
1.0562e+14	7.9301e-16	6.9031e-15
1.0579e+14	7.5506e-16	6.3757e-15
1.0596e+14	7.1383e-16	6.3601e-15
1.0613e+14	7.1649e-16	6.9013e-15
1.063e+14	7.9315e-16	7.1982e-15
1.0647e+14	8.6175e-16	6.8147e-15
1.0664e+14	7.868e-16	6.2142e-15
1.0681e+14	6.3279e-16	6.0111e-15
1.0698e+14	6.1934e-16	6.2166e-15
1.0716e+14	7.3912e-16	6.2801e-15
1.0733e+14	7.7142e-16	5.9301e-15
1.075e+14	7.0164e-16	5.7299e-15
1.0767e+14	7.0141e-16	6.0544e-15
1.0784e+14	7.5507e-16	6.1998e-15
1.0801e+14	7.4044e-16	5.7764e-15
1.0818e+14	7.1064e-16	5.659e-15
1.0835e+14	7.2764e-16	6.1357e-15
1.0852e+14	6.9674e-16	6.1526e-15
1.0869e+14	6.1508e-16	5.5151e-15
1.0886e+14	6.2327e-16	5.2841e-15
1.0903e+14	7.0529e-16	5.5852e-15
1.092e+14	7.1673e-16	5.6716e-15
1.0937e+14	6.6565e-16	5.5662e-15
1.0954e+14	6.3239e-16	5.4362e-15
1.0971e+14	5.8511e-16	4.9323e-15
1.0988e+14	5.1632e-16	4.4488e-15
1.1005e+14	5.1042e-16	4.7309e-15
1.1022e+14	5.5481e-16	5.1331e-15
1.1039e+14	5.5019e-16	4.7717e-15
1.1056e+14	5.0602e-16	4.313e-15
1.1073e+14	4.9154e-16	4.4655e-15
1.109e+14	4.879e-16	4.6454e-15
1.1107e+14	4.611e-16	4.4501e-15
1.1124e+14	4.4755e-16	4.2359e-15
1.1141e+14	4.6909e-16	4.0423e-15
1.1158e+14	4.8683e-16	3.8528e-15
1.1175e+14	4.7356e-16	4.0351e-15
1.1193e+14	4.4852e-16	4.3716e-15
1.121e+14	4.3864e-16	4.2366e-15
1.1227e+14	4.4133e-16	3.89e-15
1.1244e+14	4.3441e-16	3.8448e-15
1.1261e+14	4.2162e-16	3.7553e-15
1.1278e+14	4.2352e-16	3.3773e-15
1.1295e+14	4.1769e-16	3.2315e-15
1.1312e+14	3.7889e-16	3.4784e-15
1.1329e+14	3.5734e-16	3.6084e-15
1.1346e+14	3.9027e-16	3.3886e-15
1.1363e+14	4.086e-16	3.0487e-15
1.138e+14	3.6897e-16	2.8835e-15
1.1397e+14	3.4518e-16	3.0398e-15
1.1414e+14	3.7042e-16	3.2254e-15
1.1431e+14	3.7078e-16	3.0253e-15
1.1448e+14	3.3056e-16	2.7119e-15
1.1465e+14	3.2203e-16	2.7825e-15
1.1482e+14	3.4904e-16	2.9863e-15
1.1499e+14	3.4667e-16	2.9254e-15
1.1516e+14	3.1236e-16	2.813e-15
1.1533e+14	2.9713e-16	2.7991e-15
1.155e+14	3.136e-16	2.6716e-15
1.1567e+14	3.3091e-16	2.5011e-15
1.1584e+14	3.1986e-16	2.4877e-15
1.1601e+14	2.8503e-16	2.5166e-15
1.1618e+14	2.6346e-16	2.5292e-15
1.1635e+14	2.6972e-16	2.5468e-15
1.1652e+14	2.734e-16	2.352e-15
1.167e+14	2.6282e-16	2.0251e-15
1.1687e+14	2.5981e-16	2.0444e-15
1.1704e+14	2.5731e-16	2.2809e-15
1.1721e+14	2.361e-16	2.1779e-15
1.1738e+14	2.2149e-16	1.9142e-15
1.1755e+14	2.3418e-16	1.9498e-15
1.1772e+14	2.4548e-16	2.0679e-15
1.1789e+14	2.399e-16	2.0238e-15
1.1806e+14	2.3496e-16	2.0213e-15
1.1823e+14	2.2722e-16	2.0194e-15
1.184e+14	2.0999e-16	1.8293e-15
1.1857e+14	2.0563e-16	1.6867e-15
1.1874e+14	2.127e-16	1.728e-15
1.1891e+14	1.9963e-16	1.7117e-15
1.1908e+14	1.778e-16	1.6649e-15
1.1925e+14	1.8166e-16	1.7254e-15
1.1942e+14	1.9483e-16	1.6568e-15
1.1959e+14	1.8859e-16	1.4446e-15
1.1976e+14	1.7901e-16	1.4424e-15
1.1993e+14	1.8099e-16	1.5308e-15
1.201e+14	1.7964e-16	1.4059e-15
1.2027e+14	1.7287e-16	1.3842e-15
1.2044e+14	1.7183e-16	1.6638e-15
1.2061e+14	1.7092e-16	1.7419e-15
1.2078e+14	1.6481e-16	1.4595e-15
1.2095e+14	1.5888e-16	1.306e-15
1.2112e+14	1.4943e-16	1.3684e-15
1.2129e+14	1.3777e-16	1.3224e-15
1.2147e+14	1.4153e-16	1.2156e-15
1.2164e+14	1.5595e-16	1.2226e-15
1.2181e+14	1.5274e-16	1.2353e-15
1.2198e+14	1.3556e-16	1.2129e-15
1.2215e+14	1.3553e-16	1.2408e-15
1.2232e+14	1.5115e-16	1.2444e-15
1.2249e+14	1.5165e-16	1.1755e-15
1.2266e+14	1.3207e-16	1.1455e-15
1.2283e+14	1.1955e-16	1.174e-15
1.23e+14	1.2931e-16	1.1966e-15
1.2317e+14	1.4211e-16	1.1907e-15
1.2334e+14	1.3476e-16	1.109e-15
1.2351e+14	1.1881e-16	9.9215e-16
1.2368e+14	1.2015e-16	9.9023e-16
1.2385e+14	1.3078e-16	1.0339e-15
1.2402e+14	1.2702e-16	9.6083e-16
1.2419e+14	1.185e-16	9.2436e-16
1.2436e+14	1.2353e-16	1.0397e-15
1.2453e+14	1.2659e-16	1.0478e-15
1.247e+14	1.1355e-16	8.7886e-16
1.2487e+14	1.039e-16	8.1555e-16
1.2504e+14	1.0911e-16	8.7012e-16
1.2521e+14	1.1225e-16	8.5053e-16
1.2538e+14	1.0583e-16	8.3764e-16
1.2555e+14	9.8964e-17	8.8124e-16
1.2572e+14	9.3132e-17	8.0979e-16
1.2589e+14	8.856e-17	6.9443e-16
1.2606e+14	9.0869e-17	7.32e-16
1.2624e+14	9.4972e-17	7.8627e-16
1.2641e+14	9.2938e-17	7.3226e-16
1.2658e+14	9.0931e-17	7.2822e-16
1.2675e+14	9.2546e-17	7.7897e-16
1.2692e+14	9.0269e-17	7.4924e-16
1.2709e+14	8.5192e-17	7.2794e-16
1.2726e+14	8.3807e-17	7.5472e-16
1.2743e+14	8.2947e-17	6.8969e-16
1.276e+14	8.2805e-17	6.3074e-16
1.2777e+14	8.8577e-17	7.1763e-16
1.2794e+14	9.0616e-17	7.2699e-16
1.2811e+14	7.9953e-17	5.7115e-16
1.2828e+14	7.0863e-17	5.4496e-16
1.2845e+14	7.2915e-17	6.5954e-16
1.2862e+14	7.4038e-17	6.4518e-16
1.2879e+14	7.2743e-17	5.8135e-16
1.2896e+14	7.9e-17	6.2345e-16
1.2913e+14	8.2271e-17	5.951e-16
1.293e+14	7.0349e-17	4.783e-16
1.2947e+14	5.9476e-17	5.1173e-16
1.2964e+14	6.3344e-17	6.1372e-16
1.2981e+14	6.9347e-17	5.6546e-16
1.2998e+14	6.9256e-17	5.0209e-16
1.3015e+14	6.9265e-17	5.4871e-16
1.3032e+14	6.8125e-17	5.5066e-16
1.3049e+14	6.3663e-17	4.8945e-16
1.3066e+14	6.2443e-17	4.9881e-16
1.3083e+14	6.2203e-17	5.269e-16
1.3101e+14	5.6826e-17	5.0336e-16
1.3118e+14	5.6057e-17	5.014e-16
1.3135e+14	6.4451e-17	5.1066e-16
1.3152e+14	6.5828e-17	4.7741e-16
1.3169e+14	5.7013e-17	4.7085e-16
1.3186e+14	5.5845e-17	4.9702e-16
1.3203e+14	6.2571e-17	4.6991e-16
1.322e+14	6.0717e-17	4.3242e-16
1.3237e+14	5.244e-17	4.4139e-16
1.3254e+14	5.0928e-17	4.2992e-16
1.3271e+14	5.4777e-17	4.0636e-16
1.3288e+14	5.7088e-17	4.3145e-16
1.3305e+14	5.6901e-17	4.2947e-16
1.3322e+14	5.3233e-17	3.7221e-16
1.3339e+14	4.7778e-17	3.7025e-16
1.3356e+14	4.5882e-17	4.0819e-16
1.3373e+14	4.6531e-17	3.9866e-16
1.339e+14	4.7508e-17	3.9785e-16
1.3407e+14	5.2258e-17	4.1153e-16
1.3424e+14	5.6338e-17	3.492e-16
1.3441e+14	5.0718e-17	3.0196e-16
1.3458e+14	4.3862e-17	3.6902e-16
1.3475e+14	4.7791e-17	3.9496e-16
1.3492e+14	5.2453e-17	3.2271e-16
1.3509e+14	4.7088e-17	3.2803e-16
1.3526e+14	4.1757e-17	3.8867e-16
1.3543e+14	4.3363e-17	3.5139e-16
1.356e+14	4.4147e-17	3.1415e-16
1.3578e+14	4.249e-17	3.6376e-16
1.3595e+14	4.2221e-17	3.5748e-16
1.3612e+14	4.0624e-17	2.9988e-16
1.3629e+14	3.9407e-17	3.3437e-16
1.3646e+14	4.4199e-17	3.7518e-16
1.3663e+14	4.7928e-17	3.2679e-16
1.368e+14	4.3452e-17	3.1821e-16
1.3697e+14	3.9559e-17	3.5846e-16
1.3714e+14	4.1083e-17	3.1742e-16
1.3731e+14	4.0602e-17	2.7453e-16
1.3748e+14	3.9187e-17	3.2171e-16
1.3765e+14	4.2109e-17	3.2825e-16
1.3782e+14	4.2601e-17	2.7576e-16
1.3799e+14	3.8401e-17	2.9948e-16
1.3816e+14	3.9653e-17	3.356e-16
1.3833e+14	4.5056e-17	2.8486e-16
1.385e+14	4.3587e-17	2.6778e-16
1.3867e+14	3.8288e-17	3.2042e-16
1.3884e+14	3.7112e-17	3.0911e-16
1.3901e+14	3.7147e-17	2.6098e-16
1.3918e+14	3.6954e-17	2.7265e-16
1.3935e+14	3.903e-17	2.754e-16
1.3952e+14	3.8783e-17	2.4771e-16
1.3969e+14	3.5083e-17	2.7183e-16
1.3986e+14	3.5332e-17	2.919e-16
1.4003e+14	3.7246e-17	2.458e-16
1.402e+14	3.3806e-17	2.3868e-16
1.4037e+14	3.2223e-17	2.8476e-16
1.4055e+14	3.7956e-17	2.7077e-16
1.4072e+14	4.0582e-17	2.3717e-16
1.4089e+14	3.6611e-17	2.6453e-16
1.4106e+14	3.4842e-17	2.7235e-16
1.4123e+14	3.4723e-17	2.3595e-16
1.414e+14	3.2221e-17	2.4176e-16
1.4157e+14	3.3041e-17	2.5516e-16
1.4174e+14	3.6182e-17	2.1964e-16
1.4191e+14	3.2808e-17	2.1543e-16
1.4208e+14	2.8481e-17	2.5585e-16
1.4225e+14	3.2203e-17	2.5332e-16
1.4242e+14	3.5117e-17	2.3383e-16
1.4259e+14	3.0311e-17	2.4509e-16
1.4276e+14	2.7483e-17	2.2913e-16
1.4293e+14	3.0218e-17	1.9824e-16
1.431e+14	3.083e-17	2.2195e-16
1.4327e+14	2.9277e-17	2.409e-16
1.4344e+14	2.9352e-17	2.0742e-16
1.4361e+14	2.8848e-17	2.0019e-16
1.4378e+14	2.8736e-17	2.2048e-16
1.4395e+14	3.1631e-17	2.0192e-16
1.4412e+14	3.2053e-17	1.9009e-16
1.4429e+14	2.7878e-17	2.1153e-16
1.4446e+14	2.6707e-17	1.9748e-16
1.4463e+14	2.9515e-17	1.777e-16
1.448e+14	2.9715e-17	2.1175e-16
1.4497e+14	2.7902e-17	2.1986e-16
1.4514e+14	2.7639e-17	1.8177e-16
1.4532e+14	2.7607e-17	1.9955e-16
1.4549e+14	2.8363e-17	2.352e-16
1.4566e+14	3.0877e-17	1.9726e-16
1.4583e+14	3.069e-17	1.7364e-16
1.46e+14	2.7294e-17	2.1245e-16
1.4617e+14	2.6411e-17	2.0536e-16
1.4634e+14	2.7863e-17	1.6985e-16
1.4651e+14	2.8149e-17	2.0044e-16
1.4668e+14	2.8744e-17	2.1654e-16
1.4685e+14	2.8966e-17	1.6582e-16
1.4702e+14	2.6263e-17	1.6474e-16
1.4719e+14	2.5403e-17	2.1077e-16
1.4736e+14	2.8449e-17	1.935e-16
1.4753e+14	2.7648e-17	1.6311e-16
1.477e+14	2.2943e-17	1.8234e-16
1.4787e+14	2.327e-17	1.7658e-16
1.4804e+14	2.6356e-17	1.5587e-16
1.4821e+14	2.4742e-17	1.9221e-16
1.4838e+14	2.2825e-17	2.1064e-16
1.4855e+14	2.4857e-17	1.6966e-16
1.4872e+14	2.5784e-17	1.7256e-16
1.4889e+14	2.5378e-17	2.0487e-16
1.4906e+14	2.7512e-17	1.7416e-16
1.4923e+14	2.846e-17	1.5333e-16
1.494e+14	2.5718e-17	1.9258e-16
1.4957e+14	2.3812e-17	1.8569e-16
1.4974e+14	2.3286e-17	1.445e-16
1.4991e+14	2.3057e-17	1.7289e-16
1.5009e+14	2.6509e-17	2.0132e-16
1.5026e+14	3.0093e-17	1.6488e-16
1.5043e+14	2.6174e-17	1.6721e-16
1.506e+14	2.1036e-17	2.108e-16
1.5077e+14	2.3603e-17	1.8747e-16
1.5094e+14	2.7079e-17	1.494e-16
1.5111e+14	2.5472e-17	1.72e-16
1.5128e+14	2.5069e-17	1.7373e-16
1.5145e+14	2.6431e-17	1.4001e-16
1.5162e+14	2.3863e-17	1.5562e-16
1.5179e+14	2.1295e-17	1.7904e-16
1.5196e+14	2.3111e-17	1.5408e-16
1.5213e+14	2.3844e-17	1.5263e-16
1.523e+14	2.1917e-17	1.782e-16
1.5247e+14	2.221e-17	1.5866e-16
1.5264e+14	2.3675e-17	1.4179e-16
1.5281e+14	2.339e-17	1.6966e-16
1.5298e+14	2.2653e-17	1.6609e-16
1.5315e+14	2.0828e-17	1.3892e-16
1.5332e+14	1.8598e-17	1.606e-16
1.5349e+14	2.0987e-17	1.7426e-16
1.5366e+14	2.5117e-17	1.415e-16
1.5383e+14	2.3668e-17	1.4716e-16
1.54e+14	2.1236e-17	1.7759e-16
1.5417e+14	2.315e-17	1.5008e-16
1.5434e+14	2.2442e-17	1.2632e-16
1.5451e+14	1.8177e-17	1.5731e-16
1.5468e+14	1.9523e-17	1.5813e-16
1.5486e+14	2.3665e-17	1.3074e-16
1.5503e+14	2.2215e-17	1.5309e-16
1.552e+14	2.067e-17	1.7095e-16
1.5537e+14	2.342e-17	1.3949e-16
1.5554e+14	2.3439e-17	1.4116e-16
1.5571e+14	2.1375e-17	1.6974e-16
1.5588e+14	2.3218e-17	1.4538e-16
1.5605e+14	2.3513e-17	1.2282e-16
1.5622e+14	1.9924e-17	1.5258e-16
1.5639e+14	2.1562e-17	1.5647e-16
1.5656e+14	2.5901e-17	1.304e-16
1.5673e+14	2.2207e-17	1.4211e-16
1.569e+14	1.7108e-17	1.497e-16
1.5707e+14	2.0389e-17	1.2513e-16
1.5724e+14	2.3702e-17	1.3852e-16
1.5741e+14	2.0979e-17	1.6608e-16
1.5758e+14	2.0101e-17	1.3947e-16
1.5775e+14	2.2463e-17	1.2483e-16
1.5792e+14	2.2596e-17	1.5644e-16
1.5809e+14	2.2509e-17	1.4959e-16
1.5826e+14	2.3112e-17	1.2306e-16
1.5843e+14	2.0323e-17	1.4996e-16
1.586e+14	1.8032e-17	1.6157e-16
1.5877e+14	2.0883e-17	1.2339e-16
1.5894e+14	2.2401e-17	1.3122e-16
1.5911e+14	1.9982e-17	1.6739e-16
1.5928e+14	2.0592e-17	1.4137e-16
1.5945e+14	2.3043e-17	1.1502e-16
1.5963e+14	2.1039e-17	1.41e-16
1.598e+14	1.8811e-17	1.3772e-16
1.5997e+14	2.0615e-17	1.1157e-16
1.6014e+14	2.0912e-17	1.3588e-16
1.6031e+14	1.8604e-17	1.4953e-16
1.6048e+14	1.9522e-17	1.1372e-16
1.6065e+14	2.2448e-17	1.186e-16
1.6082e+14	2.223e-17	1.5339e-16
1.6099e+14	2.0219e-17	1.3472e-16
1.6116e+14	1.9547e-17	1.2017e-16
1.6133e+14	2.0141e-17	1.5271e-16
1.615e+14	2.1419e-17	1.4391e-16
1.6167e+14	2.2063e-17	1.0303e-16
1.6184e+14	2.0865e-17	1.1936e-16
1.6201e+14	1.949e-17	1.4349e-16
1.6218e+14	1.8995e-17	1.238e-16
1.6235e+14	1.8584e-17	1.2962e-16
1.6252e+14	1.9424e-17	1.5232e-16
1.6269e+14	2.1116e-17	1.254e-16
1.6286e+14	1.9779e-17	1.095e-16
1.6303e+14	1.6875e-17	1.4108e-16
1.632e+14	1.7733e-17	1.3535e-16
1.6337e+14	2.007e-17	1.0654e-16
1.6354e+14	1.9341e-17	1.3297e-16
1.6371e+14	1.8701e-17	1.5153e-16
1.6388e+14	2.0458e-17	1.1624e-16
1.6405e+14	2.0831e-17	1.1423e-16
1.6422e+14	1.9436e-17	1.4282e-16
1.644e+14	1.9396e-17	1.2499e-16
1.6457e+14	2.0601e-17	1.1183e-16
1.6474e+14	2.2387e-17	1.4303e-16
1.6491e+14	2.348e-17	1.402e-16
1.6508e+14	2.0163e-17	1.1333e-16
1.6525e+14	1.5525e-17	1.3303e-16
1.6542e+14	1.7586e-17	1.4325e-16
1.6559e+14	2.2335e-17	1.1369e-16
1.6576e+14	2.0939e-17	1.2748e-16
1.6593e+14	1.8818e-17	1.5905e-16
1.661e+14	2.2035e-17	1.2732e-16
1.6627e+14	2.2428e-17	1.0622e-16
1.6644e+14	1.7372e-17	1.432e-16
1.6661e+14	1.6874e-17	1.3953e-16
1.6678e+14	2.0858e-17	1.0046e-16
1.6695e+14	2.0097e-17	1.194e-16
1.6712e+14	1.6547e-17	1.4318e-16
1.6729e+14	1.6798e-17	1.1513e-16
1.6746e+14	1.9016e-17	1.1409e-16
1.6763e+14	2.0657e-17	1.398e-16
1.678e+14	2.1473e-17	1.1657e-16
1.6797e+14	1.9277e-17	9.9574e-17
1.6814e+14	1.6346e-17	1.3554e-16
1.6831e+14	1.7559e-17	1.396e-16
1.6848e+14	1.9277e-17	1.1155e-16
1.6865e+14	1.7755e-17	1.3104e-16
1.6882e+14	1.8091e-17	1.4918e-16
1.6899e+14	2.055e-17	1.1802e-16
1.6917e+14	1.9028e-17	1.1434e-16
1.6934e+14	1.659e-17	1.3975e-16
1.6951e+14	1.8286e-17	1.2454e-16
1.6968e+14	1.9052e-17	1.1389e-16
1.6985e+14	1.7328e-17	1.4003e-16
1.7002e+14	1.86e-17	1.2851e-16
1.7019e+14	1.9966e-17	9.9373e-17
1.7036e+14	1.7391e-17	1.2591e-16
1.7053e+14	1.7546e-17	1.4096e-16
1.707e+14	2.1441e-17	1.0497e-16
1.7087e+14	2.0599e-17	1.1109e-16
1.7104e+14	1.7238e-17	1.4413e-16
1.7121e+14	1.8316e-17	1.1343e-16
1.7138e+14	1.8778e-17	8.8601e-17
1.7155e+14	1.6088e-17	1.3125e-16
1.7172e+14	1.7397e-17	1.4008e-16
1.7189e+14	2.0344e-17	9.9957e-17
1.7206e+14	1.7878e-17	1.0908e-16
1.7223e+14	1.604e-17	1.3351e-16
1.724e+14	1.8969e-17	1.1062e-16
1.7257e+14	1.8736e-17	1.1017e-16
1.7274e+14	1.5769e-17	1.4224e-16
1.7291e+14	1.7925e-17	1.258e-16
1.7308e+14	2.0846e-17	9.686e-17
1.7325e+14	1.9071e-17	1.1667e-16
1.7342e+14	1.8647e-17	1.2596e-16
1.7359e+14	2.0455e-17	1.0917e-16
1.7376e+14	1.886e-17	1.239e-16
1.7394e+14	1.7917e-17	1.3673e-16
1.7411e+14	2.1172e-17	1.1468e-16
1.7428e+14	2.1198e-17	1.1935e-16
1.7445e+14	1.7345e-17	1.4033e-16
1.7462e+14	1.7485e-17	1.1577e-16
1.7479e+14	1.9568e-17	1.0097e-16
1.7496e+14	1.8422e-17	1.3249e-16
1.7513e+14	1.7892e-17	1.2984e-16
1.753e+14	1.861e-17	1.0175e-16
1.7547e+14	1.6609e-17	1.2804e-16
1.7564e+14	1.6006e-17	1.5223e-16
1.7581e+14	1.9369e-17	1.1611e-16
1.7598e+14	1.9786e-17	1.0141e-16
1.7615e+14	1.754e-17	1.2778e-16
1.7632e+14	1.9414e-17	1.2082e-16
1.7649e+14	2.1235e-17	1.0574e-16
1.7666e+14	1.8201e-17	1.246e-16
1.7683e+14	1.7297e-17	1.2202e-16
1.77e+14	2.0181e-17	1.0368e-16
1.7717e+14	1.9663e-17	1.2973e-16
1.7734e+14	1.8051e-17	1.4729e-16
1.7751e+14	2.072e-17	1.1507e-16
1.7768e+14	2.2094e-17	1.119e-16
1.7785e+14	1.9548e-17	1.4133e-16
1.7802e+14	1.9451e-17	1.2702e-16
1.7819e+14	2.1033e-17	1.0758e-16
1.7836e+14	1.9304e-17	1.3197e-16
1.7853e+14	1.7932e-17	1.3377e-16
1.7871e+14	1.9563e-17	1.0831e-16
1.7888e+14	1.989e-17	1.2885e-16
1.7905e+14	1.9211e-17	1.5838e-16
1.7922e+14	2.0233e-17	1.3776e-16
1.7939e+14	1.9855e-17	1.2019e-16
1.7956e+14	1.7906e-17	1.2635e-16
1.7973e+14	1.8684e-17	1.119e-16
1.799e+14	1.9624e-17	1.0558e-16
1.8007e+14	1.7032e-17	1.3221e-16
1.8024e+14	1.5632e-17	1.3432e-16
1.8041e+14	1.7956e-17	1.1646e-16
1.8058e+14	1.9471e-17	1.3258e-16
1.8075e+14	1.9232e-17	1.4396e-16
1.8092e+14	1.911e-17	1.2139e-16
1.8109e+14	1.8144e-17	1.2269e-16
1.8126e+14	1.8e-17	1.4102e-16
1.8143e+14	2.0803e-17	1.2545e-16
1.816e+14	2.1633e-17	1.178e-16
1.8177e+14	1.8014e-17	1.3881e-16
1.8194e+14	1.6179e-17	1.2633e-16
1.8211e+14	1.7907e-17	1.0094e-16
1.8228e+14	1.8194e-17	1.2344e-16
1.8245e+14	1.7189e-17	1.412e-16
1.8262e+14	1.7686e-17	1.2046e-16
1.8279e+14	1.8421e-17	1.2341e-16
1.8296e+14	1.9485e-17	1.3689e-16
1.8313e+14	2.1631e-17	1.1191e-16
1.833e+14	2.143e-17	1.095e-16
1.8348e+14	1.9055e-17	1.494e-16
1.8365e+14	1.9528e-17	1.438e-16
1.8382e+14	2.1139e-17	1.0809e-16
1.8399e+14	1.9404e-17	1.2088e-16
1.8416e+14	1.7709e-17	1.343e-16
1.8433e+14	1.8834e-17	1.1219e-16
1.845e+14	1.9319e-17	1.2396e-16
1.8467e+14	1.9262e-17	1.499e-16
1.8484e+14	2.0611e-17	1.2057e-16
1.8501e+14	2.017e-17	1.0322e-16
1.8518e+14	1.8042e-17	1.4114e-16
1.8535e+14	1.8751e-17	1.4195e-16
1.8552e+14	2.0016e-17	1.0618e-16
1.8569e+14	1.875e-17	1.2345e-16
1.8586e+14	1.9434e-17	1.504e-16
1.8603e+14	2.1943e-17	1.2661e-16
1.862e+14	2.0555e-17	1.1919e-16
1.8637e+14	1.8818e-17	1.41e-16
1.8654e+14	2.1495e-17	1.2808e-16
1.8671e+14	2.2296e-17	1.1801e-16
1.8688e+14	1.9402e-17	1.4842e-16
1.8705e+14	2.0085e-17	1.4815e-16
1.8722e+14	2.1991e-17	1.1938e-16
1.8739e+14	1.9042e-17	1.3765e-16
1.8756e+14	1.7912e-17	1.6011e-16
1.8773e+14	2.2222e-17	1.3456e-16
1.879e+14	2.2829e-17	1.289e-16
1.8807e+14	1.9159e-17	1.51e-16
1.8825e+14	1.9777e-17	1.2908e-16
1.8842e+14	2.2069e-17	1.0428e-16
1.8859e+14	2.0557e-17	1.3697e-16
1.8876e+14	2.0121e-17	1.5883e-16
1.8893e+14	2.1885e-17	1.3543e-16
1.891e+14	2.0398e-17	1.2992e-16
1.8927e+14	1.871e-17	1.4106e-16
1.8944e+14	2.1263e-17	1.3398e-16
1.8961e+14	2.2724e-17	1.3883e-16
1.8978e+14	2.0836e-17	1.5284e-16
1.8995e+14	2.0453e-17	1.3693e-16
1.9012e+14	2.1121e-17	1.2634e-16
1.9029e+14	2.0747e-17	1.4607e-16
1.9046e+14	2.1795e-17	1.4634e-16
1.9063e+14	2.241e-17	1.3307e-16
1.908e+14	1.9729e-17	1.4824e-16
1.9097e+14	1.9352e-17	1.5262e-16
1.9114e+14	2.2699e-17	1.3005e-16
1.9131e+14	2.1888e-17	1.3791e-16
1.9148e+14	1.834e-17	1.5736e-16
1.9165e+14	2.0399e-17	1.3848e-16
1.9182e+14	2.3915e-17	1.3304e-16
1.9199e+14	2.1936e-17	1.5961e-16
1.9216e+14	1.9472e-17	1.4629e-16
1.9233e+14	1.9959e-17	1.1587e-16
1.925e+14	1.9414e-17	1.3867e-16
1.9267e+14	1.921e-17	1.5887e-16
1.9284e+14	2.1877e-17	1.3435e-16
1.9302e+14	2.2822e-17	1.3641e-16
1.9319e+14	2.1177e-17	1.6116e-16
1.9336e+14	2.1224e-17	1.4044e-16
1.9353e+14	2.1212e-17	1.1951e-16
1.937e+14	1.9604e-17	1.4434e-16
1.9387e+14	2.0886e-17	1.5229e-16
1.9404e+14	2.3238e-17	1.3651e-16
1.9421e+14	2.083e-17	1.4915e-16
1.9438e+14	1.8108e-17	1.526e-16
1.9455e+14	2.0242e-17	1.2311e-16
1.9472e+14	2.2154e-17	1.281e-16
1.9489e+14	2.1682e-17	1.5791e-16
1.9506e+14	2.2868e-17	1.4715e-16
1.9523e+14	2.3575e-17	1.3601e-16
1.954e+14	2.1022e-17	1.5654e-16
1.9557e+14	1.9824e-17	1.478e-16
1.9574e+14	2.1033e-17	1.2363e-16
1.9591e+14	2.099e-17	1.4487e-16
1.9608e+14	2.1697e-17	1.5857e-16
1.9625e+14	2.4009e-17	1.3118e-16
1.9642e+14	2.2939e-17	1.3876e-16
1.9659e+14	2.0646e-17	1.72e-16
1.9676e+14	2.3075e-17	1.5333e-16
1.9693e+14	2.5439e-17	1.2842e-16
1.971e+14	2.2986e-17	1.4782e-16
1.9727e+14	2.1567e-17	1.467e-16
1.9744e+14	2.2649e-17	1.2239e-16
1.9761e+14	2.0956e-17	1.4073e-16
1.9779e+14	1.9211e-17	1.6039e-16
1.9796e+14	2.1285e-17	1.3879e-16
1.9813e+14	2.1957e-17	1.4313e-16
1.983e+14	2.0292e-17	1.7345e-16
1.9847e+14	2.2299e-17	1.569e-16
1.9864e+14	2.5609e-17	1.3297e-16
1.9881e+14	2.4521e-17	1.5525e-16
1.9898e+14	2.2265e-17	1.6326e-16
1.9915e+14	2.1433e-17	1.4383e-16
1.9932e+14	1.9372e-17	1.5586e-16
1.9949e+14	1.8244e-17	1.666e-16
1.9966e+14	2.0353e-17	1.3833e-16
1.9983e+14	2.1064e-17	1.3717e-16
2e+14	2.0043e-17	1.692e-16
2.0017e+14	2.2286e-17	1.6125e-16
2.0034e+14	2.4719e-17	1.3907e-16
2.0051e+14	2.2329e-17	1.5458e-16
2.0068e+14	1.9969e-17	1.5875e-16
2.0085e+14	2.1698e-17	1.3593e-16
2.0102e+14	2.3382e-17	1.4035e-16
2.0119e+14	2.3039e-17	1.5415e-16
2.0136e+14	2.249e-17	1.4277e-16
2.0153e+14	2.1569e-17	1.4512e-16
2.017e+14	2.1144e-17	1.5876e-16
2.0187e+14	2.2308e-17	1.4128e-16
2.0204e+14	2.1979e-17	1.3157e-16
2.0221e+14	1.9621e-17	1.5507e-16
2.0239e+14	1.9217e-17	1.5021e-16
2.0256e+14	1.995e-17	1.2259e-16
2.0273e+14	1.9386e-17	1.3612e-16
2.029e+14	2.0655e-17	1.5576e-16
2.0307e+14	2.3212e-17	1.394e-16
2.0324e+14	2.1609e-17	1.3932e-16
2.0341e+14	1.8963e-17	1.5841e-16
2.0358e+14	2.0971e-17	1.4279e-16
2.0375e+14	2.2617e-17	1.2739e-16
2.0392e+14	2.0282e-17	1.4841e-16
2.0409e+14	1.9979e-17	1.4801e-16
2.0426e+14	2.2114e-17	1.2243e-16
2.0443e+14	2.1067e-17	1.3326e-16
2.046e+14	1.9215e-17	1.5255e-16
2.0477e+14	2.0065e-17	1.3665e-16
2.0494e+14	2.0146e-17	1.3328e-16
2.0511e+14	1.9852e-17	1.5328e-16
2.0528e+14	2.2254e-17	1.4481e-16
2.0545e+14	2.2548e-17	1.2659e-16
2.0562e+14	1.8814e-17	1.349e-16
2.0579e+14	1.8567e-17	1.3712e-16
2.0596e+14	2.2031e-17	1.2875e-16
2.0613e+14	2.1911e-17	1.388e-16
2.063e+14	2.0084e-17	1.39e-16
2.0647e+14	2.1104e-17	1.2049e-16
2.0664e+14	2.1353e-17	1.316e-16
2.0681e+14	2.0191e-17	1.523e-16
2.0698e+14	2.1454e-17	1.3465e-16
2.0716e+14	2.1731e-17	1.2376e-16
2.0733e+14	1.8622e-17	1.4573e-16
2.075e+14	1.8601e-17	1.4364e-16
2.0767e+14	2.1755e-17	1.2461e-16
2.0784e+14	2.0858e-17	1.368e-16
2.0801e+14	1.8546e-17	1.4136e-16
2.0818e+14	2.06e-17	1.1784e-16
2.0835e+14	2.2154e-17	1.2261e-16
2.0852e+14	2.0202e-17	1.3825e-16
2.0869e+14	2.0342e-17	1.1337e-16
2.0886e+14	2.2423e-17	1.0288e-16
2.0903e+14	2.178e-17	1.3677e-16
2.092e+14	2.0857e-17	1.4174e-16
2.0937e+14	2.1833e-17	1.2113e-16
2.0954e+14	2.1158e-17	1.3936e-16
2.0971e+14	1.9497e-17	1.5385e-16
2.0988e+14	2.0052e-17	1.2481e-16
2.1005e+14	2.0029e-17	1.1792e-16
2.1022e+14	1.7651e-17	1.3799e-16
2.1039e+14	1.6487e-17	1.2311e-16
2.1056e+14	1.6939e-17	1.072e-16
2.1073e+14	1.6861e-17	1.2943e-16
2.109e+14	1.728e-17	1.3073e-16
2.1107e+14	1.8103e-17	1.0592e-16
2.1124e+14	1.7882e-17	1.1587e-16
2.1141e+14	1.8742e-17	1.3152e-16
2.1158e+14	2.0874e-17	1.1204e-16
2.1175e+14	2.0506e-17	1.083e-16
2.1193e+14	1.9122e-17	1.2823e-16
2.121e+14	2.0365e-17	1.2028e-16
2.1227e+14	2.0867e-17	1.0873e-16
2.1244e+14	1.8621e-17	1.234e-16
2.1261e+14	1.827e-17	1.1962e-16
2.1278e+14	1.9554e-17	1.0284e-16
2.1295e+14	1.8257e-17	1.1911e-16
2.1312e+14	1.721e-17	1.2823e-16
2.1329e+14	1.9029e-17	1.0232e-16
2.1346e+14	1.9372e-17	1.0196e-16
2.1363e+14	1.8072e-17	1.2392e-16
2.138e+14	1.9135e-17	1.0957e-16
2.1397e+14	1.982e-17	9.5019e-17
2.1414e+14	1.7747e-17	1.1614e-16
2.1431e+14	1.7648e-17	1.1554e-16
2.1448e+14	1.9349e-17	9.2938e-17
2.1465e+14	1.7714e-17	1.0692e-16
2.1482e+14	1.5707e-17	1.2092e-16
2.1499e+14	1.7502e-17	9.4148e-17
2.1516e+14	1.8399e-17	8.7265e-17
2.1533e+14	1.6301e-17	1.1192e-16
2.155e+14	1.5855e-17	1.0647e-16
2.1567e+14	1.6469e-17	9.0635e-17
2.1584e+14	1.5302e-17	1.0447e-16
2.1601e+14	1.5759e-17	1.0491e-16
2.1618e+14	1.8256e-17	8.5342e-17
2.1635e+14	1.7408e-17	9.4689e-17
2.1652e+14	1.4622e-17	1.0798e-16
2.167e+14	1.5463e-17	9.2433e-17
2.1687e+14	1.7531e-17	9.4262e-17
2.1704e+14	1.6608e-17	1.1625e-16
2.1721e+14	1.5245e-17	1.0704e-16
2.1738e+14	1.5822e-17	9.0825e-17
2.1755e+14	1.6329e-17	1.0053e-16
2.1772e+14	1.555e-17	9.3794e-17
2.1789e+14	1.4487e-17	7.15e-17
2.1806e+14	1.4472e-17	8.2585e-17
2.1823e+14	1.5617e-17	9.6972e-17
2.184e+14	1.5501e-17	7.9259e-17
2.1857e+14	1.351e-17	7.6577e-17
2.1874e+14	1.3512e-17	9.6753e-17
2.1891e+14	1.5646e-17	9.1266e-17
2.1908e+14	1.5237e-17	7.817e-17
2.1925e+14	1.3833e-17	8.7338e-17
2.1942e+14	1.5701e-17	8.4696e-17
2.1959e+14	1.6615e-17	7.1056e-17
2.1976e+14	1.3381e-17	8.0799e-17
2.1993e+14	1.2224e-17	8.4017e-17
2.201e+14	1.455e-17	6.4425e-17
2.2027e+14	1.4108e-17	7.0576e-17
2.2044e+14	1.2179e-17	9.0614e-17
2.2061e+14	1.3428e-17	7.466e-17
2.2078e+14	1.4204e-17	6.035e-17
2.2095e+14	1.2863e-17	7.9783e-17
2.2112e+14	1.4268e-17	8.1285e-17
2.2129e+14	1.6205e-17	6.1971e-17
2.2147e+14	1.3648e-17	6.9396e-17
2.2164e+14	1.1606e-17	7.7192e-17
2.2181e+14	1.3656e-17	5.9805e-17
2.2198e+14	1.3954e-17	6.269e-17
2.2215e+14	1.1948e-17	8.0392e-17
2.2232e+14	1.2638e-17	6.6387e-17
2.2249e+14	1.3222e-17	5.4527e-17
2.2266e+14	1.0725e-17	7.3175e-17
2.2283e+14	1.0324e-17	7.2061e-17
2.23e+14	1.2752e-17	5.2197e-17
2.2317e+14	1.289e-17	6.2106e-17
2.2334e+14	1.2337e-17	7.2734e-17
2.2351e+14	1.3957e-17	5.6482e-17
2.2368e+14	1.3995e-17	5.9221e-17
2.2385e+14	1.2162e-17	7.6071e-17
2.2402e+14	1.247e-17	6.1137e-17
2.2419e+14	1.2721e-17	4.9893e-17
2.2436e+14	1.0679e-17	7.0041e-17
2.2453e+14	1.0693e-17	6.7761e-17
2.247e+14	1.2631e-17	4.4544e-17
2.2487e+14	1.154e-17	5.4129e-17
2.2504e+14	9.901e-18	6.7285e-17
2.2521e+14	1.1838e-17	5.0154e-17
2.2538e+14	1.3502e-17	4.8602e-17
2.2555e+14	1.2252e-17	6.426e-17
2.2572e+14	1.1138e-17	5.1352e-17
2.2589e+14	1.0664e-17	4.017e-17
2.2606e+14	1.0109e-17	5.9685e-17
2.2624e+14	1.0946e-17	6.0053e-17
2.2641e+14	1.1372e-17	3.9575e-17
2.2658e+14	9.5933e-18	4.8179e-17
2.2675e+14	9.8492e-18	5.9883e-17
2.2692e+14	1.2683e-17	4.323e-17
2.2709e+14	1.2042e-17	4.149e-17
2.2726e+14	9.0191e-18	5.6946e-17
2.2743e+14	9.6534e-18	4.6979e-17
2.276e+14	1.141e-17	3.8445e-17
2.2777e+14	1.0395e-17	5.513e-17
2.2794e+14	1.0142e-17	5.1005e-17
2.2811e+14	1.1084e-17	3.1169e-17
2.2828e+14	9.2912e-18	4.3585e-17
2.2845e+14	7.5311e-18	5.5719e-17
2.2862e+14	9.246e-18	3.618e-17
2.2879e+14	1.0108e-17	3.3838e-17
2.2896e+14	8.554e-18	5.218e-17
2.2913e+14	9.0478e-18	4.3405e-17
2.293e+14	1.0712e-17	3.219e-17
2.2947e+14	9.7961e-18	4.8193e-17
2.2964e+14	8.6649e-18	4.9205e-17
2.2981e+14	9.5687e-18	3.3347e-17
2.2998e+14	1.0069e-17	4.1626e-17
2.3015e+14	9.6048e-18	4.7481e-17
2.3032e+14	9.4217e-18	2.8778e-17
2.3049e+14	8.9151e-18	3.1249e-17
2.3066e+14	8.7473e-18	4.9365e-17
2.3083e+14	9.8819e-18	3.6236e-17
2.3101e+14	1.0097e-17	2.4247e-17
2.3118e+14	8.9706e-18	4.3494e-17
2.3135e+14	8.9929e-18	4.5609e-17
2.3152e+14	9.1982e-18	2.8067e-17
2.3169e+14	8.2339e-18	3.7303e-17
2.3186e+14	8.7838e-18	4.7085e-17
2.3203e+14	1.037e-17	2.9432e-17
2.322e+14	9.3364e-18	2.9446e-17
2.3237e+14	7.9463e-18	4.7507e-17
2.3254e+14	9.1824e-18	3.7232e-17
2.3271e+14	9.2955e-18	2.493e-17
2.3288e+14	7.21e-18	3.999e-17
2.3305e+14	7.3525e-18	3.9372e-17
2.3322e+14	8.8e-18	2.1596e-17
2.3339e+14	8.154e-18	3.0554e-17
2.3356e+14	7.9733e-18	4.0648e-17
2.3373e+14	9.2135e-18	2.4075e-17
2.339e+14	8.5291e-18	2.3027e-17
2.3407e+14	7.7504e-18	3.9236e-17
2.3424e+14	9.5674e-18	3.1057e-17
2.3441e+14	9.8046e-18	2.2419e-17
2.3458e+14	7.4664e-18	3.6677e-17
2.3475e+14	7.5816e-18	3.3593e-17
2.3492e+14	8.9616e-18	1.8365e-17
2.3509e+14	7.6488e-18	3.2175e-17
2.3526e+14	6.8336e-18	4.2489e-17
2.3543e+14	8.0571e-18	2.3059e-17
2.356e+14	7.4581e-18	2.1616e-17
2.3578e+14	6.7823e-18	3.8425e-17
2.3595e+14	9.066e-18	2.7725e-17
2.3612e+14	9.4658e-18	1.631e-17
2.3629e+14	6.7517e-18	3.2486e-17
2.3646e+14	7.1641e-18	3.3088e-17
2.3663e+14	9.3692e-18	1.7174e-17
2.368e+14	7.8768e-18	2.7436e-17
2.3697e+14	6.8153e-18	3.7121e-17
2.3714e+14	9.483e-18	1.9752e-17
2.3731e+14	9.7826e-18	1.9199e-17
2.3748e+14	6.9452e-18	3.5975e-17
2.3765e+14	7.1288e-18	2.5778e-17
2.3782e+14	8.9438e-18	1.3934e-17
2.3799e+14	8.1791e-18	2.8993e-17
2.3816e+14	7.583e-18	3.0211e-17
2.3833e+14	8.4369e-18	1.4847e-17
2.385e+14	7.8621e-18	2.2834e-17
2.3867e+14	7.0669e-18	3.124e-17
2.3884e+14	7.4684e-18	1.7066e-17
2.3901e+14	6.628e-18	1.905e-17
2.3918e+14	5.905e-18	3.3631e-17
2.3935e+14	7.8314e-18	2.1791e-17
2.3952e+14	8.4258e-18	1.244e-17
2.3969e+14	6.1919e-18	2.8827e-17
2.3986e+14	6.3154e-18	2.7607e-17
2.4003e+14	8.3414e-18	1.1636e-17
2.402e+14	7.6888e-18	2.2815e-17
2.4037e+14	6.9055e-18	3.2275e-17
2.4055e+14	8.3711e-18	1.472e-17
2.4072e+14	8.0557e-18	1.4228e-17
2.4089e+14	6.3766e-18	3.0049e-17
2.4106e+14	7.3866e-18	1.9556e-17
2.4123e+14	8.1494e-18	9.5432e-18
2.414e+14	6.2104e-18	2.5593e-17
2.4157e+14	6.2285e-18	2.5256e-17
2.4174e+14	8.4411e-18	9.4977e-18
2.4191e+14	8.0723e-18	2.0204e-17
2.4208e+14	6.8299e-18	3.019e-17
2.4225e+14	7.7268e-18	1.3752e-17
2.4242e+14	7.7394e-18	1.3766e-17
2.4259e+14	6.5368e-18	3.0063e-17
2.4276e+14	7.3731e-18	2.0165e-17
2.4293e+14	8.3007e-18	9.6979e-18
2.431e+14	7.3434e-18	2.4813e-17
2.4327e+14	7.6441e-18	2.4629e-17
2.4344e+14	8.7572e-18	9.3569e-18
2.4361e+14	7.4208e-18	1.9818e-17
2.4378e+14	6.2263e-18	2.9925e-17
2.4395e+14	7.2799e-18	1.396e-17
2.4412e+14	7.2184e-18	1.2926e-17
2.4429e+14	6.4778e-18	2.7516e-17
2.4446e+14	8.0918e-18	1.7956e-17
2.4463e+14	8.9344e-18	8.9117e-18
2.448e+14	7.047e-18	2.3918e-17
2.4497e+14	6.7645e-18	2.3065e-17
2.4514e+14	8.0317e-18	8.2629e-18
2.4532e+14	6.9909e-18	1.8724e-17
2.4549e+14	6.0621e-18	2.7429e-17
2.4566e+14	7.501e-18	1.127e-17
2.4583e+14	7.3446e-18	1.2244e-17
2.46e+14	5.5704e-18	2.7918e-17
2.4617e+14	6.3581e-18	1.6966e-17
2.4634e+14	7.7748e-18	6.9304e-18
2.4651e+14	6.8394e-18	2.3158e-17
2.4668e+14	6.4361e-18	2.3245e-17
2.4685e+14	7.3655e-18	7.231e-18
2.4702e+14	6.9477e-18	1.6473e-17
2.4719e+14	6.426e-18	2.5783e-17
2.4736e+14	7.0905e-18	1.0511e-17
2.4753e+14	6.6434e-18	1.1438e-17
2.477e+14	5.9578e-18	2.722e-17
2.4787e+14	7.1647e-18	1.6733e-17
2.4804e+14	7.4585e-18	6.467e-18
2.4821e+14	6.0647e-18	2.2219e-17
2.4838e+14	6.6565e-18	2.2387e-17
2.4855e+14	7.9039e-18	6.3076e-18
2.4872e+14	6.588e-18	1.5454e-17
2.4889e+14	6.0192e-18	2.5715e-17
2.4906e+14	7.9181e-18	1.1227e-17
2.4923e+14	8.1078e-18	1.1156e-17
2.494e+14	6.8575e-18	2.5866e-17
2.4957e+14	7.4362e-18	1.5749e-17
2.4974e+14	7.3963e-18	5.4719e-18
2.4991e+14	5.4532e-18	2.032e-17
2.5009e+14	5.5454e-18	2.1046e-17
2.5026e+14	7.0659e-18	6.6685e-18
2.5043e+14	6.5191e-18	1.5788e-17
2.506e+14	6.0832e-18	2.4609e-17
2.5077e+14	7.137e-18	9.6254e-18
2.5094e+14	6.5862e-18	9.6732e-18
2.5111e+14	5.5422e-18	2.3959e-17
2.5128e+14	6.6541e-18	1.3874e-17
2.5145e+14	7.0411e-18	4.7814e-18
2.5162e+14	6.1283e-18	2.0636e-17
2.5179e+14	7.3665e-18	2.1134e-17
2.5196e+14	8.3128e-18	5.805e-18
2.5213e+14	6.1896e-18	1.4217e-17
2.523e+14	6.0135e-18	2.2954e-17
2.5247e+14	8.6594e-18	8.065e-18
2.5264e+14	7.9731e-18	8.0687e-18
2.5281e+14	5.6903e-18	2.2809e-17
2.5298e+14	7.2992e-18	1.3798e-17
2.5315e+14	8.7058e-18	5.1337e-18
2.5332e+14	6.674e-18	2.0429e-17
2.5349e+14	6.4648e-18	2.0779e-17
2.5366e+14	8.1849e-18	6.1121e-18
2.5383e+14	7.0831e-18	1.4748e-17
2.54e+14	6.0634e-18	2.2877e-17
2.5417e+14	7.8959e-18	7.5245e-18
2.5434e+14	7.8452e-18	7.7619e-18
2.5451e+14	5.9316e-18	2.2807e-17
2.5468e+14	6.9193e-18	1.3297e-17
2.5486e+14	8.1147e-18	3.6655e-18
2.5503e+14	6.4916e-18	1.877e-17
2.552e+14	6.4637e-18	1.9378e-17
2.5537e+14	8.3009e-18	4.0521e-18
2.5554e+14	7.3722e-18	1.2382e-17
2.5571e+14	6.0837e-18	2.254e-17
2.5588e+14	7.6901e-18	9.1792e-18
2.5605e+14	8.0697e-18	8.4645e-18
2.5622e+14	6.2398e-18	2.2207e-17
2.5639e+14	6.3384e-18	1.3583e-17
2.5656e+14	6.982e-18	4.0236e-18
2.5673e+14	5.7547e-18	1.7157e-17
2.569e+14	5.9293e-18	1.7868e-17
2.5707e+14	7.6426e-18	5.1462e-18
2.5724e+14	7.3199e-18	1.3904e-17
2.5741e+14	6.8448e-18	2.2192e-17
2.5758e+14	8.0515e-18	8.4756e-18
2.5775e+14	7.4158e-18	8.322e-18
2.5792e+14	5.6195e-18	2.1364e-17
2.5809e+14	6.6457e-18	1.2727e-17
2.5826e+14	7.7604e-18	4.7132e-18
2.5843e+14	6.3464e-18	1.7807e-17
2.586e+14	6.3234e-18	1.6602e-17
2.5877e+14	7.7662e-18	3.3735e-18
2.5894e+14	6.758e-18	1.2899e-17
2.5911e+14	5.7388e-18	2.0739e-17
2.5928e+14	7.2756e-18	6.3347e-18
2.5945e+14	7.3992e-18	7.0785e-18
2.5963e+14	5.8612e-18	2.1169e-17
2.598e+14	6.7725e-18	1.2574e-17
2.5997e+14	8.0858e-18	4.9699e-18
2.6014e+14	6.9409e-18	1.8896e-17
2.6031e+14	6.5346e-18	1.7333e-17
2.6048e+14	7.2039e-18	3.1613e-18
2.6065e+14	5.9754e-18	1.2864e-17
2.6082e+14	5.4709e-18	2.1211e-17
2.6099e+14	7.5038e-18	6.4934e-18
2.6116e+14	7.533e-18	7.2987e-18
2.6133e+14	5.6145e-18	2.2052e-17
2.615e+14	6.4477e-18	1.2448e-17
2.6167e+14	7.914e-18	2.3863e-18
2.6184e+14	6.7334e-18	1.6034e-17
2.6201e+14	6.34e-18	1.6846e-17
2.6218e+14	7.4456e-18	4.0052e-18
2.6235e+14	6.46e-18	1.2973e-17
2.6252e+14	5.4187e-18	2.1082e-17
2.6269e+14	6.9286e-18	6.8484e-18
2.6286e+14	7.1564e-18	6.9907e-18
2.6303e+14	5.385e-18	2.0827e-17
2.632e+14	5.8092e-18	1.2082e-17
2.6337e+14	7.192e-18	3.6789e-18
2.6354e+14	6.634e-18	1.7755e-17
2.6371e+14	6.7918e-18	1.7785e-17
2.6388e+14	8.1284e-18	3.9222e-18
2.6405e+14	7.3385e-18	1.2292e-17
2.6422e+14	6.1771e-18	2.0524e-17
2.644e+14	7.3281e-18	6.4357e-18
2.6457e+14	7.811e-18	6.0643e-18
2.6474e+14	6.6175e-18	1.9653e-17
2.6491e+14	6.588e-18	1.1441e-17
2.6508e+14	6.7256e-18	3.0399e-18
2.6525e+14	5.6868e-18	1.6466e-17
2.6542e+14	6.1988e-18	1.6737e-17
2.6559e+14	7.6566e-18	3.5859e-18
2.6576e+14	6.8268e-18	1.1688e-17
2.6593e+14	6.0098e-18	1.9747e-17
2.661e+14	7.3202e-18	6.635e-18
2.6627e+14	7.3236e-18	6.5392e-18
2.6644e+14	5.9235e-18	1.9021e-17
2.6661e+14	6.6045e-18	1.0736e-17
2.6678e+14	7.4494e-18	3.6317e-18
2.6695e+14	6.2514e-18	1.6966e-17
2.6712e+14	6.3502e-18	1.5602e-17
2.6729e+14	7.895e-18	2.1978e-18
2.6746e+14	7.1662e-18	1.1803e-17
2.6763e+14	5.8602e-18	2.046e-17
2.678e+14	6.6345e-18	6.3464e-18
2.6797e+14	6.6992e-18	5.7568e-18
2.6814e+14	5.5967e-18	1.8999e-17
2.6831e+14	6.3866e-18	1.0972e-17
2.6848e+14	7.3516e-18	3.0487e-18
2.6865e+14	6.2241e-18	1.6408e-17
2.6882e+14	6.0432e-18	1.6463e-17
2.6899e+14	7.4037e-18	3.4622e-18
2.6917e+14	7.0588e-18	1.1466e-17
2.6934e+14	6.1459e-18	1.8959e-17
2.6951e+14	6.9107e-18	5.5539e-18
2.6968e+14	7.0792e-18	5.8221e-18
2.6985e+14	6.1936e-18	1.8882e-17
2.7002e+14	6.7155e-18	1.0483e-17
2.7019e+14	7.3431e-18	2.3272e-18
2.7036e+14	6.436e-18	1.5177e-17
2.7053e+14	6.2935e-18	1.4891e-17
2.707e+14	7.0853e-18	2.1948e-18
2.7087e+14	6.6924e-18	1.0689e-17
2.7104e+14	6.485e-18	1.8538e-17
2.7121e+14	7.3936e-18	5.3625e-18
2.7138e+14	7.1707e-18	5.4435e-18
2.7155e+14	6.5602e-18	1.8109e-17
2.7172e+14	7.4774e-18	9.9811e-18
2.7189e+14	7.5291e-18	2.7194e-18
2.7206e+14	6.1086e-18	1.6033e-17
2.7223e+14	6.4806e-18	1.5424e-17
2.724e+14	7.5472e-18	2.2285e-18
2.7257e+14	6.5949e-18	1.0485e-17
2.7274e+14	6.4121e-18	1.8233e-17
2.7291e+14	7.9873e-18	4.9332e-18
2.7308e+14	7.4365e-18	5.0632e-18
2.7325e+14	5.8399e-18	1.8069e-17
2.7342e+14	6.9126e-18	1.0031e-17
2.7359e+14	7.8441e-18	2.2568e-18
2.7376e+14	6.3841e-18	1.5288e-17
2.7394e+14	6.1665e-18	1.5215e-17
2.7411e+14	7.2712e-18	2.4234e-18
2.7428e+14	6.5312e-18	1.0373e-17
2.7445e+14	5.9199e-18	1.8104e-17
2.7462e+14	6.8864e-18	5.4649e-18
2.7479e+14	6.2844e-18	5.9039e-18
2.7496e+14	5.2536e-18	1.8557e-17
2.7513e+14	7.0785e-18	1.0231e-17
2.753e+14	8.21e-18	2.4099e-18
2.7547e+14	6.2715e-18	1.5333e-17
2.7564e+14	6.0335e-18	1.4978e-17
2.7581e+14	7.9774e-18	1.7131e-18
2.7598e+14	7.3899e-18	9.4455e-18
2.7615e+14	5.8144e-18	1.7711e-17
2.7632e+14	6.7238e-18	5.4765e-18
2.7649e+14	7.2098e-18	5.2237e-18
2.7666e+14	5.7665e-18	1.7303e-17
2.7683e+14	5.7111e-18	9.7948e-18
2.77e+14	6.9289e-18	2.9067e-18
2.7717e+14	6.9982e-18	1.5597e-17
2.7734e+14	6.7465e-18	1.4825e-17
2.7751e+14	6.6567e-18	1.7895e-18
2.7768e+14	6.1033e-18	9.7596e-18
2.7785e+14	6.5868e-18	1.802e-17
2.7802e+14	7.6932e-18	5.8946e-18
2.7819e+14	6.7937e-18	5.742e-18
2.7836e+14	5.8359e-18	1.7702e-17
2.7853e+14	7.3219e-18	9.7486e-18
2.7871e+14	7.9298e-18	2.0274e-18
2.7888e+14	6.4193e-18	1.4477e-17
2.7905e+14	6.6039e-18	1.5007e-17
2.7922e+14	7.7755e-18	3.2261e-18
2.7939e+14	6.8257e-18	1.0439e-17
2.7956e+14	6.3555e-18	1.7349e-17
2.7973e+14	7.7466e-18	5.442e-18
2.799e+14	7.3542e-18	6.0483e-18
2.8007e+14	6.0311e-18	1.7759e-17
2.8024e+14	7.1944e-18	9.4646e-18
2.8041e+14	7.9899e-18	2.0402e-18
2.8058e+14	6.4033e-18	1.4349e-17
2.8075e+14	6.3406e-18	1.4055e-17
2.8092e+14	7.8019e-18	1.9623e-18
2.8109e+14	7.2306e-18	9.7373e-18
2.8126e+14	6.4986e-18	1.7309e-17
2.8143e+14	7.4196e-18	5.592e-18
2.816e+14	6.925e-18	5.9038e-18
2.8177e+14	5.6016e-18	1.7285e-17
2.8194e+14	6.6834e-18	9.1776e-18
2.8211e+14	7.7282e-18	2.2924e-18
2.8228e+14	6.8087e-18	1.4895e-17
2.8245e+14	7.1443e-18	1.4636e-17
2.8262e+14	8.1483e-18	2.5347e-18
2.8279e+14	6.7399e-18	1.0019e-17
2.8296e+14	5.8995e-18	1.7058e-17
2.8313e+14	7.5732e-18	5.2157e-18
2.833e+14	7.5207e-18	5.9126e-18
2.8348e+14	5.7085e-18	1.7462e-17
2.8365e+14	6.1384e-18	9.0917e-18
2.8382e+14	6.8955e-18	2.1827e-18
2.8399e+14	5.8032e-18	1.5143e-17
2.8416e+14	6.4273e-18	1.482e-17
2.8433e+14	8.5493e-18	2.1904e-18
2.845e+14	7.8443e-18	9.7542e-18
2.8467e+14	6.2383e-18	1.7312e-17
2.8484e+14	7.1325e-18	4.9341e-18
2.8501e+14	7.7897e-18	4.5554e-18
2.8518e+14	6.9603e-18	1.663e-17
2.8535e+14	7.247e-18	9.6502e-18
2.8552e+14	7.6236e-18	2.2875e-18
2.8569e+14	6.5664e-18	1.3662e-17
2.8586e+14	6.5397e-18	1.3422e-17
2.8603e+14	7.3944e-18	1.9475e-18
2.862e+14	6.6621e-18	9.5324e-18
2.8637e+14	6.31e-18	1.6795e-17
2.8654e+14	7.5949e-18	5.1901e-18
2.8671e+14	7.3029e-18	5.3966e-18
2.8688e+14	5.9582e-18	1.7049e-17
2.8705e+14	6.8487e-18	1.0004e-17
2.8722e+14	7.8219e-18	3.1918e-18
2.8739e+14	6.7526e-18	1.4467e-17
2.8756e+14	6.6074e-18	1.3705e-17
2.8773e+14	7.5612e-18	2.3982e-18
2.879e+14	6.9916e-18	1.0362e-17
2.8807e+14	6.6199e-18	1.7267e-17
2.8825e+14	7.5483e-18	5.0305e-18
2.8842e+14	6.9688e-18	5.0416e-18
2.8859e+14	6.111e-18	1.6568e-17
2.8876e+14	7.8427e-18	9.0434e-18
2.8893e+14	8.7648e-18	2.0447e-18
2.891e+14	6.9479e-18	1.4104e-17
2.8927e+14	6.7189e-18	1.4254e-17
2.8944e+14	8.0493e-18	2.6859e-18
2.8961e+14	7.008e-18	9.828e-18
2.8978e+14	5.8527e-18	1.6871e-17
2.8995e+14	7.2288e-18	5.271e-18
2.9012e+14	7.6965e-18	5.1983e-18
2.9029e+14	6.6291e-18	1.6735e-17
2.9046e+14	7.0326e-18	1.0111e-17
2.9063e+14	7.1636e-18	3.2552e-18
2.908e+14	5.7175e-18	1.3861e-17
2.9097e+14	6.3864e-18	1.315e-17
2.9114e+14	8.3796e-18	2.5241e-18
2.9131e+14	7.4491e-18	1.0502e-17
2.9148e+14	6.1971e-18	1.7084e-17
2.9165e+14	7.5923e-18	4.9799e-18
2.9182e+14	7.7017e-18	5.0377e-18
2.9199e+14	5.8798e-18	1.6507e-17
2.9216e+14	6.4575e-18	9.5645e-18
2.9233e+14	7.8467e-18	3.0648e-18
2.925e+14	6.7377e-18	1.4553e-17
2.9267e+14	6.2842e-18	1.399e-17
2.9284e+14	7.7096e-18	2.4883e-18
2.9302e+14	7.3362e-18	9.7824e-18
2.9319e+14	6.2537e-18	1.6583e-17
2.9336e+14	7.4891e-18	4.8447e-18
2.9353e+14	8.1959e-18	4.8421e-18
2.937e+14	6.7942e-18	1.6196e-17
2.9387e+14	6.6953e-18	9.1258e-18
2.9404e+14	7.7865e-18	2.4267e-18
2.9421e+14	7.3792e-18	1.4435e-17
2.9438e+14	6.8726e-18	1.4972e-17
2.9455e+14	7.3301e-18	3.4635e-18
2.9472e+14	6.9696e-18	9.8124e-18
2.9489e+14	6.6178e-18	1.6949e-17
2.9506e+14	7.502e-18	6.4507e-18
2.9523e+14	7.4753e-18	6.1272e-18
2.954e+14	6.6043e-18	1.6221e-17
2.9557e+14	7.3015e-18	9.2698e-18
2.9574e+14	7.963e-18	3.148e-18
2.9591e+14	6.95e-18	1.4302e-17
2.9608e+14	6.9159e-18	1.3763e-17
2.9625e+14	7.9095e-18	2.4462e-18
2.9642e+14	7.0782e-18	9.1981e-18
2.9659e+14	6.1903e-18	1.6098e-17
2.9676e+14	7.5051e-18	5.5345e-18
2.9693e+14	8.0689e-18	5.6759e-18
2.971e+14	6.9184e-18	1.6297e-17
2.9727e+14	7.2192e-18	9.5919e-18
2.9744e+14	8.36e-18	3.1005e-18
2.9761e+14	7.6397e-18	1.3609e-17
2.9779e+14	6.4922e-18	1.3362e-17
2.9796e+14	6.5136e-18	3.0521e-18
2.9813e+14	6.7032e-18	9.7933e-18
2.983e+14	7.2119e-18	1.584e-17
2.9847e+14	8.0104e-18	5.4166e-18
2.9864e+14	7.4396e-18	6.4056e-18
2.9881e+14	6.5028e-18	1.6916e-17
2.9898e+14	7.1118e-18	9.5907e-18
2.9915e+14	7.4335e-18	3.2294e-18
2.9932e+14	6.5712e-18	1.3886e-17
2.9949e+14	6.8533e-18	1.2941e-17
2.9966e+14	7.5883e-18	2.2108e-18
2.9983e+14	6.66e-18	9.6264e-18
3e+14	6.207e-18	1.6244e-17
