#Error on normalization	O = 0.937 %	H = 2.901 %
#Frequence (s-1)	S_O (s)	S_H (s)
0	-5.3264e-16	1.694e-16
1.5175e+11	1.5635e-16	5.0035e-17
3.0349e+11	4.6485e-16	9.3455e-18
4.5524e+11	-4.0601e-16	1.6007e-16
6.0698e+11	-2.2601e-16	1.0658e-16
7.5873e+11	5.9025e-16	-1.56e-17
9.1047e+11	-4.2541e-17	1.0916e-16
1.0622e+12	-5.3876e-16	1.5492e-16
1.214e+12	4.3964e-16	1.3662e-17
1.3657e+12	5.0741e-16	6.805e-17
1.5175e+12	-4.6411e-16	1.7432e-16
1.6692e+12	4.9189e-17	4.668e-17
1.8209e+12	7.3428e-16	1.8481e-17
1.9727e+12	-2.8985e-16	1.6487e-16
2.1244e+12	-3.99e-16	1.0648e-16
2.2762e+12	9.2067e-16	7.2869e-18
2.4279e+12	3.3312e-16	1.3225e-16
2.5797e+12	-7.4153e-16	1.5586e-16
2.7314e+12	7.9796e-16	4.0118e-17
2.8832e+12	1.4129e-15	1.1634e-16
3.0349e+12	-5.8133e-16	1.8186e-16
3.1866e+12	2.2622e-16	7.4566e-17
3.3384e+12	3.1729e-15	1.5141e-16
3.4901e+12	2.1261e-15	3.072e-16
3.6419e+12	7.1262e-16	2.0165e-16
3.7936e+12	3.6067e-15	1.676e-16
3.9454e+12	5.0711e-15	3.821e-16
4.0971e+12	1.0375e-14	7.3313e-16
4.2489e+12	3.7202e-14	1.8282e-15
4.4006e+12	7.1111e-14	3.4454e-15
4.5524e+12	6.8415e-14	3.449e-15
4.7041e+12	2.6871e-14	1.355e-15
4.8558e+12	-4.9633e-15	-2.015e-16
5.0076e+12	-4.1694e-15	1.9963e-17
5.1593e+12	3.9206e-15	3.5905e-16
5.3111e+12	3.1925e-15	1.7468e-16
5.4628e+12	3.7314e-15	3.3442e-16
5.6146e+12	6.3644e-15	5.288e-16
5.7663e+12	3.2496e-15	2.3865e-16
5.9181e+12	7.3069e-16	1.974e-16
6.0698e+12	5.7432e-15	5.4226e-16
6.2215e+12	1.0611e-14	5.4318e-16
6.3733e+12	9.8402e-15	4.2344e-16
6.525e+12	7.4772e-15	5.6252e-16
6.6768e+12	4.7424e-15	4.4136e-16
6.8285e+12	1.9775e-15	1.5127e-16
6.9803e+12	3.4359e-15	3.4207e-16
7.132e+12	6.5143e-15	5.5663e-16
7.2838e+12	4.1193e-15	2.8906e-16
7.4355e+12	5.9018e-16	2.0945e-16
7.5873e+12	3.3794e-15	5.0129e-16
7.739e+12	6.5081e-15	4.6196e-16
7.8907e+12	3.4785e-15	2.2881e-16
8.0425e+12	1.0089e-15	3.3879e-16
8.1942e+12	3.5111e-15	4.5734e-16
8.346e+12	4.3311e-15	3.4737e-16
8.4977e+12	1.8816e-15	3.7344e-16
8.6495e+12	2.7956e-15	4.8439e-16
8.8012e+12	6.8076e-15	4.709e-16
8.953e+12	8.0563e-15	5.7102e-16
9.1047e+12	7.1472e-15	7.2235e-16
9.2564e+12	6.8578e-15	5.9659e-16
9.4082e+12	5.6093e-15	4.4944e-16
9.5599e+12	4.8097e-15	5.909e-16
9.7117e+12	8.4989e-15	7.9352e-16
9.8634e+12	1.2217e-14	8.7888e-16
1.0015e+13	1.1467e-14	9.5641e-16
1.0167e+13	1.8563e-14	1.4186e-15
1.0319e+13	4.3706e-14	2.763e-15
1.047e+13	6.5215e-14	4.1441e-15
1.0622e+13	5.5204e-14	3.6711e-15
1.0774e+13	2.8244e-14	1.8231e-15
1.0926e+13	2.0993e-14	1.222e-15
1.1077e+13	3.322e-14	1.9636e-15
1.1229e+13	3.8915e-14	2.0202e-15
1.1381e+13	4.0108e-14	1.8162e-15
1.1533e+13	5.4162e-14	2.8179e-15
1.1684e+13	7.0081e-14	3.8314e-15
1.1836e+13	7.2359e-14	3.7166e-15
1.1988e+13	7.5124e-14	3.8194e-15
1.214e+13	8.4354e-14	4.4258e-15
1.2291e+13	7.538e-14	3.9562e-15
1.2443e+13	4.8323e-14	2.8146e-15
1.2595e+13	4.2079e-14	2.7851e-15
1.2747e+13	6.3092e-14	3.4868e-15
1.2898e+13	7.3228e-14	3.6084e-15
1.305e+13	6.3538e-14	3.374e-15
1.3202e+13	6.1883e-14	3.3037e-15
1.3354e+13	6.7492e-14	3.1495e-15
1.3505e+13	5.5564e-14	2.7867e-15
1.3657e+13	3.4796e-14	2.3449e-15
1.3809e+13	3.2265e-14	2.0429e-15
1.3961e+13	4.2594e-14	2.2311e-15
1.4112e+13	4.3715e-14	2.5496e-15
1.4264e+13	3.4996e-14	2.1921e-15
1.4416e+13	2.6768e-14	1.5446e-15
1.4568e+13	2.1753e-14	1.4883e-15
1.4719e+13	2.1317e-14	1.6879e-15
1.4871e+13	2.4146e-14	1.6393e-15
1.5023e+13	2.1378e-14	1.628e-15
1.5175e+13	1.2493e-14	1.5658e-15
1.5326e+13	1.0191e-14	1.2782e-15
1.5478e+13	1.6951e-14	1.3802e-15
1.563e+13	1.9941e-14	1.7816e-15
1.5781e+13	1.5794e-14	1.5855e-15
1.5933e+13	1.5368e-14	1.3031e-15
1.6085e+13	2.1151e-14	1.8145e-15
1.6237e+13	2.3166e-14	2.1397e-15
1.6388e+13	1.8578e-14	1.627e-15
1.654e+13	1.5488e-14	1.4955e-15
1.6692e+13	1.6296e-14	1.9374e-15
1.6844e+13	1.601e-14	1.846e-15
1.6995e+13	1.8097e-14	1.7831e-15
1.7147e+13	2.9895e-14	2.6944e-15
1.7299e+13	4.0947e-14	3.3155e-15
1.7451e+13	3.487e-14	2.6792e-15
1.7602e+13	2.2437e-14	2.1279e-15
1.7754e+13	2.5538e-14	2.4891e-15
1.7906e+13	3.4392e-14	2.7935e-15
1.8058e+13	2.6446e-14	2.5054e-15
1.8209e+13	1.2545e-14	2.1072e-15
1.8361e+13	1.402e-14	1.9567e-15
1.8513e+13	2.0366e-14	2.0798e-15
1.8665e+13	1.6793e-14	2.2394e-15
1.8816e+13	1.4865e-14	2.1925e-15
1.8968e+13	1.9931e-14	2.185e-15
1.912e+13	1.7656e-14	2.2705e-15
1.9272e+13	1.0702e-14	2.0218e-15
1.9423e+13	1.4193e-14	1.7911e-15
1.9575e+13	1.9496e-14	2.1671e-15
1.9727e+13	1.4374e-14	2.3939e-15
1.9879e+13	1.1992e-14	2.0121e-15
2.003e+13	1.9271e-14	2.1094e-15
2.0182e+13	2.0761e-14	2.7076e-15
2.0334e+13	1.5607e-14	2.5695e-15
2.0486e+13	1.8422e-14	2.3013e-15
2.0637e+13	2.5493e-14	3.0519e-15
2.0789e+13	2.8789e-14	3.6474e-15
2.0941e+13	3.6988e-14	3.289e-15
2.1093e+13	4.7548e-14	3.3941e-15
2.1244e+13	4.4063e-14	4.1164e-15
2.1396e+13	3.5823e-14	4.083e-15
2.1548e+13	4.3371e-14	3.7418e-15
2.17e+13	5.3437e-14	4.0003e-15
2.1851e+13	4.4472e-14	3.9679e-15
2.2003e+13	2.8788e-14	3.456e-15
2.2155e+13	2.4516e-14	3.5233e-15
2.2307e+13	2.5525e-14	3.7552e-15
2.2458e+13	2.4674e-14	3.4842e-15
2.261e+13	2.5313e-14	3.6147e-15
2.2762e+13	2.5472e-14	4.1015e-15
2.2914e+13	2.35e-14	3.8499e-15
2.3065e+13	2.5358e-14	3.6399e-15
2.3217e+13	2.9502e-14	4.298e-15
2.3369e+13	2.9013e-14	4.5002e-15
2.352e+13	2.7178e-14	4.0799e-15
2.3672e+13	2.7014e-14	4.5199e-15
2.3824e+13	2.3423e-14	5.1045e-15
2.3976e+13	1.9617e-14	4.5696e-15
2.4127e+13	2.3331e-14	4.3506e-15
2.4279e+13	2.8399e-14	5.0989e-15
2.4431e+13	2.7918e-14	5.0931e-15
2.4583e+13	2.7507e-14	4.6314e-15
2.4734e+13	2.7666e-14	5.3003e-15
2.4886e+13	2.3465e-14	5.8312e-15
2.5038e+13	2.2633e-14	5.1496e-15
2.519e+13	2.9533e-14	5.2438e-15
2.5341e+13	3.0084e-14	6.5036e-15
2.5493e+13	2.1663e-14	6.7599e-15
2.5645e+13	2.1898e-14	6.4489e-15
2.5797e+13	3.1343e-14	7.5445e-15
2.5948e+13	3.2678e-14	8.8382e-15
2.61e+13	2.6911e-14	8.3954e-15
2.6252e+13	2.6733e-14	7.2804e-15
2.6404e+13	3.0053e-14	7.1167e-15
2.6555e+13	3.2058e-14	7.9249e-15
2.6707e+13	3.6248e-14	9.3277e-15
2.6859e+13	3.9702e-14	1.062e-14
2.7011e+13	3.7567e-14	1.078e-14
2.7162e+13	3.6419e-14	1.0207e-14
2.7314e+13	3.9901e-14	1.0431e-14
2.7466e+13	4.2622e-14	1.1755e-14
2.7618e+13	4.6636e-14	1.2959e-14
2.7769e+13	5.4085e-14	1.3177e-14
2.7921e+13	5.3981e-14	1.3126e-14
2.8073e+13	4.4941e-14	1.3719e-14
2.8225e+13	4.3087e-14	1.3849e-14
2.8376e+13	4.9576e-14	1.245e-14
2.8528e+13	5.0364e-14	1.1928e-14
2.868e+13	4.8937e-14	1.4171e-14
2.8832e+13	5.5627e-14	1.5979e-14
2.8983e+13	6.1784e-14	1.5489e-14
2.9135e+13	6.0897e-14	1.6732e-14
2.9287e+13	6.2279e-14	2.0527e-14
2.9439e+13	6.4079e-14	2.1292e-14
2.959e+13	5.6277e-14	1.8504e-14
2.9742e+13	4.8884e-14	1.8007e-14
2.9894e+13	5.1863e-14	2.0204e-14
3.0046e+13	5.1314e-14	2.1136e-14
3.0197e+13	4.4276e-14	2.1923e-14
3.0349e+13	5.1909e-14	2.4494e-14
3.0501e+13	7.09e-14	2.5589e-14
3.0653e+13	7.0967e-14	2.3659e-14
3.0804e+13	5.3385e-14	2.2006e-14
3.0956e+13	4.7885e-14	2.2171e-14
3.1108e+13	5.4793e-14	2.2988e-14
3.1259e+13	5.213e-14	2.372e-14
3.1411e+13	4.322e-14	2.3466e-14
3.1563e+13	4.3663e-14	2.3282e-14
3.1715e+13	4.6939e-14	2.67e-14
3.1866e+13	4.2587e-14	3.1934e-14
3.2018e+13	3.7457e-14	3.2879e-14
3.217e+13	3.5585e-14	3.1006e-14
3.2322e+13	3.0351e-14	3.1671e-14
3.2473e+13	2.4709e-14	3.1957e-14
3.2625e+13	2.6869e-14	2.9045e-14
3.2777e+13	3.0441e-14	2.9563e-14
3.2929e+13	2.6885e-14	3.5256e-14
3.308e+13	2.299e-14	3.6902e-14
3.3232e+13	2.4576e-14	3.2667e-14
3.3384e+13	2.4685e-14	3.1659e-14
3.3536e+13	2.1397e-14	3.6199e-14
3.3687e+13	2.1536e-14	4.0075e-14
3.3839e+13	2.2439e-14	4.0532e-14
3.3991e+13	1.7209e-14	3.8655e-14
3.4143e+13	1.2914e-14	3.647e-14
3.4294e+13	1.7388e-14	3.7268e-14
3.4446e+13	2.14e-14	3.9068e-14
3.4598e+13	1.664e-14	3.5357e-14
3.475e+13	1.1726e-14	2.9466e-14
3.4901e+13	1.3263e-14	3.1157e-14
3.5053e+13	1.4219e-14	3.7101e-14
3.5205e+13	1.1315e-14	3.6773e-14
3.5357e+13	1.0329e-14	3.2324e-14
3.5508e+13	1.13e-14	3.0885e-14
3.566e+13	9.5635e-15	2.9752e-14
3.5812e+13	7.5726e-15	2.6259e-14
3.5964e+13	9.1162e-15	2.5118e-14
3.6115e+13	1.0411e-14	2.6605e-14
3.6267e+13	8.1122e-15	2.5744e-14
3.6419e+13	5.6133e-15	2.3842e-14
3.6571e+13	5.6867e-15	2.4793e-14
3.6722e+13	6.6709e-15	2.6022e-14
3.6874e+13	7.1047e-15	2.4449e-14
3.7026e+13	6.961e-15	2.2287e-14
3.7178e+13	6.0816e-15	2.154e-14
3.7329e+13	5.1197e-15	2.1327e-14
3.7481e+13	5.0776e-15	2.0969e-14
3.7633e+13	5.3643e-15	2.0399e-14
3.7785e+13	5.0513e-15	1.9736e-14
3.7936e+13	4.5731e-15	1.9417e-14
3.8088e+13	4.4574e-15	1.9112e-14
3.824e+13	4.4187e-15	1.9116e-14
3.8392e+13	4.2797e-15	2.112e-14
3.8543e+13	4.2577e-15	2.3626e-14
3.8695e+13	4.4404e-15	2.2886e-14
3.8847e+13	4.5724e-15	2.0827e-14
3.8998e+13	4.3425e-15	2.1707e-14
3.915e+13	3.9974e-15	2.2615e-14
3.9302e+13	4.0234e-15	1.9875e-14
3.9454e+13	4.0973e-15	1.7867e-14
3.9605e+13	3.7654e-15	1.9471e-14
3.9757e+13	3.5347e-15	1.9472e-14
3.9909e+13	3.5848e-15	1.6253e-14
4.0061e+13	3.2293e-15	1.552e-14
4.0212e+13	2.7933e-15	1.825e-14
4.0364e+13	3.1059e-15	1.9512e-14
4.0516e+13	3.413e-15	1.8824e-14
4.0668e+13	3.0867e-15	1.9507e-14
4.0819e+13	3.1987e-15	2.1019e-14
4.0971e+13	3.7588e-15	2.0248e-14
4.1123e+13	3.3704e-15	1.7282e-14
4.1275e+13	2.6345e-15	1.5673e-14
4.1426e+13	2.9937e-15	1.7475e-14
4.1578e+13	3.4149e-15	1.9407e-14
4.173e+13	2.8112e-15	1.7532e-14
4.1882e+13	2.4399e-15	1.4625e-14
4.2033e+13	2.8336e-15	1.5352e-14
4.2185e+13	2.9128e-15	1.7471e-14
4.2337e+13	2.8254e-15	1.7474e-14
4.2489e+13	3.1132e-15	1.7529e-14
4.264e+13	2.8858e-15	1.8236e-14
4.2792e+13	2.1285e-15	1.6443e-14
4.2944e+13	2.1873e-15	1.4603e-14
4.3096e+13	2.757e-15	1.7011e-14
4.3247e+13	2.5986e-15	1.9163e-14
4.3399e+13	2.1879e-15	1.6993e-14
4.3551e+13	2.229e-15	1.6705e-14
4.3703e+13	2.2322e-15	2.1183e-14
4.3854e+13	2.1589e-15	2.2548e-14
4.4006e+13	2.3027e-15	1.8039e-14
4.4158e+13	2.1648e-15	1.4947e-14
4.431e+13	1.8441e-15	1.6237e-14
4.4461e+13	2.0986e-15	1.8144e-14
4.4613e+13	2.3706e-15	1.9178e-14
4.4765e+13	1.9832e-15	1.9405e-14
4.4917e+13	1.8758e-15	1.8093e-14
4.5068e+13	2.3654e-15	1.7241e-14
4.522e+13	2.2985e-15	1.8764e-14
4.5372e+13	1.7611e-15	2.0136e-14
4.5524e+13	1.801e-15	1.9643e-14
4.5675e+13	2.0205e-15	1.9133e-14
4.5827e+13	1.8179e-15	1.9345e-14
4.5979e+13	1.8277e-15	2.0542e-14
4.6131e+13	2.1646e-15	2.3614e-14
4.6282e+13	2.1824e-15	2.5281e-14
4.6434e+13	2.08e-15	2.2427e-14
4.6586e+13	2.1378e-15	2.048e-14
4.6737e+13	1.9161e-15	2.3492e-14
4.6889e+13	1.6066e-15	2.4658e-14
4.7041e+13	1.7793e-15	2.1237e-14
4.7193e+13	2.0019e-15	2.1836e-14
4.7344e+13	1.8821e-15	2.694e-14
4.7496e+13	1.8627e-15	2.5709e-14
4.7648e+13	1.9187e-15	1.8961e-14
4.78e+13	1.7363e-15	1.883e-14
4.7951e+13	1.7419e-15	2.5175e-14
4.8103e+13	2.0461e-15	2.7929e-14
4.8255e+13	2.0927e-15	2.6833e-14
4.8407e+13	2.0362e-15	2.7341e-14
4.8558e+13	2.1785e-15	2.7759e-14
4.871e+13	1.9888e-15	2.5803e-14
4.8862e+13	1.5727e-15	2.5051e-14
4.9014e+13	1.7651e-15	2.6655e-14
4.9165e+13	2.1185e-15	2.6909e-14
4.9317e+13	1.8102e-15	2.481e-14
4.9469e+13	1.5459e-15	2.2551e-14
4.9621e+13	1.8657e-15	2.1386e-14
4.9772e+13	1.9781e-15	2.2347e-14
4.9924e+13	1.7711e-15	2.5369e-14
5.0076e+13	1.8743e-15	2.6659e-14
5.0228e+13	1.9215e-15	2.3634e-14
5.0379e+13	1.5852e-15	2.0277e-14
5.0531e+13	1.5569e-15	2.1261e-14
5.0683e+13	1.7989e-15	2.4588e-14
5.0835e+13	1.5614e-15	2.55e-14
5.0986e+13	1.2618e-15	2.3978e-14
5.1138e+13	1.559e-15	2.3696e-14
5.129e+13	1.8753e-15	2.5595e-14
5.1442e+13	1.7732e-15	2.6628e-14
5.1593e+13	1.6622e-15	2.5097e-14
5.1745e+13	1.5907e-15	2.3404e-14
5.1897e+13	1.4521e-15	2.339e-14
5.2049e+13	1.5651e-15	2.3193e-14
5.22e+13	1.7607e-15	2.1752e-14
5.2352e+13	1.5736e-15	2.1321e-14
5.2504e+13	1.3425e-15	2.2565e-14
5.2656e+13	1.3894e-15	2.3273e-14
5.2807e+13	1.3469e-15	2.3618e-14
5.2959e+13	1.2902e-15	2.5553e-14
5.3111e+13	1.5542e-15	2.7157e-14
5.3263e+13	1.6505e-15	2.5386e-14
5.3414e+13	1.3282e-15	2.2354e-14
5.3566e+13	1.2627e-15	2.131e-14
5.3718e+13	1.4985e-15	2.0684e-14
5.3869e+13	1.4257e-15	1.8885e-14
5.4021e+13	1.2904e-15	1.8602e-14
5.4173e+13	1.4679e-15	2.0554e-14
5.4325e+13	1.4571e-15	2.0622e-14
5.4476e+13	1.1701e-15	1.7557e-14
5.4628e+13	1.2172e-15	1.556e-14
5.478e+13	1.4743e-15	1.6773e-14
5.4932e+13	1.4638e-15	1.8646e-14
5.5083e+13	1.4178e-15	1.9177e-14
5.5235e+13	1.4694e-15	1.8745e-14
5.5387e+13	1.3316e-15	1.8082e-14
5.5539e+13	1.224e-15	1.7963e-14
5.569e+13	1.3986e-15	1.8221e-14
5.5842e+13	1.4181e-15	1.7051e-14
5.5994e+13	1.1773e-15	1.4798e-14
5.6146e+13	1.1664e-15	1.4666e-14
5.6297e+13	1.2968e-15	1.6189e-14
5.6449e+13	1.1726e-15	1.5227e-14
5.6601e+13	1.0464e-15	1.2521e-14
5.6753e+13	1.1394e-15	1.2368e-14
5.6904e+13	1.1391e-15	1.3546e-14
5.7056e+13	1.025e-15	1.2828e-14
5.7208e+13	1.0894e-15	1.2811e-14
5.736e+13	1.225e-15	1.5077e-14
5.7511e+13	1.2088e-15	1.4749e-14
5.7663e+13	1.1307e-15	1.1256e-14
5.7815e+13	1.0981e-15	1.1277e-14
5.7967e+13	1.1275e-15	1.494e-14
5.8118e+13	1.2153e-15	1.5132e-14
5.827e+13	1.2358e-15	1.2115e-14
5.8422e+13	1.1553e-15	1.1834e-14
5.8574e+13	1.1216e-15	1.3014e-14
5.8725e+13	1.0964e-15	1.1651e-14
5.8877e+13	1.0149e-15	1.0543e-14
5.9029e+13	1.0724e-15	1.2008e-14
5.9181e+13	1.1952e-15	1.218e-14
5.9332e+13	1.0613e-15	1.0014e-14
5.9484e+13	8.9597e-16	9.4035e-15
5.9636e+13	1.007e-15	1.0317e-14
5.9788e+13	1.0139e-15	9.7881e-15
5.9939e+13	7.7587e-16	8.8997e-15
6.0091e+13	8.1152e-16	9.403e-15
6.0243e+13	1.0524e-15	9.7042e-15
6.0395e+13	9.5943e-16	9.3421e-15
6.0546e+13	7.6219e-16	9.5904e-15
6.0698e+13	8.1868e-16	9.3586e-15
6.085e+13	7.9779e-16	7.968e-15
6.1002e+13	6.732e-16	7.8005e-15
6.1153e+13	8.2299e-16	8.9331e-15
6.1305e+13	9.6668e-16	8.5192e-15
6.1457e+13	8.0345e-16	7.3226e-15
6.1608e+13	7.7674e-16	8.0591e-15
6.176e+13	9.3597e-16	9.1229e-15
6.1912e+13	7.9446e-16	8.2145e-15
6.2064e+13	6.0041e-16	7.2039e-15
6.2215e+13	7.6074e-16	7.4639e-15
6.2367e+13	8.4382e-16	7.369e-15
6.2519e+13	6.8466e-16	6.9752e-15
6.2671e+13	7.6044e-16	7.6684e-15
6.2822e+13	9.2162e-16	8.1785e-15
6.2974e+13	7.7645e-16	7.4477e-15
6.3126e+13	7.076e-16	7.4038e-15
6.3278e+13	8.6989e-16	8.4735e-15
6.3429e+13	7.7446e-16	8.2955e-15
6.3581e+13	5.6461e-16	6.7715e-15
6.3733e+13	6.9165e-16	6.1025e-15
6.3885e+13	7.932e-16	6.3999e-15
6.4036e+13	6.2479e-16	6.51e-15
6.4188e+13	6.4654e-16	6.6716e-15
6.434e+13	8.1273e-16	6.9695e-15
6.4492e+13	6.991e-16	6.6057e-15
6.4643e+13	5.8017e-16	5.914e-15
6.4795e+13	6.8771e-16	5.7827e-15
6.4947e+13	6.4302e-16	5.8382e-15
6.5099e+13	4.9844e-16	5.6028e-15
6.525e+13	5.9478e-16	5.4585e-15
6.5402e+13	6.2591e-16	5.4145e-15
6.5554e+13	4.3898e-16	5.192e-15
6.5706e+13	5.0779e-16	5.1756e-15
6.5857e+13	7.4812e-16	5.5285e-15
6.6009e+13	6.7293e-16	5.7531e-15
6.6161e+13	5.5074e-16	5.8223e-15
6.6313e+13	6.8561e-16	5.9533e-15
6.6464e+13	6.8516e-16	5.7929e-15
6.6616e+13	5.0609e-16	5.3794e-15
6.6768e+13	5.4745e-16	5.3796e-15
6.692e+13	6.2819e-16	5.5927e-15
6.7071e+13	4.948e-16	5.3255e-15
6.7223e+13	4.7985e-16	5.0088e-15
6.7375e+13	6.3081e-16	5.2412e-15
6.7527e+13	5.9676e-16	5.3765e-15
6.7678e+13	5.0585e-16	4.9269e-15
6.783e+13	5.7282e-16	4.6845e-15
6.7982e+13	5.6915e-16	5.1698e-15
6.8134e+13	5.0408e-16	5.6958e-15
6.8285e+13	5.9963e-16	5.6048e-15
6.8437e+13	6.2639e-16	5.0826e-15
6.8589e+13	4.592e-16	4.6272e-15
6.8741e+13	4.4232e-16	4.487e-15
6.8892e+13	5.4681e-16	4.5393e-15
6.9044e+13	4.727e-16	4.5824e-15
6.9196e+13	4.3014e-16	4.7268e-15
6.9347e+13	5.7277e-16	5.0934e-15
6.9499e+13	5.7165e-16	5.3597e-15
6.9651e+13	4.4925e-16	5.2579e-15
6.9803e+13	5.1267e-16	5.0332e-15
6.9954e+13	5.7403e-16	4.8573e-15
7.0106e+13	4.6548e-16	4.5499e-15
7.0258e+13	4.6453e-16	4.2074e-15
7.041e+13	5.4505e-16	4.2153e-15
7.0561e+13	4.6096e-16	4.5258e-15
7.0713e+13	4.1953e-16	4.6951e-15
7.0865e+13	5.2952e-16	4.5661e-15
7.1017e+13	4.8665e-16	4.3851e-15
7.1168e+13	3.7369e-16	4.3534e-15
7.132e+13	4.6934e-16	4.3351e-15
7.1472e+13	5.1319e-16	4.095e-15
7.1624e+13	3.6263e-16	3.8326e-15
7.1775e+13	3.8078e-16	4.0288e-15
7.1927e+13	5.2581e-16	4.4764e-15
7.2079e+13	4.4681e-16	4.3311e-15
7.2231e+13	3.4278e-16	3.6656e-15
7.2382e+13	4.4075e-16	3.676e-15
7.2534e+13	4.7156e-16	4.5372e-15
7.2686e+13	3.8953e-16	4.7486e-15
7.2838e+13	4.1126e-16	3.7624e-15
7.2989e+13	4.1123e-16	3.2323e-15
7.3141e+13	3.3195e-16	4.1149e-15
7.3293e+13	3.9955e-16	4.8311e-15
7.3445e+13	4.7673e-16	4.2245e-15
7.3596e+13	3.6605e-16	3.7941e-15
7.3748e+13	3.8104e-16	4.7597e-15
7.39e+13	5.7282e-16	5.627e-15
7.4052e+13	5.1057e-16	4.9748e-15
7.4203e+13	3.09e-16	3.906e-15
7.4355e+13	3.7789e-16	3.7245e-15
7.4507e+13	4.7503e-16	3.9254e-15
7.4659e+13	3.6935e-16	3.9175e-15
7.481e+13	3.8364e-16	4.1059e-15
7.4962e+13	5.0681e-16	4.5199e-15
7.5114e+13	4.1422e-16	4.5993e-15
7.5266e+13	3.09e-16	4.3527e-15
7.5417e+13	4.048e-16	4.116e-15
7.5569e+13	4.0582e-16	3.8077e-15
7.5721e+13	2.8671e-16	3.4148e-15
7.5873e+13	3.2933e-16	3.2705e-15
7.6024e+13	3.8512e-16	3.4348e-15
7.6176e+13	2.896e-16	3.6081e-15
7.6328e+13	2.8326e-16	3.5994e-15
7.648e+13	3.5833e-16	3.4863e-15
7.6631e+13	3.0665e-16	3.5762e-15
7.6783e+13	3.0907e-16	4.054e-15
7.6935e+13	4.3939e-16	4.4892e-15
7.7086e+13	4.001e-16	4.3281e-15
7.7238e+13	2.7249e-16	3.7928e-15
7.739e+13	3.4135e-16	3.5122e-15
7.7542e+13	4.0272e-16	3.6981e-15
7.7693e+13	3.2207e-16	4.1775e-15
7.7845e+13	3.6513e-16	4.521e-15
7.7997e+13	4.5065e-16	4.2765e-15
7.8149e+13	3.3675e-16	3.7879e-15
7.83e+13	2.8296e-16	3.8216e-15
7.8452e+13	4.0194e-16	4.0663e-15
7.8604e+13	3.5469e-16	3.772e-15
7.8756e+13	2.3515e-16	3.4777e-15
7.8907e+13	3.5832e-16	3.8466e-15
7.9059e+13	4.3976e-16	4.0754e-15
7.9211e+13	2.8882e-16	3.6521e-15
7.9363e+13	2.8468e-16	3.51e-15
7.9514e+13	4.1931e-16	3.8679e-15
7.9666e+13	3.3531e-16	3.8071e-15
7.9818e+13	2.4238e-16	3.5456e-15
7.997e+13	3.7851e-16	3.9675e-15
8.0121e+13	4.128e-16	4.4685e-15
8.0273e+13	2.8599e-16	4.165e-15
8.0425e+13	3.2384e-16	3.7019e-15
8.0577e+13	4.0194e-16	3.7421e-15
8.0728e+13	3.1506e-16	3.8373e-15
8.088e+13	3.1553e-16	3.8407e-15
8.1032e+13	4.2714e-16	4.0982e-15
8.1184e+13	3.6932e-16	4.2554e-15
8.1335e+13	2.8333e-16	3.9029e-15
8.1487e+13	3.5786e-16	3.5634e-15
8.1639e+13	3.5068e-16	3.6494e-15
8.1791e+13	2.4575e-16	3.7155e-15
8.1942e+13	3.0082e-16	3.4621e-15
8.2094e+13	3.6647e-16	3.2855e-15
8.2246e+13	2.7785e-16	3.5892e-15
8.2398e+13	2.9596e-16	4.1644e-15
8.2549e+13	4.2563e-16	4.3047e-15
8.2701e+13	3.7382e-16	3.7666e-15
8.2853e+13	2.7571e-16	3.4397e-15
8.3005e+13	3.44e-16	3.9839e-15
8.3156e+13	3.6043e-16	4.411e-15
8.3308e+13	2.6949e-16	3.7926e-15
8.346e+13	3.0154e-16	3.1921e-15
8.3612e+13	3.6287e-16	3.7149e-15
8.3763e+13	2.9688e-16	4.3254e-15
8.3915e+13	2.7976e-16	3.8443e-15
8.4067e+13	3.3039e-16	3.1249e-15
8.4219e+13	2.777e-16	3.2621e-15
8.437e+13	2.4812e-16	3.7054e-15
8.4522e+13	3.3704e-16	3.6989e-15
8.4674e+13	3.407e-16	3.6792e-15
8.4825e+13	2.8903e-16	4.1323e-15
8.4977e+13	3.6379e-16	4.587e-15
8.5129e+13	4.0029e-16	4.469e-15
8.5281e+13	3.1157e-16	3.9926e-15
8.5432e+13	3.3487e-16	3.8188e-15
8.5584e+13	4.1882e-16	4.2118e-15
8.5736e+13	3.4619e-16	4.677e-15
8.5888e+13	2.9538e-16	4.5553e-15
8.6039e+13	3.7018e-16	3.9242e-15
8.6191e+13	3.1791e-16	3.4014e-15
8.6343e+13	2.011e-16	3.222e-15
8.6495e+13	2.8408e-16	3.3006e-15
8.6646e+13	3.7792e-16	3.7285e-15
8.6798e+13	2.9814e-16	4.2594e-15
8.695e+13	2.7947e-16	4.2201e-15
8.7102e+13	3.5559e-16	3.7889e-15
8.7253e+13	3.2165e-16	3.8849e-15
8.7405e+13	2.8588e-16	4.3357e-15
8.7557e+13	3.5054e-16	4.2142e-15
8.7709e+13	3.3163e-16	3.7938e-15
8.786e+13	2.6641e-16	3.7943e-15
8.8012e+13	3.2297e-16	3.8128e-15
8.8164e+13	3.464e-16	3.6885e-15
8.8316e+13	2.696e-16	4.1309e-15
8.8467e+13	2.9158e-16	4.5886e-15
8.8619e+13	3.3242e-16	3.9441e-15
8.8771e+13	2.4553e-16	3.3624e-15
8.8923e+13	2.5026e-16	4.1818e-15
8.9074e+13	3.7262e-16	4.7833e-15
8.9226e+13	3.3629e-16	3.9947e-15
8.9378e+13	2.6565e-16	3.7904e-15
8.953e+13	3.6427e-16	4.809e-15
8.9681e+13	3.5043e-16	4.7487e-15
8.9833e+13	1.7632e-16	3.5482e-15
8.9985e+13	2.2512e-16	3.5837e-15
9.0137e+13	3.8737e-16	4.4967e-15
9.0288e+13	3.2329e-16	4.3905e-15
9.044e+13	2.764e-16	4.0322e-15
9.0592e+13	3.9724e-16	4.4129e-15
9.0744e+13	3.4014e-16	4.3214e-15
9.0895e+13	1.9232e-16	3.7751e-15
9.1047e+13	3.248e-16	4.4251e-15
9.1199e+13	4.6911e-16	5.6229e-15
9.1351e+13	3.5672e-16	5.6048e-15
9.1502e+13	3.415e-16	5.0573e-15
9.1654e+13	4.7244e-16	5.0598e-15
9.1806e+13	3.7667e-16	4.8916e-15
9.1958e+13	2.1982e-16	4.4841e-15
9.2109e+13	3.1861e-16	4.8447e-15
9.2261e+13	4.0524e-16	5.5543e-15
9.2413e+13	3.2145e-16	5.5776e-15
9.2564e+13	3.3018e-16	5.2254e-15
9.2716e+13	3.9799e-16	5.0641e-15
9.2868e+13	3.5683e-16	5.1737e-15
9.302e+13	3.7708e-16	5.7016e-15
9.3171e+13	4.5924e-16	6.09e-15
9.3323e+13	3.837e-16	5.6123e-15
9.3475e+13	3.2656e-16	5.4019e-15
9.3627e+13	4.5941e-16	6.4933e-15
9.3778e+13	4.7929e-16	7.0798e-15
9.393e+13	3.2815e-16	5.8857e-15
9.4082e+13	3.4438e-16	5.118e-15
9.4234e+13	4.6661e-16	6.2439e-15
9.4385e+13	4.3403e-16	7.2692e-15
9.4537e+13	3.8948e-16	6.785e-15
9.4689e+13	4.246e-16	5.9596e-15
9.4841e+13	3.5997e-16	5.6052e-15
9.4992e+13	2.7789e-16	5.3441e-15
9.5144e+13	3.392e-16	5.142e-15
9.5296e+13	3.7775e-16	5.1249e-15
9.5448e+13	3.3647e-16	5.1916e-15
9.5599e+13	3.6935e-16	5.4207e-15
9.5751e+13	3.8338e-16	5.6287e-15
9.5903e+13	3.0564e-16	5.5713e-15
9.6055e+13	3.4855e-16	5.822e-15
9.6206e+13	4.5778e-16	6.4433e-15
9.6358e+13	3.7234e-16	6.1987e-15
9.651e+13	2.7086e-16	5.2466e-15
9.6662e+13	3.8478e-16	5.4811e-15
9.6813e+13	4.7397e-16	6.6746e-15
9.6965e+13	4.0412e-16	6.7012e-15
9.7117e+13	3.819e-16	5.8972e-15
9.7269e+13	3.971e-16	6.1434e-15
9.742e+13	3.294e-16	6.6181e-15
9.7572e+13	2.9758e-16	5.5067e-15
9.7724e+13	3.2041e-16	4.109e-15
9.7876e+13	2.9658e-16	4.8098e-15
9.8027e+13	3.486e-16	6.8929e-15
9.8179e+13	4.7626e-16	7.789e-15
9.8331e+13	4.1868e-16	6.9507e-15
9.8483e+13	2.781e-16	6.0086e-15
9.8634e+13	3.495e-16	5.9701e-15
9.8786e+13	4.427e-16	6.2827e-15
9.8938e+13	3.5398e-16	6.4491e-15
9.909e+13	3.3726e-16	6.6051e-15
9.9241e+13	4.2922e-16	6.4192e-15
9.9393e+13	3.5736e-16	5.5296e-15
9.9545e+13	2.4441e-16	4.8074e-15
9.9697e+13	3.0516e-16	4.9734e-15
9.9848e+13	3.2306e-16	5.1834e-15
1e+14	2.2767e-16	5.009e-15
1.0015e+14	2.7177e-16	5.3639e-15
1.003e+14	3.7552e-16	6.0867e-15
1.0046e+14	3.2851e-16	6.0308e-15
1.0061e+14	3.0079e-16	5.6808e-15
1.0076e+14	3.617e-16	5.8778e-15
1.0091e+14	2.9604e-16	5.559e-15
1.0106e+14	1.9788e-16	4.3804e-15
1.0121e+14	2.796e-16	4.3828e-15
1.0137e+14	3.5223e-16	6.1256e-15
1.0152e+14	2.8202e-16	7.1653e-15
1.0167e+14	2.6645e-16	6.1288e-15
1.0182e+14	3.0347e-16	4.5335e-15
1.0197e+14	2.4555e-16	4.0684e-15
1.0212e+14	2.1889e-16	4.6827e-15
1.0228e+14	2.8539e-16	5.0938e-15
1.0243e+14	2.622e-16	4.4643e-15
1.0258e+14	1.8939e-16	3.838e-15
1.0273e+14	2.3407e-16	4.4741e-15
1.0288e+14	2.7835e-16	5.2286e-15
1.0303e+14	2.2576e-16	4.6556e-15
1.0319e+14	2.1529e-16	3.9188e-15
1.0334e+14	2.4851e-16	4.092e-15
1.0349e+14	2.2579e-16	4.0248e-15
1.0364e+14	2.2145e-16	3.5537e-15
1.0379e+14	2.44e-16	3.8604e-15
1.0395e+14	1.7715e-16	3.9724e-15
1.041e+14	1.1175e-16	2.7369e-15
1.0425e+14	1.7403e-16	2.298e-15
1.044e+14	2.3476e-16	3.9262e-15
1.0455e+14	2.132e-16	4.9178e-15
1.047e+14	2.0786e-16	4.0287e-15
1.0486e+14	2.09e-16	3.577e-15
1.0501e+14	1.779e-16	4.0268e-15
1.0516e+14	1.9467e-16	3.748e-15
1.0531e+14	2.2797e-16	3.5769e-15
1.0546e+14	1.8932e-16	4.6862e-15
1.0561e+14	1.7205e-16	5.0447e-15
1.0577e+14	2.0808e-16	3.5347e-15
1.0592e+14	1.728e-16	2.6077e-15
1.0607e+14	1.3038e-16	3.3369e-15
1.0622e+14	1.9338e-16	3.6692e-15
1.0637e+14	2.0703e-16	2.9497e-15
1.0653e+14	1.1382e-16	2.5826e-15
1.0668e+14	1.1231e-16	2.6928e-15
1.0683e+14	1.825e-16	2.5762e-15
1.0698e+14	1.5953e-16	2.6399e-15
1.0713e+14	1.4524e-16	3.0596e-15
1.0728e+14	2.0525e-16	3.0178e-15
1.0744e+14	1.7589e-16	2.5164e-15
1.0759e+14	1.0568e-16	2.3829e-15
1.0774e+14	1.5909e-16	2.5453e-15
1.0789e+14	1.966e-16	2.5017e-15
1.0804e+14	1.29e-16	2.5763e-15
1.0819e+14	1.4662e-16	3.0197e-15
1.0835e+14	2.2041e-16	3.1853e-15
1.085e+14	1.6268e-16	2.7608e-15
1.0865e+14	1.0719e-16	2.3958e-15
1.088e+14	1.7202e-16	2.3851e-15
1.0895e+14	1.6419e-16	2.1975e-15
1.091e+14	8.3038e-17	1.7606e-15
1.0926e+14	1.2737e-16	1.7041e-15
1.0941e+14	1.8898e-16	2.0529e-15
1.0956e+14	1.2633e-16	2.1763e-15
1.0971e+14	1.089e-16	2.0461e-15
1.0986e+14	1.7158e-16	2.0843e-15
1.1002e+14	1.4011e-16	2.1313e-15
1.1017e+14	8.6316e-17	1.9194e-15
1.1032e+14	1.3054e-16	1.7958e-15
1.1047e+14	1.3855e-16	1.9156e-15
1.1062e+14	8.874e-17	1.8462e-15
1.1077e+14	1.1776e-16	1.5539e-15
1.1093e+14	1.4406e-16	1.473e-15
1.1108e+14	8.717e-17	1.5802e-15
1.1123e+14	9.5927e-17	1.5951e-15
1.1138e+14	1.5797e-16	1.589e-15
1.1153e+14	1.1616e-16	1.5983e-15
1.1168e+14	7.3752e-17	1.4873e-15
1.1184e+14	1.3373e-16	1.3949e-15
1.1199e+14	1.395e-16	1.4434e-15
1.1214e+14	8.423e-17	1.4411e-15
1.1229e+14	1.2142e-16	1.45e-15
1.1244e+14	1.5677e-16	1.6811e-15
1.1259e+14	9.1412e-17	1.7693e-15
1.1275e+14	8.0979e-17	1.386e-15
1.129e+14	1.3588e-16	1.085e-15
1.1305e+14	1.0443e-16	1.354e-15
1.132e+14	7.0851e-17	1.7015e-15
1.1335e+14	1.249e-16	1.5731e-15
1.1351e+14	1.1957e-16	1.2028e-15
1.1366e+14	5.9897e-17	1.0806e-15
1.1381e+14	9.7775e-17	1.283e-15
1.1396e+14	1.3447e-16	1.454e-15
1.1411e+14	7.1984e-17	1.2785e-15
1.1426e+14	6.859e-17	1.0374e-15
1.1442e+14	1.3406e-16	1.2282e-15
1.1457e+14	1.0799e-16	1.5986e-15
1.1472e+14	6.6961e-17	1.5241e-15
1.1487e+14	1.1325e-16	1.1648e-15
1.1502e+14	1.1696e-16	1.0793e-15
1.1517e+14	7.0151e-17	1.1895e-15
1.1533e+14	1.0217e-16	1.1717e-15
1.1548e+14	1.2708e-16	1.1196e-15
1.1563e+14	6.9286e-17	1.1388e-15
1.1578e+14	7.1043e-17	1.0937e-15
1.1593e+14	1.2128e-16	9.7142e-16
1.1608e+14	8.2005e-17	8.8988e-16
1.1624e+14	5.4513e-17	9.0608e-16
1.1639e+14	1.1794e-16	1.0308e-15
1.1654e+14	1.1273e-16	1.1295e-15
1.1669e+14	4.6316e-17	1.0366e-15
1.1684e+14	7.6513e-17	9.1068e-16
1.17e+14	1.1232e-16	9.2625e-16
1.1715e+14	5.9746e-17	8.7821e-16
1.173e+14	6.3498e-17	7.2791e-16
1.1745e+14	1.2005e-16	7.9257e-16
1.176e+14	8.2058e-17	9.7218e-16
1.1775e+14	4.4443e-17	8.9259e-16
1.1791e+14	1.0034e-16	7.6245e-16
1.1806e+14	1.0101e-16	8.9317e-16
1.1821e+14	4.4874e-17	9.8797e-16
1.1836e+14	8.0789e-17	8.6766e-16
1.1851e+14	1.1815e-16	8.4048e-16
1.1866e+14	5.9875e-17	9.174e-16
1.1882e+14	5.2293e-17	8.703e-16
1.1897e+14	1.0765e-16	8.3505e-16
1.1912e+14	8.0379e-17	8.7148e-16
1.1927e+14	4.3379e-17	7.6294e-16
1.1942e+14	8.6668e-17	6.8457e-16
1.1958e+14	8.5413e-17	8.7891e-16
1.1973e+14	4.0026e-17	9.5969e-16
1.1988e+14	7.7442e-17	7.1008e-16
1.2003e+14	1.0884e-16	5.9921e-16
1.2018e+14	5.42e-17	7.2962e-16
1.2033e+14	5.2117e-17	6.9133e-16
1.2049e+14	1.0299e-16	5.9331e-16
1.2064e+14	7.4016e-17	7.3459e-16
1.2079e+14	4.4479e-17	8.0779e-16
1.2094e+14	8.8123e-17	6.3521e-16
1.2109e+14	7.7388e-17	6.0235e-16
1.2124e+14	2.8351e-17	7.3555e-16
1.214e+14	6.9097e-17	6.8487e-16
1.2155e+14	1.0294e-16	5.7808e-16
1.217e+14	5.37e-17	6.6605e-16
1.2185e+14	5.7948e-17	7.271e-16
1.22e+14	1.0284e-16	6.4628e-16
1.2215e+14	6.1644e-17	6.6318e-16
1.2231e+14	3.3587e-17	7.563e-16
1.2246e+14	8.7961e-17	7.0812e-16
1.2261e+14	7.9e-17	5.9104e-16
1.2276e+14	2.6534e-17	5.4572e-16
1.2291e+14	6.8896e-17	5.5551e-16
1.2307e+14	1.0031e-16	6.3542e-16
1.2322e+14	3.949e-17	7.2691e-16
1.2337e+14	3.8677e-17	6.5581e-16
1.2352e+14	9.1428e-17	5.2122e-16
1.2367e+14	5.6831e-17	5.7175e-16
1.2382e+14	2.8848e-17	6.9476e-16
1.2398e+14	8.5693e-17	6.7442e-16
1.2413e+14	8.0721e-17	6.3079e-16
1.2428e+14	2.5961e-17	6.7267e-16
1.2443e+14	6.3409e-17	6.552e-16
1.2458e+14	9.4458e-17	5.6392e-16
1.2473e+14	3.6704e-17	5.5654e-16
1.2489e+14	4.0099e-17	6.146e-16
1.2504e+14	9.5702e-17	6.2132e-16
1.2519e+14	5.7002e-17	5.9702e-16
1.2534e+14	2.2428e-17	5.9013e-16
1.2549e+14	8.2471e-17	5.8192e-16
1.2564e+14	8.42e-17	5.6767e-16
1.258e+14	2.3204e-17	5.561e-16
1.2595e+14	5.0797e-17	5.4451e-16
1.261e+14	8.7796e-17	5.3813e-16
1.2625e+14	4.0866e-17	5.2885e-16
1.264e+14	4.1094e-17	5.2026e-16
1.2656e+14	9.0934e-17	5.4362e-16
1.2671e+14	5.6968e-17	5.5871e-16
1.2686e+14	2.3248e-17	5.0706e-16
1.2701e+14	7.3524e-17	4.7212e-16
1.2716e+14	7.346e-17	5.1773e-16
1.2731e+14	2.2111e-17	5.2429e-16
1.2747e+14	5.0914e-17	4.5956e-16
1.2762e+14	7.8541e-17	4.7416e-16
1.2777e+14	2.8988e-17	5.58e-16
1.2792e+14	3.463e-17	5.5695e-16
1.2807e+14	8.6356e-17	5.1434e-16
1.2822e+14	5.2435e-17	5.4166e-16
1.2838e+14	2.3551e-17	5.6433e-16
1.2853e+14	7.6993e-17	5.2208e-16
1.2868e+14	7.1659e-17	4.7892e-16
1.2883e+14	1.5128e-17	4.3336e-16
1.2898e+14	4.8717e-17	3.7411e-16
1.2914e+14	8.4137e-17	3.8326e-16
1.2929e+14	3.2601e-17	4.4262e-16
1.2944e+14	3.0121e-17	4.4615e-16
1.2959e+14	8.0769e-17	4.37e-16
1.2974e+14	5.0732e-17	4.7977e-16
1.2989e+14	1.9108e-17	4.9026e-16
1.3005e+14	6.81e-17	4.5152e-16
1.302e+14	6.8855e-17	4.5468e-16
1.3035e+14	2.0966e-17	4.6841e-16
1.305e+14	5.1369e-17	4.3734e-16
1.3065e+14	7.9026e-17	4.3006e-16
1.308e+14	2.7725e-17	4.3573e-16
1.3096e+14	2.7881e-17	3.7803e-16
1.3111e+14	7.7713e-17	3.6025e-16
1.3126e+14	5.1075e-17	4.5589e-16
1.3141e+14	2.6668e-17	4.8389e-16
1.3156e+14	7.4222e-17	3.7701e-16
1.3171e+14	6.6197e-17	3.3959e-16
1.3187e+14	1.5807e-17	4.167e-16
1.3202e+14	4.9636e-17	4.3481e-16
1.3217e+14	7.6834e-17	3.8553e-16
1.3232e+14	2.3785e-17	3.8136e-16
1.3247e+14	2.7107e-17	3.9568e-16
1.3263e+14	7.8192e-17	3.8038e-16
1.3278e+14	4.5396e-17	3.7633e-16
1.3293e+14	1.7021e-17	3.7737e-16
1.3308e+14	6.8912e-17	3.5119e-16
1.3323e+14	6.3917e-17	3.4306e-16
1.3338e+14	1.021e-17	3.7142e-16
1.3354e+14	4.3421e-17	3.7651e-16
1.3369e+14	7.5107e-17	3.4648e-16
1.3384e+14	2.2772e-17	3.2947e-16
1.3399e+14	2.3371e-17	3.3939e-16
1.3414e+14	7.583e-17	3.5278e-16
1.3429e+14	4.4226e-17	3.5085e-16
1.3445e+14	1.11e-17	3.4349e-16
1.346e+14	6.1254e-17	3.5463e-16
1.3475e+14	6.242e-17	3.5747e-16
1.349e+14	1.1262e-17	3.1507e-16
1.3505e+14	4.0144e-17	2.898e-16
1.352e+14	7.2146e-17	3.2995e-16
1.3536e+14	2.4676e-17	3.4008e-16
1.3551e+14	2.4021e-17	2.8439e-16
1.3566e+14	7.1852e-17	2.8705e-16
1.3581e+14	4.0009e-17	3.5431e-16
1.3596e+14	6.941e-18	3.5094e-16
1.3612e+14	5.5952e-17	3.0257e-16
1.3627e+14	6.1621e-17	3.1827e-16
1.3642e+14	1.6477e-17	3.3724e-16
1.3657e+14	4.3155e-17	3.011e-16
1.3672e+14	7.0695e-17	2.9451e-16
1.3687e+14	2.4864e-17	3.2029e-16
1.3703e+14	2.4998e-17	3.0165e-16
1.3718e+14	6.9081e-17	2.8855e-16
1.3733e+14	3.82e-17	3.1911e-16
1.3748e+14	1.0395e-17	3.0172e-16
1.3763e+14	5.7234e-17	2.4633e-16
1.3778e+14	5.4795e-17	2.5772e-16
1.3794e+14	7.7567e-18	2.8904e-16
1.3809e+14	3.9224e-17	2.7023e-16
1.3824e+14	6.9878e-17	2.8088e-16
1.3839e+14	2.3477e-17	3.2831e-16
1.3854e+14	2.1944e-17	3.0385e-16
1.3869e+14	6.4832e-17	2.472e-16
1.3885e+14	3.5257e-17	2.6464e-16
1.39e+14	1.1057e-17	2.946e-16
1.3915e+14	5.9233e-17	2.7113e-16
1.393e+14	5.4691e-17	2.6163e-16
1.3945e+14	7.0798e-18	2.7911e-16
1.3961e+14	4.05e-17	2.6573e-16
1.3976e+14	6.994e-17	2.4605e-16
1.3991e+14	1.8873e-17	2.4827e-16
1.4006e+14	1.7245e-17	2.3598e-16
1.4021e+14	6.6006e-17	2.2844e-16
1.4036e+14	3.8347e-17	2.5976e-16
1.4052e+14	8.1459e-18	2.6877e-16
1.4067e+14	5.1804e-17	2.2989e-16
1.4082e+14	4.9852e-17	2.181e-16
1.4097e+14	5.4713e-18	2.4558e-16
1.4112e+14	3.8388e-17	2.5638e-16
1.4127e+14	6.6893e-17	2.5433e-16
1.4143e+14	1.5632e-17	2.5461e-16
1.4158e+14	1.3431e-17	2.3764e-16
1.4173e+14	6.2892e-17	2.2526e-16
1.4188e+14	3.6669e-17	2.3832e-16
1.4203e+14	6.428e-18	2.3343e-16
1.4219e+14	5.1833e-17	2.0902e-16
1.4234e+14	5.4034e-17	2.1933e-16
1.4249e+14	7.7858e-18	2.4391e-16
1.4264e+14	3.2974e-17	2.323e-16
1.4279e+14	6.1559e-17	2.1696e-16
1.4294e+14	1.9671e-17	2.2877e-16
1.431e+14	2.1316e-17	2.326e-16
1.4325e+14	6.5876e-17	2.1784e-16
1.434e+14	3.6771e-17	2.0969e-16
1.4355e+14	6.7716e-18	2.0595e-16
1.437e+14	4.8857e-17	1.9769e-16
1.4385e+14	4.6833e-17	1.9073e-16
1.4401e+14	1.6738e-18	1.9251e-16
1.4416e+14	3.1273e-17	2.1978e-16
1.4431e+14	6.2027e-17	2.5575e-16
1.4446e+14	1.7496e-17	2.3693e-16
1.4461e+14	1.3815e-17	1.7951e-16
1.4476e+14	5.6856e-17	1.7624e-16
1.4492e+14	3.1991e-17	2.0897e-16
1.4507e+14	4.9892e-18	1.9479e-16
1.4522e+14	4.6689e-17	1.7677e-16
1.4537e+14	4.7758e-17	2.076e-16
1.4552e+14	7.6106e-18	2.1192e-16
1.4568e+14	3.4331e-17	1.729e-16
1.4583e+14	5.7079e-17	1.8016e-16
1.4598e+14	1.1037e-17	2.1026e-16
1.4613e+14	1.1765e-17	1.8197e-16
1.4628e+14	5.7103e-17	1.5429e-16
1.4643e+14	3.2681e-17	1.8578e-16
1.4659e+14	7.0372e-18	2.0558e-16
1.4674e+14	4.8203e-17	1.8883e-16
1.4689e+14	4.5876e-17	1.8736e-16
1.4704e+14	3.398e-18	1.8319e-16
1.4719e+14	3.1134e-17	1.5717e-16
1.4734e+14	5.761e-17	1.5901e-16
1.475e+14	1.5896e-17	1.7715e-16
1.4765e+14	1.7499e-17	1.6496e-16
1.478e+14	5.8799e-17	1.6599e-16
1.4795e+14	2.9938e-17	1.9677e-16
1.481e+14	3.502e-18	1.8825e-16
1.4825e+14	4.6444e-17	1.6093e-16
1.4841e+14	4.6291e-17	1.8467e-16
1.4856e+14	5.1189e-18	2.0184e-16
1.4871e+14	3.1699e-17	1.6436e-16
1.4886e+14	5.4939e-17	1.5511e-16
1.4901e+14	1.0862e-17	1.8914e-16
1.4917e+14	1.2337e-17	1.8363e-16
1.4932e+14	5.4903e-17	1.6098e-16
1.4947e+14	2.8442e-17	1.7958e-16
1.4962e+14	4.4749e-18	1.8226e-16
1.4977e+14	4.6771e-17	1.4284e-16
1.4992e+14	4.2542e-17	1.3643e-16
1.5008e+14	-5.8564e-19	1.6547e-16
1.5023e+14	2.9967e-17	1.7004e-16
1.5038e+14	5.7731e-17	1.6795e-16
1.5053e+14	1.2021e-17	1.8205e-16
1.5068e+14	9.8114e-18	1.7365e-16
1.5083e+14	5.4388e-17	1.4681e-16
1.5099e+14	3.1672e-17	1.4493e-16
1.5114e+14	5.5419e-18	1.5671e-16
1.5129e+14	4.5322e-17	1.5507e-16
1.5144e+14	4.5465e-17	1.4422e-16
1.5159e+14	4.8365e-18	1.2946e-16
1.5175e+14	2.8135e-17	1.2896e-16
1.519e+14	5.0654e-17	1.5648e-16
1.5205e+14	1.1681e-17	1.6704e-16
1.522e+14	1.6437e-17	1.3781e-16
1.5235e+14	5.6907e-17	1.2894e-16
1.525e+14	2.731e-17	1.5323e-16
1.5266e+14	5.3836e-19	1.5258e-16
1.5281e+14	4.1248e-17	1.4023e-16
1.5296e+14	4.027e-17	1.5579e-16
1.5311e+14	1.1574e-18	1.5521e-16
1.5326e+14	2.8623e-17	1.2618e-16
1.5341e+14	5.1152e-17	1.3046e-16
1.5357e+14	7.5238e-18	1.5035e-16
1.5372e+14	1.0198e-17	1.3163e-16
1.5387e+14	5.373e-17	1.2296e-16
1.5402e+14	2.7063e-17	1.5316e-16
1.5417e+14	3.018e-19	1.5392e-16
1.5432e+14	4.1713e-17	1.2839e-16
1.5448e+14	4.303e-17	1.3894e-16
1.5463e+14	2.9854e-18	1.4551e-16
1.5478e+14	2.6068e-17	1.1067e-16
1.5493e+14	4.7338e-17	1.0737e-16
1.5508e+14	6.5951e-18	1.4674e-16
1.5524e+14	9.8459e-18	1.471e-16
1.5539e+14	5.0969e-17	1.2162e-16
1.5554e+14	2.5324e-17	1.3447e-16
1.5569e+14	3.2675e-18	1.5174e-16
1.5584e+14	4.5913e-17	1.3618e-16
1.5599e+14	4.3032e-17	1.2471e-16
1.5615e+14	-1.2827e-19	1.2679e-16
1.563e+14	2.5619e-17	1.2308e-16
1.5645e+14	5.1056e-17	1.2736e-16
1.566e+14	8.8932e-18	1.3112e-16
1.5675e+14	6.5485e-18	1.0981e-16
1.569e+14	4.6169e-17	9.8124e-17
1.5706e+14	2.3891e-17	1.18e-16
1.5721e+14	2.1011e-18	1.2565e-16
1.5736e+14	4.1313e-17	1.184e-16
1.5751e+14	3.9465e-17	1.3043e-16
1.5766e+14	1.2584e-18	1.3411e-16
1.5781e+14	2.6932e-17	1.1379e-16
1.5797e+14	4.8419e-17	1.1904e-16
1.5812e+14	7.4796e-18	1.3954e-16
1.5827e+14	1.0081e-17	1.209e-16
1.5842e+14	4.9968e-17	1.0252e-16
1.5857e+14	2.4544e-17	1.3106e-16
1.5873e+14	2.3782e-18	1.4787e-16
1.5888e+14	4.1457e-17	1.2241e-16
1.5903e+14	3.5328e-17	1.1244e-16
1.5918e+14	-5.9239e-18	1.2583e-16
1.5933e+14	2.3862e-17	1.2227e-16
1.5948e+14	5.0869e-17	1.1589e-16
1.5964e+14	8.897e-18	1.2201e-16
1.5979e+14	7.137e-18	1.127e-16
1.5994e+14	4.6414e-17	9.5225e-17
1.6009e+14	2.2709e-17	1.007e-16
1.6024e+14	7.3219e-20	1.1229e-16
1.6039e+14	3.8263e-17	1.0872e-16
1.6055e+14	3.3793e-17	1.0503e-16
1.607e+14	-5.6657e-18	1.0895e-16
1.6085e+14	2.3188e-17	1.1591e-16
1.61e+14	4.8144e-17	1.236e-16
1.6115e+14	6.1352e-18	1.173e-16
1.6131e+14	7.0215e-18	1.0133e-16
1.6146e+14	4.8387e-17	1.0878e-16
1.6161e+14	2.2662e-17	1.2826e-16
1.6176e+14	-2.4639e-18	1.1923e-16
1.6191e+14	3.9484e-17	1.0122e-16
1.6206e+14	4.0537e-17	1.0622e-16
1.6222e+14	-1.9445e-18	1.1095e-16
1.6237e+14	1.9495e-17	1.0761e-16
1.6252e+14	4.4629e-17	1.1669e-16
1.6267e+14	7.247e-18	1.1516e-16
1.6282e+14	6.9631e-18	9.1536e-17
1.6297e+14	4.4891e-17	9.1521e-17
1.6313e+14	2.0524e-17	1.1092e-16
1.6328e+14	-2.9742e-18	1.0124e-16
1.6343e+14	3.7254e-17	9.1504e-17
1.6358e+14	3.8238e-17	1.1734e-16
1.6373e+14	-2.1658e-18	1.2383e-16
1.6388e+14	1.919e-17	9.2262e-17
1.6404e+14	4.4006e-17	8.5847e-17
1.6419e+14	8.3019e-18	1.0449e-16
1.6434e+14	7.7161e-18	1.0164e-16
1.6449e+14	4.3242e-17	9.8425e-17
1.6464e+14	1.9122e-17	1.0941e-16
1.648e+14	-2.9501e-18	9.7706e-17
1.6495e+14	3.6247e-17	8.2613e-17
1.651e+14	3.6677e-17	1.0287e-16
1.6525e+14	-2.2276e-18	1.1321e-16
1.654e+14	1.8667e-17	8.7646e-17
1.6555e+14	4.1181e-17	8.2723e-17
1.6571e+14	5.1327e-18	1.0322e-16
1.6586e+14	5.224e-18	9.8946e-17
1.6601e+14	4.1166e-17	8.6618e-17
1.6616e+14	1.9397e-17	9.6981e-17
1.6631e+14	-6.166e-19	1.0068e-16
1.6646e+14	3.5722e-17	9.0677e-17
1.6662e+14	3.243e-17	9.342e-17
1.6677e+14	-4.5765e-18	9.5984e-17
1.6692e+14	2.0066e-17	8.8884e-17
1.6707e+14	4.1903e-17	9.3779e-17
1.6722e+14	3.7803e-18	9.603e-17
1.6737e+14	5.1278e-18	7.9695e-17
1.6753e+14	4.259e-17	8.1749e-17
1.6768e+14	1.8774e-17	1.0221e-16
1.6783e+14	-3.7858e-18	9.4998e-17
1.6798e+14	3.3319e-17	8.131e-17
1.6813e+14	3.1738e-17	9.8455e-17
1.6829e+14	-5.9665e-18	1.0456e-16
1.6844e+14	1.7864e-17	8.2721e-17
1.6859e+14	4.1687e-17	8.3739e-17
1.6874e+14	5.3181e-18	9.8428e-17
1.6889e+14	4.9853e-18	8.3156e-17
1.6904e+14	4.0248e-17	7.1029e-17
1.692e+14	1.6371e-17	8.6568e-17
1.6935e+14	-6.1068e-18	8.5827e-17
1.695e+14	3.1382e-17	7.1437e-17
1.6965e+14	3.2854e-17	8.4066e-17
1.698e+14	-2.6875e-18	9.6318e-17
1.6995e+14	1.7935e-17	8.1101e-17
1.7011e+14	3.7981e-17	7.5827e-17
1.7026e+14	3.2805e-18	8.7194e-17
1.7041e+14	6.2738e-18	8.6607e-17
1.7056e+14	4.1511e-17	8.8849e-17
1.7071e+14	1.6929e-17	9.9335e-17
1.7086e+14	-4.6923e-18	8.6216e-17
1.7102e+14	3.2155e-17	6.7771e-17
1.7117e+14	3.132e-17	7.9307e-17
1.7132e+14	-3.9383e-18	8.9008e-17
1.7147e+14	1.9502e-17	7.7509e-17
1.7162e+14	3.9918e-17	8.0129e-17
1.7178e+14	1.952e-18	9.0339e-17
1.7193e+14	2.5977e-18	7.8963e-17
1.7208e+14	3.8995e-17	7.2393e-17
1.7223e+14	1.5943e-17	8.1518e-17
1.7238e+14	-6.213e-18	7.4249e-17
1.7253e+14	3.0632e-17	6.7362e-17
1.7269e+14	3.1427e-17	8.6286e-17
1.7284e+14	-4.4865e-18	8.9405e-17
1.7299e+14	1.5776e-17	6.6846e-17
1.7314e+14	3.6315e-17	7.0107e-17
1.7329e+14	2.045e-18	8.7652e-17
1.7344e+14	3.3159e-18	7.4622e-17
1.736e+14	3.7054e-17	6.0697e-17
1.7375e+14	1.4212e-17	7.1554e-17
1.739e+14	-5.6341e-18	7.3196e-17
1.7405e+14	3.0163e-17	6.7635e-17
1.742e+14	2.8562e-17	7.9013e-17
1.7436e+14	-5.9714e-18	7.9948e-17
1.7451e+14	1.7023e-17	6.6052e-17
1.7466e+14	3.6895e-17	7.5564e-17
1.7481e+14	4.4242e-19	8.7186e-17
1.7496e+14	1.968e-18	6.8695e-17
1.7511e+14	3.7308e-17	6.3724e-17
1.7527e+14	1.4248e-17	8.4868e-17
1.7542e+14	-7.3693e-18	7.8387e-17
1.7557e+14	2.7596e-17	5.7362e-17
1.7572e+14	2.6415e-17	6.927e-17
1.7587e+14	-8.1761e-18	7.9244e-17
1.7602e+14	1.4457e-17	6.0959e-17
1.7618e+14	3.5498e-17	5.9737e-17
1.7633e+14	8.3901e-19	7.4128e-17
1.7648e+14	2.2003e-18	6.3721e-17
1.7663e+14	3.6507e-17	5.3943e-17
1.7678e+14	1.4491e-17	6.7116e-17
1.7693e+14	-5.1795e-18	6.8059e-17
1.7709e+14	2.9447e-17	6.1308e-17
1.7724e+14	2.64e-17	7.561e-17
1.7739e+14	-8.5538e-18	7.9963e-17
1.7754e+14	1.5237e-17	6.2033e-17
1.7769e+14	3.6539e-17	6.4209e-17
1.7785e+14	6.9912e-19	7.5393e-17
1.78e+14	1.4327e-18	6.0497e-17
1.7815e+14	3.6465e-17	5.3801e-17
1.783e+14	1.448e-17	7.0357e-17
1.7845e+14	-6.5004e-18	6.5572e-17
1.786e+14	2.8412e-17	5.2129e-17
1.7876e+14	2.778e-17	6.8028e-17
1.7891e+14	-6.8943e-18	7.4115e-17
1.7906e+14	1.4198e-17	5.2432e-17
1.7921e+14	3.4819e-17	5.6549e-17
1.7936e+14	1.3463e-18	7.735e-17
1.7951e+14	2.7073e-18	6.4303e-17
1.7967e+14	3.5971e-17	5.1922e-17
1.7982e+14	1.3774e-17	7.2279e-17
1.7997e+14	-6.1652e-18	7.5953e-17
1.8012e+14	2.8047e-17	5.6962e-17
1.8027e+14	2.6545e-17	6.3343e-17
1.8042e+14	-6.5726e-18	7.694e-17
1.8058e+14	1.6131e-17	6.6682e-17
1.8073e+14	3.5623e-17	6.379e-17
1.8088e+14	4.3079e-19	7.21e-17
1.8103e+14	2.2508e-18	6.1334e-17
1.8118e+14	3.6401e-17	5.4009e-17
1.8134e+14	1.2902e-17	6.6504e-17
1.8149e+14	-8.4725e-18	6.1827e-17
1.8164e+14	2.7448e-17	4.686e-17
1.8179e+14	2.8379e-17	5.832e-17
1.8194e+14	-6.0181e-18	6.7485e-17
1.8209e+14	1.3901e-17	5.3012e-17
1.8225e+14	3.3742e-17	5.5534e-17
1.824e+14	-3.7544e-19	7.088e-17
1.8255e+14	-5.0384e-19	5.8919e-17
1.827e+14	3.2632e-17	4.7675e-17
1.8285e+14	1.2499e-17	6.3587e-17
1.83e+14	-6.5206e-18	6.5676e-17
1.8316e+14	2.6805e-17	5.0394e-17
1.8331e+14	2.5275e-17	5.7765e-17
1.8346e+14	-7.6609e-18	6.9023e-17
1.8361e+14	1.4158e-17	5.7731e-17
1.8376e+14	3.3879e-17	5.3848e-17
1.8392e+14	-4.2424e-19	6.1094e-17
1.8407e+14	-1.3279e-19	5.3559e-17
1.8422e+14	3.2661e-17	5.2267e-17
1.8437e+14	1.1625e-17	6.7159e-17
1.8452e+14	-7.5303e-18	6.0272e-17
1.8467e+14	2.6588e-17	4.281e-17
1.8483e+14	2.5527e-17	5.4658e-17
1.8498e+14	-8.4845e-18	6.5343e-17
1.8513e+14	1.1722e-17	4.7898e-17
1.8528e+14	3.1753e-17	4.3371e-17
1.8543e+14	-4.8687e-19	5.7803e-17
1.8558e+14	1.0131e-18	5.392e-17
1.8574e+14	3.3447e-17	4.7244e-17
1.8589e+14	1.1551e-17	5.8332e-17
1.8604e+14	-8.5345e-18	5.7039e-17
1.8619e+14	2.5629e-17	4.4558e-17
1.8634e+14	2.6602e-17	5.1032e-17
1.8649e+14	-5.6585e-18	5.528e-17
1.8665e+14	1.3516e-17	4.2537e-17
1.868e+14	3.169e-17	4.7697e-17
1.8695e+14	-9.0847e-19	6.3641e-17
1.871e+14	3.6536e-19	5.3879e-17
1.8725e+14	3.2167e-17	4.4035e-17
1.8741e+14	1.1129e-17	5.6774e-17
1.8756e+14	-7.6336e-18	5.5221e-17
1.8771e+14	2.5178e-17	3.8931e-17
1.8786e+14	2.3414e-17	4.6106e-17
1.8801e+14	-8.8309e-18	5.8884e-17
1.8816e+14	1.3033e-17	5.1263e-17
1.8832e+14	3.2819e-17	4.939e-17
1.8847e+14	-4.9773e-19	5.6675e-17
1.8862e+14	-1.3481e-19	4.8547e-17
1.8877e+14	3.1679e-17	4.3171e-17
1.8892e+14	1.0374e-17	5.4122e-17
1.8907e+14	-9.0781e-18	5.2425e-17
1.8923e+14	2.4252e-17	4.2145e-17
1.8938e+14	2.3974e-17	4.9656e-17
1.8953e+14	-8.0452e-18	5.4743e-17
1.8968e+14	1.2683e-17	4.587e-17
1.8983e+14	3.1688e-17	4.9934e-17
1.8998e+14	-1.8638e-18	5.5343e-17
1.9014e+14	-1.3424e-18	3.9269e-17
1.9029e+14	3.1612e-17	3.491e-17
1.9044e+14	1.1083e-17	5.252e-17
1.9059e+14	-9.5761e-18	4.9846e-17
1.9074e+14	2.2638e-17	3.541e-17
1.909e+14	2.3134e-17	4.5148e-17
1.9105e+14	-8.4183e-18	5.2297e-17
1.912e+14	1.1763e-17	3.8869e-17
1.9135e+14	3.146e-17	4.0023e-17
1.915e+14	-1.0843e-18	4.9889e-17
1.9165e+14	-1.2866e-18	3.9697e-17
1.9181e+14	3.164e-17	3.8213e-17
1.9196e+14	1.2937e-17	5.5734e-17
1.9211e+14	-7.7091e-18	4.946e-17
1.9226e+14	2.2713e-17	3.1529e-17
1.9241e+14	2.3481e-17	4.2794e-17
1.9256e+14	-7.4816e-18	5.2148e-17
1.9272e+14	1.0363e-17	3.7183e-17
1.9287e+14	2.8755e-17	3.9377e-17
1.9302e+14	-1.2451e-18	5.4162e-17
1.9317e+14	-1.9833e-19	4.258e-17
1.9332e+14	3.0557e-17	3.4436e-17
1.9347e+14	1.1276e-17	5.2896e-17
1.9363e+14	-7.4993e-18	5.2834e-17
1.9378e+14	2.2918e-17	3.4333e-17
1.9393e+14	2.1989e-17	4.2315e-17
1.9408e+14	-9.034e-18	5.3677e-17
1.9423e+14	1.0047e-17	3.8743e-17
1.9439e+14	2.9168e-17	3.6075e-17
1.9454e+14	-7.9164e-19	5.1717e-17
1.9469e+14	-5.3533e-19	4.4536e-17
1.9484e+14	2.9131e-17	3.1124e-17
1.9499e+14	1.0141e-17	4.1166e-17
1.9514e+14	-7.274e-18	4.4767e-17
1.953e+14	2.369e-17	3.431e-17
1.9545e+14	2.2445e-17	4.0603e-17
1.956e+14	-9.0707e-18	4.7496e-17
1.9575e+14	9.1619e-18	3.4796e-17
1.959e+14	2.7866e-17	3.3925e-17
1.9605e+14	-1.0641e-18	4.5999e-17
1.9621e+14	4.6863e-19	3.7731e-17
1.9636e+14	3.0234e-17	2.9154e-17
1.9651e+14	1.058e-17	4.3918e-17
1.9666e+14	-7.6314e-18	4.8443e-17
1.9681e+14	2.2981e-17	3.5944e-17
1.9697e+14	2.2737e-17	3.8981e-17
1.9712e+14	-7.4156e-18	4.4524e-17
1.9727e+14	1.035e-17	3.3596e-17
1.9742e+14	2.7391e-17	3.4353e-17
1.9757e+14	-2.1821e-18	4.5853e-17
1.9772e+14	-5.1134e-19	3.6785e-17
1.9788e+14	2.9066e-17	2.8939e-17
1.9803e+14	9.4412e-18	4.5465e-17
1.9818e+14	-8.3654e-18	5.0409e-17
1.9833e+14	2.2113e-17	3.5019e-17
1.9848e+14	2.138e-17	3.548e-17
1.9863e+14	-8.8116e-18	4.3688e-17
1.9879e+14	9.3111e-18	3.588e-17
1.9894e+14	2.6937e-17	3.3721e-17
1.9909e+14	-2.1332e-18	4.3058e-17
1.9924e+14	-8.8372e-19	3.9036e-17
1.9939e+14	2.7799e-17	3.3037e-17
1.9954e+14	8.4105e-18	4.1265e-17
1.997e+14	-8.4201e-18	4.0846e-17
1.9985e+14	2.2019e-17	3.0827e-17
2e+14	2.0789e-17	3.5112e-17
2.0015e+14	-8.5398e-18	3.9487e-17
2.003e+14	1.1139e-17	3.0502e-17
2.0046e+14	2.8857e-17	3.2581e-17
2.0061e+14	-1.4853e-18	4.2753e-17
2.0076e+14	-6.8179e-19	3.5658e-17
2.0091e+14	2.9059e-17	2.9422e-17
2.0106e+14	1.0261e-17	4.0119e-17
2.0121e+14	-7.7212e-18	4.1397e-17
2.0137e+14	2.1469e-17	3.23e-17
2.0152e+14	2.0413e-17	3.6323e-17
2.0167e+14	-8.4127e-18	3.8977e-17
2.0182e+14	1.1151e-17	2.9595e-17
2.0197e+14	2.8966e-17	3.2707e-17
2.0212e+14	-1.1793e-18	4.2267e-17
2.0228e+14	-1.1779e-18	3.4691e-17
2.0243e+14	2.7555e-17	3.1233e-17
2.0258e+14	8.9813e-18	4.3739e-17
2.0273e+14	-8.1295e-18	4.1748e-17
2.0288e+14	2.1528e-17	2.9321e-17
2.0303e+14	2.046e-17	3.5182e-17
2.0319e+14	-9.0475e-18	4.18e-17
2.0334e+14	9.5473e-18	3.3888e-17
2.0349e+14	2.7567e-17	3.548e-17
2.0364e+14	-1.3312e-18	4.1652e-17
2.0379e+14	-8.3096e-19	3.0737e-17
2.0395e+14	2.7504e-17	2.6069e-17
2.041e+14	8.6834e-18	3.8483e-17
2.0425e+14	-8.5769e-18	3.6261e-17
2.044e+14	2.1164e-17	2.6527e-17
2.0455e+14	2.1019e-17	3.8662e-17
2.047e+14	-7.8814e-18	4.7412e-17
2.0486e+14	9.7746e-18	3.2958e-17
2.0501e+14	2.6728e-17	2.8441e-17
2.0516e+14	-2.0793e-18	3.837e-17
2.0531e+14	-1.3965e-18	3.4768e-17
2.0546e+14	2.6718e-17	2.9366e-17
2.0561e+14	8.1518e-18	3.5408e-17
2.0577e+14	-8.6657e-18	3.1775e-17
2.0592e+14	2.0865e-17	2.5127e-17
2.0607e+14	2.0323e-17	3.6195e-17
2.0622e+14	-8.5155e-18	4.0951e-17
2.0637e+14	9.4941e-18	2.8302e-17
2.0653e+14	2.6621e-17	2.9781e-17
2.0668e+14	-2.6709e-18	4.0304e-17
2.0683e+14	-2.6064e-18	3.2184e-17
2.0698e+14	2.6137e-17	2.5863e-17
2.0713e+14	8.7842e-18	3.5473e-17
2.0728e+14	-8.2985e-18	3.3355e-17
2.0744e+14	2.0297e-17	2.4533e-17
2.0759e+14	2.002e-17	3.3138e-17
2.0774e+14	-8.6992e-18	3.6877e-17
2.0789e+14	8.4068e-18	2.4904e-17
2.0804e+14	2.6097e-17	2.793e-17
2.0819e+14	-1.2476e-18	3.8106e-17
2.0835e+14	-1.312e-18	2.8257e-17
2.085e+14	2.5883e-17	2.3547e-17
2.0865e+14	8.7861e-18	3.716e-17
2.088e+14	-7.8524e-18	3.478e-17
2.0895e+14	1.907e-17	2.2313e-17
2.091e+14	1.8056e-17	3.0756e-17
2.0926e+14	-8.6086e-18	3.6185e-17
2.0941e+14	9.655e-18	2.1944e-17
2.0956e+14	2.5978e-17	2.2787e-17
2.0971e+14	-2.1861e-18	3.6686e-17
2.0986e+14	-1.5965e-18	3.0917e-17
2.1002e+14	2.5657e-17	2.4653e-17
2.1017e+14	7.9564e-18	3.6152e-17
2.1032e+14	-8.6432e-18	3.5128e-17
2.1047e+14	1.868e-17	2.2194e-17
2.1062e+14	1.7798e-17	2.6726e-17
2.1077e+14	-8.7777e-18	3.1959e-17
2.1093e+14	9.5893e-18	2.3075e-17
2.1108e+14	2.5896e-17	2.7011e-17
2.1123e+14	-2.2841e-18	3.7895e-17
2.1138e+14	-1.6503e-18	2.853e-17
2.1153e+14	2.5802e-17	2.2103e-17
2.1168e+14	8.521e-18	3.3803e-17
2.1184e+14	-7.8055e-18	3.1864e-17
2.1199e+14	1.9479e-17	2.1325e-17
2.1214e+14	1.8522e-17	3.154e-17
2.1229e+14	-8.4296e-18	3.6868e-17
2.1244e+14	9.0131e-18	1.9974e-17
2.1259e+14	2.4848e-17	1.9296e-17
2.1275e+14	-2.5626e-18	3.5303e-17
2.129e+14	-9.6608e-19	3.0519e-17
2.1305e+14	2.6263e-17	2.1198e-17
2.132e+14	7.7577e-18	3.0607e-17
2.1335e+14	-9.3749e-18	3.0825e-17
2.1351e+14	1.8507e-17	1.9259e-17
2.1366e+14	1.8637e-17	2.5669e-17
2.1381e+14	-8.3742e-18	3.3707e-17
2.1396e+14	8.4041e-18	2.3225e-17
2.1411e+14	2.4491e-17	2.1646e-17
2.1426e+14	-2.7046e-18	3.1792e-17
2.1442e+14	-2.0409e-18	2.6562e-17
2.1457e+14	2.5163e-17	2.1793e-17
2.1472e+14	8.4898e-18	3.3846e-17
2.1487e+14	-7.9672e-18	3.3737e-17
2.1502e+14	1.8498e-17	2.068e-17
2.1517e+14	1.8304e-17	2.4753e-17
2.1533e+14	-7.3961e-18	3.1259e-17
2.1548e+14	9.5229e-18	2.1616e-17
2.1563e+14	2.4729e-17	2.1777e-17
2.1578e+14	-2.2501e-18	3.2927e-17
2.1593e+14	-1.2058e-18	2.7471e-17
2.1608e+14	2.5057e-17	2.0612e-17
2.1624e+14	7.5883e-18	3.014e-17
2.1639e+14	-8.305e-18	2.9955e-17
2.1654e+14	1.8766e-17	1.868e-17
2.1669e+14	1.8128e-17	2.4364e-17
2.1684e+14	-8.4408e-18	3.3371e-17
2.17e+14	8.1882e-18	2.6738e-17
2.1715e+14	2.3887e-17	2.6384e-17
2.173e+14	-2.7406e-18	3.3598e-17
2.1745e+14	-2.1625e-18	2.5536e-17
2.176e+14	2.3927e-17	1.7886e-17
2.1775e+14	7.3949e-18	2.6226e-17
2.1791e+14	-7.9272e-18	2.6874e-17
2.1806e+14	1.856e-17	1.9874e-17
2.1821e+14	1.7755e-17	2.7361e-17
2.1836e+14	-8.1986e-18	3.1952e-17
2.1851e+14	8.4062e-18	2.0711e-17
2.1866e+14	2.3893e-17	2.1419e-17
2.1882e+14	-1.8052e-18	3.1935e-17
2.1897e+14	-4.1289e-19	2.3886e-17
2.1912e+14	2.4899e-17	1.4651e-17
2.1927e+14	7.3915e-18	2.4386e-17
2.1942e+14	-7.7976e-18	2.7404e-17
2.1958e+14	1.8726e-17	1.8043e-17
2.1973e+14	1.7072e-17	2.0471e-17
2.1988e+14	-9.2375e-18	2.5233e-17
2.2003e+14	8.3003e-18	1.8728e-17
2.2018e+14	2.4535e-17	2.0331e-17
2.2033e+14	-1.9711e-18	2.848e-17
2.2049e+14	-1.8237e-18	2.3232e-17
2.2064e+14	2.3691e-17	2.0012e-17
2.2079e+14	7.2441e-18	2.9247e-17
2.2094e+14	-8.0416e-18	2.7177e-17
2.2109e+14	1.7545e-17	1.8033e-17
2.2124e+14	1.6074e-17	2.4659e-17
2.214e+14	-9.0687e-18	2.9027e-17
2.2155e+14	8.9114e-18	1.8564e-17
2.217e+14	2.4735e-17	1.9231e-17
2.2185e+14	-1.9416e-18	2.8557e-17
2.22e+14	-1.5733e-18	2.2344e-17
2.2215e+14	2.387e-17	1.7268e-17
2.2231e+14	6.8738e-18	2.6388e-17
2.2246e+14	-8.5415e-18	2.4877e-17
2.2261e+14	1.8167e-17	1.5857e-17
2.2276e+14	1.7764e-17	2.2867e-17
2.2291e+14	-8.4784e-18	2.7569e-17
2.2307e+14	7.3695e-18	1.6939e-17
2.2322e+14	2.3008e-17	1.8295e-17
2.2337e+14	-2.4476e-18	2.9188e-17
2.2352e+14	-1.9604e-18	2.2793e-17
2.2367e+14	2.3203e-17	1.5708e-17
2.2382e+14	7.0979e-18	2.4747e-17
2.2398e+14	-7.8517e-18	2.5843e-17
2.2413e+14	1.77e-17	1.8042e-17
2.2428e+14	1.6575e-17	2.3668e-17
2.2443e+14	-8.733e-18	2.8241e-17
2.2458e+14	8.1577e-18	1.9467e-17
2.2473e+14	2.3853e-17	2.0249e-17
2.2489e+14	-2.1094e-18	2.7773e-17
2.2504e+14	-2.0713e-18	2.0869e-17
2.2519e+14	2.3232e-17	1.7244e-17
2.2534e+14	7.568e-18	2.7459e-17
2.2549e+14	-7.6831e-18	2.496e-17
2.2564e+14	1.7304e-17	1.4166e-17
2.258e+14	1.6645e-17	2.0444e-17
2.2595e+14	-8.2654e-18	2.5553e-17
2.261e+14	7.4126e-18	1.5167e-17
2.2625e+14	2.1952e-17	1.5481e-17
2.264e+14	-3.2224e-18	2.495e-17
2.2656e+14	-1.944e-18	1.9201e-17
2.2671e+14	2.3287e-17	1.4758e-17
2.2686e+14	7.1345e-18	2.4542e-17
2.2701e+14	-7.766e-18	2.2638e-17
2.2716e+14	1.8074e-17	1.2043e-17
2.2731e+14	1.7846e-17	1.8573e-17
2.2747e+14	-7.3181e-18	2.5053e-17
2.2762e+14	8.1793e-18	1.5747e-17
2.2777e+14	2.3116e-17	1.5469e-17
2.2792e+14	-2.1541e-18	2.4024e-17
2.2807e+14	-1.9827e-18	1.8268e-17
2.2822e+14	2.2874e-17	1.3708e-17
2.2838e+14	7.561e-18	2.275e-17
2.2853e+14	-7.5454e-18	2.0999e-17
2.2868e+14	1.6765e-17	1.2145e-17
2.2883e+14	1.6028e-17	1.9941e-17
2.2898e+14	-8.6914e-18	2.5171e-17
2.2914e+14	6.4911e-18	1.3667e-17
2.2929e+14	2.1323e-17	1.3519e-17
2.2944e+14	-2.7494e-18	2.3873e-17
2.2959e+14	-1.9222e-18	1.7823e-17
2.2974e+14	2.219e-17	1.1436e-17
2.2989e+14	6.5635e-18	2.1464e-17
2.3005e+14	-7.9759e-18	2.2597e-17
2.302e+14	1.6594e-17	1.3544e-17
2.3035e+14	1.5993e-17	1.9112e-17
2.305e+14	-8.2772e-18	2.4636e-17
2.3065e+14	6.9704e-18	1.4276e-17
2.308e+14	2.1563e-17	1.3062e-17
2.3096e+14	-2.4279e-18	2.3449e-17
2.3111e+14	-1.79e-18	2.0034e-17
2.3126e+14	2.1696e-17	1.3673e-17
2.3141e+14	6.2048e-18	2.0527e-17
2.3156e+14	-7.4633e-18	2.0957e-17
2.3171e+14	1.7418e-17	1.2825e-17
2.3187e+14	1.6691e-17	1.6383e-17
2.3202e+14	-7.3595e-18	2.1077e-17
2.3217e+14	7.8772e-18	1.5255e-17
2.3232e+14	2.1748e-17	1.6755e-17
2.3247e+14	-2.7133e-18	2.3202e-17
2.3263e+14	-1.6482e-18	1.691e-17
2.3278e+14	2.2368e-17	1.2883e-17
2.3293e+14	6.6048e-18	2.0785e-17
2.3308e+14	-7.9385e-18	1.9656e-17
2.3323e+14	1.6394e-17	1.293e-17
2.3338e+14	1.5883e-17	1.8949e-17
2.3354e+14	-7.6345e-18	2.1995e-17
2.3369e+14	8.0117e-18	1.4196e-17
2.3384e+14	2.2095e-17	1.7249e-17
2.3399e+14	-2.5382e-18	2.4124e-17
2.3414e+14	-1.8161e-18	1.5813e-17
2.3429e+14	2.2445e-17	1.2795e-17
2.3445e+14	7.2226e-18	2.3341e-17
2.346e+14	-7.6146e-18	2.0234e-17
2.3475e+14	1.5873e-17	1.0223e-17
2.349e+14	1.5023e-17	1.8057e-17
2.3505e+14	-8.5317e-18	2.3767e-17
2.352e+14	7.1524e-18	1.3865e-17
2.3536e+14	2.1924e-17	1.4401e-17
2.3551e+14	-1.9943e-18	2.2235e-17
2.3566e+14	-1.6542e-18	1.429e-17
2.3581e+14	2.1981e-17	9.4366e-18
2.3596e+14	6.8945e-18	1.9991e-17
2.3612e+14	-7.7918e-18	1.8912e-17
2.3627e+14	1.585e-17	9.4115e-18
2.3642e+14	1.5951e-17	1.6358e-17
2.3657e+14	-7.1962e-18	2.1579e-17
2.3672e+14	7.1157e-18	1.1416e-17
2.3687e+14	2.0837e-17	1.2683e-17
2.3703e+14	-2.2581e-18	2.3013e-17
2.3718e+14	-1.1079e-18	1.6576e-17
2.3733e+14	2.231e-17	1.0505e-17
2.3748e+14	7.33e-18	1.9974e-17
2.3763e+14	-7.1013e-18	1.9362e-17
2.3778e+14	1.5733e-17	9.679e-18
2.3794e+14	1.5004e-17	1.5661e-17
2.3809e+14	-7.6873e-18	2.0588e-17
2.3824e+14	7.3899e-18	9.6786e-18
2.3839e+14	2.119e-17	9.5149e-18
2.3854e+14	-2.1012e-18	2.0343e-17
2.3869e+14	-1.2136e-18	1.5867e-17
2.3885e+14	2.1833e-17	9.9817e-18
2.39e+14	6.885e-18	1.8718e-17
2.3915e+14	-6.9848e-18	1.9005e-17
2.393e+14	1.6319e-17	1.0154e-17
2.3945e+14	1.5617e-17	1.5419e-17
2.3961e+14	-7.3301e-18	2.0566e-17
2.3976e+14	7.5101e-18	1.1071e-17
2.3991e+14	2.1239e-17	1.0438e-17
2.4006e+14	-2.2717e-18	1.9661e-17
2.4021e+14	-1.8777e-18	1.5834e-17
2.4036e+14	2.1056e-17	1.17e-17
2.4052e+14	6.5195e-18	2.0104e-17
2.4067e+14	-7.1989e-18	1.8818e-17
2.4082e+14	1.6054e-17	9.317e-18
2.4097e+14	1.5709e-17	1.4433e-17
2.4112e+14	-7.1469e-18	1.9317e-17
2.4127e+14	7.0095e-18	1.0174e-17
2.4143e+14	2.0486e-17	1.0322e-17
2.4158e+14	-2.4215e-18	1.9396e-17
2.4173e+14	-1.8733e-18	1.4006e-17
2.4188e+14	2.0653e-17	8.1609e-18
2.4203e+14	6.2631e-18	1.6784e-17
2.4219e+14	-7.0742e-18	1.815e-17
2.4234e+14	1.5959e-17	1.1296e-17
2.4249e+14	1.5396e-17	1.6644e-17
2.4264e+14	-7.1066e-18	2.0309e-17
2.4279e+14	7.4625e-18	1.0816e-17
2.4294e+14	2.1143e-17	1.1684e-17
2.431e+14	-1.6941e-18	2.1291e-17
2.4325e+14	-1.4307e-18	1.5643e-17
2.434e+14	2.0565e-17	8.8967e-18
2.4355e+14	5.8059e-18	1.6225e-17
2.437e+14	-7.7196e-18	1.6079e-17
2.4385e+14	1.5382e-17	8.1066e-18
2.4401e+14	1.5184e-17	1.4007e-17
2.4416e+14	-7.275e-18	1.9791e-17
2.4431e+14	6.8932e-18	1.1314e-17
2.4446e+14	2.0562e-17	1.082e-17
2.4461e+14	-1.9157e-18	1.9274e-17
2.4476e+14	-1.5804e-18	1.4151e-17
2.4492e+14	2.0673e-17	7.5318e-18
2.4507e+14	6.6188e-18	1.436e-17
2.4522e+14	-6.8648e-18	1.5196e-17
2.4537e+14	1.5553e-17	8.2966e-18
2.4552e+14	1.5227e-17	1.2922e-17
2.4568e+14	-6.9145e-18	1.7823e-17
2.4583e+14	7.1794e-18	1.1306e-17
2.4598e+14	2.0783e-17	1.1739e-17
2.4613e+14	-1.722e-18	1.7874e-17
2.4628e+14	-2.0473e-18	1.1881e-17
2.4643e+14	1.9767e-17	7.8891e-18
2.4659e+14	6.3019e-18	1.6163e-17
2.4674e+14	-6.9704e-18	1.5444e-17
2.4689e+14	1.4827e-17	7.5102e-18
2.4704e+14	1.4757e-17	1.2398e-17
2.4719e+14	-6.5365e-18	1.6582e-17
2.4734e+14	7.0559e-18	9.0543e-18
2.475e+14	1.9697e-17	1.008e-17
2.4765e+14	-2.2012e-18	1.7392e-17
2.478e+14	-1.2225e-18	1.1891e-17
2.4795e+14	2.0946e-17	8.4054e-18
2.481e+14	7.111e-18	1.7479e-17
2.4825e+14	-6.7964e-18	1.7322e-17
2.4841e+14	1.4279e-17	9.7519e-18
2.4856e+14	1.4059e-17	1.439e-17
2.4871e+14	-7.0127e-18	1.7061e-17
2.4886e+14	6.455e-18	8.0043e-18
2.4901e+14	1.9388e-17	8.9473e-18
2.4917e+14	-1.5061e-18	1.666e-17
2.4932e+14	-6.9799e-19	1.102e-17
2.4947e+14	1.9945e-17	7.5924e-18
2.4962e+14	5.9994e-18	1.6637e-17
2.4977e+14	-6.1245e-18	1.5291e-17
2.4992e+14	1.5859e-17	6.9863e-18
2.5008e+14	1.4977e-17	1.3294e-17
2.5023e+14	-6.3302e-18	1.8023e-17
2.5038e+14	7.6191e-18	9.003e-18
2.5053e+14	2.0235e-17	9.3898e-18
2.5068e+14	-1.7377e-18	1.7338e-17
2.5083e+14	-1.2928e-18	1.136e-17
2.5099e+14	1.9959e-17	6.9171e-18
2.5114e+14	6.3215e-18	1.5818e-17
2.5129e+14	-6.4042e-18	1.4452e-17
2.5144e+14	1.5085e-17	5.262e-18
2.5159e+14	1.4527e-17	1.1801e-17
2.5175e+14	-6.5527e-18	1.8304e-17
2.519e+14	6.9864e-18	9.4035e-18
2.5205e+14	1.9587e-17	8.057e-18
2.522e+14	-1.7074e-18	1.606e-17
2.5235e+14	-1.0547e-18	1.1808e-17
2.525e+14	1.9786e-17	7.4043e-18
2.5266e+14	6.027e-18	1.5255e-17
2.5281e+14	-6.7624e-18	1.4221e-17
2.5296e+14	1.4216e-17	5.3906e-18
2.5311e+14	1.3554e-17	1.0827e-17
2.5326e+14	-6.7507e-18	1.6892e-17
2.5341e+14	7.3412e-18	9.1345e-18
2.5357e+14	1.9597e-17	8.2655e-18
2.5372e+14	-2.2337e-18	1.5522e-17
2.5387e+14	-1.6364e-18	1.0907e-17
2.5402e+14	1.9616e-17	6.7129e-18
2.5417e+14	6.4351e-18	1.4881e-17
2.5432e+14	-5.9942e-18	1.4563e-17
2.5448e+14	1.4933e-17	6.0413e-18
2.5463e+14	1.3888e-17	1.0232e-17
2.5478e+14	-6.9327e-18	1.4819e-17
2.5493e+14	6.9738e-18	7.3467e-18
2.5508e+14	1.965e-17	8.1542e-18
2.5524e+14	-1.8184e-18	1.6892e-17
2.5539e+14	-1.4342e-18	1.2497e-17
2.5554e+14	1.9699e-17	7.0309e-18
2.5569e+14	6.7975e-18	1.3857e-17
2.5584e+14	-5.6448e-18	1.3877e-17
2.5599e+14	1.5155e-17	6.3703e-18
2.5615e+14	1.4521e-17	1.0309e-17
2.563e+14	-6.1964e-18	1.4338e-17
2.5645e+14	6.8791e-18	7.369e-18
2.566e+14	1.9247e-17	8.0753e-18
2.5675e+14	-1.2926e-18	1.5019e-17
2.569e+14	-3.7428e-19	9.5018e-18
2.5706e+14	2.0129e-17	5.1208e-18
2.5721e+14	6.6971e-18	1.3359e-17
2.5736e+14	-5.6316e-18	1.3559e-17
2.5751e+14	1.5161e-17	5.875e-18
2.5766e+14	1.4161e-17	1.0212e-17
2.5781e+14	-6.7521e-18	1.4868e-17
2.5797e+14	6.706e-18	8.1565e-18
2.5812e+14	1.9741e-17	8.7546e-18
2.5827e+14	-8.3277e-19	1.577e-17
2.5842e+14	-8.2488e-19	1.0736e-17
2.5857e+14	1.9284e-17	6.5604e-18
2.5873e+14	6.5119e-18	1.4255e-17
2.5888e+14	-5.4625e-18	1.3775e-17
2.5903e+14	1.5048e-17	5.6485e-18
2.5918e+14	1.4405e-17	9.3459e-18
2.5933e+14	-5.698e-18	1.3283e-17
2.5948e+14	7.6426e-18	6.4582e-18
2.5964e+14	1.992e-17	7.4808e-18
2.5979e+14	-9.1261e-19	1.4912e-17
2.5994e+14	-8.0069e-19	9.9777e-18
2.6009e+14	1.9178e-17	5.3361e-18
2.6024e+14	5.9946e-18	1.2333e-17
2.6039e+14	-6.4142e-18	1.2055e-17
2.6055e+14	1.4302e-17	5.1477e-18
2.607e+14	1.4681e-17	9.7045e-18
2.6085e+14	-4.9355e-18	1.3494e-17
2.61e+14	7.5631e-18	6.1156e-18
2.6115e+14	1.912e-17	6.5315e-18
2.6131e+14	-1.2333e-18	1.3662e-17
2.6146e+14	-4.0008e-19	9.4449e-18
2.6161e+14	1.9745e-17	5.9467e-18
2.6176e+14	6.3727e-18	1.3053e-17
2.6191e+14	-6.5078e-18	1.227e-17
2.6206e+14	1.3779e-17	5.6361e-18
2.6222e+14	1.4254e-17	1.0545e-17
2.6237e+14	-5.2813e-18	1.3398e-17
2.6252e+14	6.9148e-18	4.814e-18
2.6267e+14	1.8618e-17	5.4274e-18
2.6282e+14	-1.2641e-18	1.3537e-17
2.6297e+14	-6.9939e-19	9.5371e-18
2.6313e+14	1.9209e-17	5.4524e-18
2.6328e+14	6.7544e-18	1.2003e-17
2.6343e+14	-5.4818e-18	1.0954e-17
2.6358e+14	1.3931e-17	4.2307e-18
2.6373e+14	1.3442e-17	9.4028e-18
2.6388e+14	-6.0921e-18	1.315e-17
2.6404e+14	6.4177e-18	5.7139e-18
2.6419e+14	1.8654e-17	6.6033e-18
2.6434e+14	-5.3012e-19	1.3642e-17
2.6449e+14	-1.7406e-19	8.5153e-18
2.6464e+14	1.8894e-17	4.6881e-18
2.648e+14	6.5062e-18	1.2216e-17
2.6495e+14	-5.1155e-18	1.1148e-17
2.651e+14	1.4314e-17	3.4276e-18
2.6525e+14	1.3967e-17	8.1894e-18
2.654e+14	-4.9188e-18	1.2629e-17
2.6555e+14	7.4048e-18	5.8976e-18
2.6571e+14	1.8624e-17	6.7336e-18
2.6586e+14	-9.762e-19	1.3413e-17
2.6601e+14	-6.6647e-19	8.1696e-18
2.6616e+14	1.7904e-17	4.3921e-18
2.6631e+14	5.4636e-18	1.2127e-17
2.6646e+14	-5.2818e-18	1.174e-17
2.6662e+14	1.4589e-17	4.8316e-18
2.6677e+14	1.3641e-17	9.3892e-18
2.6692e+14	-5.8235e-18	1.2436e-17
2.6707e+14	6.5448e-18	4.694e-18
2.6722e+14	1.8085e-17	5.8316e-18
2.6737e+14	-1.1466e-18	1.2715e-17
2.6753e+14	-4.8108e-19	6.4396e-18
2.6768e+14	1.8275e-17	1.9197e-18
2.6783e+14	5.754e-18	1.0556e-17
2.6798e+14	-5.3003e-18	1.1114e-17
2.6813e+14	1.4372e-17	3.7303e-18
2.6829e+14	1.3699e-17	7.8948e-18
2.6844e+14	-5.41e-18	1.1732e-17
2.6859e+14	6.8337e-18	4.3873e-18
2.6874e+14	1.821e-17	5.0826e-18
2.6889e+14	-7.2534e-19	1.2681e-17
2.6904e+14	6.6152e-20	8.1444e-18
2.692e+14	1.8397e-17	3.6323e-18
2.6935e+14	5.7349e-18	1.0435e-17
2.695e+14	-4.8419e-18	1.0162e-17
2.6965e+14	1.5022e-17	3.6814e-18
2.698e+14	1.3946e-17	8.6728e-18
2.6995e+14	-5.3091e-18	1.2612e-17
2.7011e+14	7.246e-18	5.231e-18
2.7026e+14	1.8427e-17	5.6012e-18
2.7041e+14	-1.3927e-18	1.2436e-17
2.7056e+14	-8.1484e-19	7.4488e-18
2.7071e+14	1.8638e-17	3.1895e-18
2.7086e+14	6.9565e-18	1.0359e-17
2.7102e+14	-4.1183e-18	9.9466e-18
2.7117e+14	1.4653e-17	2.9005e-18
2.7132e+14	1.323e-17	7.6078e-18
2.7147e+14	-5.7241e-18	1.1937e-17
2.7162e+14	7.3052e-18	4.8463e-18
2.7178e+14	1.9049e-17	4.8129e-18
2.7193e+14	-5.2421e-19	1.1628e-17
2.7208e+14	-2.4452e-19	7.7389e-18
2.7223e+14	1.8746e-17	4.2215e-18
2.7238e+14	6.3747e-18	1.0787e-17
2.7253e+14	-5.5776e-18	9.8715e-18
2.7269e+14	1.342e-17	3.2379e-18
2.7284e+14	1.3476e-17	7.981e-18
2.7299e+14	-5.0695e-18	1.1791e-17
2.7314e+14	6.6183e-18	5.0369e-18
2.7329e+14	1.7742e-17	5.6992e-18
2.7344e+14	-9.4412e-19	1.176e-17
2.736e+14	-2.8659e-19	6.4976e-18
2.7375e+14	1.8339e-17	3.2455e-18
2.739e+14	6.4515e-18	1.111e-17
2.7405e+14	-4.6491e-18	1.0323e-17
2.742e+14	1.4089e-17	2.9362e-18
2.7436e+14	1.3417e-17	7.6793e-18
2.7451e+14	-5.0859e-18	1.1863e-17
2.7466e+14	7.024e-18	4.8204e-18
2.7481e+14	1.8162e-17	5.2591e-18
2.7496e+14	-7.2108e-19	1.1688e-17
2.7511e+14	1.5061e-19	6.1967e-18
2.7527e+14	1.9359e-17	2.0521e-18
2.7542e+14	7.3897e-18	1.013e-17
2.7557e+14	-4.87e-18	1.0472e-17
2.7572e+14	1.3207e-17	2.9293e-18
2.7587e+14	1.3379e-17	6.5195e-18
2.7602e+14	-4.5365e-18	1.0757e-17
2.7618e+14	6.839e-18	4.4813e-18
2.7633e+14	1.784e-17	4.6107e-18
2.7648e+14	5.6529e-20	1.0755e-17
2.7663e+14	9.2445e-19	6.3921e-18
2.7678e+14	1.8651e-17	2.7862e-18
2.7693e+14	6.341e-18	9.2778e-18
2.7709e+14	-4.6558e-18	8.362e-18
2.7724e+14	1.393e-17	1.9624e-18
2.7739e+14	1.3272e-17	7.1913e-18
2.7754e+14	-5.0254e-18	1.1374e-17
2.7769e+14	6.9625e-18	4.1625e-18
2.7785e+14	1.8114e-17	4.0877e-18
2.78e+14	-7.0049e-19	1.0757e-17
2.7815e+14	-7.134e-19	6.7584e-18
2.783e+14	1.7478e-17	3.0431e-18
2.7845e+14	5.9558e-18	9.4562e-18
2.786e+14	-5.2479e-18	8.8341e-18
2.7876e+14	1.2989e-17	2.4415e-18
2.7891e+14	1.285e-17	6.8837e-18
2.7906e+14	-5.0762e-18	1.0474e-17
2.7921e+14	6.6137e-18	3.754e-18
2.7936e+14	1.8113e-17	4.2266e-18
2.7951e+14	3.1071e-19	1.0416e-17
2.7967e+14	3.4265e-19	5.8769e-18
2.7982e+14	1.7684e-17	2.686e-18
2.7997e+14	5.8455e-18	9.8004e-18
2.8012e+14	-5.021e-18	8.821e-18
2.8027e+14	1.3723e-17	1.6505e-18
2.8042e+14	1.4143e-17	6.2247e-18
2.8058e+14	-3.9143e-18	1.0648e-17
2.8073e+14	6.6014e-18	4.2262e-18
2.8088e+14	1.7174e-17	4.3291e-18
2.8103e+14	-5.547e-19	1.0466e-17
2.8118e+14	-1.6963e-19	6.312e-18
2.8134e+14	1.7763e-17	3.0038e-18
2.8149e+14	6.9671e-18	9.5059e-18
2.8164e+14	-3.586e-18	8.5585e-18
2.8179e+14	1.4241e-17	2.1242e-18
2.8194e+14	1.3928e-17	6.865e-18
2.8209e+14	-4.0399e-18	1.0563e-17
2.8225e+14	6.7063e-18	3.6439e-18
2.824e+14	1.7603e-17	4.0488e-18
2.8255e+14	1.684e-19	1.0588e-17
2.827e+14	3.5211e-20	6.3137e-18
2.8285e+14	1.7211e-17	2.6054e-18
2.83e+14	6.637e-18	8.9462e-18
2.8316e+14	-3.402e-18	8.2242e-18
2.8331e+14	1.4332e-17	2.1087e-18
2.8346e+14	1.4188e-17	6.8424e-18
2.8361e+14	-3.0932e-18	1.0189e-17
2.8376e+14	7.7875e-18	3.154e-18
2.8392e+14	1.8494e-17	4.0765e-18
2.8407e+14	1.3866e-18	1.1108e-17
2.8422e+14	1.3032e-18	6.4651e-18
2.8437e+14	1.7662e-17	2.1943e-18
2.8452e+14	6.4669e-18	9.004e-18
2.8467e+14	-3.6855e-18	9.077e-18
2.8483e+14	1.361e-17	2.5239e-18
2.8498e+14	1.3028e-17	6.343e-18
2.8513e+14	-3.8732e-18	9.9925e-18
2.8528e+14	7.5312e-18	3.5098e-18
2.8543e+14	1.8005e-17	3.4893e-18
2.8558e+14	4.4304e-19	9.3636e-18
2.8574e+14	5.368e-19	5.2366e-18
2.8589e+14	1.7498e-17	1.8873e-18
2.8604e+14	6.5944e-18	8.3383e-18
2.8619e+14	-3.5941e-18	8.0054e-18
2.8634e+14	1.4004e-17	2.3432e-18
2.8649e+14	1.3858e-17	7.0974e-18
2.8665e+14	-3.6053e-18	1.0478e-17
2.868e+14	6.5829e-18	3.3759e-18
2.8695e+14	1.6916e-17	3.3757e-18
2.871e+14	1.6768e-19	9.5655e-18
2.8725e+14	4.5897e-19	5.4755e-18
2.8741e+14	1.7225e-17	1.9176e-18
2.8756e+14	6.4624e-18	8.1344e-18
2.8771e+14	-4.2954e-18	7.5291e-18
2.8786e+14	1.215e-17	1.4355e-18
2.8801e+14	1.2576e-17	5.8498e-18
2.8816e+14	-2.9742e-18	9.5394e-18
2.8832e+14	7.4055e-18	3.3073e-18
2.8847e+14	1.6495e-17	3.8935e-18
2.8862e+14	-8.1109e-20	1.006e-17
2.8877e+14	1.2954e-18	5.8116e-18
2.8892e+14	1.7936e-17	2.1484e-18
2.8907e+14	6.9381e-18	8.1782e-18
2.8923e+14	-2.8512e-18	7.5723e-18
2.8938e+14	1.367e-17	1.8206e-18
2.8953e+14	1.2172e-17	6.3659e-18
2.8968e+14	-4.417e-18	9.6271e-18
2.8983e+14	7.4298e-18	2.9435e-18
2.8998e+14	1.7797e-17	3.5643e-18
2.9014e+14	4.2654e-19	9.9799e-18
2.9029e+14	8.4852e-19	5.8088e-18
2.9044e+14	1.7634e-17	2.2517e-18
2.9059e+14	6.3268e-18	8.599e-18
2.9074e+14	-4.3607e-18	7.9852e-18
2.909e+14	1.2844e-17	1.5721e-18
2.9105e+14	1.3176e-17	5.6891e-18
2.912e+14	-3.4108e-18	9.4017e-18
2.9135e+14	6.85e-18	2.9989e-18
2.915e+14	1.6977e-17	2.9951e-18
2.9165e+14	5.5109e-19	9.1787e-18
2.9181e+14	9.102e-19	5.8789e-18
2.9196e+14	1.7272e-17	2.7384e-18
2.9211e+14	6.6288e-18	8.3847e-18
2.9226e+14	-3.6088e-18	7.5187e-18
2.9241e+14	1.2843e-17	1.68e-18
2.9256e+14	1.2835e-17	5.7846e-18
2.9272e+14	-2.9251e-18	9.0484e-18
2.9287e+14	7.9428e-18	3.0374e-18
2.9302e+14	1.7841e-17	3.5718e-18
2.9317e+14	1.002e-18	9.2045e-18
2.9332e+14	1.1667e-18	5.1699e-18
2.9347e+14	1.7719e-17	2.1876e-18
2.9363e+14	7.419e-18	8.2112e-18
2.9378e+14	-3.0544e-18	7.5036e-18
2.9393e+14	1.288e-17	2.0927e-18
2.9408e+14	1.296e-17	6.462e-18
2.9423e+14	-2.8571e-18	9.1342e-18
2.9439e+14	7.0549e-18	2.5341e-18
2.9454e+14	1.6684e-17	3.3502e-18
2.9469e+14	1.0575e-18	9.3336e-18
2.9484e+14	1.7379e-18	5.0127e-18
2.9499e+14	1.7178e-17	1.7245e-18
2.9514e+14	6.3136e-18	7.7806e-18
2.953e+14	-3.3015e-18	6.9657e-18
2.9545e+14	1.3174e-17	1.2466e-18
2.956e+14	1.2852e-17	5.5442e-18
2.9575e+14	-3.2017e-18	8.5394e-18
2.959e+14	6.8695e-18	2.5386e-18
2.9605e+14	1.6378e-17	3.7648e-18
2.9621e+14	3.6305e-19	9.3263e-18
2.9636e+14	9.6391e-19	4.2469e-18
2.9651e+14	1.6843e-17	1.2324e-18
2.9666e+14	6.4755e-18	8.2777e-18
2.9681e+14	-3.174e-18	7.4258e-18
2.9697e+14	1.2921e-17	8.6325e-19
2.9712e+14	1.2523e-17	5.2504e-18
2.9727e+14	-3.3203e-18	8.8496e-18
2.9742e+14	6.9288e-18	2.45e-18
2.9757e+14	1.6742e-17	3.2372e-18
2.9772e+14	1.0031e-18	9.6362e-18
2.9788e+14	1.3048e-18	5.0403e-18
2.9803e+14	1.673e-17	9.0583e-19
2.9818e+14	6.6179e-18	7.2648e-18
2.9833e+14	-2.4283e-18	7.246e-18
2.9848e+14	1.3792e-17	9.7556e-19
2.9863e+14	1.3109e-17	4.56e-18
2.9879e+14	-3.122e-18	8.2167e-18
2.9894e+14	6.6834e-18	2.5455e-18
2.9909e+14	1.6297e-17	2.9138e-18
2.9924e+14	8.28e-19	8.6565e-18
2.9939e+14	1.6189e-18	4.8064e-18
2.9954e+14	1.7378e-17	1.4363e-18
2.997e+14	6.9225e-18	7.2777e-18
2.9985e+14	-3.1977e-18	7.0375e-18
3e+14	1.2654e-17	1.5733e-18
