#Error on normalization	O = 1.090 %	H = 2.675 %
#Frequence (s-1)	S_O (s)	S_H (s)
0	1.1173e-15	6.0019e-15
2.443e+11	8.9697e-16	6.2217e-15
4.886e+11	9.0225e-16	6.5169e-15
7.329e+11	1.8436e-15	6.6409e-15
9.772e+11	3.7773e-15	6.9781e-15
1.2215e+12	6.995e-15	7.4859e-15
1.4658e+12	1.1261e-14	7.6512e-15
1.7101e+12	1.5464e-14	7.7779e-15
1.9544e+12	1.9237e-14	8.5899e-15
2.1987e+12	2.2804e-14	9.622e-15
2.443e+12	2.5698e-14	9.7542e-15
2.6873e+12	2.6886e-14	9.1476e-15
2.9316e+12	2.5782e-14	9.0851e-15
3.1759e+12	2.558e-14	1.0023e-14
3.4202e+12	3.3449e-14	1.1076e-14
3.6645e+12	4.8857e-14	1.1512e-14
3.9088e+12	5.8737e-14	1.1685e-14
4.1531e+12	5.7857e-14	1.202e-14
4.3974e+12	5.9151e-14	1.2148e-14
4.6417e+12	6.8344e-14	1.1948e-14
4.886e+12	7.3151e-14	1.2235e-14
5.1303e+12	7.093e-14	1.3235e-14
5.3746e+12	7.354e-14	1.3891e-14
5.6189e+12	7.8912e-14	1.3798e-14
5.8632e+12	7.5526e-14	1.3802e-14
6.1075e+12	6.8581e-14	1.4067e-14
6.3518e+12	6.6625e-14	1.403e-14
6.5961e+12	6.3941e-14	1.4054e-14
6.8404e+12	6.1238e-14	1.4467e-14
7.0847e+12	6.7438e-14	1.4401e-14
7.329e+12	7.2064e-14	1.3886e-14
7.5733e+12	6.1749e-14	1.4286e-14
7.8176e+12	5.2916e-14	1.5137e-14
8.0619e+12	6.0572e-14	1.4613e-14
8.3062e+12	6.6152e-14	1.3464e-14
8.5505e+12	5.6965e-14	1.3747e-14
8.7948e+12	5.1018e-14	1.4715e-14
9.0391e+12	5.7195e-14	1.4608e-14
9.2834e+12	6.2857e-14	1.4113e-14
9.5277e+12	6.4782e-14	1.4289e-14
9.772e+12	6.5366e-14	1.4456e-14
1.0016e+13	5.8341e-14	1.4471e-14
1.0261e+13	5.1045e-14	1.5336e-14
1.0505e+13	5.9596e-14	1.6905e-14
1.0749e+13	7.0154e-14	1.8064e-14
1.0993e+13	5.9968e-14	1.8278e-14
1.1238e+13	4.5656e-14	1.7365e-14
1.1482e+13	5.1941e-14	1.5873e-14
1.1726e+13	6.3677e-14	1.544e-14
1.1971e+13	5.9945e-14	1.6319e-14
1.2215e+13	5.1603e-14	1.6637e-14
1.2459e+13	5.1057e-14	1.5982e-14
1.2704e+13	5.2991e-14	1.6057e-14
1.2948e+13	5.6275e-14	1.6884e-14
1.3192e+13	6.171e-14	1.681e-14
1.3436e+13	5.9674e-14	1.5979e-14
1.3681e+13	5.0927e-14	1.5776e-14
1.3925e+13	5.0405e-14	1.6201e-14
1.4169e+13	5.6751e-14	1.6534e-14
1.4414e+13	5.6351e-14	1.6649e-14
1.4658e+13	5.2197e-14	1.6618e-14
1.4902e+13	5.1352e-14	1.6702e-14
1.5147e+13	4.6456e-14	1.7145e-14
1.5391e+13	3.7619e-14	1.7316e-14
1.5635e+13	3.7357e-14	1.6808e-14
1.5879e+13	4.116e-14	1.6596e-14
1.6124e+13	3.4827e-14	1.6999e-14
1.6368e+13	2.6544e-14	1.6876e-14
1.6612e+13	3.0067e-14	1.6272e-14
1.6857e+13	3.5169e-14	1.6335e-14
1.7101e+13	2.984e-14	1.6545e-14
1.7345e+13	2.329e-14	1.6022e-14
1.759e+13	2.328e-14	1.589e-14
1.7834e+13	2.2901e-14	1.6748e-14
1.8078e+13	2.0149e-14	1.7069e-14
1.8322e+13	2.0391e-14	1.6495e-14
1.8567e+13	2.1449e-14	1.6453e-14
1.8811e+13	1.9452e-14	1.682e-14
1.9055e+13	1.7821e-14	1.6593e-14
1.93e+13	1.7231e-14	1.6673e-14
1.9544e+13	1.4027e-14	1.778e-14
1.9788e+13	1.1405e-14	1.8273e-14
2.0033e+13	1.3618e-14	1.7321e-14
2.0277e+13	1.5347e-14	1.6603e-14
2.0521e+13	1.2428e-14	1.6847e-14
2.0765e+13	1.0249e-14	1.6706e-14
2.101e+13	1.1357e-14	1.5976e-14
2.1254e+13	1.105e-14	1.5936e-14
2.1498e+13	9.0271e-15	1.6393e-14
2.1743e+13	9.1974e-15	1.6094e-14
2.1987e+13	1.0138e-14	1.5529e-14
2.2231e+13	8.9526e-15	1.5888e-14
2.2476e+13	7.8177e-15	1.6349e-14
2.272e+13	8.2177e-15	1.5826e-14
2.2964e+13	7.892e-15	1.5575e-14
2.3208e+13	6.7526e-15	1.6513e-14
2.3453e+13	6.6273e-15	1.6732e-14
2.3697e+13	6.5799e-15	1.5407e-14
2.3941e+13	5.6453e-15	1.5076e-14
2.4186e+13	5.3588e-15	1.6427e-14
2.443e+13	5.6944e-15	1.6419e-14
2.4674e+13	4.9649e-15	1.4612e-14
2.4919e+13	4.034e-15	1.4378e-14
2.5163e+13	4.3769e-15	1.5891e-14
2.5407e+13	4.7302e-15	1.5786e-14
2.5651e+13	4.1981e-15	1.4174e-14
2.5896e+13	4.0206e-15	1.4036e-14
2.614e+13	4.2667e-15	1.5e-14
2.6384e+13	3.8832e-15	1.4777e-14
2.6629e+13	3.4302e-15	1.3996e-14
2.6873e+13	3.6129e-15	1.4243e-14
2.7117e+13	3.667e-15	1.4882e-14
2.7362e+13	3.4435e-15	1.4964e-14
2.7606e+13	3.5858e-15	1.4787e-14
2.785e+13	3.6102e-15	1.4645e-14
2.8094e+13	3.0734e-15	1.4614e-14
2.8339e+13	2.8045e-15	1.4726e-14
2.8583e+13	2.9722e-15	1.4409e-14
2.8827e+13	2.8327e-15	1.3553e-14
2.9072e+13	2.6337e-15	1.3255e-14
2.9316e+13	2.823e-15	1.3693e-14
2.956e+13	2.8228e-15	1.3674e-14
2.9805e+13	2.5927e-15	1.3314e-14
3.0049e+13	2.8121e-15	1.3722e-14
3.0293e+13	3.0523e-15	1.4288e-14
3.0537e+13	2.6744e-15	1.3865e-14
3.0782e+13	2.3957e-15	1.3233e-14
3.1026e+13	2.6422e-15	1.3422e-14
3.127e+13	2.6779e-15	1.3781e-14
3.1515e+13	2.4354e-15	1.3568e-14
3.1759e+13	2.4221e-15	1.3073e-14
3.2003e+13	2.2682e-15	1.2606e-14
3.2248e+13	1.8099e-15	1.2366e-14
3.2492e+13	1.826e-15	1.2718e-14
3.2736e+13	2.23e-15	1.3314e-14
3.298e+13	2.099e-15	1.3222e-14
3.3225e+13	1.695e-15	1.2535e-14
3.3469e+13	1.8013e-15	1.2324e-14
3.3713e+13	2.0283e-15	1.2776e-14
3.3958e+13	1.8923e-15	1.2847e-14
3.4202e+13	1.8375e-15	1.2126e-14
3.4446e+13	1.9803e-15	1.1765e-14
3.4691e+13	1.8204e-15	1.2579e-14
3.4935e+13	1.4744e-15	1.3396e-14
3.5179e+13	1.4795e-15	1.2941e-14
3.5423e+13	1.7476e-15	1.2026e-14
3.5668e+13	1.8579e-15	1.1814e-14
3.5912e+13	1.7561e-15	1.1771e-14
3.6156e+13	1.6312e-15	1.1387e-14
3.6401e+13	1.5994e-15	1.1425e-14
3.6645e+13	1.6156e-15	1.2004e-14
3.6889e+13	1.5597e-15	1.2237e-14
3.7134e+13	1.4609e-15	1.2051e-14
3.7378e+13	1.4405e-15	1.1812e-14
3.7622e+13	1.4699e-15	1.1391e-14
3.7866e+13	1.4906e-15	1.1304e-14
3.8111e+13	1.5269e-15	1.2148e-14
3.8355e+13	1.5267e-15	1.2639e-14
3.8599e+13	1.472e-15	1.171e-14
3.8844e+13	1.4648e-15	1.1012e-14
3.9088e+13	1.4415e-15	1.1778e-14
3.9332e+13	1.3345e-15	1.2407e-14
3.9577e+13	1.3721e-15	1.1975e-14
3.9821e+13	1.5198e-15	1.1813e-14
4.0065e+13	1.3622e-15	1.223e-14
4.0309e+13	1.0897e-15	1.2274e-14
4.0554e+13	1.274e-15	1.2334e-14
4.0798e+13	1.6018e-15	1.2902e-14
4.1042e+13	1.4917e-15	1.278e-14
4.1287e+13	1.3211e-15	1.1477e-14
4.1531e+13	1.4573e-15	1.056e-14
4.1775e+13	1.4389e-15	1.1019e-14
4.202e+13	1.1927e-15	1.1923e-14
4.2264e+13	1.236e-15	1.2071e-14
4.2508e+13	1.4249e-15	1.1392e-14
4.2752e+13	1.3533e-15	1.0984e-14
4.2997e+13	1.3059e-15	1.1687e-14
4.3241e+13	1.407e-15	1.2418e-14
4.3485e+13	1.2526e-15	1.1848e-14
4.373e+13	1.0121e-15	1.1106e-14
4.3974e+13	1.1564e-15	1.1602e-14
4.4218e+13	1.3902e-15	1.2099e-14
4.4463e+13	1.3747e-15	1.159e-14
4.4707e+13	1.3962e-15	1.1562e-14
4.4951e+13	1.4557e-15	1.2313e-14
4.5195e+13	1.2653e-15	1.1996e-14
4.544e+13	1.1387e-15	1.1008e-14
4.5684e+13	1.3309e-15	1.1434e-14
4.5928e+13	1.3537e-15	1.2289e-14
4.6173e+13	1.0664e-15	1.1418e-14
4.6417e+13	1.011e-15	1.0136e-14
4.6661e+13	1.2145e-15	1.0435e-14
4.6906e+13	1.2275e-15	1.0967e-14
4.715e+13	1.1131e-15	1.0177e-14
4.7394e+13	1.1115e-15	9.3364e-15
4.7638e+13	1.0684e-15	9.5665e-15
4.7883e+13	9.4024e-16	9.9063e-15
4.8127e+13	9.3559e-16	9.7414e-15
4.8371e+13	1.0103e-15	9.6608e-15
4.8616e+13	1.0046e-15	9.6935e-15
4.886e+13	9.7777e-16	9.3684e-15
4.9104e+13	9.8251e-16	9.0504e-15
4.9349e+13	9.8516e-16	9.3609e-15
4.9593e+13	1.0239e-15	9.8827e-15
4.9837e+13	1.0732e-15	9.6947e-15
5.0081e+13	1.0294e-15	8.8751e-15
5.0326e+13	9.3712e-16	8.513e-15
5.057e+13	8.8361e-16	8.9985e-15
5.0814e+13	8.4482e-16	9.2351e-15
5.1059e+13	8.3286e-16	8.3662e-15
5.1303e+13	8.6662e-16	7.2711e-15
5.1547e+13	8.6483e-16	7.1428e-15
5.1792e+13	8.3074e-16	7.6649e-15
5.2036e+13	8.3003e-16	7.8365e-15
5.228e+13	7.7881e-16	7.4676e-15
5.2524e+13	6.6709e-16	6.9004e-15
5.2769e+13	6.7599e-16	6.4133e-15
5.3013e+13	7.7456e-16	6.355e-15
5.3257e+13	7.5943e-16	6.7191e-15
5.3502e+13	6.9126e-16	6.744e-15
5.3746e+13	6.8789e-16	6.1083e-15
5.399e+13	6.5505e-16	5.7408e-15
5.4235e+13	6.2277e-16	6.1654e-15
5.4479e+13	7.0019e-16	6.3493e-15
5.4723e+13	7.0509e-16	5.6354e-15
5.4967e+13	5.5657e-16	5.1254e-15
5.5212e+13	5.4708e-16	5.5699e-15
5.5456e+13	6.8885e-16	5.8616e-15
5.57e+13	6.571e-16	5.2185e-15
5.5945e+13	5.2912e-16	4.6883e-15
5.6189e+13	5.7345e-16	5.028e-15
5.6433e+13	6.2619e-16	5.3688e-15
5.6678e+13	5.3342e-16	5.0971e-15
5.6922e+13	5.122e-16	4.8137e-15
5.7166e+13	5.9911e-16	4.8358e-15
5.741e+13	5.9268e-16	4.7656e-15
5.7655e+13	5.3315e-16	4.522e-15
5.7899e+13	5.2416e-16	4.2864e-15
5.8143e+13	5.0046e-16	4.0811e-15
5.8388e+13	5.0572e-16	4.1704e-15
5.8632e+13	5.827e-16	4.6724e-15
5.8876e+13	5.5181e-16	4.8605e-15
5.9121e+13	4.33e-16	4.3498e-15
5.9365e+13	4.7986e-16	4.005e-15
5.9609e+13	5.8383e-16	4.2244e-15
5.9853e+13	4.9237e-16	4.1122e-15
6.0098e+13	3.9454e-16	3.4806e-15
6.0342e+13	4.7946e-16	3.3223e-15
6.0586e+13	5.2394e-16	3.7126e-15
6.0831e+13	4.4039e-16	3.7809e-15
6.1075e+13	4.2609e-16	3.6336e-15
6.1319e+13	4.6716e-16	3.8836e-15
6.1564e+13	4.4328e-16	4.1026e-15
6.1808e+13	4.3253e-16	3.7762e-15
6.2052e+13	4.5191e-16	3.4524e-15
6.2296e+13	4.1329e-16	3.5251e-15
6.2541e+13	3.9062e-16	3.5396e-15
6.2785e+13	4.2875e-16	3.4153e-15
6.3029e+13	4.0581e-16	3.5598e-15
6.3274e+13	3.5489e-16	3.7031e-15
6.3518e+13	3.9882e-16	3.3603e-15
6.3762e+13	4.4152e-16	3.0005e-15
6.4007e+13	4.1181e-16	3.2143e-15
6.4251e+13	4.1998e-16	3.5468e-15
6.4495e+13	4.345e-16	3.4385e-15
6.4739e+13	3.6195e-16	3.2429e-15
6.4984e+13	3.3151e-16	3.2927e-15
6.5228e+13	3.9773e-16	3.2177e-15
6.5472e+13	3.97e-16	2.9553e-15
6.5717e+13	3.4477e-16	3.0542e-15
6.5961e+13	3.767e-16	3.4581e-15
6.6205e+13	4.0093e-16	3.4641e-15
6.645e+13	3.499e-16	3.1177e-15
6.6694e+13	3.6163e-16	3.0885e-15
6.6938e+13	4.2151e-16	3.2599e-15
6.7182e+13	3.9106e-16	3.0585e-15
6.7427e+13	3.4184e-16	2.7564e-15
6.7671e+13	3.6239e-16	2.8922e-15
6.7915e+13	3.7662e-16	3.1376e-15
6.816e+13	3.868e-16	3.0641e-15
6.8404e+13	4.2414e-16	3.0006e-15
6.8648e+13	3.8395e-16	3.1736e-15
6.8893e+13	2.986e-16	3.2228e-15
6.9137e+13	3.3457e-16	3.0619e-15
6.9381e+13	4.0009e-16	2.9809e-15
6.9625e+13	3.4561e-16	2.9337e-15
6.987e+13	3.1805e-16	2.8126e-15
7.0114e+13	3.9411e-16	2.8954e-15
7.0358e+13	3.9532e-16	3.2204e-15
7.0603e+13	3.2868e-16	3.3767e-15
7.0847e+13	3.5213e-16	3.294e-15
7.1091e+13	3.9673e-16	3.2637e-15
7.1336e+13	3.8348e-16	3.2614e-15
7.158e+13	4.0765e-16	3.1472e-15
7.1824e+13	4.3566e-16	3.0755e-15
7.2068e+13	3.7537e-16	3.1077e-15
7.2313e+13	3.4499e-16	3.093e-15
7.2557e+13	3.919e-16	3.0878e-15
7.2801e+13	3.7491e-16	3.1678e-15
7.3046e+13	3.3421e-16	3.1464e-15
7.329e+13	3.8546e-16	3.0458e-15
7.3534e+13	4.0348e-16	3.1432e-15
7.3779e+13	3.3679e-16	3.3044e-15
7.4023e+13	3.5299e-16	3.2201e-15
7.4267e+13	4.1594e-16	3.1338e-15
7.4511e+13	3.6885e-16	3.3162e-15
7.4756e+13	3.2426e-16	3.3898e-15
7.5e+13	3.7895e-16	3.0954e-15
7.5244e+13	3.8899e-16	2.8772e-15
7.5489e+13	3.5459e-16	3.0253e-15
7.5733e+13	4.0007e-16	3.2105e-15
7.5977e+13	4.2319e-16	3.2299e-15
7.6221e+13	3.5531e-16	3.2661e-15
7.6466e+13	3.6128e-16	3.3347e-15
7.671e+13	4.3202e-16	3.2791e-15
7.6954e+13	4.0208e-16	3.1796e-15
7.7199e+13	3.6361e-16	3.1937e-15
7.7443e+13	4.3435e-16	3.2568e-15
7.7687e+13	4.66e-16	3.3114e-15
7.7932e+13	4.1186e-16	3.4829e-15
7.8176e+13	4.1911e-16	3.7541e-15
7.842e+13	4.5257e-16	3.8401e-15
7.8664e+13	4.1157e-16	3.659e-15
7.8909e+13	3.991e-16	3.5374e-15
7.9153e+13	4.6001e-16	3.6459e-15
7.9397e+13	4.8113e-16	3.7178e-15
7.9642e+13	4.7288e-16	3.6421e-15
7.9886e+13	4.9065e-16	3.6638e-15
8.013e+13	4.5779e-16	3.7416e-15
8.0375e+13	3.8827e-16	3.6107e-15
8.0619e+13	4.0727e-16	3.5175e-15
8.0863e+13	4.7093e-16	3.7819e-15
8.1107e+13	4.7005e-16	3.9699e-15
8.1352e+13	4.4664e-16	3.7261e-15
8.1596e+13	4.4081e-16	3.6095e-15
8.184e+13	4.3311e-16	3.9445e-15
8.2085e+13	4.6451e-16	4.1174e-15
8.2329e+13	5.1354e-16	3.8819e-15
8.2573e+13	4.7739e-16	3.7633e-15
8.2818e+13	4.2151e-16	3.8196e-15
8.3062e+13	4.6519e-16	3.7033e-15
8.3306e+13	5.0542e-16	3.677e-15
8.355e+13	4.5318e-16	4.0336e-15
8.3795e+13	4.38e-16	4.3456e-15
8.4039e+13	5.0198e-16	4.3559e-15
8.4283e+13	5.1506e-16	4.3872e-15
8.4528e+13	4.6922e-16	4.4499e-15
8.4772e+13	4.5858e-16	4.2964e-15
8.5016e+13	4.8795e-16	4.1703e-15
8.5261e+13	5.4328e-16	4.3506e-15
8.5505e+13	6.1672e-16	4.5674e-15
8.5749e+13	6.3293e-16	4.5423e-15
8.5993e+13	5.7795e-16	4.3799e-15
8.6238e+13	5.4927e-16	4.323e-15
8.6482e+13	5.6935e-16	4.574e-15
8.6726e+13	5.8106e-16	4.9795e-15
8.6971e+13	5.7486e-16	5.0465e-15
8.7215e+13	5.4576e-16	4.8465e-15
8.7459e+13	4.9964e-16	4.9598e-15
8.7704e+13	5.0679e-16	5.1384e-15
8.7948e+13	5.5006e-16	4.7592e-15
8.8192e+13	5.2283e-16	4.4413e-15
8.8436e+13	4.8263e-16	4.9519e-15
8.8681e+13	5.5311e-16	5.4443e-15
8.8925e+13	6.449e-16	5.1344e-15
8.9169e+13	6.4566e-16	4.9482e-15
8.9414e+13	6.3139e-16	5.504e-15
8.9658e+13	6.5035e-16	5.8577e-15
8.9902e+13	6.6048e-16	5.5427e-15
9.0147e+13	6.8251e-16	5.2815e-15
9.0391e+13	6.9134e-16	5.3321e-15
9.0635e+13	6.1316e-16	5.3721e-15
9.0879e+13	5.6077e-16	5.4335e-15
9.1124e+13	6.4111e-16	5.4672e-15
9.1368e+13	6.8937e-16	5.2397e-15
9.1612e+13	6.2828e-16	5.1111e-15
9.1857e+13	6.3528e-16	5.4205e-15
9.2101e+13	7.0289e-16	5.7172e-15
9.2345e+13	6.7649e-16	5.8414e-15
9.259e+13	6.572e-16	6.2365e-15
9.2834e+13	7.3157e-16	6.5628e-15
9.3078e+13	7.3285e-16	6.1272e-15
9.3322e+13	6.8283e-16	5.5693e-15
9.3567e+13	7.5858e-16	5.8638e-15
9.3811e+13	7.9458e-16	6.4661e-15
9.4055e+13	6.37e-16	6.4457e-15
9.43e+13	5.8291e-16	6.1566e-15
9.4544e+13	7.5908e-16	6.2587e-15
9.4788e+13	8.271e-16	6.5263e-15
9.5033e+13	7.1762e-16	6.5794e-15
9.5277e+13	7.2298e-16	6.5326e-15
9.5521e+13	8.2858e-16	6.5417e-15
9.5765e+13	8.278e-16	6.6391e-15
9.601e+13	7.92e-16	6.9126e-15
9.6254e+13	8.1501e-16	7.1899e-15
9.6498e+13	8.0295e-16	7.0243e-15
9.6743e+13	7.6386e-16	6.548e-15
9.6987e+13	7.864e-16	6.5744e-15
9.7231e+13	8.2332e-16	7.2173e-15
9.7476e+13	8.3789e-16	7.5066e-15
9.772e+13	8.6545e-16	7.1987e-15
9.7964e+13	8.6943e-16	7.3928e-15
9.8208e+13	8.5387e-16	8.2814e-15
9.8453e+13	9.026e-16	8.4272e-15
9.8697e+13	9.4537e-16	7.442e-15
9.8941e+13	8.7166e-16	6.7701e-15
9.9186e+13	7.9315e-16	6.9467e-15
9.943e+13	8.0925e-16	7.0509e-15
9.9674e+13	8.2925e-16	7.0406e-15
9.9919e+13	8.452e-16	7.518e-15
1.0016e+14	9.3161e-16	7.9089e-15
1.0041e+14	9.9896e-16	7.655e-15
1.0065e+14	9.6091e-16	7.5213e-15
1.009e+14	8.9921e-16	7.7676e-15
1.0114e+14	8.5149e-16	7.5813e-15
1.0138e+14	8.0441e-16	7.186e-15
1.0163e+14	8.2757e-16	7.5245e-15
1.0187e+14	8.8789e-16	8.1454e-15
1.0212e+14	8.6121e-16	8.183e-15
1.0236e+14	8.4353e-16	8.0544e-15
1.0261e+14	9.5483e-16	8.1692e-15
1.0285e+14	1.0118e-15	8.0899e-15
1.0309e+14	9.0281e-16	7.8634e-15
1.0334e+14	8.4054e-16	7.839e-15
1.0358e+14	8.8961e-16	7.5469e-15
1.0383e+14	8.5658e-16	6.8079e-15
1.0407e+14	7.5204e-16	6.4776e-15
1.0432e+14	7.3563e-16	6.7235e-15
1.0456e+14	7.5513e-16	6.7033e-15
1.048e+14	7.2557e-16	6.418e-15
1.0505e+14	7.3285e-16	6.6041e-15
1.0529e+14	7.9614e-16	7.106e-15
1.0554e+14	8.08e-16	7.222e-15
1.0578e+14	7.5281e-16	6.8534e-15
1.0603e+14	6.9567e-16	6.3003e-15
1.0627e+14	6.6056e-16	5.9015e-15
1.0651e+14	6.5034e-16	5.9596e-15
1.0676e+14	6.5976e-16	6.2598e-15
1.07e+14	6.821e-16	6.3106e-15
1.0725e+14	7.2326e-16	6.2302e-15
1.0749e+14	7.2528e-16	6.2897e-15
1.0774e+14	6.2949e-16	6.1621e-15
1.0798e+14	5.572e-16	5.8148e-15
1.0822e+14	6.2337e-16	5.8735e-15
1.0847e+14	6.8087e-16	6.2013e-15
1.0871e+14	6.1775e-16	5.9349e-15
1.0896e+14	5.9482e-16	5.2979e-15
1.092e+14	6.6977e-16	5.224e-15
1.0945e+14	6.6217e-16	5.3956e-15
1.0969e+14	5.5463e-16	4.9147e-15
1.0993e+14	5.0394e-16	4.2298e-15
1.1018e+14	5.0496e-16	4.2506e-15
1.1042e+14	4.829e-16	4.5704e-15
1.1067e+14	4.7878e-16	4.4263e-15
1.1091e+14	4.9247e-16	4.1633e-15
1.1116e+14	4.6575e-16	4.224e-15
1.114e+14	4.3648e-16	4.1122e-15
1.1164e+14	4.3458e-16	3.568e-15
1.1189e+14	4.1045e-16	3.2821e-15
1.1213e+14	3.8854e-16	3.5768e-15
1.1238e+14	4.1869e-16	3.8585e-15
1.1262e+14	4.4552e-16	3.8201e-15
1.1287e+14	4.3931e-16	3.748e-15
1.1311e+14	4.32e-16	3.6576e-15
1.1336e+14	3.906e-16	3.4285e-15
1.136e+14	3.2855e-16	3.3191e-15
1.1384e+14	3.4945e-16	3.3683e-15
1.1409e+14	3.9804e-16	3.2068e-15
1.1433e+14	3.4498e-16	2.932e-15
1.1458e+14	2.9283e-16	2.9111e-15
1.1482e+14	3.4821e-16	2.8602e-15
1.1507e+14	3.6489e-16	2.5049e-15
1.1531e+14	2.8885e-16	2.3711e-15
1.1555e+14	2.8391e-16	2.6622e-15
1.158e+14	3.3953e-16	2.6847e-15
1.1604e+14	3.0828e-16	2.2729e-15
1.1629e+14	2.5404e-16	2.1296e-15
1.1653e+14	2.7883e-16	2.3834e-15
1.1678e+14	2.9714e-16	2.478e-15
1.1702e+14	2.6861e-16	2.3313e-15
1.1726e+14	2.633e-16	2.2273e-15
1.1751e+14	2.6313e-16	2.1375e-15
1.1775e+14	2.3796e-16	2.0183e-15
1.18e+14	2.3441e-16	2.0142e-15
1.1824e+14	2.3051e-16	2.0661e-15
1.1849e+14	1.916e-16	2.0116e-15
1.1873e+14	1.9116e-16	1.8973e-15
1.1897e+14	2.2918e-16	1.7849e-15
1.1922e+14	2.0928e-16	1.6688e-15
1.1946e+14	1.7288e-16	1.6139e-15
1.1971e+14	1.9422e-16	1.5961e-15
1.1995e+14	1.9381e-16	1.5058e-15
1.202e+14	1.507e-16	1.4154e-15
1.2044e+14	1.5873e-16	1.3919e-15
1.2068e+14	1.7633e-16	1.3121e-15
1.2093e+14	1.356e-16	1.2242e-15
1.2117e+14	1.3585e-16	1.2944e-15
1.2142e+14	1.9079e-16	1.3506e-15
1.2166e+14	1.6957e-16	1.2254e-15
1.2191e+14	1.1649e-16	1.165e-15
1.2215e+14	1.448e-16	1.2539e-15
1.2239e+14	1.6042e-16	1.2156e-15
1.2264e+14	1.1199e-16	1.0936e-15
1.2288e+14	1.2374e-16	1.1343e-15
1.2313e+14	1.668e-16	1.1608e-15
1.2337e+14	1.1681e-16	1.0113e-15
1.2362e+14	6.9164e-17	9.632e-16
1.2386e+14	1.1427e-16	1.0636e-15
1.241e+14	1.2906e-16	9.9417e-16
1.2435e+14	8.877e-17	8.1759e-16
1.2459e+14	1.0593e-16	8.2852e-16
1.2484e+14	1.3263e-16	9.084e-16
1.2508e+14	9.4367e-17	8.6507e-16
1.2533e+14	8.4863e-17	8.2851e-16
1.2557e+14	1.1941e-16	8.4508e-16
1.2581e+14	9.6687e-17	7.905e-16
1.2606e+14	6.412e-17	7.2796e-16
1.263e+14	9.8533e-17	7.5285e-16
1.2655e+14	1.1234e-16	7.7319e-16
1.2679e+14	7.5445e-17	7.5473e-16
1.2704e+14	7.9857e-17	7.4571e-16
1.2728e+14	1.0293e-16	6.9758e-16
1.2752e+14	7.9543e-17	6.2968e-16
1.2777e+14	6.9353e-17	6.5172e-16
1.2801e+14	9.3019e-17	6.9237e-16
1.2826e+14	8.5385e-17	6.4345e-16
1.285e+14	7.1559e-17	6.0456e-16
1.2875e+14	8.9979e-17	6.2274e-16
1.2899e+14	8.3705e-17	5.9479e-16
1.2923e+14	5.7396e-17	5.5689e-16
1.2948e+14	7.1675e-17	5.8412e-16
1.2972e+14	8.1247e-17	5.7243e-16
1.2997e+14	5.4168e-17	5.0885e-16
1.3021e+14	6.172e-17	5.3473e-16
1.3046e+14	8.9579e-17	5.8798e-16
1.307e+14	6.517e-17	5.2072e-16
1.3094e+14	4.505e-17	4.438e-16
1.3119e+14	7.4651e-17	4.7694e-16
1.3143e+14	7.4459e-17	5.0882e-16
1.3168e+14	4.3753e-17	4.8009e-16
1.3192e+14	5.6998e-17	4.6452e-16
1.3217e+14	7.157e-17	4.5484e-16
1.3241e+14	4.6751e-17	4.3234e-16
1.3265e+14	5.2059e-17	4.4543e-16
1.329e+14	7.8505e-17	4.582e-16
1.3314e+14	5.5029e-17	4.2096e-16
1.3339e+14	3.5304e-17	4.0415e-16
1.3363e+14	6.3895e-17	4.1899e-16
1.3388e+14	6.3352e-17	3.8685e-16
1.3412e+14	3.4203e-17	3.5236e-16
1.3436e+14	4.9623e-17	3.7676e-16
1.3461e+14	6.3882e-17	3.7715e-16
1.3485e+14	3.4428e-17	3.3818e-16
1.351e+14	3.4592e-17	3.4973e-16
1.3534e+14	6.1662e-17	3.668e-16
1.3559e+14	4.3475e-17	3.2119e-16
1.3583e+14	2.6218e-17	3.036e-16
1.3607e+14	5.2524e-17	3.3816e-16
1.3632e+14	5.0353e-17	3.2636e-16
1.3656e+14	2.398e-17	3.0362e-16
1.3681e+14	4.5227e-17	3.4077e-16
1.3705e+14	6.3855e-17	3.4742e-16
1.373e+14	3.3151e-17	2.9663e-16
1.3754e+14	2.9194e-17	2.9796e-16
1.3779e+14	5.6005e-17	3.2762e-16
1.3803e+14	3.9525e-17	3e-16
1.3827e+14	2.0399e-17	2.8284e-16
1.3852e+14	4.7061e-17	3.0878e-16
1.3876e+14	5.2196e-17	2.9065e-16
1.3901e+14	2.7601e-17	2.5673e-16
1.3925e+14	3.835e-17	2.8018e-16
1.395e+14	5.0817e-17	2.8577e-16
1.3974e+14	2.6962e-17	2.4447e-16
1.3998e+14	2.6283e-17	2.5089e-16
1.4023e+14	4.6265e-17	2.791e-16
1.4047e+14	2.9281e-17	2.4974e-16
1.4072e+14	1.8606e-17	2.3229e-16
1.4096e+14	4.5192e-17	2.5918e-16
1.4121e+14	4.1246e-17	2.432e-16
1.4145e+14	1.6001e-17	2.1496e-16
1.4169e+14	3.4433e-17	2.5116e-16
1.4194e+14	4.7829e-17	2.6651e-16
1.4218e+14	1.9792e-17	2.1771e-16
1.4243e+14	2.2801e-17	2.1452e-16
1.4267e+14	5.0389e-17	2.5388e-16
1.4292e+14	3.1699e-17	2.3724e-16
1.4316e+14	1.4037e-17	2.0978e-16
1.434e+14	4.1231e-17	2.3021e-16
1.4365e+14	4.2074e-17	2.3257e-16
1.4389e+14	1.4965e-17	2.1226e-16
1.4414e+14	2.9518e-17	2.2715e-16
1.4438e+14	4.6113e-17	2.3081e-16
1.4463e+14	2.154e-17	1.9583e-16
1.4487e+14	2.0044e-17	1.9866e-16
1.4511e+14	4.3455e-17	2.2622e-16
1.4536e+14	2.835e-17	2.0072e-16
1.456e+14	1.3743e-17	1.6972e-16
1.4585e+14	3.7844e-17	1.8891e-16
1.4609e+14	3.7027e-17	1.9992e-16
1.4634e+14	1.3064e-17	1.8532e-16
1.4658e+14	2.8952e-17	1.8899e-16
1.4682e+14	4.2966e-17	1.9002e-16
1.4707e+14	1.6322e-17	1.7677e-16
1.4731e+14	1.4856e-17	1.924e-16
1.4756e+14	3.9513e-17	2.1054e-16
1.478e+14	2.6412e-17	1.8571e-16
1.4805e+14	1.2752e-17	1.6731e-16
1.4829e+14	3.6302e-17	1.8132e-16
1.4853e+14	3.6233e-17	1.8232e-16
1.4878e+14	1.4258e-17	1.8092e-16
1.4902e+14	3.0038e-17	1.9594e-16
1.4927e+14	4.277e-17	1.7944e-16
1.4951e+14	1.7405e-17	1.4937e-16
1.4976e+14	1.8764e-17	1.7324e-16
1.5e+14	4.4068e-17	2.0031e-16
1.5024e+14	2.9104e-17	1.7324e-16
1.5049e+14	1.3155e-17	1.6309e-16
1.5073e+14	3.5321e-17	1.9227e-16
1.5098e+14	3.511e-17	1.8655e-16
1.5122e+14	1.3814e-17	1.6279e-16
1.5147e+14	3.0156e-17	1.7479e-16
1.5171e+14	4.2352e-17	1.7876e-16
1.5195e+14	1.5072e-17	1.619e-16
1.522e+14	1.4781e-17	1.7416e-16
1.5244e+14	4.043e-17	1.8063e-16
1.5269e+14	2.6131e-17	1.4678e-16
1.5293e+14	9.3316e-18	1.4285e-16
1.5318e+14	3.1256e-17	1.7226e-16
1.5342e+14	3.1746e-17	1.5647e-16
1.5366e+14	8.4631e-18	1.3022e-16
1.5391e+14	2.2492e-17	1.5459e-16
1.5415e+14	3.8822e-17	1.6794e-16
1.544e+14	1.7965e-17	1.4614e-16
1.5464e+14	1.6192e-17	1.525e-16
1.5489e+14	3.5807e-17	1.6385e-16
1.5513e+14	2.1682e-17	1.3729e-16
1.5537e+14	9.8658e-18	1.3369e-16
1.5562e+14	3.4051e-17	1.6207e-16
1.5586e+14	3.489e-17	1.5211e-16
1.5611e+14	1.2476e-17	1.3353e-16
1.5635e+14	2.4534e-17	1.5429e-16
1.566e+14	3.5498e-17	1.5173e-16
1.5684e+14	1.1228e-17	1.1955e-16
1.5708e+14	1.0749e-17	1.3387e-16
1.5733e+14	3.3879e-17	1.5776e-16
1.5757e+14	2.1635e-17	1.2977e-16
1.5782e+14	7.7105e-18	1.1759e-16
1.5806e+14	2.7946e-17	1.4552e-16
1.5831e+14	2.7963e-17	1.3852e-16
1.5855e+14	8.2429e-18	1.1729e-16
1.5879e+14	2.2723e-17	1.3645e-16
1.5904e+14	3.5154e-17	1.371e-16
1.5928e+14	1.2634e-17	1.0372e-16
1.5953e+14	1.2667e-17	1.1252e-16
1.5977e+14	3.4186e-17	1.38e-16
1.6002e+14	2.0329e-17	1.1829e-16
1.6026e+14	6.0374e-18	1.1164e-16
1.605e+14	2.6993e-17	1.4124e-16
1.6075e+14	2.8373e-17	1.3357e-16
1.6099e+14	8.1825e-18	1.0849e-16
1.6124e+14	1.9477e-17	1.2669e-16
1.6148e+14	3.1071e-17	1.3325e-16
1.6173e+14	1.2701e-17	1.0238e-16
1.6197e+14	1.5686e-17	1.0599e-16
1.6221e+14	3.5284e-17	1.319e-16
1.6246e+14	2.0168e-17	1.2193e-16
1.627e+14	7.7254e-18	1.1972e-16
1.6295e+14	2.8267e-17	1.4371e-16
1.6319e+14	2.6243e-17	1.2905e-16
1.6344e+14	5.5189e-18	9.7349e-17
1.6368e+14	1.9197e-17	1.115e-16
1.6393e+14	3.0365e-17	1.279e-16
1.6417e+14	9.029e-18	1.1673e-16
1.6441e+14	1.1803e-17	1.2701e-16
1.6466e+14	3.3692e-17	1.4161e-16
1.649e+14	1.8974e-17	1.1971e-16
1.6515e+14	5.6978e-18	1.103e-16
1.6539e+14	2.7701e-17	1.2717e-16
1.6564e+14	2.7746e-17	1.1671e-16
1.6588e+14	6.5919e-18	1.0815e-16
1.6612e+14	2.015e-17	1.3986e-16
1.6637e+14	3.3668e-17	1.4426e-16
1.6661e+14	1.1846e-17	1.0903e-16
1.6686e+14	9.1976e-18	1.1356e-16
1.671e+14	2.8952e-17	1.3703e-16
1.6735e+14	1.9068e-17	1.1663e-16
1.6759e+14	8.5906e-18	1.0211e-16
1.6783e+14	2.6859e-17	1.2197e-16
1.6808e+14	2.4952e-17	1.1785e-16
1.6832e+14	7.1616e-18	1.0292e-16
1.6857e+14	2.1279e-17	1.201e-16
1.6881e+14	3.0325e-17	1.2195e-16
1.6906e+14	7.7765e-18	9.9491e-17
1.693e+14	1.0325e-17	1.1533e-16
1.6954e+14	3.2039e-17	1.3919e-16
1.6979e+14	1.7581e-17	1.1656e-16
1.7003e+14	4.5299e-18	1.0522e-16
1.7028e+14	2.663e-17	1.295e-16
1.7052e+14	2.743e-17	1.2475e-16
1.7077e+14	6.2325e-18	1.0624e-16
1.7101e+14	1.7852e-17	1.2276e-16
1.7125e+14	3.0963e-17	1.2722e-16
1.715e+14	1.2712e-17	1.0532e-16
1.7174e+14	1.3762e-17	1.1704e-16
1.7199e+14	3.2955e-17	1.3726e-16
1.7223e+14	1.9771e-17	1.1664e-16
1.7248e+14	8.2464e-18	1.0696e-16
1.7272e+14	2.9389e-17	1.2437e-16
1.7296e+14	2.9706e-17	1.1349e-16
1.7321e+14	9.3947e-18	1.0447e-16
1.7345e+14	2.0564e-17	1.3495e-16
1.737e+14	3.1755e-17	1.3411e-16
1.7394e+14	1.2295e-17	9.5235e-17
1.7419e+14	1.3463e-17	1.0447e-16
1.7443e+14	3.3188e-17	1.3282e-16
1.7467e+14	1.9401e-17	1.1256e-16
1.7492e+14	5.7904e-18	1.0657e-16
1.7516e+14	2.6186e-17	1.4241e-16
1.7541e+14	2.8423e-17	1.3788e-16
1.7565e+14	8.9902e-18	1.0705e-16
1.759e+14	1.8915e-17	1.2115e-16
1.7614e+14	3.1222e-17	1.3263e-16
1.7638e+14	1.4629e-17	1.0878e-16
1.7663e+14	1.4423e-17	1.1685e-16
1.7687e+14	3.0702e-17	1.4334e-16
1.7712e+14	1.8891e-17	1.2423e-16
1.7736e+14	9.862e-18	1.0855e-16
1.7761e+14	2.9118e-17	1.3193e-16
1.7785e+14	2.6488e-17	1.2941e-16
1.7809e+14	5.8697e-18	1.0632e-16
1.7834e+14	1.775e-17	1.1931e-16
1.7858e+14	3.0519e-17	1.2673e-16
1.7883e+14	1.3266e-17	1.0351e-16
1.7907e+14	1.3764e-17	1.1228e-16
1.7932e+14	3.1322e-17	1.3754e-16
1.7956e+14	1.9026e-17	1.2e-16
1.798e+14	7.6587e-18	1.0949e-16
1.8005e+14	2.5652e-17	1.3699e-16
1.8029e+14	2.5489e-17	1.329e-16
1.8054e+14	9.2034e-18	1.0449e-16
1.8078e+14	2.2716e-17	1.174e-16
1.8103e+14	3.3363e-17	1.3227e-16
1.8127e+14	1.3278e-17	1.1431e-16
1.8151e+14	1.2611e-17	1.2222e-16
1.8176e+14	3.0652e-17	1.4553e-16
1.82e+14	1.968e-17	1.218e-16
1.8225e+14	9.7154e-18	9.814e-17
1.8249e+14	2.8329e-17	1.2018e-16
1.8274e+14	2.697e-17	1.2678e-16
1.8298e+14	7.7391e-18	1.0902e-16
1.8322e+14	1.9464e-17	1.2198e-16
1.8347e+14	3.2146e-17	1.3521e-16
1.8371e+14	1.5295e-17	1.1528e-16
1.8396e+14	1.4801e-17	1.1543e-16
1.842e+14	3.1078e-17	1.3595e-16
1.8445e+14	1.9415e-17	1.2318e-16
1.8469e+14	8.9688e-18	1.1024e-16
1.8493e+14	2.7005e-17	1.3209e-16
1.8518e+14	2.7321e-17	1.3662e-16
1.8542e+14	1.0129e-17	1.2059e-16
1.8567e+14	1.9944e-17	1.34e-16
1.8591e+14	2.9535e-17	1.4434e-16
1.8616e+14	1.3604e-17	1.1845e-16
1.864e+14	1.5238e-17	1.1354e-16
1.8664e+14	3.0669e-17	1.4085e-16
1.8689e+14	1.8541e-17	1.4281e-16
1.8713e+14	1.0385e-17	1.2985e-16
1.8738e+14	2.9136e-17	1.3692e-16
1.8762e+14	2.8198e-17	1.3735e-16
1.8787e+14	1.3287e-17	1.2765e-16
1.8811e+14	2.7139e-17	1.3677e-16
1.8836e+14	3.4665e-17	1.4134e-16
1.886e+14	1.2616e-17	1.2649e-16
1.8884e+14	1.3668e-17	1.2867e-16
1.8909e+14	3.3596e-17	1.3886e-16
1.8933e+14	2.242e-17	1.2643e-16
1.8958e+14	1.1341e-17	1.2485e-16
1.8982e+14	2.9106e-17	1.438e-16
1.9007e+14	2.7703e-17	1.3497e-16
1.9031e+14	9.0088e-18	1.1509e-16
1.9055e+14	2.0524e-17	1.3032e-16
1.908e+14	3.2089e-17	1.4276e-16
1.9104e+14	1.5048e-17	1.2529e-16
1.9129e+14	1.6073e-17	1.226e-16
1.9153e+14	3.3683e-17	1.3233e-16
1.9178e+14	2.1122e-17	1.2193e-16
1.9202e+14	8.3221e-18	1.2647e-16
1.9226e+14	2.5285e-17	1.5545e-16
1.9251e+14	2.6761e-17	1.5036e-16
1.9275e+14	1.139e-17	1.2223e-16
1.93e+14	2.2246e-17	1.2717e-16
1.9324e+14	3.1351e-17	1.3655e-16
1.9349e+14	1.354e-17	1.1875e-16
1.9373e+14	1.4661e-17	1.1417e-16
1.9397e+14	3.2459e-17	1.2581e-16
1.9422e+14	2.1182e-17	1.2019e-16
1.9446e+14	9.8745e-18	1.2098e-16
1.9471e+14	2.6987e-17	1.3924e-16
1.9495e+14	2.787e-17	1.3366e-16
1.952e+14	1.1909e-17	1.1742e-16
1.9544e+14	2.2192e-17	1.2896e-16
1.9568e+14	3.1213e-17	1.362e-16
1.9593e+14	1.3146e-17	1.2394e-16
1.9617e+14	1.2533e-17	1.3378e-16
1.9642e+14	2.9042e-17	1.4871e-16
1.9666e+14	1.9723e-17	1.2958e-16
1.9691e+14	1.1632e-17	1.173e-16
1.9715e+14	2.9403e-17	1.3277e-16
1.9739e+14	2.8604e-17	1.2844e-16
1.9764e+14	1.0856e-17	1.1501e-16
1.9788e+14	2.0099e-17	1.3273e-16
1.9813e+14	2.9627e-17	1.4191e-16
1.9837e+14	1.4184e-17	1.2178e-16
1.9862e+14	1.6553e-17	1.2484e-16
1.9886e+14	3.389e-17	1.4327e-16
1.991e+14	2.2575e-17	1.2958e-16
1.9935e+14	1.0756e-17	1.1819e-16
1.9959e+14	2.5575e-17	1.3641e-16
1.9984e+14	2.5198e-17	1.3635e-16
2.0008e+14	1.0763e-17	1.192e-16
2.0033e+14	2.3036e-17	1.2805e-16
2.0057e+14	3.3536e-17	1.338e-16
2.0081e+14	1.7192e-17	1.1422e-16
2.0106e+14	1.6917e-17	1.1806e-16
2.013e+14	3.1225e-17	1.4147e-16
2.0155e+14	1.9779e-17	1.3164e-16
2.0179e+14	1.1523e-17	1.1275e-16
2.0204e+14	2.9529e-17	1.2451e-16
2.0228e+14	2.8422e-17	1.3507e-16
2.0252e+14	1.1413e-17	1.2905e-16
2.0277e+14	2.3057e-17	1.3074e-16
2.0301e+14	3.4036e-17	1.2977e-16
2.0326e+14	1.6309e-17	1.2022e-16
2.035e+14	1.4127e-17	1.284e-16
2.0375e+14	2.907e-17	1.3809e-16
2.0399e+14	1.9065e-17	1.2332e-16
2.0423e+14	1.0228e-17	1.1814e-16
2.0448e+14	2.8087e-17	1.3317e-16
2.0472e+14	2.9455e-17	1.2772e-16
2.0497e+14	1.3493e-17	1.1391e-16
2.0521e+14	2.2188e-17	1.2517e-16
2.0546e+14	3.1031e-17	1.3118e-16
2.057e+14	1.5478e-17	1.2022e-16
2.0594e+14	1.6197e-17	1.2972e-16
2.0619e+14	3.1423e-17	1.4147e-16
2.0643e+14	2.0295e-17	1.2075e-16
2.0668e+14	1.0103e-17	1.0685e-16
2.0692e+14	2.6212e-17	1.1954e-16
2.0717e+14	2.6573e-17	1.1821e-16
2.0741e+14	1.1329e-17	1.1202e-16
2.0765e+14	2.1291e-17	1.2978e-16
2.079e+14	3.0692e-17	1.3407e-16
2.0814e+14	1.5108e-17	1.1584e-16
2.0839e+14	1.5579e-17	1.2437e-16
2.0863e+14	3.0752e-17	1.4156e-16
2.0888e+14	2.0432e-17	1.2179e-16
2.0912e+14	1.1561e-17	1.0438e-16
2.0936e+14	2.7796e-17	1.1673e-16
2.0961e+14	2.6338e-17	1.1477e-16
2.0985e+14	9.2531e-18	1.0234e-16
2.101e+14	1.9431e-17	1.1524e-16
2.1034e+14	2.9961e-17	1.2026e-16
2.1059e+14	1.4185e-17	1.0031e-16
2.1083e+14	1.3836e-17	1.034e-16
2.1107e+14	2.8674e-17	1.2228e-16
2.1132e+14	1.7019e-17	1.1341e-16
2.1156e+14	6.455e-18	1.049e-16
2.1181e+14	2.4427e-17	1.1642e-16
2.1205e+14	2.6585e-17	1.0603e-16
2.123e+14	9.0902e-18	8.5494e-17
2.1254e+14	1.6481e-17	9.9615e-17
2.1279e+14	2.8093e-17	1.138e-16
2.1303e+14	1.4929e-17	9.7691e-17
2.1327e+14	1.3451e-17	9.5755e-17
2.1352e+14	2.7273e-17	1.133e-16
2.1376e+14	1.8561e-17	1.1024e-16
2.1401e+14	9.2572e-18	1.0329e-16
2.1425e+14	2.3974e-17	1.1125e-16
2.145e+14	2.486e-17	1.0316e-16
2.1474e+14	1.0286e-17	8.872e-17
2.1498e+14	1.8845e-17	1.0038e-16
2.1523e+14	2.7812e-17	1.0476e-16
2.1547e+14	1.1846e-17	8.3215e-17
2.1572e+14	9.3196e-18	8.2242e-17
2.1596e+14	2.3914e-17	9.9034e-17
2.1621e+14	1.7154e-17	8.984e-17
2.1645e+14	8.0076e-18	7.8018e-17
2.1669e+14	2.0325e-17	9.0197e-17
2.1694e+14	2.0406e-17	9.1361e-17
2.1718e+14	7.8875e-18	7.9384e-17
2.1743e+14	1.7544e-17	8.6919e-17
2.1767e+14	2.6219e-17	9.2831e-17
2.1792e+14	1.157e-17	7.9689e-17
2.1816e+14	1.0743e-17	8.1904e-17
2.184e+14	2.4453e-17	9.34e-17
2.1865e+14	1.5939e-17	7.8841e-17
2.1889e+14	7.1419e-18	6.6102e-17
2.1914e+14	2.1331e-17	8.0517e-17
2.1938e+14	2.2613e-17	8.446e-17
2.1963e+14	9.1215e-18	7.0803e-17
2.1987e+14	1.5853e-17	7.2357e-17
2.2011e+14	2.2547e-17	7.7414e-17
2.2036e+14	8.8789e-18	6.9558e-17
2.206e+14	9.435e-18	7.1326e-17
2.2085e+14	2.2223e-17	7.7127e-17
2.2109e+14	1.2251e-17	6.6001e-17
2.2134e+14	3.7557e-18	6.3189e-17
2.2158e+14	1.9123e-17	7.7068e-17
2.2182e+14	2.1013e-17	7.293e-17
2.2207e+14	7.4737e-18	6.0665e-17
2.2231e+14	1.3948e-17	7.0426e-17
2.2256e+14	2.1023e-17	7.5317e-17
2.228e+14	8.5758e-18	6.0766e-17
2.2305e+14	9.9182e-18	6.1146e-17
2.2329e+14	2.2827e-17	7.0156e-17
2.2353e+14	1.349e-17	5.9464e-17
2.2378e+14	4.9866e-18	5.4087e-17
2.2402e+14	1.7639e-17	6.4571e-17
2.2427e+14	1.6617e-17	5.6188e-17
2.2451e+14	4.0806e-18	4.2044e-17
2.2476e+14	1.3859e-17	5.5888e-17
2.25e+14	2.1837e-17	6.6518e-17
2.2524e+14	7.725e-18	5.3154e-17
2.2549e+14	8.0678e-18	5.2263e-17
2.2573e+14	2.1524e-17	6.162e-17
2.2598e+14	1.2912e-17	5.0129e-17
2.2622e+14	4.8222e-18	4.1954e-17
2.2647e+14	1.7799e-17	5.5339e-17
2.2671e+14	1.6621e-17	5.663e-17
2.2695e+14	3.137e-18	4.5281e-17
2.272e+14	1.1842e-17	4.8609e-17
2.2744e+14	1.9575e-17	5.0039e-17
2.2769e+14	6.1643e-18	4.0719e-17
2.2793e+14	7.2829e-18	4.7303e-17
2.2818e+14	2.0634e-17	5.5747e-17
2.2842e+14	1.1154e-17	3.9801e-17
2.2866e+14	2.6412e-18	3.0978e-17
2.2891e+14	1.6288e-17	4.4521e-17
2.2915e+14	1.593e-17	4.4341e-17
2.294e+14	2.5314e-18	3.3841e-17
2.2964e+14	1.1167e-17	4.0729e-17
2.2989e+14	1.9061e-17	4.3941e-17
2.3013e+14	5.3075e-18	3.3602e-17
2.3037e+14	5.857e-18	3.8652e-17
2.3062e+14	1.9644e-17	4.6859e-17
2.3086e+14	1.0957e-17	3.4186e-17
2.3111e+14	2.2014e-18	3.1329e-17
2.3135e+14	1.5564e-17	4.648e-17
2.316e+14	1.6016e-17	4.0746e-17
2.3184e+14	3.1045e-18	2.6205e-17
2.3208e+14	1.1305e-17	3.6269e-17
2.3233e+14	1.9556e-17	4.2162e-17
2.3257e+14	6.6534e-18	2.8378e-17
2.3282e+14	6.4161e-18	3.1215e-17
2.3306e+14	1.8817e-17	4.298e-17
2.3331e+14	1.0697e-17	3.1589e-17
2.3355e+14	3.3148e-18	2.3347e-17
2.3379e+14	1.633e-17	3.4668e-17
2.3404e+14	1.5344e-17	3.2141e-17
2.3428e+14	1.6945e-18	2.1972e-17
2.3453e+14	9.8627e-18	3.219e-17
2.3477e+14	1.8236e-17	3.621e-17
2.3502e+14	5.513e-18	2.1517e-17
2.3526e+14	5.329e-18	2.4597e-17
2.355e+14	1.7629e-17	3.7579e-17
2.3575e+14	9.3479e-18	2.7628e-17
2.3599e+14	1.7045e-18	1.9639e-17
2.3624e+14	1.4839e-17	3.0334e-17
2.3648e+14	1.4668e-17	2.7397e-17
2.3673e+14	1.3953e-18	1.6959e-17
2.3697e+14	8.7844e-18	2.7495e-17
2.3721e+14	1.6562e-17	3.3076e-17
2.3746e+14	4.3131e-18	1.9215e-17
2.377e+14	4.7907e-18	2.0538e-17
2.3795e+14	1.7564e-17	3.1595e-17
2.3819e+14	9.7474e-18	2.2395e-17
2.3844e+14	1.8271e-18	1.6572e-17
2.3868e+14	1.408e-17	2.8599e-17
2.3893e+14	1.409e-17	2.5938e-17
2.3917e+14	1.9997e-18	1.4846e-17
2.3941e+14	9.7587e-18	2.4113e-17
2.3966e+14	1.7068e-17	2.9143e-17
2.399e+14	4.6594e-18	1.5652e-17
2.4015e+14	4.9547e-18	1.7076e-17
2.4039e+14	1.7229e-17	2.8172e-17
2.4064e+14	9.6275e-18	1.9836e-17
2.4088e+14	2.572e-18	1.4765e-17
2.4112e+14	1.4892e-17	2.6411e-17
2.4137e+14	1.411e-17	2.3085e-17
2.4161e+14	1.6149e-18	1.2009e-17
2.4186e+14	9.5589e-18	2.2058e-17
2.421e+14	1.6865e-17	2.8423e-17
2.4235e+14	4.0251e-18	1.58e-17
2.4259e+14	3.9817e-18	1.6562e-17
2.4283e+14	1.6468e-17	2.637e-17
2.4308e+14	9.291e-18	1.7545e-17
2.4332e+14	2.1042e-18	1.2425e-17
2.4357e+14	1.3828e-17	2.3963e-17
2.4381e+14	1.2856e-17	2.1033e-17
2.4406e+14	7.2422e-19	1.042e-17
2.443e+14	8.9618e-18	1.9769e-17
2.4454e+14	1.6346e-17	2.487e-17
2.4479e+14	3.7588e-18	1.2128e-17
2.4503e+14	4.1705e-18	1.4122e-17
2.4528e+14	1.6764e-17	2.5139e-17
2.4552e+14	9.0209e-18	1.6149e-17
2.4577e+14	1.4495e-18	9.8489e-18
2.4601e+14	1.3947e-17	2.1403e-17
2.4625e+14	1.3828e-17	2.0281e-17
2.465e+14	1.0568e-18	1.0326e-17
2.4674e+14	8.4128e-18	1.7766e-17
2.4699e+14	1.6401e-17	2.1937e-17
2.4723e+14	4.3486e-18	1.1599e-17
2.4748e+14	3.9457e-18	1.5848e-17
2.4772e+14	1.6511e-17	2.5877e-17
2.4796e+14	9.9752e-18	1.525e-17
2.4821e+14	1.9791e-18	9.662e-18
2.4845e+14	1.2824e-17	2.244e-17
2.487e+14	1.3124e-17	2.051e-17
2.4894e+14	1.6413e-18	9.3737e-18
2.4919e+14	7.9927e-18	1.7625e-17
2.4943e+14	1.4739e-17	2.2539e-17
2.4967e+14	3.944e-18	9.8725e-18
2.4992e+14	4.6055e-18	1.1145e-17
2.5016e+14	1.579e-17	2.1914e-17
2.5041e+14	8.1632e-18	1.4053e-17
2.5065e+14	1.0107e-18	8.4615e-18
2.509e+14	1.2446e-17	1.9159e-17
2.5114e+14	1.2308e-17	1.6937e-17
2.5138e+14	1.1126e-18	6.9618e-18
2.5163e+14	8.8199e-18	1.5667e-17
2.5187e+14	1.6482e-17	2.1162e-17
2.5212e+14	5.1178e-18	9.7352e-18
2.5236e+14	4.2697e-18	1.0978e-17
2.5261e+14	1.4872e-17	2.0463e-17
2.5285e+14	8.3791e-18	1.2417e-17
2.5309e+14	2.0675e-18	7.878e-18
2.5334e+14	1.2744e-17	1.9225e-17
2.5358e+14	1.2296e-17	1.7047e-17
2.5383e+14	2.1542e-18	6.8676e-18
2.5407e+14	9.7206e-18	1.4931e-17
2.5432e+14	1.5578e-17	1.9857e-17
2.5456e+14	3.8883e-18	8.5715e-18
2.548e+14	4.4959e-18	1.0269e-17
2.5505e+14	1.5191e-17	2.0241e-17
2.5529e+14	7.5474e-18	1.2727e-17
2.5554e+14	1.8274e-18	8.0604e-18
2.5578e+14	1.4036e-17	1.8528e-17
2.5603e+14	1.2811e-17	1.5994e-17
2.5627e+14	5.2781e-19	6.244e-18
2.5651e+14	7.9934e-18	1.4363e-17
2.5676e+14	1.5309e-17	1.8878e-17
2.57e+14	3.9294e-18	7.6045e-18
2.5725e+14	4.1517e-18	9.6583e-18
2.5749e+14	1.5455e-17	1.965e-17
2.5774e+14	8.2638e-18	1.1677e-17
2.5798e+14	1.5867e-18	6.4768e-18
2.5822e+14	1.3135e-17	1.7079e-17
2.5847e+14	1.2727e-17	1.5441e-17
2.5871e+14	1.1422e-18	6.1251e-18
2.5896e+14	8.2678e-18	1.373e-17
2.592e+14	1.5141e-17	1.8077e-17
2.5945e+14	3.4728e-18	7.2399e-18
2.5969e+14	3.5888e-18	9.0074e-18
2.5993e+14	1.5729e-17	1.8375e-17
2.6018e+14	9.3292e-18	1.0945e-17
2.6042e+14	1.5262e-18	6.5674e-18
2.6067e+14	1.1728e-17	1.6679e-17
2.6091e+14	1.2537e-17	1.4244e-17
2.6116e+14	2.7499e-18	5.1706e-18
2.614e+14	9.1425e-18	1.3275e-17
2.6164e+14	1.4692e-17	1.7715e-17
2.6189e+14	3.8084e-18	7.1314e-18
2.6213e+14	4.7622e-18	9.1901e-18
2.6238e+14	1.5707e-17	1.8306e-17
2.6262e+14	8.4015e-18	1.0561e-17
2.6287e+14	1.8115e-18	6.2786e-18
2.6311e+14	1.2946e-17	1.6375e-17
2.6336e+14	1.2378e-17	1.362e-17
2.636e+14	9.2628e-19	4.4649e-18
2.6384e+14	7.7432e-18	1.2791e-17
2.6409e+14	1.4601e-17	1.7293e-17
2.6433e+14	3.7128e-18	6.5643e-18
2.6458e+14	4.2601e-18	8.5546e-18
2.6482e+14	1.6243e-17	1.7653e-17
2.6507e+14	9.9529e-18	9.7387e-18
2.6531e+14	2.2322e-18	5.3697e-18
2.6555e+14	1.1936e-17	1.5931e-17
2.658e+14	1.2057e-17	1.3897e-17
2.6604e+14	1.743e-18	4.762e-18
2.6629e+14	8.2717e-18	1.2334e-17
2.6653e+14	1.5006e-17	1.6474e-17
2.6678e+14	4.8477e-18	6.4663e-18
2.6702e+14	4.7969e-18	9.4698e-18
2.6726e+14	1.4785e-17	1.8654e-17
2.6751e+14	7.8165e-18	9.7728e-18
2.6775e+14	1.2992e-18	4.5491e-18
2.68e+14	1.2266e-17	1.5186e-17
2.6824e+14	1.2909e-17	1.3442e-17
2.6849e+14	2.5818e-18	4.3388e-18
2.6873e+14	8.6245e-18	1.2627e-17
2.6897e+14	1.4759e-17	1.7672e-17
2.6922e+14	4.1708e-18	6.4163e-18
2.6946e+14	3.8866e-18	6.91e-18
2.6971e+14	1.437e-17	1.6271e-17
2.6995e+14	8.4347e-18	9.9052e-18
2.702e+14	1.9482e-18	5.3162e-18
2.7044e+14	1.2083e-17	1.487e-17
2.7068e+14	1.2999e-17	1.3631e-17
2.7093e+14	3.5184e-18	5.3762e-18
2.7117e+14	8.8699e-18	1.213e-17
2.7142e+14	1.4012e-17	1.5771e-17
2.7166e+14	4.2827e-18	6.0538e-18
2.7191e+14	4.8139e-18	8.3286e-18
2.7215e+14	1.4086e-17	1.7093e-17
2.7239e+14	7.4301e-18	9.6962e-18
2.7264e+14	2.5521e-18	5.2231e-18
2.7288e+14	1.3576e-17	1.4749e-17
2.7313e+14	1.2576e-17	1.2933e-17
2.7337e+14	1.4408e-18	4.6124e-18
2.7362e+14	8.0021e-18	1.1705e-17
2.7386e+14	1.4975e-17	1.5408e-17
2.741e+14	5.1124e-18	5.7443e-18
2.7435e+14	4.8795e-18	8.3344e-18
2.7459e+14	1.4654e-17	1.7254e-17
2.7484e+14	8.545e-18	9.5998e-18
2.7508e+14	2.8328e-18	4.7546e-18
2.7533e+14	1.3257e-17	1.4151e-17
2.7557e+14	1.3435e-17	1.2391e-17
2.7581e+14	3.4871e-18	4.0565e-18
2.7606e+14	9.2436e-18	1.1396e-17
2.763e+14	1.4474e-17	1.5901e-17
2.7655e+14	3.8299e-18	6.5182e-18
2.7679e+14	3.8768e-18	8.0066e-18
2.7704e+14	1.4141e-17	1.6044e-17
2.7728e+14	8.1272e-18	9.3233e-18
2.7752e+14	2.0758e-18	5.7828e-18
2.7777e+14	1.2382e-17	1.5049e-17
2.7801e+14	1.2816e-17	1.2531e-17
2.7826e+14	2.5724e-18	3.8635e-18
2.785e+14	7.7483e-18	1.0689e-17
2.7875e+14	1.3764e-17	1.4476e-17
2.7899e+14	4.8073e-18	5.359e-18
2.7923e+14	5.2394e-18	8.0033e-18
2.7948e+14	1.4906e-17	1.6441e-17
2.7972e+14	9.1233e-18	8.6667e-18
2.7997e+14	3.3506e-18	3.8938e-18
2.8021e+14	1.2597e-17	1.3279e-17
2.8046e+14	1.2074e-17	1.1934e-17
2.807e+14	2.4385e-18	3.8906e-18
2.8094e+14	8.523e-18	1.0477e-17
2.8119e+14	1.4563e-17	1.4211e-17
2.8143e+14	5.3831e-18	5.0728e-18
2.8168e+14	5.6754e-18	6.8819e-18
2.8192e+14	1.4896e-17	1.4803e-17
2.8217e+14	8.6918e-18	8.2045e-18
2.8241e+14	2.8921e-18	4.8437e-18
2.8265e+14	1.2006e-17	1.4048e-17
2.829e+14	1.1224e-17	1.1876e-17
2.8314e+14	2.1244e-18	3.7725e-18
2.8339e+14	9.4141e-18	1.0637e-17
2.8363e+14	1.5629e-17	1.4483e-17
2.8388e+14	5.0722e-18	5.5618e-18
2.8412e+14	4.4168e-18	7.5325e-18
2.8436e+14	1.4375e-17	1.5362e-17
2.8461e+14	8.8936e-18	8.7584e-18
2.8485e+14	2.65e-18	5.2857e-18
2.851e+14	1.1989e-17	1.388e-17
2.8534e+14	1.2717e-17	1.131e-17
2.8559e+14	3.728e-18	3.5964e-18
2.8583e+14	9.13e-18	1.0802e-17
2.8607e+14	1.462e-17	1.4376e-17
2.8632e+14	5.191e-18	5.1271e-18
2.8656e+14	4.7019e-18	6.7681e-18
2.8681e+14	1.3718e-17	1.3907e-17
2.8705e+14	8.5989e-18	7.031e-18
2.873e+14	3.4735e-18	4.4617e-18
2.8754e+14	1.2564e-17	1.4079e-17
2.8779e+14	1.2452e-17	1.1486e-17
2.8803e+14	3.4864e-18	3.3987e-18
2.8827e+14	9.0278e-18	1.0787e-17
2.8852e+14	1.4406e-17	1.4541e-17
2.8876e+14	5.5903e-18	5.0958e-18
2.8901e+14	5.8725e-18	6.9862e-18
2.8925e+14	1.4368e-17	1.4816e-17
2.895e+14	8.2274e-18	7.8194e-18
2.8974e+14	3.196e-18	4.4204e-18
2.8998e+14	1.2887e-17	1.3993e-17
2.9023e+14	1.2544e-17	1.2082e-17
2.9047e+14	3.0425e-18	4.0952e-18
2.9072e+14	8.6799e-18	1.1159e-17
2.9096e+14	1.4062e-17	1.4881e-17
2.9121e+14	4.5107e-18	5.0615e-18
2.9145e+14	4.5921e-18	6.1935e-18
2.9169e+14	1.4209e-17	1.4256e-17
2.9194e+14	8.7727e-18	8.1372e-18
2.9218e+14	2.9513e-18	4.3716e-18
2.9243e+14	1.2264e-17	1.2864e-17
2.9267e+14	1.2956e-17	1.1069e-17
2.9292e+14	3.8311e-18	3.7137e-18
2.9316e+14	8.5345e-18	1.054e-17
2.934e+14	1.3958e-17	1.4359e-17
2.9365e+14	5.6484e-18	5.936e-18
2.9389e+14	5.8032e-18	7.9293e-18
2.9414e+14	1.4477e-17	1.5106e-17
2.9438e+14	9.2282e-18	7.9531e-18
2.9463e+14	4.0794e-18	4.3755e-18
2.9487e+14	1.2604e-17	1.3519e-17
2.9511e+14	1.1979e-17	1.179e-17
2.9536e+14	2.8891e-18	3.8957e-18
2.956e+14	8.3891e-18	1.0029e-17
2.9585e+14	1.395e-17	1.3339e-17
2.9609e+14	5.2969e-18	4.7467e-18
2.9634e+14	5.353e-18	6.9926e-18
2.9658e+14	1.3931e-17	1.4734e-17
2.9682e+14	8.1158e-18	7.9373e-18
2.9707e+14	2.6157e-18	4.1615e-18
2.9731e+14	1.2114e-17	1.301e-17
2.9756e+14	1.3035e-17	1.1341e-17
2.978e+14	4.0748e-18	3.7101e-18
2.9805e+14	8.6463e-18	1.0272e-17
2.9829e+14	1.4428e-17	1.4017e-17
2.9853e+14	6.7802e-18	5.0974e-18
2.9878e+14	6.4849e-18	6.5315e-18
2.9902e+14	1.4105e-17	1.4596e-17
2.9927e+14	8.7132e-18	9.0454e-18
2.9951e+14	3.7419e-18	5.2544e-18
2.9976e+14	1.2058e-17	1.2839e-17
3e+14	1.1884e-17	1.0743e-17
