#Error on normalization	O = 2.359 %	H = 1.924 %
#Frequence (s-1)	S_O (s)	S_H (s)
0	7.2423e-16	5.9947e-15
1.2014e+11	-2.0552e-16	6.3106e-15
2.4029e+11	-4.3022e-16	6.6895e-15
3.6043e+11	9.2574e-16	6.7107e-15
4.8058e+11	5.7755e-16	6.7823e-15
6.0072e+11	-2.8777e-16	6.7403e-15
7.2087e+11	1.1063e-15	6.2183e-15
8.4101e+11	1.8813e-15	5.9481e-15
9.6115e+11	8.9986e-16	6.4182e-15
1.0813e+12	1.8531e-15	6.7829e-15
1.2014e+12	3.7671e-15	6.6303e-15
1.3216e+12	3.5676e-15	6.6943e-15
1.4417e+12	4.6059e-15	7.1743e-15
1.5619e+12	8.5122e-15	7.4049e-15
1.682e+12	9.7142e-15	7.1753e-15
1.8022e+12	7.188e-15	6.9761e-15
1.9223e+12	6.895e-15	7.1545e-15
2.0425e+12	1.0426e-14	7.4352e-15
2.1626e+12	1.4073e-14	7.4355e-15
2.2827e+12	1.518e-14	7.4967e-15
2.4029e+12	1.3592e-14	8.0278e-15
2.523e+12	1.3007e-14	8.3153e-15
2.6432e+12	1.6499e-14	7.8313e-15
2.7633e+12	1.814e-14	7.6661e-15
2.8835e+12	1.4111e-14	8.3903e-15
3.0036e+12	1.5463e-14	8.7185e-15
3.1237e+12	2.679e-14	8.2141e-15
3.2439e+12	3.0959e-14	7.987e-15
3.364e+12	2.0524e-14	8.02e-15
3.4842e+12	1.3852e-14	7.7182e-15
3.6043e+12	1.9207e-14	7.941e-15
3.7245e+12	2.1877e-14	8.8539e-15
3.8446e+12	1.8052e-14	8.8671e-15
3.9648e+12	1.9779e-14	8.0951e-15
4.0849e+12	2.6755e-14	8.3662e-15
4.205e+12	2.9201e-14	9.3356e-15
4.3252e+12	2.7568e-14	9.4641e-15
4.4453e+12	2.6096e-14	9.2054e-15
4.5655e+12	2.5377e-14	9.2254e-15
4.6856e+12	2.8609e-14	8.834e-15
4.8058e+12	3.5552e-14	8.3361e-15
4.9259e+12	3.8539e-14	8.7786e-15
5.0461e+12	3.8437e-14	9.4916e-15
5.1662e+12	4.3887e-14	9.6422e-15
5.2863e+12	5.0993e-14	1.0005e-14
5.4065e+12	5.0846e-14	1.0771e-14
5.5266e+12	4.9413e-14	1.0994e-14
5.6468e+12	5.3754e-14	1.0777e-14
5.7669e+12	5.6131e-14	1.075e-14
5.8871e+12	5.1386e-14	1.0662e-14
6.0072e+12	4.731e-14	1.0519e-14
6.1274e+12	4.8089e-14	1.0644e-14
6.2475e+12	4.9164e-14	1.0535e-14
6.3676e+12	4.7918e-14	1.0218e-14
6.4878e+12	4.48e-14	1.071e-14
6.6079e+12	4.2726e-14	1.1452e-14
6.7281e+12	4.8978e-14	1.0816e-14
6.8482e+12	6.3222e-14	9.5056e-15
6.9684e+12	7.0774e-14	9.4694e-15
7.0885e+12	6.3913e-14	1.047e-14
7.2087e+12	5.5351e-14	1.0981e-14
7.3288e+12	5.7105e-14	1.0657e-14
7.4489e+12	6.3921e-14	1.0258e-14
7.5691e+12	6.6474e-14	1.0719e-14
7.6892e+12	6.4232e-14	1.2056e-14
7.8094e+12	6.1311e-14	1.2677e-14
7.9295e+12	6.106e-14	1.1665e-14
8.0497e+12	6.3591e-14	1.0624e-14
8.1698e+12	6.3575e-14	1.0775e-14
8.2899e+12	5.6601e-14	1.1088e-14
8.4101e+12	4.8654e-14	1.1156e-14
8.5302e+12	4.9506e-14	1.1767e-14
8.6504e+12	5.6732e-14	1.2211e-14
8.7705e+12	5.8566e-14	1.1571e-14
8.8907e+12	5.3489e-14	1.1175e-14
9.0108e+12	5.1772e-14	1.1858e-14
9.131e+12	5.4736e-14	1.2078e-14
9.2511e+12	5.2061e-14	1.131e-14
9.3712e+12	4.4163e-14	1.1024e-14
9.4914e+12	4.3286e-14	1.1492e-14
9.6115e+12	4.9136e-14	1.179e-14
9.7317e+12	5.0948e-14	1.2035e-14
9.8518e+12	5.0847e-14	1.247e-14
9.972e+12	5.5509e-14	1.2491e-14
1.0092e+13	5.7462e-14	1.2208e-14
1.0212e+13	5.3205e-14	1.2338e-14
1.0332e+13	5.5117e-14	1.2485e-14
1.0453e+13	6.2584e-14	1.1952e-14
1.0573e+13	5.807e-14	1.1341e-14
1.0693e+13	4.5003e-14	1.1537e-14
1.0813e+13	4.4535e-14	1.2298e-14
1.0933e+13	5.4162e-14	1.2786e-14
1.1053e+13	5.6472e-14	1.266e-14
1.1173e+13	5.5095e-14	1.2267e-14
1.1294e+13	5.9629e-14	1.1983e-14
1.1414e+13	6.1518e-14	1.1721e-14
1.1534e+13	5.6376e-14	1.1557e-14
1.1654e+13	5.5118e-14	1.201e-14
1.1774e+13	5.7095e-14	1.2836e-14
1.1894e+13	5.132e-14	1.3008e-14
1.2014e+13	4.4256e-14	1.2675e-14
1.2135e+13	4.8955e-14	1.3042e-14
1.2255e+13	5.9249e-14	1.3953e-14
1.2375e+13	6.4058e-14	1.4092e-14
1.2495e+13	6.6014e-14	1.3473e-14
1.2615e+13	6.7433e-14	1.3273e-14
1.2735e+13	6.2667e-14	1.3538e-14
1.2855e+13	5.3054e-14	1.3166e-14
1.2976e+13	4.7907e-14	1.2055e-14
1.3096e+13	5.0018e-14	1.1678e-14
1.3216e+13	5.4185e-14	1.2877e-14
1.3336e+13	5.5942e-14	1.4272e-14
1.3456e+13	5.5707e-14	1.4349e-14
1.3576e+13	5.7276e-14	1.3825e-14
1.3696e+13	6.071e-14	1.3813e-14
1.3817e+13	5.9656e-14	1.3627e-14
1.3937e+13	5.3511e-14	1.2891e-14
1.4057e+13	5.1837e-14	1.2855e-14
1.4177e+13	5.6244e-14	1.3514e-14
1.4297e+13	5.5505e-14	1.3351e-14
1.4417e+13	4.7963e-14	1.2799e-14
1.4537e+13	4.5684e-14	1.3371e-14
1.4658e+13	5.0854e-14	1.4149e-14
1.4778e+13	5.3183e-14	1.3727e-14
1.4898e+13	5.0767e-14	1.3194e-14
1.5018e+13	4.9912e-14	1.3448e-14
1.5138e+13	5.0175e-14	1.3396e-14
1.5258e+13	4.9257e-14	1.3019e-14
1.5378e+13	5.1513e-14	1.3543e-14
1.5499e+13	5.6972e-14	1.4201e-14
1.5619e+13	5.6838e-14	1.3611e-14
1.5739e+13	5.0117e-14	1.3117e-14
1.5859e+13	4.7967e-14	1.4403e-14
1.5979e+13	5.4309e-14	1.6049e-14
1.6099e+13	5.8782e-14	1.5964e-14
1.6219e+13	5.4945e-14	1.4775e-14
1.634e+13	5.0011e-14	1.4262e-14
1.646e+13	5.0619e-14	1.4517e-14
1.658e+13	5.2672e-14	1.4555e-14
1.67e+13	5.1319e-14	1.4338e-14
1.682e+13	4.8774e-14	1.4518e-14
1.694e+13	4.7096e-14	1.4871e-14
1.706e+13	4.4962e-14	1.4713e-14
1.7181e+13	4.437e-14	1.4426e-14
1.7301e+13	4.8066e-14	1.4657e-14
1.7421e+13	5.0832e-14	1.4855e-14
1.7541e+13	4.6967e-14	1.4656e-14
1.7661e+13	4.2145e-14	1.4977e-14
1.7781e+13	4.3502e-14	1.5803e-14
1.7901e+13	4.5961e-14	1.5622e-14
1.8022e+13	4.2678e-14	1.4476e-14
1.8142e+13	3.8331e-14	1.4148e-14
1.8262e+13	3.8872e-14	1.4898e-14
1.8382e+13	3.9726e-14	1.5553e-14
1.8502e+13	3.5317e-14	1.5993e-14
1.8622e+13	2.9808e-14	1.6464e-14
1.8742e+13	2.9672e-14	1.6402e-14
1.8863e+13	3.3087e-14	1.5927e-14
1.8983e+13	3.3237e-14	1.5849e-14
1.9103e+13	2.8928e-14	1.5786e-14
1.9223e+13	2.6449e-14	1.5214e-14
1.9343e+13	2.9353e-14	1.5134e-14
1.9463e+13	3.1899e-14	1.5948e-14
1.9584e+13	2.844e-14	1.6125e-14
1.9704e+13	2.2973e-14	1.5159e-14
1.9824e+13	2.1328e-14	1.472e-14
1.9944e+13	2.1991e-14	1.5491e-14
2.0064e+13	2.2506e-14	1.6138e-14
2.0184e+13	2.4524e-14	1.6026e-14
2.0304e+13	2.662e-14	1.5951e-14
2.0425e+13	2.4265e-14	1.6158e-14
2.0545e+13	1.9522e-14	1.6113e-14
2.0665e+13	1.8301e-14	1.5898e-14
2.0785e+13	1.9625e-14	1.5998e-14
2.0905e+13	1.8958e-14	1.6245e-14
2.1025e+13	1.7002e-14	1.6168e-14
2.1145e+13	1.6377e-14	1.5761e-14
2.1266e+13	1.6532e-14	1.5341e-14
2.1386e+13	1.6633e-14	1.5289e-14
2.1506e+13	1.6663e-14	1.5843e-14
2.1626e+13	1.5746e-14	1.6521e-14
2.1746e+13	1.4531e-14	1.6486e-14
2.1866e+13	1.4952e-14	1.5858e-14
2.1986e+13	1.5537e-14	1.5356e-14
2.2107e+13	1.3896e-14	1.4938e-14
2.2227e+13	1.225e-14	1.4632e-14
2.2347e+13	1.291e-14	1.5372e-14
2.2467e+13	1.3423e-14	1.6833e-14
2.2587e+13	1.2348e-14	1.7007e-14
2.2707e+13	1.2013e-14	1.5902e-14
2.2827e+13	1.2381e-14	1.5887e-14
2.2948e+13	1.1258e-14	1.7086e-14
2.3068e+13	1.0111e-14	1.7219e-14
2.3188e+13	1.1025e-14	1.6232e-14
2.3308e+13	1.1685e-14	1.6089e-14
2.3428e+13	1.0227e-14	1.6882e-14
2.3548e+13	9.0397e-15	1.7359e-14
2.3668e+13	9.6662e-15	1.7265e-14
2.3789e+13	1.0408e-14	1.6543e-14
2.3909e+13	1.0107e-14	1.5129e-14
2.4029e+13	9.0667e-15	1.4317e-14
2.4149e+13	7.7702e-15	1.5228e-14
2.4269e+13	7.4063e-15	1.6698e-14
2.4389e+13	8.3595e-15	1.7063e-14
2.4509e+13	8.505e-15	1.6304e-14
2.463e+13	6.9755e-15	1.5388e-14
2.475e+13	6.4907e-15	1.5193e-14
2.487e+13	8.2142e-15	1.5694e-14
2.499e+13	9.2128e-15	1.5605e-14
2.511e+13	7.8525e-15	1.454e-14
2.523e+13	6.3726e-15	1.4283e-14
2.535e+13	6.4785e-15	1.5403e-14
2.5471e+13	7.0355e-15	1.5733e-14
2.5591e+13	6.8106e-15	1.475e-14
2.5711e+13	6.2651e-15	1.4908e-14
2.5831e+13	6.2581e-15	1.6729e-14
2.5951e+13	6.5342e-15	1.7637e-14
2.6071e+13	6.1881e-15	1.6678e-14
2.6191e+13	5.4411e-15	1.5817e-14
2.6312e+13	5.5024e-15	1.6252e-14
2.6432e+13	6.1912e-15	1.6817e-14
2.6552e+13	6.0484e-15	1.6334e-14
2.6672e+13	5.2096e-15	1.5572e-14
2.6792e+13	5.1706e-15	1.5876e-14
2.6912e+13	5.8892e-15	1.6683e-14
2.7032e+13	6.1465e-15	1.6571e-14
2.7153e+13	5.799e-15	1.6115e-14
2.7273e+13	5.3229e-15	1.6421e-14
2.7393e+13	4.8075e-15	1.6423e-14
2.7513e+13	4.5768e-15	1.5479e-14
2.7633e+13	4.849e-15	1.5339e-14
2.7753e+13	4.9271e-15	1.6258e-14
2.7873e+13	4.4552e-15	1.6236e-14
2.7994e+13	4.2247e-15	1.5554e-14
2.8114e+13	4.6071e-15	1.5788e-14
2.8234e+13	4.9236e-15	1.5804e-14
2.8354e+13	4.7173e-15	1.4775e-14
2.8474e+13	4.1865e-15	1.465e-14
2.8594e+13	3.7626e-15	1.5512e-14
2.8714e+13	3.9029e-15	1.5348e-14
2.8835e+13	4.4312e-15	1.5042e-14
2.8955e+13	4.4625e-15	1.5868e-14
2.9075e+13	3.874e-15	1.5653e-14
2.9195e+13	3.5747e-15	1.411e-14
2.9315e+13	3.7995e-15	1.4428e-14
2.9435e+13	3.9137e-15	1.5979e-14
2.9555e+13	3.8621e-15	1.5466e-14
2.9676e+13	4.0368e-15	1.4571e-14
2.9796e+13	4.2035e-15	1.5954e-14
2.9916e+13	3.8998e-15	1.6851e-14
3.0036e+13	3.2945e-15	1.5293e-14
3.0156e+13	2.98e-15	1.4197e-14
3.0276e+13	3.2431e-15	1.4506e-14
3.0396e+13	3.658e-15	1.4181e-14
3.0517e+13	3.6357e-15	1.4054e-14
3.0637e+13	3.3855e-15	1.5498e-14
3.0757e+13	3.4064e-15	1.6426e-14
3.0877e+13	3.3894e-15	1.5921e-14
3.0997e+13	3.0936e-15	1.5999e-14
3.1117e+13	3.2105e-15	1.6547e-14
3.1237e+13	3.771e-15	1.5964e-14
3.1358e+13	3.6715e-15	1.5222e-14
3.1478e+13	2.9371e-15	1.5435e-14
3.1598e+13	2.7796e-15	1.5665e-14
3.1718e+13	3.1405e-15	1.5728e-14
3.1838e+13	3.1125e-15	1.6009e-14
3.1958e+13	2.9711e-15	1.5549e-14
3.2078e+13	3.179e-15	1.4464e-14
3.2199e+13	3.1689e-15	1.4405e-14
3.2319e+13	2.8362e-15	1.4998e-14
3.2439e+13	2.8794e-15	1.4901e-14
3.2559e+13	3.1426e-15	1.4823e-14
3.2679e+13	3.0087e-15	1.5083e-14
3.2799e+13	2.7959e-15	1.4422e-14
3.292e+13	2.8871e-15	1.3497e-14
3.304e+13	2.8959e-15	1.3992e-14
3.316e+13	2.6962e-15	1.4855e-14
3.328e+13	2.6299e-15	1.4531e-14
3.34e+13	2.6452e-15	1.3888e-14
3.352e+13	2.5628e-15	1.3832e-14
3.364e+13	2.5422e-15	1.4246e-14
3.3761e+13	2.6118e-15	1.5326e-14
3.3881e+13	2.6225e-15	1.6198e-14
3.4001e+13	2.6024e-15	1.5295e-14
3.4121e+13	2.537e-15	1.3994e-14
3.4241e+13	2.3774e-15	1.4591e-14
3.4361e+13	2.2965e-15	1.5632e-14
3.4481e+13	2.3015e-15	1.5231e-14
3.4602e+13	2.2069e-15	1.5033e-14
3.4722e+13	2.1963e-15	1.5773e-14
3.4842e+13	2.38e-15	1.5217e-14
3.4962e+13	2.3483e-15	1.3698e-14
3.5082e+13	2.1407e-15	1.417e-14
3.5202e+13	2.2769e-15	1.5925e-14
3.5322e+13	2.4163e-15	1.5691e-14
3.5443e+13	1.9827e-15	1.3873e-14
3.5563e+13	1.6251e-15	1.3399e-14
3.5683e+13	1.935e-15	1.4448e-14
3.5803e+13	2.1859e-15	1.4966e-14
3.5923e+13	2.0034e-15	1.4415e-14
3.6043e+13	2.0547e-15	1.3939e-14
3.6163e+13	2.321e-15	1.3989e-14
3.6284e+13	2.1916e-15	1.3854e-14
3.6404e+13	1.9553e-15	1.3457e-14
3.6524e+13	2.0571e-15	1.3812e-14
3.6644e+13	2.1559e-15	1.4923e-14
3.6764e+13	2.1589e-15	1.5335e-14
3.6884e+13	2.3404e-15	1.4781e-14
3.7004e+13	2.3649e-15	1.4649e-14
3.7125e+13	2.0497e-15	1.5174e-14
3.7245e+13	2.0282e-15	1.5092e-14
3.7365e+13	2.3305e-15	1.4127e-14
3.7485e+13	2.1868e-15	1.3277e-14
3.7605e+13	1.7141e-15	1.3196e-14
3.7725e+13	1.6468e-15	1.3743e-14
3.7845e+13	1.8282e-15	1.43e-14
3.7966e+13	1.8099e-15	1.4321e-14
3.8086e+13	1.7926e-15	1.4033e-14
3.8206e+13	1.8596e-15	1.3801e-14
3.8326e+13	1.7664e-15	1.3441e-14
3.8446e+13	1.7115e-15	1.3221e-14
3.8566e+13	1.9176e-15	1.3591e-14
3.8686e+13	2.0127e-15	1.3579e-14
3.8807e+13	1.8104e-15	1.2614e-14
3.8927e+13	1.6954e-15	1.2578e-14
3.9047e+13	1.7989e-15	1.4229e-14
3.9167e+13	1.8394e-15	1.4999e-14
3.9287e+13	1.7355e-15	1.3859e-14
3.9407e+13	1.6433e-15	1.325e-14
3.9527e+13	1.6763e-15	1.4027e-14
3.9648e+13	1.8297e-15	1.4402e-14
3.9768e+13	1.9202e-15	1.4034e-14
3.9888e+13	1.8013e-15	1.3796e-14
4.0008e+13	1.65e-15	1.3541e-14
4.0128e+13	1.6304e-15	1.358e-14
4.0248e+13	1.6235e-15	1.4578e-14
4.0368e+13	1.6254e-15	1.5182e-14
4.0489e+13	1.7468e-15	1.4243e-14
4.0609e+13	1.7831e-15	1.3411e-14
4.0729e+13	1.5697e-15	1.3702e-14
4.0849e+13	1.4088e-15	1.3741e-14
4.0969e+13	1.4955e-15	1.3382e-14
4.1089e+13	1.5999e-15	1.3754e-14
4.1209e+13	1.6177e-15	1.4161e-14
4.133e+13	1.6396e-15	1.3718e-14
4.145e+13	1.5956e-15	1.3405e-14
4.157e+13	1.4863e-15	1.3577e-14
4.169e+13	1.4865e-15	1.3589e-14
4.181e+13	1.5366e-15	1.3996e-14
4.193e+13	1.4913e-15	1.4779e-14
4.205e+13	1.4863e-15	1.4226e-14
4.2171e+13	1.5623e-15	1.2811e-14
4.2291e+13	1.5214e-15	1.3089e-14
4.2411e+13	1.4567e-15	1.4573e-14
4.2531e+13	1.5893e-15	1.4829e-14
4.2651e+13	1.6985e-15	1.419e-14
4.2771e+13	1.5579e-15	1.3853e-14
4.2891e+13	1.4231e-15	1.3149e-14
4.3012e+13	1.4653e-15	1.2434e-14
4.3132e+13	1.4833e-15	1.3209e-14
4.3252e+13	1.4416e-15	1.4254e-14
4.3372e+13	1.4845e-15	1.3568e-14
4.3492e+13	1.5296e-15	1.2511e-14
4.3612e+13	1.4902e-15	1.2857e-14
4.3732e+13	1.5021e-15	1.3502e-14
4.3853e+13	1.5792e-15	1.3474e-14
4.3973e+13	1.5643e-15	1.3467e-14
4.4093e+13	1.4644e-15	1.3481e-14
4.4213e+13	1.396e-15	1.3343e-14
4.4333e+13	1.3919e-15	1.3934e-14
4.4453e+13	1.4666e-15	1.4784e-14
4.4573e+13	1.5672e-15	1.4174e-14
4.4694e+13	1.5434e-15	1.2784e-14
4.4814e+13	1.4287e-15	1.2519e-14
4.4934e+13	1.4175e-15	1.2746e-14
4.5054e+13	1.4696e-15	1.2319e-14
4.5174e+13	1.4323e-15	1.2288e-14
4.5294e+13	1.4094e-15	1.3117e-14
4.5414e+13	1.4794e-15	1.3528e-14
4.5535e+13	1.45e-15	1.3532e-14
4.5655e+13	1.3363e-15	1.392e-14
4.5775e+13	1.4361e-15	1.3759e-14
4.5895e+13	1.6321e-15	1.2636e-14
4.6015e+13	1.4686e-15	1.2209e-14
4.6135e+13	1.0703e-15	1.2662e-14
4.6256e+13	1.0102e-15	1.2394e-14
4.6376e+13	1.2611e-15	1.1911e-14
4.6496e+13	1.3081e-15	1.2501e-14
4.6616e+13	1.1536e-15	1.2775e-14
4.6736e+13	1.1776e-15	1.1797e-14
4.6856e+13	1.2939e-15	1.1642e-14
4.6976e+13	1.2131e-15	1.2852e-14
4.7097e+13	1.1072e-15	1.3088e-14
4.7217e+13	1.2024e-15	1.2182e-14
4.7337e+13	1.3003e-15	1.202e-14
4.7457e+13	1.2658e-15	1.2079e-14
4.7577e+13	1.2676e-15	1.1268e-14
4.7697e+13	1.2868e-15	1.1034e-14
4.7817e+13	1.1746e-15	1.184e-14
4.7938e+13	1.1055e-15	1.1704e-14
4.8058e+13	1.2334e-15	1.079e-14
4.8178e+13	1.3053e-15	1.1162e-14
4.8298e+13	1.1807e-15	1.2048e-14
4.8418e+13	1.0967e-15	1.1598e-14
4.8538e+13	1.128e-15	1.095e-14
4.8658e+13	1.1166e-15	1.142e-14
4.8779e+13	1.1116e-15	1.1755e-14
4.8899e+13	1.2158e-15	1.1254e-14
4.9019e+13	1.2874e-15	1.0882e-14
4.9139e+13	1.2404e-15	1.065e-14
4.9259e+13	1.1965e-15	1.0208e-14
4.9379e+13	1.1981e-15	1.0336e-14
4.9499e+13	1.2095e-15	1.0897e-14
4.962e+13	1.2477e-15	1.0587e-14
4.974e+13	1.241e-15	9.8243e-15
4.986e+13	1.1252e-15	9.9874e-15
4.998e+13	1.075e-15	1.0562e-14
5.01e+13	1.189e-15	1.0555e-14
5.022e+13	1.2381e-15	1.049e-14
5.034e+13	1.1129e-15	1.0669e-14
5.0461e+13	1.0307e-15	1.0424e-14
5.0581e+13	1.0835e-15	9.9678e-15
5.0701e+13	1.1237e-15	1.0128e-14
5.0821e+13	1.0996e-15	1.0588e-14
5.0941e+13	1.0677e-15	1.0473e-14
5.1061e+13	1.0435e-15	9.7657e-15
5.1181e+13	1.0531e-15	9.1383e-15
5.1302e+13	1.0874e-15	9.1334e-15
5.1422e+13	1.0527e-15	9.4999e-15
5.1542e+13	9.6575e-16	9.4104e-15
5.1662e+13	9.5612e-16	8.8917e-15
5.1782e+13	1.012e-15	8.8856e-15
5.1902e+13	1.0335e-15	9.3757e-15
5.2022e+13	1.0295e-15	9.4646e-15
5.2143e+13	1.026e-15	9.2315e-15
5.2263e+13	1.0059e-15	9.2332e-15
5.2383e+13	9.9802e-16	9.1286e-15
5.2503e+13	9.9881e-16	8.627e-15
5.2623e+13	9.6092e-16	8.1522e-15
5.2743e+13	9.5608e-16	7.8734e-15
5.2863e+13	1.0271e-15	7.8545e-15
5.2984e+13	1.0102e-15	8.3091e-15
5.3104e+13	8.7396e-16	8.5226e-15
5.3224e+13	8.5169e-16	7.811e-15
5.3344e+13	9.5948e-16	7.4374e-15
5.3464e+13	9.5289e-16	8.3622e-15
5.3584e+13	8.3756e-16	8.9078e-15
5.3704e+13	8.051e-16	8.0091e-15
5.3825e+13	8.2876e-16	7.3584e-15
5.3945e+13	8.2652e-16	7.7385e-15
5.4065e+13	8.5821e-16	7.731e-15
5.4185e+13	9.0086e-16	7.2022e-15
5.4305e+13	8.7508e-16	7.2998e-15
5.4425e+13	8.4979e-16	7.5515e-15
5.4545e+13	8.4853e-16	7.0734e-15
5.4666e+13	7.7762e-16	6.6303e-15
5.4786e+13	7.2067e-16	6.7906e-15
5.4906e+13	8.1118e-16	6.8961e-15
5.5026e+13	8.9655e-16	6.7973e-15
5.5146e+13	8.3001e-16	6.7788e-15
5.5266e+13	7.6894e-16	6.519e-15
5.5386e+13	8.1456e-16	6.1366e-15
5.5507e+13	8.3117e-16	6.2896e-15
5.5627e+13	7.7836e-16	6.5664e-15
5.5747e+13	7.4471e-16	6.2725e-15
5.5867e+13	7.2295e-16	6.0329e-15
5.5987e+13	6.9822e-16	6.3297e-15
5.6107e+13	7.2094e-16	6.3761e-15
5.6227e+13	7.5163e-16	5.949e-15
5.6348e+13	7.2519e-16	5.8368e-15
5.6468e+13	7.0182e-16	6.0311e-15
5.6588e+13	7.2612e-16	5.9459e-15
5.6708e+13	7.4556e-16	5.838e-15
5.6828e+13	7.5151e-16	6.0217e-15
5.6948e+13	7.5751e-16	5.9659e-15
5.7068e+13	7.2044e-16	5.4538e-15
5.7189e+13	6.6223e-16	5.1136e-15
5.7309e+13	6.6959e-16	5.23e-15
5.7429e+13	7.2366e-16	5.404e-15
5.7549e+13	7.5432e-16	5.4296e-15
5.7669e+13	7.6726e-16	5.456e-15
5.7789e+13	7.5668e-16	5.4728e-15
5.7909e+13	6.9161e-16	5.3674e-15
5.803e+13	6.3527e-16	5.3061e-15
5.815e+13	6.5949e-16	5.483e-15
5.827e+13	7.1315e-16	5.5886e-15
5.839e+13	7.2951e-16	5.2141e-15
5.851e+13	7.1512e-16	4.7444e-15
5.863e+13	6.8997e-16	4.8493e-15
5.8751e+13	6.8542e-16	5.2041e-15
5.8871e+13	7.2449e-16	5.0826e-15
5.8991e+13	7.3667e-16	4.8367e-15
5.9111e+13	6.606e-16	5.1283e-15
5.9231e+13	5.9078e-16	5.4545e-15
5.9351e+13	6.2238e-16	5.1846e-15
5.9471e+13	6.805e-16	4.9054e-15
5.9592e+13	6.71e-16	5.1492e-15
5.9712e+13	6.3173e-16	5.2764e-15
5.9832e+13	6.3032e-16	4.8656e-15
5.9952e+13	6.5243e-16	4.537e-15
6.0072e+13	6.4236e-16	4.6142e-15
6.0192e+13	6.0036e-16	4.6616e-15
6.0312e+13	6.0006e-16	4.6231e-15
6.0433e+13	6.5998e-16	4.792e-15
6.0553e+13	6.8069e-16	4.8593e-15
6.0673e+13	6.3013e-16	4.5262e-15
6.0793e+13	6.1838e-16	4.3966e-15
6.0913e+13	6.6023e-16	4.8162e-15
6.1033e+13	6.3633e-16	4.9672e-15
6.1153e+13	5.6059e-16	4.5048e-15
6.1274e+13	5.5492e-16	4.4243e-15
6.1394e+13	5.9855e-16	4.993e-15
6.1514e+13	6.1328e-16	5.0248e-15
6.1634e+13	6.3001e-16	4.3277e-15
6.1754e+13	6.5568e-16	4.1978e-15
6.1874e+13	6.3346e-16	4.7668e-15
6.1994e+13	6.0014e-16	4.8255e-15
6.2115e+13	6.1252e-16	4.3734e-15
6.2235e+13	6.2016e-16	4.3704e-15
6.2355e+13	6.1347e-16	4.6129e-15
6.2475e+13	6.608e-16	4.4497e-15
6.2595e+13	7.1709e-16	4.2533e-15
6.2715e+13	6.8521e-16	4.3602e-15
6.2835e+13	6.1615e-16	4.3652e-15
6.2956e+13	6.0043e-16	4.2514e-15
6.3076e+13	6.1508e-16	4.35e-15
6.3196e+13	6.1818e-16	4.4739e-15
6.3316e+13	6.1161e-16	4.5013e-15
6.3436e+13	5.9932e-16	4.647e-15
6.3556e+13	6.0755e-16	4.6295e-15
6.3676e+13	6.4458e-16	4.2209e-15
6.3797e+13	6.3725e-16	4.0795e-15
6.3917e+13	5.6733e-16	4.4694e-15
6.4037e+13	5.453e-16	4.655e-15
6.4157e+13	6.0195e-16	4.4893e-15
6.4277e+13	6.2201e-16	4.5018e-15
6.4397e+13	5.6269e-16	4.4886e-15
6.4517e+13	5.0886e-16	4.1444e-15
6.4638e+13	5.1949e-16	3.9663e-15
6.4758e+13	5.8112e-16	4.0299e-15
6.4878e+13	6.4352e-16	3.8419e-15
6.4998e+13	6.5548e-16	3.7714e-15
6.5118e+13	6.3328e-16	4.2419e-15
6.5238e+13	6.2234e-16	4.4536e-15
6.5358e+13	5.9974e-16	4.0982e-15
6.5479e+13	5.6363e-16	4.1634e-15
6.5599e+13	5.879e-16	4.6073e-15
6.5719e+13	6.4375e-16	4.2993e-15
6.5839e+13	6.1982e-16	3.6374e-15
6.5959e+13	5.6716e-16	3.8238e-15
6.6079e+13	5.8898e-16	4.3053e-15
6.6199e+13	5.974e-16	4.0758e-15
6.632e+13	5.2499e-16	3.7909e-15
6.644e+13	5.0625e-16	4.0978e-15
6.656e+13	5.7979e-16	4.1972e-15
6.668e+13	5.9368e-16	3.7253e-15
6.68e+13	5.3226e-16	3.5762e-15
6.692e+13	5.2175e-16	4.0073e-15
6.704e+13	5.4752e-16	4.201e-15
6.7161e+13	5.2514e-16	3.9443e-15
6.7281e+13	4.9401e-16	3.8743e-15
6.7401e+13	5.0774e-16	4.1248e-15
6.7521e+13	5.3894e-16	4.1469e-15
6.7641e+13	5.688e-16	3.7918e-15
6.7761e+13	5.894e-16	3.568e-15
6.7881e+13	5.7166e-16	3.7751e-15
6.8002e+13	5.3588e-16	4.0705e-15
6.8122e+13	5.3888e-16	4.0671e-15
6.8242e+13	5.7772e-16	3.8631e-15
6.8362e+13	6.042e-16	3.761e-15
6.8482e+13	5.8775e-16	3.8215e-15
6.8602e+13	5.3804e-16	3.8879e-15
6.8722e+13	5.1256e-16	3.8546e-15
6.8843e+13	5.3993e-16	3.8033e-15
6.8963e+13	5.5139e-16	3.8635e-15
6.9083e+13	5.0935e-16	3.9651e-15
6.9203e+13	4.9281e-16	3.9387e-15
6.9323e+13	5.3457e-16	3.8308e-15
6.9443e+13	5.6278e-16	3.7996e-15
6.9563e+13	5.5418e-16	3.852e-15
6.9684e+13	5.3844e-16	3.9529e-15
6.9804e+13	5.1654e-16	4.0565e-15
6.9924e+13	5.1942e-16	3.9994e-15
7.0044e+13	5.6878e-16	3.8392e-15
7.0164e+13	5.7256e-16	3.9171e-15
7.0284e+13	4.9911e-16	4.1325e-15
7.0404e+13	4.8525e-16	4.0097e-15
7.0525e+13	5.5432e-16	3.6943e-15
7.0645e+13	5.5583e-16	3.6662e-15
7.0765e+13	4.9775e-16	3.7288e-15
7.0885e+13	5.2098e-16	3.6095e-15
7.1005e+13	5.8422e-16	3.6887e-15
7.1125e+13	5.7443e-16	4.0282e-15
7.1245e+13	5.4124e-16	4.0862e-15
7.1366e+13	5.4336e-16	3.9178e-15
7.1486e+13	5.4519e-16	3.9554e-15
7.1606e+13	5.613e-16	3.93e-15
7.1726e+13	6.162e-16	3.6587e-15
7.1846e+13	6.399e-16	3.7001e-15
7.1966e+13	5.9843e-16	4.0378e-15
7.2087e+13	5.4613e-16	3.986e-15
7.2207e+13	5.1325e-16	3.767e-15
7.2327e+13	5.1721e-16	3.9968e-15
7.2447e+13	5.5837e-16	4.2169e-15
7.2567e+13	5.5072e-16	3.9867e-15
7.2687e+13	4.836e-16	3.9244e-15
7.2807e+13	4.9931e-16	4.1744e-15
7.2928e+13	5.8514e-16	3.9936e-15
7.3048e+13	5.6171e-16	3.5306e-15
7.3168e+13	4.8738e-16	3.6278e-15
7.3288e+13	5.435e-16	4.0369e-15
7.3408e+13	6.1057e-16	4.0317e-15
7.3528e+13	5.3132e-16	3.8858e-15
7.3648e+13	4.7242e-16	4.0244e-15
7.3769e+13	5.4488e-16	4.059e-15
7.3889e+13	5.7245e-16	3.784e-15
7.4009e+13	5.1239e-16	3.693e-15
7.4129e+13	5.1833e-16	3.9376e-15
7.4249e+13	5.6702e-16	4.0418e-15
7.4369e+13	5.5581e-16	3.8469e-15
7.4489e+13	5.4684e-16	3.7563e-15
7.461e+13	5.5671e-16	3.9562e-15
7.473e+13	4.9611e-16	4.1008e-15
7.485e+13	4.37e-16	3.9555e-15
7.497e+13	4.9595e-16	3.8165e-15
7.509e+13	5.688e-16	3.9266e-15
7.521e+13	5.5375e-16	3.9912e-15
7.533e+13	5.413e-16	3.7894e-15
7.5451e+13	5.6325e-16	3.6479e-15
7.5571e+13	5.3577e-16	3.7702e-15
7.5691e+13	4.9752e-16	3.8478e-15
7.5811e+13	5.4193e-16	3.7526e-15
7.5931e+13	6.1068e-16	3.7684e-15
7.6051e+13	6.144e-16	3.923e-15
7.6171e+13	5.8143e-16	3.927e-15
7.6292e+13	5.6233e-16	3.8004e-15
7.6412e+13	5.6725e-16	3.8568e-15
7.6532e+13	5.9824e-16	4.1194e-15
7.6652e+13	6.2032e-16	4.2534e-15
7.6772e+13	5.863e-16	4.1036e-15
7.6892e+13	5.3354e-16	3.9748e-15
7.7012e+13	5.3211e-16	4.1388e-15
7.7133e+13	5.6105e-16	4.2995e-15
7.7253e+13	5.5599e-16	4.0889e-15
7.7373e+13	5.2255e-16	3.8213e-15
7.7493e+13	5.0814e-16	3.9669e-15
7.7613e+13	5.2078e-16	4.2599e-15
7.7733e+13	5.4219e-16	4.2124e-15
7.7853e+13	5.6892e-16	3.9747e-15
7.7974e+13	5.877e-16	3.9234e-15
7.8094e+13	5.704e-16	4.0351e-15
7.8214e+13	5.4667e-16	4.1438e-15
7.8334e+13	5.8239e-16	4.2133e-15
7.8454e+13	6.3292e-16	4.233e-15
7.8574e+13	5.8608e-16	4.2442e-15
7.8694e+13	4.9285e-16	4.2675e-15
7.8815e+13	5.1022e-16	4.1479e-15
7.8935e+13	6.0615e-16	3.8912e-15
7.9055e+13	6.133e-16	3.8586e-15
7.9175e+13	5.2667e-16	4.1612e-15
7.9295e+13	4.6736e-16	4.3761e-15
7.9415e+13	4.6963e-16	4.2073e-15
7.9535e+13	5.0864e-16	3.8896e-15
7.9656e+13	5.6554e-16	3.8012e-15
7.9776e+13	5.8233e-16	4.0315e-15
7.9896e+13	5.3541e-16	4.2932e-15
8.0016e+13	5.0188e-16	4.2542e-15
8.0136e+13	5.2156e-16	4.0301e-15
8.0256e+13	5.499e-16	3.9659e-15
8.0376e+13	5.7488e-16	3.9903e-15
8.0497e+13	5.8959e-16	3.8617e-15
8.0617e+13	5.5317e-16	3.7569e-15
8.0737e+13	5.1772e-16	3.8908e-15
8.0857e+13	5.7014e-16	4.1046e-15
8.0977e+13	6.2991e-16	4.2916e-15
8.1097e+13	5.9208e-16	4.4575e-15
8.1217e+13	5.3945e-16	4.3692e-15
8.1338e+13	5.4691e-16	4.003e-15
8.1458e+13	5.426e-16	3.8632e-15
8.1578e+13	5.2715e-16	4.1554e-15
8.1698e+13	5.8322e-16	4.4557e-15
8.1818e+13	6.4759e-16	4.5153e-15
8.1938e+13	6.1458e-16	4.4748e-15
8.2058e+13	5.4914e-16	4.4045e-15
8.2179e+13	5.4879e-16	4.3508e-15
8.2299e+13	5.9546e-16	4.3808e-15
8.2419e+13	6.4813e-16	4.3499e-15
8.2539e+13	6.8009e-16	4.2353e-15
8.2659e+13	6.66e-16	4.3211e-15
8.2779e+13	6.4455e-16	4.5241e-15
8.2899e+13	6.4882e-16	4.4245e-15
8.302e+13	6.1588e-16	4.1785e-15
8.314e+13	5.4809e-16	4.2626e-15
8.326e+13	5.628e-16	4.5169e-15
8.338e+13	6.3784e-16	4.5161e-15
8.35e+13	6.217e-16	4.3413e-15
8.362e+13	5.4028e-16	4.2535e-15
8.374e+13	5.3852e-16	4.2657e-15
8.3861e+13	5.8928e-16	4.3038e-15
8.3981e+13	5.8187e-16	4.3199e-15
8.4101e+13	5.4835e-16	4.3693e-15
8.4221e+13	5.7275e-16	4.5625e-15
8.4341e+13	6.3835e-16	4.677e-15
8.4461e+13	6.7531e-16	4.4368e-15
8.4581e+13	6.4833e-16	4.246e-15
8.4702e+13	5.8962e-16	4.5308e-15
8.4822e+13	5.7199e-16	4.7912e-15
8.4942e+13	6.077e-16	4.5929e-15
8.5062e+13	6.3024e-16	4.4174e-15
8.5182e+13	6.0889e-16	4.524e-15
8.5302e+13	5.805e-16	4.572e-15
8.5423e+13	5.7827e-16	4.6259e-15
8.5543e+13	6.1006e-16	4.7791e-15
8.5663e+13	6.5201e-16	4.5934e-15
8.5783e+13	6.5833e-16	4.305e-15
8.5903e+13	6.421e-16	4.6876e-15
8.6023e+13	6.504e-16	5.2081e-15
8.6143e+13	6.425e-16	4.9679e-15
8.6264e+13	5.7612e-16	4.6882e-15
8.6384e+13	5.3927e-16	4.9616e-15
8.6504e+13	5.857e-16	4.7774e-15
8.6624e+13	6.2102e-16	4.0631e-15
8.6744e+13	6.0778e-16	4.1926e-15
8.6864e+13	6.1832e-16	4.8306e-15
8.6984e+13	6.4419e-16	4.51e-15
8.7105e+13	6.3166e-16	3.9594e-15
8.7225e+13	6.1193e-16	4.5234e-15
8.7345e+13	6.0323e-16	5.1669e-15
8.7465e+13	5.8876e-16	4.7938e-15
8.7585e+13	6.2046e-16	4.5217e-15
8.7705e+13	6.9594e-16	5.0421e-15
8.7825e+13	6.8975e-16	5.2784e-15
8.7946e+13	6.0097e-16	4.9186e-15
8.8066e+13	5.7013e-16	4.8575e-15
8.8186e+13	6.0551e-16	5.0875e-15
8.8306e+13	6.3821e-16	4.8979e-15
8.8426e+13	6.9317e-16	4.4557e-15
8.8546e+13	7.3023e-16	4.4279e-15
8.8666e+13	6.5088e-16	4.8741e-15
8.8787e+13	5.645e-16	5.2566e-15
8.8907e+13	6.2288e-16	5.1304e-15
8.9027e+13	7.1388e-16	4.801e-15
8.9147e+13	7.0392e-16	4.9465e-15
8.9267e+13	6.6221e-16	5.3729e-15
8.9387e+13	6.3302e-16	5.3473e-15
8.9507e+13	6.0453e-16	5.1376e-15
8.9628e+13	6.5031e-16	5.4057e-15
8.9748e+13	7.3079e-16	5.675e-15
8.9868e+13	6.882e-16	5.3552e-15
8.9988e+13	6.1518e-16	5.0201e-15
9.0108e+13	6.8905e-16	5.107e-15
9.0228e+13	7.5612e-16	5.1416e-15
9.0348e+13	6.8023e-16	5.0286e-15
9.0469e+13	6.7139e-16	5.1444e-15
9.0589e+13	7.8198e-16	5.2957e-15
9.0709e+13	7.6278e-16	5.2469e-15
9.0829e+13	6.4721e-16	5.3211e-15
9.0949e+13	6.7352e-16	5.5258e-15
9.1069e+13	7.3227e-16	5.5216e-15
9.1189e+13	6.46e-16	5.5173e-15
9.131e+13	5.7932e-16	5.7184e-15
9.143e+13	6.2957e-16	5.6541e-15
9.155e+13	6.4039e-16	5.1819e-15
9.167e+13	6.3906e-16	4.908e-15
9.179e+13	7.5542e-16	5.0808e-15
9.191e+13	8.3044e-16	5.3314e-15
9.203e+13	7.3295e-16	5.4026e-15
9.2151e+13	6.7081e-16	5.2906e-15
9.2271e+13	7.5542e-16	5.1877e-15
9.2391e+13	8.0121e-16	5.3977e-15
9.2511e+13	7.4446e-16	5.7176e-15
9.2631e+13	7.1019e-16	5.5878e-15
9.2751e+13	7.0253e-16	5.1903e-15
9.2871e+13	6.692e-16	5.1488e-15
9.2992e+13	6.768e-16	5.3172e-15
9.3112e+13	7.48e-16	5.284e-15
9.3232e+13	7.8248e-16	5.3157e-15
9.3352e+13	7.5298e-16	5.6173e-15
9.3472e+13	7.4347e-16	5.7998e-15
9.3592e+13	7.7801e-16	5.7e-15
9.3712e+13	7.8177e-16	5.5603e-15
9.3833e+13	7.1726e-16	5.4582e-15
9.3953e+13	6.6412e-16	5.3951e-15
9.4073e+13	6.9939e-16	5.4192e-15
9.4193e+13	7.5609e-16	5.4595e-15
9.4313e+13	7.4843e-16	5.603e-15
9.4433e+13	7.4382e-16	5.9399e-15
9.4553e+13	7.8769e-16	5.9856e-15
9.4674e+13	7.5256e-16	5.5065e-15
9.4794e+13	6.2127e-16	5.3145e-15
9.4914e+13	6.0102e-16	5.7676e-15
9.5034e+13	7.3032e-16	5.9766e-15
9.5154e+13	8.0201e-16	5.6608e-15
9.5274e+13	7.8649e-16	5.572e-15
9.5394e+13	8.2375e-16	5.7286e-15
9.5515e+13	8.4743e-16	5.6715e-15
9.5635e+13	7.4649e-16	5.7042e-15
9.5755e+13	6.795e-16	5.8806e-15
9.5875e+13	7.5112e-16	5.6499e-15
9.5995e+13	7.5898e-16	5.4277e-15
9.6115e+13	6.344e-16	5.8699e-15
9.6235e+13	6.1915e-16	6.146e-15
9.6356e+13	7.5284e-16	5.6883e-15
9.6476e+13	7.782e-16	5.5644e-15
9.6596e+13	6.8056e-16	6.0222e-15
9.6716e+13	7.0579e-16	5.9434e-15
9.6836e+13	8.3546e-16	5.5189e-15
9.6956e+13	8.3241e-16	5.7435e-15
9.7076e+13	7.1743e-16	6.0994e-15
9.7197e+13	6.9229e-16	5.9993e-15
9.7317e+13	7.6011e-16	6.1289e-15
9.7437e+13	8.0474e-16	6.4031e-15
9.7557e+13	8.0951e-16	6.0192e-15
9.7677e+13	7.725e-16	5.6555e-15
9.7797e+13	6.8516e-16	6.0203e-15
9.7918e+13	6.4725e-16	6.0548e-15
9.8038e+13	7.1965e-16	5.4324e-15
9.8158e+13	7.7927e-16	5.4583e-15
9.8278e+13	7.5389e-16	6.0733e-15
9.8398e+13	7.4164e-16	6.0121e-15
9.8518e+13	7.623e-16	5.5707e-15
9.8638e+13	7.3464e-16	5.5975e-15
9.8759e+13	7.045e-16	5.7493e-15
9.8879e+13	7.4925e-16	5.925e-15
9.8999e+13	7.9299e-16	6.3821e-15
9.9119e+13	7.7816e-16	6.3397e-15
9.9239e+13	7.6951e-16	5.6123e-15
9.9359e+13	7.7076e-16	5.5476e-15
9.9479e+13	7.3146e-16	6.1523e-15
9.96e+13	6.9109e-16	6.0709e-15
9.972e+13	6.8598e-16	5.8114e-15
9.984e+13	6.9663e-16	6.4188e-15
9.996e+13	7.5483e-16	6.7294e-15
1.0008e+14	8.3917e-16	6.1002e-15
1.002e+14	8.0585e-16	6.0457e-15
1.0032e+14	6.7065e-16	6.5632e-15
1.0044e+14	6.3282e-16	6.0811e-15
1.0056e+14	7.0316e-16	5.3822e-15
1.0068e+14	7.4233e-16	5.9065e-15
1.008e+14	7.6697e-16	6.2965e-15
1.0092e+14	7.9454e-16	5.5614e-15
1.0104e+14	7.1976e-16	5.4227e-15
1.0116e+14	6.2271e-16	6.2647e-15
1.0128e+14	6.8434e-16	6.2758e-15
1.014e+14	7.7708e-16	5.6366e-15
1.0152e+14	7.2579e-16	5.8851e-15
1.0164e+14	6.8934e-16	6.361e-15
1.0176e+14	7.6093e-16	6.0294e-15
1.0188e+14	7.3884e-16	5.7977e-15
1.02e+14	6.2225e-16	6.0219e-15
1.0212e+14	6.3878e-16	5.751e-15
1.0224e+14	7.318e-16	5.3349e-15
1.0236e+14	7.1084e-16	5.6791e-15
1.0248e+14	6.6902e-16	5.9839e-15
1.026e+14	7.0908e-16	5.5342e-15
1.0272e+14	7.1015e-16	5.2587e-15
1.0284e+14	6.587e-16	5.5573e-15
1.0296e+14	6.7796e-16	5.6477e-15
1.0308e+14	7.2085e-16	5.487e-15
1.032e+14	7.0077e-16	5.5303e-15
1.0332e+14	6.9788e-16	5.518e-15
1.0344e+14	7.4249e-16	5.4001e-15
1.0356e+14	7.4179e-16	5.642e-15
1.0368e+14	6.9092e-16	5.9804e-15
1.038e+14	6.3766e-16	5.9348e-15
1.0392e+14	5.8276e-16	5.8833e-15
1.0404e+14	5.8923e-16	5.9416e-15
1.0416e+14	7.0081e-16	5.533e-15
1.0429e+14	7.6862e-16	4.9763e-15
1.0441e+14	6.8084e-16	5.1079e-15
1.0453e+14	5.7856e-16	5.4272e-15
1.0465e+14	5.9475e-16	5.1495e-15
1.0477e+14	6.615e-16	4.9559e-15
1.0489e+14	6.9479e-16	5.395e-15
1.0501e+14	6.9598e-16	5.5196e-15
1.0513e+14	6.745e-16	4.9349e-15
1.0525e+14	6.4128e-16	4.742e-15
1.0537e+14	6.1053e-16	5.2567e-15
1.0549e+14	5.8796e-16	5.408e-15
1.0561e+14	6.0463e-16	4.9769e-15
1.0573e+14	6.5159e-16	4.9336e-15
1.0585e+14	6.362e-16	5.4192e-15
1.0597e+14	5.6517e-16	5.5254e-15
1.0609e+14	5.6541e-16	4.973e-15
1.0621e+14	6.1551e-16	4.4366e-15
1.0633e+14	6.0018e-16	4.3898e-15
1.0645e+14	5.923e-16	4.5954e-15
1.0657e+14	6.7032e-16	4.6354e-15
1.0669e+14	6.8928e-16	4.4996e-15
1.0681e+14	5.997e-16	4.4937e-15
1.0693e+14	5.7578e-16	4.6132e-15
1.0705e+14	6.1731e-16	4.5132e-15
1.0717e+14	5.6668e-16	4.264e-15
1.0729e+14	5.0584e-16	4.2952e-15
1.0741e+14	5.7181e-16	4.4927e-15
1.0753e+14	6.2036e-16	4.4489e-15
1.0765e+14	5.4524e-16	4.3521e-15
1.0777e+14	5.1353e-16	4.423e-15
1.0789e+14	5.8631e-16	4.2966e-15
1.0801e+14	6.0622e-16	4.0326e-15
1.0813e+14	5.5801e-16	4.2613e-15
1.0825e+14	5.6545e-16	4.6786e-15
1.0837e+14	6.0395e-16	4.4456e-15
1.0849e+14	5.7848e-16	4.0051e-15
1.0861e+14	5.1631e-16	4.129e-15
1.0873e+14	4.8099e-16	4.1672e-15
1.0885e+14	4.8121e-16	3.604e-15
1.0897e+14	5.1555e-16	3.4194e-15
1.0909e+14	5.6711e-16	3.9791e-15
1.0921e+14	5.9135e-16	4.1961e-15
1.0933e+14	5.6785e-16	3.856e-15
1.0945e+14	5.18e-16	3.8201e-15
1.0957e+14	4.9298e-16	3.9655e-15
1.0969e+14	5.3834e-16	3.7368e-15
1.0981e+14	6.0685e-16	3.605e-15
1.0993e+14	5.9468e-16	3.8193e-15
1.1005e+14	5.1603e-16	3.7088e-15
1.1017e+14	4.7841e-16	3.3275e-15
1.1029e+14	4.8564e-16	3.371e-15
1.1041e+14	4.6524e-16	3.5605e-15
1.1053e+14	4.2708e-16	3.4109e-15
1.1065e+14	4.167e-16	3.3939e-15
1.1077e+14	4.214e-16	3.6644e-15
1.1089e+14	4.2701e-16	3.5987e-15
1.1101e+14	4.426e-16	3.3014e-15
1.1113e+14	4.5643e-16	3.341e-15
1.1125e+14	4.674e-16	3.3802e-15
1.1137e+14	4.9552e-16	3.058e-15
1.1149e+14	5.1634e-16	2.9423e-15
1.1161e+14	4.8932e-16	3.2483e-15
1.1173e+14	4.3857e-16	3.3738e-15
1.1185e+14	4.118e-16	3.198e-15
1.1197e+14	4.1357e-16	3.101e-15
1.1209e+14	4.2692e-16	3.055e-15
1.1221e+14	4.3626e-16	2.9732e-15
1.1233e+14	4.323e-16	3.0123e-15
1.1245e+14	4.2979e-16	3.0175e-15
1.1258e+14	4.3651e-16	2.816e-15
1.127e+14	4.2071e-16	2.7218e-15
1.1282e+14	3.7117e-16	2.7912e-15
1.1294e+14	3.3592e-16	2.6234e-15
1.1306e+14	3.5323e-16	2.37e-15
1.1318e+14	4.0109e-16	2.4966e-15
1.133e+14	4.2442e-16	2.6985e-15
1.1342e+14	3.8641e-16	2.5209e-15
1.1354e+14	3.2e-16	2.3222e-15
1.1366e+14	3.0026e-16	2.4562e-15
1.1378e+14	3.3236e-16	2.6022e-15
1.139e+14	3.5605e-16	2.5672e-15
1.1402e+14	3.6327e-16	2.5517e-15
1.1414e+14	3.7972e-16	2.5241e-15
1.1426e+14	3.8102e-16	2.3845e-15
1.1438e+14	3.5502e-16	2.3695e-15
1.145e+14	3.4326e-16	2.5485e-15
1.1462e+14	3.52e-16	2.5775e-15
1.1474e+14	3.558e-16	2.3534e-15
1.1486e+14	3.6402e-16	2.1848e-15
1.1498e+14	3.6642e-16	2.2009e-15
1.151e+14	3.3302e-16	2.2082e-15
1.1522e+14	3.1185e-16	2.0992e-15
1.1534e+14	3.4616e-16	2.0061e-15
1.1546e+14	3.6403e-16	2.089e-15
1.1558e+14	3.3124e-16	2.2919e-15
1.157e+14	3.2723e-16	2.3428e-15
1.1582e+14	3.5555e-16	2.1141e-15
1.1594e+14	3.4589e-16	1.868e-15
1.1606e+14	3.3752e-16	1.8837e-15
1.1618e+14	3.817e-16	2.0293e-15
1.163e+14	3.99e-16	2.0263e-15
1.1642e+14	3.4713e-16	1.8957e-15
1.1654e+14	3.0122e-16	1.8196e-15
1.1666e+14	2.8715e-16	1.8146e-15
1.1678e+14	2.84e-16	1.8187e-15
1.169e+14	3.1428e-16	1.8376e-15
1.1702e+14	3.4738e-16	1.8248e-15
1.1714e+14	3.1475e-16	1.7239e-15
1.1726e+14	2.6596e-16	1.6708e-15
1.1738e+14	2.6486e-16	1.7745e-15
1.175e+14	2.6159e-16	1.8178e-15
1.1762e+14	2.5773e-16	1.6315e-15
1.1774e+14	3.1333e-16	1.4701e-15
1.1786e+14	3.4521e-16	1.5492e-15
1.1798e+14	2.8087e-16	1.6799e-15
1.181e+14	2.5618e-16	1.7162e-15
1.1822e+14	3.2347e-16	1.7428e-15
1.1834e+14	3.2003e-16	1.7099e-15
1.1846e+14	2.4101e-16	1.5716e-15
1.1858e+14	2.5278e-16	1.5594e-15
1.187e+14	3.0919e-16	1.6921e-15
1.1882e+14	2.7056e-16	1.6236e-15
1.1894e+14	2.2845e-16	1.3973e-15
1.1906e+14	2.8174e-16	1.4228e-15
1.1918e+14	3.1972e-16	1.5925e-15
1.193e+14	2.8725e-16	1.5128e-15
1.1942e+14	2.7488e-16	1.3473e-15
1.1954e+14	2.9044e-16	1.404e-15
1.1966e+14	2.8397e-16	1.4798e-15
1.1978e+14	2.7753e-16	1.3805e-15
1.199e+14	2.6844e-16	1.2953e-15
1.2002e+14	2.2807e-16	1.2999e-15
1.2014e+14	2.12e-16	1.2896e-15
1.2026e+14	2.4298e-16	1.3127e-15
1.2038e+14	2.4361e-16	1.3637e-15
1.205e+14	2.2409e-16	1.2936e-15
1.2062e+14	2.618e-16	1.1877e-15
1.2074e+14	2.9746e-16	1.2218e-15
1.2087e+14	2.5414e-16	1.2815e-15
1.2099e+14	2.1245e-16	1.2612e-15
1.2111e+14	2.3033e-16	1.2641e-15
1.2123e+14	2.3705e-16	1.2383e-15
1.2135e+14	2.1973e-16	1.0857e-15
1.2147e+14	2.3433e-16	1.0204e-15
1.2159e+14	2.5304e-16	1.1617e-15
1.2171e+14	2.3625e-16	1.2418e-15
1.2183e+14	2.2755e-16	1.1696e-15
1.2195e+14	2.3992e-16	1.1639e-15
1.2207e+14	2.2916e-16	1.1929e-15
1.2219e+14	2.0754e-16	1.0813e-15
1.2231e+14	2.1319e-16	9.8511e-16
1.2243e+14	2.2311e-16	1.0742e-15
1.2255e+14	2.106e-16	1.163e-15
1.2267e+14	1.9724e-16	1.1044e-15
1.2279e+14	2.0203e-16	1.038e-15
1.2291e+14	2.1313e-16	1.0628e-15
1.2303e+14	2.1144e-16	1.1067e-15
1.2315e+14	2.0085e-16	1.1097e-15
1.2327e+14	2.1147e-16	1.0763e-15
1.2339e+14	2.3723e-16	1.0395e-15
1.2351e+14	2.2336e-16	1.0208e-15
1.2363e+14	1.8217e-16	9.7687e-16
1.2375e+14	1.9105e-16	8.9613e-16
1.2387e+14	2.2801e-16	8.7007e-16
1.2399e+14	2.1208e-16	9.1178e-16
1.2411e+14	1.8355e-16	9.1589e-16
1.2423e+14	2.0764e-16	8.7997e-16
1.2435e+14	2.2461e-16	8.8197e-16
1.2447e+14	2.0274e-16	9.0478e-16
1.2459e+14	2.1117e-16	9.2475e-16
1.2471e+14	2.2946e-16	9.5259e-16
1.2483e+14	1.8624e-16	9.0499e-16
1.2495e+14	1.5674e-16	7.5807e-16
1.2507e+14	2.0723e-16	6.9448e-16
1.2519e+14	2.2555e-16	7.8446e-16
1.2531e+14	1.6673e-16	8.4885e-16
1.2543e+14	1.5794e-16	8.2109e-16
1.2555e+14	2.0842e-16	8.0498e-16
1.2567e+14	1.9256e-16	7.9179e-16
1.2579e+14	1.3806e-16	7.4328e-16
1.2591e+14	1.5742e-16	7.3987e-16
1.2603e+14	2.0298e-16	7.7816e-16
1.2615e+14	1.9201e-16	7.6951e-16
1.2627e+14	1.7754e-16	7.6784e-16
1.2639e+14	2.0419e-16	8.2163e-16
1.2651e+14	2.2158e-16	8.0888e-16
1.2663e+14	2.1004e-16	7.1148e-16
1.2675e+14	1.9592e-16	6.8787e-16
1.2687e+14	1.7717e-16	7.4686e-16
1.2699e+14	1.591e-16	7.4878e-16
1.2711e+14	1.6613e-16	6.8198e-16
1.2723e+14	1.7961e-16	6.304e-16
1.2735e+14	1.7535e-16	6.2704e-16
1.2747e+14	1.7975e-16	6.6723e-16
1.2759e+14	2.0067e-16	7.0015e-16
1.2771e+14	2.004e-16	6.7501e-16
1.2783e+14	1.823e-16	6.6133e-16
1.2795e+14	1.8717e-16	7.1645e-16
1.2807e+14	2.0554e-16	7.3454e-16
1.2819e+14	2.0093e-16	6.6511e-16
1.2831e+14	1.8344e-16	6.1941e-16
1.2843e+14	1.7998e-16	6.1749e-16
1.2855e+14	1.8512e-16	5.8958e-16
1.2867e+14	1.8953e-16	5.8917e-16
1.2879e+14	1.9858e-16	6.4828e-16
1.2891e+14	2.0277e-16	6.525e-16
1.2903e+14	1.8813e-16	5.9821e-16
1.2915e+14	1.7667e-16	6.0626e-16
1.2928e+14	1.9374e-16	6.3621e-16
1.294e+14	2.1044e-16	5.8956e-16
1.2952e+14	1.9077e-16	5.4383e-16
1.2964e+14	1.6297e-16	5.6579e-16
1.2976e+14	1.6281e-16	5.8197e-16
1.2988e+14	1.6802e-16	5.7774e-16
1.3e+14	1.6691e-16	5.9831e-16
1.3012e+14	1.8739e-16	6.0346e-16
1.3024e+14	2.0324e-16	5.7174e-16
1.3036e+14	1.6569e-16	5.5387e-16
1.3048e+14	1.2961e-16	5.3805e-16
1.306e+14	1.5505e-16	5.0847e-16
1.3072e+14	1.6651e-16	5.2835e-16
1.3084e+14	1.2125e-16	5.727e-16
1.3096e+14	1.2767e-16	5.4143e-16
1.3108e+14	2.0048e-16	4.9281e-16
1.312e+14	1.9239e-16	5.3013e-16
1.3132e+14	1.0948e-16	5.6759e-16
1.3144e+14	1.2057e-16	5.1903e-16
1.3156e+14	2.0513e-16	4.7919e-16
1.3168e+14	2.0144e-16	5.0737e-16
1.318e+14	1.4051e-16	5.2154e-16
1.3192e+14	1.4497e-16	4.8908e-16
1.3204e+14	1.6761e-16	4.7004e-16
1.3216e+14	1.3923e-16	4.907e-16
1.3228e+14	1.2631e-16	5.2118e-16
1.324e+14	1.5558e-16	5.2188e-16
1.3252e+14	1.6225e-16	4.8882e-16
1.3264e+14	1.5416e-16	4.7312e-16
1.3276e+14	1.7113e-16	4.9057e-16
1.3288e+14	1.7109e-16	4.8367e-16
1.33e+14	1.4048e-16	4.5673e-16
1.3312e+14	1.3973e-16	4.7274e-16
1.3324e+14	1.6424e-16	4.886e-16
1.3336e+14	1.6637e-16	4.3668e-16
1.3348e+14	1.6843e-16	3.9242e-16
1.336e+14	1.8085e-16	4.1966e-16
1.3372e+14	1.5739e-16	4.4009e-16
1.3384e+14	1.2314e-16	4.2254e-16
1.3396e+14	1.407e-16	4.3694e-16
1.3408e+14	1.6755e-16	4.7139e-16
1.342e+14	1.4965e-16	4.6318e-16
1.3432e+14	1.3191e-16	4.4175e-16
1.3444e+14	1.3619e-16	4.4482e-16
1.3456e+14	1.2716e-16	4.4195e-16
1.3468e+14	1.2877e-16	4.251e-16
1.348e+14	1.5942e-16	4.1759e-16
1.3492e+14	1.5315e-16	4.1885e-16
1.3504e+14	1.1587e-16	4.3056e-16
1.3516e+14	1.3887e-16	4.4237e-16
1.3528e+14	1.8435e-16	4.1067e-16
1.354e+14	1.5602e-16	3.5277e-16
1.3552e+14	1.2653e-16	3.4289e-16
1.3564e+14	1.8004e-16	3.7348e-16
1.3576e+14	2.1507e-16	3.8852e-16
1.3588e+14	1.6604e-16	3.9496e-16
1.36e+14	1.3667e-16	3.9556e-16
1.3612e+14	1.5945e-16	3.6381e-16
1.3624e+14	1.5081e-16	3.4317e-16
1.3636e+14	1.2209e-16	3.7569e-16
1.3648e+14	1.3029e-16	3.9785e-16
1.366e+14	1.3438e-16	3.7457e-16
1.3672e+14	1.1767e-16	3.6186e-16
1.3684e+14	1.3767e-16	3.6206e-16
1.3696e+14	1.6464e-16	3.4208e-16
1.3708e+14	1.3264e-16	3.4307e-16
1.372e+14	1.0566e-16	3.7658e-16
1.3732e+14	1.4682e-16	3.7631e-16
1.3744e+14	1.7832e-16	3.4646e-16
1.3757e+14	1.5217e-16	3.3978e-16
1.3769e+14	1.4166e-16	3.3308e-16
1.3781e+14	1.7205e-16	3.1719e-16
1.3793e+14	1.8232e-16	3.4065e-16
1.3805e+14	1.6076e-16	3.691e-16
1.3817e+14	1.459e-16	3.3726e-16
1.3829e+14	1.4388e-16	3.0027e-16
1.3841e+14	1.3962e-16	3.1146e-16
1.3853e+14	1.2849e-16	3.1512e-16
1.3865e+14	1.1914e-16	2.9708e-16
1.3877e+14	1.3135e-16	3.0971e-16
1.3889e+14	1.5482e-16	3.3182e-16
1.3901e+14	1.4561e-16	3.1977e-16
1.3913e+14	1.1319e-16	3.027e-16
1.3925e+14	1.1386e-16	3.0005e-16
1.3937e+14	1.3911e-16	2.9711e-16
1.3949e+14	1.4517e-16	3.041e-16
1.3961e+14	1.5056e-16	3.0692e-16
1.3973e+14	1.6952e-16	2.7383e-16
1.3985e+14	1.5611e-16	2.5558e-16
1.3997e+14	1.1192e-16	2.9874e-16
1.4009e+14	1.0268e-16	3.3093e-16
1.4021e+14	1.3483e-16	3.0298e-16
1.4033e+14	1.592e-16	2.7866e-16
1.4045e+14	1.6201e-16	2.8786e-16
1.4057e+14	1.5181e-16	2.9417e-16
1.4069e+14	1.3301e-16	2.9782e-16
1.4081e+14	1.2273e-16	3.0762e-16
1.4093e+14	1.2214e-16	3.0782e-16
1.4105e+14	1.1799e-16	3.1093e-16
1.4117e+14	1.3228e-16	3.1743e-16
1.4129e+14	1.6729e-16	2.9341e-16
1.4141e+14	1.619e-16	2.6802e-16
1.4153e+14	1.1557e-16	2.8561e-16
1.4165e+14	1.1298e-16	2.9089e-16
1.4177e+14	1.5582e-16	2.553e-16
1.4189e+14	1.6868e-16	2.5379e-16
1.4201e+14	1.5941e-16	2.8243e-16
1.4213e+14	1.6816e-16	2.6491e-16
1.4225e+14	1.6028e-16	2.4481e-16
1.4237e+14	1.2574e-16	2.7998e-16
1.4249e+14	1.173e-16	2.9545e-16
1.4261e+14	1.3172e-16	2.6565e-16
1.4273e+14	1.3309e-16	2.6982e-16
1.4285e+14	1.3636e-16	2.8695e-16
1.4297e+14	1.3661e-16	2.5529e-16
1.4309e+14	1.0856e-16	2.4003e-16
1.4321e+14	1.0348e-16	2.7389e-16
1.4333e+14	1.4826e-16	2.7247e-16
1.4345e+14	1.5468e-16	2.4107e-16
1.4357e+14	1.0723e-16	2.5468e-16
1.4369e+14	1.1164e-16	2.7171e-16
1.4381e+14	1.5657e-16	2.4632e-16
1.4393e+14	1.3337e-16	2.3784e-16
1.4405e+14	8.2154e-17	2.5084e-16
1.4417e+14	1.0473e-16	2.3209e-16
1.4429e+14	1.5151e-16	2.1912e-16
1.4441e+14	1.4412e-16	2.4416e-16
1.4453e+14	1.1781e-16	2.4655e-16
1.4465e+14	1.0717e-16	2.237e-16
1.4477e+14	9.9389e-17	2.322e-16
1.4489e+14	1.1027e-16	2.4364e-16
1.4501e+14	1.3966e-16	2.2448e-16
1.4513e+14	1.4109e-16	2.2186e-16
1.4525e+14	1.1807e-16	2.3995e-16
1.4537e+14	1.1552e-16	2.3582e-16
1.4549e+14	1.2831e-16	2.3069e-16
1.4561e+14	1.365e-16	2.4238e-16
1.4573e+14	1.4588e-16	2.3613e-16
1.4586e+14	1.4182e-16	2.2395e-16
1.4598e+14	1.1606e-16	2.3058e-16
1.461e+14	1.0672e-16	2.203e-16
1.4622e+14	1.2317e-16	2.0166e-16
1.4634e+14	1.2972e-16	2.2234e-16
1.4646e+14	1.272e-16	2.3295e-16
1.4658e+14	1.3016e-16	1.9306e-16
1.467e+14	1.1878e-16	1.851e-16
1.4682e+14	1.0141e-16	2.2603e-16
1.4694e+14	1.0947e-16	2.2529e-16
1.4706e+14	1.1862e-16	2.0212e-16
1.4718e+14	1.0851e-16	2.2639e-16
1.473e+14	1.187e-16	2.3797e-16
1.4742e+14	1.4367e-16	2.0297e-16
1.4754e+14	1.3027e-16	2.065e-16
1.4766e+14	1.0788e-16	2.4156e-16
1.4778e+14	1.2951e-16	2.2522e-16
1.479e+14	1.4638e-16	1.9812e-16
1.4802e+14	1.1578e-16	2.119e-16
1.4814e+14	9.7066e-17	2.066e-16
1.4826e+14	1.2339e-16	1.804e-16
1.4838e+14	1.4498e-16	2e-16
1.485e+14	1.3995e-16	2.2788e-16
1.4862e+14	1.3655e-16	2.1249e-16
1.4874e+14	1.4984e-16	2.0658e-16
1.4886e+14	1.7391e-16	2.2292e-16
1.4898e+14	1.8346e-16	2.1111e-16
1.491e+14	1.5409e-16	1.9746e-16
1.4922e+14	1.2001e-16	2.1126e-16
1.4934e+14	1.2687e-16	2.0322e-16
1.4946e+14	1.4121e-16	1.8069e-16
1.4958e+14	1.2442e-16	1.9868e-16
1.497e+14	1.1237e-16	2.1778e-16
1.4982e+14	1.2077e-16	1.9854e-16
1.4994e+14	1.1338e-16	1.9365e-16
1.5006e+14	1.0347e-16	2.051e-16
1.5018e+14	1.2409e-16	1.8183e-16
1.503e+14	1.4003e-16	1.6316e-16
1.5042e+14	1.2582e-16	1.9028e-16
1.5054e+14	1.1723e-16	2.0527e-16
1.5066e+14	1.1751e-16	1.8904e-16
1.5078e+14	1.0286e-16	1.8927e-16
1.509e+14	1.0193e-16	1.9263e-16
1.5102e+14	1.2956e-16	1.772e-16
1.5114e+14	1.3659e-16	1.8123e-16
1.5126e+14	1.129e-16	1.9674e-16
1.5138e+14	1.0475e-16	1.8128e-16
1.515e+14	1.1536e-16	1.6797e-16
1.5162e+14	1.1908e-16	1.8162e-16
1.5174e+14	1.2386e-16	1.774e-16
1.5186e+14	1.3494e-16	1.6274e-16
1.5198e+14	1.3674e-16	1.7975e-16
1.521e+14	1.2875e-16	1.9128e-16
1.5222e+14	1.1457e-16	1.7108e-16
1.5234e+14	9.8909e-17	1.6679e-16
1.5246e+14	1.0664e-16	1.786e-16
1.5258e+14	1.3128e-16	1.7291e-16
1.527e+14	1.2518e-16	1.7782e-16
1.5282e+14	1.0235e-16	1.9425e-16
1.5294e+14	1.2442e-16	1.7316e-16
1.5306e+14	1.6703e-16	1.4733e-16
1.5318e+14	1.5998e-16	1.6535e-16
1.533e+14	1.2204e-16	1.7385e-16
1.5342e+14	1.0962e-16	1.5637e-16
1.5354e+14	1.1463e-16	1.7637e-16
1.5366e+14	1.1099e-16	2.0191e-16
1.5378e+14	1.063e-16	1.7e-16
1.539e+14	1.1141e-16	1.5004e-16
1.5402e+14	1.2582e-16	1.8469e-16
1.5414e+14	1.3873e-16	1.8825e-16
1.5427e+14	1.3284e-16	1.5386e-16
1.5439e+14	1.1748e-16	1.6025e-16
1.5451e+14	1.1411e-16	1.7912e-16
1.5463e+14	1.1201e-16	1.6288e-16
1.5475e+14	1.1273e-16	1.6482e-16
1.5487e+14	1.4509e-16	1.8837e-16
1.5499e+14	1.7405e-16	1.7153e-16
1.5511e+14	1.4286e-16	1.4975e-16
1.5523e+14	1.0512e-16	1.7345e-16
1.5535e+14	1.2288e-16	1.8637e-16
1.5547e+14	1.3618e-16	1.6536e-16
1.5559e+14	1.1483e-16	1.6375e-16
1.5571e+14	1.2748e-16	1.7265e-16
1.5583e+14	1.5231e-16	1.6182e-16
1.5595e+14	1.0947e-16	1.6388e-16
1.5607e+14	6.6195e-17	1.7614e-16
1.5619e+14	1.0391e-16	1.6069e-16
1.5631e+14	1.3625e-16	1.5099e-16
1.5643e+14	1.0655e-16	1.7095e-16
1.5655e+14	9.9382e-17	1.7101e-16
1.5667e+14	1.2855e-16	1.5456e-16
1.5679e+14	1.2647e-16	1.654e-16
1.5691e+14	1.1997e-16	1.6875e-16
1.5703e+14	1.4202e-16	1.4498e-16
1.5715e+14	1.3357e-16	1.5259e-16
1.5727e+14	9.9911e-17	1.8068e-16
1.5739e+14	1.1619e-16	1.6592e-16
1.5751e+14	1.5521e-16	1.4294e-16
1.5763e+14	1.5598e-16	1.558e-16
1.5775e+14	1.4587e-16	1.6021e-16
1.5787e+14	1.3506e-16	1.4859e-16
1.5799e+14	1.0037e-16	1.5792e-16
1.5811e+14	9.2826e-17	1.5793e-16
1.5823e+14	1.3328e-16	1.3578e-16
1.5835e+14	1.3235e-16	1.468e-16
1.5847e+14	8.0264e-17	1.6842e-16
1.5859e+14	7.4082e-17	1.4017e-16
1.5871e+14	1.0664e-16	1.2116e-16
1.5883e+14	1.0411e-16	1.6129e-16
1.5895e+14	9.1193e-17	1.8059e-16
1.5907e+14	9.8057e-17	1.4894e-16
1.5919e+14	8.8717e-17	1.3782e-16
1.5931e+14	7.872e-17	1.501e-16
1.5943e+14	9.9697e-17	1.4555e-16
1.5955e+14	1.0413e-16	1.4638e-16
1.5967e+14	8.8569e-17	1.5462e-16
1.5979e+14	1.1744e-16	1.4047e-16
1.5991e+14	1.5018e-16	1.3699e-16
1.6003e+14	1.174e-16	1.602e-16
1.6015e+14	9.8065e-17	1.5267e-16
1.6027e+14	1.4881e-16	1.2376e-16
1.6039e+14	1.6588e-16	1.3644e-16
1.6051e+14	1.1411e-16	1.577e-16
1.6063e+14	9.5321e-17	1.4205e-16
1.6075e+14	1.1728e-16	1.3542e-16
1.6087e+14	1.1086e-16	1.4888e-16
1.6099e+14	1.0866e-16	1.3854e-16
1.6111e+14	1.4192e-16	1.3072e-16
1.6123e+14	1.4208e-16	1.5243e-16
1.6135e+14	1.0639e-16	1.5224e-16
1.6147e+14	1.1572e-16	1.3158e-16
1.6159e+14	1.4793e-16	1.4709e-16
1.6171e+14	1.254e-16	1.6527e-16
1.6183e+14	8.5133e-17	1.4052e-16
1.6195e+14	9.3941e-17	1.2609e-16
1.6207e+14	1.193e-16	1.4337e-16
1.6219e+14	1.1712e-16	1.4047e-16
1.6231e+14	1.0713e-16	1.2911e-16
1.6243e+14	1.0665e-16	1.4647e-16
1.6256e+14	1.075e-16	1.5584e-16
1.6268e+14	1.1203e-16	1.4175e-16
1.628e+14	1.1825e-16	1.4398e-16
1.6292e+14	1.1283e-16	1.5044e-16
1.6304e+14	1.0759e-16	1.341e-16
1.6316e+14	1.2262e-16	1.2715e-16
1.6328e+14	1.3703e-16	1.3622e-16
1.634e+14	1.2156e-16	1.3013e-16
1.6352e+14	1.0049e-16	1.2897e-16
1.6364e+14	1.1241e-16	1.4747e-16
1.6376e+14	1.3553e-16	1.4374e-16
1.6388e+14	1.2892e-16	1.2506e-16
1.64e+14	1.1413e-16	1.3765e-16
1.6412e+14	1.2609e-16	1.5302e-16
1.6424e+14	1.3374e-16	1.3983e-16
1.6436e+14	1.0721e-16	1.4055e-16
1.6448e+14	8.8002e-17	1.5983e-16
1.646e+14	1.0324e-16	1.5169e-16
1.6472e+14	1.1371e-16	1.3393e-16
1.6484e+14	1.0477e-16	1.3932e-16
1.6496e+14	1.0587e-16	1.3973e-16
1.6508e+14	1.1073e-16	1.2979e-16
1.652e+14	9.8869e-17	1.3681e-16
1.6532e+14	9.3862e-17	1.4069e-16
1.6544e+14	1.1117e-16	1.3e-16
1.6556e+14	1.2786e-16	1.4001e-16
1.6568e+14	1.343e-16	1.5674e-16
1.658e+14	1.2825e-16	1.4272e-16
1.6592e+14	9.8407e-17	1.3099e-16
1.6604e+14	7.4619e-17	1.4099e-16
1.6616e+14	9.5027e-17	1.3147e-16
1.6628e+14	1.2292e-16	1.1577e-16
1.664e+14	1.2047e-16	1.3441e-16
1.6652e+14	1.2571e-16	1.4652e-16
1.6664e+14	1.4647e-16	1.2736e-16
1.6676e+14	1.2914e-16	1.3028e-16
1.6688e+14	8.9725e-17	1.5031e-16
1.67e+14	8.7427e-17	1.3577e-16
1.6712e+14	9.4167e-17	1.2078e-16
1.6724e+14	7.4582e-17	1.4103e-16
1.6736e+14	8.1811e-17	1.4534e-16
1.6748e+14	1.2918e-16	1.2365e-16
1.676e+14	1.4128e-16	1.2714e-16
1.6772e+14	1.1042e-16	1.4224e-16
1.6784e+14	1.071e-16	1.374e-16
1.6796e+14	1.303e-16	1.4117e-16
1.6808e+14	1.2451e-16	1.5263e-16
1.682e+14	9.9555e-17	1.3764e-16
1.6832e+14	1.0178e-16	1.2398e-16
1.6844e+14	1.2759e-16	1.3637e-16
1.6856e+14	1.4131e-16	1.3716e-16
1.6868e+14	1.3191e-16	1.2694e-16
1.688e+14	1.1642e-16	1.3795e-16
1.6892e+14	1.0442e-16	1.4181e-16
1.6904e+14	8.923e-17	1.2574e-16
1.6916e+14	8.4461e-17	1.3626e-16
1.6928e+14	1.1291e-16	1.5665e-16
1.694e+14	1.4226e-16	1.347e-16
1.6952e+14	1.2718e-16	1.1151e-16
1.6964e+14	1.0548e-16	1.2825e-16
1.6976e+14	1.2708e-16	1.3469e-16
1.6988e+14	1.5227e-16	1.1735e-16
1.7e+14	1.4372e-16	1.227e-16
1.7012e+14	1.3428e-16	1.3529e-16
1.7024e+14	1.302e-16	1.2622e-16
1.7036e+14	1.1314e-16	1.2889e-16
1.7048e+14	1.1864e-16	1.433e-16
1.706e+14	1.4861e-16	1.3104e-16
1.7072e+14	1.3556e-16	1.1966e-16
1.7085e+14	9.8961e-17	1.3793e-16
1.7097e+14	1.1443e-16	1.4133e-16
1.7109e+14	1.3314e-16	1.1898e-16
1.7121e+14	9.7769e-17	1.1503e-16
1.7133e+14	9.4902e-17	1.2341e-16
1.7145e+14	1.52e-16	1.2094e-16
1.7157e+14	1.5095e-16	1.2725e-16
1.7169e+14	8.8608e-17	1.3586e-16
1.7181e+14	8.1457e-17	1.2225e-16
1.7193e+14	1.0826e-16	1.1642e-16
1.7205e+14	8.9096e-17	1.3442e-16
1.7217e+14	7.6764e-17	1.3774e-16
1.7229e+14	1.1054e-16	1.2916e-16
1.7241e+14	1.2752e-16	1.3619e-16
1.7253e+14	1.2753e-16	1.3201e-16
1.7265e+14	1.4352e-16	1.1318e-16
1.7277e+14	1.2035e-16	1.2663e-16
1.7289e+14	6.4039e-17	1.5188e-16
1.7301e+14	8.2631e-17	1.3851e-16
1.7313e+14	1.4707e-16	1.2159e-16
1.7325e+14	1.3233e-16	1.3228e-16
1.7337e+14	8.0631e-17	1.3187e-16
1.7349e+14	9.388e-17	1.2378e-16
1.7361e+14	1.1936e-16	1.4093e-16
1.7373e+14	1.0064e-16	1.4757e-16
1.7385e+14	9.4618e-17	1.266e-16
1.7397e+14	1.0832e-16	1.2899e-16
1.7409e+14	8.9518e-17	1.4507e-16
1.7421e+14	6.9243e-17	1.2662e-16
1.7433e+14	9.058e-17	1.1095e-16
1.7445e+14	1.1624e-16	1.3015e-16
1.7457e+14	1.2871e-16	1.3356e-16
1.7469e+14	1.4711e-16	1.1716e-16
1.7481e+14	1.4156e-16	1.2794e-16
1.7493e+14	9.8565e-17	1.396e-16
1.7505e+14	7.9198e-17	1.2249e-16
1.7517e+14	1.064e-16	1.2272e-16
1.7529e+14	1.331e-16	1.4459e-16
1.7541e+14	1.3942e-16	1.3893e-16
1.7553e+14	1.313e-16	1.2432e-16
1.7565e+14	1.0495e-16	1.3381e-16
1.7577e+14	8.7901e-17	1.3537e-16
1.7589e+14	1.0948e-16	1.2448e-16
1.7601e+14	1.3499e-16	1.3375e-16
1.7613e+14	1.3401e-16	1.396e-16
1.7625e+14	1.3628e-16	1.2296e-16
1.7637e+14	1.5055e-16	1.2445e-16
1.7649e+14	1.4329e-16	1.3914e-16
1.7661e+14	1.1405e-16	1.2442e-16
1.7673e+14	9.1044e-17	1.0922e-16
1.7685e+14	8.7506e-17	1.2308e-16
1.7697e+14	1.0674e-16	1.2313e-16
1.7709e+14	1.2554e-16	1.0442e-16
1.7721e+14	1.0522e-16	1.1188e-16
1.7733e+14	7.5912e-17	1.2784e-16
1.7745e+14	1.0217e-16	1.1953e-16
1.7757e+14	1.494e-16	1.155e-16
1.7769e+14	1.4412e-16	1.2414e-16
1.7781e+14	1.2081e-16	1.1815e-16
1.7793e+14	1.3509e-16	1.1301e-16
1.7805e+14	1.4053e-16	1.2195e-16
1.7817e+14	1.0478e-16	1.1615e-16
1.7829e+14	9.3647e-17	1.0522e-16
1.7841e+14	1.3128e-16	1.1809e-16
1.7853e+14	1.4853e-16	1.2558e-16
1.7865e+14	1.2469e-16	1.1437e-16
1.7877e+14	1.1815e-16	1.2178e-16
1.7889e+14	1.4508e-16	1.3286e-16
1.7901e+14	1.5979e-16	1.1266e-16
1.7913e+14	1.4397e-16	1.0301e-16
1.7926e+14	1.2295e-16	1.2688e-16
1.7938e+14	1.1e-16	1.3042e-16
1.795e+14	9.4747e-17	1.1107e-16
1.7962e+14	8.0901e-17	1.1581e-16
1.7974e+14	9.2807e-17	1.2474e-16
1.7986e+14	1.2917e-16	1.12e-16
1.7998e+14	1.4633e-16	1.1197e-16
1.801e+14	1.2178e-16	1.2354e-16
1.8022e+14	9.6848e-17	1.145e-16
1.8034e+14	1.1035e-16	1.1238e-16
1.8046e+14	1.3342e-16	1.3269e-16
1.8058e+14	1.2391e-16	1.3016e-16
1.807e+14	1.0032e-16	1.1106e-16
1.8082e+14	1.0264e-16	1.1981e-16
1.8094e+14	1.2087e-16	1.29e-16
1.8106e+14	1.2247e-16	1.1225e-16
1.8118e+14	1.1376e-16	1.113e-16
1.813e+14	1.1465e-16	1.2718e-16
1.8142e+14	1.1261e-16	1.1807e-16
1.8154e+14	9.7298e-17	1.0638e-16
1.8166e+14	8.9939e-17	1.1952e-16
1.8178e+14	9.5191e-17	1.2167e-16
1.819e+14	9.3371e-17	1.082e-16
1.8202e+14	9.6604e-17	1.1406e-16
1.8214e+14	1.2267e-16	1.2354e-16
1.8226e+14	1.3526e-16	1.1763e-16
1.8238e+14	1.1085e-16	1.2212e-16
1.825e+14	9.7349e-17	1.2933e-16
1.8262e+14	1.1602e-16	1.1341e-16
1.8274e+14	1.1839e-16	1.0415e-16
1.8286e+14	9.8773e-17	1.1594e-16
1.8298e+14	1.0387e-16	1.1354e-16
1.831e+14	1.2081e-16	1.0673e-16
1.8322e+14	1.0703e-16	1.2216e-16
1.8334e+14	8.8367e-17	1.2572e-16
1.8346e+14	1.0038e-16	1.1013e-16
1.8358e+14	1.1701e-16	1.2051e-16
1.837e+14	1.16e-16	1.3619e-16
1.8382e+14	1.1471e-16	1.1539e-16
1.8394e+14	1.2183e-16	1.0266e-16
1.8406e+14	1.3278e-16	1.2242e-16
1.8418e+14	1.3964e-16	1.2139e-16
1.843e+14	1.2056e-16	1.0345e-16
1.8442e+14	8.499e-17	1.1425e-16
1.8454e+14	8.5441e-17	1.2301e-16
1.8466e+14	1.1815e-16	1.0769e-16
1.8478e+14	1.1873e-16	1.1472e-16
1.849e+14	9.0848e-17	1.3223e-16
1.8502e+14	9.5003e-17	1.1196e-16
1.8514e+14	1.2309e-16	9.6157e-17
1.8526e+14	1.2599e-16	1.1997e-16
1.8538e+14	1.0818e-16	1.264e-16
1.855e+14	9.7335e-17	1.066e-16
1.8562e+14	9.9792e-17	1.1499e-16
1.8574e+14	1.1288e-16	1.3077e-16
1.8586e+14	1.1606e-16	1.1466e-16
1.8598e+14	9.6118e-17	1.0484e-16
1.861e+14	9.4006e-17	1.16e-16
1.8622e+14	1.2941e-16	1.1267e-16
1.8634e+14	1.432e-16	1.1003e-16
1.8646e+14	1.2032e-16	1.264e-16
1.8658e+14	1.243e-16	1.2259e-16
1.867e+14	1.4541e-16	1.0228e-16
1.8682e+14	1.2136e-16	1.1133e-16
1.8694e+14	9.503e-17	1.2634e-16
1.8706e+14	1.225e-16	1.1427e-16
1.8718e+14	1.3167e-16	1.1022e-16
1.873e+14	7.719e-17	1.2169e-16
1.8742e+14	4.9755e-17	1.1397e-16
1.8755e+14	9.0019e-17	1.0665e-16
1.8767e+14	1.1872e-16	1.2226e-16
1.8779e+14	1.09e-16	1.2398e-16
1.8791e+14	1.1509e-16	1.093e-16
1.8803e+14	1.487e-16	1.1667e-16
1.8815e+14	1.7748e-16	1.2815e-16
1.8827e+14	1.8061e-16	1.1759e-16
1.8839e+14	1.5077e-16	1.1321e-16
1.8851e+14	1.1471e-16	1.1908e-16
1.8863e+14	1.1269e-16	1.1164e-16
1.8875e+14	1.2081e-16	1.1135e-16
1.8887e+14	1.0158e-16	1.2628e-16
1.8899e+14	9.7521e-17	1.219e-16
1.8911e+14	1.3583e-16	1.1206e-16
1.8923e+14	1.4947e-16	1.2733e-16
1.8935e+14	1.148e-16	1.2993e-16
1.8947e+14	1.0118e-16	1.0756e-16
1.8959e+14	1.1912e-16	1.1487e-16
1.8971e+14	1.1217e-16	1.398e-16
1.8983e+14	9.2817e-17	1.2455e-16
1.8995e+14	1.0635e-16	1.0128e-16
1.9007e+14	1.2823e-16	1.1572e-16
1.9019e+14	1.2666e-16	1.2942e-16
1.9031e+14	1.2174e-16	1.219e-16
1.9043e+14	1.2307e-16	1.2204e-16
1.9055e+14	1.1804e-16	1.205e-16
1.9067e+14	1.158e-16	1.0911e-16
1.9079e+14	1.2288e-16	1.1877e-16
1.9091e+14	1.2648e-16	1.3133e-16
1.9103e+14	1.306e-16	1.0979e-16
1.9115e+14	1.3989e-16	9.6677e-17
1.9127e+14	1.3323e-16	1.2102e-16
1.9139e+14	1.1021e-16	1.2915e-16
1.9151e+14	9.9158e-17	1.1086e-16
1.9163e+14	9.9668e-17	1.1261e-16
1.9175e+14	9.9966e-17	1.206e-16
1.9187e+14	1.1931e-16	1.0898e-16
1.9199e+14	1.505e-16	1.0982e-16
1.9211e+14	1.401e-16	1.2386e-16
1.9223e+14	9.2244e-17	1.1747e-16
1.9235e+14	8.0048e-17	1.138e-16
1.9247e+14	1.1605e-16	1.3079e-16
1.9259e+14	1.3968e-16	1.28e-16
1.9271e+14	1.3744e-16	1.1024e-16
1.9283e+14	1.4199e-16	1.196e-16
1.9295e+14	1.3959e-16	1.2876e-16
1.9307e+14	1.0765e-16	1.0979e-16
1.9319e+14	8.8536e-17	1.0508e-16
1.9331e+14	1.1103e-16	1.213e-16
1.9343e+14	1.2336e-16	1.178e-16
1.9355e+14	1.0073e-16	1.1018e-16
1.9367e+14	1.0221e-16	1.213e-16
1.9379e+14	1.4307e-16	1.1913e-16
1.9391e+14	1.538e-16	1.0528e-16
1.9403e+14	1.1876e-16	1.1389e-16
1.9415e+14	1.0127e-16	1.2119e-16
1.9427e+14	1.1502e-16	1.0792e-16
1.9439e+14	1.2131e-16	1.1154e-16
1.9451e+14	1.2423e-16	1.2607e-16
1.9463e+14	1.4022e-16	1.1424e-16
1.9475e+14	1.4404e-16	1.0777e-16
1.9487e+14	1.2974e-16	1.2887e-16
1.9499e+14	1.2601e-16	1.2709e-16
1.9511e+14	1.2794e-16	1.0273e-16
1.9523e+14	1.1923e-16	1.097e-16
1.9535e+14	1.2028e-16	1.2585e-16
1.9547e+14	1.2988e-16	1.1092e-16
1.9559e+14	1.1666e-16	1.0234e-16
1.9571e+14	1.0265e-16	1.1686e-16
1.9584e+14	1.2454e-16	1.1485e-16
1.9596e+14	1.4311e-16	1.0377e-16
1.9608e+14	1.2437e-16	1.1155e-16
1.962e+14	1.1411e-16	1.1448e-16
1.9632e+14	1.2875e-16	1.0596e-16
1.9644e+14	1.1842e-16	1.1251e-16
1.9656e+14	8.9401e-17	1.1758e-16
1.9668e+14	9.7539e-17	1.0397e-16
1.968e+14	1.2866e-16	1.0291e-16
1.9692e+14	1.3402e-16	1.1415e-16
1.9704e+14	1.2282e-16	1.0745e-16
1.9716e+14	1.1763e-16	1.0424e-16
1.9728e+14	1.1103e-16	1.2198e-16
1.974e+14	1.073e-16	1.2456e-16
1.9752e+14	1.1429e-16	1.1302e-16
1.9764e+14	1.1418e-16	1.2263e-16
1.9776e+14	1.0584e-16	1.32e-16
1.9788e+14	1.1041e-16	1.1922e-16
1.98e+14	1.1974e-16	1.1795e-16
1.9812e+14	1.2248e-16	1.2807e-16
1.9824e+14	1.4208e-16	1.1573e-16
1.9836e+14	1.7387e-16	1.0323e-16
1.9848e+14	1.6897e-16	1.1401e-16
1.986e+14	1.273e-16	1.1598e-16
1.9872e+14	1.0092e-16	1.0775e-16
1.9884e+14	1.0062e-16	1.1855e-16
1.9896e+14	1.0106e-16	1.2437e-16
1.9908e+14	1.0095e-16	1.0636e-16
1.992e+14	1.0052e-16	1.0072e-16
1.9932e+14	8.7034e-17	1.0653e-16
1.9944e+14	7.906e-17	9.2417e-17
1.9956e+14	9.9684e-17	8.701e-17
1.9968e+14	1.1619e-16	1.114e-16
1.998e+14	9.8137e-17	1.19e-16
1.9992e+14	8.4316e-17	1.0117e-16
2.0004e+14	1.0538e-16	1.0124e-16
2.0016e+14	1.1987e-16	1.1214e-16
2.0028e+14	1.0128e-16	1.0973e-16
2.004e+14	9.1314e-17	1.1307e-16
2.0052e+14	1.0979e-16	1.1948e-16
2.0064e+14	1.1562e-16	1.0649e-16
2.0076e+14	9.6628e-17	9.9509e-17
2.0088e+14	9.5289e-17	1.1294e-16
2.01e+14	1.2182e-16	1.1165e-16
2.0112e+14	1.3291e-16	9.9048e-17
2.0124e+14	1.0766e-16	1.0558e-16
2.0136e+14	7.7209e-17	1.1017e-16
2.0148e+14	7.9445e-17	1.0208e-16
2.016e+14	1.1844e-16	1.1257e-16
2.0172e+14	1.598e-16	1.2168e-16
2.0184e+14	1.6651e-16	9.5374e-17
2.0196e+14	1.4526e-16	8.078e-17
2.0208e+14	1.2598e-16	1.0659e-16
2.022e+14	1.1048e-16	1.1698e-16
2.0232e+14	9.7827e-17	1.0071e-16
2.0244e+14	1.121e-16	1.0242e-16
2.0256e+14	1.4146e-16	1.0657e-16
2.0268e+14	1.3619e-16	8.9842e-17
2.028e+14	1.1074e-16	9.1037e-17
2.0292e+14	1.2151e-16	1.1208e-16
2.0304e+14	1.4236e-16	1.0875e-16
2.0316e+14	1.1684e-16	9.6947e-17
2.0328e+14	8.2844e-17	1.0516e-16
2.034e+14	9.1902e-17	1.0375e-16
2.0352e+14	1.0806e-16	9.0121e-17
2.0364e+14	1.0123e-16	9.8314e-17
2.0376e+14	9.8743e-17	1.0784e-16
2.0388e+14	1.0004e-16	9.4735e-17
2.04e+14	9.4312e-17	9.3777e-17
2.0412e+14	1.1687e-16	1.0918e-16
2.0425e+14	1.5456e-16	1.0501e-16
2.0437e+14	1.3194e-16	9.7402e-17
2.0449e+14	7.4688e-17	1.0849e-16
2.0461e+14	8.3304e-17	1.0663e-16
2.0473e+14	1.312e-16	9.0276e-17
2.0485e+14	1.2125e-16	9.4858e-17
2.0497e+14	8.2012e-17	1.039e-16
2.0509e+14	8.9434e-17	9.4238e-17
2.0521e+14	1.1348e-16	9.4308e-17
2.0533e+14	1.0989e-16	1.0683e-16
2.0545e+14	1.1235e-16	1.0316e-16
2.0557e+14	1.3523e-16	1.0003e-16
2.0569e+14	1.3557e-16	1.1173e-16
2.0581e+14	1.0528e-16	1.0729e-16
2.0593e+14	8.3952e-17	9.2737e-17
2.0605e+14	9.2467e-17	1.0158e-16
2.0617e+14	1.1714e-16	1.1083e-16
2.0629e+14	1.2993e-16	9.9361e-17
2.0641e+14	1.162e-16	9.8365e-17
2.0653e+14	1.0212e-16	1.0759e-16
2.0665e+14	1.1671e-16	1.0104e-16
2.0677e+14	1.326e-16	1.0118e-16
2.0689e+14	1.1121e-16	1.1539e-16
2.0701e+14	7.8939e-17	1.0493e-16
2.0713e+14	8.5081e-17	8.648e-17
2.0725e+14	1.1827e-16	1.0166e-16
2.0737e+14	1.298e-16	1.1258e-16
2.0749e+14	1.1449e-16	9.0202e-17
2.0761e+14	1.1076e-16	8.4561e-17
2.0773e+14	1.2392e-16	1.0277e-16
2.0785e+14	1.1361e-16	9.7734e-17
2.0797e+14	8.2373e-17	8.7423e-17
2.0809e+14	9.0162e-17	1.0324e-16
2.0821e+14	1.37e-16	1.0781e-16
2.0833e+14	1.4968e-16	8.9904e-17
2.0845e+14	1.2321e-16	8.9904e-17
2.0857e+14	1.2176e-16	9.9029e-17
2.0869e+14	1.3353e-16	9.1379e-17
2.0881e+14	1.051e-16	9.0837e-17
2.0893e+14	7.9319e-17	9.9868e-17
2.0905e+14	1.1552e-16	9.1695e-17
2.0917e+14	1.5975e-16	8.8324e-17
2.0929e+14	1.4816e-16	1.0596e-16
2.0941e+14	1.1785e-16	1.0377e-16
2.0953e+14	1.1383e-16	8.1667e-17
2.0965e+14	1.1729e-16	8.4139e-17
2.0977e+14	1.097e-16	9.5731e-17
2.0989e+14	9.9796e-17	8.6658e-17
2.1001e+14	9.2807e-17	8.4171e-17
2.1013e+14	9.2581e-17	9.3433e-17
2.1025e+14	1.0046e-16	8.5749e-17
2.1037e+14	1.0524e-16	8.2172e-17
2.1049e+14	1.0448e-16	1.0152e-16
2.1061e+14	1.029e-16	1.0332e-16
2.1073e+14	9.1601e-17	8.4351e-17
2.1085e+14	7.5678e-17	8.7986e-17
2.1097e+14	7.8777e-17	9.8542e-17
2.1109e+14	9.2193e-17	8.4627e-17
2.1121e+14	9.3217e-17	7.7838e-17
2.1133e+14	9.375e-17	9.1087e-17
2.1145e+14	9.4955e-17	8.9904e-17
2.1157e+14	7.548e-17	8.1987e-17
2.1169e+14	6.7092e-17	9.1063e-17
2.1181e+14	1.07e-16	9.2477e-17
2.1193e+14	1.3605e-16	8.0223e-17
2.1205e+14	1.0391e-16	8.4997e-17
2.1217e+14	7.7024e-17	9.4377e-17
2.1229e+14	9.8128e-17	8.2982e-17
2.1241e+14	1.0718e-16	7.3971e-17
2.1254e+14	9.4204e-17	7.9127e-17
2.1266e+14	1.1862e-16	7.8917e-17
2.1278e+14	1.5527e-16	8.1359e-17
2.129e+14	1.3472e-16	9.2515e-17
2.1302e+14	8.8567e-17	8.6784e-17
2.1314e+14	8.1904e-17	7.3047e-17
2.1326e+14	9.8593e-17	8.0282e-17
2.1338e+14	1.03e-16	8.54e-17
2.135e+14	1.051e-16	7.1472e-17
2.1362e+14	1.1721e-16	7.2703e-17
2.1374e+14	1.2746e-16	8.7918e-17
2.1386e+14	1.204e-16	8.3243e-17
2.1398e+14	1.0179e-16	7.7959e-17
2.141e+14	1.0808e-16	9.1091e-17
2.1422e+14	1.4793e-16	8.6595e-17
2.1434e+14	1.5733e-16	6.4585e-17
2.1446e+14	1.0642e-16	6.9005e-17
2.1458e+14	7.2364e-17	8.5823e-17
2.147e+14	9.5306e-17	7.9196e-17
2.1482e+14	1.057e-16	7.098e-17
2.1494e+14	8.4453e-17	7.8114e-17
2.1506e+14	9.836e-17	7.8126e-17
2.1518e+14	1.3502e-16	7.2869e-17
2.153e+14	1.2132e-16	7.5922e-17
2.1542e+14	8.5283e-17	7.359e-17
2.1554e+14	9.7389e-17	6.7465e-17
2.1566e+14	1.2909e-16	7.2809e-17
2.1578e+14	1.267e-16	7.4577e-17
2.159e+14	1.1169e-16	6.837e-17
2.1602e+14	1.0955e-16	7.6406e-17
2.1614e+14	1.0094e-16	8.3795e-17
2.1626e+14	8.8094e-17	6.785e-17
2.1638e+14	1.026e-16	5.9694e-17
2.165e+14	1.3394e-16	7.4074e-17
2.1662e+14	1.3109e-16	7.574e-17
2.1674e+14	8.6801e-17	6.6565e-17
2.1686e+14	6.2937e-17	7.3429e-17
2.1698e+14	9.89e-17	7.594e-17
2.171e+14	1.4267e-16	6.4484e-17
2.1722e+14	1.3562e-16	7.0133e-17
2.1734e+14	1.0929e-16	8.0242e-17
2.1746e+14	1.1385e-16	6.5217e-17
2.1758e+14	1.2709e-16	5.8016e-17
2.177e+14	1.1874e-16	7.5593e-17
2.1782e+14	1.1142e-16	7.4875e-17
2.1794e+14	1.2313e-16	5.938e-17
2.1806e+14	1.4171e-16	6.8904e-17
2.1818e+14	1.56e-16	7.8318e-17
2.183e+14	1.45e-16	6.1533e-17
2.1842e+14	1.0096e-16	5.6638e-17
2.1854e+14	8.1543e-17	6.9915e-17
2.1866e+14	1.2523e-16	6.4758e-17
2.1878e+14	1.6105e-16	5.5457e-17
2.189e+14	1.3321e-16	6.5129e-17
2.1902e+14	1.009e-16	6.7072e-17
2.1914e+14	1.0372e-16	5.9199e-17
2.1926e+14	9.5463e-17	6.7175e-17
2.1938e+14	7.0412e-17	7.0277e-17
2.195e+14	7.117e-17	5.4506e-17
2.1962e+14	8.3981e-17	5.5408e-17
2.1974e+14	8.6069e-17	6.942e-17
2.1986e+14	1.0636e-16	6.0936e-17
2.1998e+14	1.3401e-16	5.1578e-17
2.201e+14	1.165e-16	6.2838e-17
2.2022e+14	8.3281e-17	6.1383e-17
2.2034e+14	9.7859e-17	4.8692e-17
2.2046e+14	1.267e-16	5.9421e-17
2.2058e+14	1.1724e-16	6.9733e-17
2.207e+14	1.0545e-16	5.5162e-17
2.2082e+14	1.2236e-16	5.2165e-17
2.2095e+14	1.2842e-16	6.5378e-17
2.2107e+14	1.115e-16	5.8974e-17
2.2119e+14	1.1011e-16	5.0926e-17
2.2131e+14	1.2338e-16	6.4661e-17
2.2143e+14	1.2094e-16	6.6191e-17
2.2155e+14	1.1378e-16	5.2321e-17
2.2167e+14	1.1965e-16	6.0089e-17
2.2179e+14	1.1534e-16	6.9641e-17
2.2191e+14	9.1174e-17	5.1987e-17
2.2203e+14	8.1746e-17	4.3605e-17
2.2215e+14	9.7862e-17	5.9015e-17
2.2227e+14	1.0542e-16	6.0188e-17
2.2239e+14	9.8294e-17	5.0816e-17
2.2251e+14	1.0601e-16	5.6651e-17
2.2263e+14	1.1639e-16	5.7675e-17
2.2275e+14	9.2549e-17	4.6532e-17
2.2287e+14	6.6818e-17	4.9673e-17
2.2299e+14	9.6115e-17	5.683e-17
2.2311e+14	1.413e-16	4.8579e-17
2.2323e+14	1.298e-16	4.7805e-17
2.2335e+14	9.5652e-17	5.8206e-17
2.2347e+14	1.0827e-16	5.3589e-17
2.2359e+14	1.3302e-16	4.7106e-17
2.2371e+14	1.0944e-16	5.7335e-17
2.2383e+14	7.435e-17	5.9378e-17
2.2395e+14	8.2806e-17	4.8922e-17
2.2407e+14	1.1206e-16	5.1872e-17
2.2419e+14	1.2756e-16	5.6909e-17
2.2431e+14	1.366e-16	4.8008e-17
2.2443e+14	1.3932e-16	4.7504e-17
2.2455e+14	1.2285e-16	5.5727e-17
2.2467e+14	1.0072e-16	4.9814e-17
2.2479e+14	8.9118e-17	4.5525e-17
2.2491e+14	8.037e-17	5.5338e-17
2.2503e+14	7.6122e-17	5.2793e-17
2.2515e+14	9.0086e-17	4.2194e-17
2.2527e+14	1.0905e-16	5.0636e-17
2.2539e+14	1.0918e-16	5.6537e-17
2.2551e+14	9.849e-17	4.1694e-17
2.2563e+14	9.8625e-17	3.8436e-17
2.2575e+14	1.1202e-16	5.1169e-17
2.2587e+14	1.3081e-16	5.0094e-17
2.2599e+14	1.4346e-16	4.6365e-17
2.2611e+14	1.3208e-16	5.5213e-17
2.2623e+14	1.0107e-16	5.2483e-17
2.2635e+14	8.7515e-17	4.1296e-17
2.2647e+14	1.067e-16	4.8889e-17
2.2659e+14	1.2598e-16	5.6018e-17
2.2671e+14	1.227e-16	4.3943e-17
2.2683e+14	1.1403e-16	4.1135e-17
2.2695e+14	1.1114e-16	5.109e-17
2.2707e+14	1.0795e-16	4.7045e-17
2.2719e+14	1.1332e-16	4.1027e-17
2.2731e+14	1.2828e-16	4.7594e-17
2.2743e+14	1.2342e-16	4.5688e-17
2.2755e+14	9.7822e-17	3.9242e-17
2.2767e+14	9.1926e-17	4.7618e-17
2.2779e+14	1.0269e-16	4.8261e-17
2.2791e+14	8.9524e-17	3.3394e-17
2.2803e+14	7.1881e-17	3.7355e-17
2.2815e+14	9.3824e-17	5.1402e-17
2.2827e+14	1.2334e-16	4.1774e-17
2.2839e+14	1.1601e-16	3.2967e-17
2.2851e+14	1.0578e-16	4.5592e-17
2.2863e+14	1.2485e-16	4.5601e-17
2.2875e+14	1.3815e-16	3.2917e-17
2.2887e+14	1.2491e-16	4.0987e-17
2.2899e+14	1.1221e-16	4.9526e-17
2.2911e+14	1.0805e-16	3.6128e-17
2.2924e+14	9.6698e-17	3.4327e-17
2.2936e+14	8.0227e-17	4.9323e-17
2.2948e+14	7.3216e-17	4.6038e-17
2.296e+14	9.0341e-17	3.5662e-17
2.2972e+14	1.2832e-16	4.1631e-17
2.2984e+14	1.4141e-16	4.1962e-17
2.2996e+14	1.0484e-16	3.2928e-17
2.3008e+14	7.8534e-17	3.8525e-17
2.302e+14	1.0396e-16	4.3811e-17
2.3032e+14	1.2292e-16	3.3524e-17
2.3044e+14	9.9621e-17	3.3812e-17
2.3056e+14	8.3432e-17	4.3941e-17
2.3068e+14	9.4528e-17	3.7764e-17
2.308e+14	1.1193e-16	3.2479e-17
2.3092e+14	1.4753e-16	4.2648e-17
2.3104e+14	1.8095e-16	3.9805e-17
2.3116e+14	1.4541e-16	2.6946e-17
2.3128e+14	7.6803e-17	3.3676e-17
2.314e+14	7.6606e-17	4.1302e-17
2.3152e+14	1.1429e-16	3.168e-17
2.3164e+14	1.0151e-16	3.2407e-17
2.3176e+14	7.9072e-17	4.1529e-17
2.3188e+14	1.114e-16	3.1859e-17
2.32e+14	1.5051e-16	2.5833e-17
2.3212e+14	1.5328e-16	4.1177e-17
2.3224e+14	1.484e-16	4.3487e-17
2.3236e+14	1.4136e-16	3.1167e-17
2.3248e+14	1.2148e-16	3.7185e-17
2.326e+14	1.1162e-16	4.4339e-17
2.3272e+14	1.0766e-16	3.1798e-17
2.3284e+14	8.4432e-17	3.0225e-17
2.3296e+14	7.3604e-17	4.2665e-17
2.3308e+14	1.0364e-16	3.674e-17
2.332e+14	1.3199e-16	2.7589e-17
2.3332e+14	1.2803e-16	3.7588e-17
2.3344e+14	1.1003e-16	3.9598e-17
2.3356e+14	9.0909e-17	2.8697e-17
2.3368e+14	9.3562e-17	3.3008e-17
2.338e+14	1.3782e-16	3.8748e-17
2.3392e+14	1.6574e-16	2.8106e-17
2.3404e+14	1.2592e-16	2.8588e-17
2.3416e+14	8.4315e-17	4.139e-17
2.3428e+14	9.2781e-17	3.572e-17
2.344e+14	9.5603e-17	2.6559e-17
2.3452e+14	7.914e-17	3.5505e-17
2.3464e+14	9.5666e-17	3.6699e-17
2.3476e+14	1.1659e-16	2.5638e-17
2.3488e+14	9.4749e-17	2.9939e-17
2.35e+14	8.3381e-17	3.6965e-17
2.3512e+14	1.0793e-16	2.8111e-17
2.3524e+14	1.0477e-16	2.6654e-17
2.3536e+14	8.0216e-17	3.4382e-17
2.3548e+14	9.7682e-17	2.7765e-17
2.356e+14	1.2429e-16	2.372e-17
2.3572e+14	1.0597e-16	3.6252e-17
2.3584e+14	8.2211e-17	3.5313e-17
2.3596e+14	8.5609e-17	2.2306e-17
2.3608e+14	9.3227e-17	2.9085e-17
2.362e+14	1.1145e-16	3.7802e-17
2.3632e+14	1.4433e-16	2.6208e-17
2.3644e+14	1.4406e-16	2.3727e-17
2.3656e+14	1.0561e-16	3.6183e-17
2.3668e+14	8.4651e-17	3.2475e-17
2.368e+14	9.2254e-17	2.3667e-17
2.3692e+14	1.0141e-16	3.1054e-17
2.3704e+14	1.0761e-16	3.1435e-17
2.3716e+14	1.0386e-16	2.0713e-17
2.3728e+14	8.9997e-17	2.574e-17
2.374e+14	9.7047e-17	3.385e-17
2.3753e+14	1.1398e-16	2.5501e-17
2.3765e+14	9.3219e-17	2.4116e-17
2.3777e+14	6.5376e-17	3.3486e-17
2.3789e+14	8.4898e-17	2.7939e-17
2.3801e+14	1.0689e-16	2.0306e-17
2.3813e+14	8.6865e-17	2.8801e-17
2.3825e+14	7.5109e-17	2.9845e-17
2.3837e+14	9.5407e-17	2.0402e-17
2.3849e+14	1.1161e-16	2.6106e-17
2.3861e+14	1.3518e-16	3.3643e-17
2.3873e+14	1.7555e-16	2.4307e-17
2.3885e+14	1.6926e-16	2.1814e-17
2.3897e+14	1.0995e-16	3.1079e-17
2.3909e+14	8.4425e-17	2.7477e-17
2.3921e+14	1.0611e-16	2.1515e-17
2.3933e+14	1.0918e-16	2.9747e-17
2.3945e+14	9.3013e-17	3.1105e-17
2.3957e+14	9.6551e-17	2.2348e-17
2.3969e+14	1.0964e-16	2.5155e-17
2.3981e+14	1.1504e-16	2.8652e-17
2.3993e+14	1.1252e-16	2.056e-17
2.4005e+14	9.1594e-17	2.1998e-17
2.4017e+14	7.0252e-17	3.1306e-17
2.4029e+14	8.5702e-17	2.6431e-17
2.4041e+14	1.0904e-16	2.2038e-17
2.4053e+14	9.4758e-17	3.0217e-17
2.4065e+14	8.1135e-17	2.78e-17
2.4077e+14	1.0692e-16	1.8369e-17
2.4089e+14	1.252e-16	2.5175e-17
2.4101e+14	1.0731e-16	2.9997e-17
2.4113e+14	9.9705e-17	1.9277e-17
2.4125e+14	1.1872e-16	1.9999e-17
2.4137e+14	1.24e-16	3.0408e-17
2.4149e+14	1.0835e-16	2.4451e-17
2.4161e+14	1.025e-16	1.8845e-17
2.4173e+14	1.0712e-16	2.8614e-17
2.4185e+14	9.9708e-17	2.763e-17
2.4197e+14	8.9785e-17	1.7687e-17
2.4209e+14	1.0762e-16	2.4917e-17
2.4221e+14	1.3847e-16	3.0927e-17
2.4233e+14	1.2976e-16	1.8835e-17
2.4245e+14	8.8156e-17	1.7061e-17
2.4257e+14	8.3316e-17	2.7711e-17
2.4269e+14	1.1865e-16	2.3437e-17
2.4281e+14	1.2163e-16	1.7711e-17
2.4293e+14	8.7013e-17	2.6329e-17
2.4305e+14	7.6168e-17	2.486e-17
2.4317e+14	8.5865e-17	1.4593e-17
2.4329e+14	7.6891e-17	2.2011e-17
2.4341e+14	7.2024e-17	2.9886e-17
2.4353e+14	9.4377e-17	1.969e-17
2.4365e+14	1.1002e-16	1.7629e-17
2.4377e+14	1.0424e-16	2.7039e-17
2.4389e+14	1.0027e-16	2.2314e-17
2.4401e+14	1.0277e-16	1.6213e-17
2.4413e+14	1.119e-16	2.4782e-17
2.4425e+14	1.3062e-16	2.5524e-17
2.4437e+14	1.309e-16	1.8229e-17
2.4449e+14	1.0516e-16	2.5195e-17
2.4461e+14	9.817e-17	2.9579e-17
2.4473e+14	1.1074e-16	1.7553e-17
2.4485e+14	9.6949e-17	1.6567e-17
2.4497e+14	7.6449e-17	2.6959e-17
2.4509e+14	8.7495e-17	2.2111e-17
2.4521e+14	9.0453e-17	1.6243e-17
2.4533e+14	6.6301e-17	2.5036e-17
2.4545e+14	7.0004e-17	2.4742e-17
2.4557e+14	1.0025e-16	1.6212e-17
2.4569e+14	1.035e-16	2.3023e-17
2.4581e+14	9.9067e-17	2.7577e-17
2.4594e+14	1.1666e-16	1.5873e-17
2.4606e+14	1.1453e-16	1.6283e-17
2.4618e+14	9.059e-17	2.7811e-17
2.463e+14	1.0307e-16	2.1857e-17
2.4642e+14	1.3651e-16	1.4571e-17
2.4654e+14	1.332e-16	2.4189e-17
2.4666e+14	1.1047e-16	2.4677e-17
2.4678e+14	1.0308e-16	1.4385e-17
2.469e+14	1.0268e-16	1.9935e-17
2.4702e+14	1.1395e-16	2.6537e-17
2.4714e+14	1.37e-16	1.6887e-17
2.4726e+14	1.32e-16	1.6164e-17
2.4738e+14	1.0327e-16	2.6017e-17
2.475e+14	1.0415e-16	2.0808e-17
2.4762e+14	1.2519e-16	1.4937e-17
2.4774e+14	1.2122e-16	2.4235e-17
2.4786e+14	1.0365e-16	2.3577e-17
2.4798e+14	9.1827e-17	1.328e-17
2.481e+14	7.9607e-17	1.9857e-17
2.4822e+14	8.6596e-17	2.6687e-17
2.4834e+14	1.1422e-16	1.582e-17
2.4846e+14	1.1104e-16	1.4373e-17
2.4858e+14	8.2942e-17	2.517e-17
2.487e+14	9.6671e-17	2.0402e-17
2.4882e+14	1.3743e-16	1.3308e-17
2.4894e+14	1.408e-16	2.2379e-17
2.4906e+14	1.2318e-16	2.3126e-17
2.4918e+14	1.2345e-16	1.2474e-17
2.493e+14	1.2262e-16	1.7036e-17
2.4942e+14	1.1114e-16	2.4348e-17
2.4954e+14	1.0558e-16	1.5896e-17
2.4966e+14	9.8597e-17	1.4637e-17
2.4978e+14	9.2956e-17	2.4508e-17
2.499e+14	1.0599e-16	2.0998e-17
2.5002e+14	1.1299e-16	1.5185e-17
2.5014e+14	1.0323e-16	2.3065e-17
2.5026e+14	1.2375e-16	2.3087e-17
2.5038e+14	1.66e-16	1.3815e-17
2.505e+14	1.6173e-16	1.851e-17
2.5062e+14	1.2771e-16	2.3674e-17
2.5074e+14	1.2078e-16	1.4088e-17
2.5086e+14	1.1018e-16	1.3852e-17
2.5098e+14	7.6564e-17	2.4757e-17
2.511e+14	8.3035e-17	2.085e-17
2.5122e+14	1.2648e-16	1.3264e-17
2.5134e+14	1.28e-16	1.9403e-17
2.5146e+14	9.7902e-17	2.0029e-17
2.5158e+14	9.8732e-17	1.321e-17
2.517e+14	1.1373e-16	1.8806e-17
2.5182e+14	1.1375e-16	2.3094e-17
2.5194e+14	1.2047e-16	1.3728e-17
2.5206e+14	1.2705e-16	1.4024e-17
2.5218e+14	1.0618e-16	2.2961e-17
2.523e+14	8.1813e-17	1.6792e-17
2.5242e+14	7.9172e-17	1.0457e-17
2.5254e+14	8.5249e-17	1.9419e-17
2.5266e+14	9.9028e-17	2.0522e-17
2.5278e+14	1.1817e-16	1.2562e-17
2.529e+14	1.1679e-16	1.791e-17
2.5302e+14	1.0728e-16	2.2702e-17
2.5314e+14	1.2051e-16	1.3638e-17
2.5326e+14	1.2609e-16	1.4046e-17
2.5338e+14	1.0176e-16	2.2924e-17
2.535e+14	9.8683e-17	1.6746e-17
2.5362e+14	1.2894e-16	1.0832e-17
2.5374e+14	1.3469e-16	1.9906e-17
2.5386e+14	1.1518e-16	2.0331e-17
2.5398e+14	1.128e-16	1.2208e-17
2.541e+14	1.0957e-16	1.8151e-17
2.5423e+14	8.9992e-17	2.2496e-17
2.5435e+14	9.4815e-17	1.2353e-17
2.5447e+14	1.1701e-16	1.3471e-17
2.5459e+14	1.0268e-16	2.3808e-17
2.5471e+14	7.4487e-17	1.7032e-17
2.5483e+14	8.7387e-17	1.0012e-17
2.5495e+14	1.1465e-16	1.994e-17
2.5507e+14	1.1667e-16	2.0721e-17
2.5519e+14	1.2007e-16	1.0579e-17
2.5531e+14	1.3939e-16	1.5837e-17
2.5543e+14	1.4154e-16	2.2373e-17
2.5555e+14	1.2349e-16	1.2762e-17
2.5567e+14	1.1482e-16	1.1661e-17
2.5579e+14	1.1238e-16	2.1969e-17
2.5591e+14	9.8602e-17	1.7818e-17
2.5603e+14	9.009e-17	1.0907e-17
2.5615e+14	1.0436e-16	1.8336e-17
2.5627e+14	1.1824e-16	1.8928e-17
2.5639e+14	1.083e-16	1.0901e-17
2.5651e+14	9.5897e-17	1.6551e-17
2.5663e+14	1.0588e-16	2.191e-17
2.5675e+14	1.181e-16	1.2351e-17
2.5687e+14	1.1097e-16	1.2011e-17
2.5699e+14	1.0471e-16	2.1977e-17
2.5711e+14	1.0963e-16	1.7277e-17
2.5723e+14	1.0094e-16	1.092e-17
2.5735e+14	8.283e-17	1.8956e-17
2.5747e+14	8.6437e-17	1.8906e-17
2.5759e+14	9.8371e-17	9.8999e-18
2.5771e+14	9.1723e-17	1.5742e-17
2.5783e+14	8.6215e-17	2.1761e-17
2.5795e+14	9.1711e-17	1.1516e-17
2.5807e+14	8.2997e-17	9.8058e-18
2.5819e+14	7.4393e-17	2.0107e-17
2.5831e+14	9.5327e-17	1.7147e-17
2.5843e+14	1.1188e-16	1.1611e-17
2.5855e+14	9.8311e-17	1.9716e-17
2.5867e+14	9.5789e-17	2.0356e-17
2.5879e+14	1.103e-16	1.1457e-17
2.5891e+14	1.0003e-16	1.6037e-17
2.5903e+14	8.7554e-17	2.194e-17
2.5915e+14	1.1245e-16	1.3515e-17
2.5927e+14	1.2951e-16	1.2358e-17
2.5939e+14	1.0717e-16	2.0879e-17
2.5951e+14	9.6735e-17	1.6426e-17
2.5963e+14	1.0847e-16	1.0349e-17
2.5975e+14	9.4185e-17	1.7593e-17
2.5987e+14	7.0722e-17	1.805e-17
2.5999e+14	8.5725e-17	1.0458e-17
2.6011e+14	1.1675e-16	1.5568e-17
2.6023e+14	1.3028e-16	2.0494e-17
2.6035e+14	1.3299e-16	1.2244e-17
2.6047e+14	1.21e-16	1.2646e-17
2.6059e+14	1.0018e-16	2.1173e-17
2.6071e+14	1.0933e-16	1.5332e-17
2.6083e+14	1.3284e-16	9.509e-18
2.6095e+14	1.1637e-16	1.8462e-17
2.6107e+14	9.2047e-17	1.9352e-17
2.6119e+14	1.1326e-16	1.0925e-17
2.6131e+14	1.2486e-16	1.5799e-17
2.6143e+14	8.1914e-17	2.0836e-17
2.6155e+14	6.136e-17	1.1847e-17
2.6167e+14	1.0031e-16	1.1454e-17
2.6179e+14	1.1464e-16	2.0519e-17
2.6191e+14	8.1866e-17	1.5914e-17
2.6203e+14	8.5769e-17	1.0186e-17
2.6215e+14	1.3116e-16	1.7575e-17
2.6227e+14	1.3423e-16	1.678e-17
2.6239e+14	9.9691e-17	8.4282e-18
2.6252e+14	1.0443e-16	1.4942e-17
2.6264e+14	1.3346e-16	2.1009e-17
2.6276e+14	1.1483e-16	1.1512e-17
2.6288e+14	7.3715e-17	1.0732e-17
2.63e+14	8.3339e-17	2.0549e-17
2.6312e+14	1.1551e-16	1.6391e-17
2.6324e+14	1.0078e-16	1.0096e-17
2.6336e+14	7.2471e-17	1.7432e-17
2.6348e+14	9.4379e-17	1.7448e-17
2.636e+14	1.2928e-16	9.0589e-18
2.6372e+14	1.2338e-16	1.4582e-17
2.6384e+14	1.1136e-16	2.0571e-17
2.6396e+14	1.2311e-16	1.2103e-17
2.6408e+14	1.2226e-16	1.1789e-17
2.642e+14	1.0258e-16	2.0879e-17
2.6432e+14	9.8628e-17	1.5655e-17
2.6444e+14	1.019e-16	9.0322e-18
2.6456e+14	9.849e-17	1.7232e-17
2.6468e+14	1.1625e-16	1.8183e-17
2.648e+14	1.4198e-16	9.2883e-18
2.6492e+14	1.2196e-16	1.3873e-17
2.6504e+14	7.7527e-17	2.0289e-17
2.6516e+14	6.9772e-17	1.221e-17
2.6528e+14	8.879e-17	1.052e-17
2.654e+14	1.0504e-16	1.8722e-17
2.6552e+14	1.2355e-16	1.4872e-17
2.6564e+14	1.2076e-16	9.1858e-18
2.6576e+14	7.9329e-17	1.6534e-17
2.6588e+14	6.7036e-17	1.7684e-17
2.66e+14	1.1857e-16	1.0256e-17
2.6612e+14	1.4624e-16	1.4212e-17
2.6624e+14	1.0803e-16	1.8548e-17
2.6636e+14	8.9111e-17	1.0768e-17
2.6648e+14	1.2406e-16	1.0996e-17
2.666e+14	1.4263e-16	1.9308e-17
2.6672e+14	1.2395e-16	1.4552e-17
2.6684e+14	1.1353e-16	9.3407e-18
2.6696e+14	1.1251e-16	1.7299e-17
2.6708e+14	9.5863e-17	1.7493e-17
2.672e+14	7.8753e-17	9.1116e-18
2.6732e+14	8.0687e-17	1.3727e-17
2.6744e+14	9.3219e-17	1.9215e-17
2.6756e+14	1.0293e-16	1.1608e-17
2.6768e+14	9.5416e-17	1.1148e-17
2.678e+14	6.8818e-17	1.8632e-17
2.6792e+14	6.1176e-17	1.3368e-17
2.6804e+14	9.9152e-17	8.2868e-18
2.6816e+14	1.3654e-16	1.7051e-17
2.6828e+14	1.2152e-16	1.8091e-17
2.684e+14	8.3739e-17	9.5395e-18
2.6852e+14	7.9469e-17	1.2776e-17
2.6864e+14	1.0098e-16	1.7149e-17
2.6876e+14	1.0602e-16	1.018e-17
2.6888e+14	9.0729e-17	1.1445e-17
2.69e+14	7.9873e-17	1.9793e-17
2.6912e+14	8.0769e-17	1.3836e-17
2.6924e+14	8.7487e-17	7.482e-18
2.6936e+14	1.0024e-16	1.5619e-17
2.6948e+14	1.1108e-16	1.712e-17
2.696e+14	1.0422e-16	9.6465e-18
2.6972e+14	9.0159e-17	1.3742e-17
2.6984e+14	9.663e-17	1.8122e-17
2.6996e+14	1.1694e-16	9.9199e-18
2.7008e+14	1.1669e-16	9.2643e-18
2.702e+14	9.0623e-17	1.7157e-17
2.7032e+14	6.9225e-17	1.3356e-17
2.7044e+14	7.8086e-17	8.9791e-18
2.7056e+14	1.1021e-16	1.5926e-17
2.7068e+14	1.272e-16	1.528e-17
2.708e+14	1.0514e-16	8.415e-18
2.7093e+14	7.9924e-17	1.446e-17
2.7105e+14	9.109e-17	1.895e-17
2.7117e+14	1.0878e-16	1.028e-17
2.7129e+14	1.0067e-16	1.0586e-17
2.7141e+14	9.9857e-17	1.8812e-17
2.7153e+14	1.1728e-16	1.3493e-17
2.7165e+14	1.059e-16	8.7317e-18
2.7177e+14	7.5407e-17	1.7252e-17
2.7189e+14	8.6174e-17	1.6534e-17
2.7201e+14	1.1739e-16	7.2458e-18
2.7213e+14	1.0927e-16	1.2129e-17
2.7225e+14	8.3387e-17	1.7401e-17
2.7237e+14	7.8248e-17	8.8602e-18
2.7249e+14	7.6614e-17	8.9439e-18
2.7261e+14	7.8959e-17	1.834e-17
2.7273e+14	1.0442e-16	1.3876e-17
2.7285e+14	1.1945e-16	8.0168e-18
2.7297e+14	1.0276e-16	1.5915e-17
2.7309e+14	9.6003e-17	1.6694e-17
2.7321e+14	1.0437e-16	8.7739e-18
2.7333e+14	9.5493e-17	1.3784e-17
2.7345e+14	9.731e-17	1.9496e-17
2.7357e+14	1.2574e-16	1.1252e-17
2.7369e+14	1.1597e-16	9.6067e-18
2.7381e+14	7.2139e-17	1.6686e-17
2.7393e+14	9.0146e-17	1.2096e-17
2.7405e+14	1.4751e-16	7.5781e-18
2.7417e+14	1.2971e-16	1.5958e-17
2.7429e+14	6.8521e-17	1.6321e-17
2.7441e+14	7.677e-17	8.0705e-18
2.7453e+14	1.2195e-16	1.2725e-17
2.7465e+14	1.1428e-16	1.7933e-17
2.7477e+14	8.5782e-17	9.7429e-18
2.7489e+14	9.2813e-17	9.1923e-18
2.7501e+14	1.0082e-16	1.7816e-17
2.7513e+14	8.371e-17	1.3834e-17
2.7525e+14	8.2501e-17	8.3674e-18
2.7537e+14	1.0865e-16	1.5729e-17
2.7549e+14	1.1737e-16	1.6622e-17
2.7561e+14	9.6329e-17	9.3344e-18
2.7573e+14	8.5501e-17	1.3528e-17
2.7585e+14	9.986e-17	1.7831e-17
2.7597e+14	1.0567e-16	1e-17
2.7609e+14	9.1295e-17	9.8846e-18
2.7621e+14	9.2199e-17	1.7442e-17
2.7633e+14	1.1487e-16	1.2479e-17
2.7645e+14	1.1866e-16	7.9623e-18
2.7657e+14	1.0406e-16	1.6549e-17
2.7669e+14	1.1311e-16	1.6571e-17
2.7681e+14	1.321e-16	7.4036e-18
2.7693e+14	1.1892e-16	1.144e-17
2.7705e+14	9.8972e-17	1.738e-17
2.7717e+14	1.0916e-16	1.0656e-17
2.7729e+14	1.2107e-16	1.0101e-17
2.7741e+14	1.1689e-16	1.6986e-17
2.7753e+14	1.2631e-16	1.2103e-17
2.7765e+14	1.4118e-16	7.5421e-18
2.7777e+14	1.2756e-16	1.5244e-17
2.7789e+14	1.0782e-16	1.478e-17
2.7801e+14	1.0923e-16	6.7685e-18
2.7813e+14	1.0468e-16	1.2242e-17
2.7825e+14	8.873e-17	1.7674e-17
2.7837e+14	1.0103e-16	9.2641e-18
2.7849e+14	1.3742e-16	8.7026e-18
2.7861e+14	1.5126e-16	1.738e-17
2.7873e+14	1.3254e-16	1.3249e-17
2.7885e+14	1.0454e-16	7.7012e-18
2.7897e+14	8.6511e-17	1.5032e-17
2.7909e+14	9.175e-17	1.5441e-17
2.7922e+14	1.0932e-16	7.6351e-18
2.7934e+14	1.0705e-16	1.2527e-17
2.7946e+14	8.7678e-17	1.8239e-17
2.7958e+14	8.338e-17	1.0323e-17
2.797e+14	9.2868e-17	8.5838e-18
2.7982e+14	9.7e-17	1.5428e-17
2.7994e+14	1.0414e-16	1.118e-17
2.8006e+14	1.1727e-16	6.8828e-18
2.8018e+14	1.1292e-16	1.4859e-17
2.803e+14	9.1436e-17	1.4931e-17
2.8042e+14	8.6646e-17	6.6742e-18
2.8054e+14	1.1023e-16	1.1317e-17
2.8066e+14	1.33e-16	1.68e-17
2.8078e+14	1.2624e-16	8.8353e-18
2.809e+14	1.0024e-16	7.798e-18
2.8102e+14	8.8568e-17	1.6032e-17
2.8114e+14	9.5551e-17	1.2494e-17
2.8126e+14	9.6659e-17	7.4121e-18
2.8138e+14	9.3243e-17	1.4696e-17
2.815e+14	1.0204e-16	1.56e-17
2.8162e+14	1.0897e-16	8.0904e-18
2.8174e+14	1.1179e-16	1.169e-17
2.8186e+14	1.4276e-16	1.5947e-17
2.8198e+14	1.772e-16	8.521e-18
2.821e+14	1.4477e-16	8.7228e-18
2.8222e+14	7.5834e-17	1.7266e-17
2.8234e+14	6.4697e-17	1.3361e-17
2.8246e+14	9.3068e-17	7.7579e-18
2.8258e+14	8.3802e-17	1.4315e-17
2.827e+14	6.6899e-17	1.4798e-17
2.8282e+14	1.0495e-16	7.5978e-18
2.8294e+14	1.5653e-16	1.1636e-17
2.8306e+14	1.5813e-16	1.6131e-17
2.8318e+14	1.2559e-16	9.0619e-18
2.833e+14	9.7629e-17	9.2202e-18
2.8342e+14	8.507e-17	1.6673e-17
2.8354e+14	8.974e-17	1.1874e-17
2.8366e+14	1.0128e-16	7.0641e-18
2.8378e+14	1.0136e-16	1.4924e-17
2.839e+14	9.3541e-17	1.5183e-17
2.8402e+14	9.1034e-17	7.0595e-18
2.8414e+14	9.6491e-17	1.1666e-17
2.8426e+14	1.132e-16	1.7584e-17
2.8438e+14	1.3161e-16	1.0458e-17
2.845e+14	1.2453e-16	9.5036e-18
2.8462e+14	1.015e-16	1.711e-17
2.8474e+14	1.095e-16	1.337e-17
2.8486e+14	1.5114e-16	8.2515e-18
2.8498e+14	1.7686e-16	1.4764e-17
2.851e+14	1.5981e-16	1.4787e-17
2.8522e+14	1.1677e-16	7.3013e-18
2.8534e+14	7.8133e-17	1.1644e-17
2.8546e+14	6.5345e-17	1.6707e-17
2.8558e+14	7.2112e-17	9.5685e-18
2.857e+14	7.9785e-17	9.0327e-18
2.8582e+14	8.999e-17	1.624e-17
2.8594e+14	9.8347e-17	1.1718e-17
2.8606e+14	8.3398e-17	6.7529e-18
2.8618e+14	6.7145e-17	1.4216e-17
2.863e+14	8.8895e-17	1.4634e-17
2.8642e+14	1.1356e-16	6.6708e-18
2.8654e+14	1.0284e-16	1.0742e-17
2.8666e+14	1.0951e-16	1.6003e-17
2.8678e+14	1.5211e-16	8.4994e-18
2.869e+14	1.4799e-16	7.2211e-18
2.8702e+14	9.3839e-17	1.4889e-17
2.8714e+14	9.1991e-17	1.1747e-17
2.8726e+14	1.3853e-16	7.0839e-18
2.8738e+14	1.3797e-16	1.3992e-17
2.8751e+14	1.0294e-16	1.4984e-17
2.8763e+14	1.0299e-16	8.269e-18
2.8775e+14	1.1888e-16	1.2138e-17
2.8787e+14	1.1747e-16	1.6167e-17
2.8799e+14	1.1626e-16	8.5555e-18
2.8811e+14	1.0571e-16	8.2972e-18
2.8823e+14	7.4772e-17	1.6304e-17
2.8835e+14	7.3538e-17	1.2404e-17
2.8847e+14	1.1272e-16	7.2275e-18
2.8859e+14	1.2598e-16	1.4501e-17
2.8871e+14	1.065e-16	1.5603e-17
2.8883e+14	1.1143e-16	8.0308e-18
2.8895e+14	1.3074e-16	1.148e-17
2.8907e+14	1.2002e-16	1.6503e-17
2.8919e+14	1.0184e-16	9.5625e-18
2.8931e+14	1.0961e-16	8.3849e-18
2.8943e+14	1.2473e-16	1.5623e-17
2.8955e+14	1.2803e-16	1.2107e-17
2.8967e+14	1.2115e-16	6.7997e-18
2.8979e+14	1.0286e-16	1.3284e-17
2.8991e+14	8.7453e-17	1.4823e-17
2.9003e+14	9.5313e-17	8.2877e-18
2.9015e+14	1.0695e-16	1.1469e-17
2.9027e+14	9.5231e-17	1.6126e-17
2.9039e+14	7.9418e-17	1.0178e-17
2.9051e+14	8.3832e-17	9.5641e-18
2.9063e+14	9.1228e-17	1.6127e-17
2.9075e+14	8.3528e-17	1.2782e-17
2.9087e+14	7.8638e-17	8.3191e-18
2.9099e+14	9.57e-17	1.3811e-17
2.9111e+14	1.1701e-16	1.3403e-17
2.9123e+14	1.1123e-16	6.9424e-18
2.9135e+14	8.4183e-17	1.1518e-17
2.9147e+14	7.3218e-17	1.6186e-17
2.9159e+14	8.9765e-17	9.134e-18
2.9171e+14	1.1299e-16	8.3107e-18
2.9183e+14	1.3167e-16	1.5699e-17
2.9195e+14	1.3639e-16	1.2817e-17
2.9207e+14	1.0901e-16	7.8726e-18
2.9219e+14	7.434e-17	1.3096e-17
2.9231e+14	8.7342e-17	1.3831e-17
2.9243e+14	1.3392e-16	8.6555e-18
2.9255e+14	1.4545e-16	1.2653e-17
2.9267e+14	1.1184e-16	1.6267e-17
2.9279e+14	7.8761e-17	1.0151e-17
2.9291e+14	7.2358e-17	1.0359e-17
2.9303e+14	9.5529e-17	1.5923e-17
2.9315e+14	1.3101e-16	1.0737e-17
2.9327e+14	1.397e-16	6.5498e-18
2.9339e+14	1.2596e-16	1.3556e-17
2.9351e+14	1.3846e-16	1.3888e-17
2.9363e+14	1.6198e-16	7.6903e-18
2.9375e+14	1.3858e-16	1.2044e-17
2.9387e+14	9.3763e-17	1.5685e-17
2.9399e+14	8.6272e-17	8.4677e-18
2.9411e+14	9.3155e-17	8.7933e-18
2.9423e+14	8.0425e-17	1.6093e-17
2.9435e+14	7.4552e-17	1.1651e-17
2.9447e+14	8.4286e-17	6.7252e-18
2.9459e+14	8.5848e-17	1.3636e-17
2.9471e+14	8.8269e-17	1.4723e-17
2.9483e+14	9.9438e-17	8.4732e-18
2.9495e+14	9.8518e-17	1.223e-17
2.9507e+14	9.8938e-17	1.6226e-17
2.9519e+14	1.2265e-16	9.6215e-18
2.9531e+14	1.3308e-16	9.1335e-18
2.9543e+14	1.1116e-16	1.505e-17
2.9555e+14	1.0272e-16	1.0708e-17
2.9567e+14	1.1543e-16	6.7514e-18
2.9579e+14	1.1102e-16	1.3314e-17
2.9592e+14	1.0492e-16	1.3004e-17
2.9604e+14	1.2485e-16	6.3272e-18
2.9616e+14	1.3559e-16	1.0665e-17
2.9628e+14	1.1684e-16	1.4924e-17
2.964e+14	1.0614e-16	8.6172e-18
2.9652e+14	1.1755e-16	9.299e-18
2.9664e+14	1.2844e-16	1.607e-17
2.9676e+14	1.2716e-16	1.1201e-17
2.9688e+14	1.0708e-16	6.7721e-18
2.97e+14	7.8486e-17	1.4083e-17
2.9712e+14	7.8961e-17	1.4361e-17
2.9724e+14	1.0236e-16	7.0953e-18
2.9736e+14	9.9893e-17	1.0815e-17
2.9748e+14	8.0314e-17	1.4979e-17
2.976e+14	7.9369e-17	8.2095e-18
2.9772e+14	7.4993e-17	8.3328e-18
2.9784e+14	6.2905e-17	1.5557e-17
2.9796e+14	8.9084e-17	1.1421e-17
2.9808e+14	1.2746e-16	6.6516e-18
2.982e+14	1.1245e-16	1.3305e-17
2.9832e+14	8.4779e-17	1.399e-17
2.9844e+14	1.0238e-16	7.7047e-18
2.9856e+14	1.1396e-16	1.1789e-17
2.9868e+14	8.8595e-17	1.5619e-17
2.988e+14	8.7323e-17	8.3908e-18
2.9892e+14	1.1505e-16	8.3944e-18
2.9904e+14	1.1417e-16	1.588e-17
2.9916e+14	9.9797e-17	1.1756e-17
2.9928e+14	1.1197e-16	6.462e-18
2.994e+14	1.2139e-16	1.2906e-17
2.9952e+14	1.0615e-16	1.3931e-17
2.9964e+14	9.5311e-17	7.4463e-18
2.9976e+14	9.8948e-17	1.0976e-17
2.9988e+14	1.049e-16	1.5473e-17
3e+14	1.0699e-16	9.5466e-18
