#Error on normalization	O = 1.802 %	H = 2.307 %
#Frequence (s-1)	S_O (s)	S_H (s)
0	-7.539e-18	6.6277e-15
1.9907e+11	-2.4727e-16	6.3868e-15
3.9814e+11	1.6405e-16	6.3498e-15
5.9721e+11	1.1341e-15	7.0848e-15
7.9628e+11	8.5886e-16	7.7231e-15
9.9536e+11	1.079e-15	7.4873e-15
1.1944e+12	3.9507e-15	6.9912e-15
1.3935e+12	5.8627e-15	7.1651e-15
1.5926e+12	3.5913e-15	7.9007e-15
1.7916e+12	2.4945e-15	8.2652e-15
1.9907e+12	1.08e-14	7.9436e-15
2.1898e+12	2.6822e-14	7.9043e-15
2.3889e+12	3.6228e-14	8.6727e-15
2.5879e+12	2.8188e-14	9.0144e-15
2.787e+12	1.3772e-14	8.2377e-15
2.9861e+12	1.3328e-14	7.9444e-15
3.1851e+12	2.4797e-14	9.1212e-15
3.3842e+12	2.8347e-14	1.0152e-14
3.5833e+12	2.1464e-14	9.8714e-15
3.7823e+12	1.9303e-14	9.3975e-15
3.9814e+12	2.5132e-14	9.6239e-15
4.1805e+12	3.1107e-14	1.0128e-14
4.3796e+12	3.7353e-14	1.0633e-14
4.5786e+12	4.4569e-14	1.0971e-14
4.7777e+12	4.5418e-14	1.0776e-14
4.9768e+12	4.1115e-14	1.059e-14
5.1758e+12	4.4369e-14	1.1155e-14
5.3749e+12	5.649e-14	1.1727e-14
5.574e+12	6.4257e-14	1.1522e-14
5.7731e+12	6.2733e-14	1.1337e-14
5.9721e+12	6.2067e-14	1.1763e-14
6.1712e+12	6.9922e-14	1.2204e-14
6.3703e+12	7.8901e-14	1.2504e-14
6.5693e+12	7.629e-14	1.2866e-14
6.7684e+12	6.3828e-14	1.28e-14
6.9675e+12	5.7693e-14	1.2366e-14
7.1666e+12	6.3876e-14	1.2418e-14
7.3656e+12	6.9313e-14	1.2515e-14
7.5647e+12	6.5296e-14	1.1725e-14
7.7638e+12	5.9265e-14	1.1181e-14
7.9628e+12	5.7159e-14	1.2189e-14
8.1619e+12	5.62e-14	1.3401e-14
8.361e+12	5.6197e-14	1.3295e-14
8.5601e+12	5.7557e-14	1.2869e-14
8.7591e+12	5.4291e-14	1.3181e-14
8.9582e+12	4.6216e-14	1.3348e-14
9.1573e+12	4.5783e-14	1.2774e-14
9.3563e+12	5.8338e-14	1.2386e-14
9.5554e+12	6.9945e-14	1.2805e-14
9.7545e+12	6.7539e-14	1.3576e-14
9.9536e+12	5.8575e-14	1.4179e-14
1.0153e+13	5.7596e-14	1.4316e-14
1.0352e+13	6.2446e-14	1.3856e-14
1.0551e+13	6.0624e-14	1.3292e-14
1.075e+13	5.4048e-14	1.3404e-14
1.0949e+13	5.537e-14	1.4141e-14
1.1148e+13	6.2375e-14	1.4622e-14
1.1347e+13	6.2023e-14	1.4363e-14
1.1546e+13	5.5805e-14	1.3931e-14
1.1745e+13	5.4926e-14	1.4101e-14
1.1944e+13	5.9995e-14	1.4734e-14
1.2143e+13	6.6841e-14	1.5079e-14
1.2342e+13	7.4478e-14	1.5103e-14
1.2541e+13	7.5557e-14	1.5432e-14
1.2741e+13	6.4779e-14	1.584e-14
1.294e+13	5.5668e-14	1.5325e-14
1.3139e+13	5.9146e-14	1.4136e-14
1.3338e+13	6.1174e-14	1.3888e-14
1.3537e+13	5.0836e-14	1.5017e-14
1.3736e+13	4.2745e-14	1.6007e-14
1.3935e+13	4.7676e-14	1.5794e-14
1.4134e+13	5.4379e-14	1.4986e-14
1.4333e+13	5.4354e-14	1.4344e-14
1.4532e+13	5.2592e-14	1.4083e-14
1.4731e+13	5.1739e-14	1.4526e-14
1.493e+13	5.0398e-14	1.5397e-14
1.5129e+13	4.9547e-14	1.542e-14
1.5328e+13	4.7672e-14	1.4523e-14
1.5528e+13	4.3028e-14	1.4486e-14
1.5727e+13	4.124e-14	1.5735e-14
1.5926e+13	4.5868e-14	1.6433e-14
1.6125e+13	4.9632e-14	1.5919e-14
1.6324e+13	4.6564e-14	1.5432e-14
1.6523e+13	4.1119e-14	1.5196e-14
1.6722e+13	3.8937e-14	1.4691e-14
1.6921e+13	3.8548e-14	1.4771e-14
1.712e+13	3.5389e-14	1.577e-14
1.7319e+13	3.0798e-14	1.5905e-14
1.7518e+13	3.2911e-14	1.4733e-14
1.7717e+13	4.223e-14	1.4559e-14
1.7916e+13	4.4815e-14	1.6118e-14
1.8115e+13	3.4364e-14	1.7238e-14
1.8315e+13	2.5662e-14	1.6995e-14
1.8514e+13	2.8721e-14	1.6702e-14
1.8713e+13	3.272e-14	1.6716e-14
1.8912e+13	2.9868e-14	1.6335e-14
1.9111e+13	2.6493e-14	1.5951e-14
1.931e+13	2.44e-14	1.6144e-14
1.9509e+13	2.0277e-14	1.6235e-14
1.9708e+13	1.8362e-14	1.5799e-14
1.9907e+13	2.0374e-14	1.5621e-14
2.0106e+13	1.9317e-14	1.5995e-14
2.0305e+13	1.5893e-14	1.6139e-14
2.0504e+13	1.7104e-14	1.5768e-14
2.0703e+13	1.8763e-14	1.549e-14
2.0902e+13	1.4862e-14	1.5631e-14
2.1102e+13	1.2186e-14	1.6013e-14
2.1301e+13	1.5133e-14	1.6457e-14
2.15e+13	1.6258e-14	1.6547e-14
2.1699e+13	1.3046e-14	1.5838e-14
2.1898e+13	1.1315e-14	1.5035e-14
2.2097e+13	1.1484e-14	1.5386e-14
2.2296e+13	1.0793e-14	1.6337e-14
2.2495e+13	1.0983e-14	1.6155e-14
2.2694e+13	1.2113e-14	1.518e-14
2.2893e+13	1.1216e-14	1.5175e-14
2.3092e+13	9.4585e-15	1.5611e-14
2.3291e+13	9.1353e-15	1.4726e-14
2.349e+13	8.9642e-15	1.3523e-14
2.3689e+13	8.7163e-15	1.413e-14
2.3889e+13	9.2372e-15	1.5644e-14
2.4088e+13	8.5787e-15	1.5938e-14
2.4287e+13	6.5432e-15	1.5317e-14
2.4486e+13	6.0915e-15	1.5015e-14
2.4685e+13	6.5889e-15	1.502e-14
2.4884e+13	5.8299e-15	1.5277e-14
2.5083e+13	5.7918e-15	1.5859e-14
2.5282e+13	7.0807e-15	1.5889e-14
2.5481e+13	6.5017e-15	1.5116e-14
2.568e+13	4.8946e-15	1.4785e-14
2.5879e+13	5.5217e-15	1.5125e-14
2.6078e+13	6.3746e-15	1.5021e-14
2.6277e+13	5.238e-15	1.4641e-14
2.6476e+13	4.8064e-15	1.4809e-14
2.6676e+13	5.6972e-15	1.4926e-14
2.6875e+13	5.2043e-15	1.4583e-14
2.7074e+13	4.1258e-15	1.4628e-14
2.7273e+13	4.399e-15	1.4917e-14
2.7472e+13	4.4722e-15	1.4695e-14
2.7671e+13	3.7952e-15	1.4977e-14
2.787e+13	4.0149e-15	1.6333e-14
2.8069e+13	4.3909e-15	1.6547e-14
2.8268e+13	3.9226e-15	1.4666e-14
2.8467e+13	4.0622e-15	1.3497e-14
2.8666e+13	4.539e-15	1.4546e-14
2.8865e+13	3.7452e-15	1.5369e-14
2.9064e+13	3.1562e-15	1.4474e-14
2.9263e+13	3.9185e-15	1.3686e-14
2.9463e+13	3.937e-15	1.4083e-14
2.9662e+13	3.0342e-15	1.4361e-14
2.9861e+13	3.1987e-15	1.3952e-14
3.006e+13	3.5532e-15	1.3837e-14
3.0259e+13	2.8891e-15	1.4166e-14
3.0458e+13	2.8292e-15	1.4006e-14
3.0657e+13	3.4802e-15	1.3295e-14
3.0856e+13	3.1247e-15	1.2931e-14
3.1055e+13	2.6502e-15	1.3209e-14
3.1254e+13	3.0252e-15	1.3585e-14
3.1453e+13	2.6519e-15	1.3685e-14
3.1652e+13	1.867e-15	1.3593e-14
3.1851e+13	2.63e-15	1.3569e-14
3.205e+13	3.4213e-15	1.3991e-14
3.225e+13	2.4889e-15	1.4817e-14
3.2449e+13	1.9793e-15	1.5137e-14
3.2648e+13	2.8282e-15	1.4478e-14
3.2847e+13	2.8407e-15	1.3884e-14
3.3046e+13	2.0965e-15	1.4067e-14
3.3245e+13	2.271e-15	1.402e-14
3.3444e+13	2.4608e-15	1.3345e-14
3.3643e+13	1.8846e-15	1.3412e-14
3.3842e+13	1.84e-15	1.4357e-14
3.4041e+13	2.2474e-15	1.4318e-14
3.424e+13	2.0546e-15	1.3109e-14
3.4439e+13	1.9694e-15	1.2743e-14
3.4638e+13	2.3252e-15	1.3603e-14
3.4837e+13	2.139e-15	1.4027e-14
3.5036e+13	1.8146e-15	1.3536e-14
3.5236e+13	2.0534e-15	1.3028e-14
3.5435e+13	1.9226e-15	1.2675e-14
3.5634e+13	1.4654e-15	1.2227e-14
3.5833e+13	1.8719e-15	1.2041e-14
3.6032e+13	2.3323e-15	1.2334e-14
3.6231e+13	1.821e-15	1.282e-14
3.643e+13	1.615e-15	1.3427e-14
3.6629e+13	2.1195e-15	1.4115e-14
3.6828e+13	1.9156e-15	1.4367e-14
3.7027e+13	1.3486e-15	1.3873e-14
3.7226e+13	1.646e-15	1.3225e-14
3.7425e+13	1.9516e-15	1.3254e-14
3.7624e+13	1.5554e-15	1.3753e-14
3.7823e+13	1.4623e-15	1.3509e-14
3.8023e+13	1.7813e-15	1.2374e-14
3.8222e+13	1.7693e-15	1.2165e-14
3.8421e+13	1.749e-15	1.3633e-14
3.862e+13	1.8234e-15	1.4554e-14
3.8819e+13	1.4457e-15	1.3638e-14
3.9018e+13	1.2343e-15	1.3136e-14
3.9217e+13	1.7707e-15	1.4283e-14
3.9416e+13	2.0286e-15	1.4693e-14
3.9615e+13	1.6323e-15	1.3434e-14
3.9814e+13	1.5467e-15	1.3035e-14
4.0013e+13	1.716e-15	1.4107e-14
4.0212e+13	1.5163e-15	1.4235e-14
4.0411e+13	1.3744e-15	1.3187e-14
4.061e+13	1.493e-15	1.2937e-14
4.081e+13	1.4454e-15	1.3192e-14
4.1009e+13	1.4789e-15	1.2569e-14
4.1208e+13	1.6677e-15	1.2032e-14
4.1407e+13	1.4093e-15	1.2657e-14
4.1606e+13	1.1189e-15	1.3234e-14
4.1805e+13	1.476e-15	1.2934e-14
4.2004e+13	1.6469e-15	1.2728e-14
4.2203e+13	1.2329e-15	1.2969e-14
4.2402e+13	1.3103e-15	1.2956e-14
4.2601e+13	1.7944e-15	1.2683e-14
4.28e+13	1.6263e-15	1.2566e-14
4.2999e+13	1.2993e-15	1.2555e-14
4.3198e+13	1.4818e-15	1.2549e-14
4.3397e+13	1.4356e-15	1.2348e-14
4.3597e+13	1.1125e-15	1.1695e-14
4.3796e+13	1.2931e-15	1.1308e-14
4.3995e+13	1.4978e-15	1.1917e-14
4.4194e+13	1.2139e-15	1.2392e-14
4.4393e+13	1.207e-15	1.177e-14
4.4592e+13	1.4888e-15	1.157e-14
4.4791e+13	1.2874e-15	1.2627e-14
4.499e+13	1.0887e-15	1.279e-14
4.5189e+13	1.3845e-15	1.1223e-14
4.5388e+13	1.3822e-15	1.0544e-14
4.5587e+13	1.0424e-15	1.177e-14
4.5786e+13	1.1695e-15	1.2458e-14
4.5985e+13	1.3716e-15	1.1742e-14
4.6184e+13	1.139e-15	1.1553e-14
4.6384e+13	1.1094e-15	1.2146e-14
4.6583e+13	1.3061e-15	1.1902e-14
4.6782e+13	1.1205e-15	1.1098e-14
4.6981e+13	1.0169e-15	1.1107e-14
4.718e+13	1.313e-15	1.1351e-14
4.7379e+13	1.2453e-15	1.083e-14
4.7578e+13	9.3458e-16	1.0397e-14
4.7777e+13	1.127e-15	1.0727e-14
4.7976e+13	1.2577e-15	1.0793e-14
4.8175e+13	8.9602e-16	1.0133e-14
4.8374e+13	9.2641e-16	9.7956e-15
4.8573e+13	1.35e-15	1.0067e-14
4.8772e+13	1.2313e-15	1.0026e-14
4.8971e+13	9.0516e-16	9.6784e-15
4.9171e+13	9.9961e-16	9.91e-15
4.937e+13	1.0128e-15	1.0426e-14
4.9569e+13	8.6099e-16	1.0145e-14
4.9768e+13	1.0242e-15	9.2734e-15
4.9967e+13	1.0694e-15	8.8871e-15
5.0166e+13	7.4729e-16	9.0692e-15
5.0365e+13	7.7574e-16	9.1911e-15
5.0564e+13	1.0294e-15	9.161e-15
5.0763e+13	8.3135e-16	9.0605e-15
5.0962e+13	6.9185e-16	8.6445e-15
5.1161e+13	9.6183e-16	8.0805e-15
5.136e+13	8.9611e-16	7.9789e-15
5.1559e+13	6.2161e-16	8.3301e-15
5.1758e+13	8.6665e-16	8.5748e-15
5.1958e+13	1.061e-15	8.5791e-15
5.2157e+13	7.4822e-16	8.5595e-15
5.2356e+13	7.1971e-16	8.4737e-15
5.2555e+13	9.5386e-16	8.1075e-15
5.2754e+13	6.9786e-16	7.4373e-15
5.2953e+13	4.7577e-16	6.8534e-15
5.3152e+13	7.9985e-16	6.9219e-15
5.3351e+13	8.7422e-16	7.4259e-15
5.355e+13	6.0283e-16	7.4266e-15
5.3749e+13	7.4246e-16	6.9978e-15
5.3948e+13	9.1037e-16	7.1777e-15
5.4147e+13	6.1485e-16	7.6673e-15
5.4346e+13	5.5705e-16	7.2537e-15
5.4545e+13	8.2416e-16	6.4566e-15
5.4745e+13	6.8446e-16	6.471e-15
5.4944e+13	4.8262e-16	6.5801e-15
5.5143e+13	7.3023e-16	5.9627e-15
5.5342e+13	7.9657e-16	5.73e-15
5.5541e+13	5.4266e-16	6.3611e-15
5.574e+13	6.2907e-16	6.4973e-15
5.5939e+13	8.0523e-16	5.8944e-15
5.6138e+13	6.2636e-16	5.6629e-15
5.6337e+13	5.9223e-16	5.6559e-15
5.6536e+13	7.7352e-16	5.3629e-15
5.6735e+13	6.4678e-16	5.531e-15
5.6934e+13	5.1443e-16	6.0811e-15
5.7133e+13	6.8398e-16	5.7431e-15
5.7332e+13	6.199e-16	4.9755e-15
5.7532e+13	3.8976e-16	5.1205e-15
5.7731e+13	5.6494e-16	5.4024e-15
5.793e+13	7.3669e-16	4.86e-15
5.8129e+13	5.3696e-16	4.6652e-15
5.8328e+13	5.4311e-16	5.2911e-15
5.8527e+13	7.2261e-16	5.2837e-15
5.8726e+13	5.2073e-16	4.5636e-15
5.8925e+13	3.85e-16	4.5238e-15
5.9124e+13	6.6782e-16	4.9066e-15
5.9323e+13	6.7504e-16	4.6852e-15
5.9522e+13	3.8355e-16	4.4234e-15
5.9721e+13	4.819e-16	4.6934e-15
5.992e+13	6.5672e-16	4.7586e-15
6.0119e+13	4.6759e-16	4.4528e-15
6.0319e+13	4.4896e-16	4.5118e-15
6.0518e+13	6.5637e-16	4.834e-15
6.0717e+13	5.3827e-16	4.814e-15
6.0916e+13	4.1027e-16	4.5906e-15
6.1115e+13	6.1397e-16	4.4885e-15
6.1314e+13	5.887e-16	4.4495e-15
6.1513e+13	3.356e-16	4.4392e-15
6.1712e+13	4.5683e-16	4.405e-15
6.1911e+13	6.2742e-16	4.2366e-15
6.211e+13	4.328e-16	4.1264e-15
6.2309e+13	3.9221e-16	4.19e-15
6.2508e+13	5.8782e-16	4.1474e-15
6.2707e+13	5.0242e-16	4.0024e-15
6.2906e+13	3.8598e-16	4.0369e-15
6.3106e+13	5.4786e-16	4.0706e-15
6.3305e+13	5.2664e-16	3.9103e-15
6.3504e+13	3.4338e-16	3.9126e-15
6.3703e+13	4.7823e-16	4.1773e-15
6.3902e+13	5.9554e-16	4.2964e-15
6.4101e+13	3.976e-16	4.2155e-15
6.43e+13	3.9729e-16	4.1406e-15
6.4499e+13	5.8012e-16	3.9982e-15
6.4698e+13	4.5418e-16	3.8437e-15
6.4897e+13	3.4348e-16	3.8815e-15
6.5096e+13	5.2881e-16	3.9116e-15
6.5295e+13	5.1311e-16	3.7851e-15
6.5494e+13	3.5019e-16	3.7922e-15
6.5693e+13	5.0948e-16	3.912e-15
6.5893e+13	5.9674e-16	3.8356e-15
6.6092e+13	3.4364e-16	3.7332e-15
6.6291e+13	3.497e-16	3.7629e-15
6.649e+13	5.919e-16	3.652e-15
6.6689e+13	4.9882e-16	3.5476e-15
6.6888e+13	3.7723e-16	3.7962e-15
6.7087e+13	5.3886e-16	3.9381e-15
6.7286e+13	4.8583e-16	3.6253e-15
6.7485e+13	2.8249e-16	3.4862e-15
6.7684e+13	4.5542e-16	3.7042e-15
6.7883e+13	6.1309e-16	3.6238e-15
6.8082e+13	4.0385e-16	3.3762e-15
6.8281e+13	3.8636e-16	3.6043e-15
6.848e+13	5.7583e-16	3.9383e-15
6.8679e+13	4.2774e-16	3.8524e-15
6.8879e+13	2.7611e-16	3.7699e-15
6.9078e+13	4.8449e-16	3.893e-15
6.9277e+13	5.1222e-16	3.7457e-15
6.9476e+13	3.03e-16	3.4041e-15
6.9675e+13	4.0536e-16	3.383e-15
6.9874e+13	5.5702e-16	3.6145e-15
7.0073e+13	3.8621e-16	3.769e-15
7.0272e+13	3.5516e-16	3.7685e-15
7.0471e+13	5.3651e-16	3.6125e-15
7.067e+13	4.5357e-16	3.5071e-15
7.0869e+13	3.4372e-16	3.6821e-15
7.1068e+13	5.181e-16	3.8031e-15
7.1267e+13	5.2942e-16	3.6139e-15
7.1466e+13	3.3226e-16	3.5814e-15
7.1666e+13	4.0668e-16	3.8006e-15
7.1865e+13	5.4781e-16	3.6952e-15
7.2064e+13	4.3691e-16	3.4212e-15
7.2263e+13	4.2131e-16	3.5875e-15
7.2462e+13	5.3024e-16	3.8408e-15
7.2661e+13	4.2382e-16	3.7267e-15
7.286e+13	3.5739e-16	3.7176e-15
7.3059e+13	5.1043e-16	3.9219e-15
7.3258e+13	4.6905e-16	3.7542e-15
7.3457e+13	3.2352e-16	3.4166e-15
7.3656e+13	4.7888e-16	3.5127e-15
7.3855e+13	5.8022e-16	3.7442e-15
7.4054e+13	3.8483e-16	3.7904e-15
7.4253e+13	3.8397e-16	3.9931e-15
7.4453e+13	5.5545e-16	4.2176e-15
7.4652e+13	4.5328e-16	4.0022e-15
7.4851e+13	3.6747e-16	3.7218e-15
7.505e+13	5.3589e-16	3.7877e-15
7.5249e+13	5.0494e-16	3.8099e-15
7.5448e+13	3.3309e-16	3.7118e-15
7.5647e+13	4.6934e-16	3.907e-15
7.5846e+13	5.7759e-16	4.1383e-15
7.6045e+13	3.7475e-16	3.9667e-15
7.6244e+13	3.4889e-16	3.711e-15
7.6443e+13	5.2089e-16	3.6089e-15
7.6642e+13	4.4189e-16	3.4693e-15
7.6841e+13	3.6803e-16	3.5515e-15
7.704e+13	5.5191e-16	4.055e-15
7.724e+13	5.4956e-16	4.2929e-15
7.7439e+13	3.6191e-16	3.9201e-15
7.7638e+13	4.3187e-16	3.651e-15
7.7837e+13	5.3049e-16	3.7842e-15
7.8036e+13	4.0994e-16	3.784e-15
7.8235e+13	4.3623e-16	3.6059e-15
7.8434e+13	5.6462e-16	3.6767e-15
7.8633e+13	4.3947e-16	3.8925e-15
7.8832e+13	3.7347e-16	3.9856e-15
7.9031e+13	5.6e-16	4.1196e-15
7.923e+13	5.4247e-16	4.3442e-15
7.9429e+13	3.7556e-16	4.401e-15
7.9628e+13	4.7622e-16	4.3283e-15
7.9827e+13	5.4865e-16	4.391e-15
8.0027e+13	3.8172e-16	4.5112e-15
8.0226e+13	4.1442e-16	4.4457e-15
8.0425e+13	5.7966e-16	4.2832e-15
8.0624e+13	4.7164e-16	4.2482e-15
8.0823e+13	4.1028e-16	4.2557e-15
8.1022e+13	5.8707e-16	4.1398e-15
8.1221e+13	5.2423e-16	4.1103e-15
8.142e+13	3.2701e-16	4.3854e-15
8.1619e+13	4.7649e-16	4.6196e-15
8.1818e+13	6.2122e-16	4.4573e-15
8.2017e+13	4.601e-16	4.2455e-15
8.2216e+13	4.5545e-16	4.3456e-15
8.2415e+13	5.9546e-16	4.4514e-15
8.2614e+13	4.6128e-16	4.356e-15
8.2814e+13	3.8311e-16	4.3644e-15
8.3013e+13	6.0458e-16	4.4731e-15
8.3212e+13	6.0994e-16	4.3757e-15
8.3411e+13	4.1587e-16	4.2864e-15
8.361e+13	5.1906e-16	4.5504e-15
8.3809e+13	6.2916e-16	4.8881e-15
8.4008e+13	4.4482e-16	4.9062e-15
8.4207e+13	4.4512e-16	4.6336e-15
8.4406e+13	6.4878e-16	4.2806e-15
8.4605e+13	5.5326e-16	4.1844e-15
8.4804e+13	4.0986e-16	4.5478e-15
8.5003e+13	5.7493e-16	4.8691e-15
8.5202e+13	6.4108e-16	4.6704e-15
8.5401e+13	5.1572e-16	4.5018e-15
8.5601e+13	5.9317e-16	4.8517e-15
8.58e+13	6.7164e-16	5.1045e-15
8.5999e+13	5.1064e-16	4.8814e-15
8.6198e+13	5.124e-16	4.7589e-15
8.6397e+13	6.7474e-16	4.8536e-15
8.6596e+13	5.5952e-16	4.6967e-15
8.6795e+13	4.2087e-16	4.5622e-15
8.6994e+13	5.8234e-16	4.9304e-15
8.7193e+13	6.4021e-16	5.3085e-15
8.7392e+13	4.9696e-16	5.1743e-15
8.7591e+13	5.5685e-16	4.9244e-15
8.779e+13	6.682e-16	4.9426e-15
8.7989e+13	5.5448e-16	5.0046e-15
8.8188e+13	5.2038e-16	4.8981e-15
8.8388e+13	6.274e-16	4.7195e-15
8.8587e+13	5.7843e-16	4.742e-15
8.8786e+13	5.498e-16	5.1683e-15
8.8985e+13	6.9421e-16	5.5873e-15
8.9184e+13	6.6764e-16	5.349e-15
8.9383e+13	5.2285e-16	4.8505e-15
8.9582e+13	6.1966e-16	5.0672e-15
8.9781e+13	7.1785e-16	5.7332e-15
8.998e+13	6.1311e-16	5.7735e-15
9.0179e+13	6.5765e-16	5.2753e-15
9.0378e+13	7.8399e-16	5.2011e-15
9.0577e+13	6.0797e-16	5.6176e-15
9.0776e+13	4.3153e-16	5.7547e-15
9.0975e+13	5.6235e-16	5.397e-15
9.1175e+13	6.248e-16	5.1261e-15
9.1374e+13	5.3236e-16	5.3086e-15
9.1573e+13	6.1104e-16	5.5469e-15
9.1772e+13	6.9914e-16	5.4477e-15
9.1971e+13	6.0976e-16	5.3838e-15
9.217e+13	6.4168e-16	5.7285e-15
9.2369e+13	7.6341e-16	5.996e-15
9.2568e+13	6.6781e-16	5.7449e-15
9.2767e+13	5.7694e-16	5.4047e-15
9.2966e+13	6.7153e-16	5.3631e-15
9.3165e+13	6.5369e-16	5.4779e-15
9.3364e+13	5.7424e-16	5.772e-15
9.3563e+13	6.8654e-16	6.1949e-15
9.3762e+13	7.1555e-16	6.2147e-15
9.3962e+13	5.5823e-16	5.8801e-15
9.4161e+13	6.0359e-16	5.9312e-15
9.436e+13	7.5441e-16	6.2179e-15
9.4559e+13	6.8494e-16	6.0272e-15
9.4758e+13	6.8203e-16	5.7783e-15
9.4957e+13	8.4922e-16	6.1415e-15
9.5156e+13	7.7809e-16	6.5338e-15
9.5355e+13	6.3412e-16	6.3788e-15
9.5554e+13	7.9078e-16	6.1332e-15
9.5753e+13	8.4853e-16	6.0456e-15
9.5952e+13	6.339e-16	5.9259e-15
9.6151e+13	6.8615e-16	6.0374e-15
9.635e+13	8.9643e-16	6.3945e-15
9.6549e+13	7.3183e-16	6.342e-15
9.6749e+13	5.5971e-16	5.9685e-15
9.6948e+13	7.5652e-16	6.0484e-15
9.7147e+13	8.1053e-16	6.4151e-15
9.7346e+13	6.0056e-16	6.476e-15
9.7545e+13	6.3406e-16	6.528e-15
9.7744e+13	8.0136e-16	6.8209e-15
9.7943e+13	7.7722e-16	6.8241e-15
9.8142e+13	8.0171e-16	6.4425e-15
9.8341e+13	8.7886e-16	6.2625e-15
9.854e+13	7.3859e-16	6.4283e-15
9.8739e+13	6.7681e-16	6.625e-15
9.8938e+13	8.5388e-16	6.6694e-15
9.9137e+13	7.9901e-16	6.5243e-15
9.9336e+13	5.9226e-16	6.4343e-15
9.9536e+13	7.467e-16	6.688e-15
9.9735e+13	9.3946e-16	6.8567e-15
9.9934e+13	7.6674e-16	6.4991e-15
1.0013e+14	6.8648e-16	6.2803e-15
1.0033e+14	8.4967e-16	6.7006e-15
1.0053e+14	7.9354e-16	6.9512e-15
1.0073e+14	6.6782e-16	6.5949e-15
1.0093e+14	8.2085e-16	6.3533e-15
1.0113e+14	8.6894e-16	6.3757e-15
1.0133e+14	6.5581e-16	6.208e-15
1.0153e+14	6.5266e-16	6.2549e-15
1.0173e+14	8.1433e-16	6.8441e-15
1.0192e+14	7.5648e-16	7.1755e-15
1.0212e+14	6.8135e-16	6.9887e-15
1.0232e+14	7.6764e-16	7.0575e-15
1.0252e+14	7.4652e-16	7.2668e-15
1.0272e+14	6.6368e-16	6.8522e-15
1.0292e+14	7.3917e-16	6.2389e-15
1.0312e+14	7.7468e-16	6.2079e-15
1.0332e+14	6.9654e-16	6.4295e-15
1.0352e+14	7.3372e-16	6.4595e-15
1.0372e+14	7.6931e-16	6.4713e-15
1.0392e+14	6.5324e-16	6.4401e-15
1.0411e+14	6.4842e-16	6.2878e-15
1.0431e+14	7.5196e-16	6.3233e-15
1.0451e+14	6.5812e-16	6.429e-15
1.0471e+14	5.4273e-16	6.1736e-15
1.0491e+14	6.6366e-16	5.9319e-15
1.0511e+14	7.5529e-16	6.1385e-15
1.0531e+14	6.9234e-16	6.213e-15
1.0551e+14	6.9967e-16	5.8314e-15
1.0571e+14	7.0661e-16	5.6559e-15
1.0591e+14	6.0156e-16	5.8051e-15
1.061e+14	6.0148e-16	5.6813e-15
1.063e+14	6.6286e-16	5.4511e-15
1.065e+14	5.4254e-16	5.567e-15
1.067e+14	4.6021e-16	5.559e-15
1.069e+14	6.0747e-16	5.0896e-15
1.071e+14	6.7122e-16	4.8108e-15
1.073e+14	5.6998e-16	5.0116e-15
1.075e+14	5.7253e-16	5.1391e-15
1.077e+14	6.1121e-16	5.0787e-15
1.079e+14	5.5488e-16	5.1804e-15
1.081e+14	5.7897e-16	5.2454e-15
1.0829e+14	6.3545e-16	4.9602e-15
1.0849e+14	5.4007e-16	4.6979e-15
1.0869e+14	5.0485e-16	4.8318e-15
1.0889e+14	6.1748e-16	5.0461e-15
1.0909e+14	5.6403e-16	4.9404e-15
1.0929e+14	4.0635e-16	4.5794e-15
1.0949e+14	4.6126e-16	4.2013e-15
1.0969e+14	5.3922e-16	3.9735e-15
1.0989e+14	4.3448e-16	4.0371e-15
1.1009e+14	4.0054e-16	4.3333e-15
1.1029e+14	4.6976e-16	4.4832e-15
1.1048e+14	4.172e-16	4.2321e-15
1.1068e+14	3.7111e-16	3.8667e-15
1.1088e+14	4.4115e-16	3.7608e-15
1.1108e+14	4.2205e-16	3.7526e-15
1.1128e+14	3.7005e-16	3.5689e-15
1.1148e+14	4.5005e-16	3.4815e-15
1.1168e+14	4.4724e-16	3.7235e-15
1.1188e+14	3.3867e-16	3.8079e-15
1.1208e+14	4.2766e-16	3.3801e-15
1.1228e+14	5.4145e-16	3.0077e-15
1.1248e+14	3.8007e-16	3.1844e-15
1.1267e+14	2.7209e-16	3.4602e-15
1.1287e+14	4.0911e-16	3.3387e-15
1.1307e+14	4.1069e-16	3.0388e-15
1.1327e+14	2.7289e-16	2.8695e-15
1.1347e+14	3.1778e-16	2.8026e-15
1.1367e+14	3.6859e-16	2.8262e-15
1.1387e+14	2.6713e-16	2.9397e-15
1.1407e+14	2.9967e-16	2.9514e-15
1.1427e+14	4.0643e-16	2.7963e-15
1.1447e+14	2.9395e-16	2.6859e-15
1.1466e+14	2.0456e-16	2.6969e-15
1.1486e+14	3.1992e-16	2.6631e-15
1.1506e+14	3.0574e-16	2.5272e-15
1.1526e+14	1.7307e-16	2.4245e-15
1.1546e+14	2.4379e-16	2.4332e-15
1.1566e+14	3.2505e-16	2.4396e-15
1.1586e+14	2.1381e-16	2.2863e-15
1.1606e+14	2.0195e-16	2.054e-15
1.1626e+14	3.0309e-16	2.0104e-15
1.1646e+14	2.3881e-16	2.1538e-15
1.1666e+14	1.8425e-16	2.1777e-15
1.1685e+14	3.0011e-16	2.021e-15
1.1705e+14	2.906e-16	1.926e-15
1.1725e+14	1.6382e-16	1.9335e-15
1.1745e+14	2.15e-16	1.8984e-15
1.1765e+14	2.7299e-16	1.837e-15
1.1785e+14	1.6046e-16	1.7819e-15
1.1805e+14	1.5325e-16	1.6637e-15
1.1825e+14	2.5541e-16	1.5786e-15
1.1845e+14	1.9595e-16	1.6598e-15
1.1865e+14	1.3545e-16	1.7507e-15
1.1885e+14	2.2852e-16	1.7055e-15
1.1904e+14	2.1301e-16	1.6437e-15
1.1924e+14	1.1022e-16	1.5925e-15
1.1944e+14	1.8127e-16	1.4818e-15
1.1964e+14	2.3902e-16	1.4738e-15
1.1984e+14	1.263e-16	1.6117e-15
1.2004e+14	1.2418e-16	1.564e-15
1.2024e+14	2.2591e-16	1.3067e-15
1.2044e+14	1.6417e-16	1.2518e-15
1.2064e+14	1.0384e-16	1.3699e-15
1.2084e+14	1.9398e-16	1.258e-15
1.2104e+14	1.772e-16	1.0625e-15
1.2123e+14	8.0847e-17	1.1742e-15
1.2143e+14	1.5451e-16	1.3721e-15
1.2163e+14	2.067e-16	1.3008e-15
1.2183e+14	9.398e-17	1.1603e-15
1.2203e+14	9.4081e-17	1.1874e-15
1.2223e+14	1.8394e-16	1.2289e-15
1.2243e+14	1.1141e-16	1.1895e-15
1.2263e+14	6.5565e-17	1.1651e-15
1.2283e+14	1.7404e-16	1.137e-15
1.2303e+14	1.4993e-16	1.0736e-15
1.2322e+14	4.4439e-17	1.0595e-15
1.2342e+14	1.3401e-16	1.0668e-15
1.2362e+14	1.9619e-16	1e-15
1.2382e+14	6.5775e-17	9.3558e-16
1.2402e+14	6.3138e-17	9.5057e-16
1.2422e+14	1.8352e-16	9.624e-16
1.2442e+14	1.2016e-16	9.3536e-16
1.2462e+14	4.5247e-17	9.0758e-16
1.2482e+14	1.4774e-16	8.4687e-16
1.2502e+14	1.5343e-16	7.808e-16
1.2522e+14	4.8641e-17	8.2289e-16
1.2541e+14	1.0236e-16	9.0744e-16
1.2561e+14	1.5707e-16	8.7437e-16
1.2581e+14	5.3136e-17	7.918e-16
1.2601e+14	5.6183e-17	8.0099e-16
1.2621e+14	1.6066e-16	8.3422e-16
1.2641e+14	9.944e-17	7.9754e-16
1.2661e+14	3.6366e-17	7.5121e-16
1.2681e+14	1.3029e-16	7.4442e-16
1.2701e+14	1.1884e-16	7.4315e-16
1.2721e+14	1.492e-17	7.3411e-16
1.2741e+14	8.548e-17	7.214e-16
1.276e+14	1.546e-16	7.0667e-16
1.278e+14	5.0714e-17	7.1158e-16
1.28e+14	4.3532e-17	7.1875e-16
1.282e+14	1.4246e-16	6.8398e-16
1.284e+14	8.1313e-17	6.4313e-16
1.286e+14	1.2676e-17	6.4091e-16
1.288e+14	1.0441e-16	6.32e-16
1.29e+14	1.0703e-16	6.0647e-16
1.292e+14	1.2239e-17	6.2041e-16
1.294e+14	6.9271e-17	6.3957e-16
1.296e+14	1.2814e-16	6.056e-16
1.2979e+14	3.4065e-17	5.8084e-16
1.2999e+14	3.1751e-17	5.9763e-16
1.3019e+14	1.23e-16	5.7855e-16
1.3039e+14	6.5809e-17	5.3366e-16
1.3059e+14	9.9286e-18	5.3832e-16
1.3079e+14	1.0061e-16	5.4343e-16
1.3099e+14	9.8004e-17	5.0293e-16
1.3119e+14	1.019e-17	4.9891e-16
1.3139e+14	7.038e-17	5.3236e-16
1.3159e+14	1.185e-16	4.9924e-16
1.3179e+14	2.0225e-17	4.4025e-16
1.3198e+14	2.6989e-17	4.6457e-16
1.3218e+14	1.2026e-16	5.0831e-16
1.3238e+14	5.3587e-17	4.7357e-16
1.3258e+14	-4.609e-18	4.2162e-16
1.3278e+14	9.4961e-17	4.285e-16
1.3298e+14	9.5116e-17	4.5818e-16
1.3318e+14	-2.4928e-18	4.5728e-16
1.3338e+14	5.2248e-17	4.288e-16
1.3358e+14	1.1092e-16	4.2074e-16
1.3378e+14	2.4018e-17	4.6265e-16
1.3397e+14	2.6701e-17	4.8563e-16
1.3417e+14	1.1192e-16	4.2527e-16
1.3437e+14	4.8451e-17	3.7504e-16
1.3457e+14	-6.2143e-18	4.1861e-16
1.3477e+14	8.6151e-17	4.5242e-16
1.3497e+14	8.3059e-17	4.1204e-16
1.3517e+14	-4.2014e-18	4.0308e-16
1.3537e+14	5.6471e-17	4.4183e-16
1.3557e+14	1.0432e-16	4.2675e-16
1.3577e+14	5.5462e-18	3.8785e-16
1.3597e+14	1.0903e-17	3.9542e-16
1.3616e+14	1.0626e-16	3.7739e-16
1.3636e+14	4.7151e-17	3.1718e-16
1.3656e+14	-8.762e-18	3.261e-16
1.3676e+14	8.3949e-17	3.7963e-16
1.3696e+14	8.1596e-17	3.5956e-16
1.3716e+14	-1.0309e-17	3.1655e-16
1.3736e+14	4.5974e-17	3.3778e-16
1.3756e+14	9.9764e-17	3.542e-16
1.3776e+14	9.7605e-18	3.2228e-16
1.3796e+14	1.1678e-17	3.1085e-16
1.3816e+14	9.7051e-17	3.235e-16
1.3835e+14	3.7383e-17	3.1422e-16
1.3855e+14	-1.2252e-17	3.0811e-16
1.3875e+14	8.1299e-17	3.1549e-16
1.3895e+14	7.5162e-17	2.9798e-16
1.3915e+14	-1.8377e-17	2.7658e-16
1.3935e+14	3.8075e-17	2.8545e-16
1.3955e+14	9.1797e-17	2.9292e-16
1.3975e+14	2.2123e-18	2.9001e-16
1.3995e+14	5.8521e-18	3.0099e-16
1.4015e+14	9.4772e-17	2.9978e-16
1.4035e+14	3.7827e-17	2.7661e-16
1.4054e+14	-1.5247e-17	2.7669e-16
1.4074e+14	7.1679e-17	2.8527e-16
1.4094e+14	6.6102e-17	2.603e-16
1.4114e+14	-1.9464e-17	2.4725e-16
1.4134e+14	4.1507e-17	2.7238e-16
1.4154e+14	9.1684e-17	2.7072e-16
1.4174e+14	-4.0045e-18	2.3717e-16
1.4194e+14	-2.9155e-18	2.3163e-16
1.4214e+14	8.8713e-17	2.3845e-16
1.4234e+14	3.5919e-17	2.3242e-16
1.4253e+14	-1.667e-17	2.5242e-16
1.4273e+14	6.866e-17	2.7905e-16
1.4293e+14	6.2821e-17	2.5533e-16
1.4313e+14	-2.4831e-17	2.2877e-16
1.4333e+14	3.2479e-17	2.4654e-16
1.4353e+14	8.6202e-17	2.4825e-16
1.4373e+14	6.8425e-20	2.2205e-16
1.4393e+14	2.591e-18	2.312e-16
1.4413e+14	8.5312e-17	2.4938e-16
1.4433e+14	2.6651e-17	2.2846e-16
1.4453e+14	-2.3292e-17	2.2473e-16
1.4472e+14	6.6352e-17	2.5408e-16
1.4492e+14	6.2648e-17	2.3945e-16
1.4512e+14	-2.376e-17	1.9559e-16
1.4532e+14	3.3427e-17	2.0185e-16
1.4552e+14	8.4783e-17	2.2724e-16
1.4572e+14	-3.5089e-18	2.1532e-16
1.4592e+14	5.959e-19	2.0253e-16
1.4612e+14	8.7309e-17	2.1113e-16
1.4632e+14	2.8697e-17	2.1262e-16
1.4652e+14	-2.565e-17	2.1789e-16
1.4672e+14	6.33e-17	2.3546e-16
1.4691e+14	6.3255e-17	2.2601e-16
1.4711e+14	-2.4347e-17	1.9523e-16
1.4731e+14	2.8182e-17	1.8915e-16
1.4751e+14	8.0676e-17	1.9471e-16
1.4771e+14	-5.6217e-18	1.8422e-16
1.4791e+14	-6.2387e-18	1.8128e-16
1.4811e+14	7.8844e-17	1.9641e-16
1.4831e+14	2.7175e-17	2.0723e-16
1.4851e+14	-2.4722e-17	2.1017e-16
1.4871e+14	5.9905e-17	2.0377e-16
1.4891e+14	6.2129e-17	1.8295e-16
1.491e+14	-1.967e-17	1.757e-16
1.493e+14	2.9371e-17	1.937e-16
1.495e+14	7.6328e-17	1.9823e-16
1.497e+14	-6.9732e-18	1.8581e-16
1.499e+14	-4.927e-18	1.9286e-16
1.501e+14	7.6552e-17	2.0293e-16
1.503e+14	2.3903e-17	1.859e-16
1.505e+14	-2.5981e-17	1.7137e-16
1.507e+14	5.5492e-17	1.7678e-16
1.509e+14	5.3583e-17	1.7492e-16
1.5109e+14	-2.5327e-17	1.7058e-16
1.5129e+14	2.9264e-17	1.804e-16
1.5149e+14	7.8115e-17	1.785e-16
1.5169e+14	-6.079e-18	1.615e-16
1.5189e+14	-6.0098e-18	1.6433e-16
1.5209e+14	7.4331e-17	1.7617e-16
1.5229e+14	2.3833e-17	1.6633e-16
1.5249e+14	-2.3694e-17	1.5675e-16
1.5269e+14	5.66e-17	1.6657e-16
1.5289e+14	5.3614e-17	1.7275e-16
1.5309e+14	-2.4272e-17	1.694e-16
1.5328e+14	2.8149e-17	1.6781e-16
1.5348e+14	7.2052e-17	1.6101e-16
1.5368e+14	-1.1235e-17	1.5491e-16
1.5388e+14	-4.1229e-18	1.6229e-16
1.5408e+14	7.9081e-17	1.6255e-16
1.5428e+14	2.4108e-17	1.4922e-16
1.5448e+14	-2.6645e-17	1.544e-16
1.5468e+14	5.5556e-17	1.7462e-16
1.5488e+14	5.2559e-17	1.759e-16
1.5508e+14	-2.9108e-17	1.6558e-16
1.5528e+14	2.4946e-17	1.595e-16
1.5547e+14	7.6299e-17	1.4775e-16
1.5567e+14	-6.8337e-18	1.4427e-16
1.5587e+14	-7.8207e-18	1.6256e-16
1.5607e+14	7.3472e-17	1.6564e-16
1.5627e+14	2.352e-17	1.4396e-16
1.5647e+14	-2.7144e-17	1.4456e-16
1.5667e+14	5.3324e-17	1.6621e-16
1.5687e+14	5.4722e-17	1.6749e-16
1.5707e+14	-2.581e-17	1.618e-16
1.5727e+14	2.1149e-17	1.6858e-16
1.5747e+14	7.1216e-17	1.6137e-16
1.5766e+14	-5.4628e-18	1.455e-16
1.5786e+14	-7.5687e-18	1.5116e-16
1.5806e+14	6.7412e-17	1.5368e-16
1.5826e+14	2.0318e-17	1.3487e-16
1.5846e+14	-2.4818e-17	1.3449e-16
1.5866e+14	5.2295e-17	1.5554e-16
1.5886e+14	5.0889e-17	1.5839e-16
1.5906e+14	-2.4347e-17	1.5325e-16
1.5926e+14	2.4802e-17	1.5995e-16
1.5946e+14	6.9393e-17	1.5521e-16
1.5965e+14	-9.8095e-18	1.4582e-16
1.5985e+14	-8.2348e-18	1.6054e-16
1.6005e+14	6.9428e-17	1.6943e-16
1.6025e+14	2.1507e-17	1.4958e-16
1.6045e+14	-2.5001e-17	1.4283e-16
1.6065e+14	5.2245e-17	1.5584e-16
1.6085e+14	5.1966e-17	1.4934e-16
1.6105e+14	-2.4501e-17	1.3863e-16
1.6125e+14	2.0788e-17	1.512e-16
1.6145e+14	6.5638e-17	1.5589e-16
1.6165e+14	-7.6747e-18	1.4153e-16
1.6184e+14	-4.1426e-18	1.3925e-16
1.6204e+14	6.8084e-17	1.4109e-16
1.6224e+14	1.6489e-17	1.3039e-16
1.6244e+14	-2.8075e-17	1.3168e-16
1.6264e+14	4.9934e-17	1.4174e-16
1.6284e+14	4.7299e-17	1.3125e-16
1.6304e+14	-2.8522e-17	1.2309e-16
1.6324e+14	2.1472e-17	1.378e-16
1.6344e+14	6.8134e-17	1.3845e-16
1.6364e+14	-9.4346e-18	1.2075e-16
1.6384e+14	-9.4017e-18	1.2404e-16
1.6403e+14	6.5978e-17	1.3732e-16
1.6423e+14	1.8422e-17	1.3583e-16
1.6443e+14	-2.7954e-17	1.4285e-16
1.6463e+14	4.8096e-17	1.571e-16
1.6483e+14	4.9129e-17	1.4453e-16
1.6503e+14	-2.4823e-17	1.2418e-16
1.6523e+14	2.0214e-17	1.269e-16
1.6543e+14	6.3504e-17	1.29e-16
1.6563e+14	-1.1535e-17	1.2061e-16
1.6583e+14	-9.7418e-18	1.2442e-16
1.6603e+14	6.508e-17	1.2703e-16
1.6622e+14	1.8868e-17	1.1474e-16
1.6642e+14	-2.6331e-17	1.1705e-16
1.6662e+14	4.7984e-17	1.3423e-16
1.6682e+14	4.7924e-17	1.351e-16
1.6702e+14	-2.5435e-17	1.3204e-16
1.6722e+14	1.9035e-17	1.3983e-16
1.6742e+14	6.206e-17	1.3293e-16
1.6762e+14	-1.0822e-17	1.1735e-16
1.6782e+14	-7.1669e-18	1.2304e-16
1.6802e+14	6.7413e-17	1.3025e-16
1.6821e+14	2.0159e-17	1.2339e-16
1.6841e+14	-2.5968e-17	1.3067e-16
1.6861e+14	4.8508e-17	1.4196e-16
1.6881e+14	4.8849e-17	1.2728e-16
1.6901e+14	-2.6892e-17	1.2009e-16
1.6921e+14	1.5929e-17	1.4133e-16
1.6941e+14	6.4122e-17	1.4452e-16
1.6961e+14	-4.1723e-18	1.2467e-16
1.6981e+14	-6.45e-18	1.2401e-16
1.7001e+14	6.1173e-17	1.2916e-16
1.7021e+14	1.7629e-17	1.1931e-16
1.704e+14	-2.3616e-17	1.2462e-16
1.706e+14	4.7424e-17	1.3802e-16
1.708e+14	4.5534e-17	1.2225e-16
1.71e+14	-2.5626e-17	1.08e-16
1.712e+14	1.8909e-17	1.2497e-16
1.714e+14	6.2937e-17	1.3158e-16
1.716e+14	-7.3586e-18	1.2035e-16
1.718e+14	-7.3432e-18	1.2927e-16
1.72e+14	6.2936e-17	1.3668e-16
1.722e+14	2.055e-17	1.1911e-16
1.724e+14	-2.2203e-17	1.206e-16
1.7259e+14	4.6132e-17	1.4181e-16
1.7279e+14	4.5261e-17	1.3132e-16
1.7299e+14	-2.25e-17	1.1312e-16
1.7319e+14	2.1593e-17	1.2887e-16
1.7339e+14	6.3196e-17	1.3561e-16
1.7359e+14	-6.216e-18	1.1453e-16
1.7379e+14	-4.9447e-18	1.1607e-16
1.7399e+14	6.3631e-17	1.3316e-16
1.7419e+14	2.0406e-17	1.2408e-16
1.7439e+14	-2.0896e-17	1.1795e-16
1.7459e+14	4.7429e-17	1.3542e-16
1.7478e+14	4.5012e-17	1.3653e-16
1.7498e+14	-2.3235e-17	1.2582e-16
1.7518e+14	2.0605e-17	1.3776e-16
1.7538e+14	6.0985e-17	1.4328e-16
1.7558e+14	-9.3918e-18	1.2381e-16
1.7578e+14	-8.1761e-18	1.236e-16
1.7598e+14	6.0746e-17	1.4274e-16
1.7618e+14	1.7884e-17	1.3683e-16
1.7638e+14	-2.3248e-17	1.2081e-16
1.7658e+14	4.579e-17	1.264e-16
1.7678e+14	4.5069e-17	1.3357e-16
1.7697e+14	-2.2246e-17	1.3064e-16
1.7717e+14	2.1209e-17	1.3085e-16
1.7737e+14	6.2159e-17	1.2609e-16
1.7757e+14	-6.5136e-18	1.1879e-16
1.7777e+14	-4.5638e-18	1.2961e-16
1.7797e+14	6.4095e-17	1.3832e-16
1.7817e+14	2.0393e-17	1.2294e-16
1.7837e+14	-2.2222e-17	1.1498e-16
1.7857e+14	4.7012e-17	1.2444e-16
1.7877e+14	4.8146e-17	1.1904e-16
1.7896e+14	-2.068e-17	1.1188e-16
1.7916e+14	1.8642e-17	1.306e-16
1.7936e+14	5.9733e-17	1.407e-16
1.7956e+14	-6.441e-18	1.2156e-16
1.7976e+14	-6.2975e-18	1.1351e-16
1.7996e+14	6.0513e-17	1.2467e-16
1.8016e+14	2.0184e-17	1.2466e-16
1.8036e+14	-2.0567e-17	1.2129e-16
1.8056e+14	4.5533e-17	1.2774e-16
1.8076e+14	4.617e-17	1.2583e-16
1.8096e+14	-1.9388e-17	1.1999e-16
1.8115e+14	2.0088e-17	1.2665e-16
1.8135e+14	5.9361e-17	1.2606e-16
1.8155e+14	-5.8881e-18	1.1314e-16
1.8175e+14	-4.96e-18	1.1762e-16
1.8195e+14	6.016e-17	1.3266e-16
1.8215e+14	1.8663e-17	1.2857e-16
1.8235e+14	-2.226e-17	1.1799e-16
1.8255e+14	4.3762e-17	1.1861e-16
1.8275e+14	4.5558e-17	1.1925e-16
1.8295e+14	-1.9468e-17	1.2041e-16
1.8315e+14	1.8487e-17	1.2591e-16
1.8334e+14	5.8612e-17	1.2091e-16
1.8354e+14	-3.8016e-18	1.147e-16
1.8374e+14	-4.9491e-18	1.2742e-16
1.8394e+14	5.6218e-17	1.3404e-16
1.8414e+14	1.7176e-17	1.169e-16
1.8434e+14	-2.0402e-17	1.1041e-16
1.8454e+14	4.2256e-17	1.2246e-16
1.8474e+14	4.1985e-17	1.2118e-16
1.8494e+14	-1.7989e-17	1.1479e-16
1.8514e+14	2.2385e-17	1.2502e-16
1.8534e+14	5.7966e-17	1.3017e-16
1.8553e+14	-6.8618e-18	1.2174e-16
1.8573e+14	-5.484e-18	1.2282e-16
1.8593e+14	5.7212e-17	1.2603e-16
1.8613e+14	1.8298e-17	1.1679e-16
1.8633e+14	-1.8419e-17	1.1411e-16
1.8653e+14	4.3168e-17	1.1848e-16
1.8673e+14	3.9864e-17	1.1125e-16
1.8693e+14	-2.057e-17	1.1029e-16
1.8713e+14	2.1746e-17	1.2536e-16
1.8733e+14	5.7798e-17	1.2453e-16
1.8752e+14	-7.5251e-18	1.1089e-16
1.8772e+14	-5.3104e-18	1.1689e-16
1.8792e+14	5.8014e-17	1.2372e-16
1.8812e+14	1.7831e-17	1.1006e-16
1.8832e+14	-1.9638e-17	1.0792e-16
1.8852e+14	4.3669e-17	1.2332e-16
1.8872e+14	4.1338e-17	1.2299e-16
1.8892e+14	-2.1843e-17	1.1566e-16
1.8912e+14	1.8159e-17	1.195e-16
1.8932e+14	5.7194e-17	1.1206e-16
1.8952e+14	-3.8882e-18	9.8985e-17
1.8971e+14	-2.1807e-18	1.1206e-16
1.8991e+14	5.8834e-17	1.2614e-16
1.9011e+14	1.9292e-17	1.1212e-16
1.9031e+14	-1.7439e-17	1.0473e-16
1.9051e+14	4.4112e-17	1.1849e-16
1.9071e+14	4.1319e-17	1.1992e-16
1.9091e+14	-1.9559e-17	1.1294e-16
1.9111e+14	2.1472e-17	1.1787e-16
1.9131e+14	5.8756e-17	1.1613e-16
1.9151e+14	-4.513e-18	1.0898e-16
1.9171e+14	-4.1831e-18	1.2083e-16
1.919e+14	5.6357e-17	1.2809e-16
1.921e+14	1.7086e-17	1.1114e-16
1.923e+14	-1.9722e-17	1.0797e-16
1.925e+14	4.1497e-17	1.2405e-16
1.927e+14	3.9622e-17	1.204e-16
1.929e+14	-1.9856e-17	1.1037e-16
1.931e+14	2.0741e-17	1.2069e-16
1.933e+14	5.604e-17	1.2257e-16
1.935e+14	-7.789e-18	1.1167e-16
1.937e+14	-4.0868e-18	1.2382e-16
1.939e+14	6.1819e-17	1.3789e-16
1.9409e+14	2.3584e-17	1.2006e-16
1.9429e+14	-1.7553e-17	1.0811e-16
1.9449e+14	4.2018e-17	1.2314e-16
1.9469e+14	4.3379e-17	1.2496e-16
1.9489e+14	-1.6763e-17	1.138e-16
1.9509e+14	1.9073e-17	1.2162e-16
1.9529e+14	5.6334e-17	1.2794e-16
1.9549e+14	-1.546e-18	1.1477e-16
1.9569e+14	-2.0377e-18	1.1095e-16
1.9589e+14	5.3089e-17	1.1855e-16
1.9608e+14	1.3669e-17	1.1618e-16
1.9628e+14	-2.0312e-17	1.161e-16
1.9648e+14	4.1342e-17	1.2079e-16
1.9668e+14	3.9584e-17	1.0973e-16
1.9688e+14	-2.0531e-17	1.0125e-16
1.9708e+14	1.7481e-17	1.1375e-16
1.9728e+14	5.3573e-17	1.1508e-16
1.9748e+14	-6.7802e-18	1.0124e-16
1.9768e+14	-5.1628e-18	1.0917e-16
1.9788e+14	5.6097e-17	1.2479e-16
1.9808e+14	1.9544e-17	1.1944e-16
1.9827e+14	-1.7839e-17	1.2103e-16
1.9847e+14	4.0867e-17	1.3485e-16
1.9867e+14	4.1041e-17	1.2147e-16
1.9887e+14	-1.8072e-17	9.9905e-17
1.9907e+14	1.7331e-17	1.1267e-16
1.9927e+14	5.3827e-17	1.278e-16
1.9947e+14	-2.5992e-18	1.1636e-16
1.9967e+14	-8.7175e-19	1.1383e-16
1.9987e+14	5.7918e-17	1.2565e-16
2.0007e+14	2.2392e-17	1.2052e-16
2.0027e+14	-1.4186e-17	1.1405e-16
2.0046e+14	4.1188e-17	1.2461e-16
2.0066e+14	4.0448e-17	1.2452e-16
2.0086e+14	-1.4595e-17	1.1239e-16
2.0106e+14	2.2046e-17	1.1598e-16
2.0126e+14	5.4765e-17	1.2283e-16
2.0146e+14	-4.3163e-18	1.1715e-16
2.0166e+14	-3.0497e-18	1.1764e-16
2.0186e+14	5.4464e-17	1.215e-16
2.0206e+14	1.8572e-17	1.1401e-16
2.0226e+14	-1.5098e-17	1.1635e-16
2.0246e+14	4.3434e-17	1.3078e-16
2.0265e+14	4.1823e-17	1.2417e-16
2.0285e+14	-1.7564e-17	1.0974e-16
2.0305e+14	1.6937e-17	1.2163e-16
2.0325e+14	5.3404e-17	1.3368e-16
2.0345e+14	-1.2816e-18	1.2051e-16
2.0365e+14	-1.4065e-18	1.1178e-16
2.0385e+14	5.2977e-17	1.1658e-16
2.0405e+14	1.8156e-17	1.1275e-16
2.0425e+14	-1.4748e-17	1.1164e-16
2.0445e+14	4.0293e-17	1.2379e-16
2.0464e+14	3.7669e-17	1.23e-16
2.0484e+14	-1.7258e-17	1.0853e-16
2.0504e+14	1.8941e-17	1.0727e-16
2.0524e+14	5.1372e-17	1.1389e-16
2.0544e+14	-5.1652e-18	1.1574e-16
2.0564e+14	-1.8821e-18	1.204e-16
2.0584e+14	5.4928e-17	1.1797e-16
2.0604e+14	1.8499e-17	1.0163e-16
2.0624e+14	-1.5969e-17	1.0089e-16
2.0644e+14	4.028e-17	1.1896e-16
2.0664e+14	3.8992e-17	1.1984e-16
2.0683e+14	-1.6958e-17	1.0872e-16
2.0703e+14	1.8361e-17	1.1352e-16
2.0723e+14	5.3046e-17	1.1647e-16
2.0743e+14	-1.1556e-18	1.0332e-16
2.0763e+14	7.4415e-20	9.9034e-17
2.0783e+14	5.2821e-17	1.0408e-16
2.0803e+14	1.5356e-17	9.9898e-17
2.0823e+14	-1.7507e-17	1.0084e-16
2.0843e+14	4.0111e-17	1.1127e-16
2.0863e+14	3.9637e-17	1.0694e-16
2.0883e+14	-1.5961e-17	9.8309e-17
2.0902e+14	1.8502e-17	1.0713e-16
2.0922e+14	5.1307e-17	1.0873e-16
2.0942e+14	-4.8784e-18	9.3014e-17
2.0962e+14	-3.8821e-18	9.358e-17
2.0982e+14	5.2034e-17	1.0638e-16
2.1002e+14	1.7794e-17	9.9857e-17
2.1022e+14	-1.6967e-17	9.114e-17
2.1042e+14	3.6583e-17	9.9679e-17
2.1062e+14	3.6436e-17	1.0008e-16
2.1082e+14	-1.676e-17	8.996e-17
2.1102e+14	1.6739e-17	9.5497e-17
2.1121e+14	4.8143e-17	1.0284e-16
2.1141e+14	-6.196e-18	9.1642e-17
2.1161e+14	-4.1071e-18	8.5591e-17
2.1181e+14	4.9755e-17	9.655e-17
2.1201e+14	1.4946e-17	1.0263e-16
2.1221e+14	-1.6816e-17	1.0133e-16
2.1241e+14	3.903e-17	1.0183e-16
2.1261e+14	3.7547e-17	9.5758e-17
2.1281e+14	-1.8099e-17	8.6726e-17
2.1301e+14	1.5871e-17	8.8928e-17
2.1321e+14	5.0487e-17	9.273e-17
2.134e+14	-2.6786e-18	8.97e-17
2.136e+14	-3.3007e-18	9.2073e-17
2.138e+14	4.836e-17	9.7047e-17
2.14e+14	1.4023e-17	9.2327e-17
2.142e+14	-1.7816e-17	8.7576e-17
2.144e+14	3.7254e-17	8.8975e-17
2.146e+14	3.7085e-17	8.604e-17
2.148e+14	-1.7351e-17	8.2672e-17
2.15e+14	1.5026e-17	8.6193e-17
2.152e+14	4.8622e-17	8.6374e-17
2.1539e+14	-3.0932e-18	8.3081e-17
2.1559e+14	-3.1027e-18	8.518e-17
2.1579e+14	4.807e-17	8.3376e-17
2.1599e+14	1.4346e-17	7.7028e-17
2.1619e+14	-1.7911e-17	8.2706e-17
2.1639e+14	3.456e-17	8.9605e-17
2.1659e+14	3.3866e-17	8.0114e-17
2.1679e+14	-1.8126e-17	7.3841e-17
2.1699e+14	1.4827e-17	7.9647e-17
2.1719e+14	4.6028e-17	7.4817e-17
2.1739e+14	-7.094e-18	6.78e-17
2.1758e+14	-5.854e-18	7.9108e-17
2.1778e+14	4.7102e-17	8.3026e-17
2.1798e+14	1.3522e-17	6.8192e-17
2.1818e+14	-1.9624e-17	7.0393e-17
2.1838e+14	3.3594e-17	8.4794e-17
2.1858e+14	3.4796e-17	7.4262e-17
2.1878e+14	-1.7839e-17	6.0109e-17
2.1898e+14	1.3332e-17	7.0419e-17
2.1918e+14	4.625e-17	7.2957e-17
2.1938e+14	-4.7481e-18	5.7557e-17
2.1958e+14	-5.9982e-18	5.9686e-17
2.1977e+14	4.4931e-17	7.0636e-17
2.1997e+14	1.4375e-17	6.2581e-17
2.2017e+14	-1.7292e-17	5.8922e-17
2.2037e+14	3.2603e-17	7.1398e-17
2.2057e+14	3.2615e-17	7.0028e-17
2.2077e+14	-1.8203e-17	6.125e-17
2.2097e+14	1.1547e-17	7.1065e-17
2.2117e+14	4.2023e-17	7.8187e-17
2.2137e+14	-6.8646e-18	6.7495e-17
2.2157e+14	-5.5923e-18	6.4056e-17
2.2177e+14	4.3783e-17	6.6892e-17
2.2196e+14	1.1955e-17	5.8142e-17
2.2216e+14	-1.806e-17	5.5188e-17
2.2236e+14	3.2711e-17	6.3573e-17
2.2256e+14	3.1813e-17	5.8531e-17
2.2276e+14	-1.9278e-17	4.9436e-17
2.2296e+14	1.0953e-17	5.7205e-17
2.2316e+14	4.1762e-17	5.9453e-17
2.2336e+14	-6.8913e-18	4.748e-17
2.2356e+14	-5.6993e-18	4.9719e-17
2.2376e+14	4.3645e-17	5.9533e-17
2.2395e+14	1.2046e-17	5.1988e-17
2.2415e+14	-1.9113e-17	4.6526e-17
2.2435e+14	2.9635e-17	5.6695e-17
2.2455e+14	2.95e-17	5.7775e-17
2.2475e+14	-1.8447e-17	5.0753e-17
2.2495e+14	1.2693e-17	5.4969e-17
2.2515e+14	4.1835e-17	5.5609e-17
2.2535e+14	-7.7746e-18	4.6044e-17
2.2555e+14	-6.6813e-18	4.8885e-17
2.2575e+14	4.2179e-17	5.6135e-17
2.2595e+14	1.0666e-17	4.6891e-17
2.2614e+14	-1.9523e-17	4.0733e-17
2.2634e+14	2.971e-17	4.893e-17
2.2654e+14	2.9162e-17	4.8583e-17
2.2674e+14	-1.9487e-17	4.2825e-17
2.2694e+14	1.1396e-17	4.863e-17
2.2714e+14	4.116e-17	4.8995e-17
2.2734e+14	-8.1204e-18	3.9075e-17
2.2754e+14	-7.962e-18	4.3023e-17
2.2774e+14	4.0559e-17	5.1356e-17
2.2794e+14	1.0023e-17	4.1745e-17
2.2814e+14	-2.0656e-17	3.427e-17
2.2833e+14	2.6654e-17	4.1095e-17
2.2853e+14	2.6574e-17	4.0171e-17
2.2873e+14	-1.9626e-17	3.5639e-17
2.2893e+14	1.1604e-17	4.3714e-17
2.2913e+14	3.9803e-17	4.4744e-17
2.2933e+14	-9.9418e-18	3.345e-17
2.2953e+14	-8.9771e-18	3.6698e-17
2.2973e+14	4.0507e-17	4.591e-17
2.2993e+14	1.0817e-17	3.7107e-17
2.3013e+14	-1.9501e-17	3.1086e-17
2.3033e+14	2.7984e-17	4.1242e-17
2.3052e+14	2.8053e-17	4.1564e-17
2.3072e+14	-1.9622e-17	3.2958e-17
2.3092e+14	9.2353e-18	3.7358e-17
2.3112e+14	3.8035e-17	4.0716e-17
2.3132e+14	-9.0302e-18	3.2334e-17
2.3152e+14	-8.4638e-18	3.2674e-17
2.3172e+14	3.8352e-17	3.7503e-17
2.3192e+14	8.6208e-18	2.8569e-17
2.3212e+14	-1.9938e-17	2.386e-17
2.3232e+14	2.7715e-17	3.37e-17
2.3251e+14	2.7367e-17	3.4803e-17
2.3271e+14	-1.9761e-17	2.8717e-17
2.3291e+14	9.6798e-18	3.3675e-17
2.3311e+14	3.8935e-17	3.5528e-17
2.3331e+14	-7.9117e-18	2.7342e-17
2.3351e+14	-8.4699e-18	3.0325e-17
2.3371e+14	3.7166e-17	3.8234e-17
2.3391e+14	8.0679e-18	3.1889e-17
2.3411e+14	-1.985e-17	2.8101e-17
2.3431e+14	2.7153e-17	3.5311e-17
2.3451e+14	2.6938e-17	3.1704e-17
2.347e+14	-1.9272e-17	2.3337e-17
2.349e+14	9.7905e-18	2.9749e-17
2.351e+14	3.8529e-17	3.3314e-17
2.353e+14	-7.5008e-18	2.4596e-17
2.355e+14	-7.7764e-18	2.6299e-17
2.357e+14	3.7171e-17	3.3669e-17
2.359e+14	8.246e-18	2.6676e-17
2.361e+14	-1.9487e-17	2.2478e-17
2.363e+14	2.6422e-17	3.1584e-17
2.365e+14	2.5767e-17	3.0869e-17
2.367e+14	-1.9523e-17	2.2435e-17
2.3689e+14	9.7088e-18	2.6599e-17
2.3709e+14	3.7785e-17	3.0254e-17
2.3729e+14	-8.2386e-18	2.3596e-17
2.3749e+14	-8.1394e-18	2.5066e-17
2.3769e+14	3.7199e-17	3.0076e-17
2.3789e+14	8.9401e-18	2.187e-17
2.3809e+14	-1.8817e-17	1.7513e-17
2.3829e+14	2.6292e-17	2.6493e-17
2.3849e+14	2.5597e-17	2.7371e-17
2.3869e+14	-1.9509e-17	2.2034e-17
2.3889e+14	8.8281e-18	2.6989e-17
2.3908e+14	3.6412e-17	2.8341e-17
2.3928e+14	-9.0023e-18	1.9898e-17
2.3948e+14	-9.0936e-18	2.1859e-17
2.3968e+14	3.5664e-17	2.8396e-17
2.3988e+14	8.217e-18	2.2165e-17
2.4008e+14	-1.8996e-17	1.9282e-17
2.4028e+14	2.5182e-17	2.6606e-17
2.4048e+14	2.4557e-17	2.3056e-17
2.4068e+14	-1.934e-17	1.5367e-17
2.4088e+14	8.4795e-18	2.2317e-17
2.4107e+14	3.4895e-17	2.6164e-17
2.4127e+14	-9.313e-18	1.7477e-17
2.4147e+14	-7.6096e-18	1.844e-17
2.4167e+14	3.6437e-17	2.5322e-17
2.4187e+14	7.1887e-18	1.9068e-17
2.4207e+14	-2.0096e-17	1.4821e-17
2.4227e+14	2.5511e-17	2.2154e-17
2.4247e+14	2.5698e-17	2.1294e-17
2.4267e+14	-1.8887e-17	1.5784e-17
2.4287e+14	8.2487e-18	2.1823e-17
2.4307e+14	3.509e-17	2.3573e-17
2.4326e+14	-9.3724e-18	1.425e-17
2.4346e+14	-9.2823e-18	1.5799e-17
2.4366e+14	3.4775e-17	2.3275e-17
2.4386e+14	7.3947e-18	1.768e-17
2.4406e+14	-2.0104e-17	1.4418e-17
2.4426e+14	2.3649e-17	2.2427e-17
2.4446e+14	2.4354e-17	2.1268e-17
2.4466e+14	-1.8827e-17	1.4668e-17
2.4486e+14	7.4679e-18	1.9622e-17
2.4506e+14	3.4094e-17	2.1065e-17
2.4526e+14	-8.2184e-18	1.25e-17
2.4545e+14	-7.7002e-18	1.5206e-17
2.4565e+14	3.4572e-17	2.2785e-17
2.4585e+14	7.4717e-18	1.5748e-17
2.4605e+14	-1.8385e-17	1.1264e-17
2.4625e+14	2.4766e-17	1.992e-17
2.4645e+14	2.4139e-17	1.9905e-17
2.4665e+14	-1.8714e-17	1.3045e-17
2.4685e+14	8.0022e-18	1.7734e-17
2.4705e+14	3.4239e-17	2.0864e-17
2.4725e+14	-8.3455e-18	1.4059e-17
2.4745e+14	-8.4709e-18	1.5937e-17
2.4764e+14	3.3e-17	2.1482e-17
2.4784e+14	6.6571e-18	1.3976e-17
2.4804e+14	-1.7936e-17	1.0164e-17
2.4824e+14	2.4754e-17	1.8706e-17
2.4844e+14	2.3273e-17	1.789e-17
2.4864e+14	-1.904e-17	1.0805e-17
2.4884e+14	8.2058e-18	1.586e-17
2.4904e+14	3.3973e-17	1.8973e-17
2.4924e+14	-8.7121e-18	1.1629e-17
2.4944e+14	-8.0092e-18	1.3567e-17
2.4964e+14	3.4143e-17	2.0446e-17
2.4983e+14	7.5445e-18	1.4522e-17
2.5003e+14	-1.7903e-17	1.1187e-17
2.5023e+14	2.4417e-17	1.9014e-17
2.5043e+14	2.3232e-17	1.7053e-17
2.5063e+14	-1.9314e-17	9.4531e-18
2.5083e+14	7.382e-18	1.5391e-17
2.5103e+14	3.3802e-17	1.9471e-17
2.5123e+14	-8.0917e-18	1.1048e-17
2.5143e+14	-8.2479e-18	1.1293e-17
2.5163e+14	3.3188e-17	1.9027e-17
2.5182e+14	7.3998e-18	1.4884e-17
2.5202e+14	-1.8095e-17	1.0477e-17
2.5222e+14	2.3056e-17	1.6355e-17
2.5242e+14	2.2593e-17	1.5648e-17
2.5262e+14	-1.8053e-17	1.0255e-17
2.5282e+14	8.5439e-18	1.5373e-17
2.5302e+14	3.3809e-17	1.7871e-17
2.5322e+14	-8.2011e-18	1.0317e-17
2.5342e+14	-8.423e-18	1.1475e-17
2.5362e+14	3.267e-17	1.7962e-17
2.5382e+14	7.4225e-18	1.3206e-17
2.5401e+14	-1.7437e-17	1.0526e-17
2.5421e+14	2.3766e-17	1.7651e-17
2.5441e+14	2.3832e-17	1.6045e-17
2.5461e+14	-1.6705e-17	9.6072e-18
2.5481e+14	8.2289e-18	1.4742e-17
2.5501e+14	3.2444e-17	1.7242e-17
2.5521e+14	-8.2745e-18	9.4828e-18
2.5541e+14	-7.424e-18	1.1126e-17
2.5561e+14	3.3186e-17	1.8156e-17
2.5581e+14	7.5196e-18	1.2736e-17
2.5601e+14	-1.775e-17	9.1476e-18
2.562e+14	2.2454e-17	1.6788e-17
2.564e+14	2.2439e-17	1.6181e-17
2.566e+14	-1.7135e-17	9.5641e-18
2.568e+14	8.0575e-18	1.4363e-17
2.57e+14	3.2162e-17	1.7567e-17
2.572e+14	-8.2324e-18	9.8655e-18
2.574e+14	-7.7065e-18	9.9316e-18
2.576e+14	3.2386e-17	1.6104e-17
2.578e+14	7.7677e-18	1.1702e-17
2.58e+14	-1.6269e-17	8.7665e-18
2.582e+14	2.3276e-17	1.5681e-17
2.5839e+14	2.2077e-17	1.4558e-17
2.5859e+14	-1.7726e-17	8.1193e-18
2.5879e+14	7.4222e-18	1.3167e-17
2.5899e+14	3.1538e-17	1.71e-17
2.5919e+14	-8.3772e-18	1.0365e-17
2.5939e+14	-7.7743e-18	1.0234e-17
2.5959e+14	3.1646e-17	1.5531e-17
2.5979e+14	6.4225e-18	1.1205e-17
2.5999e+14	-1.7719e-17	8.6693e-18
2.6019e+14	2.2712e-17	1.5136e-17
2.6038e+14	2.3186e-17	1.371e-17
2.6058e+14	-1.6414e-17	7.6773e-18
2.6078e+14	7.1035e-18	1.2443e-17
2.6098e+14	3.1024e-17	1.5306e-17
2.6118e+14	-7.1879e-18	8.5243e-18
2.6138e+14	-6.3017e-18	9.669e-18
2.6158e+14	3.2128e-17	1.5947e-17
2.6178e+14	7.206e-18	1.1411e-17
2.6198e+14	-1.6649e-17	7.9923e-18
2.6218e+14	2.2547e-17	1.3833e-17
2.6238e+14	2.2694e-17	1.2501e-17
2.6257e+14	-1.563e-17	6.7521e-18
2.6277e+14	8.1853e-18	1.1406e-17
2.6297e+14	3.1448e-17	1.4345e-17
2.6317e+14	-6.8038e-18	8.2407e-18
2.6337e+14	-6.3148e-18	9.6026e-18
2.6357e+14	3.1179e-17	1.5167e-17
2.6377e+14	6.643e-18	1.0384e-17
2.6397e+14	-1.6343e-17	7.8201e-18
2.6417e+14	2.2057e-17	1.4229e-17
2.6437e+14	2.1021e-17	1.241e-17
2.6457e+14	-1.7055e-17	6.1818e-18
2.6476e+14	7.5469e-18	1.1066e-17
2.6496e+14	3.152e-17	1.4263e-17
2.6516e+14	-5.762e-18	7.9363e-18
2.6536e+14	-5.0494e-18	9.031e-18
2.6556e+14	3.1384e-17	1.4628e-17
2.6576e+14	6.0575e-18	9.9421e-18
2.6596e+14	-1.6489e-17	7.5421e-18
2.6616e+14	2.288e-17	1.4543e-17
2.6636e+14	2.2539e-17	1.3415e-17
2.6656e+14	-1.5739e-17	7.1139e-18
2.6676e+14	7.6991e-18	1.1327e-17
2.6695e+14	3.0458e-17	1.4262e-17
2.6715e+14	-7.5278e-18	8.1284e-18
2.6735e+14	-6.6939e-18	9.1693e-18
2.6755e+14	3.1407e-17	1.454e-17
2.6775e+14	7.9223e-18	9.7948e-18
2.6795e+14	-1.5458e-17	7.1715e-18
2.6815e+14	2.1696e-17	1.3743e-17
2.6835e+14	2.1584e-17	1.2537e-17
2.6855e+14	-1.499e-17	6.438e-18
2.6875e+14	8.3847e-18	1.07e-17
2.6894e+14	3.0396e-17	1.3775e-17
2.6914e+14	-7.2369e-18	8.0156e-18
2.6934e+14	-6.4446e-18	9.2739e-18
2.6954e+14	3.103e-17	1.4859e-17
2.6974e+14	8.0251e-18	1.0522e-17
2.6994e+14	-1.4898e-17	7.6408e-18
2.7014e+14	2.1221e-17	1.3143e-17
2.7034e+14	2.0407e-17	1.1749e-17
2.7054e+14	-1.5717e-17	6.9626e-18
2.7074e+14	7.6238e-18	1.2206e-17
2.7094e+14	2.9548e-17	1.4916e-17
2.7113e+14	-7.1561e-18	8.6153e-18
2.7133e+14	-6.313e-18	9.6322e-18
2.7153e+14	2.9654e-17	1.4453e-17
2.7173e+14	6.4975e-18	9.2686e-18
2.7193e+14	-1.442e-17	6.7305e-18
2.7213e+14	2.2971e-17	1.3118e-17
2.7233e+14	2.1448e-17	1.1553e-17
2.7253e+14	-1.5733e-17	5.9225e-18
2.7273e+14	7.3182e-18	1.0907e-17
2.7293e+14	2.9315e-17	1.3503e-17
2.7313e+14	-7.4765e-18	6.7205e-18
2.7332e+14	-6.5044e-18	8.2779e-18
2.7352e+14	3.0242e-17	1.4998e-17
2.7372e+14	7.2867e-18	1.0573e-17
2.7392e+14	-1.4963e-17	6.8568e-18
2.7412e+14	2.1901e-17	1.2959e-17
2.7432e+14	2.225e-17	1.2791e-17
2.7452e+14	-1.3914e-17	7.2744e-18
2.7472e+14	7.501e-18	1.0785e-17
2.7492e+14	2.8943e-17	1.3494e-17
2.7512e+14	-6.1624e-18	8.0493e-18
2.7532e+14	-5.2583e-18	8.7229e-18
2.7551e+14	2.9594e-17	1.324e-17
2.7571e+14	6.8593e-18	8.885e-18
2.7591e+14	-1.4129e-17	6.4335e-18
2.7611e+14	2.1474e-17	1.1849e-17
2.7631e+14	1.9978e-17	1.0477e-17
2.7651e+14	-1.5431e-17	5.8827e-18
2.7671e+14	7.5327e-18	1.0656e-17
2.7691e+14	2.8965e-17	1.2562e-17
2.7711e+14	-6.6846e-18	5.9362e-18
2.7731e+14	-5.826e-18	7.2352e-18
2.775e+14	2.8968e-17	1.3035e-17
2.777e+14	6.1405e-18	8.9394e-18
2.779e+14	-1.4414e-17	6.3363e-18
2.781e+14	2.218e-17	1.2112e-17
2.783e+14	2.1502e-17	1.0969e-17
2.785e+14	-1.4181e-17	5.8124e-18
2.787e+14	7.8628e-18	9.9517e-18
2.789e+14	2.9231e-17	1.1956e-17
2.791e+14	-5.8137e-18	5.7691e-18
2.793e+14	-5.0106e-18	7.2285e-18
2.795e+14	2.9541e-17	1.3031e-17
2.7969e+14	6.9775e-18	8.9291e-18
2.7989e+14	-1.4017e-17	6.1758e-18
2.8009e+14	2.1307e-17	1.1948e-17
2.8029e+14	2.0386e-17	1.1133e-17
2.8049e+14	-1.4482e-17	5.9898e-18
2.8069e+14	7.9078e-18	9.7682e-18
2.8089e+14	2.9354e-17	1.2153e-17
2.8109e+14	-5.296e-18	6.9805e-18
2.8129e+14	-4.4496e-18	8.335e-18
2.8149e+14	2.9853e-17	1.2796e-17
2.8169e+14	7.3204e-18	8.1092e-18
2.8188e+14	-1.3933e-17	6.049e-18
2.8208e+14	2.0884e-17	1.23e-17
2.8228e+14	2.0252e-17	1.1344e-17
2.8248e+14	-1.4108e-17	6.2936e-18
2.8268e+14	7.8872e-18	1.0194e-17
2.8288e+14	2.8784e-17	1.2033e-17
2.8308e+14	-5.9303e-18	6.3047e-18
2.8328e+14	-5.1443e-18	7.9468e-18
2.8348e+14	2.9516e-17	1.289e-17
2.8368e+14	7.9908e-18	7.9734e-18
2.8388e+14	-1.2879e-17	5.2951e-18
2.8407e+14	2.1664e-17	1.1115e-17
2.8427e+14	2.1243e-17	9.8895e-18
2.8447e+14	-1.3147e-17	4.9829e-18
2.8467e+14	7.9184e-18	9.825e-18
2.8487e+14	2.8441e-17	1.2512e-17
2.8507e+14	-6.0623e-18	6.3846e-18
2.8527e+14	-5.9317e-18	7.3231e-18
2.8547e+14	2.8289e-17	1.2855e-17
2.8567e+14	7.6487e-18	8.9458e-18
2.8587e+14	-1.3035e-17	5.9209e-18
2.8607e+14	2.0519e-17	1.0734e-17
2.8626e+14	2.0288e-17	9.3316e-18
2.8646e+14	-1.3088e-17	4.4755e-18
2.8666e+14	8.0386e-18	8.8652e-18
2.8686e+14	2.9072e-17	1.1637e-17
2.8706e+14	-3.967e-18	6.3596e-18
2.8726e+14	-4.2377e-18	7.375e-18
2.8746e+14	2.7948e-17	1.2035e-17
2.8766e+14	7.0791e-18	7.8916e-18
2.8786e+14	-1.2414e-17	5.6047e-18
2.8806e+14	2.1104e-17	1.1122e-17
2.8825e+14	2.0269e-17	1.012e-17
2.8845e+14	-1.3038e-17	5.438e-18
2.8865e+14	7.808e-18	9.4313e-18
2.8885e+14	2.8171e-17	1.1558e-17
2.8905e+14	-4.6617e-18	6.1659e-18
2.8925e+14	-4.1447e-18	7.2834e-18
2.8945e+14	2.8506e-17	1.1644e-17
2.8965e+14	7.744e-18	7.3223e-18
2.8985e+14	-1.2017e-17	5.3943e-18
2.9005e+14	2.1159e-17	1.0985e-17
2.9025e+14	2.0424e-17	9.3796e-18
2.9044e+14	-1.297e-17	4.3811e-18
2.9064e+14	7.3941e-18	8.7753e-18
2.9084e+14	2.811e-17	1.1144e-17
2.9104e+14	-3.9985e-18	5.5729e-18
2.9124e+14	-4.0359e-18	7.0586e-18
2.9144e+14	2.7971e-17	1.2457e-17
2.9164e+14	8.0113e-18	8.6149e-18
2.9184e+14	-1.1319e-17	6.2963e-18
2.9204e+14	2.1047e-17	1.1734e-17
2.9224e+14	2.0402e-17	1.0454e-17
2.9244e+14	-1.2127e-17	5.3609e-18
2.9263e+14	7.797e-18	9.3244e-18
2.9283e+14	2.7736e-17	1.1649e-17
2.9303e+14	-4.078e-18	5.9016e-18
2.9323e+14	-4.3022e-18	6.5011e-18
2.9343e+14	2.6784e-17	1.1303e-17
2.9363e+14	7.1645e-18	7.7586e-18
2.9383e+14	-1.125e-17	5.6154e-18
2.9403e+14	2.0629e-17	1.0858e-17
2.9423e+14	1.9318e-17	1.0013e-17
2.9443e+14	-1.2455e-17	5.619e-18
2.9463e+14	8.3262e-18	9.2852e-18
2.9482e+14	2.794e-17	1.0907e-17
2.9502e+14	-4.5636e-18	5.337e-18
2.9522e+14	-4.6612e-18	6.3975e-18
2.9542e+14	2.7467e-17	1.0912e-17
2.9562e+14	8.4755e-18	6.9149e-18
2.9582e+14	-1.0783e-17	4.8483e-18
2.9602e+14	2.0398e-17	1.012e-17
2.9622e+14	1.997e-17	8.7837e-18
2.9642e+14	-1.1595e-17	3.9613e-18
2.9662e+14	7.4416e-18	7.8862e-18
2.9681e+14	2.6406e-17	1.026e-17
2.9701e+14	-4.6054e-18	5.2605e-18
2.9721e+14	-4.0782e-18	6.3916e-18
2.9741e+14	2.748e-17	1.087e-17
2.9761e+14	8.7154e-18	7.1352e-18
2.9781e+14	-1.0696e-17	5.3698e-18
2.9801e+14	1.9137e-17	1.068e-17
2.9821e+14	1.896e-17	9.3704e-18
2.9841e+14	-1.0688e-17	4.7053e-18
2.9861e+14	8.4888e-18	8.577e-18
2.9881e+14	2.6343e-17	1.0593e-17
2.99e+14	-4.205e-18	5.3365e-18
2.992e+14	-3.1963e-18	6.5787e-18
2.994e+14	2.6871e-17	1.1335e-17
2.996e+14	7.1458e-18	7.6066e-18
2.998e+14	-1.0992e-17	5.4613e-18
3e+14	1.9969e-17	1.0519e-17
