#Error on normalization	O = -0.009 %	H = 2.793 %
#Frequence (s-1)	S_O (s)	S_H (s)
0	-7.8968e-16	3.7757e-16
1.6493e+11	4.4498e-16	3.5208e-16
3.2985e+11	7.6531e-16	3.4043e-16
4.9478e+11	-8.5734e-16	3.7326e-16
6.597e+11	-1.603e-16	3.8446e-16
8.2463e+11	1.0679e-15	3.9748e-16
9.8955e+11	-3.9387e-16	4.429e-16
1.1545e+12	-6.0886e-16	4.3213e-16
1.3194e+12	1.1123e-15	3.7876e-16
1.4843e+12	2.8023e-16	4.1212e-16
1.6493e+12	-8.4434e-16	4.7643e-16
1.8142e+12	8.4942e-16	4.4492e-16
1.9791e+12	9.9275e-16	4.1893e-16
2.144e+12	-6.9252e-16	5.0248e-16
2.309e+12	4.6474e-16	5.6292e-16
2.4739e+12	1.6908e-15	5.2848e-16
2.6388e+12	2.0538e-16	5.5175e-16
2.8037e+12	5.1744e-16	6.7304e-16
2.9687e+12	1.6e-15	7.0832e-16
3.1336e+12	-2.8044e-16	6.3064e-16
3.2985e+12	8.9805e-16	6.8004e-16
3.4634e+12	5.7577e-15	8.9025e-16
3.6284e+12	4.3177e-15	9.6048e-16
3.7933e+12	2.4876e-15	9.3561e-16
3.9582e+12	1.4817e-14	1.3427e-15
4.1231e+12	2.955e-14	2.1149e-15
4.2881e+12	2.6851e-14	2.3443e-15
4.453e+12	1.5315e-14	1.7706e-15
4.6179e+12	1.0502e-14	1.2784e-15
4.7828e+12	9.0363e-15	1.3621e-15
4.9478e+12	7.4261e-15	1.5422e-15
5.1127e+12	8.5436e-15	1.5362e-15
5.2776e+12	7.8944e-15	1.5353e-15
5.4426e+12	4.5164e-15	1.5014e-15
5.6075e+12	5.7189e-15	1.3725e-15
5.7724e+12	8.3764e-15	1.389e-15
5.9373e+12	8.4904e-15	1.6185e-15
6.1023e+12	1.6452e-14	1.9305e-15
6.2672e+12	2.9309e-14	2.294e-15
6.4321e+12	2.6065e-14	2.4683e-15
6.597e+12	1.1424e-14	2.2279e-15
6.762e+12	9.0823e-15	2.0141e-15
6.9269e+12	1.4324e-14	2.2225e-15
7.0918e+12	1.3504e-14	2.576e-15
7.2567e+12	2.0631e-14	3.1298e-15
7.4217e+12	4.1499e-14	4.1559e-15
7.5866e+12	5.1476e-14	4.7819e-15
7.7515e+12	4.2426e-14	4.2491e-15
7.9164e+12	3.401e-14	3.697e-15
8.0814e+12	3.2684e-14	4.0633e-15
8.2463e+12	3.3197e-14	4.3868e-15
8.4112e+12	4.1488e-14	4.3384e-15
8.5761e+12	5.7975e-14	5.0196e-15
8.7411e+12	7.1471e-14	6.1222e-15
8.906e+12	8.1841e-14	6.3238e-15
9.0709e+12	9.2242e-14	6.1596e-15
9.2358e+12	9.3948e-14	6.6286e-15
9.4008e+12	8.8006e-14	6.8767e-15
9.5657e+12	8.8139e-14	6.3127e-15
9.7306e+12	9.0811e-14	5.9487e-15
9.8955e+12	8.4099e-14	5.9793e-15
1.006e+13	7.5039e-14	5.501e-15
1.0225e+13	6.9309e-14	4.6567e-15
1.039e+13	5.4956e-14	4.0447e-15
1.0555e+13	3.3701e-14	3.4407e-15
1.072e+13	2.5064e-14	2.9336e-15
1.0885e+13	2.8323e-14	2.9768e-15
1.105e+13	2.5947e-14	3.0649e-15
1.1215e+13	1.9205e-14	2.82e-15
1.138e+13	2.006e-14	3.0131e-15
1.1545e+13	2.4698e-14	3.654e-15
1.171e+13	2.4573e-14	3.6656e-15
1.1875e+13	2.2775e-14	3.2342e-15
1.204e+13	2.3589e-14	3.4203e-15
1.2205e+13	2.5499e-14	3.9134e-15
1.2369e+13	2.8958e-14	3.9593e-15
1.2534e+13	3.6018e-14	3.9864e-15
1.2699e+13	4.3818e-14	4.3432e-15
1.2864e+13	4.6825e-14	4.4619e-15
1.3029e+13	4.2871e-14	4.1728e-15
1.3194e+13	3.5788e-14	3.9556e-15
1.3359e+13	3.3226e-14	3.9941e-15
1.3524e+13	3.7857e-14	4.2162e-15
1.3689e+13	4.2427e-14	4.5204e-15
1.3854e+13	4.0912e-14	4.6197e-15
1.4019e+13	3.9189e-14	4.5226e-15
1.4184e+13	4.3703e-14	4.6495e-15
1.4349e+13	4.7897e-14	4.9359e-15
1.4513e+13	4.4724e-14	4.9235e-15
1.4678e+13	4.2264e-14	4.7623e-15
1.4843e+13	4.9001e-14	4.9034e-15
1.5008e+13	5.7003e-14	5.2323e-15
1.5173e+13	5.8518e-14	5.4006e-15
1.5338e+13	5.992e-14	5.3344e-15
1.5503e+13	6.208e-14	5.0837e-15
1.5668e+13	5.4563e-14	4.8195e-15
1.5833e+13	4.1766e-14	4.8235e-15
1.5998e+13	4.0097e-14	5.1093e-15
1.6163e+13	4.6225e-14	5.4096e-15
1.6328e+13	4.6217e-14	5.4911e-15
1.6493e+13	4.4804e-14	5.264e-15
1.6658e+13	4.8796e-14	4.9818e-15
1.6822e+13	4.8138e-14	5.1578e-15
1.6987e+13	4.1906e-14	5.7358e-15
1.7152e+13	4.3852e-14	5.9883e-15
1.7317e+13	4.9281e-14	5.711e-15
1.7482e+13	4.3263e-14	5.5655e-15
1.7647e+13	3.5286e-14	5.9149e-15
1.7812e+13	3.9037e-14	6.247e-15
1.7977e+13	4.2922e-14	6.0148e-15
1.8142e+13	3.8841e-14	5.5527e-15
1.8307e+13	4.0863e-14	5.7172e-15
1.8472e+13	5.1405e-14	6.4682e-15
1.8637e+13	5.4294e-14	6.7099e-15
1.8802e+13	4.8724e-14	6.2159e-15
1.8966e+13	4.7849e-14	6.0917e-15
1.9131e+13	5.1262e-14	6.5561e-15
1.9296e+13	5.1196e-14	6.6898e-15
1.9461e+13	4.9707e-14	6.6579e-15
1.9626e+13	5.0847e-14	7.1574e-15
1.9791e+13	5.2893e-14	7.4503e-15
1.9956e+13	5.3894e-14	7.0391e-15
2.0121e+13	5.3412e-14	7.146e-15
2.0286e+13	5.2444e-14	8.0474e-15
2.0451e+13	5.5001e-14	8.3113e-15
2.0616e+13	6.3313e-14	7.8996e-15
2.0781e+13	7.4145e-14	8.044e-15
2.0946e+13	8.1796e-14	8.5014e-15
2.1111e+13	8.0199e-14	8.5935e-15
2.1275e+13	6.8922e-14	8.8496e-15
2.144e+13	5.85e-14	9.2416e-15
2.1605e+13	5.5974e-14	9.0454e-15
2.177e+13	5.3059e-14	8.8464e-15
2.1935e+13	4.5223e-14	9.2537e-15
2.21e+13	4.2213e-14	9.3794e-15
2.2265e+13	4.5481e-14	9.0627e-15
2.243e+13	4.445e-14	9.1895e-15
2.2595e+13	3.9914e-14	9.3677e-15
2.276e+13	3.9131e-14	9.305e-15
2.2925e+13	3.6955e-14	1.0246e-14
2.309e+13	2.973e-14	1.1696e-14
2.3255e+13	2.5621e-14	1.1595e-14
2.3419e+13	2.4997e-14	1.1125e-14
2.3584e+13	2.0909e-14	1.2543e-14
2.3749e+13	1.8665e-14	1.3758e-14
2.3914e+13	2.3412e-14	1.2588e-14
2.4079e+13	2.4641e-14	1.1805e-14
2.4244e+13	1.7836e-14	1.3226e-14
2.4409e+13	1.4321e-14	1.4059e-14
2.4574e+13	1.7297e-14	1.3663e-14
2.4739e+13	1.838e-14	1.493e-14
2.4904e+13	1.6304e-14	1.7251e-14
2.5069e+13	1.4374e-14	1.7501e-14
2.5234e+13	1.1941e-14	1.6668e-14
2.5399e+13	1.0876e-14	1.7232e-14
2.5563e+13	1.2982e-14	1.8073e-14
2.5728e+13	1.3059e-14	1.8115e-14
2.5893e+13	9.6744e-15	1.8852e-14
2.6058e+13	8.7577e-15	1.9702e-14
2.6223e+13	9.8923e-15	1.8173e-14
2.6388e+13	8.7462e-15	1.5783e-14
2.6553e+13	8.3354e-15	1.6284e-14
2.6718e+13	1.026e-14	1.8856e-14
2.6883e+13	9.631e-15	2.0177e-14
2.7048e+13	7.549e-15	2.0743e-14
2.7213e+13	8.4892e-15	2.2452e-14
2.7378e+13	8.6711e-15	2.3368e-14
2.7543e+13	5.8705e-15	2.1491e-14
2.7708e+13	6.1547e-15	1.9908e-14
2.7872e+13	9.3026e-15	2.1878e-14
2.8037e+13	8.6641e-15	2.4754e-14
2.8202e+13	6.2036e-15	2.4737e-14
2.8367e+13	6.666e-15	2.3321e-14
2.8532e+13	6.8506e-15	2.3704e-14
2.8697e+13	5.4742e-15	2.5505e-14
2.8862e+13	6.6319e-15	2.722e-14
2.9027e+13	8.615e-15	2.8916e-14
2.9192e+13	7.4133e-15	3.0087e-14
2.9357e+13	5.9454e-15	2.9894e-14
2.9522e+13	6.5224e-15	2.9628e-14
2.9687e+13	6.6209e-15	3.0288e-14
2.9852e+13	6.7163e-15	3.0174e-14
3.0016e+13	8.0564e-15	2.8834e-14
3.0181e+13	7.5259e-15	2.8806e-14
3.0346e+13	5.2671e-15	3.0415e-14
3.0511e+13	5.5342e-15	3.0495e-14
3.0676e+13	6.9105e-15	2.8218e-14
3.0841e+13	5.9526e-15	2.6726e-14
3.1006e+13	5.3087e-15	2.7982e-14
3.1171e+13	6.5694e-15	3.0217e-14
3.1336e+13	6.4157e-15	3.0933e-14
3.1501e+13	5.1315e-15	3.0078e-14
3.1666e+13	5.5858e-15	2.9542e-14
3.1831e+13	6.0838e-15	3.0029e-14
3.1996e+13	5.1352e-15	3.0162e-14
3.2161e+13	5.0756e-15	2.9532e-14
3.2325e+13	5.7672e-15	2.9495e-14
3.249e+13	5.21e-15	2.9854e-14
3.2655e+13	4.811e-15	2.9243e-14
3.282e+13	5.3696e-15	2.8593e-14
3.2985e+13	4.7942e-15	2.8767e-14
3.315e+13	3.6782e-15	2.7619e-14
3.3315e+13	4.0895e-15	2.5198e-14
3.348e+13	4.652e-15	2.5643e-14
3.3645e+13	4.2257e-15	2.8507e-14
3.381e+13	4.2823e-15	2.7825e-14
3.3975e+13	4.6257e-15	2.4052e-14
3.414e+13	4.2838e-15	2.4429e-14
3.4305e+13	4.4184e-15	2.8785e-14
3.4469e+13	4.8848e-15	2.9192e-14
3.4634e+13	4.1445e-15	2.5043e-14
3.4799e+13	3.595e-15	2.3858e-14
3.4964e+13	4.5035e-15	2.6837e-14
3.5129e+13	4.6532e-15	2.7351e-14
3.5294e+13	3.5935e-15	2.3682e-14
3.5459e+13	3.6026e-15	2.1295e-14
3.5624e+13	4.0723e-15	2.2411e-14
3.5789e+13	3.4013e-15	2.3185e-14
3.5954e+13	3.1173e-15	2.1715e-14
3.6119e+13	3.8267e-15	2.0862e-14
3.6284e+13	3.7442e-15	2.2166e-14
3.6449e+13	3.233e-15	2.3453e-14
3.6614e+13	3.4743e-15	2.3406e-14
3.6778e+13	3.3681e-15	2.3021e-14
3.6943e+13	2.8736e-15	2.2325e-14
3.7108e+13	3.3776e-15	2.0821e-14
3.7273e+13	3.8162e-15	2.0162e-14
3.7438e+13	3.1251e-15	2.1427e-14
3.7603e+13	2.9503e-15	2.2301e-14
3.7768e+13	3.4383e-15	2.1361e-14
3.7933e+13	3.0112e-15	2.0876e-14
3.8098e+13	2.6515e-15	2.1902e-14
3.8263e+13	3.2956e-15	2.2258e-14
3.8428e+13	3.1414e-15	2.1443e-14
3.8593e+13	2.3073e-15	2.1273e-14
3.8758e+13	2.851e-15	2.1455e-14
3.8922e+13	3.602e-15	2.075e-14
3.9087e+13	2.8509e-15	2.0537e-14
3.9252e+13	2.3065e-15	2.1765e-14
3.9417e+13	2.7482e-15	2.2116e-14
3.9582e+13	2.597e-15	2.0422e-14
3.9747e+13	2.2629e-15	1.907e-14
3.9912e+13	2.6551e-15	1.9551e-14
4.0077e+13	2.4691e-15	2.0644e-14
4.0242e+13	1.8764e-15	2.1454e-14
4.0407e+13	2.5415e-15	2.1887e-14
4.0572e+13	3.2163e-15	2.1628e-14
4.0737e+13	2.4649e-15	2.1446e-14
4.0902e+13	2.0734e-15	2.225e-14
4.1067e+13	2.5874e-15	2.2311e-14
4.1231e+13	2.3029e-15	2.0321e-14
4.1396e+13	1.929e-15	1.9253e-14
4.1561e+13	2.6915e-15	2.1264e-14
4.1726e+13	2.9395e-15	2.3044e-14
4.1891e+13	2.2247e-15	2.2225e-14
4.2056e+13	2.3748e-15	2.1862e-14
4.2221e+13	2.8267e-15	2.3365e-14
4.2386e+13	2.2357e-15	2.3316e-14
4.2551e+13	2.0373e-15	2.1011e-14
4.2716e+13	2.6967e-15	2.0079e-14
4.2881e+13	2.4205e-15	2.1268e-14
4.3046e+13	1.7523e-15	2.2152e-14
4.3211e+13	2.2544e-15	2.2365e-14
4.3375e+13	2.5805e-15	2.2306e-14
4.354e+13	1.8316e-15	2.1259e-14
4.3705e+13	1.6933e-15	2.0692e-14
4.387e+13	2.3095e-15	2.2454e-14
4.4035e+13	2.2735e-15	2.3717e-14
4.42e+13	2.0171e-15	2.1973e-14
4.4365e+13	2.1495e-15	2.0668e-14
4.453e+13	1.9613e-15	2.1887e-14
4.4695e+13	1.7466e-15	2.1808e-14
4.486e+13	2.082e-15	1.9642e-14
4.5025e+13	2.0487e-15	1.9795e-14
4.519e+13	1.6118e-15	2.211e-14
4.5355e+13	1.8998e-15	2.2263e-14
4.552e+13	2.2906e-15	2.0887e-14
4.5684e+13	1.9099e-15	2.0917e-14
4.5849e+13	1.8207e-15	2.0984e-14
4.6014e+13	2.2353e-15	2.013e-14
4.6179e+13	1.9727e-15	2.0769e-14
4.6344e+13	1.5361e-15	2.222e-14
4.6509e+13	1.8138e-15	2.1291e-14
4.6674e+13	1.8685e-15	1.9609e-14
4.6839e+13	1.5199e-15	2.0524e-14
4.7004e+13	1.8168e-15	2.2241e-14
4.7169e+13	2.1648e-15	2.203e-14
4.7334e+13	1.7392e-15	2.1088e-14
4.7499e+13	1.5518e-15	2.0254e-14
4.7664e+13	1.8004e-15	1.8388e-14
4.7828e+13	1.4695e-15	1.6884e-14
4.7993e+13	1.1657e-15	1.8378e-14
4.8158e+13	1.6468e-15	2.1245e-14
4.8323e+13	1.827e-15	2.1425e-14
4.8488e+13	1.474e-15	1.8605e-14
4.8653e+13	1.6096e-15	1.6355e-14
4.8818e+13	1.7462e-15	1.6789e-14
4.8983e+13	1.3042e-15	1.7928e-14
4.9148e+13	1.3353e-15	1.7348e-14
4.9313e+13	1.7896e-15	1.6204e-14
4.9478e+13	1.501e-15	1.6508e-14
4.9643e+13	1.1572e-15	1.6851e-14
4.9808e+13	1.5436e-15	1.5456e-14
4.9973e+13	1.5306e-15	1.4229e-14
5.0137e+13	1.0553e-15	1.4959e-14
5.0302e+13	1.3745e-15	1.5971e-14
5.0467e+13	1.8196e-15	1.6022e-14
5.0632e+13	1.3942e-15	1.61e-14
5.0797e+13	1.2076e-15	1.6229e-14
5.0962e+13	1.6246e-15	1.5785e-14
5.1127e+13	1.4351e-15	1.5409e-14
5.1292e+13	9.7348e-16	1.4952e-14
5.1457e+13	1.2057e-15	1.358e-14
5.1622e+13	1.3622e-15	1.2712e-14
5.1787e+13	1.0334e-15	1.3415e-14
5.1952e+13	1.0685e-15	1.3442e-14
5.2117e+13	1.278e-15	1.199e-14
5.2281e+13	1.1171e-15	1.1643e-14
5.2446e+13	1.1567e-15	1.2428e-14
5.2611e+13	1.3369e-15	1.1874e-14
5.2776e+13	1.012e-15	1.1045e-14
5.2941e+13	8.5853e-16	1.196e-14
5.3106e+13	1.2597e-15	1.2383e-14
5.3271e+13	1.1789e-15	1.0564e-14
5.3436e+13	7.501e-16	9.1147e-15
5.3601e+13	9.9402e-16	9.4182e-15
5.3766e+13	1.2346e-15	9.6007e-15
5.3931e+13	8.3775e-16	9.3641e-15
5.4096e+13	8.0305e-16	9.7756e-15
5.4261e+13	1.142e-15	1.0113e-14
5.4426e+13	9.0012e-16	9.9197e-15
5.459e+13	7.0395e-16	1.0093e-14
5.4755e+13	1.1111e-15	1.0105e-14
5.492e+13	1.0953e-15	9.1298e-15
5.5085e+13	7.0763e-16	8.5194e-15
5.525e+13	9.6597e-16	8.8775e-15
5.5415e+13	1.1965e-15	8.6179e-15
5.558e+13	7.6728e-16	7.7498e-15
5.5745e+13	7.3445e-16	7.8048e-15
5.591e+13	1.1056e-15	8.1984e-15
5.6075e+13	8.435e-16	7.8123e-15
5.624e+13	5.944e-16	7.6605e-15
5.6405e+13	1.0066e-15	8.22e-15
5.657e+13	1.0167e-15	8.204e-15
5.6734e+13	5.9929e-16	7.6784e-15
5.6899e+13	8.3318e-16	7.8617e-15
5.7064e+13	1.1006e-15	8.2359e-15
5.7229e+13	7.0144e-16	7.775e-15
5.7394e+13	6.7025e-16	7.1422e-15
5.7559e+13	1.0772e-15	7.1196e-15
5.7724e+13	8.5316e-16	7.3138e-15
5.7889e+13	5.6887e-16	7.3369e-15
5.8054e+13	9.2239e-16	7.1631e-15
5.8219e+13	9.2366e-16	6.7508e-15
5.8384e+13	5.1355e-16	6.4135e-15
5.8549e+13	7.1991e-16	6.4109e-15
5.8714e+13	9.2773e-16	6.3444e-15
5.8879e+13	4.7945e-16	6.1259e-15
5.9043e+13	4.8354e-16	6.2812e-15
5.9208e+13	9.9082e-16	6.649e-15
5.9373e+13	7.8748e-16	6.5991e-15
5.9538e+13	4.5882e-16	6.3612e-15
5.9703e+13	8.8722e-16	6.3668e-15
5.9868e+13	1.0053e-15	6.2742e-15
6.0033e+13	5.2118e-16	5.9458e-15
6.0198e+13	6.3191e-16	5.9016e-15
6.0363e+13	9.9683e-16	6.1769e-15
6.0528e+13	6.9957e-16	6.2605e-15
6.0693e+13	5.4958e-16	6.1064e-15
6.0858e+13	8.8878e-16	5.9802e-15
6.1023e+13	7.4708e-16	5.8453e-15
6.1187e+13	4.2466e-16	5.687e-15
6.1352e+13	7.1458e-16	5.7145e-15
6.1517e+13	8.6755e-16	5.8965e-15
6.1682e+13	5.4916e-16	5.9792e-15
6.1847e+13	6.293e-16	5.9854e-15
6.2012e+13	8.8067e-16	6.1051e-15
6.2177e+13	6.3439e-16	6.2251e-15
6.2342e+13	5.3517e-16	6.1171e-15
6.2507e+13	8.1852e-16	5.9105e-15
6.2672e+13	7.2811e-16	5.811e-15
6.2837e+13	5.2031e-16	5.6548e-15
6.3002e+13	7.2983e-16	5.3733e-15
6.3167e+13	7.4378e-16	5.2989e-15
6.3332e+13	4.6956e-16	5.3679e-15
6.3496e+13	5.9223e-16	5.1068e-15
6.3661e+13	7.3844e-16	4.8587e-15
6.3826e+13	4.9609e-16	5.3298e-15
6.3991e+13	5.7354e-16	5.877e-15
6.4156e+13	8.8628e-16	5.4667e-15
6.4321e+13	6.3788e-16	4.7925e-15
6.4486e+13	3.9649e-16	5.002e-15
6.4651e+13	7.2453e-16	5.5262e-15
6.4816e+13	7.6083e-16	5.4194e-15
6.4981e+13	4.2784e-16	5.1221e-15
6.5146e+13	6.0833e-16	5.2309e-15
6.5311e+13	8.5984e-16	5.4176e-15
6.5476e+13	5.6476e-16	5.3734e-15
6.564e+13	4.9967e-16	5.2191e-15
6.5805e+13	8.0412e-16	5.0581e-15
6.597e+13	6.7063e-16	5.0362e-15
6.6135e+13	4.7042e-16	5.1349e-15
6.63e+13	7.2318e-16	4.9459e-15
6.6465e+13	6.9848e-16	4.5546e-15
6.663e+13	3.7146e-16	4.6579e-15
6.6795e+13	5.5509e-16	5.1608e-15
6.696e+13	7.7613e-16	5.2744e-15
6.7125e+13	4.64e-16	5.0323e-15
6.729e+13	4.2735e-16	4.9449e-15
6.7455e+13	7.808e-16	4.88e-15
6.762e+13	6.6803e-16	4.7091e-15
6.7784e+13	4.4757e-16	4.7777e-15
6.7949e+13	6.8363e-16	5.0415e-15
6.8114e+13	6.7272e-16	5.1775e-15
6.8279e+13	3.562e-16	5.324e-15
6.8444e+13	5.408e-16	5.4969e-15
6.8609e+13	7.9503e-16	5.2721e-15
6.8774e+13	5.2564e-16	4.7723e-15
6.8939e+13	4.7409e-16	4.6584e-15
6.9104e+13	7.7428e-16	4.9981e-15
6.9269e+13	6.3161e-16	5.2653e-15
6.9434e+13	4.0505e-16	5.1558e-15
6.9599e+13	6.5332e-16	4.8189e-15
6.9764e+13	6.795e-16	4.6605e-15
6.9929e+13	3.7166e-16	4.8684e-15
7.0093e+13	5.127e-16	5.1382e-15
7.0258e+13	7.6095e-16	5.349e-15
7.0423e+13	5.4618e-16	5.7347e-15
7.0588e+13	4.9519e-16	5.8868e-15
7.0753e+13	7.3187e-16	5.2457e-15
7.0918e+13	5.885e-16	4.6332e-15
7.1083e+13	4.2177e-16	4.9829e-15
7.1248e+13	6.7639e-16	5.3681e-15
7.1413e+13	6.71e-16	4.8225e-15
7.1578e+13	3.6384e-16	4.276e-15
7.1743e+13	4.8399e-16	4.4696e-15
7.1908e+13	6.5593e-16	4.6153e-15
7.2073e+13	4.1468e-16	4.4918e-15
7.2237e+13	4.3194e-16	4.8076e-15
7.2402e+13	7.2419e-16	5.2226e-15
7.2567e+13	5.6459e-16	4.9494e-15
7.2732e+13	3.7318e-16	4.5447e-15
7.2897e+13	6.2891e-16	4.7595e-15
7.3062e+13	6.2324e-16	5.0574e-15
7.3227e+13	3.2823e-16	4.836e-15
7.3392e+13	5.044e-16	4.5772e-15
7.3557e+13	7.3473e-16	4.915e-15
7.3722e+13	4.9231e-16	5.5687e-15
7.3887e+13	4.6119e-16	5.6402e-15
7.4052e+13	7.0131e-16	4.8539e-15
7.4217e+13	4.965e-16	4.1459e-15
7.4382e+13	2.8824e-16	4.3293e-15
7.4546e+13	5.9134e-16	4.8711e-15
7.4711e+13	6.5763e-16	5.1121e-15
7.4876e+13	3.7285e-16	5.352e-15
7.5041e+13	4.9822e-16	5.6199e-15
7.5206e+13	6.8113e-16	5.3023e-15
7.5371e+13	4.1176e-16	4.6349e-15
7.5536e+13	3.7975e-16	4.4627e-15
7.5701e+13	6.7691e-16	4.7258e-15
7.5866e+13	5.508e-16	4.9655e-15
7.6031e+13	3.5409e-16	5.1785e-15
7.6196e+13	6.016e-16	5.1014e-15
7.6361e+13	6.0867e-16	4.4508e-15
7.6526e+13	2.8421e-16	3.9727e-15
7.669e+13	4.104e-16	4.3091e-15
7.6855e+13	6.4455e-16	4.7015e-15
7.702e+13	3.9427e-16	4.438e-15
7.7185e+13	3.043e-16	4.0336e-15
7.735e+13	5.7475e-16	3.9977e-15
7.7515e+13	4.9352e-16	4.1499e-15
7.768e+13	2.9766e-16	4.4038e-15
7.7845e+13	5.2145e-16	4.8243e-15
7.801e+13	6.2565e-16	5.1895e-15
7.8175e+13	4.2593e-16	5.2902e-15
7.834e+13	4.9611e-16	5.2274e-15
7.8505e+13	6.0197e-16	5.2178e-15
7.867e+13	3.8638e-16	5.3269e-15
7.8835e+13	4.1655e-16	5.3445e-15
7.8999e+13	7.0187e-16	5.1936e-15
7.9164e+13	5.7939e-16	5.2507e-15
7.9329e+13	3.7847e-16	5.4869e-15
7.9494e+13	5.6324e-16	5.2425e-15
7.9659e+13	5.8267e-16	4.8444e-15
7.9824e+13	3.785e-16	5.4605e-15
7.9989e+13	5.33e-16	6.5684e-15
8.0154e+13	6.7187e-16	6.5087e-15
8.0319e+13	4.0047e-16	5.6639e-15
8.0484e+13	3.8974e-16	5.6178e-15
8.0649e+13	6.9675e-16	6.026e-15
8.0814e+13	5.9748e-16	5.7449e-15
8.0979e+13	3.8462e-16	5.2836e-15
8.1143e+13	5.5691e-16	5.3724e-15
8.1308e+13	5.6917e-16	5.3783e-15
8.1473e+13	3.1819e-16	4.8263e-15
8.1638e+13	4.0972e-16	4.3513e-15
8.1803e+13	5.6495e-16	4.6083e-15
8.1968e+13	3.8468e-16	5.5389e-15
8.2133e+13	4.1718e-16	6.3458e-15
8.2298e+13	6.7547e-16	6.1329e-15
8.2463e+13	5.1937e-16	5.2737e-15
8.2628e+13	3.0517e-16	4.9733e-15
8.2793e+13	5.2353e-16	5.1731e-15
8.2958e+13	5.9188e-16	4.991e-15
8.3123e+13	3.4796e-16	4.6712e-15
8.3288e+13	3.8798e-16	4.7711e-15
8.3452e+13	5.2443e-16	4.9519e-15
8.3617e+13	3.9113e-16	5.2036e-15
8.3782e+13	4.3438e-16	5.9069e-15
8.3947e+13	6.5331e-16	6.3371e-15
8.4112e+13	5.2524e-16	5.7668e-15
8.4277e+13	3.7229e-16	5.0068e-15
8.4442e+13	5.3166e-16	4.7245e-15
8.4607e+13	4.9448e-16	4.4354e-15
8.4772e+13	2.8726e-16	4.1593e-15
8.4937e+13	4.1975e-16	4.4236e-15
8.5102e+13	5.1738e-16	4.9657e-15
8.5267e+13	3.1242e-16	5.4637e-15
8.5432e+13	4.0387e-16	5.9477e-15
8.5596e+13	6.6297e-16	5.896e-15
8.5761e+13	4.5586e-16	5.2587e-15
8.5926e+13	2.7528e-16	5.1529e-15
8.6091e+13	5.4794e-16	5.4508e-15
8.6256e+13	5.7289e-16	4.741e-15
8.6421e+13	3.0141e-16	3.695e-15
8.6586e+13	4.1452e-16	4.1146e-15
8.6751e+13	5.562e-16	5.1623e-15
8.6916e+13	2.9124e-16	5.1499e-15
8.7081e+13	2.6394e-16	4.8748e-15
8.7246e+13	5.4621e-16	5.3209e-15
8.7411e+13	4.594e-16	5.5011e-15
8.7576e+13	3.0523e-16	4.9546e-15
8.7741e+13	5.3097e-16	4.5643e-15
8.7905e+13	5.578e-16	4.4219e-15
8.807e+13	3.1082e-16	4.1827e-15
8.8235e+13	4.2986e-16	4.2998e-15
8.84e+13	6.1901e-16	4.7879e-15
8.8565e+13	4.2248e-16	4.9567e-15
8.873e+13	3.6941e-16	4.9035e-15
8.8895e+13	5.4824e-16	5.0148e-15
8.906e+13	4.0378e-16	4.9336e-15
8.9225e+13	2.5378e-16	4.6129e-15
8.939e+13	4.8317e-16	4.5935e-15
8.9555e+13	5.1459e-16	4.7812e-15
8.972e+13	2.9027e-16	4.7669e-15
8.9885e+13	4.1254e-16	4.6597e-15
9.0049e+13	5.6634e-16	4.4996e-15
9.0214e+13	3.3897e-16	4.2489e-15
9.0379e+13	3.0069e-16	4.3129e-15
9.0544e+13	5.2845e-16	4.6616e-15
9.0709e+13	4.1701e-16	4.6312e-15
9.0874e+13	2.5489e-16	4.3304e-15
9.1039e+13	4.6508e-16	4.3573e-15
9.1204e+13	5.1496e-16	4.4824e-15
9.1369e+13	3.1085e-16	4.4376e-15
9.1534e+13	4.035e-16	4.5636e-15
9.1699e+13	5.2003e-16	4.6616e-15
9.1864e+13	3.136e-16	4.3117e-15
9.2029e+13	3.2136e-16	4.0338e-15
9.2194e+13	5.4902e-16	4.1265e-15
9.2358e+13	4.0849e-16	4.0533e-15
9.2523e+13	2.5343e-16	4.0633e-15
9.2688e+13	4.9317e-16	4.6452e-15
9.2853e+13	5.2125e-16	4.772e-15
9.3018e+13	2.5235e-16	3.8367e-15
9.3183e+13	3.3722e-16	3.3201e-15
9.3348e+13	5.2255e-16	3.8659e-15
9.3513e+13	3.5124e-16	4.0317e-15
9.3678e+13	3.0875e-16	3.4514e-15
9.3843e+13	4.9004e-16	3.2902e-15
9.4008e+13	3.6244e-16	3.5365e-15
9.4173e+13	2.1928e-16	3.4918e-15
9.4338e+13	4.361e-16	3.5435e-15
9.4502e+13	4.5102e-16	3.881e-15
9.4667e+13	1.9767e-16	3.8332e-15
9.4832e+13	3.0242e-16	3.5272e-15
9.4997e+13	5.0165e-16	3.5743e-15
9.5162e+13	3.376e-16	3.6189e-15
9.5327e+13	2.9802e-16	3.3766e-15
9.5492e+13	4.865e-16	3.4158e-15
9.5657e+13	3.4941e-16	3.6675e-15
9.5822e+13	1.6169e-16	3.4187e-15
9.5987e+13	3.5573e-16	2.9555e-15
9.6152e+13	4.1471e-16	3.0542e-15
9.6317e+13	2.0561e-16	3.4926e-15
9.6482e+13	3.0123e-16	3.6265e-15
9.6647e+13	4.8553e-16	3.4511e-15
9.6811e+13	3.1656e-16	3.3187e-15
9.6976e+13	2.492e-16	3.3726e-15
9.7141e+13	4.3627e-16	3.3827e-15
9.7306e+13	3.6306e-16	3.0494e-15
9.7471e+13	2.0265e-16	2.6677e-15
9.7636e+13	3.3685e-16	2.7837e-15
9.7801e+13	3.6911e-16	3.1031e-15
9.7966e+13	2.0797e-16	3.0231e-15
9.8131e+13	3.1091e-16	2.8449e-15
9.8296e+13	4.5627e-16	3.0064e-15
9.8461e+13	3.126e-16	3.1469e-15
9.8626e+13	2.9757e-16	3.0447e-15
9.8791e+13	4.4479e-16	2.9719e-15
9.8955e+13	2.9411e-16	2.7937e-15
9.912e+13	1.4472e-16	2.396e-15
9.9285e+13	3.4211e-16	2.3555e-15
9.945e+13	3.8207e-16	2.744e-15
9.9615e+13	1.7988e-16	2.7579e-15
9.978e+13	2.5876e-16	2.3705e-15
9.9945e+13	4.008e-16	2.3742e-15
1.0011e+14	2.4419e-16	2.7317e-15
1.0027e+14	2.1516e-16	2.8389e-15
1.0044e+14	3.8345e-16	2.7446e-15
1.006e+14	2.9023e-16	2.6587e-15
1.0077e+14	1.8395e-16	2.4351e-15
1.0093e+14	3.6937e-16	2.2049e-15
1.011e+14	3.6663e-16	2.215e-15
1.0126e+14	1.4185e-16	2.2276e-15
1.0143e+14	2.2626e-16	2.1237e-15
1.0159e+14	3.7057e-16	2.1994e-15
1.0176e+14	1.9888e-16	2.3242e-15
1.0192e+14	1.6442e-16	2.111e-15
1.0209e+14	3.6004e-16	1.871e-15
1.0225e+14	2.9296e-16	2.0428e-15
1.0242e+14	1.6366e-16	2.2451e-15
1.0258e+14	3.0806e-16	2.0742e-15
1.0275e+14	3.1941e-16	1.9338e-15
1.0291e+14	1.4763e-16	2.1532e-15
1.0308e+14	2.3923e-16	2.2869e-15
1.0324e+14	3.4278e-16	2.0068e-15
1.0341e+14	1.6571e-16	1.7869e-15
1.0357e+14	1.8084e-16	2.0577e-15
1.0374e+14	4.0472e-16	2.3988e-15
1.039e+14	3.0117e-16	2.2596e-15
1.0407e+14	1.2506e-16	1.9081e-15
1.0423e+14	2.683e-16	1.88e-15
1.044e+14	2.9362e-16	2.0248e-15
1.0456e+14	1.0605e-16	1.9404e-15
1.0473e+14	1.9034e-16	1.7475e-15
1.0489e+14	3.3495e-16	1.6795e-15
1.0506e+14	1.7744e-16	1.6241e-15
1.0522e+14	1.2709e-16	1.5562e-15
1.0539e+14	2.8433e-16	1.6168e-15
1.0555e+14	2.0544e-16	1.6757e-15
1.0572e+14	8.65e-17	1.5988e-15
1.0588e+14	2.4365e-16	1.6177e-15
1.0605e+14	2.7975e-16	1.8186e-15
1.0621e+14	1.2632e-16	1.8884e-15
1.0638e+14	2.0656e-16	1.7096e-15
1.0654e+14	3.0142e-16	1.5277e-15
1.0671e+14	1.2755e-16	1.5124e-15
1.0687e+14	1.1639e-16	1.6407e-15
1.0704e+14	3.1096e-16	1.7572e-15
1.072e+14	2.3479e-16	1.6409e-15
1.0737e+14	9.484e-17	1.3813e-15
1.0753e+14	2.2269e-16	1.3513e-15
1.077e+14	2.3817e-16	1.5229e-15
1.0786e+14	8.328e-17	1.5232e-15
1.0803e+14	1.7678e-16	1.4138e-15
1.0819e+14	2.9749e-16	1.5069e-15
1.0836e+14	1.4885e-16	1.6595e-15
1.0852e+14	1.2682e-16	1.5934e-15
1.0869e+14	2.776e-16	1.4381e-15
1.0885e+14	1.8349e-16	1.3947e-15
1.0902e+14	7.058e-17	1.4253e-15
1.0918e+14	2.2238e-16	1.4564e-15
1.0935e+14	2.3823e-16	1.4435e-15
1.0951e+14	8.5169e-17	1.3743e-15
1.0968e+14	1.7603e-16	1.3504e-15
1.0984e+14	2.6647e-16	1.3743e-15
1.1001e+14	8.9931e-17	1.3074e-15
1.1017e+14	8.4507e-17	1.2524e-15
1.1034e+14	2.7032e-16	1.3757e-15
1.105e+14	1.7943e-16	1.4278e-15
1.1067e+14	4.9976e-17	1.2202e-15
1.1083e+14	2.0483e-16	1.097e-15
1.11e+14	2.276e-16	1.2141e-15
1.1116e+14	5.2745e-17	1.2237e-15
1.1132e+14	1.2579e-16	1.094e-15
1.1149e+14	2.4286e-16	1.1286e-15
1.1165e+14	9.2279e-17	1.1952e-15
1.1182e+14	6.3179e-17	1.0586e-15
1.1198e+14	2.287e-16	9.9134e-16
1.1215e+14	1.6832e-16	1.1532e-15
1.1231e+14	5.4458e-17	1.2038e-15
1.1248e+14	1.6918e-16	1.0457e-15
1.1264e+14	1.8034e-16	9.8351e-16
1.1281e+14	6.2964e-17	1.0595e-15
1.1297e+14	1.6872e-16	1.0913e-15
1.1314e+14	2.5007e-16	1.093e-15
1.133e+14	7.6593e-17	1.1011e-15
1.1347e+14	6.4923e-17	1.0495e-15
1.1363e+14	2.1997e-16	9.9621e-16
1.138e+14	1.2427e-16	1.0134e-15
1.1396e+14	2.5325e-17	1.0158e-15
1.1413e+14	1.8601e-16	9.8753e-16
1.1429e+14	1.8486e-16	1.0102e-15
1.1446e+14	8.1348e-18	1.0185e-15
1.1462e+14	9.9272e-17	9.3036e-16
1.1479e+14	2.2142e-16	8.4677e-16
1.1495e+14	7.3645e-17	8.4576e-16
1.1512e+14	5.277e-17	8.7164e-16
1.1528e+14	2.0622e-16	9.0278e-16
1.1545e+14	1.2519e-16	9.5027e-16
1.1561e+14	2.6175e-17	9.8637e-16
1.1578e+14	1.7438e-16	1.0126e-15
1.1594e+14	1.7783e-16	1.0226e-15
1.1611e+14	1.5997e-17	9.6325e-16
1.1627e+14	1.017e-16	8.7844e-16
1.1644e+14	2.0291e-16	8.6301e-16
1.166e+14	4.9906e-17	8.6234e-16
1.1677e+14	4.3525e-17	8.0598e-16
1.1693e+14	2.0505e-16	7.731e-16
1.171e+14	1.1257e-16	7.9736e-16
1.1726e+14	8.0649e-19	8.1106e-16
1.1743e+14	1.5367e-16	8.3779e-16
1.1759e+14	1.6717e-16	8.9611e-16
1.1776e+14	1.372e-18	8.7588e-16
1.1792e+14	8.1468e-17	7.8143e-16
1.1809e+14	1.9371e-16	7.5776e-16
1.1825e+14	4.9263e-17	7.8212e-16
1.1842e+14	3.0245e-17	7.4872e-16
1.1858e+14	1.8481e-16	7.3251e-16
1.1875e+14	1.1074e-16	7.8808e-16
1.1891e+14	1.0974e-17	7.9093e-16
1.1908e+14	1.4859e-16	7.1511e-16
1.1924e+14	1.5014e-16	6.9086e-16
1.1941e+14	-3.8526e-18	7.4434e-16
1.1957e+14	8.9538e-17	7.9971e-16
1.1974e+14	1.9853e-16	8.1067e-16
1.199e+14	4.238e-17	7.449e-16
1.2007e+14	1.4738e-17	6.553e-16
1.2023e+14	1.6923e-16	6.7443e-16
1.204e+14	1.0081e-16	7.4753e-16
1.2056e+14	2.7832e-18	6.9641e-16
1.2073e+14	1.4146e-16	6.1249e-16
1.2089e+14	1.5278e-16	6.962e-16
1.2106e+14	2.0597e-18	8.1162e-16
1.2122e+14	7.703e-17	7.3817e-16
1.2139e+14	1.7192e-16	6.0164e-16
1.2155e+14	2.9714e-17	5.9386e-16
1.2172e+14	1.6955e-17	6.3264e-16
1.2188e+14	1.6208e-16	6.1319e-16
1.2205e+14	8.3636e-17	6.086e-16
1.2221e+14	-5.8347e-18	6.6334e-16
1.2237e+14	1.3866e-16	7.0149e-16
1.2254e+14	1.4058e-16	6.7464e-16
1.227e+14	-1.3664e-17	6.194e-16
1.2287e+14	7.4147e-17	5.9533e-16
1.2303e+14	1.794e-16	6.1507e-16
1.232e+14	3.3304e-17	6.1975e-16
1.2336e+14	1.5476e-17	5.6954e-16
1.2353e+14	1.6415e-16	5.2217e-16
1.2369e+14	8.6952e-17	5.3845e-16
1.2386e+14	-1.0007e-17	5.9102e-16
1.2402e+14	1.3268e-16	6.2194e-16
1.2419e+14	1.4402e-16	6.0417e-16
1.2435e+14	-8.5281e-18	5.5936e-16
1.2452e+14	6.7027e-17	5.5609e-16
1.2468e+14	1.6646e-16	6.0943e-16
1.2485e+14	2.654e-17	6.2616e-16
1.2501e+14	9.9238e-18	5.6153e-16
1.2518e+14	1.5468e-16	4.9576e-16
1.2534e+14	8.0929e-17	4.7383e-16
1.2551e+14	-1.2858e-17	4.6742e-16
1.2567e+14	1.2297e-16	4.9118e-16
1.2584e+14	1.3009e-16	5.4523e-16
1.26e+14	-1.6196e-17	5.5157e-16
1.2617e+14	6.4312e-17	5.0814e-16
1.2633e+14	1.6394e-16	5.0774e-16
1.265e+14	2.774e-17	5.4089e-16
1.2666e+14	1.4603e-17	5.2355e-16
1.2683e+14	1.5404e-16	4.8342e-16
1.2699e+14	7.2725e-17	4.9551e-16
1.2716e+14	-2.0011e-17	5.3618e-16
1.2732e+14	1.2267e-16	5.4239e-16
1.2749e+14	1.3147e-16	5.0117e-16
1.2765e+14	-2.0825e-17	4.4842e-16
1.2782e+14	5.571e-17	4.4933e-16
1.2798e+14	1.5913e-16	5.1672e-16
1.2815e+14	2.5299e-17	5.5877e-16
1.2831e+14	7.6362e-18	5.1325e-16
1.2848e+14	1.4523e-16	4.4104e-16
1.2864e+14	6.6216e-17	4.0659e-16
1.2881e+14	-3.0746e-17	4.0965e-16
1.2897e+14	1.0693e-16	4.4107e-16
1.2914e+14	1.2338e-16	4.6858e-16
1.293e+14	-1.9771e-17	4.4967e-16
1.2947e+14	5.2232e-17	4.2263e-16
1.2963e+14	1.4821e-16	4.374e-16
1.298e+14	1.5232e-17	4.4715e-16
1.2996e+14	4.9938e-19	4.2603e-16
1.3013e+14	1.4257e-16	4.3146e-16
1.3029e+14	7.088e-17	4.53e-16
1.3046e+14	-2.9175e-17	4.3147e-16
1.3062e+14	9.4985e-17	4.0707e-16
1.3079e+14	1.0998e-16	4.2109e-16
1.3095e+14	-2.1405e-17	4.2382e-16
1.3112e+14	5.3778e-17	4.2009e-16
1.3128e+14	1.4445e-16	4.5117e-16
1.3145e+14	1.0838e-17	4.4293e-16
1.3161e+14	-5.971e-18	3.6335e-16
1.3178e+14	1.2947e-16	3.4872e-16
1.3194e+14	6.1341e-17	4.2762e-16
1.3211e+14	-2.6883e-17	4.4157e-16
1.3227e+14	9.7382e-17	3.7286e-16
1.3244e+14	1.0149e-16	3.6391e-16
1.326e+14	-3.4576e-17	4.2074e-16
1.3277e+14	4.4294e-17	4.4855e-16
1.3293e+14	1.3887e-16	4.414e-16
1.331e+14	7.5093e-18	4.1288e-16
1.3326e+14	-8.1146e-18	3.6043e-16
1.3342e+14	1.2698e-16	3.4606e-16
1.3359e+14	5.7581e-17	3.8585e-16
1.3375e+14	-3.1677e-17	3.876e-16
1.3392e+14	9.577e-17	3.5186e-16
1.3408e+14	1.0867e-16	3.7472e-16
1.3425e+14	-2.4302e-17	4.179e-16
1.3441e+14	4.4251e-17	3.8912e-16
1.3458e+14	1.3001e-16	3.5321e-16
1.3474e+14	4.1487e-18	3.8127e-16
1.3491e+14	-4.9178e-18	3.9331e-16
1.3507e+14	1.2567e-16	3.4427e-16
1.3524e+14	5.0718e-17	3.1352e-16
1.354e+14	-3.7969e-17	3.2629e-16
1.3557e+14	8.8337e-17	3.2447e-16
1.3573e+14	9.6874e-17	3.0451e-16
1.359e+14	-3.5193e-17	3.078e-16
1.3606e+14	4.0177e-17	3.3114e-16
1.3623e+14	1.3004e-16	3.4075e-16
1.3639e+14	7.729e-19	3.2279e-16
1.3656e+14	-1.3863e-17	2.9868e-16
1.3672e+14	1.1843e-16	3.0038e-16
1.3689e+14	5.2185e-17	3.1888e-16
1.3705e+14	-3.2001e-17	3.2343e-16
1.3722e+14	9.1219e-17	3.2804e-16
1.3738e+14	9.816e-17	3.446e-16
1.3755e+14	-3.2014e-17	3.2607e-16
1.3771e+14	4.0968e-17	2.7017e-16
1.3788e+14	1.2551e-16	2.6042e-16
1.3804e+14	-2.5145e-18	3.0677e-16
1.3821e+14	-1.0444e-17	3.1698e-16
1.3837e+14	1.2268e-16	2.7859e-16
1.3854e+14	4.8214e-17	2.722e-16
1.387e+14	-4.1946e-17	3.0052e-16
1.3887e+14	8.6179e-17	2.938e-16
1.3903e+14	9.8611e-17	2.5538e-16
1.392e+14	-3.7801e-17	2.4819e-16
1.3936e+14	2.8396e-17	2.7589e-16
1.3953e+14	1.1991e-16	2.8635e-16
1.3969e+14	-1.1593e-18	2.6815e-16
1.3986e+14	-1.63e-17	2.6551e-16
1.4002e+14	1.1207e-16	2.9062e-16
1.4019e+14	4.5805e-17	2.9316e-16
1.4035e+14	-4.2856e-17	2.5786e-16
1.4052e+14	7.5931e-17	2.4751e-16
1.4068e+14	9.1281e-17	2.8825e-16
1.4085e+14	-3.1604e-17	3.1726e-16
1.4101e+14	3.3551e-17	2.9739e-16
1.4118e+14	1.1293e-16	2.6587e-16
1.4134e+14	-9.5448e-18	2.4776e-16
1.4151e+14	-1.8972e-17	2.3533e-16
1.4167e+14	1.0838e-16	2.3528e-16
1.4184e+14	3.9409e-17	2.5062e-16
1.42e+14	-4.6403e-17	2.6083e-16
1.4217e+14	7.5376e-17	2.5593e-16
1.4233e+14	8.9311e-17	2.4106e-16
1.425e+14	-3.6841e-17	2.2565e-16
1.4266e+14	2.7692e-17	2.322e-16
1.4283e+14	1.1195e-16	2.6001e-16
1.4299e+14	-4.9187e-18	2.652e-16
1.4316e+14	-1.5622e-17	2.4096e-16
1.4332e+14	1.0781e-16	2.3461e-16
1.4349e+14	4.076e-17	2.4522e-16
1.4365e+14	-4.1747e-17	2.3136e-16
1.4382e+14	7.7969e-17	2.1334e-16
1.4398e+14	8.8862e-17	2.2772e-16
1.4415e+14	-3.7556e-17	2.4211e-16
1.4431e+14	2.6751e-17	2.2946e-16
1.4447e+14	1.1049e-16	2.2293e-16
1.4464e+14	-6.955e-18	2.3572e-16
1.448e+14	-1.9189e-17	2.4235e-16
1.4497e+14	1.0571e-16	2.3935e-16
1.4513e+14	4.3051e-17	2.3439e-16
1.453e+14	-4.1227e-17	2.2567e-16
1.4546e+14	7.2284e-17	2.2787e-16
1.4563e+14	8.4768e-17	2.4476e-16
1.4579e+14	-3.6199e-17	2.4352e-16
1.4596e+14	2.5708e-17	2.1771e-16
1.4612e+14	1.0597e-16	2.0043e-16
1.4629e+14	-8.2636e-18	1.9648e-16
1.4645e+14	-2.0458e-17	1.9305e-16
1.4662e+14	9.9314e-17	1.9999e-16
1.4678e+14	3.8664e-17	2.0885e-16
1.4695e+14	-3.9449e-17	1.9603e-16
1.4711e+14	7.1653e-17	1.8541e-16
1.4728e+14	7.8586e-17	2.0323e-16
1.4744e+14	-4.1495e-17	2.1453e-16
1.4761e+14	2.1694e-17	1.9801e-16
1.4777e+14	1.0048e-16	1.9168e-16
1.4794e+14	-1.0358e-17	2.097e-16
1.481e+14	-1.6426e-17	2.2119e-16
1.4827e+14	1.0192e-16	2.1513e-16
1.4843e+14	3.4428e-17	2.0317e-16
1.486e+14	-4.537e-17	1.9581e-16
1.4876e+14	7.1007e-17	2.0452e-16
1.4893e+14	8.3152e-17	2.1797e-16
1.4909e+14	-3.6904e-17	2.1228e-16
1.4926e+14	2.3598e-17	2.0831e-16
1.4942e+14	1.0178e-16	2.2848e-16
1.4959e+14	-9.225e-18	2.3012e-16
1.4975e+14	-1.8008e-17	1.941e-16
1.4992e+14	9.9738e-17	1.7972e-16
1.5008e+14	3.5969e-17	2.0067e-16
1.5025e+14	-4.3825e-17	2.0131e-16
1.5041e+14	6.6627e-17	1.8614e-16
1.5058e+14	7.5757e-17	1.9335e-16
1.5074e+14	-4.2347e-17	1.9007e-16
1.5091e+14	1.9549e-17	1.5747e-16
1.5107e+14	9.8904e-17	1.5581e-16
1.5124e+14	-1.0424e-17	1.9444e-16
1.514e+14	-2.0762e-17	2.0663e-16
1.5157e+14	9.4892e-17	1.8868e-16
1.5173e+14	3.3083e-17	1.8899e-16
1.519e+14	-4.5859e-17	1.9654e-16
1.5206e+14	6.2236e-17	1.8204e-16
1.5223e+14	7.3375e-17	1.6615e-16
1.5239e+14	-3.9801e-17	1.6653e-16
1.5256e+14	2.0973e-17	1.7095e-16
1.5272e+14	9.6763e-17	1.746e-16
1.5289e+14	-1.1706e-17	1.736e-16
1.5305e+14	-2.1862e-17	1.61e-16
1.5322e+14	9.1223e-17	1.5472e-16
1.5338e+14	3.082e-17	1.6878e-16
1.5355e+14	-4.4654e-17	1.7968e-16
1.5371e+14	6.2441e-17	1.7116e-16
1.5388e+14	7.1696e-17	1.5851e-16
1.5404e+14	-4.1514e-17	1.5137e-16
1.5421e+14	1.6617e-17	1.4976e-16
1.5437e+14	9.0166e-17	1.5738e-16
1.5454e+14	-1.4284e-17	1.647e-16
1.547e+14	-2.0848e-17	1.6186e-16
1.5487e+14	8.968e-17	1.6131e-16
1.5503e+14	2.8313e-17	1.6618e-16
1.552e+14	-4.3384e-17	1.6255e-16
1.5536e+14	6.4048e-17	1.5825e-16
1.5553e+14	6.9599e-17	1.6268e-16
1.5569e+14	-4.3135e-17	1.5703e-16
1.5585e+14	1.9526e-17	1.4348e-16
1.5602e+14	9.4143e-17	1.5125e-16
1.5618e+14	-1.3998e-17	1.6786e-16
1.5635e+14	-2.3458e-17	1.6201e-16
1.5651e+14	8.7821e-17	1.5134e-16
1.5668e+14	2.7127e-17	1.5447e-16
1.5684e+14	-4.6748e-17	1.491e-16
1.5701e+14	6.0238e-17	1.3779e-16
1.5717e+14	6.9463e-17	1.4934e-16
1.5734e+14	-4.2809e-17	1.6607e-16
1.575e+14	1.4913e-17	1.5908e-16
1.5767e+14	8.9252e-17	1.5069e-16
1.5783e+14	-1.2466e-17	1.5758e-16
1.58e+14	-1.956e-17	1.5655e-16
1.5816e+14	8.8845e-17	1.4681e-16
1.5833e+14	2.845e-17	1.4967e-16
1.5849e+14	-4.3889e-17	1.5498e-16
1.5866e+14	6.0422e-17	1.4863e-16
1.5882e+14	6.8662e-17	1.4615e-16
1.5899e+14	-3.8797e-17	1.5332e-16
1.5915e+14	2.1853e-17	1.5585e-16
1.5932e+14	9.2571e-17	1.5292e-16
1.5948e+14	-1.4531e-17	1.4909e-16
1.5965e+14	-2.4307e-17	1.4061e-16
1.5981e+14	8.5204e-17	1.3463e-16
1.5998e+14	2.8119e-17	1.4054e-16
1.6014e+14	-4.3297e-17	1.4902e-16
1.6031e+14	5.8645e-17	1.5118e-16
1.6047e+14	6.5248e-17	1.4831e-16
1.6064e+14	-4.3435e-17	1.3713e-16
1.608e+14	1.4448e-17	1.2378e-16
1.6097e+14	8.5731e-17	1.2782e-16
1.6113e+14	-1.5227e-17	1.4383e-16
1.613e+14	-2.0706e-17	1.4508e-16
1.6146e+14	8.7379e-17	1.32e-16
1.6163e+14	2.753e-17	1.2505e-16
1.6179e+14	-4.5832e-17	1.2573e-16
1.6196e+14	5.5246e-17	1.2601e-16
1.6212e+14	6.4101e-17	1.2735e-16
1.6229e+14	-4.1832e-17	1.3043e-16
1.6245e+14	1.5162e-17	1.3299e-16
1.6262e+14	8.5266e-17	1.3527e-16
1.6278e+14	-1.4988e-17	1.3566e-16
1.6295e+14	-2.2827e-17	1.3575e-16
1.6311e+14	8.129e-17	1.4066e-16
1.6328e+14	2.3509e-17	1.4394e-16
1.6344e+14	-4.4821e-17	1.3768e-16
1.6361e+14	5.5957e-17	1.303e-16
1.6377e+14	6.221e-17	1.27e-16
1.6394e+14	-4.2518e-17	1.2255e-16
1.641e+14	1.6238e-17	1.2418e-16
1.6427e+14	8.4599e-17	1.3398e-16
1.6443e+14	-1.8333e-17	1.2992e-16
1.646e+14	-2.6469e-17	1.1411e-16
1.6476e+14	7.9985e-17	1.2142e-16
1.6493e+14	2.4917e-17	1.4632e-16
1.6509e+14	-4.3315e-17	1.4818e-16
1.6526e+14	5.5883e-17	1.3141e-16
1.6542e+14	6.2016e-17	1.2618e-16
1.6559e+14	-4.2717e-17	1.2494e-16
1.6575e+14	1.461e-17	1.1518e-16
1.6592e+14	8.3619e-17	1.1178e-16
1.6608e+14	-1.6398e-17	1.1712e-16
1.6625e+14	-2.4325e-17	1.206e-16
1.6641e+14	8.0225e-17	1.2818e-16
1.6658e+14	2.5053e-17	1.3625e-16
1.6674e+14	-4.3244e-17	1.2818e-16
1.669e+14	5.4872e-17	1.1789e-16
1.6707e+14	6.2009e-17	1.2377e-16
1.6723e+14	-4.175e-17	1.2466e-16
1.674e+14	1.299e-17	1.0894e-16
1.6756e+14	8.0805e-17	1.0238e-16
1.6773e+14	-1.5815e-17	1.1011e-16
1.6789e+14	-2.2034e-17	1.1424e-16
1.6806e+14	7.9927e-17	1.1858e-16
1.6822e+14	2.2418e-17	1.2211e-16
1.6839e+14	-4.6909e-17	1.0771e-16
1.6855e+14	5.1301e-17	9.5865e-17
1.6872e+14	6.1796e-17	1.1534e-16
1.6888e+14	-3.9029e-17	1.3271e-16
1.6905e+14	1.3488e-17	1.1583e-16
1.6921e+14	7.943e-17	1.0241e-16
1.6938e+14	-1.4849e-17	1.1623e-16
1.6954e+14	-2.1669e-17	1.1902e-16
1.6971e+14	7.5887e-17	1.0134e-16
1.6987e+14	1.9331e-17	1.0196e-16
1.7004e+14	-4.5135e-17	1.2131e-16
1.702e+14	5.2035e-17	1.2467e-16
1.7037e+14	5.8174e-17	1.1222e-16
1.7053e+14	-4.1556e-17	1.0644e-16
1.707e+14	1.4912e-17	1.0812e-16
1.7086e+14	8.0815e-17	1.0977e-16
1.7103e+14	-1.6013e-17	1.132e-16
1.7119e+14	-2.3098e-17	1.1892e-16
1.7136e+14	7.6823e-17	1.2316e-16
1.7152e+14	2.2032e-17	1.235e-16
1.7169e+14	-4.3603e-17	1.2065e-16
1.7185e+14	5.1485e-17	1.1832e-16
1.7202e+14	5.7794e-17	1.1598e-16
1.7218e+14	-4.1029e-17	1.0883e-16
1.7235e+14	1.481e-17	1.0223e-16
1.7251e+14	8.0707e-17	1.0514e-16
1.7268e+14	-1.4879e-17	1.1019e-16
1.7284e+14	-2.27e-17	1.0736e-16
1.7301e+14	7.5159e-17	1.0271e-16
1.7317e+14	2.0496e-17	1.022e-16
1.7334e+14	-4.3776e-17	1.0326e-16
1.735e+14	5.1736e-17	1.0588e-16
1.7367e+14	5.8078e-17	1.0649e-16
1.7383e+14	-4.1731e-17	9.889e-17
1.74e+14	1.1754e-17	9.3306e-17
1.7416e+14	7.7039e-17	9.9172e-17
1.7433e+14	-1.6768e-17	1.0299e-16
1.7449e+14	-2.3357e-17	1.0008e-16
1.7466e+14	7.5207e-17	1.0488e-16
1.7482e+14	2.1044e-17	1.1002e-16
1.7499e+14	-4.5324e-17	1.0112e-16
1.7515e+14	4.8125e-17	9.8084e-17
1.7532e+14	5.742e-17	1.1063e-16
1.7548e+14	-3.883e-17	1.0856e-16
1.7565e+14	1.2886e-17	9.1543e-17
1.7581e+14	7.5687e-17	9.5999e-17
1.7598e+14	-1.721e-17	1.1166e-16
1.7614e+14	-2.3579e-17	1.0358e-16
1.7631e+14	7.42e-17	9.336e-17
1.7647e+14	2.1814e-17	1.0883e-16
1.7664e+14	-4.3571e-17	1.189e-16
1.768e+14	4.7025e-17	1.036e-16
1.7697e+14	5.4765e-17	9.5173e-17
1.7713e+14	-3.9654e-17	1.0299e-16
1.773e+14	1.3011e-17	9.9057e-17
1.7746e+14	7.5743e-17	8.5519e-17
1.7763e+14	-1.6257e-17	8.7284e-17
1.7779e+14	-2.284e-17	9.8305e-17
1.7795e+14	7.3823e-17	9.8112e-17
1.7812e+14	2.2566e-17	9.0421e-17
1.7828e+14	-4.126e-17	9.0059e-17
1.7845e+14	4.821e-17	9.5571e-17
1.7861e+14	5.362e-17	9.2456e-17
1.7878e+14	-4.2828e-17	7.9876e-17
1.7894e+14	8.9431e-18	7.8661e-17
1.7911e+14	7.3878e-17	9.416e-17
1.7927e+14	-1.5784e-17	9.8753e-17
1.7944e+14	-2.4581e-17	8.2868e-17
1.796e+14	6.9954e-17	7.5882e-17
1.7977e+14	2.169e-17	8.7844e-17
1.7993e+14	-4.0181e-17	9.4886e-17
1.801e+14	4.7097e-17	9.1945e-17
1.8026e+14	5.356e-17	9.1633e-17
1.8043e+14	-3.8759e-17	8.9629e-17
1.8059e+14	1.1944e-17	8.5e-17
1.8076e+14	7.3232e-17	8.9326e-17
1.8092e+14	-1.5461e-17	9.3118e-17
1.8109e+14	-2.2926e-17	8.3048e-17
1.8125e+14	6.8838e-17	7.6075e-17
1.8142e+14	1.9075e-17	8.2199e-17
1.8158e+14	-4.0893e-17	8.4422e-17
1.8175e+14	4.7047e-17	8.3841e-17
1.8191e+14	5.2649e-17	9.3835e-17
1.8208e+14	-3.9615e-17	9.9392e-17
1.8224e+14	1.1074e-17	9.0457e-17
1.8241e+14	7.21e-17	8.7958e-17
1.8257e+14	-1.5997e-17	9.3694e-17
1.8274e+14	-2.316e-17	8.7975e-17
1.829e+14	6.8778e-17	8.1188e-17
1.8307e+14	2.0296e-17	8.9375e-17
1.8323e+14	-3.9945e-17	9.4102e-17
1.834e+14	4.5227e-17	8.5666e-17
1.8356e+14	5.0183e-17	8.2148e-17
1.8373e+14	-4.0245e-17	8.3228e-17
1.8389e+14	1.0343e-17	7.8042e-17
1.8406e+14	7.1122e-17	7.9552e-17
1.8422e+14	-1.3895e-17	9.1048e-17
1.8439e+14	-1.9332e-17	9.0926e-17
1.8455e+14	6.9319e-17	8.0506e-17
1.8472e+14	1.7736e-17	7.9982e-17
1.8488e+14	-4.1626e-17	8.4172e-17
1.8505e+14	4.5772e-17	8.2342e-17
1.8521e+14	5.2279e-17	8.3691e-17
1.8538e+14	-3.7664e-17	8.7739e-17
1.8554e+14	1.1397e-17	8.2774e-17
1.8571e+14	6.9758e-17	7.6079e-17
1.8587e+14	-1.6467e-17	7.703e-17
1.8604e+14	-2.1981e-17	7.755e-17
1.862e+14	6.7652e-17	7.6977e-17
1.8637e+14	1.8004e-17	8.2279e-17
1.8653e+14	-4.0861e-17	8.479e-17
1.867e+14	4.5162e-17	7.9577e-17
1.8686e+14	5.141e-17	8.0148e-17
1.8703e+14	-3.768e-17	8.7639e-17
1.8719e+14	1.107e-17	8.8558e-17
1.8736e+14	6.9107e-17	8.5451e-17
1.8752e+14	-1.6692e-17	8.654e-17
1.8769e+14	-2.3333e-17	8.4213e-17
1.8785e+14	6.459e-17	7.4192e-17
1.8802e+14	1.5675e-17	6.6572e-17
1.8818e+14	-4.189e-17	6.7472e-17
1.8835e+14	4.3548e-17	7.4284e-17
1.8851e+14	4.9228e-17	8.0223e-17
1.8868e+14	-3.9588e-17	7.5829e-17
1.8884e+14	9.2089e-18	6.5005e-17
1.89e+14	6.8163e-17	6.5084e-17
1.8917e+14	-1.6335e-17	7.4449e-17
1.8933e+14	-2.3833e-17	7.4589e-17
1.895e+14	6.3429e-17	6.8368e-17
1.8966e+14	1.6786e-17	7.145e-17
1.8983e+14	-4.0059e-17	7.7657e-17
1.8999e+14	4.2434e-17	7.4546e-17
1.9016e+14	4.7522e-17	6.882e-17
1.9032e+14	-3.8634e-17	6.879e-17
1.9049e+14	9.6364e-18	7.0226e-17
1.9065e+14	6.5607e-17	6.9119e-17
1.9082e+14	-1.8002e-17	6.6983e-17
1.9098e+14	-2.2305e-17	6.7577e-17
1.9115e+14	6.4745e-17	7.3669e-17
1.9131e+14	1.5457e-17	7.8657e-17
1.9148e+14	-4.1969e-17	7.4355e-17
1.9164e+14	4.2577e-17	6.8492e-17
1.9181e+14	4.9164e-17	6.9586e-17
1.9197e+14	-3.8292e-17	6.9026e-17
1.9214e+14	8.3804e-18	6.3926e-17
1.923e+14	6.5793e-17	6.5512e-17
1.9247e+14	-1.6385e-17	7.0535e-17
1.9263e+14	-2.3064e-17	6.7316e-17
1.928e+14	6.2346e-17	6.3557e-17
1.9296e+14	1.6006e-17	6.7095e-17
1.9313e+14	-3.9768e-17	6.8503e-17
1.9329e+14	4.1723e-17	6.7947e-17
1.9346e+14	4.675e-17	7.3587e-17
1.9362e+14	-3.8216e-17	7.4577e-17
1.9379e+14	9.9776e-18	6.4921e-17
1.9395e+14	6.664e-17	6.381e-17
1.9412e+14	-1.58e-17	7.4115e-17
1.9428e+14	-2.2331e-17	7.3658e-17
1.9445e+14	6.2997e-17	6.3531e-17
1.9461e+14	1.6905e-17	6.3144e-17
1.9478e+14	-3.9097e-17	6.7782e-17
1.9494e+14	4.1946e-17	6.5877e-17
1.9511e+14	4.78e-17	6.6255e-17
1.9527e+14	-3.6923e-17	7.3314e-17
1.9544e+14	9.5011e-18	7.6774e-17
1.956e+14	6.5575e-17	7.54e-17
1.9577e+14	-1.5721e-17	7.4147e-17
1.9593e+14	-2.2736e-17	7.0425e-17
1.961e+14	6.1555e-17	6.4096e-17
1.9626e+14	1.6016e-17	5.9412e-17
1.9643e+14	-4.0697e-17	5.7778e-17
1.9659e+14	3.8758e-17	6.3153e-17
1.9676e+14	4.6543e-17	7.3836e-17
1.9692e+14	-3.6138e-17	7.3264e-17
1.9709e+14	7.2343e-18	5.9401e-17
1.9725e+14	6.0987e-17	5.4947e-17
1.9742e+14	-1.7043e-17	6.3274e-17
1.9758e+14	-2.1914e-17	6.3453e-17
1.9775e+14	6.0516e-17	5.6325e-17
1.9791e+14	1.5507e-17	5.6919e-17
1.9808e+14	-3.8447e-17	5.8134e-17
1.9824e+14	4.005e-17	5.3575e-17
1.9841e+14	4.5194e-17	5.6125e-17
1.9857e+14	-3.7017e-17	6.3425e-17
1.9874e+14	7.9308e-18	5.9691e-17
1.989e+14	6.1895e-17	5.3256e-17
1.9907e+14	-1.62e-17	5.7242e-17
1.9923e+14	-2.1378e-17	5.9716e-17
1.994e+14	6.038e-17	5.423e-17
1.9956e+14	1.5325e-17	5.3902e-17
1.9973e+14	-3.9023e-17	5.7679e-17
1.9989e+14	3.8545e-17	5.4487e-17
2.0005e+14	4.4872e-17	5.2178e-17
2.0022e+14	-3.5014e-17	5.8254e-17
2.0038e+14	9.6166e-18	6.1136e-17
2.0055e+14	6.2198e-17	5.7337e-17
2.0071e+14	-1.5393e-17	5.8015e-17
2.0088e+14	-2.0709e-17	6.1799e-17
2.0104e+14	5.9078e-17	5.8614e-17
2.0121e+14	1.3965e-17	5.1907e-17
2.0137e+14	-3.8263e-17	5.0625e-17
2.0154e+14	3.9845e-17	5.4155e-17
2.017e+14	4.494e-17	5.6905e-17
2.0187e+14	-3.5852e-17	5.5689e-17
2.0203e+14	8.1831e-18	5.2388e-17
2.022e+14	6.0218e-17	5.1698e-17
2.0236e+14	-1.7503e-17	5.2235e-17
2.0253e+14	-2.2602e-17	4.9333e-17
2.0269e+14	5.8129e-17	4.716e-17
2.0286e+14	1.4116e-17	5.0677e-17
2.0302e+14	-3.8823e-17	5.3884e-17
2.0319e+14	3.792e-17	5.3239e-17
2.0335e+14	4.3717e-17	5.414e-17
2.0352e+14	-3.6149e-17	5.4958e-17
2.0368e+14	7.2295e-18	5.0251e-17
2.0385e+14	6.0166e-17	4.6436e-17
2.0401e+14	-1.5166e-17	4.9077e-17
2.0418e+14	-2.1084e-17	5.068e-17
2.0434e+14	5.7206e-17	4.8067e-17
2.0451e+14	1.4074e-17	4.7276e-17
2.0467e+14	-3.7515e-17	4.7197e-17
2.0484e+14	3.7302e-17	4.4133e-17
2.05e+14	4.1783e-17	4.3416e-17
2.0517e+14	-3.6765e-17	4.7295e-17
2.0533e+14	6.7802e-18	4.9615e-17
2.055e+14	5.8883e-17	5.0024e-17
2.0566e+14	-1.5396e-17	5.2355e-17
2.0583e+14	-2.0467e-17	5.3164e-17
2.0599e+14	5.663e-17	4.9175e-17
2.0616e+14	1.3059e-17	4.504e-17
2.0632e+14	-3.7382e-17	4.5119e-17
2.0649e+14	3.8433e-17	4.8506e-17
2.0665e+14	4.4073e-17	5.1221e-17
2.0682e+14	-3.3868e-17	4.8812e-17
2.0698e+14	7.3725e-18	4.3508e-17
2.0715e+14	5.6406e-17	4.2922e-17
2.0731e+14	-1.7724e-17	4.5468e-17
2.0748e+14	-2.0835e-17	4.3162e-17
2.0764e+14	5.6872e-17	3.8931e-17
2.0781e+14	1.2813e-17	3.9706e-17
2.0797e+14	-3.8454e-17	4.1919e-17
2.0814e+14	3.6191e-17	4.2819e-17
2.083e+14	4.1366e-17	4.6536e-17
2.0847e+14	-3.5752e-17	4.9106e-17
2.0863e+14	7.1051e-18	4.3601e-17
2.088e+14	5.8142e-17	3.7544e-17
2.0896e+14	-1.5326e-17	3.9597e-17
2.0913e+14	-2.0401e-17	4.3714e-17
2.0929e+14	5.5718e-17	4.4622e-17
2.0946e+14	1.2877e-17	4.5802e-17
2.0962e+14	-3.7444e-17	4.5537e-17
2.0979e+14	3.5947e-17	4.0061e-17
2.0995e+14	4.0432e-17	3.5444e-17
2.1012e+14	-3.621e-17	3.68e-17
2.1028e+14	6.387e-18	3.9606e-17
2.1045e+14	5.7266e-17	4.11e-17
2.1061e+14	-1.5619e-17	4.2626e-17
2.1078e+14	-2.0962e-17	4.2151e-17
2.1094e+14	5.4959e-17	3.9734e-17
2.1111e+14	1.3306e-17	4.0545e-17
2.1127e+14	-3.6924e-17	4.3914e-17
2.1143e+14	3.5239e-17	4.3745e-17
2.116e+14	4.0581e-17	4.0871e-17
2.1176e+14	-3.4627e-17	4.052e-17
2.1193e+14	6.2612e-18	4.1348e-17
2.1209e+14	5.5164e-17	3.8488e-17
2.1226e+14	-1.68e-17	3.3116e-17
2.1242e+14	-2.1408e-17	3.139e-17
2.1259e+14	5.3785e-17	3.5008e-17
2.1275e+14	1.2625e-17	3.8088e-17
2.1292e+14	-3.686e-17	3.6926e-17
2.1308e+14	3.4409e-17	3.6433e-17
2.1325e+14	3.9596e-17	3.9443e-17
2.1341e+14	-3.4493e-17	4.0227e-17
2.1358e+14	6.2287e-18	3.7361e-17
2.1374e+14	5.4881e-17	3.7627e-17
2.1391e+14	-1.5758e-17	4.1057e-17
2.1407e+14	-2.0574e-17	4.0473e-17
2.1424e+14	5.2197e-17	3.6189e-17
2.144e+14	1.0638e-17	3.3496e-17
2.1457e+14	-3.6873e-17	3.2123e-17
2.1473e+14	3.519e-17	3.1148e-17
2.149e+14	3.9795e-17	3.29e-17
2.1506e+14	-3.4748e-17	3.6275e-17
2.1523e+14	5.5052e-18	3.7726e-17
2.1539e+14	5.4127e-17	3.6715e-17
2.1556e+14	-1.5908e-17	3.3667e-17
2.1572e+14	-2.074e-17	3.0739e-17
2.1589e+14	5.2157e-17	3.2839e-17
2.1605e+14	1.196e-17	3.7923e-17
2.1622e+14	-3.5559e-17	3.7098e-17
2.1638e+14	3.4316e-17	3.1289e-17
2.1655e+14	3.8589e-17	3.0235e-17
2.1671e+14	-3.3967e-17	3.4131e-17
2.1688e+14	6.4093e-18	3.555e-17
2.1704e+14	5.3481e-17	3.3745e-17
2.1721e+14	-1.6542e-17	3.1792e-17
2.1737e+14	-2.0794e-17	2.9904e-17
2.1754e+14	5.1425e-17	2.8818e-17
2.177e+14	1.0892e-17	2.9158e-17
2.1787e+14	-3.5816e-17	2.9263e-17
2.1803e+14	3.4588e-17	2.9951e-17
2.182e+14	3.8652e-17	3.2753e-17
2.1836e+14	-3.4473e-17	3.4272e-17
2.1853e+14	5.5141e-18	3.2901e-17
2.1869e+14	5.334e-17	3.2816e-17
2.1886e+14	-1.5521e-17	3.4357e-17
2.1902e+14	-1.9846e-17	3.3763e-17
2.1919e+14	5.195e-17	3.2181e-17
2.1935e+14	1.1439e-17	3.1658e-17
2.1952e+14	-3.6311e-17	3.0291e-17
2.1968e+14	3.2999e-17	2.914e-17
2.1985e+14	3.837e-17	3.0481e-17
2.2001e+14	-3.3583e-17	3.0354e-17
2.2018e+14	4.8324e-18	2.6938e-17
2.2034e+14	5.1886e-17	2.611e-17
2.2051e+14	-1.5268e-17	2.9177e-17
2.2067e+14	-1.93e-17	3.0965e-17
2.2084e+14	5.1367e-17	3.1064e-17
2.21e+14	1.1724e-17	3.1217e-17
2.2117e+14	-3.5148e-17	2.9822e-17
2.2133e+14	3.2574e-17	2.8693e-17
2.215e+14	3.7415e-17	3.0572e-17
2.2166e+14	-3.2611e-17	3.0585e-17
2.2183e+14	6.2801e-18	2.6264e-17
2.2199e+14	5.1861e-17	2.4636e-17
2.2216e+14	-1.589e-17	2.7632e-17
2.2232e+14	-2.0009e-17	2.9019e-17
2.2248e+14	5.0246e-17	2.8403e-17
2.2265e+14	1.1234e-17	2.8502e-17
2.2281e+14	-3.4448e-17	2.6666e-17
2.2298e+14	3.3388e-17	2.3801e-17
2.2314e+14	3.7749e-17	2.5231e-17
2.2331e+14	-3.3017e-17	2.7881e-17
2.2347e+14	4.8743e-18	2.6232e-17
2.2364e+14	5.0908e-17	2.4491e-17
2.238e+14	-1.5325e-17	2.6077e-17
2.2397e+14	-1.9897e-17	2.6345e-17
2.2413e+14	4.8902e-17	2.4727e-17
2.243e+14	1.0569e-17	2.5327e-17
2.2446e+14	-3.4139e-17	2.633e-17
2.2463e+14	3.2656e-17	2.5045e-17
2.2479e+14	3.659e-17	2.4425e-17
2.2496e+14	-3.2792e-17	2.5583e-17
2.2512e+14	5.5447e-18	2.6268e-17
2.2529e+14	5.08e-17	2.6718e-17
2.2545e+14	-1.5689e-17	2.6942e-17
2.2562e+14	-2.0404e-17	2.5763e-17
2.2578e+14	4.8289e-17	2.5564e-17
2.2595e+14	1.0607e-17	2.7289e-17
2.2611e+14	-3.4158e-17	2.6546e-17
2.2628e+14	3.1509e-17	2.3293e-17
2.2644e+14	3.5651e-17	2.2597e-17
2.2661e+14	-3.27e-17	2.3437e-17
2.2677e+14	5.1022e-18	2.2052e-17
2.2694e+14	4.99e-17	2.0935e-17
2.271e+14	-1.5489e-17	2.2152e-17
2.2727e+14	-2.0156e-17	2.3129e-17
2.2743e+14	4.7421e-17	2.3911e-17
2.276e+14	1.0354e-17	2.5365e-17
2.2776e+14	-3.3456e-17	2.4469e-17
2.2793e+14	3.1109e-17	2.1619e-17
2.2809e+14	3.479e-17	2.1381e-17
2.2826e+14	-3.191e-17	2.2778e-17
2.2842e+14	6.2651e-18	2.2496e-17
2.2859e+14	4.9571e-17	2.2474e-17
2.2875e+14	-1.6069e-17	2.3496e-17
2.2892e+14	-1.9876e-17	2.2767e-17
2.2908e+14	4.7575e-17	2.1674e-17
2.2925e+14	1.0115e-17	2.2863e-17
2.2941e+14	-3.3199e-17	2.4162e-17
2.2958e+14	3.1816e-17	2.4461e-17
2.2974e+14	3.4935e-17	2.4702e-17
2.2991e+14	-3.2848e-17	2.2446e-17
2.3007e+14	5.263e-18	1.8406e-17
2.3024e+14	5.0068e-17	1.9008e-17
2.304e+14	-1.4727e-17	2.2922e-17
2.3057e+14	-1.9725e-17	2.2278e-17
2.3073e+14	4.701e-17	1.9144e-17
2.309e+14	1.026e-17	2.0312e-17
2.3106e+14	-3.3586e-17	2.2656e-17
2.3123e+14	3.0454e-17	2.1478e-17
2.3139e+14	3.5242e-17	1.9827e-17
2.3156e+14	-3.1003e-17	1.964e-17
2.3172e+14	5.2253e-18	1.9406e-17
2.3189e+14	4.8819e-17	2.0272e-17
2.3205e+14	-1.3897e-17	2.1824e-17
2.3222e+14	-1.8205e-17	2.0848e-17
2.3238e+14	4.6518e-17	1.9562e-17
2.3255e+14	9.4718e-18	2.1631e-17
2.3271e+14	-3.3209e-17	2.3638e-17
2.3288e+14	3.0012e-17	2.2602e-17
2.3304e+14	3.3684e-17	2.1329e-17
2.3321e+14	-3.1508e-17	2.0644e-17
2.3337e+14	5.8311e-18	1.9597e-17
2.3353e+14	4.8997e-17	2.0204e-17
2.337e+14	-1.4417e-17	2.1605e-17
2.3386e+14	-1.8989e-17	2.0301e-17
2.3403e+14	4.6057e-17	1.8946e-17
2.3419e+14	9.9041e-18	2.0487e-17
2.3436e+14	-3.256e-17	2.0507e-17
2.3452e+14	3.0171e-17	1.7984e-17
2.3469e+14	3.4148e-17	1.8489e-17
2.3485e+14	-3.0841e-17	2.0868e-17
2.3502e+14	5.3033e-18	1.9798e-17
2.3518e+14	4.7974e-17	1.8105e-17
2.3535e+14	-1.432e-17	1.9194e-17
2.3551e+14	-1.851e-17	1.9311e-17
2.3568e+14	4.6362e-17	1.7909e-17
2.3584e+14	1.1094e-17	1.8767e-17
2.3601e+14	-3.149e-17	1.9686e-17
2.3617e+14	2.9331e-17	1.7603e-17
2.3634e+14	3.3134e-17	1.623e-17
2.365e+14	-3.027e-17	1.7383e-17
2.3667e+14	5.6312e-18	1.7617e-17
2.3683e+14	4.746e-17	1.6607e-17
2.37e+14	-1.3557e-17	1.6113e-17
2.3716e+14	-1.7199e-17	1.552e-17
2.3733e+14	4.5467e-17	1.584e-17
2.3749e+14	8.9956e-18	1.8124e-17
2.3766e+14	-3.1974e-17	1.8747e-17
2.3782e+14	3.0127e-17	1.6842e-17
2.3799e+14	3.3389e-17	1.7212e-17
2.3815e+14	-3.0663e-17	1.9301e-17
2.3832e+14	5.3868e-18	1.7978e-17
2.3848e+14	4.736e-17	1.5136e-17
2.3865e+14	-1.4389e-17	1.5113e-17
2.3881e+14	-1.8834e-17	1.5839e-17
2.3898e+14	4.4942e-17	1.5701e-17
2.3914e+14	1.0497e-17	1.693e-17
2.3931e+14	-3.0885e-17	1.8142e-17
2.3947e+14	2.942e-17	1.6916e-17
2.3964e+14	3.3152e-17	1.6213e-17
2.398e+14	-2.9905e-17	1.7738e-17
2.3997e+14	4.6234e-18	1.8103e-17
2.4013e+14	4.558e-17	1.659e-17
2.403e+14	-1.4362e-17	1.5841e-17
2.4046e+14	-1.7962e-17	1.5781e-17
2.4063e+14	4.4183e-17	1.5389e-17
2.4079e+14	9.1222e-18	1.5322e-17
2.4096e+14	-3.1306e-17	1.5362e-17
2.4112e+14	2.9198e-17	1.5438e-17
2.4129e+14	3.276e-17	1.67e-17
2.4145e+14	-2.9897e-17	1.7585e-17
2.4162e+14	4.8084e-18	1.577e-17
2.4178e+14	4.5853e-17	1.4002e-17
2.4195e+14	-1.3817e-17	1.5533e-17
2.4211e+14	-1.7872e-17	1.7975e-17
2.4228e+14	4.3792e-17	1.8237e-17
2.4244e+14	9.2789e-18	1.6849e-17
2.4261e+14	-3.1235e-17	1.494e-17
2.4277e+14	2.8159e-17	1.3595e-17
2.4294e+14	3.1992e-17	1.415e-17
2.431e+14	-2.9613e-17	1.5214e-17
2.4327e+14	4.4214e-18	1.4575e-17
2.4343e+14	4.4627e-17	1.3662e-17
2.436e+14	-1.4262e-17	1.4056e-17
2.4376e+14	-1.8027e-17	1.4084e-17
2.4393e+14	4.3095e-17	1.335e-17
2.4409e+14	9.4771e-18	1.3823e-17
2.4426e+14	-3.0024e-17	1.5095e-17
2.4442e+14	2.8329e-17	1.5329e-17
2.4458e+14	3.1378e-17	1.4976e-17
2.4475e+14	-2.9192e-17	1.485e-17
2.4491e+14	5.2959e-18	1.4409e-17
2.4508e+14	4.4975e-17	1.3779e-17
2.4524e+14	-1.3376e-17	1.3768e-17
2.4541e+14	-1.6379e-17	1.4306e-17
2.4557e+14	4.3898e-17	1.4616e-17
2.4574e+14	9.0753e-18	1.4046e-17
2.459e+14	-3.0251e-17	1.3388e-17
2.4607e+14	2.9076e-17	1.4508e-17
2.4623e+14	3.2386e-17	1.6381e-17
2.464e+14	-2.9197e-17	1.5732e-17
2.4656e+14	4.2431e-18	1.3568e-17
2.4673e+14	4.4158e-17	1.3481e-17
2.4689e+14	-1.3933e-17	1.4152e-17
2.4706e+14	-1.7721e-17	1.301e-17
2.4722e+14	4.2828e-17	1.2427e-17
2.4739e+14	9.6002e-18	1.3584e-17
2.4755e+14	-3.0195e-17	1.3288e-17
2.4772e+14	2.7149e-17	1.1881e-17
2.4788e+14	3.1139e-17	1.2546e-17
2.4805e+14	-2.8336e-17	1.3477e-17
2.4821e+14	4.7233e-18	1.2305e-17
2.4838e+14	4.3569e-17	1.1851e-17
2.4854e+14	-1.3764e-17	1.3126e-17
2.4871e+14	-1.7409e-17	1.3016e-17
2.4887e+14	4.1882e-17	1.1861e-17
2.4904e+14	8.91e-18	1.2172e-17
2.492e+14	-2.9484e-17	1.2677e-17
2.4937e+14	2.7819e-17	1.2222e-17
2.4953e+14	3.1107e-17	1.2354e-17
2.497e+14	-2.834e-17	1.2506e-17
2.4986e+14	4.7356e-18	1.1299e-17
2.5003e+14	4.3623e-17	1.0725e-17
2.5019e+14	-1.3151e-17	1.2055e-17
2.5036e+14	-1.6588e-17	1.3291e-17
2.5052e+14	4.2504e-17	1.3479e-17
2.5069e+14	9.5431e-18	1.3111e-17
2.5085e+14	-2.9355e-17	1.222e-17
2.5102e+14	2.7185e-17	1.1891e-17
2.5118e+14	3.0872e-17	1.2478e-17
2.5135e+14	-2.8193e-17	1.1724e-17
2.5151e+14	3.9771e-18	1.0115e-17
2.5168e+14	4.28e-17	1.0893e-17
2.5184e+14	-1.2824e-17	1.2217e-17
2.5201e+14	-1.6773e-17	1.0593e-17
2.5217e+14	4.0914e-17	9.2873e-18
2.5234e+14	8.6265e-18	1.1293e-17
2.525e+14	-2.9242e-17	1.2544e-17
2.5267e+14	2.6606e-17	1.1138e-17
2.5283e+14	3.0394e-17	1.063e-17
2.53e+14	-2.7097e-17	1.1116e-17
2.5316e+14	5.1332e-18	1.0465e-17
2.5333e+14	4.2929e-17	1.049e-17
2.5349e+14	-1.2178e-17	1.1634e-17
2.5366e+14	-1.5242e-17	1.1172e-17
2.5382e+14	4.192e-17	1.0611e-17
2.5399e+14	8.9164e-18	1.2575e-17
2.5415e+14	-2.9189e-17	1.3685e-17
2.5432e+14	2.6331e-17	1.1757e-17
2.5448e+14	3.0239e-17	1.0758e-17
2.5465e+14	-2.6802e-17	1.1888e-17
2.5481e+14	4.9949e-18	1.1891e-17
2.5498e+14	4.1999e-17	1.091e-17
2.5514e+14	-1.3259e-17	1.0899e-17
2.5531e+14	-1.6372e-17	1.0936e-17
2.5547e+14	4.0947e-17	1.0744e-17
2.5563e+14	8.8692e-18	1.124e-17
2.558e+14	-2.872e-17	1.1102e-17
2.5596e+14	2.6391e-17	1.0021e-17
2.5613e+14	3.0265e-17	1.0272e-17
2.5629e+14	-2.6629e-17	1.1199e-17
2.5646e+14	4.7426e-18	1.0415e-17
2.5662e+14	4.2084e-17	9.3967e-18
2.5679e+14	-1.2073e-17	9.7977e-18
2.5695e+14	-1.5526e-17	9.8903e-18
2.5712e+14	4.0644e-17	9.5037e-18
2.5728e+14	8.7552e-18	1.0257e-17
2.5745e+14	-2.8471e-17	1.085e-17
2.5761e+14	2.5996e-17	9.9758e-18
2.5778e+14	2.9867e-17	9.5019e-18
2.5794e+14	-2.639e-17	9.9516e-18
2.5811e+14	4.6743e-18	9.7236e-18
2.5827e+14	4.1774e-17	9.3121e-18
2.5844e+14	-1.1734e-17	9.7599e-18
2.586e+14	-1.5291e-17	1.0104e-17
2.5877e+14	4.0351e-17	9.872e-18
2.5893e+14	9.203e-18	9.3295e-18
2.591e+14	-2.7448e-17	8.1965e-18
2.5926e+14	2.6281e-17	7.8223e-18
2.5943e+14	3.0092e-17	9.6146e-18
2.5959e+14	-2.5559e-17	1.0985e-17
2.5976e+14	4.7536e-18	9.8518e-18
2.5992e+14	4.1003e-17	9.0178e-18
2.6009e+14	-1.1866e-17	9.8696e-18
2.6025e+14	-1.5226e-17	9.762e-18
2.6042e+14	3.9719e-17	8.7112e-18
2.6058e+14	9.1953e-18	9.0588e-18
2.6075e+14	-2.631e-17	9.8076e-18
2.6091e+14	2.6848e-17	9.5529e-18
2.6108e+14	2.9648e-17	9.6705e-18
2.6124e+14	-2.5828e-17	1.0078e-17
2.6141e+14	4.8239e-18	9.3329e-18
2.6157e+14	4.1015e-17	8.7127e-18
2.6174e+14	-1.1865e-17	9.3963e-18
2.619e+14	-1.5419e-17	9.9264e-18
2.6207e+14	3.9443e-17	1.0034e-17
2.6223e+14	9.2213e-18	1.0517e-17
2.624e+14	-2.6768e-17	1.0252e-17
2.6256e+14	2.5467e-17	9.1511e-18
2.6273e+14	2.8969e-17	9.1541e-18
2.6289e+14	-2.5122e-17	9.6532e-18
2.6306e+14	5.259e-18	9.0166e-18
2.6322e+14	4.0713e-17	8.7767e-18
2.6339e+14	-1.1877e-17	9.6271e-18
2.6355e+14	-1.5545e-17	9.2442e-18
2.6372e+14	3.8651e-17	7.9605e-18
2.6388e+14	8.7795e-18	8.3603e-18
2.6405e+14	-2.669e-17	9.4655e-18
2.6421e+14	2.5085e-17	9.2341e-18
2.6438e+14	2.845e-17	8.79e-18
2.6454e+14	-2.5142e-17	8.9813e-18
2.6471e+14	5.3527e-18	8.935e-18
2.6487e+14	4.1191e-17	9.1116e-18
2.6504e+14	-1.07e-17	9.774e-18
2.652e+14	-1.4962e-17	9.3359e-18
2.6537e+14	3.8316e-17	8.0588e-18
2.6553e+14	9.1539e-18	8.0363e-18
2.657e+14	-2.5632e-17	8.9222e-18
2.6586e+14	2.5511e-17	9.1418e-18
2.6603e+14	2.8907e-17	8.957e-18
2.6619e+14	-2.4176e-17	8.826e-18
2.6636e+14	5.1849e-18	8.5322e-18
2.6652e+14	4.0015e-17	8.3679e-18
2.6668e+14	-1.0652e-17	8.1365e-18
2.6685e+14	-1.4068e-17	7.4556e-18
2.6701e+14	3.8034e-17	7.4893e-18
2.6718e+14	8.2076e-18	8.4325e-18
2.6734e+14	-2.5969e-17	8.285e-18
2.6751e+14	2.5251e-17	7.388e-18
2.6767e+14	2.8481e-17	8.0953e-18
2.6784e+14	-2.4035e-17	9.2081e-18
2.68e+14	5.6131e-18	8.3408e-18
2.6817e+14	3.9907e-17	7.1999e-18
2.6833e+14	-1.1124e-17	7.6165e-18
2.685e+14	-1.4101e-17	7.9372e-18
2.6866e+14	3.9018e-17	7.5806e-18
2.6883e+14	9.6649e-18	8.0068e-18
2.6899e+14	-2.5507e-17	8.541e-18
2.6916e+14	2.4901e-17	7.9662e-18
2.6932e+14	2.9111e-17	7.5752e-18
2.6949e+14	-2.2865e-17	8.1015e-18
2.6965e+14	5.4422e-18	8.2592e-18
2.6982e+14	3.943e-17	7.871e-18
2.6998e+14	-1.0196e-17	7.8001e-18
2.7015e+14	-1.3358e-17	7.8848e-18
2.7031e+14	3.8335e-17	7.8859e-18
2.7048e+14	9.3355e-18	8.0196e-18
2.7064e+14	-2.5067e-17	8.075e-18
2.7081e+14	2.4489e-17	8.091e-18
2.7097e+14	2.8359e-17	8.268e-18
2.7114e+14	-2.2774e-17	7.9591e-18
2.713e+14	5.2061e-18	7.2554e-18
2.7147e+14	3.8398e-17	7.4611e-18
2.7163e+14	-1.054e-17	8.238e-18
2.718e+14	-1.3285e-17	8.1313e-18
2.7196e+14	3.7434e-17	7.6181e-18
2.7213e+14	8.4133e-18	7.5173e-18
2.7229e+14	-2.4737e-17	7.1559e-18
2.7246e+14	2.5015e-17	6.7872e-18
2.7262e+14	2.8038e-17	7.3103e-18
2.7279e+14	-2.3256e-17	7.6506e-18
2.7295e+14	5.5055e-18	7.0589e-18
2.7312e+14	3.962e-17	6.9005e-18
2.7328e+14	-9.3591e-18	7.2369e-18
2.7345e+14	-1.3374e-17	6.9705e-18
2.7361e+14	3.6759e-17	7.2139e-18
2.7378e+14	8.625e-18	8.5979e-18
2.7394e+14	-2.4569e-17	8.8159e-18
2.7411e+14	2.3952e-17	7.445e-18
2.7427e+14	2.7459e-17	7.1212e-18
2.7444e+14	-2.2385e-17	8.0541e-18
2.746e+14	5.5559e-18	8.1667e-18
2.7477e+14	3.8082e-17	7.4879e-18
2.7493e+14	-1.0229e-17	7.0309e-18
2.751e+14	-1.2903e-17	6.7931e-18
2.7526e+14	3.7378e-17	7.1485e-18
2.7543e+14	9.5266e-18	7.9927e-18
2.7559e+14	-2.3187e-17	7.8234e-18
2.7576e+14	2.4624e-17	6.843e-18
2.7592e+14	2.7308e-17	6.8552e-18
2.7609e+14	-2.2104e-17	7.402e-18
2.7625e+14	6.4068e-18	7.2103e-18
2.7642e+14	3.8848e-17	7.2129e-18
2.7658e+14	-9.5996e-18	7.8112e-18
2.7675e+14	-1.249e-17	7.6554e-18
2.7691e+14	3.733e-17	7.0297e-18
2.7708e+14	9.2177e-18	7.1971e-18
2.7724e+14	-2.3425e-17	7.4725e-18
2.7741e+14	2.4879e-17	7.1959e-18
2.7757e+14	2.8264e-17	7.1896e-18
2.7774e+14	-2.1582e-17	7.3168e-18
2.779e+14	5.427e-18	6.8571e-18
2.7806e+14	3.758e-17	6.54e-18
2.7823e+14	-9.9552e-18	6.8149e-18
2.7839e+14	-1.2949e-17	6.8904e-18
2.7856e+14	3.6508e-17	6.7931e-18
2.7872e+14	9.4271e-18	7.0091e-18
2.7889e+14	-2.2816e-17	7.0775e-18
2.7905e+14	2.3934e-17	6.8505e-18
2.7922e+14	2.6429e-17	6.713e-18
2.7938e+14	-2.268e-17	6.5024e-18
2.7955e+14	4.667e-18	6.5602e-18
2.7971e+14	3.6774e-17	7.4233e-18
2.7988e+14	-1.0085e-17	7.7639e-18
2.8004e+14	-1.272e-17	6.6598e-18
2.8021e+14	3.6254e-17	6.0145e-18
2.8037e+14	8.9547e-18	6.7398e-18
2.8054e+14	-2.3242e-17	6.987e-18
2.807e+14	2.3636e-17	6.4405e-18
2.8087e+14	2.7082e-17	6.541e-18
2.8103e+14	-2.1184e-17	6.9173e-18
2.812e+14	5.4896e-18	6.8556e-18
2.8136e+14	3.6786e-17	7.0253e-18
2.8153e+14	-9.8657e-18	6.9596e-18
2.8169e+14	-1.2672e-17	5.9222e-18
2.8186e+14	3.5712e-17	5.5519e-18
2.8202e+14	8.8359e-18	6.5723e-18
2.8219e+14	-2.2882e-17	6.9762e-18
2.8235e+14	2.3334e-17	6.5219e-18
2.8252e+14	2.6382e-17	6.7991e-18
2.8268e+14	-2.1378e-17	7.0585e-18
2.8285e+14	5.5493e-18	6.3206e-18
2.8301e+14	3.6977e-17	6.0775e-18
2.8318e+14	-9.2919e-18	6.5819e-18
2.8334e+14	-1.2428e-17	6.2309e-18
2.8351e+14	3.524e-17	5.5786e-18
2.8367e+14	8.6515e-18	5.8763e-18
2.8384e+14	-2.2307e-17	6.1161e-18
2.84e+14	2.4104e-17	5.8194e-18
2.8417e+14	2.6934e-17	6.0007e-18
2.8433e+14	-2.1637e-17	6.2881e-18
2.845e+14	4.3801e-18	6.1092e-18
2.8466e+14	3.658e-17	6.3671e-18
2.8483e+14	-8.1217e-18	6.7592e-18
2.8499e+14	-1.157e-17	6.1973e-18
2.8516e+14	3.511e-17	5.8208e-18
2.8532e+14	9.1521e-18	6.3975e-18
2.8549e+14	-2.1519e-17	6.271e-18
2.8565e+14	2.3485e-17	5.3946e-18
2.8582e+14	2.5948e-17	5.5012e-18
2.8598e+14	-2.1389e-17	5.9483e-18
2.8615e+14	4.8158e-18	5.6479e-18
2.8631e+14	3.6301e-17	5.8776e-18
2.8648e+14	-8.3943e-18	6.665e-18
2.8664e+14	-1.1925e-17	6.2288e-18
2.8681e+14	3.4381e-17	5.3341e-18
2.8697e+14	8.9818e-18	5.7029e-18
2.8714e+14	-2.1183e-17	6.2822e-18
2.873e+14	2.3271e-17	6.118e-18
2.8747e+14	2.5918e-17	6.2245e-18
2.8763e+14	-2.0191e-17	6.5527e-18
2.878e+14	6.1428e-18	6.3692e-18
2.8796e+14	3.6907e-17	6.3115e-18
2.8813e+14	-7.7387e-18	6.4039e-18
2.8829e+14	-1.1286e-17	5.9212e-18
2.8846e+14	3.42e-17	5.7567e-18
2.8862e+14	8.4233e-18	6.2938e-18
2.8879e+14	-2.1414e-17	5.8918e-18
2.8895e+14	2.3308e-17	4.8172e-18
2.8911e+14	2.6131e-17	5.1167e-18
2.8928e+14	-2.0296e-17	6.0419e-18
2.8944e+14	5.0945e-18	5.862e-18
2.8961e+14	3.582e-17	5.5495e-18
2.8977e+14	-7.8496e-18	5.8099e-18
2.8994e+14	-1.1287e-17	5.5476e-18
2.901e+14	3.4003e-17	5.2012e-18
2.9027e+14	9.2624e-18	5.8167e-18
2.9043e+14	-2.0254e-17	6.2344e-18
2.906e+14	2.2729e-17	5.7042e-18
2.9076e+14	2.4708e-17	5.3971e-18
2.9093e+14	-2.0389e-17	5.5433e-18
2.9109e+14	5.6652e-18	5.6287e-18
2.9126e+14	3.5539e-17	6.0771e-18
2.9142e+14	-8.5835e-18	6.5335e-18
2.9159e+14	-1.1998e-17	6.1312e-18
2.9175e+14	3.2959e-17	5.8316e-18
2.9192e+14	8.2973e-18	6.273e-18
2.9208e+14	-2.0362e-17	6.1354e-18
2.9225e+14	2.3281e-17	5.5275e-18
2.9241e+14	2.5213e-17	5.8732e-18
2.9258e+14	-2.0308e-17	6.2961e-18
2.9274e+14	5.678e-18	5.6519e-18
2.9291e+14	3.6203e-17	5.2166e-18
2.9307e+14	-7.5987e-18	5.4699e-18
2.9324e+14	-1.154e-17	5.3084e-18
2.934e+14	3.3616e-17	5.2079e-18
2.9357e+14	9.8256e-18	5.7547e-18
2.9373e+14	-1.9586e-17	5.73e-18
2.939e+14	2.2683e-17	5.2577e-18
2.9406e+14	2.5345e-17	5.6729e-18
2.9423e+14	-1.9452e-17	6.0088e-18
2.9439e+14	4.7698e-18	5.3708e-18
2.9456e+14	3.4513e-17	5.3525e-18
2.9472e+14	-6.9636e-18	6.0072e-18
2.9489e+14	-9.7831e-18	5.59e-18
2.9505e+14	3.3391e-17	5.0042e-18
2.9522e+14	8.2538e-18	5.6045e-18
2.9538e+14	-2.0664e-17	5.7988e-18
2.9555e+14	2.1825e-17	5.1218e-18
2.9571e+14	2.4716e-17	5.3646e-18
2.9588e+14	-1.8978e-17	5.831e-18
2.9604e+14	5.735e-18	4.9877e-18
2.9621e+14	3.4797e-17	4.5155e-18
2.9637e+14	-7.3303e-18	5.3696e-18
2.9654e+14	-1.0392e-17	5.5484e-18
2.967e+14	3.3063e-17	4.9716e-18
2.9687e+14	8.8504e-18	5.2576e-18
2.9703e+14	-1.9654e-17	5.5271e-18
2.972e+14	2.2457e-17	4.9777e-18
2.9736e+14	2.5631e-17	5.1456e-18
2.9753e+14	-1.7624e-17	5.8856e-18
2.9769e+14	6.009e-18	5.5811e-18
2.9786e+14	3.3851e-17	5.1743e-18
2.9802e+14	-7.8455e-18	5.7002e-18
2.9819e+14	-1.0308e-17	5.6295e-18
2.9835e+14	3.2821e-17	4.7846e-18
2.9852e+14	8.6234e-18	4.9013e-18
2.9868e+14	-1.9498e-17	5.4828e-18
2.9885e+14	2.2365e-17	5.2009e-18
2.9901e+14	2.5254e-17	4.9751e-18
2.9918e+14	-1.7862e-17	5.3552e-18
2.9934e+14	5.8452e-18	5.3431e-18
2.9951e+14	3.4222e-17	5.1549e-18
2.9967e+14	-6.4983e-18	5.4305e-18
2.9984e+14	-9.3274e-18	5.3761e-18
3e+14	3.2284e-17	4.9249e-18
