#Error on normalization	O = 1.905 %	H = 2.268 %
#Frequence (s-1)	S_O (s)	S_H (s)
0	3.0029e-14	7.2555e-15
2.0506e+11	3.0746e-14	7.1384e-15
4.1012e+11	3.3342e-14	7.1045e-15
6.1517e+11	3.5097e-14	7.2547e-15
8.2023e+11	3.2312e-14	7.2794e-15
1.0253e+12	2.9016e-14	7.3956e-15
1.2303e+12	2.987e-14	7.6288e-15
1.4354e+12	3.1746e-14	7.48e-15
1.6405e+12	3.3878e-14	7.4944e-15
1.8455e+12	4.0341e-14	8.5664e-15
2.0506e+12	4.7468e-14	9.8083e-15
2.2556e+12	4.8767e-14	1.0002e-14
2.4607e+12	4.7551e-14	9.6109e-15
2.6658e+12	4.7758e-14	9.3658e-15
2.8708e+12	4.7672e-14	9.3348e-15
3.0759e+12	5.0352e-14	9.6747e-15
3.2809e+12	5.6918e-14	1.0036e-14
3.486e+12	5.6056e-14	9.8695e-15
3.691e+12	4.6266e-14	1.0087e-14
3.8961e+12	4.5733e-14	1.1265e-14
4.1012e+12	5.7349e-14	1.1742e-14
4.3062e+12	6.0685e-14	1.0997e-14
4.5113e+12	5.2381e-14	1.1081e-14
4.7163e+12	4.9834e-14	1.2246e-14
4.9214e+12	5.415e-14	1.2519e-14
5.1265e+12	5.3933e-14	1.1962e-14
5.3315e+12	5.2619e-14	1.1958e-14
5.5366e+12	5.6083e-14	1.2259e-14
5.7416e+12	5.7574e-14	1.2504e-14
5.9467e+12	5.569e-14	1.2996e-14
6.1517e+12	5.6952e-14	1.3076e-14
6.3568e+12	5.796e-14	1.2624e-14
6.5619e+12	5.4591e-14	1.2843e-14
6.7669e+12	5.5059e-14	1.3257e-14
6.972e+12	6.1689e-14	1.2785e-14
7.177e+12	6.3929e-14	1.2996e-14
7.3821e+12	5.9187e-14	1.4482e-14
7.5871e+12	5.4539e-14	1.4567e-14
7.7922e+12	5.2297e-14	1.3236e-14
7.9973e+12	5.3417e-14	1.3576e-14
8.2023e+12	5.8794e-14	1.4729e-14
8.4074e+12	6.0786e-14	1.3908e-14
8.6124e+12	5.5701e-14	1.2989e-14
8.8175e+12	5.4284e-14	1.4206e-14
9.0226e+12	5.909e-14	1.532e-14
9.2276e+12	5.7703e-14	1.5127e-14
9.4327e+12	5.1025e-14	1.5437e-14
9.6377e+12	5.2112e-14	1.5898e-14
9.8428e+12	5.7449e-14	1.5294e-14
1.0048e+13	5.6588e-14	1.5183e-14
1.0253e+13	5.4532e-14	1.6016e-14
1.0458e+13	5.511e-14	1.5871e-14
1.0663e+13	5.1369e-14	1.5301e-14
1.0868e+13	4.7664e-14	1.5873e-14
1.1073e+13	5.4196e-14	1.6216e-14
1.1278e+13	6.1697e-14	1.5773e-14
1.1483e+13	5.8236e-14	1.6305e-14
1.1688e+13	5.2574e-14	1.6803e-14
1.1893e+13	5.2439e-14	1.532e-14
1.2098e+13	5.0686e-14	1.4296e-14
1.2303e+13	4.7672e-14	1.568e-14
1.2509e+13	5.079e-14	1.6486e-14
1.2714e+13	5.3015e-14	1.534e-14
1.2919e+13	4.67e-14	1.5106e-14
1.3124e+13	4.2876e-14	1.6386e-14
1.3329e+13	4.9279e-14	1.7195e-14
1.3534e+13	5.438e-14	1.7741e-14
1.3739e+13	5.0471e-14	1.8473e-14
1.3944e+13	4.4968e-14	1.8009e-14
1.4149e+13	4.2794e-14	1.6951e-14
1.4354e+13	4.1784e-14	1.7452e-14
1.4559e+13	4.2494e-14	1.8561e-14
1.4764e+13	4.525e-14	1.8279e-14
1.4969e+13	4.5508e-14	1.7654e-14
1.5174e+13	4.1474e-14	1.7879e-14
1.5379e+13	3.739e-14	1.7672e-14
1.5584e+13	3.631e-14	1.658e-14
1.5789e+13	3.6612e-14	1.6279e-14
1.5995e+13	3.5901e-14	1.7185e-14
1.62e+13	3.4393e-14	1.7546e-14
1.6405e+13	3.3137e-14	1.6608e-14
1.661e+13	3.0628e-14	1.6038e-14
1.6815e+13	2.6141e-14	1.7092e-14
1.702e+13	2.4552e-14	1.8129e-14
1.7225e+13	2.8694e-14	1.7238e-14
1.743e+13	3.152e-14	1.5833e-14
1.7635e+13	2.7634e-14	1.6137e-14
1.784e+13	2.3242e-14	1.7169e-14
1.8045e+13	2.3185e-14	1.7173e-14
1.825e+13	2.2486e-14	1.6894e-14
1.8455e+13	1.9107e-14	1.7191e-14
1.866e+13	1.7686e-14	1.741e-14
1.8865e+13	1.7949e-14	1.7558e-14
1.907e+13	1.6318e-14	1.8008e-14
1.9275e+13	1.486e-14	1.8041e-14
1.9481e+13	1.5497e-14	1.766e-14
1.9686e+13	1.5235e-14	1.7703e-14
1.9891e+13	1.4017e-14	1.7457e-14
2.0096e+13	1.4515e-14	1.6416e-14
2.0301e+13	1.4584e-14	1.6163e-14
2.0506e+13	1.2085e-14	1.6733e-14
2.0711e+13	1.0395e-14	1.6084e-14
2.0916e+13	1.0853e-14	1.4918e-14
2.1121e+13	1.035e-14	1.5427e-14
2.1326e+13	9.0835e-15	1.6496e-14
2.1531e+13	9.4917e-15	1.6578e-14
2.1736e+13	1.0185e-14	1.6891e-14
2.1941e+13	9.4652e-15	1.7389e-14
2.2146e+13	8.6663e-15	1.6391e-14
2.2351e+13	8.238e-15	1.5271e-14
2.2556e+13	7.5704e-15	1.5943e-14
2.2761e+13	7.4871e-15	1.6372e-14
2.2967e+13	7.8033e-15	1.5097e-14
2.3172e+13	7.2122e-15	1.4451e-14
2.3377e+13	6.7724e-15	1.5298e-14
2.3582e+13	7.415e-15	1.5657e-14
2.3787e+13	7.125e-15	1.5315e-14
2.3992e+13	5.5344e-15	1.5472e-14
2.4197e+13	5.1223e-15	1.5861e-14
2.4402e+13	5.9294e-15	1.5977e-14
2.4607e+13	6.0702e-15	1.5649e-14
2.4812e+13	5.7912e-15	1.4422e-14
2.5017e+13	5.6108e-15	1.3659e-14
2.5222e+13	4.9304e-15	1.5292e-14
2.5427e+13	4.5562e-15	1.7115e-14
2.5632e+13	5.1781e-15	1.6054e-14
2.5837e+13	5.2029e-15	1.447e-14
2.6042e+13	4.3284e-15	1.5344e-14
2.6247e+13	4.2786e-15	1.6099e-14
2.6452e+13	4.6014e-15	1.4516e-14
2.6658e+13	4.0072e-15	1.3571e-14
2.6863e+13	3.7858e-15	1.5036e-14
2.7068e+13	4.5207e-15	1.6097e-14
2.7273e+13	4.4178e-15	1.5091e-14
2.7478e+13	3.6177e-15	1.3767e-14
2.7683e+13	3.7841e-15	1.3515e-14
2.7888e+13	4.1049e-15	1.3931e-14
2.8093e+13	3.5184e-15	1.4097e-14
2.8298e+13	3.2535e-15	1.3603e-14
2.8503e+13	3.5973e-15	1.3258e-14
2.8708e+13	3.3609e-15	1.3927e-14
2.8913e+13	2.9861e-15	1.4678e-14
2.9118e+13	3.1983e-15	1.4461e-14
2.9323e+13	3.0681e-15	1.4032e-14
2.9528e+13	2.576e-15	1.3889e-14
2.9733e+13	2.8131e-15	1.3368e-14
2.9938e+13	3.1283e-15	1.292e-14
3.0144e+13	2.5721e-15	1.3377e-14
3.0349e+13	2.1692e-15	1.365e-14
3.0554e+13	2.5282e-15	1.2855e-14
3.0759e+13	2.6992e-15	1.2318e-14
3.0964e+13	2.5109e-15	1.2914e-14
3.1169e+13	2.4668e-15	1.3737e-14
3.1374e+13	2.333e-15	1.4203e-14
3.1579e+13	2.1426e-15	1.4277e-14
3.1784e+13	2.2912e-15	1.3667e-14
3.1989e+13	2.3359e-15	1.2915e-14
3.2194e+13	2.0793e-15	1.3016e-14
3.2399e+13	2.1653e-15	1.345e-14
3.2604e+13	2.333e-15	1.3294e-14
3.2809e+13	1.9512e-15	1.3136e-14
3.3014e+13	1.7604e-15	1.3461e-14
3.3219e+13	2.188e-15	1.3416e-14
3.3424e+13	2.2314e-15	1.2767e-14
3.363e+13	1.8104e-15	1.25e-14
3.3835e+13	1.859e-15	1.2778e-14
3.404e+13	2.032e-15	1.2605e-14
3.4245e+13	1.7021e-15	1.1725e-14
3.445e+13	1.5648e-15	1.1183e-14
3.4655e+13	1.8941e-15	1.1713e-14
3.486e+13	1.9344e-15	1.2613e-14
3.5065e+13	1.7443e-15	1.2865e-14
3.527e+13	1.8244e-15	1.2526e-14
3.5475e+13	1.8296e-15	1.2055e-14
3.568e+13	1.6279e-15	1.1592e-14
3.5885e+13	1.6904e-15	1.1646e-14
3.609e+13	1.8458e-15	1.2392e-14
3.6295e+13	1.7255e-15	1.2534e-14
3.65e+13	1.6574e-15	1.1759e-14
3.6705e+13	1.7543e-15	1.2066e-14
3.691e+13	1.7053e-15	1.346e-14
3.7116e+13	1.6311e-15	1.3081e-14
3.7321e+13	1.6133e-15	1.1227e-14
3.7526e+13	1.4049e-15	1.124e-14
3.7731e+13	1.3064e-15	1.2497e-14
3.7936e+13	1.6173e-15	1.1915e-14
3.8141e+13	1.7287e-15	1.0761e-14
3.8346e+13	1.3817e-15	1.1507e-14
3.8551e+13	1.2362e-15	1.2294e-14
3.8756e+13	1.3773e-15	1.1413e-14
3.8961e+13	1.3489e-15	1.0881e-14
3.9166e+13	1.3287e-15	1.1628e-14
3.9371e+13	1.4712e-15	1.2182e-14
3.9576e+13	1.4281e-15	1.2406e-14
3.9781e+13	1.3192e-15	1.2573e-14
3.9986e+13	1.4144e-15	1.1925e-14
4.0191e+13	1.3727e-15	1.1384e-14
4.0396e+13	1.2008e-15	1.2185e-14
4.0602e+13	1.3459e-15	1.2474e-14
4.0807e+13	1.4823e-15	1.1317e-14
4.1012e+13	1.2772e-15	1.1318e-14
4.1217e+13	1.3343e-15	1.2563e-14
4.1422e+13	1.6843e-15	1.2034e-14
4.1627e+13	1.5586e-15	1.0746e-14
4.1832e+13	1.2576e-15	1.1707e-14
4.2037e+13	1.4724e-15	1.2872e-14
4.2242e+13	1.6021e-15	1.1646e-14
4.2447e+13	1.2286e-15	1.06e-14
4.2652e+13	1.1354e-15	1.1387e-14
4.2857e+13	1.4212e-15	1.1484e-14
4.3062e+13	1.3769e-15	1.0844e-14
4.3267e+13	1.2378e-15	1.2035e-14
4.3472e+13	1.4461e-15	1.3628e-14
4.3677e+13	1.4957e-15	1.2714e-14
4.3882e+13	1.2212e-15	1.0963e-14
4.4087e+13	1.1654e-15	1.0949e-14
4.4293e+13	1.265e-15	1.1503e-14
4.4498e+13	1.2006e-15	1.1129e-14
4.4703e+13	1.2124e-15	1.057e-14
4.4908e+13	1.2916e-15	1.0421e-14
4.5113e+13	1.1292e-15	1.0558e-14
4.5318e+13	1.0031e-15	1.1031e-14
4.5523e+13	1.1618e-15	1.12e-14
4.5728e+13	1.2575e-15	1.0505e-14
4.5933e+13	1.2482e-15	1.0149e-14
4.6138e+13	1.3359e-15	1.0998e-14
4.6343e+13	1.2372e-15	1.1608e-14
4.6548e+13	9.4564e-16	1.0986e-14
4.6753e+13	9.8256e-16	1.0338e-14
4.6958e+13	1.1908e-15	1.0402e-14
4.7163e+13	1.0682e-15	1.0352e-14
4.7368e+13	9.382e-16	9.8911e-15
4.7573e+13	1.1103e-15	9.5853e-15
4.7779e+13	1.1756e-15	9.5037e-15
4.7984e+13	1.0703e-15	9.5008e-15
4.8189e+13	1.094e-15	9.7764e-15
4.8394e+13	1.0428e-15	1.0137e-14
4.8599e+13	8.5242e-16	9.9923e-15
4.8804e+13	9.1555e-16	9.367e-15
4.9009e+13	1.0485e-15	8.784e-15
4.9214e+13	8.7423e-16	8.4624e-15
4.9419e+13	8.1439e-16	8.4304e-15
4.9624e+13	1.0789e-15	8.741e-15
4.9829e+13	1.1041e-15	9.0335e-15
5.0034e+13	8.8876e-16	8.7667e-15
5.0239e+13	9.2572e-16	8.1876e-15
5.0444e+13	9.8272e-16	8.0609e-15
5.0649e+13	7.8226e-16	8.3599e-15
5.0854e+13	7.2384e-16	8.3861e-15
5.1059e+13	8.4899e-16	8.071e-15
5.1265e+13	7.937e-16	7.8845e-15
5.147e+13	7.5235e-16	7.7999e-15
5.1675e+13	8.8256e-16	7.5935e-15
5.188e+13	8.0609e-16	7.4995e-15
5.2085e+13	6.1919e-16	7.5304e-15
5.229e+13	7.4508e-16	7.2332e-15
5.2495e+13	8.8596e-16	6.799e-15
5.27e+13	7.4437e-16	6.9312e-15
5.2905e+13	7.1365e-16	7.3518e-15
5.311e+13	8.472e-16	7.1526e-15
5.3315e+13	7.6354e-16	6.476e-15
5.352e+13	6.269e-16	6.1515e-15
5.3725e+13	6.7244e-16	6.161e-15
5.393e+13	6.376e-16	5.964e-15
5.4135e+13	5.6771e-16	5.6661e-15
5.434e+13	7.3755e-16	5.6653e-15
5.4545e+13	8.2555e-16	5.7889e-15
5.4751e+13	6.1002e-16	5.6668e-15
5.4956e+13	5.2766e-16	5.4227e-15
5.5161e+13	6.5231e-16	5.3183e-15
5.5366e+13	6.074e-16	5.1783e-15
5.5571e+13	5.1902e-16	4.8495e-15
5.5776e+13	6.0373e-16	4.7443e-15
5.5981e+13	6.0366e-16	5.1014e-15
5.6186e+13	5.0693e-16	5.3586e-15
5.6391e+13	5.6794e-16	5.1744e-15
5.6596e+13	6.0954e-16	5.0748e-15
5.6801e+13	5.0441e-16	5.2316e-15
5.7006e+13	5.3288e-16	5.0322e-15
5.7211e+13	6.2587e-16	4.4572e-15
5.7416e+13	5.1976e-16	4.1772e-15
5.7621e+13	4.6456e-16	4.2223e-15
5.7826e+13	5.9636e-16	4.2405e-15
5.8031e+13	5.7716e-16	4.3929e-15
5.8237e+13	4.6096e-16	4.6437e-15
5.8442e+13	5.4634e-16	4.5086e-15
5.8647e+13	6.034e-16	4.1795e-15
5.8852e+13	4.795e-16	4.1995e-15
5.9057e+13	4.7904e-16	4.2779e-15
5.9262e+13	5.4459e-16	4.0747e-15
5.9467e+13	4.3133e-16	4.0117e-15
5.9672e+13	3.9817e-16	4.1616e-15
5.9877e+13	5.2593e-16	4.0673e-15
6.0082e+13	4.584e-16	3.9136e-15
6.0287e+13	3.4331e-16	4.0211e-15
6.0492e+13	4.9739e-16	3.9627e-15
6.0697e+13	5.558e-16	3.6651e-15
6.0902e+13	3.5348e-16	3.7415e-15
6.1107e+13	3.6896e-16	4.0223e-15
6.1312e+13	5.5069e-16	3.8231e-15
6.1517e+13	4.5448e-16	3.4451e-15
6.1722e+13	3.3915e-16	3.486e-15
6.1928e+13	4.7439e-16	3.6855e-15
6.2133e+13	4.7414e-16	3.7021e-15
6.2338e+13	3.2977e-16	3.6147e-15
6.2543e+13	4.4573e-16	3.4121e-15
6.2748e+13	5.863e-16	3.271e-15
6.2953e+13	4.4184e-16	3.5466e-15
6.3158e+13	3.7522e-16	3.8209e-15
6.3363e+13	4.9272e-16	3.4947e-15
6.3568e+13	4.3086e-16	3.1014e-15
6.3773e+13	3.1573e-16	3.2926e-15
6.3978e+13	4.1714e-16	3.6193e-15
6.4183e+13	4.6938e-16	3.661e-15
6.4388e+13	3.7778e-16	3.6674e-15
6.4593e+13	4.0969e-16	3.601e-15
6.4798e+13	4.4783e-16	3.3451e-15
6.5003e+13	3.2765e-16	3.3165e-15
6.5208e+13	3.2669e-16	3.5065e-15
6.5414e+13	4.5981e-16	3.3533e-15
6.5619e+13	4.2173e-16	3.0874e-15
6.5824e+13	3.5434e-16	3.2912e-15
6.6029e+13	4.5747e-16	3.5718e-15
6.6234e+13	4.6945e-16	3.4593e-15
6.6439e+13	3.5397e-16	3.3362e-15
6.6644e+13	3.8463e-16	3.3534e-15
6.6849e+13	4.3257e-16	3.1994e-15
6.7054e+13	3.3191e-16	3.1062e-15
6.7259e+13	3.3578e-16	3.3179e-15
6.7464e+13	4.4962e-16	3.3522e-15
6.7669e+13	4.0053e-16	3.0629e-15
6.7874e+13	3.3602e-16	2.9694e-15
6.8079e+13	4.2435e-16	3.0725e-15
6.8284e+13	4.0841e-16	3.0292e-15
6.8489e+13	2.9309e-16	3.095e-15
6.8694e+13	3.6565e-16	3.4359e-15
6.89e+13	4.6266e-16	3.5631e-15
6.9105e+13	3.702e-16	3.3234e-15
6.931e+13	3.3976e-16	3.1507e-15
6.9515e+13	4.296e-16	3.1848e-15
6.972e+13	3.8144e-16	3.2638e-15
6.9925e+13	2.9432e-16	3.332e-15
7.013e+13	3.516e-16	3.2588e-15
7.0335e+13	3.7895e-16	3.0357e-15
7.054e+13	3.4992e-16	3.0494e-15
7.0745e+13	4.2468e-16	3.3622e-15
7.095e+13	4.5207e-16	3.4478e-15
7.1155e+13	3.4634e-16	3.1842e-15
7.136e+13	3.5629e-16	3.036e-15
7.1565e+13	4.413e-16	3.0976e-15
7.177e+13	3.7118e-16	3.0556e-15
7.1975e+13	3.2807e-16	2.8967e-15
7.218e+13	4.3041e-16	2.829e-15
7.2386e+13	4.0436e-16	2.9015e-15
7.2591e+13	2.9287e-16	3.0869e-15
7.2796e+13	3.6849e-16	3.3179e-15
7.3001e+13	4.3645e-16	3.4262e-15
7.3206e+13	3.2662e-16	3.3268e-15
7.3411e+13	3.2674e-16	3.1221e-15
7.3616e+13	4.4167e-16	3.0013e-15
7.3821e+13	3.8095e-16	3.0996e-15
7.4026e+13	3.0388e-16	3.2614e-15
7.4231e+13	4.0787e-16	3.1486e-15
7.4436e+13	4.2635e-16	2.8691e-15
7.4641e+13	3.215e-16	2.9298e-15
7.4846e+13	3.8452e-16	3.3291e-15
7.5051e+13	4.9104e-16	3.507e-15
7.5256e+13	4.0773e-16	3.2661e-15
7.5461e+13	3.554e-16	2.9435e-15
7.5666e+13	4.3974e-16	2.8548e-15
7.5871e+13	4.275e-16	3.0965e-15
7.6077e+13	3.5307e-16	3.4817e-15
7.6282e+13	3.8555e-16	3.5853e-15
7.6487e+13	4.0667e-16	3.3755e-15
7.6692e+13	3.7402e-16	3.3658e-15
7.6897e+13	4.1448e-16	3.6481e-15
7.7102e+13	4.3294e-16	3.648e-15
7.7307e+13	3.5564e-16	3.2222e-15
7.7512e+13	3.5907e-16	2.9572e-15
7.7717e+13	4.3051e-16	3.156e-15
7.7922e+13	4.1307e-16	3.4642e-15
7.8127e+13	4.1262e-16	3.546e-15
7.8332e+13	4.7698e-16	3.4621e-15
7.8537e+13	4.2937e-16	3.4032e-15
7.8742e+13	3.4818e-16	3.4087e-15
7.8947e+13	4.0168e-16	3.4092e-15
7.9152e+13	4.1969e-16	3.4338e-15
7.9357e+13	3.4674e-16	3.5584e-15
7.9563e+13	4.0208e-16	3.6686e-15
7.9768e+13	4.8676e-16	3.6266e-15
7.9973e+13	4.0284e-16	3.5436e-15
8.0178e+13	3.7248e-16	3.5198e-15
8.0383e+13	4.8278e-16	3.488e-15
8.0588e+13	4.5039e-16	3.5295e-15
8.0793e+13	3.456e-16	3.7286e-15
8.0998e+13	4.3431e-16	3.8239e-15
8.1203e+13	5.1921e-16	3.7111e-15
8.1408e+13	4.4323e-16	3.7366e-15
8.1613e+13	4.5024e-16	3.9207e-15
8.1818e+13	5.1597e-16	3.8777e-15
8.2023e+13	4.3162e-16	3.7184e-15
8.2228e+13	4.0327e-16	3.7986e-15
8.2433e+13	5.3353e-16	3.8723e-15
8.2638e+13	5.0266e-16	3.6988e-15
8.2843e+13	3.5416e-16	3.672e-15
8.3049e+13	4.1977e-16	3.958e-15
8.3254e+13	5.3061e-16	4.1489e-15
8.3459e+13	4.601e-16	4.1091e-15
8.3664e+13	4.4723e-16	4.0208e-15
8.3869e+13	5.3521e-16	3.9035e-15
8.4074e+13	4.8436e-16	3.9142e-15
8.4279e+13	4.333e-16	4.27e-15
8.4484e+13	5.4449e-16	4.5988e-15
8.4689e+13	5.6084e-16	4.4786e-15
8.4894e+13	4.4599e-16	4.2455e-15
8.5099e+13	4.6779e-16	4.2602e-15
8.5304e+13	5.2593e-16	4.2912e-15
8.5509e+13	4.5023e-16	4.2415e-15
8.5714e+13	4.59e-16	4.3366e-15
8.5919e+13	5.8742e-16	4.5195e-15
8.6124e+13	5.7998e-16	4.6158e-15
8.6329e+13	5.147e-16	4.6451e-15
8.6535e+13	5.6057e-16	4.5656e-15
8.674e+13	5.5168e-16	4.4679e-15
8.6945e+13	4.6776e-16	4.6725e-15
8.715e+13	5.027e-16	4.9709e-15
8.7355e+13	5.4668e-16	4.8592e-15
8.756e+13	4.9054e-16	4.6957e-15
8.7765e+13	5.511e-16	4.9985e-15
8.797e+13	6.916e-16	5.186e-15
8.8175e+13	6.3059e-16	4.8127e-15
8.838e+13	5.1541e-16	4.6778e-15
8.8585e+13	5.9085e-16	5.159e-15
8.879e+13	6.5595e-16	5.3847e-15
8.8995e+13	5.8639e-16	5.0114e-15
8.92e+13	5.761e-16	4.7446e-15
8.9405e+13	6.1569e-16	4.906e-15
8.961e+13	5.9253e-16	5.1941e-15
8.9815e+13	6.1689e-16	5.3656e-15
9.0021e+13	6.762e-16	5.2481e-15
9.0226e+13	6.2513e-16	4.9947e-15
9.0431e+13	5.8423e-16	5.1726e-15
9.0636e+13	6.3198e-16	5.6552e-15
9.0841e+13	5.7805e-16	5.621e-15
9.1046e+13	4.9067e-16	5.2369e-15
9.1251e+13	5.968e-16	5.3969e-15
9.1456e+13	6.9611e-16	5.8319e-15
9.1661e+13	5.9801e-16	5.723e-15
9.1866e+13	5.7783e-16	5.4475e-15
9.2071e+13	7.1778e-16	5.66e-15
9.2276e+13	7.2432e-16	5.9443e-15
9.2481e+13	6.2776e-16	5.8486e-15
9.2686e+13	6.6342e-16	5.6968e-15
9.2891e+13	7.2455e-16	5.6891e-15
9.3096e+13	6.9673e-16	5.7073e-15
9.3301e+13	7.1854e-16	5.9488e-15
9.3506e+13	7.816e-16	6.5051e-15
9.3712e+13	7.6421e-16	6.8262e-15
9.3917e+13	7.3131e-16	6.5276e-15
9.4122e+13	7.2796e-16	6.1425e-15
9.4327e+13	7.1541e-16	6.3507e-15
9.4532e+13	7.6802e-16	6.793e-15
9.4737e+13	8.452e-16	6.505e-15
9.4942e+13	7.5429e-16	5.6964e-15
9.5147e+13	6.1178e-16	5.7579e-15
9.5352e+13	6.7022e-16	6.7993e-15
9.5557e+13	7.9473e-16	7.2209e-15
9.5762e+13	7.9441e-16	6.6867e-15
9.5967e+13	7.871e-16	6.6934e-15
9.6172e+13	8.1561e-16	7.3875e-15
9.6377e+13	7.9154e-16	7.344e-15
9.6582e+13	8.0361e-16	6.7559e-15
9.6787e+13	8.6649e-16	6.9759e-15
9.6992e+13	8.2334e-16	7.5058e-15
9.7198e+13	7.7664e-16	7.205e-15
9.7403e+13	8.8512e-16	6.9058e-15
9.7608e+13	9.3584e-16	7.5431e-15
9.7813e+13	8.3039e-16	7.9929e-15
9.8018e+13	8.3739e-16	7.2905e-15
9.8223e+13	9.4909e-16	6.4861e-15
9.8428e+13	9.0289e-16	6.705e-15
9.8633e+13	7.9324e-16	7.4998e-15
9.8838e+13	8.0201e-16	7.8213e-15
9.9043e+13	8.1444e-16	7.3198e-15
9.9248e+13	8.0264e-16	6.6295e-15
9.9453e+13	8.4331e-16	6.5798e-15
9.9658e+13	7.9871e-16	6.949e-15
9.9863e+13	6.8076e-16	6.8766e-15
1.0007e+14	7.5344e-16	6.5514e-15
1.0027e+14	9.1218e-16	6.7858e-15
1.0048e+14	8.6699e-16	7.2589e-15
1.0068e+14	7.8387e-16	7.2202e-15
1.0089e+14	8.4157e-16	7.0629e-15
1.0109e+14	8.271e-16	7.339e-15
1.013e+14	7.4286e-16	7.5811e-15
1.015e+14	8.1847e-16	7.4408e-15
1.0171e+14	8.931e-16	7.3692e-15
1.0191e+14	7.8566e-16	7.4831e-15
1.0212e+14	7.402e-16	7.3357e-15
1.0232e+14	8.2625e-16	6.9259e-15
1.0253e+14	8.1012e-16	6.7241e-15
1.0273e+14	7.555e-16	6.9095e-15
1.0294e+14	7.9744e-16	7.2297e-15
1.0314e+14	7.7335e-16	7.3326e-15
1.0335e+14	7.2077e-16	7.1245e-15
1.0355e+14	8.5184e-16	6.9169e-15
1.0376e+14	9.4869e-16	7.0037e-15
1.0396e+14	8.0801e-16	7.2649e-15
1.0417e+14	7.4945e-16	7.4467e-15
1.0437e+14	8.6898e-16	7.4349e-15
1.0458e+14	8.1462e-16	7.2078e-15
1.0478e+14	6.5296e-16	6.944e-15
1.0499e+14	7.279e-16	6.882e-15
1.0519e+14	8.6333e-16	6.9214e-15
1.054e+14	7.9544e-16	6.9314e-15
1.056e+14	7.2834e-16	7.0461e-15
1.0581e+14	7.7903e-16	7.047e-15
1.0602e+14	7.6831e-16	6.5772e-15
1.0622e+14	7.268e-16	6.2607e-15
1.0643e+14	7.7964e-16	6.7877e-15
1.0663e+14	8.1591e-16	7.2354e-15
1.0684e+14	7.8985e-16	6.6042e-15
1.0704e+14	8.12e-16	5.8678e-15
1.0725e+14	8.3357e-16	6.1075e-15
1.0745e+14	7.694e-16	6.5106e-15
1.0766e+14	7.0227e-16	6.2298e-15
1.0786e+14	6.7058e-16	5.8625e-15
1.0807e+14	6.3971e-16	5.8804e-15
1.0827e+14	6.4809e-16	5.9715e-15
1.0848e+14	6.6954e-16	6.0808e-15
1.0868e+14	6.336e-16	6.187e-15
1.0889e+14	6.2757e-16	5.946e-15
1.0909e+14	6.8193e-16	5.6115e-15
1.093e+14	6.5022e-16	5.6857e-15
1.095e+14	5.8117e-16	5.7231e-15
1.0971e+14	6.4739e-16	5.3304e-15
1.0991e+14	7.0717e-16	5.137e-15
1.1012e+14	5.8945e-16	5.2552e-15
1.1032e+14	4.8454e-16	4.9334e-15
1.1053e+14	5.2383e-16	4.4585e-15
1.1073e+14	5.4108e-16	4.6787e-15
1.1094e+14	4.9152e-16	4.953e-15
1.1114e+14	4.8369e-16	4.374e-15
1.1135e+14	4.8743e-16	3.7227e-15
1.1155e+14	4.7289e-16	3.846e-15
1.1176e+14	4.9526e-16	4.141e-15
1.1196e+14	4.9495e-16	4.16e-15
1.1217e+14	4.3523e-16	4.2751e-15
1.1237e+14	4.3733e-16	4.2714e-15
1.1258e+14	4.8539e-16	3.7284e-15
1.1278e+14	4.4733e-16	3.3001e-15
1.1299e+14	4.0336e-16	3.5423e-15
1.1319e+14	4.4232e-16	3.7511e-15
1.134e+14	4.3176e-16	3.4626e-15
1.136e+14	3.5468e-16	3.3155e-15
1.1381e+14	3.5333e-16	3.5136e-15
1.1401e+14	3.7247e-16	3.3946e-15
1.1422e+14	3.2197e-16	2.953e-15
1.1442e+14	3.252e-16	2.9288e-15
1.1463e+14	3.9588e-16	3.2936e-15
1.1483e+14	3.7438e-16	3.2784e-15
1.1504e+14	3.0421e-16	2.8372e-15
1.1524e+14	3.1378e-16	2.6774e-15
1.1545e+14	3.2653e-16	2.9091e-15
1.1565e+14	2.9838e-16	2.905e-15
1.1586e+14	3.1372e-16	2.5192e-15
1.1606e+14	3.2149e-16	2.3138e-15
1.1627e+14	2.5474e-16	2.4715e-15
1.1647e+14	2.2465e-16	2.5304e-15
1.1668e+14	2.6029e-16	2.3059e-15
1.1688e+14	2.5802e-16	2.1327e-15
1.1709e+14	2.4906e-16	2.1618e-15
1.1729e+14	2.7756e-16	2.2015e-15
1.175e+14	2.5027e-16	2.1543e-15
1.177e+14	1.9277e-16	2.0618e-15
1.1791e+14	2.1861e-16	1.9396e-15
1.1811e+14	2.4265e-16	1.8347e-15
1.1832e+14	1.8701e-16	1.7781e-15
1.1852e+14	1.7355e-16	1.7065e-15
1.1873e+14	2.1064e-16	1.6459e-15
1.1893e+14	1.8158e-16	1.7023e-15
1.1914e+14	1.5851e-16	1.7806e-15
1.1934e+14	2.1694e-16	1.708e-15
1.1955e+14	2.2543e-16	1.5508e-15
1.1975e+14	1.6367e-16	1.4601e-15
1.1996e+14	1.6486e-16	1.4484e-15
1.2016e+14	1.8794e-16	1.4956e-15
1.2037e+14	1.5185e-16	1.5424e-15
1.2057e+14	1.4984e-16	1.4622e-15
1.2078e+14	1.9079e-16	1.33e-15
1.2098e+14	1.6764e-16	1.3591e-15
1.2119e+14	1.3434e-16	1.4407e-15
1.2139e+14	1.5755e-16	1.3303e-15
1.216e+14	1.4198e-16	1.1934e-15
1.218e+14	9.7699e-17	1.2759e-15
1.2201e+14	1.3554e-16	1.3696e-15
1.2221e+14	1.7902e-16	1.2499e-15
1.2242e+14	1.4238e-16	1.1186e-15
1.2262e+14	1.2865e-16	1.1369e-15
1.2283e+14	1.5479e-16	1.1456e-15
1.2303e+14	1.2737e-16	1.085e-15
1.2324e+14	1.0823e-16	1.0775e-15
1.2344e+14	1.5351e-16	1.0992e-15
1.2365e+14	1.5459e-16	1.0561e-15
1.2386e+14	1.1377e-16	9.9407e-16
1.2406e+14	1.336e-16	9.4663e-16
1.2427e+14	1.4565e-16	8.824e-16
1.2447e+14	9.6517e-17	8.6814e-16
1.2468e+14	1.0256e-16	9.453e-16
1.2488e+14	1.4899e-16	9.6652e-16
1.2509e+14	1.1386e-16	8.5605e-16
1.2529e+14	7.49e-17	7.8129e-16
1.255e+14	1.1341e-16	8.3465e-16
1.257e+14	1.1629e-16	8.5924e-16
1.2591e+14	7.3623e-17	7.5965e-16
1.2611e+14	9.4907e-17	6.7423e-16
1.2632e+14	1.1784e-16	7.1083e-16
1.2652e+14	7.5639e-17	7.734e-16
1.2673e+14	7.5144e-17	7.5415e-16
1.2693e+14	1.1525e-16	6.9598e-16
1.2714e+14	8.759e-17	6.7707e-16
1.2734e+14	6.0643e-17	6.848e-16
1.2755e+14	1.0182e-16	6.756e-16
1.2775e+14	1.0086e-16	6.4905e-16
1.2796e+14	5.6105e-17	6.2134e-16
1.2816e+14	7.6691e-17	6.0597e-16
1.2837e+14	9.9149e-17	6.1648e-16
1.2857e+14	5.8503e-17	6.3431e-16
1.2878e+14	5.8683e-17	6.2281e-16
1.2898e+14	9.658e-17	5.9288e-16
1.2919e+14	7.0949e-17	5.7733e-16
1.2939e+14	5.1952e-17	5.6797e-16
1.296e+14	9.3658e-17	5.5694e-16
1.298e+14	8.1642e-17	5.6334e-16
1.3001e+14	3.3163e-17	5.685e-16
1.3021e+14	6.7196e-17	5.3524e-16
1.3042e+14	9.9514e-17	4.8961e-16
1.3062e+14	4.9715e-17	4.7095e-16
1.3083e+14	4.0312e-17	4.6425e-16
1.3103e+14	8.4424e-17	4.5946e-16
1.3124e+14	6.2951e-17	4.6769e-16
1.3144e+14	3.151e-17	4.6537e-16
1.3165e+14	6.4376e-17	4.4426e-16
1.3185e+14	6.1888e-17	4.4898e-16
1.3206e+14	2.1038e-17	4.7173e-16
1.3226e+14	4.7825e-17	4.5061e-16
1.3247e+14	7.7484e-17	4.0644e-16
1.3267e+14	3.8653e-17	4.036e-16
1.3288e+14	3.457e-17	4.172e-16
1.3308e+14	7.2775e-17	4.0534e-16
1.3329e+14	5.2117e-17	3.9938e-16
1.3349e+14	3.0859e-17	4.0944e-16
1.337e+14	6.7911e-17	3.976e-16
1.339e+14	6.2756e-17	3.7795e-16
1.3411e+14	2.2826e-17	3.8377e-16
1.3431e+14	5.1777e-17	3.8487e-16
1.3452e+14	7.7856e-17	3.6271e-16
1.3472e+14	3.4915e-17	3.5755e-16
1.3493e+14	3.2941e-17	3.7317e-16
1.3513e+14	7.4642e-17	3.6629e-16
1.3534e+14	5.13e-17	3.386e-16
1.3554e+14	2.3277e-17	3.2546e-16
1.3575e+14	5.835e-17	3.2792e-16
1.3595e+14	5.8738e-17	3.2842e-16
1.3616e+14	2.337e-17	3.2567e-16
1.3636e+14	4.885e-17	3.2563e-16
1.3657e+14	6.966e-17	3.2601e-16
1.3677e+14	2.785e-17	3.1158e-16
1.3698e+14	2.8474e-17	2.7822e-16
1.3718e+14	6.5953e-17	2.6114e-16
1.3739e+14	3.5872e-17	2.8406e-16
1.3759e+14	8.3687e-18	3.0518e-16
1.378e+14	5.0703e-17	2.9046e-16
1.38e+14	5.5649e-17	2.7504e-16
1.3821e+14	1.7085e-17	2.8184e-16
1.3841e+14	3.7067e-17	2.8027e-16
1.3862e+14	5.7897e-17	2.6355e-16
1.3882e+14	2.0331e-17	2.5588e-16
1.3903e+14	2.2374e-17	2.5401e-16
1.3923e+14	5.9293e-17	2.5101e-16
1.3944e+14	3.348e-17	2.5919e-16
1.3964e+14	1.2386e-17	2.6744e-16
1.3985e+14	5.3253e-17	2.5719e-16
1.4005e+14	4.9781e-17	2.4529e-16
1.4026e+14	7.6884e-18	2.4241e-16
1.4046e+14	3.242e-17	2.3583e-16
1.4067e+14	5.6785e-17	2.3642e-16
1.4087e+14	1.6179e-17	2.5074e-16
1.4108e+14	1.5588e-17	2.4581e-16
1.4129e+14	5.6082e-17	2.2229e-16
1.4149e+14	3.4024e-17	2.2422e-16
1.417e+14	9.8116e-18	2.3942e-16
1.419e+14	4.5258e-17	2.2446e-16
1.4211e+14	4.2203e-17	2.0461e-16
1.4231e+14	4.8945e-18	2.1587e-16
1.4252e+14	3.2478e-17	2.26e-16
1.4272e+14	5.7449e-17	2.0988e-16
1.4293e+14	1.8273e-17	1.9621e-16
1.4313e+14	1.9028e-17	2.0135e-16
1.4334e+14	5.7516e-17	2.1449e-16
1.4354e+14	3.0487e-17	2.264e-16
1.4375e+14	3.4688e-18	2.2031e-16
1.4395e+14	4.1737e-17	1.966e-16
1.4416e+14	4.2366e-17	1.9257e-16
1.4436e+14	3.1169e-18	2.1004e-16
1.4457e+14	2.6822e-17	2.0418e-16
1.4477e+14	5.3241e-17	1.833e-16
1.4498e+14	1.6949e-17	1.9267e-16
1.4518e+14	1.5011e-17	2.1016e-16
1.4539e+14	5.0244e-17	1.9544e-16
1.4559e+14	2.624e-17	1.7781e-16
1.458e+14	3.4171e-18	1.8544e-16
1.46e+14	4.1004e-17	1.8992e-16
1.4621e+14	3.9626e-17	1.7846e-16
1.4641e+14	5.5809e-19	1.7194e-16
1.4662e+14	2.4483e-17	1.7208e-16
1.4682e+14	5.0016e-17	1.7329e-16
1.4703e+14	1.2765e-17	1.8133e-16
1.4723e+14	1.051e-17	1.8614e-16
1.4744e+14	4.7456e-17	1.7825e-16
1.4764e+14	2.6365e-17	1.7388e-16
1.4785e+14	3.7643e-18	1.7694e-16
1.4805e+14	3.9999e-17	1.7273e-16
1.4826e+14	4.0614e-17	1.6874e-16
1.4846e+14	4.1079e-18	1.7453e-16
1.4867e+14	2.5163e-17	1.7425e-16
1.4887e+14	4.6071e-17	1.6577e-16
1.4908e+14	8.9437e-18	1.639e-16
1.4928e+14	9.438e-18	1.6039e-16
1.4949e+14	4.7719e-17	1.4967e-16
1.4969e+14	2.6862e-17	1.5166e-16
1.499e+14	2.9275e-18	1.622e-16
1.501e+14	3.609e-17	1.571e-16
1.5031e+14	3.5685e-17	1.4948e-16
1.5051e+14	1.2574e-18	1.5821e-16
1.5072e+14	2.3788e-17	1.6173e-16
1.5092e+14	4.5194e-17	1.5025e-16
1.5113e+14	9.2723e-18	1.4889e-16
1.5133e+14	9.3208e-18	1.5969e-16
1.5154e+14	4.4878e-17	1.6223e-16
1.5174e+14	2.3378e-17	1.5866e-16
1.5195e+14	1.4746e-18	1.5685e-16
1.5215e+14	3.5825e-17	1.5257e-16
1.5236e+14	3.6231e-17	1.5106e-16
1.5256e+14	3.074e-18	1.5581e-16
1.5277e+14	2.3762e-17	1.5515e-16
1.5297e+14	4.0986e-17	1.505e-16
1.5318e+14	5.2253e-18	1.5086e-16
1.5338e+14	9.0584e-18	1.4694e-16
1.5359e+14	4.4168e-17	1.4024e-16
1.5379e+14	1.8636e-17	1.4855e-16
1.54e+14	-2.9907e-18	1.5782e-16
1.542e+14	3.4967e-17	1.4673e-16
1.5441e+14	3.4754e-17	1.3885e-16
1.5461e+14	-1.0893e-18	1.4869e-16
1.5482e+14	2.3112e-17	1.4447e-16
1.5502e+14	4.6479e-17	1.2397e-16
1.5523e+14	8.4665e-18	1.2367e-16
1.5543e+14	4.4107e-18	1.371e-16
1.5564e+14	3.9056e-17	1.3523e-16
1.5584e+14	2.0115e-17	1.3243e-16
1.5605e+14	1.218e-19	1.4172e-16
1.5625e+14	3.4251e-17	1.4148e-16
1.5646e+14	3.3788e-17	1.3219e-16
1.5666e+14	-1.8472e-19	1.3258e-16
1.5687e+14	2.1123e-17	1.3007e-16
1.5707e+14	4.1447e-17	1.1947e-16
1.5728e+14	7.3394e-18	1.2842e-16
1.5748e+14	8.5046e-18	1.494e-16
1.5769e+14	4.1716e-17	1.4199e-16
1.5789e+14	1.8085e-17	1.1749e-16
1.581e+14	-2.9929e-18	1.184e-16
1.583e+14	3.333e-17	1.3556e-16
1.5851e+14	3.437e-17	1.3459e-16
1.5871e+14	-6.5533e-20	1.2171e-16
1.5892e+14	2.0159e-17	1.2017e-16
1.5913e+14	3.9863e-17	1.272e-16
1.5933e+14	5.1402e-18	1.2963e-16
1.5954e+14	5.9126e-18	1.2784e-16
1.5974e+14	4.076e-17	1.2744e-16
1.5995e+14	1.9682e-17	1.2559e-16
1.6015e+14	-2.0797e-18	1.1885e-16
1.6036e+14	3.1154e-17	1.1643e-16
1.6056e+14	3.2117e-17	1.2476e-16
1.6077e+14	3.1752e-19	1.284e-16
1.6097e+14	2.1007e-17	1.1812e-16
1.6118e+14	3.9527e-17	1.1411e-16
1.6138e+14	4.9842e-18	1.2524e-16
1.6159e+14	5.1686e-18	1.2991e-16
1.6179e+14	3.7467e-17	1.2339e-16
1.62e+14	1.6808e-17	1.2199e-16
1.622e+14	-1.9625e-19	1.1987e-16
1.6241e+14	3.5316e-17	1.0995e-16
1.6261e+14	3.2629e-17	1.1304e-16
1.6282e+14	-2.8555e-18	1.3009e-16
1.6302e+14	1.9046e-17	1.3262e-16
1.6323e+14	4.0496e-17	1.2465e-16
1.6343e+14	6.4434e-18	1.279e-16
1.6364e+14	5.911e-18	1.2521e-16
1.6384e+14	3.7987e-17	1.0575e-16
1.6405e+14	1.5826e-17	1.0337e-16
1.6425e+14	-3.7001e-18	1.2333e-16
1.6446e+14	3.2206e-17	1.2475e-16
1.6466e+14	3.2534e-17	1.0681e-16
1.6487e+14	-2.1454e-18	1.0666e-16
1.6507e+14	1.8639e-17	1.2009e-16
1.6528e+14	4.1327e-17	1.2009e-16
1.6548e+14	9.5618e-18	1.1468e-16
1.6569e+14	8.8628e-18	1.1758e-16
1.6589e+14	4.0365e-17	1.1765e-16
1.661e+14	1.8852e-17	1.1254e-16
1.663e+14	-1.9665e-18	1.1565e-16
1.6651e+14	3.1011e-17	1.2337e-16
1.6671e+14	3.1047e-17	1.2108e-16
1.6692e+14	-2.3062e-18	1.1255e-16
1.6712e+14	1.7748e-17	1.1263e-16
1.6733e+14	3.913e-17	1.2106e-16
1.6753e+14	7.4553e-18	1.2337e-16
1.6774e+14	6.7672e-18	1.1726e-16
1.6794e+14	3.8903e-17	1.1808e-16
1.6815e+14	2.0294e-17	1.2742e-16
1.6835e+14	1.2678e-18	1.2629e-16
1.6856e+14	3.217e-17	1.1507e-16
1.6876e+14	2.9977e-17	1.1539e-16
1.6897e+14	-2.9369e-18	1.2466e-16
1.6917e+14	1.7504e-17	1.2433e-16
1.6938e+14	3.7476e-17	1.2113e-16
1.6958e+14	4.6428e-18	1.2457e-16
1.6979e+14	4.5016e-18	1.2169e-16
1.6999e+14	3.7762e-17	1.1363e-16
1.702e+14	1.9017e-17	1.1724e-16
1.704e+14	-8.6286e-19	1.2149e-16
1.7061e+14	3.1567e-17	1.1202e-16
1.7081e+14	3.2664e-17	1.1029e-16
1.7102e+14	-6.8923e-19	1.2517e-16
1.7122e+14	1.5918e-17	1.2743e-16
1.7143e+14	3.5946e-17	1.1265e-16
1.7163e+14	6.7752e-18	1.0962e-16
1.7184e+14	6.1547e-18	1.1803e-16
1.7204e+14	3.5631e-17	1.1672e-16
1.7225e+14	1.6701e-17	1.1078e-16
1.7245e+14	-1.3894e-18	1.1144e-16
1.7266e+14	3.0374e-17	1.1251e-16
1.7286e+14	3.1729e-17	1.1311e-16
1.7307e+14	1.7399e-18	1.1635e-16
1.7327e+14	1.9891e-17	1.134e-16
1.7348e+14	3.8299e-17	1.0526e-16
1.7368e+14	8.5605e-18	1.0703e-16
1.7389e+14	8.9222e-18	1.1541e-16
1.7409e+14	3.8751e-17	1.143e-16
1.743e+14	1.9664e-17	1.0643e-16
1.745e+14	1.9734e-19	1.0421e-16
1.7471e+14	2.8486e-17	1.0875e-16
1.7491e+14	2.7628e-17	1.1491e-16
1.7512e+14	-1.1421e-18	1.1703e-16
1.7532e+14	1.8042e-17	1.1268e-16
1.7553e+14	3.553e-17	1.094e-16
1.7573e+14	6.1261e-18	1.1209e-16
1.7594e+14	8.5888e-18	1.1323e-16
1.7614e+14	3.9263e-17	1.1134e-16
1.7635e+14	1.9524e-17	1.1367e-16
1.7656e+14	-1.5932e-19	1.1767e-16
1.7676e+14	2.8722e-17	1.2027e-16
1.7697e+14	2.8873e-17	1.2756e-16
1.7717e+14	9.4976e-19	1.3269e-16
1.7738e+14	1.9991e-17	1.2167e-16
1.7758e+14	3.7016e-17	1.0569e-16
1.7779e+14	7.5502e-18	1.0281e-16
1.7799e+14	8.8071e-18	1.0662e-16
1.782e+14	3.7218e-17	1.0886e-16
1.784e+14	1.752e-17	1.1338e-16
1.7861e+14	1.6149e-19	1.1404e-16
1.7881e+14	2.9538e-17	1.0705e-16
1.7902e+14	2.8305e-17	1.0858e-16
1.7922e+14	6.2626e-19	1.1975e-16
1.7943e+14	2.0695e-17	1.1941e-16
1.7963e+14	3.6777e-17	1.1103e-16
1.7984e+14	6.3122e-18	1.1492e-16
1.8004e+14	8.5669e-18	1.2223e-16
1.8025e+14	3.7441e-17	1.173e-16
1.8045e+14	1.6808e-17	1.1184e-16
1.8066e+14	1.5436e-19	1.1426e-16
1.8086e+14	3.0948e-17	1.138e-16
1.8107e+14	2.7666e-17	1.105e-16
1.8127e+14	-3.0725e-18	1.1251e-16
1.8148e+14	1.8794e-17	1.156e-16
1.8168e+14	3.8767e-17	1.172e-16
1.8189e+14	7.5772e-18	1.2071e-16
1.8209e+14	6.9848e-18	1.2002e-16
1.823e+14	3.6982e-17	1.1329e-16
1.825e+14	1.8515e-17	1.1239e-16
1.8271e+14	-8.0579e-20	1.1626e-16
1.8291e+14	2.8455e-17	1.128e-16
1.8312e+14	2.7403e-17	1.0889e-16
1.8332e+14	-3.2222e-19	1.1561e-16
1.8353e+14	2.0827e-17	1.2276e-16
1.8373e+14	3.8632e-17	1.2113e-16
1.8394e+14	7.4572e-18	1.1818e-16
1.8414e+14	8.8614e-18	1.1713e-16
1.8435e+14	4.0356e-17	1.1492e-16
1.8455e+14	2.0773e-17	1.1492e-16
1.8476e+14	-1.7498e-19	1.1733e-16
1.8496e+14	2.879e-17	1.1622e-16
1.8517e+14	3.0024e-17	1.1364e-16
1.8537e+14	1.0967e-18	1.1463e-16
1.8558e+14	1.9001e-17	1.1707e-16
1.8578e+14	3.7859e-17	1.2071e-16
1.8599e+14	9.727e-18	1.272e-16
1.8619e+14	9.5225e-18	1.3094e-16
1.864e+14	3.8188e-17	1.2872e-16
1.866e+14	2.1258e-17	1.259e-16
1.8681e+14	4.4164e-18	1.2379e-16
1.8701e+14	3.2192e-17	1.2e-16
1.8722e+14	2.9883e-17	1.174e-16
1.8742e+14	5.339e-19	1.1633e-16
1.8763e+14	1.9547e-17	1.136e-16
1.8783e+14	3.7606e-17	1.1332e-16
1.8804e+14	8.153e-18	1.1854e-16
1.8824e+14	8.8828e-18	1.2172e-16
1.8845e+14	3.9311e-17	1.1935e-16
1.8865e+14	2.1231e-17	1.1667e-16
1.8886e+14	1.1511e-18	1.151e-16
1.8906e+14	2.8649e-17	1.1551e-16
1.8927e+14	2.9121e-17	1.2158e-16
1.8947e+14	1.2502e-19	1.2721e-16
1.8968e+14	1.6737e-17	1.2348e-16
1.8988e+14	3.4571e-17	1.1655e-16
1.9009e+14	6.6404e-18	1.1568e-16
1.9029e+14	6.9325e-18	1.1916e-16
1.905e+14	3.6588e-17	1.2525e-16
1.907e+14	1.9577e-17	1.3279e-16
1.9091e+14	4.195e-19	1.342e-16
1.9111e+14	2.8952e-17	1.2923e-16
1.9132e+14	3.1918e-17	1.2681e-16
1.9152e+14	3.0057e-18	1.2645e-16
1.9173e+14	1.6464e-17	1.2463e-16
1.9193e+14	3.4885e-17	1.2633e-16
1.9214e+14	1.1502e-17	1.2901e-16
1.9234e+14	1.1914e-17	1.2569e-16
1.9255e+14	3.8389e-17	1.2539e-16
1.9275e+14	2.292e-17	1.3211e-16
1.9296e+14	6.2975e-18	1.3056e-16
1.9316e+14	3.1158e-17	1.2439e-16
1.9337e+14	3.094e-17	1.3406e-16
1.9357e+14	6.5602e-18	1.4659e-16
1.9378e+14	2.4269e-17	1.3766e-16
1.9398e+14	3.8885e-17	1.2403e-16
1.9419e+14	9.9884e-18	1.2565e-16
1.944e+14	9.9853e-18	1.2599e-16
1.946e+14	3.7579e-17	1.1865e-16
1.9481e+14	2.0927e-17	1.2244e-16
1.9501e+14	3.8264e-18	1.3211e-16
1.9522e+14	3.088e-17	1.2795e-16
1.9542e+14	3.1219e-17	1.2032e-16
1.9563e+14	2.9687e-18	1.259e-16
1.9583e+14	1.794e-17	1.3534e-16
1.9604e+14	3.6541e-17	1.3602e-16
1.9624e+14	1.3262e-17	1.2889e-16
1.9645e+14	1.2635e-17	1.2177e-16
1.9665e+14	3.6266e-17	1.2554e-16
1.9686e+14	1.9258e-17	1.3538e-16
1.9706e+14	3.6068e-18	1.2955e-16
1.9727e+14	2.9972e-17	1.1432e-16
1.9747e+14	3.0169e-17	1.1959e-16
1.9768e+14	3.377e-18	1.3499e-16
1.9788e+14	1.7026e-17	1.2814e-16
1.9809e+14	3.2245e-17	1.1364e-16
1.9829e+14	9.3781e-18	1.1871e-16
1.985e+14	1.2415e-17	1.2645e-16
1.987e+14	3.7684e-17	1.2283e-16
1.9891e+14	2.0041e-17	1.2601e-16
1.9911e+14	4.0426e-18	1.3341e-16
1.9932e+14	2.9872e-17	1.2591e-16
1.9952e+14	2.8866e-17	1.1842e-16
1.9973e+14	2.2727e-18	1.2782e-16
1.9993e+14	1.8302e-17	1.3349e-16
2.0014e+14	3.5441e-17	1.2404e-16
2.0034e+14	1.1031e-17	1.1933e-16
2.0055e+14	9.9461e-18	1.247e-16
2.0075e+14	3.3334e-17	1.2655e-16
2.0096e+14	1.8273e-17	1.2451e-16
2.0116e+14	5.21e-18	1.2377e-16
2.0137e+14	3.1027e-17	1.2295e-16
2.0157e+14	2.9701e-17	1.2497e-16
2.0178e+14	4.1754e-18	1.3069e-16
2.0198e+14	1.9919e-17	1.3235e-16
2.0219e+14	3.5451e-17	1.2874e-16
2.0239e+14	1.1725e-17	1.2392e-16
2.026e+14	1.3028e-17	1.1849e-16
2.028e+14	3.6559e-17	1.1936e-16
2.0301e+14	1.926e-17	1.2927e-16
2.0321e+14	4.3313e-18	1.3053e-16
2.0342e+14	2.9868e-17	1.185e-16
2.0362e+14	2.9821e-17	1.1787e-16
2.0383e+14	6.0002e-18	1.3198e-16
2.0403e+14	2.1424e-17	1.3483e-16
2.0424e+14	3.464e-17	1.2753e-16
2.0444e+14	9.8175e-18	1.3157e-16
2.0465e+14	1.2062e-17	1.3944e-16
2.0485e+14	3.6145e-17	1.3559e-16
2.0506e+14	1.8543e-17	1.2904e-16
2.0526e+14	3.8156e-18	1.263e-16
2.0547e+14	2.9405e-17	1.2264e-16
2.0567e+14	2.8459e-17	1.238e-16
2.0588e+14	4.3961e-18	1.2961e-16
2.0608e+14	2.0758e-17	1.2448e-16
2.0629e+14	3.3849e-17	1.1182e-16
2.0649e+14	7.496e-18	1.0985e-16
2.067e+14	9.6447e-18	1.1558e-16
2.069e+14	3.5876e-17	1.2031e-16
2.0711e+14	2.0009e-17	1.2802e-16
2.0731e+14	5.3088e-18	1.2966e-16
2.0752e+14	3.0738e-17	1.1403e-16
2.0772e+14	3.0129e-17	1.0326e-16
2.0793e+14	6.0022e-18	1.1669e-16
2.0813e+14	2.183e-17	1.3081e-16
2.0834e+14	3.4385e-17	1.2505e-16
2.0854e+14	7.254e-18	1.146e-16
2.0875e+14	8.5902e-18	1.1039e-16
2.0895e+14	3.4581e-17	1.0541e-16
2.0916e+14	1.8479e-17	1.0245e-16
2.0936e+14	3.1946e-18	1.0663e-16
2.0957e+14	2.8659e-17	1.0948e-16
2.0977e+14	2.8386e-17	1.0769e-16
2.0998e+14	3.6726e-18	1.0862e-16
2.1018e+14	1.9476e-17	1.127e-16
2.1039e+14	3.3843e-17	1.1543e-16
2.1059e+14	7.2448e-18	1.1548e-16
2.108e+14	6.3702e-18	1.1025e-16
2.11e+14	3.19e-17	1.0151e-16
2.1121e+14	1.8604e-17	9.9056e-17
2.1141e+14	3.9799e-18	1.048e-16
2.1162e+14	2.6456e-17	1.0975e-16
2.1183e+14	2.498e-17	1.0916e-16
2.1203e+14	2.0462e-18	1.0394e-16
2.1224e+14	1.8202e-17	9.8123e-17
2.1244e+14	3.1807e-17	1.0108e-16
2.1265e+14	7.4048e-18	1.128e-16
2.1285e+14	9.883e-18	1.1691e-16
2.1306e+14	3.4823e-17	1.077e-16
2.1326e+14	1.8218e-17	9.9699e-17
2.1347e+14	2.9742e-18	1.0011e-16
2.1367e+14	2.7753e-17	1.0246e-16
2.1388e+14	2.6958e-17	1.0392e-16
2.1408e+14	2.3175e-18	1.0327e-16
2.1429e+14	1.8338e-17	9.7978e-17
2.1449e+14	3.3796e-17	9.4043e-17
2.147e+14	8.8087e-18	9.6292e-17
2.149e+14	8.0769e-18	9.7361e-17
2.1511e+14	3.2447e-17	9.5703e-17
2.1531e+14	1.839e-17	1.0005e-16
2.1552e+14	3.6741e-18	1.0778e-16
2.1572e+14	2.6642e-17	1.0853e-16
2.1593e+14	2.5897e-17	1.0262e-16
2.1613e+14	2.4909e-18	9.4316e-17
2.1634e+14	1.7451e-17	8.6735e-17
2.1654e+14	3.0931e-17	8.7171e-17
2.1675e+14	5.8977e-18	9.3102e-17
2.1695e+14	6.0928e-18	9.0982e-17
2.1716e+14	3.088e-17	8.4965e-17
2.1736e+14	1.6834e-17	8.976e-17
2.1757e+14	1.4417e-18	9.6184e-17
2.1777e+14	2.3663e-17	8.9518e-17
2.1798e+14	2.3625e-17	8.0646e-17
2.1818e+14	9.631e-19	7.9707e-17
2.1839e+14	1.4792e-17	7.7435e-17
2.1859e+14	2.792e-17	7.3506e-17
2.188e+14	5.3246e-18	7.7338e-17
2.19e+14	6.8091e-18	8.3045e-17
2.1921e+14	2.94e-17	8.262e-17
2.1941e+14	1.3969e-17	8.086e-17
2.1962e+14	3.2679e-19	7.7967e-17
2.1982e+14	2.3659e-17	7.2221e-17
2.2003e+14	2.2615e-17	7.3535e-17
2.2023e+14	1.1855e-19	8.1327e-17
2.2044e+14	1.5533e-17	7.9121e-17
2.2064e+14	2.8352e-17	6.962e-17
2.2085e+14	4.2775e-18	6.9995e-17
2.2105e+14	6.6542e-18	7.5047e-17
2.2126e+14	3.0946e-17	7.1871e-17
2.2146e+14	1.4045e-17	6.8274e-17
2.2167e+14	-2.0179e-18	7.1125e-17
2.2187e+14	2.2271e-17	7.1523e-17
2.2208e+14	2.2809e-17	6.7358e-17
2.2228e+14	-1.5284e-18	6.4959e-17
2.2249e+14	1.2417e-17	6.2854e-17
2.2269e+14	2.768e-17	5.9616e-17
2.229e+14	4.9689e-18	5.9595e-17
2.231e+14	4.7689e-18	6.1401e-17
2.2331e+14	2.8259e-17	6.149e-17
2.2351e+14	1.3888e-17	6.2028e-17
2.2372e+14	-2.4117e-18	6.21e-17
2.2392e+14	1.8996e-17	5.891e-17
2.2413e+14	2.022e-17	5.7376e-17
2.2433e+14	-1.1297e-18	5.9909e-17
2.2454e+14	1.283e-17	6.0046e-17
2.2474e+14	2.7048e-17	5.6548e-17
2.2495e+14	5.0624e-18	5.3648e-17
2.2515e+14	4.1637e-18	5.0303e-17
2.2536e+14	2.5077e-17	4.7005e-17
2.2556e+14	1.0988e-17	4.8085e-17
2.2577e+14	-2.4522e-18	5.0219e-17
2.2597e+14	1.978e-17	4.9178e-17
2.2618e+14	2.0185e-17	4.9736e-17
2.2638e+14	-9.8242e-19	5.1806e-17
2.2659e+14	1.2699e-17	4.8472e-17
2.2679e+14	2.5163e-17	4.3947e-17
2.27e+14	2.6814e-18	4.5846e-17
2.272e+14	3.4052e-18	4.7901e-17
2.2741e+14	2.5487e-17	4.4505e-17
2.2761e+14	1.1177e-17	4.2252e-17
2.2782e+14	-2.4658e-18	4.393e-17
2.2802e+14	1.9849e-17	4.5066e-17
2.2823e+14	1.9655e-17	4.5114e-17
2.2843e+14	-2.5944e-18	4.3973e-17
2.2864e+14	1.0879e-17	4.0408e-17
2.2884e+14	2.4212e-17	3.872e-17
2.2905e+14	2.195e-18	4.0395e-17
2.2925e+14	2.5045e-18	3.9973e-17
2.2946e+14	2.4663e-17	3.9239e-17
2.2967e+14	1.0883e-17	4.2585e-17
2.2987e+14	-3.4239e-18	4.2613e-17
2.3008e+14	1.7825e-17	3.6502e-17
2.3028e+14	1.8329e-17	3.553e-17
2.3049e+14	-2.5738e-18	3.9757e-17
2.3069e+14	1.0808e-17	3.7416e-17
2.309e+14	2.3775e-17	3.2316e-17
2.311e+14	2.1218e-18	3.3794e-17
2.3131e+14	1.838e-18	3.4883e-17
2.3151e+14	2.2617e-17	3.1096e-17
2.3172e+14	9.2528e-18	3.1027e-17
2.3192e+14	-3.3195e-18	3.39e-17
2.3213e+14	1.8099e-17	3.1736e-17
2.3233e+14	1.7276e-17	2.8814e-17
2.3254e+14	-4.2479e-18	2.9808e-17
2.3274e+14	9.5452e-18	2.9385e-17
2.3295e+14	2.284e-17	2.7853e-17
2.3315e+14	1.1181e-18	2.9687e-17
2.3336e+14	9.5542e-19	3.0419e-17
2.3356e+14	2.2356e-17	2.7958e-17
2.3377e+14	9.2824e-18	2.8101e-17
2.3397e+14	-3.9621e-18	2.9335e-17
2.3418e+14	1.7207e-17	2.7178e-17
2.3438e+14	1.7505e-17	2.6467e-17
2.3459e+14	-3.5938e-18	2.8962e-17
2.3479e+14	8.861e-18	2.9017e-17
2.35e+14	2.1585e-17	2.8323e-17
2.352e+14	7.7948e-19	3.0234e-17
2.3541e+14	3.0522e-19	2.9509e-17
2.3561e+14	2.0441e-17	2.6444e-17
2.3582e+14	8.2107e-18	2.7971e-17
2.3602e+14	-3.2333e-18	3.0299e-17
2.3623e+14	1.7429e-17	2.7805e-17
2.3643e+14	1.6415e-17	2.6588e-17
2.3664e+14	-4.0201e-18	2.8386e-17
2.3684e+14	9.2146e-18	2.6555e-17
2.3705e+14	2.0817e-17	2.3837e-17
2.3725e+14	-6.0569e-19	2.5169e-17
2.3746e+14	4.7359e-19	2.4835e-17
2.3766e+14	2.1513e-17	2.202e-17
2.3787e+14	7.6472e-18	2.3404e-17
2.3807e+14	-5.2205e-18	2.5197e-17
2.3828e+14	1.6559e-17	2.2389e-17
2.3848e+14	1.7007e-17	2.2079e-17
2.3869e+14	-3.9204e-18	2.5239e-17
2.3889e+14	8.6892e-18	2.3567e-17
2.391e+14	2.1308e-17	2.0588e-17
2.393e+14	4.2862e-19	2.2955e-17
2.3951e+14	2.3576e-19	2.3813e-17
2.3971e+14	2.0838e-17	2.0475e-17
2.3992e+14	8.5494e-18	2.0625e-17
2.4012e+14	-3.481e-18	2.2021e-17
2.4033e+14	1.733e-17	1.9143e-17
2.4053e+14	1.6945e-17	1.8763e-17
2.4074e+14	-4.42e-18	2.2546e-17
2.4094e+14	7.3085e-18	2.1646e-17
2.4115e+14	1.9888e-17	1.8546e-17
2.4135e+14	4.4764e-19	2.0413e-17
2.4156e+14	1.0674e-18	2.0968e-17
2.4176e+14	2.0801e-17	1.726e-17
2.4197e+14	7.2556e-18	1.7768e-17
2.4217e+14	-5.5383e-18	2.0891e-17
2.4238e+14	1.5464e-17	1.8988e-17
2.4258e+14	1.6699e-17	1.7251e-17
2.4279e+14	-3.1183e-18	1.9825e-17
2.4299e+14	8.1398e-18	2.0027e-17
2.432e+14	1.9386e-17	1.8218e-17
2.434e+14	-1.8309e-19	1.9553e-17
2.4361e+14	1.0446e-18	1.9349e-17
2.4381e+14	2.1271e-17	1.6051e-17
2.4402e+14	8.5055e-18	1.6956e-17
2.4422e+14	-3.9121e-18	1.9784e-17
2.4443e+14	1.5788e-17	1.7861e-17
2.4463e+14	1.5293e-17	1.6492e-17
2.4484e+14	-4.3355e-18	1.8727e-17
2.4504e+14	8.6326e-18	1.7629e-17
2.4525e+14	2.0602e-17	1.4718e-17
2.4545e+14	-6.8978e-20	1.6326e-17
2.4566e+14	5.422e-20	1.7443e-17
2.4586e+14	2.0589e-17	1.4914e-17
2.4607e+14	8.3938e-18	1.5439e-17
2.4627e+14	-4.3441e-18	1.7974e-17
2.4648e+14	1.5329e-17	1.6462e-17
2.4668e+14	1.5654e-17	1.5174e-17
2.4689e+14	-4.1072e-18	1.6933e-17
2.471e+14	7.7156e-18	1.595e-17
2.473e+14	1.9974e-17	1.3764e-17
2.4751e+14	7.8568e-19	1.5619e-17
2.4771e+14	9.2689e-19	1.6509e-17
2.4792e+14	2.0372e-17	1.3835e-17
2.4812e+14	8.0987e-18	1.4057e-17
2.4833e+14	-4.2669e-18	1.6171e-17
2.4853e+14	1.5109e-17	1.4658e-17
2.4874e+14	1.5391e-17	1.3388e-17
2.4894e+14	-3.8524e-18	1.4773e-17
2.4915e+14	8.0468e-18	1.3995e-17
2.4935e+14	2.0043e-17	1.2841e-17
2.4956e+14	7.1254e-19	1.5032e-17
2.4976e+14	4.2718e-19	1.5421e-17
2.4997e+14	1.9532e-17	1.3087e-17
2.5017e+14	7.764e-18	1.4038e-17
2.5038e+14	-4.0845e-18	1.5223e-17
2.5058e+14	1.4955e-17	1.2295e-17
2.5079e+14	1.4762e-17	1.2025e-17
2.5099e+14	-4.5083e-18	1.5595e-17
2.512e+14	7.6649e-18	1.4648e-17
2.514e+14	2.023e-17	1.168e-17
2.5161e+14	1.286e-18	1.3769e-17
2.5181e+14	7.192e-19	1.5326e-17
2.5202e+14	1.9663e-17	1.2622e-17
2.5222e+14	8.0471e-18	1.2349e-17
2.5243e+14	-4.4478e-18	1.3974e-17
2.5263e+14	1.3922e-17	1.2207e-17
2.5284e+14	1.4778e-17	1.1417e-17
2.5304e+14	-3.3427e-18	1.3829e-17
2.5325e+14	7.7834e-18	1.3373e-17
2.5345e+14	1.8876e-17	1.1498e-17
2.5366e+14	2.2265e-19	1.309e-17
2.5386e+14	4.3759e-19	1.3424e-17
2.5407e+14	1.9545e-17	1.0892e-17
2.5427e+14	8.3234e-18	1.1919e-17
2.5448e+14	-3.6942e-18	1.4396e-17
2.5468e+14	1.4506e-17	1.2679e-17
2.5489e+14	1.5003e-17	1.1489e-17
2.5509e+14	-3.6094e-18	1.3083e-17
2.553e+14	6.7532e-18	1.1805e-17
2.555e+14	1.7968e-17	9.8764e-18
2.5571e+14	1.1229e-19	1.199e-17
2.5591e+14	-2.7242e-19	1.2459e-17
2.5612e+14	1.7643e-17	9.5486e-18
2.5632e+14	7.2294e-18	1.0389e-17
2.5653e+14	-3.4122e-18	1.2965e-17
2.5673e+14	1.4111e-17	1.1205e-17
2.5694e+14	1.3735e-17	1.0212e-17
2.5714e+14	-3.7969e-18	1.2854e-17
2.5735e+14	7.6484e-18	1.2558e-17
2.5755e+14	1.8627e-17	1.0224e-17
2.5776e+14	8.8636e-19	1.1484e-17
2.5796e+14	1.1419e-18	1.2516e-17
2.5817e+14	1.8713e-17	1.0817e-17
2.5837e+14	7.4988e-18	1.1418e-17
2.5858e+14	-3.1728e-18	1.2918e-17
2.5878e+14	1.4486e-17	1.1187e-17
2.5899e+14	1.3844e-17	1.0505e-17
2.5919e+14	-3.8633e-18	1.2098e-17
2.594e+14	7.377e-18	1.0936e-17
2.596e+14	1.782e-17	9.8194e-18
2.5981e+14	-6.1147e-20	1.2436e-17
2.6001e+14	7.895e-19	1.2701e-17
2.6022e+14	1.8818e-17	9.9035e-18
2.6042e+14	7.5259e-18	1.1186e-17
2.6063e+14	-3.1631e-18	1.3466e-17
2.6083e+14	1.4661e-17	1.0975e-17
2.6104e+14	1.3845e-17	9.8336e-18
2.6124e+14	-4.1678e-18	1.2452e-17
2.6145e+14	7.4177e-18	1.1612e-17
2.6165e+14	1.8571e-17	9.0176e-18
2.6186e+14	6.9179e-19	1.0705e-17
2.6206e+14	1.0772e-18	1.1855e-17
2.6227e+14	1.9215e-17	9.7691e-18
2.6247e+14	8.0356e-18	1.0417e-17
2.6268e+14	-3.4728e-18	1.2196e-17
2.6288e+14	1.3856e-17	1.0132e-17
2.6309e+14	1.3926e-17	9.25e-18
2.6329e+14	-3.519e-18	1.1644e-17
2.635e+14	7.2805e-18	1.1029e-17
2.637e+14	1.799e-17	9.0462e-18
2.6391e+14	5.3027e-19	1.0749e-17
2.6411e+14	6.8869e-19	1.1421e-17
2.6432e+14	1.8369e-17	9.2669e-18
2.6452e+14	8.0302e-18	1.0318e-17
2.6473e+14	-2.4759e-18	1.2478e-17
2.6494e+14	1.4347e-17	1.0678e-17
2.6514e+14	1.3536e-17	9.7378e-18
2.6535e+14	-3.7284e-18	1.1369e-17
2.6555e+14	7.5777e-18	9.9271e-18
2.6576e+14	1.8183e-17	8.1229e-18
2.6596e+14	3.4851e-19	1.0432e-17
2.6617e+14	4.9452e-19	1.0849e-17
2.6637e+14	1.85e-17	8.2594e-18
2.6658e+14	7.9986e-18	9.9386e-18
2.6678e+14	-3.4353e-18	1.2567e-17
2.6699e+14	1.3217e-17	9.645e-18
2.6719e+14	1.3702e-17	7.8316e-18
2.674e+14	-3.0483e-18	1.0841e-17
2.676e+14	6.9953e-18	1.1158e-17
2.6781e+14	1.7321e-17	9.1805e-18
2.6801e+14	1.0475e-18	1.0668e-17
2.6822e+14	1.4264e-18	1.1195e-17
2.6842e+14	1.7764e-17	8.4658e-18
2.6863e+14	7.0075e-18	9.1461e-18
2.6883e+14	-2.9219e-18	1.1635e-17
2.6904e+14	1.398e-17	9.8557e-18
2.6924e+14	1.3291e-17	8.6474e-18
2.6945e+14	-3.6187e-18	1.1024e-17
2.6965e+14	7.4448e-18	1.0564e-17
2.6986e+14	1.8291e-17	8.4547e-18
2.7006e+14	1.7221e-18	1.0538e-17
2.7027e+14	1.7646e-18	1.1912e-17
2.7047e+14	1.7968e-17	9.0858e-18
2.7068e+14	7.0817e-18	8.5461e-18
2.7088e+14	-2.8581e-18	1.0356e-17
2.7109e+14	1.4555e-17	9.1017e-18
2.7129e+14	1.464e-17	8.217e-18
2.715e+14	-2.3638e-18	1.0365e-17
2.717e+14	7.548e-18	1.0216e-17
2.7191e+14	1.7677e-17	8.3956e-18
2.7211e+14	1.6336e-18	9.5377e-18
2.7232e+14	2.4207e-18	1.024e-17
2.7252e+14	1.8817e-17	8.8114e-18
2.7273e+14	7.872e-18	9.9079e-18
2.7293e+14	-2.3576e-18	1.1256e-17
2.7314e+14	1.4409e-17	8.9489e-18
2.7334e+14	1.4043e-17	8.6102e-18
2.7355e+14	-2.8436e-18	1.151e-17
2.7375e+14	7.321e-18	1.0503e-17
2.7396e+14	1.745e-17	7.8773e-18
2.7416e+14	1.2638e-18	9.9013e-18
2.7437e+14	1.9657e-18	1.108e-17
2.7457e+14	1.8336e-17	8.0455e-18
2.7478e+14	7.3831e-18	8.0598e-18
2.7498e+14	-2.5549e-18	1.0859e-17
2.7519e+14	1.4853e-17	9.6926e-18
2.7539e+14	1.4498e-17	7.8815e-18
2.756e+14	-3.3065e-18	9.4823e-18
2.758e+14	6.852e-18	9.6342e-18
2.7601e+14	1.8416e-17	8.0824e-18
2.7621e+14	2.344e-18	9.3208e-18
2.7642e+14	1.1831e-18	1.029e-17
2.7662e+14	1.713e-17	8.649e-18
2.7683e+14	7.6824e-18	9.0348e-18
2.7703e+14	-2.3559e-18	1.0596e-17
2.7724e+14	1.3658e-17	9.1796e-18
2.7744e+14	1.4122e-17	8.424e-18
2.7765e+14	-1.9847e-18	1.0096e-17
2.7785e+14	7.2266e-18	9.2343e-18
2.7806e+14	1.6994e-17	7.4392e-18
2.7826e+14	1.4657e-18	9.1713e-18
2.7847e+14	1.694e-18	1.0035e-17
2.7867e+14	1.7731e-17	7.8561e-18
2.7888e+14	7.9846e-18	8.2591e-18
2.7908e+14	-2.0538e-18	1.0259e-17
2.7929e+14	1.3616e-17	9.0126e-18
2.7949e+14	1.3675e-17	8.2435e-18
2.797e+14	-2.2329e-18	1.0262e-17
2.799e+14	7.6641e-18	1.0024e-17
2.8011e+14	1.8108e-17	8.413e-18
2.8031e+14	2.2169e-18	9.6536e-18
2.8052e+14	8.0283e-19	9.9784e-18
2.8072e+14	1.6151e-17	7.655e-18
2.8093e+14	7.8422e-18	8.097e-18
2.8113e+14	-1.3622e-18	1.0291e-17
2.8134e+14	1.3168e-17	9.4633e-18
2.8154e+14	1.293e-17	8.6965e-18
2.8175e+14	-1.651e-18	9.9194e-18
2.8195e+14	8.2734e-18	9.1296e-18
2.8216e+14	1.731e-17	8.0421e-18
2.8237e+14	1.3881e-18	1.0009e-17
2.8257e+14	1.1523e-18	1.0487e-17
2.8278e+14	1.6586e-17	8.366e-18
2.8298e+14	7.2331e-18	9.1452e-18
2.8319e+14	-2.769e-18	1.0786e-17
2.8339e+14	1.2019e-17	8.9137e-18
2.836e+14	1.327e-17	8.4594e-18
2.838e+14	-1.284e-19	1.1162e-17
2.8401e+14	8.7221e-18	1.0645e-17
2.8421e+14	1.6065e-17	8.2449e-18
2.8442e+14	8.4567e-19	9.5971e-18
2.8462e+14	2.2916e-18	1.0818e-17
2.8483e+14	1.736e-17	8.8517e-18
2.8503e+14	7.1081e-18	8.7433e-18
2.8524e+14	-1.8242e-18	1.0298e-17
2.8544e+14	1.3834e-17	9.2645e-18
2.8565e+14	1.3357e-17	8.6078e-18
2.8585e+14	-1.6576e-18	1.0139e-17
2.8606e+14	8.5045e-18	9.4863e-18
2.8626e+14	1.7509e-17	7.7743e-18
2.8647e+14	1.1489e-18	8.8342e-18
2.8667e+14	7.4689e-19	9.3595e-18
2.8688e+14	1.6482e-17	7.9944e-18
2.8708e+14	7.8796e-18	8.9171e-18
2.8729e+14	-1.3321e-18	1.0259e-17
2.8749e+14	1.3244e-17	8.5067e-18
2.877e+14	1.3067e-17	7.7955e-18
2.879e+14	-1.4203e-18	9.2276e-18
2.8811e+14	8.1555e-18	8.0894e-18
2.8831e+14	1.7072e-17	6.7331e-18
2.8852e+14	2.0489e-18	9.0493e-18
2.8872e+14	2.467e-18	1.0092e-17
2.8893e+14	1.74e-17	8.1655e-18
2.8913e+14	7.7536e-18	8.7242e-18
2.8934e+14	-1.5776e-18	1.018e-17
2.8954e+14	1.3593e-17	8.3215e-18
2.8975e+14	1.3997e-17	7.6027e-18
2.8995e+14	-6.2997e-19	9.8208e-18
2.9016e+14	8.329e-18	9.5196e-18
2.9036e+14	1.715e-17	7.8836e-18
2.9057e+14	2.2242e-18	9.1804e-18
2.9077e+14	2.0167e-18	9.6403e-18
2.9098e+14	1.6702e-17	7.7019e-18
2.9118e+14	8.2067e-18	8.2418e-18
2.9139e+14	-5.2387e-19	9.7026e-18
2.9159e+14	1.3333e-17	8.1759e-18
2.918e+14	1.2737e-17	7.7481e-18
2.92e+14	-1.0321e-18	9.7792e-18
2.9221e+14	8.8555e-18	9.2146e-18
2.9241e+14	1.7564e-17	7.7493e-18
2.9262e+14	2.6708e-18	9.3357e-18
2.9282e+14	2.7862e-18	9.7127e-18
2.9303e+14	1.6933e-17	7.4483e-18
2.9323e+14	7.5002e-18	7.7511e-18
2.9344e+14	-1.0472e-18	9.2032e-18
2.9364e+14	1.3864e-17	7.9599e-18
2.9385e+14	1.3495e-17	7.8048e-18
2.9405e+14	-1.2887e-18	9.5569e-18
2.9426e+14	7.7965e-18	8.4877e-18
2.9446e+14	1.6811e-17	7.1961e-18
2.9467e+14	2.3009e-18	9.3107e-18
2.9487e+14	2.1792e-18	9.5206e-18
2.9508e+14	1.6633e-17	6.8945e-18
2.9528e+14	8.4064e-18	7.7398e-18
2.9549e+14	8.2804e-20	9.7445e-18
2.9569e+14	1.3547e-17	7.8198e-18
2.959e+14	1.2188e-17	7.0312e-18
2.961e+14	-1.8311e-18	9.632e-18
2.9631e+14	8.3063e-18	9.3615e-18
2.9651e+14	1.7313e-17	7.2569e-18
2.9672e+14	2.4041e-18	8.5691e-18
2.9692e+14	2.4438e-18	9.5539e-18
2.9713e+14	1.7154e-17	7.724e-18
2.9733e+14	8.3559e-18	8.011e-18
2.9754e+14	-7.5423e-19	9.5674e-18
2.9774e+14	1.3291e-17	8.3382e-18
2.9795e+14	1.341e-17	7.8312e-18
2.9815e+14	-4.6657e-19	9.3927e-18
2.9836e+14	8.6313e-18	8.3899e-18
2.9856e+14	1.7699e-17	6.9766e-18
2.9877e+14	3.6027e-18	9.1231e-18
2.9897e+14	2.9232e-18	9.8851e-18
2.9918e+14	1.6063e-17	7.5042e-18
2.9938e+14	7.1589e-18	7.8343e-18
2.9959e+14	-1.0889e-18	9.5949e-18
2.9979e+14	1.3101e-17	8.1895e-18
3e+14	1.3003e-17	7.6412e-18
