#Error on normalization	O = -1.296 %	H = 4.550 %
#Frequence (s-1)	S_O (s)	S_H (s)
0	3.0733e-16	9.6756e-17
3.1381e+11	1.2706e-17	1.1053e-16
6.2762e+11	-2.6219e-16	1.2549e-16
9.4142e+11	3.2792e-16	1.5437e-16
1.2552e+12	1.0078e-15	1.9535e-16
1.569e+12	5.0835e-16	1.6041e-16
1.8828e+12	2.9897e-16	1.4636e-16
2.1967e+12	1.9883e-15	2.9948e-16
2.5105e+12	2.8045e-15	3.813e-16
2.8243e+12	1.2784e-15	2.4995e-16
3.1381e+12	3.2976e-15	3.3894e-16
3.4519e+12	1.2458e-14	8.1905e-16
3.7657e+12	2.0934e-14	1.1531e-15
4.0795e+12	2.0244e-14	1.0579e-15
4.3933e+12	1.3029e-14	8.2829e-16
4.7071e+12	6.6088e-15	6.3236e-16
5.0209e+12	4.2767e-15	4.8349e-16
5.3347e+12	6.4077e-15	5.0674e-16
5.6485e+12	1.0338e-14	6.1717e-16
5.9623e+12	1.007e-14	5.8551e-16
6.2762e+12	4.6447e-15	4.8118e-16
6.59e+12	1.1013e-15	4.4923e-16
6.9038e+12	2.6696e-15	4.4664e-16
7.2176e+12	4.0265e-15	4.7777e-16
7.5314e+12	2.7246e-15	5.5185e-16
7.8452e+12	2.6448e-15	5.7336e-16
8.159e+12	4.0281e-15	5.9116e-16
8.4728e+12	3.5363e-15	6.7459e-16
8.7866e+12	3.0494e-15	6.9934e-16
9.1004e+12	5.7003e-15	7.2002e-16
9.4142e+12	8.3894e-15	9.1133e-16
9.728e+12	8.6947e-15	1.0708e-15
1.0042e+13	9.7855e-15	1.0616e-15
1.0356e+13	1.2726e-14	1.2304e-15
1.0669e+13	1.7245e-14	1.7043e-15
1.0983e+13	2.7472e-14	2.209e-15
1.1297e+13	3.9844e-14	2.5687e-15
1.1611e+13	3.9904e-14	2.5287e-15
1.1925e+13	3.0779e-14	2.0927e-15
1.2238e+13	3.59e-14	2.1579e-15
1.2552e+13	5.3604e-14	2.935e-15
1.2866e+13	5.3546e-14	3.0182e-15
1.318e+13	3.5389e-14	2.2357e-15
1.3494e+13	3.3205e-14	2.3991e-15
1.3808e+13	5.005e-14	3.4282e-15
1.4121e+13	5.3095e-14	3.2639e-15
1.4435e+13	3.6254e-14	2.1865e-15
1.4749e+13	2.4442e-14	2.0148e-15
1.5063e+13	2.5141e-14	2.3103e-15
1.5377e+13	2.8136e-14	2.1473e-15
1.569e+13	3.1085e-14	2.4219e-15
1.6004e+13	3.1084e-14	3.1224e-15
1.6318e+13	2.3209e-14	2.879e-15
1.6632e+13	1.8731e-14	2.2626e-15
1.6946e+13	2.7146e-14	2.6409e-15
1.7259e+13	3.2111e-14	3.104e-15
1.7573e+13	2.1905e-14	2.6307e-15
1.7887e+13	1.3314e-14	2.2271e-15
1.8201e+13	1.6808e-14	2.4967e-15
1.8515e+13	1.9519e-14	2.7755e-15
1.8828e+13	1.7612e-14	3.0175e-15
1.9142e+13	2.0899e-14	3.3989e-15
1.9456e+13	2.5385e-14	3.42e-15
1.977e+13	2.1043e-14	3.1402e-15
2.0084e+13	1.4458e-14	3.1987e-15
2.0397e+13	1.5032e-14	3.5487e-15
2.0711e+13	1.8909e-14	3.8977e-15
2.1025e+13	2.1845e-14	4.2256e-15
2.1339e+13	2.5509e-14	4.3378e-15
2.1653e+13	2.7248e-14	4.3301e-15
2.1967e+13	2.3255e-14	4.6226e-15
2.228e+13	1.8746e-14	4.9747e-15
2.2594e+13	2.152e-14	5.2276e-15
2.2908e+13	3.028e-14	6.0114e-15
2.3222e+13	3.6534e-14	7.1163e-15
2.3536e+13	3.5642e-14	7.5953e-15
2.3849e+13	3.2125e-14	7.6562e-15
2.4163e+13	3.1222e-14	7.6162e-15
2.4477e+13	2.9699e-14	7.1618e-15
2.4791e+13	2.3632e-14	7.4274e-15
2.5105e+13	1.8206e-14	9.321e-15
2.5418e+13	1.8682e-14	1.062e-14
2.5732e+13	2.1648e-14	1.036e-14
2.6046e+13	2.3342e-14	1.1523e-14
2.636e+13	2.3853e-14	1.4291e-14
2.6674e+13	2.1872e-14	1.49e-14
2.6987e+13	1.8586e-14	1.3827e-14
2.7301e+13	2.01e-14	1.4808e-14
2.7615e+13	2.5678e-14	1.7023e-14
2.7929e+13	2.6652e-14	1.8032e-14
2.8243e+13	2.1959e-14	1.8894e-14
2.8556e+13	1.9476e-14	1.9916e-14
2.887e+13	2.2493e-14	1.9955e-14
2.9184e+13	2.6703e-14	2.0813e-14
2.9498e+13	2.7318e-14	2.3185e-14
2.9812e+13	2.5726e-14	2.3852e-14
3.0126e+13	3.0161e-14	2.3239e-14
3.0439e+13	4.1982e-14	2.4747e-14
3.0753e+13	4.7684e-14	2.6193e-14
3.1067e+13	4.2153e-14	2.5529e-14
3.1381e+13	4.1653e-14	2.7448e-14
3.1695e+13	5.1833e-14	3.1742e-14
3.2008e+13	5.5197e-14	3.0723e-14
3.2322e+13	4.9253e-14	2.603e-14
3.2636e+13	5.2125e-14	2.6754e-14
3.295e+13	6.1185e-14	3.0663e-14
3.3264e+13	5.8158e-14	3.0148e-14
3.3577e+13	4.9675e-14	2.8414e-14
3.3891e+13	5.1801e-14	2.9771e-14
3.4205e+13	5.5653e-14	2.9603e-14
3.4519e+13	4.9637e-14	2.6847e-14
3.4833e+13	4.2436e-14	2.6512e-14
3.5146e+13	3.9528e-14	2.6753e-14
3.546e+13	3.5501e-14	2.3647e-14
3.5774e+13	3.3397e-14	2.1668e-14
3.6088e+13	3.5549e-14	2.2875e-14
3.6402e+13	3.0921e-14	2.0993e-14
3.6715e+13	1.8347e-14	1.6239e-14
3.7029e+13	1.2941e-14	1.6242e-14
3.7343e+13	1.6305e-14	1.9825e-14
3.7657e+13	1.5329e-14	1.9825e-14
3.7971e+13	9.5706e-15	1.7438e-14
3.8285e+13	7.6563e-15	1.7312e-14
3.8598e+13	8.2673e-15	1.7853e-14
3.8912e+13	7.2756e-15	1.7056e-14
3.9226e+13	6.7107e-15	1.6728e-14
3.954e+13	6.7806e-15	1.6738e-14
3.9854e+13	5.5133e-15	1.5485e-14
4.0167e+13	4.6917e-15	1.4743e-14
4.0481e+13	5.0006e-15	1.5993e-14
4.0795e+13	4.1476e-15	1.6778e-14
4.1109e+13	3.1068e-15	1.5722e-14
4.1423e+13	3.6435e-15	1.5062e-14
4.1736e+13	3.7068e-15	1.5664e-14
4.205e+13	2.7258e-15	1.5512e-14
4.2364e+13	2.8465e-15	1.4318e-14
4.2678e+13	3.2645e-15	1.4432e-14
4.2992e+13	2.4966e-15	1.6097e-14
4.3305e+13	2.1847e-15	1.6391e-14
4.3619e+13	2.673e-15	1.4574e-14
4.3933e+13	2.3588e-15	1.3871e-14
4.4247e+13	2.1121e-15	1.5738e-14
4.4561e+13	2.7214e-15	1.7462e-14
4.4874e+13	2.4211e-15	1.7341e-14
4.5188e+13	1.509e-15	1.6578e-14
4.5502e+13	1.9212e-15	1.5563e-14
4.5816e+13	2.4481e-15	1.4071e-14
4.613e+13	1.7891e-15	1.3728e-14
4.6444e+13	1.606e-15	1.5369e-14
4.6757e+13	2.0836e-15	1.7119e-14
4.7071e+13	1.73e-15	1.7828e-14
4.7385e+13	1.4909e-15	1.815e-14
4.7699e+13	2.1313e-15	1.8229e-14
4.8013e+13	1.9607e-15	1.8382e-14
4.8326e+13	1.1561e-15	1.9696e-14
4.864e+13	1.4492e-15	2.1689e-14
4.8954e+13	1.8407e-15	2.2903e-14
4.9268e+13	1.2853e-15	2.3175e-14
4.9582e+13	1.2899e-15	2.2265e-14
4.9895e+13	1.888e-15	1.9977e-14
5.0209e+13	1.5886e-15	1.866e-14
5.0523e+13	1.2157e-15	1.9756e-14
5.0837e+13	1.6032e-15	2.0188e-14
5.1151e+13	1.4378e-15	1.8458e-14
5.1464e+13	9.159e-16	1.8324e-14
5.1778e+13	1.3868e-15	2.1078e-14
5.2092e+13	1.7322e-15	2.2515e-14
5.2406e+13	1.0333e-15	2.0652e-14
5.272e+13	8.3243e-16	1.8134e-14
5.3033e+13	1.268e-15	1.7051e-14
5.3347e+13	9.893e-16	1.7577e-14
5.3661e+13	7.3668e-16	1.8844e-14
5.3975e+13	1.2667e-15	1.8616e-14
5.4289e+13	1.3097e-15	1.6461e-14
5.4603e+13	8.9181e-16	1.5388e-14
5.4916e+13	1.1801e-15	1.6201e-14
5.523e+13	1.3345e-15	1.5843e-14
5.5544e+13	7.7451e-16	1.3855e-14
5.5858e+13	8.7619e-16	1.2907e-14
5.6172e+13	1.4215e-15	1.2977e-14
5.6485e+13	9.9898e-16	1.2394e-14
5.6799e+13	5.5315e-16	1.2026e-14
5.7113e+13	1.0598e-15	1.2846e-14
5.7427e+13	1.2245e-15	1.3451e-14
5.7741e+13	8.3504e-16	1.289e-14
5.8054e+13	1.0565e-15	1.1954e-14
5.8368e+13	1.2867e-15	1.1408e-14
5.8682e+13	8.5685e-16	1.1405e-14
5.8996e+13	8.7142e-16	1.1393e-14
5.931e+13	1.2902e-15	1.0586e-14
5.9623e+13	9.9972e-16	9.8414e-15
5.9937e+13	7.5461e-16	1.0684e-14
6.0251e+13	1.2794e-15	1.2136e-14
6.0565e+13	1.3947e-15	1.2137e-14
6.0879e+13	9.6469e-16	1.0897e-14
6.1192e+13	1.0929e-15	9.7517e-15
6.1506e+13	1.2982e-15	9.3143e-15
6.182e+13	9.5885e-16	9.8487e-15
6.2134e+13	9.4854e-16	1.0488e-14
6.2448e+13	1.2261e-15	9.7148e-15
6.2762e+13	9.4476e-16	8.5698e-15
6.3075e+13	7.7663e-16	9.1843e-15
6.3389e+13	1.1745e-15	1.0293e-14
6.3703e+13	1.1279e-15	9.755e-15
6.4017e+13	7.8982e-16	8.829e-15
6.4331e+13	1.0877e-15	8.942e-15
6.4644e+13	1.2737e-15	8.9967e-15
6.4958e+13	8.5601e-16	8.6338e-15
6.5272e+13	8.962e-16	8.5977e-15
6.5586e+13	1.254e-15	8.4005e-15
6.59e+13	9.8391e-16	8.2043e-15
6.6213e+13	8.5994e-16	9.1815e-15
6.6527e+13	1.3468e-15	9.969e-15
6.6841e+13	1.2598e-15	8.8666e-15
6.7155e+13	7.6841e-16	8.1384e-15
6.7469e+13	1.0553e-15	9.4682e-15
6.7782e+13	1.3478e-15	9.918e-15
6.8096e+13	8.288e-16	7.9736e-15
6.841e+13	6.2472e-16	6.6793e-15
6.8724e+13	1.0165e-15	7.4869e-15
6.9038e+13	9.6666e-16	8.2541e-15
6.9351e+13	7.5711e-16	7.9693e-15
6.9665e+13	9.6552e-16	7.5769e-15
6.9979e+13	9.1659e-16	7.4561e-15
7.0293e+13	6.4513e-16	7.4257e-15
7.0607e+13	8.7581e-16	7.2896e-15
7.0921e+13	1.0226e-15	6.8206e-15
7.1234e+13	6.5309e-16	6.4018e-15
7.1548e+13	6.3741e-16	6.3419e-15
7.1862e+13	9.0121e-16	6.098e-15
7.2176e+13	6.5847e-16	5.8142e-15
7.249e+13	5.0442e-16	6.1147e-15
7.2803e+13	8.3016e-16	6.0859e-15
7.3117e+13	7.3748e-16	5.2239e-15
7.3431e+13	3.9597e-16	5.1639e-15
7.3745e+13	6.5505e-16	5.9031e-15
7.4059e+13	8.1434e-16	5.3137e-15
7.4372e+13	4.0576e-16	4.2365e-15
7.4686e+13	4.39e-16	5.0143e-15
7.5e+13	8.16e-16	5.9924e-15
7.5314e+13	5.5321e-16	5.0193e-15
7.5628e+13	2.9189e-16	4.2684e-15
7.5941e+13	6.804e-16	5.3149e-15
7.6255e+13	7.737e-16	5.9127e-15
7.6569e+13	4.3927e-16	5.1836e-15
7.6883e+13	5.4855e-16	4.7434e-15
7.7197e+13	6.9223e-16	4.632e-15
7.751e+13	4.0057e-16	4.366e-15
7.7824e+13	4.6033e-16	4.8471e-15
7.8138e+13	7.7652e-16	5.4952e-15
7.8452e+13	4.8651e-16	4.73e-15
7.8766e+13	2.0246e-16	3.7829e-15
7.9079e+13	5.4163e-16	4.3346e-15
7.9393e+13	6.1354e-16	4.9328e-15
7.9707e+13	2.827e-16	4.3653e-15
8.0021e+13	4.0882e-16	4.035e-15
8.0335e+13	6.1106e-16	4.4874e-15
8.0649e+13	3.4483e-16	4.6388e-15
8.0962e+13	3.2887e-16	4.5398e-15
8.1276e+13	6.081e-16	4.6891e-15
8.159e+13	4.065e-16	4.4488e-15
8.1904e+13	1.7192e-16	3.7456e-15
8.2218e+13	4.5762e-16	3.5982e-15
8.2531e+13	5.2705e-16	4.0636e-15
8.2845e+13	2.4896e-16	4.2258e-15
8.3159e+13	3.5469e-16	3.933e-15
8.3473e+13	5.2307e-16	3.8532e-15
8.3787e+13	2.9938e-16	4.307e-15
8.41e+13	2.9527e-16	4.6922e-15
8.4414e+13	5.18e-16	4.3088e-15
8.4728e+13	3.3991e-16	3.8148e-15
8.5042e+13	2.1393e-16	4.3345e-15
8.5356e+13	5.1262e-16	5.0232e-15
8.5669e+13	4.6786e-16	4.3308e-15
8.5983e+13	1.1423e-16	3.1923e-15
8.6297e+13	2.7753e-16	3.3995e-15
8.6611e+13	5.4168e-16	4.2449e-15
8.6925e+13	3.2022e-16	4.2909e-15
8.7238e+13	2.5841e-16	4.1348e-15
8.7552e+13	5.0318e-16	4.6283e-15
8.7866e+13	3.9257e-16	5.0475e-15
8.818e+13	2.1542e-16	4.7348e-15
8.8494e+13	4.1096e-16	4.2188e-15
8.8808e+13	4.1778e-16	4.0909e-15
8.9121e+13	1.8675e-16	4.2513e-15
8.9435e+13	3.169e-16	4.2737e-15
8.9749e+13	4.669e-16	4.0772e-15
9.0063e+13	2.4491e-16	4.1653e-15
9.0377e+13	2.3863e-16	4.7184e-15
9.069e+13	4.7802e-16	5.0174e-15
9.1004e+13	3.5861e-16	4.7153e-15
9.1318e+13	2.1629e-16	4.5378e-15
9.1632e+13	4.3778e-16	4.8775e-15
9.1946e+13	4.5182e-16	5.1323e-15
9.2259e+13	2.2656e-16	4.8946e-15
9.2573e+13	3.5232e-16	4.6005e-15
9.2887e+13	5.1912e-16	4.8457e-15
9.3201e+13	3.4204e-16	5.4579e-15
9.3515e+13	3.2274e-16	5.5152e-15
9.3828e+13	4.8361e-16	4.8427e-15
9.4142e+13	3.2647e-16	4.5333e-15
9.4456e+13	1.8995e-16	4.893e-15
9.477e+13	4.0004e-16	5.0384e-15
9.5084e+13	4.4883e-16	5.2466e-15
9.5397e+13	3.2304e-16	6.1782e-15
9.5711e+13	4.5596e-16	6.468e-15
9.6025e+13	5.0978e-16	5.4344e-15
9.6339e+13	2.8668e-16	5.1872e-15
9.6653e+13	3.1887e-16	6.0591e-15
9.6967e+13	4.7857e-16	5.6464e-15
9.728e+13	2.9759e-16	4.6594e-15
9.7594e+13	2.3924e-16	5.7342e-15
9.7908e+13	5.1378e-16	7.0169e-15
9.8222e+13	4.624e-16	5.8949e-15
9.8536e+13	2.2106e-16	5.0467e-15
9.8849e+13	4.0355e-16	6.5771e-15
9.9163e+13	5.5097e-16	7.3835e-15
9.9477e+13	3.0695e-16	6.108e-15
9.9791e+13	2.9573e-16	5.5445e-15
1.001e+14	4.9507e-16	6.0379e-15
1.0042e+14	3.4386e-16	5.6829e-15
1.0073e+14	2.3407e-16	5.2773e-15
1.0105e+14	4.6586e-16	5.8274e-15
1.0136e+14	4.3009e-16	5.9924e-15
1.0167e+14	1.9197e-16	5.715e-15
1.0199e+14	3.4149e-16	6.0653e-15
1.023e+14	4.7179e-16	5.9699e-15
1.0262e+14	2.3674e-16	4.9511e-15
1.0293e+14	2.3855e-16	4.941e-15
1.0324e+14	4.5018e-16	5.7778e-15
1.0356e+14	2.8867e-16	5.3813e-15
1.0387e+14	1.394e-16	4.6791e-15
1.0418e+14	3.6035e-16	5.3676e-15
1.045e+14	3.5984e-16	5.7794e-15
1.0481e+14	1.3225e-16	4.753e-15
1.0513e+14	2.5769e-16	4.362e-15
1.0544e+14	4.0166e-16	5.4082e-15
1.0575e+14	2.0882e-16	6.0634e-15
1.0607e+14	2.1021e-16	5.6704e-15
1.0638e+14	3.9564e-16	5.0555e-15
1.0669e+14	2.35e-16	4.5519e-15
1.0701e+14	9.8096e-17	4.4262e-15
1.0732e+14	3.2218e-16	4.8113e-15
1.0764e+14	3.2396e-16	4.9336e-15
1.0795e+14	8.5818e-17	4.5253e-15
1.0826e+14	1.9506e-16	4.3795e-15
1.0858e+14	3.5322e-16	4.6055e-15
1.0889e+14	1.7331e-16	4.6551e-15
1.0921e+14	1.3924e-16	4.4842e-15
1.0952e+14	3.0306e-16	4.0835e-15
1.0983e+14	1.8632e-16	3.5964e-15
1.1015e+14	7.7843e-17	3.8037e-15
1.1046e+14	2.726e-16	4.4644e-15
1.1077e+14	2.6942e-16	4.2359e-15
1.1109e+14	6.2452e-17	3.4964e-15
1.114e+14	1.5635e-16	3.6936e-15
1.1172e+14	2.7013e-16	4.1474e-15
1.1203e+14	9.9034e-17	3.5198e-15
1.1234e+14	1.0266e-16	2.5805e-15
1.1266e+14	2.6857e-16	2.3119e-15
1.1297e+14	1.3308e-16	2.3144e-15
1.1328e+14	1.2007e-17	2.4844e-15
1.136e+14	1.9396e-16	2.909e-15
1.1391e+14	1.9274e-16	2.7969e-15
1.1423e+14	1.4449e-17	2.1376e-15
1.1454e+14	1.2929e-16	2.0718e-15
1.1485e+14	2.3672e-16	2.5391e-15
1.1517e+14	5.8049e-17	2.6067e-15
1.1548e+14	6.6074e-17	2.4323e-15
1.1579e+14	2.377e-16	2.3561e-15
1.1611e+14	1.0905e-16	2.1081e-15
1.1642e+14	-3.6191e-18	1.9465e-15
1.1674e+14	1.7848e-16	2.0559e-15
1.1705e+14	1.6977e-16	1.7437e-15
1.1736e+14	-1.3295e-17	1.1757e-15
1.1768e+14	1.0127e-16	1.3034e-15
1.1799e+14	2.0638e-16	1.6023e-15
1.1831e+14	2.0735e-17	1.2916e-15
1.1862e+14	2.8707e-17	1.3327e-15
1.1893e+14	2.1965e-16	2.0787e-15
1.1925e+14	1.1206e-16	2.1187e-15
1.1956e+14	-4.2174e-18	1.3629e-15
1.1987e+14	1.6458e-16	1.1952e-15
1.2019e+14	1.5831e-16	1.4645e-15
1.205e+14	-2.1044e-17	1.2881e-15
1.2082e+14	8.8876e-17	1.1827e-15
1.2113e+14	2.0263e-16	1.4899e-15
1.2144e+14	2.7343e-17	1.4622e-15
1.2176e+14	1.3515e-17	1.1392e-15
1.2207e+14	1.7598e-16	1.1405e-15
1.2238e+14	7.416e-17	1.129e-15
1.227e+14	-2.6922e-17	8.5058e-16
1.2301e+14	1.409e-16	8.9589e-16
1.2333e+14	1.4433e-16	1.227e-15
1.2364e+14	-1.5167e-17	1.2021e-15
1.2395e+14	8.6139e-17	9.8108e-16
1.2427e+14	1.7654e-16	9.9715e-16
1.2458e+14	6.3948e-18	1.0548e-15
1.249e+14	1.1525e-17	9.8942e-16
1.2521e+14	1.7242e-16	9.1751e-16
1.2552e+14	6.1794e-17	8.0381e-16
1.2584e+14	-3.4191e-17	7.2276e-16
1.2615e+14	1.4009e-16	8.2892e-16
1.2646e+14	1.3687e-16	8.9197e-16
1.2678e+14	-3.4312e-17	7.8807e-16
1.2709e+14	6.5312e-17	8.0897e-16
1.2741e+14	1.6513e-16	9.0192e-16
1.2772e+14	-1.4456e-19	7.7484e-16
1.2803e+14	1.4591e-19	6.5792e-16
1.2835e+14	1.6486e-16	7.6883e-16
1.2866e+14	6.7957e-17	8.114e-16
1.2897e+14	-3.1165e-17	7.2346e-16
1.2929e+14	1.2421e-16	7.4083e-16
1.296e+14	1.1688e-16	7.4777e-16
1.2992e+14	-4.5045e-17	6.5093e-16
1.3023e+14	5.5242e-17	6.646e-16
1.3054e+14	1.5498e-16	6.9682e-16
1.3086e+14	-9.974e-19	5.6436e-16
1.3117e+14	8.9598e-19	5.3892e-16
1.3149e+14	1.5465e-16	6.7096e-16
1.318e+14	5.1451e-17	5.9214e-16
1.3211e+14	-4.5854e-17	4.5156e-16
1.3243e+14	1.1354e-16	6.2296e-16
1.3274e+14	1.1322e-16	7.8907e-16
1.3305e+14	-4.4576e-17	6.5956e-16
1.3337e+14	5.3279e-17	5.9568e-16
1.3368e+14	1.5454e-16	7.0108e-16
1.34e+14	2.1713e-18	6.5542e-16
1.3431e+14	-1.4625e-18	5.3461e-16
1.3462e+14	1.4969e-16	5.4818e-16
1.3494e+14	5.4601e-17	5.4867e-16
1.3525e+14	-4.577e-17	5.1383e-16
1.3556e+14	9.9992e-17	5.7167e-16
1.3588e+14	1.0497e-16	5.6481e-16
1.3619e+14	-3.9329e-17	4.4806e-16
1.3651e+14	4.7064e-17	4.6277e-16
1.3682e+14	1.2992e-16	5.3683e-16
1.3713e+14	-1.6688e-17	4.7445e-16
1.3745e+14	-8.6048e-18	4.62e-16
1.3776e+14	1.4066e-16	5.5589e-16
1.3808e+14	4.7164e-17	5.0856e-16
1.3839e+14	-4.2936e-17	4.193e-16
1.387e+14	1.0388e-16	4.8591e-16
1.3902e+14	1.012e-16	4.7931e-16
1.3933e+14	-4.5657e-17	3.4293e-16
1.3964e+14	4.4342e-17	3.6997e-16
1.3996e+14	1.3256e-16	4.606e-16
1.4027e+14	-1.1252e-17	3.8059e-16
1.4059e+14	-7.6771e-18	3.6855e-16
1.409e+14	1.3588e-16	5.0353e-16
1.4121e+14	4.3065e-17	4.5874e-16
1.4153e+14	-4.708e-17	3.1644e-16
1.4184e+14	9.5815e-17	3.8002e-16
1.4215e+14	9.4614e-17	4.4836e-16
1.4247e+14	-4.7658e-17	3.5367e-16
1.4278e+14	4.1002e-17	3.5299e-16
1.431e+14	1.2695e-16	4.3173e-16
1.4341e+14	-1.7578e-17	3.5173e-16
1.4372e+14	-1.9722e-17	2.7272e-16
1.4404e+14	1.2095e-16	3.4235e-16
1.4435e+14	3.6834e-17	3.5214e-16
1.4467e+14	-4.7127e-17	2.934e-16
1.4498e+14	9.1798e-17	3.2743e-16
1.4529e+14	9.0358e-17	3.3963e-16
1.4561e+14	-4.7767e-17	2.8975e-16
1.4592e+14	3.8777e-17	3.4665e-16
1.4623e+14	1.244e-16	3.9624e-16
1.4655e+14	-1.2563e-17	2.8978e-16
1.4686e+14	-1.3348e-17	2.5342e-16
1.4718e+14	1.2046e-16	3.491e-16
1.4749e+14	3.4786e-17	3.3594e-16
1.478e+14	-4.7779e-17	2.8358e-16
1.4812e+14	8.7825e-17	3.5427e-16
1.4843e+14	8.4645e-17	3.5481e-16
1.4874e+14	-5.2647e-17	2.4631e-16
1.4906e+14	3.1613e-17	2.584e-16
1.4937e+14	1.1791e-16	2.9331e-16
1.4969e+14	-1.3594e-17	2.0054e-16
1.5e+14	-1.5033e-17	2.0819e-16
1.5031e+14	1.1528e-16	3.3399e-16
1.5063e+14	3.4174e-17	2.9325e-16
1.5094e+14	-4.4567e-17	1.9867e-16
1.5126e+14	8.6915e-17	2.7045e-16
1.5157e+14	8.3882e-17	2.8881e-16
1.5188e+14	-4.8185e-17	1.8148e-16
1.522e+14	3.283e-17	2.1768e-16
1.5251e+14	1.1124e-16	3.1087e-16
1.5282e+14	-2.1433e-17	2.3308e-16
1.5314e+14	-2.0944e-17	1.8505e-16
1.5345e+14	1.1087e-16	2.7258e-16
1.5377e+14	3.2512e-17	2.5806e-16
1.5408e+14	-4.7564e-17	1.8713e-16
1.5439e+14	7.9939e-17	2.4582e-16
1.5471e+14	8.1083e-17	2.6795e-16
1.5502e+14	-4.4806e-17	1.8421e-16
1.5533e+14	3.2317e-17	1.9799e-16
1.5565e+14	1.0713e-16	2.3826e-16
1.5596e+14	-2.0233e-17	1.6771e-16
1.5628e+14	-1.8619e-17	1.8291e-16
1.5659e+14	1.0762e-16	2.9142e-16
1.569e+14	3.0121e-17	2.3442e-16
1.5722e+14	-4.6308e-17	1.3338e-16
1.5753e+14	7.7215e-17	2.0278e-16
1.5785e+14	7.4101e-17	2.3041e-16
1.5816e+14	-5.0153e-17	1.3858e-16
1.5847e+14	2.8565e-17	1.711e-16
1.5879e+14	1.0509e-16	2.4298e-16
1.591e+14	-1.9007e-17	1.5479e-16
1.5941e+14	-1.921e-17	1.1213e-16
1.5973e+14	1.0279e-16	2.0186e-16
1.6004e+14	2.7672e-17	1.866e-16
1.6036e+14	-4.5729e-17	1.3031e-16
1.6067e+14	7.4958e-17	2.132e-16
1.6098e+14	7.1735e-17	2.3839e-16
1.613e+14	-4.8272e-17	1.383e-16
1.6161e+14	2.9573e-17	1.5997e-16
1.6192e+14	1.0265e-16	2.3338e-16
1.6224e+14	-2.0254e-17	1.5919e-16
1.6255e+14	-1.9574e-17	1.2415e-16
1.6287e+14	1.0031e-16	2.0693e-16
1.6318e+14	2.5314e-17	1.6996e-16
1.6349e+14	-4.699e-17	8.5141e-17
1.6381e+14	7.3027e-17	1.6354e-16
1.6412e+14	7.0323e-17	2.15e-16
1.6444e+14	-5.0207e-17	1.2285e-16
1.6475e+14	2.3804e-17	1.1873e-16
1.6506e+14	9.761e-17	1.8875e-16
1.6538e+14	-1.9531e-17	1.4374e-16
1.6569e+14	-1.8784e-17	1.125e-16
1.66e+14	9.7481e-17	1.8e-16
1.6632e+14	2.3887e-17	1.6396e-16
1.6663e+14	-4.7847e-17	1.0236e-16
1.6695e+14	6.8365e-17	1.4639e-16
1.6726e+14	6.7319e-17	1.6016e-16
1.6757e+14	-4.7292e-17	9.222e-17
1.6789e+14	2.6324e-17	1.1552e-16
1.682e+14	9.7574e-17	1.5808e-16
1.6851e+14	-1.8294e-17	9.1205e-17
1.6883e+14	-1.9353e-17	9.3369e-17
1.6914e+14	9.2645e-17	1.9314e-16
1.6946e+14	2.1279e-17	1.6634e-16
1.6977e+14	-4.6461e-17	9.4084e-17
1.7008e+14	6.8207e-17	1.5285e-16
1.704e+14	6.5867e-17	1.7113e-16
1.7071e+14	-4.8154e-17	9.0351e-17
1.7103e+14	2.2594e-17	1.2265e-16
1.7134e+14	9.2445e-17	1.9216e-16
1.7165e+14	-1.8981e-17	1.1856e-16
1.7197e+14	-1.801e-17	7.7997e-17
1.7228e+14	9.16e-17	1.5213e-16
1.7259e+14	2.0593e-17	1.3127e-16
1.7291e+14	-4.6013e-17	6.5724e-17
1.7322e+14	6.6825e-17	1.2839e-16
1.7354e+14	6.4676e-17	1.5801e-16
1.7385e+14	-4.8008e-17	7.3878e-17
1.7416e+14	1.9603e-17	8.422e-17
1.7448e+14	8.7035e-17	1.5444e-16
1.7479e+14	-2.2159e-17	1.0802e-16
1.751e+14	-2.1174e-17	7.7984e-17
1.7542e+14	8.6856e-17	1.4868e-16
1.7573e+14	1.9023e-17	1.3826e-16
1.7605e+14	-4.6004e-17	6.6998e-17
1.7636e+14	6.1978e-17	8.8225e-17
1.7667e+14	5.8637e-17	1.0169e-16
1.7699e+14	-4.8853e-17	5.3178e-17
1.773e+14	2.0384e-17	8.2999e-17
1.7762e+14	8.601e-17	1.3239e-16
1.7793e+14	-2.18e-17	8.4758e-17
1.7824e+14	-1.9592e-17	7.9064e-17
1.7856e+14	8.6204e-17	1.4279e-16
1.7887e+14	1.6544e-17	1.0419e-16
1.7918e+14	-4.916e-17	4.2172e-17
1.795e+14	5.8856e-17	1.0105e-16
1.7981e+14	5.8652e-17	1.29e-16
1.8013e+14	-4.5795e-17	6.6491e-17
1.8044e+14	2.2433e-17	7.9409e-17
1.8075e+14	8.7335e-17	1.1948e-16
1.8107e+14	-2.0405e-17	7.0518e-17
1.8138e+14	-2.2729e-17	6.5616e-17
1.8169e+14	7.9454e-17	1.2305e-16
1.8201e+14	1.4723e-17	8.1643e-17
1.8232e+14	-4.591e-17	3.354e-17
1.8264e+14	5.9723e-17	9.9832e-17
1.8295e+14	5.6514e-17	1.0809e-16
1.8326e+14	-4.8617e-17	3.4444e-17
1.8358e+14	1.745e-17	7.6264e-17
1.8389e+14	8.2875e-17	1.4345e-16
1.8421e+14	-1.9203e-17	7.7822e-17
1.8452e+14	-1.882e-17	5.0792e-17
1.8483e+14	8.1115e-17	1.226e-16
1.8515e+14	1.4913e-17	9.7404e-17
1.8546e+14	-4.7139e-17	3.4808e-17
1.8577e+14	5.696e-17	9.3854e-17
1.8609e+14	5.7383e-17	1.2399e-16
1.864e+14	-4.3032e-17	5.4535e-17
1.8672e+14	2.0454e-17	6.4652e-17
1.8703e+14	8.0543e-17	1.1415e-16
1.8734e+14	-2.3185e-17	6.2885e-17
1.8766e+14	-2.3325e-17	4.3045e-17
1.8797e+14	7.7976e-17	1.0873e-16
1.8828e+14	1.6829e-17	9.3381e-17
1.886e+14	-4.4346e-17	4.3007e-17
1.8891e+14	5.4195e-17	8.3776e-17
1.8923e+14	5.251e-17	8.6818e-17
1.8954e+14	-4.5817e-17	2.1967e-17
1.8985e+14	1.6832e-17	5.6294e-17
1.9017e+14	7.7123e-17	1.1224e-16
1.9048e+14	-2.1675e-17	4.8275e-17
1.9079e+14	-2.0587e-17	2.2579e-17
1.9111e+14	7.6399e-17	9.7237e-17
1.9142e+14	1.3725e-17	8.7973e-17
1.9174e+14	-4.6113e-17	3.1711e-17
1.9205e+14	5.2601e-17	7.2765e-17
1.9236e+14	5.2214e-17	9.2082e-17
1.9268e+14	-4.4977e-17	3.402e-17
1.9299e+14	1.493e-17	5.0673e-17
1.9331e+14	7.386e-17	9.4918e-17
1.9362e+14	-2.197e-17	4.5623e-17
1.9393e+14	-2.03e-17	3.1748e-17
1.9425e+14	7.5112e-17	9.3634e-17
1.9456e+14	1.455e-17	6.9544e-17
1.9487e+14	-4.4146e-17	1.4687e-17
1.9519e+14	5.1014e-17	6.1847e-17
1.955e+14	5.041e-17	8.3583e-17
1.9582e+14	-4.2648e-17	2.7383e-17
1.9613e+14	1.6599e-17	4.3353e-17
1.9644e+14	7.1358e-17	8.4595e-17
1.9676e+14	-2.464e-17	3.5546e-17
1.9707e+14	-2.1732e-17	2.1241e-17
1.9738e+14	7.2631e-17	7.7826e-17
1.977e+14	1.2385e-17	5.4549e-17
1.9801e+14	-4.3891e-17	1.2074e-17
1.9833e+14	5.2192e-17	6.7421e-17
1.9864e+14	5.044e-17	8.2826e-17
1.9895e+14	-4.4488e-17	1.9037e-17
1.9927e+14	1.4526e-17	3.9013e-17
1.9958e+14	7.2538e-17	8.8043e-17
1.999e+14	-2.1604e-17	3.8868e-17
2.0021e+14	-2.1997e-17	2.1617e-17
2.0052e+14	7.1301e-17	8.182e-17
2.0084e+14	1.5002e-17	6.0568e-17
2.0115e+14	-4.2279e-17	7.4429e-18
2.0146e+14	4.8095e-17	5.2105e-17
2.0178e+14	4.7599e-17	7.3498e-17
2.0209e+14	-4.2729e-17	2.0596e-17
2.0241e+14	1.3274e-17	3.8825e-17
2.0272e+14	6.7296e-17	8.2541e-17
2.0303e+14	-2.3787e-17	3.5795e-17
2.0335e+14	-2.2382e-17	1.8789e-17
2.0366e+14	6.7641e-17	7.3404e-17
2.0397e+14	1.1352e-17	5.4615e-17
2.0429e+14	-4.2338e-17	1.2271e-17
2.046e+14	4.9057e-17	5.9489e-17
2.0492e+14	4.8502e-17	7.2349e-17
2.0523e+14	-4.1098e-17	1.3367e-17
2.0554e+14	1.4237e-17	3.5733e-17
2.0586e+14	6.8211e-17	8.7413e-17
2.0617e+14	-2.1074e-17	3.9799e-17
2.0649e+14	-2.0276e-17	1.105e-17
2.068e+14	6.7572e-17	5.8812e-17
2.0711e+14	1.1656e-17	4.664e-17
2.0743e+14	-4.2298e-17	8.993e-18
2.0774e+14	4.628e-17	5.0686e-17
2.0805e+14	4.5507e-17	6.3062e-17
2.0837e+14	-4.2044e-17	1.1116e-17
2.0868e+14	1.3067e-17	2.9625e-17
2.09e+14	6.7e-17	6.92e-17
2.0931e+14	-2.0707e-17	2.4199e-17
2.0962e+14	-2.1014e-17	1.1326e-17
2.0994e+14	6.5147e-17	6.6047e-17
2.1025e+14	1.1358e-17	4.8234e-17
2.1056e+14	-4.1481e-17	5.7161e-18
2.1088e+14	4.4966e-17	4.8361e-17
2.1119e+14	4.4884e-17	6.3052e-17
2.1151e+14	-4.0687e-17	1.1508e-17
2.1182e+14	1.1912e-17	2.9676e-17
2.1213e+14	6.3995e-17	7.1171e-17
2.1245e+14	-2.0892e-17	2.8202e-17
2.1276e+14	-2.0533e-17	1.2537e-17
2.1308e+14	6.3506e-17	6.4099e-17
2.1339e+14	1.1236e-17	4.9381e-17
2.137e+14	-3.9765e-17	9.0791e-18
2.1402e+14	4.4136e-17	4.6376e-17
2.1433e+14	4.2985e-17	5.7312e-17
2.1464e+14	-4.0263e-17	8.2782e-18
2.1496e+14	1.1927e-17	2.5993e-17
2.1527e+14	6.2158e-17	6.451e-17
2.1559e+14	-2.1464e-17	2.4575e-17
2.159e+14	-2.0362e-17	1.0803e-17
2.1621e+14	6.2097e-17	5.4806e-17
2.1653e+14	1.0352e-17	3.5558e-17
2.1684e+14	-3.9061e-17	2.4162e-18
2.1715e+14	4.3758e-17	4.5594e-17
2.1747e+14	4.153e-17	5.5027e-17
2.1778e+14	-4.0877e-17	7.6375e-18
2.181e+14	1.1605e-17	2.9347e-17
2.1841e+14	6.1879e-17	6.308e-17
2.1872e+14	-2.1199e-17	1.5625e-17
2.1904e+14	-2.0851e-17	5.424e-18
2.1935e+14	6.1182e-17	5.7871e-17
2.1967e+14	1.106e-17	3.7717e-17
2.1998e+14	-3.8408e-17	-1.257e-18
2.2029e+14	4.2767e-17	4.3012e-17
2.2061e+14	4.2063e-17	5.6096e-17
2.2092e+14	-3.877e-17	5.2484e-18
2.2123e+14	1.0712e-17	2.2553e-17
2.2155e+14	5.9409e-17	6.0839e-17
2.2186e+14	-2.0208e-17	2.0177e-17
2.2218e+14	-1.8351e-17	8.4825e-18
2.2249e+14	6.1438e-17	5.5674e-17
2.228e+14	1.0605e-17	3.4029e-17
2.2312e+14	-3.9021e-17	-5.5217e-18
2.2343e+14	4.0449e-17	3.723e-17
2.2374e+14	4.0252e-17	5.1459e-17
2.2406e+14	-3.8283e-17	2.3589e-18
2.2437e+14	1.1161e-17	1.8692e-17
2.2469e+14	5.9535e-17	5.7523e-17
2.25e+14	-1.9329e-17	1.9416e-17
2.2531e+14	-1.9158e-17	6.3568e-18
2.2563e+14	5.9095e-17	5.1691e-17
2.2594e+14	1.114e-17	3.4201e-17
2.2626e+14	-3.6714e-17	-2.8088e-18
2.2657e+14	4.0213e-17	3.4799e-17
2.2688e+14	3.9774e-17	4.6906e-17
2.272e+14	-3.6621e-17	3.1352e-18
2.2751e+14	1.0724e-17	2.025e-17
2.2782e+14	5.6002e-17	5.337e-17
2.2814e+14	-2.1279e-17	1.4421e-17
2.2845e+14	-1.9633e-17	4.9244e-18
2.2877e+14	5.6837e-17	5.0079e-17
2.2908e+14	8.7576e-18	3.2541e-17
2.2939e+14	-3.714e-17	4.4946e-19
2.2971e+14	4.006e-17	4.0436e-17
2.3002e+14	3.927e-17	4.7902e-17
2.3033e+14	-3.6747e-17	-3.6415e-19
2.3065e+14	1.0567e-17	1.6789e-17
2.3096e+14	5.6657e-17	5.1251e-17
2.3128e+14	-1.9105e-17	1.3229e-17
2.3159e+14	-1.8381e-17	4.3835e-18
2.319e+14	5.6537e-17	4.8024e-17
2.3222e+14	9.501e-18	2.704e-17
2.3253e+14	-3.6196e-17	-6.0861e-18
2.3285e+14	3.8906e-17	3.7017e-17
2.3316e+14	3.8381e-17	4.752e-17
2.3347e+14	-3.5789e-17	-1.2836e-18
2.3379e+14	1.0592e-17	1.4383e-17
2.341e+14	5.5808e-17	4.9162e-17
2.3441e+14	-1.8224e-17	1.0537e-17
2.3473e+14	-1.7266e-17	-5.4243e-19
2.3504e+14	5.6154e-17	4.4638e-17
2.3536e+14	9.4699e-18	2.8446e-17
2.3567e+14	-3.6073e-17	-5.4409e-18
2.3598e+14	3.7515e-17	3.1743e-17
2.363e+14	3.7635e-17	4.1785e-17
2.3661e+14	-3.4569e-17	-1.8134e-18
2.3692e+14	1.1181e-17	1.4886e-17
2.3724e+14	5.5581e-17	4.6533e-17
2.3755e+14	-1.7833e-17	8.0797e-18
2.3787e+14	-1.8276e-17	-4.9435e-19
2.3818e+14	5.363e-17	4.4581e-17
2.3849e+14	9.3363e-18	2.7371e-17
2.3881e+14	-3.4267e-17	-5.3209e-18
2.3912e+14	3.7669e-17	3.3805e-17
2.3944e+14	3.7216e-17	4.3893e-17
2.3975e+14	-3.4325e-17	-2.1573e-18
2.4006e+14	9.5876e-18	1.2309e-17
2.4038e+14	5.3244e-17	4.5919e-17
2.4069e+14	-1.7249e-17	1.1433e-17
2.41e+14	-1.6743e-17	2.036e-18
2.4132e+14	5.3284e-17	4.2404e-17
2.4163e+14	9.3883e-18	2.3802e-17
2.4195e+14	-3.3208e-17	-7.1561e-18
2.4226e+14	3.7148e-17	3.1362e-17
2.4257e+14	3.6196e-17	3.9784e-17
2.4289e+14	-3.384e-17	-4.3812e-18
2.432e+14	9.8141e-18	1.3629e-17
2.4351e+14	5.2887e-17	4.7362e-17
2.4383e+14	-1.6375e-17	9.7187e-18
2.4414e+14	-1.616e-17	-1.2261e-18
2.4446e+14	5.2096e-17	4.1224e-17
2.4477e+14	8.6596e-18	2.4032e-17
2.4508e+14	-3.3191e-17	-8.9107e-18
2.454e+14	3.6181e-17	2.9006e-17
2.4571e+14	3.5984e-17	4.0186e-17
2.4603e+14	-3.2245e-17	-4.2908e-18
2.4634e+14	9.9316e-18	1.0178e-17
2.4665e+14	5.0808e-17	4.5641e-17
2.4697e+14	-1.7836e-17	1.2736e-17
2.4728e+14	-1.7146e-17	-4.6344e-19
2.4759e+14	5.0775e-17	3.7457e-17
2.4791e+14	8.9147e-18	2.3222e-17
2.4822e+14	-3.2021e-17	-6.5839e-18
2.4854e+14	3.5348e-17	2.6668e-17
2.4885e+14	3.4303e-17	3.5193e-17
2.4916e+14	-3.274e-17	-4.0373e-18
2.4948e+14	9.1564e-18	1.2491e-17
2.4979e+14	4.9739e-17	4.2548e-17
2.501e+14	-1.714e-17	6.9055e-18
2.5042e+14	-1.5857e-17	-3.0832e-18
2.5073e+14	5.0974e-17	3.7398e-17
2.5105e+14	9.3981e-18	2.3315e-17
2.5136e+14	-3.1263e-17	-6.3369e-18
2.5167e+14	3.4832e-17	2.6694e-17
2.5199e+14	3.3813e-17	3.4402e-17
2.523e+14	-3.2195e-17	-5.1551e-18
2.5262e+14	9.0009e-18	1.1218e-17
2.5293e+14	4.9246e-17	4.1257e-17
2.5324e+14	-1.6435e-17	6.3928e-18
2.5356e+14	-1.58e-17	-2.8249e-18
2.5387e+14	4.9437e-17	3.7876e-17
2.5418e+14	8.6568e-18	2.3813e-17
2.545e+14	-3.1538e-17	-6.7116e-18
2.5481e+14	3.3082e-17	2.5178e-17
2.5513e+14	3.2912e-17	3.3587e-17
2.5544e+14	-3.0333e-17	-5.0211e-18
2.5575e+14	1.0944e-17	1.0244e-17
2.5607e+14	5.0227e-17	4.0286e-17
2.5638e+14	-1.48e-17	8.1256e-18
2.5669e+14	-1.4611e-17	-8.9672e-19
2.5701e+14	4.909e-17	3.617e-17
2.5732e+14	8.7863e-18	2.0553e-17
2.5764e+14	-3.0721e-17	-8.0864e-18
2.5795e+14	3.3074e-17	2.4903e-17
2.5826e+14	3.3226e-17	3.3166e-17
2.5858e+14	-2.9557e-17	-5.2734e-18
2.5889e+14	9.4651e-18	9.3457e-18
2.5921e+14	4.7378e-17	3.8303e-17
2.5952e+14	-1.5677e-17	6.6623e-18
2.5983e+14	-1.4642e-17	-1.442e-18
2.6015e+14	4.7959e-17	3.5466e-17
2.6046e+14	8.4682e-18	2.0198e-17
2.6077e+14	-2.9754e-17	-7.498e-18
2.6109e+14	3.307e-17	2.498e-17
2.614e+14	3.2557e-17	3.1811e-17
2.6172e+14	-2.9533e-17	-7.0387e-18
2.6203e+14	9.5829e-18	8.1745e-18
2.6234e+14	4.7939e-17	3.7689e-17
2.6266e+14	-1.4202e-17	5.3933e-18
2.6297e+14	-1.4371e-17	-4.6857e-18
2.6328e+14	4.6831e-17	3.1576e-17
2.636e+14	8.7899e-18	1.8077e-17
2.6391e+14	-2.8383e-17	-8.953e-18
2.6423e+14	3.3302e-17	2.2284e-17
2.6454e+14	3.3034e-17	3.0102e-17
2.6485e+14	-2.8254e-17	-6.1302e-18
2.6517e+14	8.9585e-18	8.2601e-18
2.6548e+14	4.5906e-17	3.5161e-17
2.6579e+14	-1.4829e-17	4.2603e-18
2.6611e+14	-1.4575e-17	-1.8273e-18
2.6642e+14	4.5912e-17	3.5354e-17
2.6674e+14	8.9266e-18	1.9297e-17
2.6705e+14	-2.7943e-17	-9.9423e-18
2.6736e+14	3.1971e-17	2.1636e-17
2.6768e+14	3.2055e-17	3.1088e-17
2.6799e+14	-2.7296e-17	-4.8291e-18
2.6831e+14	9.4759e-18	8.767e-18
2.6862e+14	4.5952e-17	3.5992e-17
2.6893e+14	-1.3448e-17	5.0711e-18
2.6925e+14	-1.3876e-17	-3.6417e-18
2.6956e+14	4.4968e-17	3.2145e-17
2.6987e+14	9.6996e-18	1.8989e-17
2.7019e+14	-2.5682e-17	-8.3263e-18
2.705e+14	3.1958e-17	2.0754e-17
2.7082e+14	3.0835e-17	2.8293e-17
2.7113e+14	-2.7183e-17	-6.5814e-18
2.7144e+14	8.9619e-18	7.3099e-18
2.7176e+14	4.4347e-17	3.4046e-17
2.7207e+14	-1.3098e-17	4.329e-18
2.7238e+14	-1.2347e-17	-3.5448e-18
2.727e+14	4.4527e-17	3.1019e-17
2.7301e+14	8.2288e-18	1.7025e-17
2.7333e+14	-2.6375e-17	-1.0044e-17
2.7364e+14	3.1445e-17	1.91e-17
2.7395e+14	3.095e-17	2.7301e-17
2.7427e+14	-2.5798e-17	-6.5199e-18
2.7458e+14	9.6481e-18	6.989e-18
2.749e+14	4.3382e-17	3.3052e-17
2.7521e+14	-1.4156e-17	3.7478e-18
2.7552e+14	-1.3094e-17	-4.4949e-18
2.7584e+14	4.3883e-17	2.9183e-17
2.7615e+14	8.4342e-18	1.6327e-17
2.7646e+14	-2.6071e-17	-9.4194e-18
2.7678e+14	3.0757e-17	1.8754e-17
2.7709e+14	3.0717e-17	2.6518e-17
2.7741e+14	-2.5007e-17	-5.843e-18
2.7772e+14	9.8282e-18	7.6206e-18
2.7803e+14	4.3643e-17	3.2176e-17
2.7835e+14	-1.2413e-17	3.2224e-18
2.7866e+14	-1.1966e-17	-3.8641e-18
2.7897e+14	4.3355e-17	2.9459e-17
2.7929e+14	8.7936e-18	1.6344e-17
2.796e+14	-2.48e-17	-8.7933e-18
2.7992e+14	3.0624e-17	1.9065e-17
2.8023e+14	3.0268e-17	2.6127e-17
2.8054e+14	-2.4258e-17	-5.863e-18
2.8086e+14	1.0039e-17	7.7199e-18
2.8117e+14	4.3037e-17	3.1362e-17
2.8149e+14	-1.2047e-17	2.1613e-18
2.818e+14	-1.157e-17	-4.0961e-18
2.8211e+14	4.25e-17	2.9516e-17
2.8243e+14	8.4526e-18	1.5459e-17
2.8274e+14	-2.394e-17	-1.0683e-17
2.8305e+14	3.1124e-17	1.7647e-17
2.8337e+14	3.031e-17	2.5935e-17
2.8368e+14	-2.4382e-17	-6.6846e-18
2.84e+14	9.0881e-18	5.2242e-18
2.8431e+14	4.2284e-17	2.9937e-17
2.8462e+14	-1.1642e-17	3.1803e-18
2.8494e+14	-1.1732e-17	-3.9426e-18
2.8525e+14	4.1612e-17	2.764e-17
2.8556e+14	8.8283e-18	1.5219e-17
2.8588e+14	-2.3697e-17	-8.6013e-18
2.8619e+14	2.9162e-17	1.8389e-17
2.8651e+14	2.8891e-17	2.4897e-17
2.8682e+14	-2.3319e-17	-6.872e-18
2.8713e+14	9.7094e-18	5.7403e-18
2.8745e+14	4.1463e-17	2.9857e-17
2.8776e+14	-1.1518e-17	3.2224e-18
2.8808e+14	-1.0761e-17	-3.71e-18
2.8839e+14	4.1997e-17	2.7019e-17
2.887e+14	9.0626e-18	1.4519e-17
2.8902e+14	-2.3788e-17	-8.2923e-18
2.8933e+14	2.8679e-17	1.8749e-17
2.8964e+14	3.0118e-17	2.4729e-17
2.8996e+14	-2.0797e-17	-6.5026e-18
2.9027e+14	1.0243e-17	6.8362e-18
2.9059e+14	4.0858e-17	3.0415e-17
2.909e+14	-1.0551e-17	2.477e-18
2.9121e+14	-1.0365e-17	-5.1111e-18
2.9153e+14	4.0274e-17	2.6266e-17
2.9184e+14	8.8165e-18	1.4476e-17
2.9215e+14	-2.1794e-17	-9.1871e-18
2.9247e+14	2.901e-17	1.6811e-17
2.9278e+14	2.8617e-17	2.3548e-17
2.931e+14	-2.1246e-17	-7.0789e-18
2.9341e+14	1.0375e-17	4.9997e-18
2.9372e+14	4.0241e-17	2.8297e-17
2.9404e+14	-1.097e-17	2.3087e-18
2.9435e+14	-1.0289e-17	-4.3536e-18
2.9467e+14	4.0486e-17	2.6218e-17
2.9498e+14	9.7106e-18	1.4405e-17
2.9529e+14	-2.0944e-17	-8.8571e-18
2.9561e+14	2.8646e-17	1.6692e-17
2.9592e+14	2.8179e-17	2.36e-17
2.9623e+14	-2.1228e-17	-6.0746e-18
2.9655e+14	9.6235e-18	5.8175e-18
2.9686e+14	3.9913e-17	2.8378e-17
2.9718e+14	-9.2755e-18	2.4316e-18
2.9749e+14	-9.1383e-18	-4.5521e-18
2.978e+14	3.9232e-17	2.5131e-17
2.9812e+14	8.6892e-18	1.3421e-17
2.9843e+14	-2.0574e-17	-9.0888e-18
2.9874e+14	2.8483e-17	1.6824e-17
2.9906e+14	2.7716e-17	2.3973e-17
2.9937e+14	-2.0764e-17	-6.1337e-18
2.9969e+14	9.9178e-18	4.45e-18
3e+14	3.9616e-17	2.6827e-17
