#Error on normalization	O = 0.800 %	H = 3.014 %
#Frequence (s-1)	S_O (s)	S_H (s)
0	-2.1038e-16	4.9827e-17
1.2014e+11	4.0613e-16	8.1068e-18
2.4029e+11	4.6631e-16	-1.9672e-17
3.6043e+11	-5.4441e-16	1.7348e-17
4.8058e+11	-1.6029e-16	1.331e-17
6.0072e+11	7.0957e-16	-1.5392e-17
7.2087e+11	-1.3866e-16	1.0124e-17
8.4101e+11	-5.547e-16	2.0511e-17
9.6115e+11	5.7375e-16	-9.5192e-18
1.0813e+12	4.0595e-16	3.9368e-18
1.2014e+12	-6.3563e-16	2.5551e-17
1.3216e+12	1.3447e-16	-1.3759e-18
1.4417e+12	7.8369e-16	-2.4884e-19
1.5619e+12	-3.4604e-16	3.086e-17
1.682e+12	-3.1609e-16	1.2037e-17
1.8022e+12	8.7883e-16	-3.3413e-18
1.9223e+12	1.5454e-16	2.7326e-17
2.0425e+12	-6.7916e-16	2.2021e-17
2.1626e+12	6.1894e-16	-9.8776e-19
2.2827e+12	8.1833e-16	2.6101e-17
2.4029e+12	-6.421e-16	3.1021e-17
2.523e+12	5.0682e-18	9.5607e-19
2.6432e+12	1.2523e-15	2.7628e-17
2.7633e+12	5.7694e-17	5.6472e-17
2.8835e+12	-1.0741e-16	3.1668e-17
3.0036e+12	1.8037e-15	4.9981e-17
3.1237e+12	9.4445e-16	7.6288e-17
3.2439e+12	-9.5047e-16	2.3731e-17
3.364e+12	1.0749e-15	3.1282e-17
3.4842e+12	2.1432e-15	9.6273e-17
3.6043e+12	-1.0056e-15	2.4935e-17
3.7245e+12	2.8512e-16	2.8408e-17
3.8446e+12	6.7738e-15	3.0462e-16
3.9648e+12	6.1736e-15	3.6062e-16
4.0849e+12	9.7311e-16	8.9577e-17
4.205e+12	9.0455e-15	4.0217e-16
4.3252e+12	2.9522e-14	1.4588e-15
4.4453e+12	4.117e-14	2.0468e-15
4.5655e+12	3.5102e-14	1.644e-15
4.6856e+12	2.1461e-14	1.0124e-15
4.8058e+12	9.8886e-15	5.6655e-16
4.9259e+12	3.4109e-15	1.9688e-16
5.0461e+12	2.7179e-15	1.18e-16
5.1662e+12	4.9619e-15	3.1959e-16
5.2863e+12	5.3642e-15	3.0564e-16
5.4065e+12	3.0698e-15	9.6098e-17
5.5266e+12	1.5718e-15	1.2254e-16
5.6468e+12	4.0435e-15	2.8918e-16
5.7669e+12	8.2833e-15	3.2251e-16
5.8871e+12	8.5097e-15	3.1862e-16
6.0072e+12	6.5138e-15	3.6072e-16
6.1274e+12	1.1314e-14	4.6604e-16
6.2475e+12	2.0386e-14	6.9468e-16
6.3676e+12	1.9831e-14	7.6112e-16
6.4878e+12	1.0039e-14	4.3089e-16
6.6079e+12	5.3366e-15	1.7936e-16
6.7281e+12	6.6595e-15	3.0058e-16
6.8482e+12	4.494e-15	3.0952e-16
6.9684e+12	1.9352e-15	1.2989e-16
7.0885e+12	5.2213e-15	2.3952e-16
7.2087e+12	7.0017e-15	4.1225e-16
7.3288e+12	2.559e-15	2.1109e-16
7.4489e+12	2.3234e-16	6.0822e-17
7.5691e+12	2.5565e-15	2.3314e-16
7.6892e+12	2.6522e-15	2.4517e-16
7.8094e+12	9.2572e-16	9.1459e-17
7.9295e+12	1.8465e-15	1.8839e-16
8.0497e+12	2.6463e-15	2.8865e-16
8.1698e+12	1.4481e-15	1.5453e-16
8.2899e+12	1.6881e-15	1.6679e-16
8.4101e+12	2.6655e-15	3.001e-16
8.5302e+12	1.9189e-15	1.9323e-16
8.6504e+12	2.1554e-15	1.3129e-16
8.7705e+12	3.7382e-15	3.1035e-16
8.8907e+12	3.0872e-15	2.897e-16
9.0108e+12	2.2829e-15	1.4576e-16
9.131e+12	4.2249e-15	3.1838e-16
9.2511e+12	4.5723e-15	4.4055e-16
9.3712e+12	2.2066e-15	2.3254e-16
9.4914e+12	2.722e-15	2.5448e-16
9.6115e+12	5.272e-15	4.9933e-16
9.7317e+12	5.3725e-15	3.9794e-16
9.8518e+12	6.0641e-15	3.0541e-16
9.972e+12	8.6518e-15	6.2089e-16
1.0092e+13	9.8179e-15	8.1297e-16
1.0212e+13	1.7686e-14	1.1247e-15
1.0332e+13	4.0456e-14	2.4431e-15
1.0453e+13	5.976e-14	3.7236e-15
1.0573e+13	5.3864e-14	3.235e-15
1.0693e+13	3.5465e-14	1.8452e-15
1.0813e+13	2.7816e-14	1.3642e-15
1.0933e+13	2.7979e-14	1.475e-15
1.1053e+13	2.7269e-14	1.3511e-15
1.1173e+13	3.3918e-14	1.5395e-15
1.1294e+13	5.1612e-14	2.3087e-15
1.1414e+13	7.1505e-14	3.0742e-15
1.1534e+13	9.1601e-14	3.881e-15
1.1654e+13	1.0993e-13	4.8669e-15
1.1774e+13	1.1285e-13	5.2443e-15
1.1894e+13	9.9383e-14	4.7174e-15
1.2014e+13	8.6545e-14	4.0648e-15
1.2135e+13	7.382e-14	3.439e-15
1.2255e+13	4.79e-14	2.376e-15
1.2375e+13	2.392e-14	1.4446e-15
1.2495e+13	2.6793e-14	1.5822e-15
1.2615e+13	4.486e-14	2.4067e-15
1.2735e+13	5.5277e-14	3.0204e-15
1.2855e+13	6.4203e-14	3.4266e-15
1.2976e+13	7.638e-14	3.7863e-15
1.3096e+13	7.2217e-14	3.589e-15
1.3216e+13	4.9666e-14	2.6808e-15
1.3336e+13	3.4864e-14	1.8685e-15
1.3456e+13	3.4594e-14	1.6678e-15
1.3576e+13	3.1546e-14	1.6156e-15
1.3696e+13	2.3012e-14	1.3422e-15
1.3817e+13	1.858e-14	1.1346e-15
1.3937e+13	1.9351e-14	1.2103e-15
1.4057e+13	2.7298e-14	1.5267e-15
1.4177e+13	4.3082e-14	2.0559e-15
1.4297e+13	5.0061e-14	2.405e-15
1.4417e+13	3.8104e-14	2.0631e-15
1.4537e+13	2.4855e-14	1.4361e-15
1.4658e+13	2.133e-14	1.2185e-15
1.4778e+13	1.5726e-14	1.116e-15
1.4898e+13	9.4671e-15	8.6448e-16
1.5018e+13	1.5886e-14	1.0847e-15
1.5138e+13	2.3483e-14	1.598e-15
1.5258e+13	1.6183e-14	1.3387e-15
1.5378e+13	8.8487e-15	7.4304e-16
1.5499e+13	1.5851e-14	1.0743e-15
1.5619e+13	2.3793e-14	1.7742e-15
1.5739e+13	2.4853e-14	1.7842e-15
1.5859e+13	2.7811e-14	1.7199e-15
1.5979e+13	2.9256e-14	2.0116e-15
1.6099e+13	2.2358e-14	1.8209e-15
1.6219e+13	1.7654e-14	1.2662e-15
1.634e+13	1.8784e-14	1.2477e-15
1.646e+13	1.3899e-14	1.3112e-15
1.658e+13	7.9078e-15	9.2524e-16
1.67e+13	1.472e-14	9.2679e-16
1.682e+13	2.2558e-14	1.4457e-15
1.694e+13	1.6947e-14	1.4776e-15
1.706e+13	1.3133e-14	1.225e-15
1.7181e+13	2.3725e-14	1.5141e-15
1.7301e+13	3.2936e-14	1.8693e-15
1.7421e+13	3.0694e-14	1.8543e-15
1.7541e+13	2.8525e-14	2.0213e-15
1.7661e+13	3.0103e-14	2.217e-15
1.7781e+13	2.6732e-14	1.8364e-15
1.7901e+13	2.0218e-14	1.454e-15
1.8022e+13	1.933e-14	1.6317e-15
1.8142e+13	2.2992e-14	1.7664e-15
1.8262e+13	2.4684e-14	1.614e-15
1.8382e+13	2.2179e-14	1.6133e-15
1.8502e+13	1.7176e-14	1.6067e-15
1.8622e+13	1.383e-14	1.4087e-15
1.8742e+13	1.5574e-14	1.4898e-15
1.8863e+13	1.9623e-14	1.8082e-15
1.8983e+13	1.9893e-14	1.7753e-15
1.9103e+13	1.6037e-14	1.5188e-15
1.9223e+13	1.4998e-14	1.517e-15
1.9343e+13	2.1343e-14	1.7467e-15
1.9463e+13	2.7628e-14	1.9906e-15
1.9584e+13	2.3093e-14	1.9685e-15
1.9704e+13	1.3115e-14	1.5674e-15
1.9824e+13	1.2523e-14	1.4089e-15
1.9944e+13	1.8884e-14	1.8106e-15
2.0064e+13	1.8301e-14	1.8971e-15
2.0184e+13	1.3296e-14	1.407e-15
2.0304e+13	1.4146e-14	1.3214e-15
2.0425e+13	1.5798e-14	1.6583e-15
2.0545e+13	1.303e-14	1.6313e-15
2.0665e+13	1.4711e-14	1.6187e-15
2.0785e+13	2.0943e-14	1.9452e-15
2.0905e+13	1.9604e-14	1.8199e-15
2.1025e+13	1.6173e-14	1.5207e-15
2.1145e+13	2.7602e-14	2.1449e-15
2.1266e+13	4.762e-14	2.9953e-15
2.1386e+13	5.6725e-14	3.1122e-15
2.1506e+13	5.6079e-14	3.4175e-15
2.1626e+13	5.8982e-14	4.2072e-15
2.1746e+13	6.3861e-14	4.2239e-15
2.1866e+13	6.0288e-14	3.5809e-15
2.1986e+13	4.9711e-14	3.361e-15
2.2107e+13	4.3988e-14	3.2782e-15
2.2227e+13	4.7209e-14	3.1027e-15
2.2347e+13	4.9342e-14	3.3921e-15
2.2467e+13	4.2806e-14	3.5155e-15
2.2587e+13	3.4429e-14	2.8637e-15
2.2707e+13	2.9571e-14	2.5673e-15
2.2827e+13	2.25e-14	2.7896e-15
2.2948e+13	1.5931e-14	2.3324e-15
2.3068e+13	2.143e-14	2.0263e-15
2.3188e+13	3.1302e-14	3.0228e-15
2.3308e+13	2.8388e-14	3.553e-15
2.3428e+13	2.1485e-14	2.6272e-15
2.3548e+13	2.6631e-14	2.3042e-15
2.3668e+13	3.1097e-14	3.0079e-15
2.3789e+13	2.1501e-14	3.0163e-15
2.3909e+13	1.5573e-14	2.8145e-15
2.4029e+13	2.6075e-14	3.4975e-15
2.4149e+13	3.4223e-14	3.7757e-15
2.4269e+13	2.736e-14	3.1939e-15
2.4389e+13	1.9823e-14	3.2335e-15
2.4509e+13	2.1461e-14	3.734e-15
2.463e+13	2.3854e-14	3.6859e-15
2.475e+13	2.1736e-14	3.653e-15
2.487e+13	2.024e-14	3.6255e-15
2.499e+13	2.2567e-14	2.9452e-15
2.511e+13	2.5064e-14	2.8955e-15
2.523e+13	2.2851e-14	4.0583e-15
2.535e+13	1.7312e-14	4.2794e-15
2.5471e+13	1.5417e-14	3.3187e-15
2.5591e+13	1.8512e-14	3.435e-15
2.5711e+13	2.0782e-14	4.2199e-15
2.5831e+13	2.1701e-14	3.9935e-15
2.5951e+13	2.5747e-14	3.8931e-15
2.6071e+13	3.1117e-14	4.7168e-15
2.6191e+13	3.3398e-14	5.0635e-15
2.6312e+13	3.3453e-14	5.1754e-15
2.6432e+13	3.3007e-14	6.049e-15
2.6552e+13	3.3056e-14	6.3282e-15
2.6672e+13	3.499e-14	5.6232e-15
2.6792e+13	3.4881e-14	5.7944e-15
2.6912e+13	2.9879e-14	6.5244e-15
2.7032e+13	2.8847e-14	6.368e-15
2.7153e+13	3.4535e-14	6.4574e-15
2.7273e+13	3.3016e-14	7.3142e-15
2.7393e+13	2.5369e-14	7.3222e-15
2.7513e+13	3.2345e-14	6.9058e-15
2.7633e+13	4.8516e-14	7.3686e-15
2.7753e+13	4.6714e-14	7.7424e-15
2.7873e+13	3.347e-14	8.2008e-15
2.7994e+13	3.5079e-14	9.9122e-15
2.8114e+13	4.2977e-14	1.0377e-14
2.8234e+13	3.8672e-14	8.2952e-15
2.8354e+13	3.7704e-14	8.2211e-15
2.8474e+13	5.2282e-14	1.1298e-14
2.8594e+13	6.1258e-14	1.2018e-14
2.8714e+13	5.5218e-14	9.7563e-15
2.8835e+13	5.2273e-14	9.431e-15
2.8955e+13	5.4916e-14	1.1066e-14
2.9075e+13	5.0546e-14	1.2352e-14
2.9195e+13	4.6967e-14	1.4363e-14
2.9315e+13	5.6084e-14	1.5726e-14
2.9435e+13	6.5558e-14	1.4014e-14
2.9555e+13	6.2958e-14	1.3906e-14
2.9676e+13	5.7252e-14	1.8546e-14
2.9796e+13	5.6831e-14	2.1055e-14
2.9916e+13	5.7004e-14	1.8556e-14
3.0036e+13	5.5612e-14	1.8357e-14
3.0156e+13	5.714e-14	2.1898e-14
3.0276e+13	6.2266e-14	2.3204e-14
3.0396e+13	6.5905e-14	2.301e-14
3.0517e+13	6.317e-14	2.426e-14
3.0637e+13	5.5683e-14	2.3053e-14
3.0757e+13	5.1491e-14	1.9157e-14
3.0877e+13	5.3725e-14	1.8846e-14
3.0997e+13	5.6641e-14	2.0913e-14
3.1117e+13	5.937e-14	1.9847e-14
3.1237e+13	6.7466e-14	1.9205e-14
3.1358e+13	7.5435e-14	2.2837e-14
3.1478e+13	7.0837e-14	2.4886e-14
3.1598e+13	5.8428e-14	2.2207e-14
3.1718e+13	5.4082e-14	2.0227e-14
3.1838e+13	5.6057e-14	2.0949e-14
3.1958e+13	4.9479e-14	2.158e-14
3.2078e+13	3.5652e-14	2.2358e-14
3.2199e+13	2.9962e-14	2.3851e-14
3.2319e+13	3.4195e-14	2.4907e-14
3.2439e+13	3.5869e-14	2.6778e-14
3.2559e+13	3.1827e-14	2.8767e-14
3.2679e+13	2.917e-14	2.6321e-14
3.2799e+13	2.7325e-14	2.2579e-14
3.292e+13	2.25e-14	2.6448e-14
3.304e+13	2.1964e-14	3.4346e-14
3.316e+13	2.9852e-14	3.472e-14
3.328e+13	3.2818e-14	2.9751e-14
3.34e+13	2.4161e-14	3.0597e-14
3.352e+13	2.019e-14	3.7401e-14
3.364e+13	2.9336e-14	4.2643e-14
3.3761e+13	3.4629e-14	4.42e-14
3.3881e+13	2.6572e-14	4.3131e-14
3.4001e+13	1.9163e-14	4.0353e-14
3.4121e+13	2.0257e-14	3.9406e-14
3.4241e+13	2.0575e-14	4.1354e-14
3.4361e+13	1.6465e-14	4.1063e-14
3.4481e+13	1.3749e-14	3.7858e-14
3.4602e+13	1.337e-14	3.9094e-14
3.4722e+13	1.3665e-14	4.545e-14
3.4842e+13	1.5477e-14	4.7135e-14
3.4962e+13	1.6184e-14	4.1228e-14
3.5082e+13	1.3362e-14	3.7379e-14
3.5202e+13	1.1854e-14	4.0522e-14
3.5322e+13	1.3787e-14	4.2858e-14
3.5443e+13	1.3225e-14	3.8844e-14
3.5563e+13	9.5354e-15	3.4676e-14
3.5683e+13	9.3718e-15	3.6638e-14
3.5803e+13	1.2666e-14	4.1339e-14
3.5923e+13	1.3414e-14	4.3195e-14
3.6043e+13	1.1336e-14	4.2124e-14
3.6163e+13	9.8944e-15	3.979e-14
3.6284e+13	9.479e-15	3.6421e-14
3.6404e+13	9.4856e-15	3.3366e-14
3.6524e+13	9.8658e-15	3.2126e-14
3.6644e+13	9.5223e-15	3.1148e-14
3.6764e+13	8.2601e-15	2.8376e-14
3.6884e+13	7.3603e-15	2.4869e-14
3.7004e+13	6.8328e-15	2.2951e-14
3.7125e+13	6.2733e-15	2.3184e-14
3.7245e+13	6.2898e-15	2.4127e-14
3.7365e+13	6.4554e-15	2.391e-14
3.7485e+13	5.9697e-15	2.263e-14
3.7605e+13	5.7446e-15	2.2078e-14
3.7725e+13	5.9621e-15	2.2212e-14
3.7845e+13	5.4087e-15	2.1565e-14
3.7966e+13	4.7989e-15	2.086e-14
3.8086e+13	5.1921e-15	2.0931e-14
3.8206e+13	5.0545e-15	1.9935e-14
3.8326e+13	3.9507e-15	1.7808e-14
3.8446e+13	3.8879e-15	1.7447e-14
3.8566e+13	4.5012e-15	1.8556e-14
3.8686e+13	3.9878e-15	1.8752e-14
3.8807e+13	3.5904e-15	1.9432e-14
3.8927e+13	4.4298e-15	2.1461e-14
3.9047e+13	4.6289e-15	2.156e-14
3.9167e+13	3.8678e-15	2.0148e-14
3.9287e+13	3.9666e-15	2.15e-14
3.9407e+13	4.327e-15	2.3479e-14
3.9527e+13	3.6378e-15	2.1347e-14
3.9648e+13	3.1704e-15	1.8668e-14
3.9768e+13	3.5562e-15	2.0316e-14
3.9888e+13	3.4973e-15	2.3268e-14
4.0008e+13	3.2062e-15	2.4478e-14
4.0128e+13	3.5453e-15	2.5256e-14
4.0248e+13	3.55e-15	2.4376e-14
4.0368e+13	2.8928e-15	2.0837e-14
4.0489e+13	2.8153e-15	1.9282e-14
4.0609e+13	3.1989e-15	2.1162e-14
4.0729e+13	3.1146e-15	2.15e-14
4.0849e+13	2.9393e-15	2.0179e-14
4.0969e+13	2.8961e-15	2.1049e-14
4.1089e+13	2.6067e-15	2.1484e-14
4.1209e+13	2.6165e-15	1.8858e-14
4.133e+13	3.0619e-15	1.8293e-14
4.145e+13	2.915e-15	2.1294e-14
4.157e+13	2.4658e-15	2.1395e-14
4.169e+13	2.7604e-15	1.7764e-14
4.181e+13	3.0015e-15	1.6135e-14
4.193e+13	2.4897e-15	1.6759e-14
4.205e+13	2.3653e-15	1.6828e-14
4.2171e+13	2.7888e-15	1.7852e-14
4.2291e+13	2.616e-15	1.9902e-14
4.2411e+13	2.1961e-15	1.935e-14
4.2531e+13	2.2886e-15	1.6443e-14
4.2651e+13	2.236e-15	1.4167e-14
4.2771e+13	1.9544e-15	1.2721e-14
4.2891e+13	2.1986e-15	1.3094e-14
4.3012e+13	2.4457e-15	1.7016e-14
4.3132e+13	2.1403e-15	2.0157e-14
4.3252e+13	2.0899e-15	1.7652e-14
4.3372e+13	2.3324e-15	1.4022e-14
4.3492e+13	2.096e-15	1.5323e-14
4.3612e+13	1.9589e-15	1.8533e-14
4.3732e+13	2.4078e-15	1.8821e-14
4.3853e+13	2.4274e-15	1.7645e-14
4.3973e+13	1.9426e-15	1.7267e-14
4.4093e+13	2.0043e-15	1.6904e-14
4.4213e+13	2.248e-15	1.6679e-14
4.4333e+13	2.0058e-15	1.7766e-14
4.4453e+13	2.0339e-15	1.9259e-14
4.4573e+13	2.4245e-15	1.944e-14
4.4694e+13	2.2161e-15	1.8351e-14
4.4814e+13	1.7876e-15	1.7474e-14
4.4934e+13	1.9431e-15	1.7869e-14
4.5054e+13	2.048e-15	1.8423e-14
4.5174e+13	1.8023e-15	1.7384e-14
4.5294e+13	1.9186e-15	1.6154e-14
4.5414e+13	2.1254e-15	1.7243e-14
4.5535e+13	1.8409e-15	1.9136e-14
4.5655e+13	1.7697e-15	1.9613e-14
4.5775e+13	2.2154e-15	2.0647e-14
4.5895e+13	2.2777e-15	2.273e-14
4.6015e+13	1.8659e-15	2.17e-14
4.6135e+13	1.6926e-15	1.7989e-14
4.6256e+13	1.7415e-15	1.8068e-14
4.6376e+13	1.81e-15	2.1838e-14
4.6496e+13	1.9831e-15	2.2363e-14
4.6616e+13	1.9675e-15	2.0066e-14
4.6736e+13	1.7379e-15	2.1724e-14
4.6856e+13	1.8497e-15	2.6129e-14
4.6976e+13	2.0857e-15	2.6126e-14
4.7097e+13	1.8787e-15	2.2241e-14
4.7217e+13	1.7618e-15	2.1073e-14
4.7337e+13	2.1257e-15	2.3948e-14
4.7457e+13	2.2075e-15	2.6654e-14
4.7577e+13	1.8413e-15	2.6489e-14
4.7697e+13	1.7304e-15	2.4452e-14
4.7817e+13	1.812e-15	2.3484e-14
4.7938e+13	1.751e-15	2.5296e-14
4.8058e+13	1.8393e-15	2.7673e-14
4.8178e+13	1.9567e-15	2.7436e-14
4.8298e+13	1.7208e-15	2.5165e-14
4.8418e+13	1.6284e-15	2.3554e-14
4.8538e+13	1.9503e-15	2.4527e-14
4.8658e+13	1.9991e-15	2.9366e-14
4.8779e+13	1.7735e-15	3.5126e-14
4.8899e+13	1.9281e-15	3.4008e-14
4.9019e+13	2.1585e-15	2.5796e-14
4.9139e+13	2.0186e-15	2.2056e-14
4.9259e+13	1.9873e-15	2.7265e-14
4.9379e+13	2.1869e-15	3.1047e-14
4.9499e+13	2.1567e-15	2.8453e-14
4.962e+13	2.0448e-15	2.6681e-14
4.974e+13	2.0138e-15	2.6643e-14
4.986e+13	1.7305e-15	2.3234e-14
4.998e+13	1.5465e-15	2.2018e-14
5.01e+13	1.9916e-15	2.9023e-14
5.022e+13	2.3653e-15	3.4305e-14
5.034e+13	2.1025e-15	2.9775e-14
5.0461e+13	1.9244e-15	2.4674e-14
5.0581e+13	2.1069e-15	2.5568e-14
5.0701e+13	2.0528e-15	2.601e-14
5.0821e+13	1.8864e-15	2.4662e-14
5.0941e+13	2.0159e-15	2.6308e-14
5.1061e+13	2.0616e-15	2.7152e-14
5.1181e+13	1.8739e-15	2.3882e-14
5.1302e+13	1.8513e-15	2.3949e-14
5.1422e+13	1.8573e-15	2.878e-14
5.1542e+13	1.6644e-15	2.8755e-14
5.1662e+13	1.6277e-15	2.3677e-14
5.1782e+13	1.761e-15	2.2547e-14
5.1902e+13	1.7458e-15	2.4557e-14
5.2022e+13	1.8161e-15	2.3906e-14
5.2143e+13	1.9938e-15	2.2678e-14
5.2263e+13	1.7317e-15	2.276e-14
5.2383e+13	1.3263e-15	2.181e-14
5.2503e+13	1.5727e-15	2.2222e-14
5.2623e+13	2.0527e-15	2.5666e-14
5.2743e+13	2.0029e-15	2.5982e-14
5.2863e+13	1.7828e-15	2.2572e-14
5.2984e+13	1.7908e-15	2.3146e-14
5.3104e+13	1.6878e-15	2.5789e-14
5.3224e+13	1.4505e-15	2.2718e-14
5.3344e+13	1.4172e-15	1.9222e-14
5.3464e+13	1.5054e-15	2.2904e-14
5.3584e+13	1.5672e-15	2.6713e-14
5.3704e+13	1.6684e-15	2.4691e-14
5.3825e+13	1.7018e-15	2.3828e-14
5.3945e+13	1.6064e-15	2.606e-14
5.4065e+13	1.5155e-15	2.3909e-14
5.4185e+13	1.3801e-15	1.9052e-14
5.4305e+13	1.2688e-15	1.9849e-14
5.4425e+13	1.4728e-15	2.3972e-14
5.4545e+13	1.7149e-15	2.4498e-14
5.4666e+13	1.5645e-15	2.319e-14
5.4786e+13	1.4506e-15	2.3452e-14
5.4906e+13	1.6637e-15	2.336e-14
5.5026e+13	1.5998e-15	2.2524e-14
5.5146e+13	1.271e-15	2.3183e-14
5.5266e+13	1.4026e-15	2.3985e-14
5.5386e+13	1.6557e-15	2.2313e-14
5.5507e+13	1.3308e-15	1.9417e-14
5.5627e+13	1.0399e-15	1.7925e-14
5.5747e+13	1.3526e-15	1.8441e-14
5.5867e+13	1.5992e-15	1.9729e-14
5.5987e+13	1.4672e-15	1.9666e-14
5.6107e+13	1.4385e-15	1.7816e-14
5.6227e+13	1.4173e-15	1.6713e-14
5.6348e+13	1.1569e-15	1.779e-14
5.6468e+13	1.1176e-15	1.9022e-14
5.6588e+13	1.3913e-15	1.8475e-14
5.6708e+13	1.4157e-15	1.6149e-14
5.6828e+13	1.2081e-15	1.316e-14
5.6948e+13	1.1604e-15	1.2142e-14
5.7068e+13	1.1594e-15	1.4206e-14
5.7189e+13	1.1191e-15	1.5226e-14
5.7309e+13	1.2267e-15	1.2593e-14
5.7429e+13	1.3199e-15	1.1744e-14
5.7549e+13	1.2182e-15	1.6216e-14
5.7669e+13	1.1665e-15	1.9243e-14
5.7789e+13	1.2238e-15	1.5842e-14
5.7909e+13	1.2144e-15	1.2185e-14
5.803e+13	1.2424e-15	1.3413e-14
5.815e+13	1.2904e-15	1.4839e-14
5.827e+13	1.093e-15	1.253e-14
5.839e+13	8.6567e-16	9.9891e-15
5.851e+13	9.6933e-16	9.9604e-15
5.863e+13	1.1214e-15	1.054e-14
5.8751e+13	1.0425e-15	1.0673e-14
5.8871e+13	9.7605e-16	1.1115e-14
5.8991e+13	9.8434e-16	1.1288e-14
5.9111e+13	9.1545e-16	1.0709e-14
5.9231e+13	9.2246e-16	1.0565e-14
5.9351e+13	1.0391e-15	1.1098e-14
5.9471e+13	1.0078e-15	1.1143e-14
5.9592e+13	9.0727e-16	1.0801e-14
5.9712e+13	9.3976e-16	1.1028e-14
5.9832e+13	9.4958e-16	1.1381e-14
5.9952e+13	9.0512e-16	1.0872e-14
6.0072e+13	9.5288e-16	9.65e-15
6.0192e+13	9.2e-16	8.5482e-15
6.0312e+13	7.933e-16	8.3823e-15
6.0433e+13	9.2005e-16	9.2672e-15
6.0553e+13	1.0849e-15	9.6828e-15
6.0673e+13	8.3655e-16	8.3201e-15
6.0793e+13	6.077e-16	6.9659e-15
6.0913e+13	8.2682e-16	7.8896e-15
6.1033e+13	9.3912e-16	9.3157e-15
6.1153e+13	6.8914e-16	8.4466e-15
6.1274e+13	6.6122e-16	6.9525e-15
6.1394e+13	8.9627e-16	7.7166e-15
6.1514e+13	9.0492e-16	9.14e-15
6.1634e+13	8.056e-16	8.5395e-15
6.1754e+13	8.5654e-16	7.3691e-15
6.1874e+13	8.4464e-16	7.7802e-15
6.1994e+13	7.6389e-16	8.4234e-15
6.2115e+13	8.1226e-16	7.8084e-15
6.2235e+13	8.1364e-16	7.1313e-15
6.2355e+13	7.015e-16	7.1704e-15
6.2475e+13	7.3428e-16	7.0559e-15
6.2595e+13	8.1964e-16	7.0187e-15
6.2715e+13	7.5472e-16	7.9078e-15
6.2835e+13	7.4526e-16	8.5651e-15
6.2956e+13	8.1089e-16	7.6701e-15
6.3076e+13	6.9949e-16	6.4579e-15
6.3196e+13	5.9046e-16	6.2842e-15
6.3316e+13	6.684e-16	6.1283e-15
6.3436e+13	6.312e-16	5.2387e-15
6.3556e+13	5.029e-16	5.0702e-15
6.3676e+13	6.4521e-16	6.304e-15
6.3797e+13	8.0801e-16	7.2178e-15
6.3917e+13	6.6175e-16	6.7377e-15
6.4037e+13	5.7357e-16	5.9841e-15
6.4157e+13	7.0208e-16	5.8136e-15
6.4277e+13	6.764e-16	5.7789e-15
6.4397e+13	5.7064e-16	5.7572e-15
6.4517e+13	6.5256e-16	6.0135e-15
6.4638e+13	6.6405e-16	6.1558e-15
6.4758e+13	5.3024e-16	5.9337e-15
6.4878e+13	5.7909e-16	5.8121e-15
6.4998e+13	6.7018e-16	5.7927e-15
6.5118e+13	5.5087e-16	5.512e-15
6.5238e+13	5.306e-16	5.3937e-15
6.5358e+13	6.767e-16	5.7399e-15
6.5479e+13	6.236e-16	5.8899e-15
6.5599e+13	5.337e-16	5.7199e-15
6.5719e+13	6.919e-16	5.8126e-15
6.5839e+13	7.3288e-16	5.7751e-15
6.5959e+13	5.3515e-16	5.1098e-15
6.6079e+13	5.3538e-16	4.7612e-15
6.6199e+13	6.4629e-16	5.2335e-15
6.632e+13	5.1966e-16	5.4982e-15
6.644e+13	4.4932e-16	5.3411e-15
6.656e+13	6.0198e-16	5.4659e-15
6.668e+13	5.7567e-16	5.32e-15
6.68e+13	4.201e-16	4.5017e-15
6.692e+13	5.0989e-16	4.4228e-15
6.704e+13	6.1717e-16	5.3899e-15
6.7161e+13	5.1174e-16	5.5706e-15
6.7281e+13	4.9193e-16	4.7692e-15
6.7401e+13	5.682e-16	4.7053e-15
6.7521e+13	4.86e-16	5.3195e-15
6.7641e+13	4.4678e-16	5.3358e-15
6.7761e+13	5.7765e-16	5.049e-15
6.7881e+13	5.5216e-16	5.0249e-15
6.8002e+13	3.9424e-16	4.7204e-15
6.8122e+13	4.1966e-16	4.2625e-15
6.8242e+13	4.9136e-16	4.4552e-15
6.8362e+13	4.4253e-16	4.9368e-15
6.8482e+13	4.6239e-16	4.9598e-15
6.8602e+13	5.0913e-16	4.6833e-15
6.8722e+13	4.2261e-16	4.3536e-15
6.8843e+13	4.1869e-16	4.1342e-15
6.8963e+13	5.463e-16	4.419e-15
6.9083e+13	5.0533e-16	4.741e-15
6.9203e+13	3.8868e-16	4.2727e-15
6.9323e+13	4.6217e-16	3.8508e-15
6.9443e+13	5.2419e-16	4.5549e-15
6.9563e+13	4.4811e-16	5.2618e-15
6.9684e+13	4.6314e-16	4.7544e-15
6.9804e+13	5.0305e-16	4.0512e-15
6.9924e+13	4.0179e-16	4.1788e-15
7.0044e+13	3.9385e-16	4.4866e-15
7.0164e+13	5.1473e-16	4.4225e-15
7.0284e+13	4.5813e-16	4.2552e-15
7.0404e+13	3.4453e-16	4.037e-15
7.0525e+13	4.2808e-16	3.7529e-15
7.0645e+13	4.6309e-16	3.6874e-15
7.0765e+13	3.5696e-16	3.9197e-15
7.0885e+13	4.1712e-16	4.3018e-15
7.1005e+13	5.3765e-16	4.5612e-15
7.1125e+13	4.339e-16	4.3182e-15
7.1245e+13	3.5829e-16	3.9428e-15
7.1366e+13	4.7669e-16	4.2388e-15
7.1486e+13	4.7592e-16	4.5733e-15
7.1606e+13	3.4929e-16	3.8564e-15
7.1726e+13	3.6892e-16	3.1383e-15
7.1846e+13	4.1725e-16	3.7416e-15
7.1966e+13	3.6624e-16	4.4302e-15
7.2087e+13	3.98e-16	4.0398e-15
7.2207e+13	4.6549e-16	3.8585e-15
7.2327e+13	4.0347e-16	4.5133e-15
7.2447e+13	3.8119e-16	4.5892e-15
7.2567e+13	4.5227e-16	3.8894e-15
7.2687e+13	4.0296e-16	3.7417e-15
7.2807e+13	3.285e-16	4.1182e-15
7.2928e+13	4.0173e-16	4.157e-15
7.3048e+13	4.2218e-16	4.0899e-15
7.3168e+13	3.4137e-16	4.1728e-15
7.3288e+13	3.8262e-16	3.9621e-15
7.3408e+13	4.3788e-16	3.6493e-15
7.3528e+13	3.5318e-16	3.7903e-15
7.3648e+13	3.533e-16	4.0283e-15
7.3769e+13	4.4251e-16	3.8798e-15
7.3889e+13	3.6162e-16	3.6842e-15
7.4009e+13	2.8466e-16	3.7735e-15
7.4129e+13	4.1357e-16	3.9088e-15
7.4249e+13	4.4026e-16	3.8443e-15
7.4369e+13	2.9564e-16	3.6997e-15
7.4489e+13	3.2457e-16	3.7882e-15
7.461e+13	4.3117e-16	4.1002e-15
7.473e+13	3.4516e-16	4.1202e-15
7.485e+13	3.038e-16	3.7349e-15
7.497e+13	4.2298e-16	3.5928e-15
7.509e+13	3.9762e-16	3.7973e-15
7.521e+13	2.8035e-16	3.6722e-15
7.533e+13	3.3586e-16	3.3099e-15
7.5451e+13	3.8795e-16	3.4277e-15
7.5571e+13	3.1265e-16	3.8005e-15
7.5691e+13	3.3196e-16	3.7697e-15
7.5811e+13	3.8784e-16	3.5323e-15
7.5931e+13	3.0534e-16	3.5008e-15
7.6051e+13	2.9385e-16	3.5441e-15
7.6171e+13	3.9947e-16	3.4656e-15
7.6292e+13	3.3856e-16	3.2703e-15
7.6412e+13	2.279e-16	3.2136e-15
7.6532e+13	3.3923e-16	3.7466e-15
7.6652e+13	4.3945e-16	4.5492e-15
7.6772e+13	3.5303e-16	4.5592e-15
7.6892e+13	3.2471e-16	3.86e-15
7.7012e+13	3.6194e-16	3.5937e-15
7.7133e+13	2.9479e-16	3.7533e-15
7.7253e+13	2.8605e-16	3.5975e-15
7.7373e+13	3.8418e-16	3.424e-15
7.7493e+13	3.3709e-16	3.5358e-15
7.7613e+13	2.3651e-16	3.3785e-15
7.7733e+13	3.1965e-16	3.1592e-15
7.7853e+13	3.8549e-16	3.6135e-15
7.7974e+13	3.0066e-16	4.1185e-15
7.8094e+13	2.985e-16	3.8094e-15
7.8214e+13	3.5508e-16	3.2685e-15
7.8334e+13	2.8851e-16	3.1867e-15
7.8454e+13	2.785e-16	3.4951e-15
7.8574e+13	4.0391e-16	4.1441e-15
7.8694e+13	3.9263e-16	4.5648e-15
7.8815e+13	2.6932e-16	3.873e-15
7.8935e+13	2.819e-16	2.9e-15
7.9055e+13	3.2308e-16	3.054e-15
7.9175e+13	2.7256e-16	3.5354e-15
7.9295e+13	2.8933e-16	3.2491e-15
7.9415e+13	3.4047e-16	3.1765e-15
7.9535e+13	2.8034e-16	3.8025e-15
7.9656e+13	2.6569e-16	4.0212e-15
7.9776e+13	3.6752e-16	3.9624e-15
7.9896e+13	3.6867e-16	4.3859e-15
8.0016e+13	2.909e-16	4.3462e-15
8.0136e+13	3.2548e-16	3.6032e-15
8.0256e+13	3.7607e-16	3.8065e-15
8.0376e+13	3.3624e-16	4.6036e-15
8.0497e+13	3.1237e-16	3.9442e-15
8.0617e+13	3.0186e-16	2.738e-15
8.0737e+13	2.6995e-16	3.1342e-15
8.0857e+13	3.2542e-16	4.047e-15
8.0977e+13	3.9481e-16	3.8378e-15
8.1097e+13	3.1758e-16	3.6123e-15
8.1217e+13	2.6272e-16	4.0935e-15
8.1338e+13	3.4985e-16	4.0738e-15
8.1458e+13	3.4778e-16	3.4897e-15
8.1578e+13	2.4494e-16	3.3811e-15
8.1698e+13	2.8064e-16	3.5189e-15
8.1818e+13	3.5145e-16	3.4683e-15
8.1938e+13	2.8767e-16	3.6754e-15
8.2058e+13	2.8159e-16	4.0178e-15
8.2179e+13	3.8972e-16	4.1384e-15
8.2299e+13	3.9264e-16	4.5147e-15
8.2419e+13	3.2831e-16	4.8656e-15
8.2539e+13	3.3373e-16	4.1227e-15
8.2659e+13	2.9855e-16	3.0792e-15
8.2779e+13	2.3695e-16	3.3219e-15
8.2899e+13	3.0121e-16	4.0516e-15
8.302e+13	3.5387e-16	3.8399e-15
8.314e+13	2.8152e-16	3.446e-15
8.326e+13	2.7811e-16	3.6972e-15
8.338e+13	3.3874e-16	3.7823e-15
8.35e+13	2.825e-16	3.5188e-15
8.362e+13	2.5024e-16	3.6449e-15
8.374e+13	3.3525e-16	3.6457e-15
8.3861e+13	2.9924e-16	2.9061e-15
8.3981e+13	1.9319e-16	2.6693e-15
8.4101e+13	2.9085e-16	3.6466e-15
8.4221e+13	4.0255e-16	4.2155e-15
8.4341e+13	2.991e-16	3.5629e-15
8.4461e+13	2.5062e-16	3.3307e-15
8.4581e+13	3.7066e-16	4.2303e-15
8.4702e+13	3.8582e-16	4.6675e-15
8.4822e+13	3.1484e-16	4.0442e-15
8.4942e+13	3.4456e-16	3.7474e-15
8.5062e+13	3.4459e-16	4.1294e-15
8.5182e+13	2.6489e-16	4.0489e-15
8.5302e+13	2.8757e-16	3.5154e-15
8.5423e+13	3.3732e-16	3.4955e-15
8.5543e+13	2.7806e-16	3.7103e-15
8.5663e+13	2.8078e-16	3.5435e-15
8.5783e+13	3.7739e-16	3.6544e-15
8.5903e+13	3.5722e-16	4.2555e-15
8.6023e+13	2.7465e-16	4.1362e-15
8.6143e+13	2.7574e-16	3.1879e-15
8.6264e+13	2.5705e-16	2.9094e-15
8.6384e+13	2.2606e-16	3.5155e-15
8.6504e+13	3.1399e-16	3.8196e-15
8.6624e+13	3.7353e-16	3.7626e-15
8.6744e+13	2.9594e-16	3.9134e-15
8.6864e+13	2.8046e-16	3.833e-15
8.6984e+13	3.354e-16	3.4843e-15
8.7105e+13	2.9182e-16	3.8669e-15
8.7225e+13	2.7464e-16	4.6725e-15
8.7345e+13	3.6266e-16	4.4601e-15
8.7465e+13	3.3324e-16	3.6112e-15
8.7585e+13	2.2865e-16	3.6259e-15
8.7705e+13	2.8917e-16	4.1038e-15
8.7825e+13	3.6479e-16	3.834e-15
8.7946e+13	2.9375e-16	3.4215e-15
8.8066e+13	2.8773e-16	3.8604e-15
8.8186e+13	3.6528e-16	4.4232e-15
8.8306e+13	3.167e-16	4.2403e-15
8.8426e+13	2.5997e-16	3.8872e-15
8.8546e+13	3.1875e-16	3.9062e-15
8.8666e+13	2.9041e-16	3.8022e-15
8.8787e+13	1.996e-16	3.3674e-15
8.8907e+13	2.6805e-16	3.1888e-15
8.9027e+13	3.4033e-16	3.4614e-15
8.9147e+13	2.7365e-16	3.7536e-15
8.9267e+13	2.9761e-16	3.9089e-15
8.9387e+13	3.9538e-16	4.0849e-15
8.9507e+13	3.2587e-16	4.2855e-15
8.9628e+13	2.6635e-16	4.5791e-15
8.9748e+13	3.8878e-16	5.0452e-15
8.9868e+13	4.1031e-16	5.1954e-15
8.9988e+13	2.8305e-16	4.5683e-15
9.0108e+13	2.9426e-16	3.8369e-15
9.0228e+13	3.5233e-16	3.9625e-15
9.0348e+13	2.8413e-16	4.6969e-15
9.0469e+13	3.2137e-16	5.2283e-15
9.0589e+13	4.7347e-16	5.3894e-15
9.0709e+13	4.1439e-16	5.2573e-15
9.0829e+13	2.5908e-16	4.8947e-15
9.0949e+13	3.1351e-16	4.7994e-15
9.1069e+13	3.9488e-16	5.0527e-15
9.1189e+13	3.1592e-16	4.7254e-15
9.131e+13	2.6865e-16	3.7488e-15
9.143e+13	3.0408e-16	3.5875e-15
9.155e+13	3.0866e-16	4.5713e-15
9.167e+13	3.4467e-16	5.1259e-15
9.179e+13	3.8732e-16	4.652e-15
9.191e+13	3.1258e-16	4.2842e-15
9.203e+13	2.7796e-16	4.5808e-15
9.2151e+13	3.9367e-16	5.1306e-15
9.2271e+13	4.2515e-16	5.6955e-15
9.2391e+13	3.3271e-16	5.8009e-15
9.2511e+13	3.2605e-16	4.9421e-15
9.2631e+13	3.3728e-16	4.1584e-15
9.2751e+13	2.7425e-16	4.8746e-15
9.2871e+13	3.1747e-16	6.1982e-15
9.2992e+13	4.1904e-16	6.2248e-15
9.3112e+13	3.5539e-16	5.2175e-15
9.3232e+13	2.9461e-16	4.8117e-15
9.3352e+13	4.0083e-16	5.3424e-15
9.3472e+13	4.2835e-16	6.0246e-15
9.3592e+13	3.3765e-16	6.3713e-15
9.3712e+13	3.6892e-16	6.2186e-15
9.3833e+13	4.0821e-16	5.6212e-15
9.3953e+13	2.9721e-16	5.1248e-15
9.4073e+13	2.8081e-16	5.2252e-15
9.4193e+13	4.0954e-16	5.7981e-15
9.4313e+13	4.075e-16	6.5367e-15
9.4433e+13	3.3838e-16	7.2647e-15
9.4553e+13	3.974e-16	7.6177e-15
9.4674e+13	4.2725e-16	7.2821e-15
9.4794e+13	3.788e-16	6.6717e-15
9.4914e+13	4.3407e-16	6.537e-15
9.5034e+13	4.698e-16	6.7949e-15
9.5154e+13	3.458e-16	6.6744e-15
9.5274e+13	3.2009e-16	6.2076e-15
9.5394e+13	4.4536e-16	6.2126e-15
9.5515e+13	4.175e-16	6.4299e-15
9.5635e+13	2.912e-16	5.77e-15
9.5755e+13	3.314e-16	4.8976e-15
9.5875e+13	4.1453e-16	5.5555e-15
9.5995e+13	3.9094e-16	7.0152e-15
9.6115e+13	3.9532e-16	7.1731e-15
9.6235e+13	4.4112e-16	6.7623e-15
9.6356e+13	4.4406e-16	7.5822e-15
9.6476e+13	4.7582e-16	8.1893e-15
9.6596e+13	4.966e-16	6.918e-15
9.6716e+13	3.9961e-16	5.9669e-15
9.6836e+13	3.4994e-16	6.8853e-15
9.6956e+13	4.2604e-16	7.1078e-15
9.7076e+13	4.1301e-16	5.8621e-15
9.7197e+13	3.5107e-16	6.3931e-15
9.7317e+13	4.3761e-16	8.7195e-15
9.7437e+13	4.8213e-16	8.8883e-15
9.7557e+13	3.6394e-16	7.0804e-15
9.7677e+13	3.7945e-16	6.987e-15
9.7797e+13	5.2074e-16	8.0139e-15
9.7918e+13	4.6085e-16	7.4474e-15
9.8038e+13	3.3418e-16	6.7925e-15
9.8158e+13	3.9924e-16	7.7889e-15
9.8278e+13	4.3922e-16	8.0312e-15
9.8398e+13	3.4275e-16	6.4258e-15
9.8518e+13	3.3219e-16	5.4847e-15
9.8638e+13	3.3954e-16	5.549e-15
9.8759e+13	2.2864e-16	4.9612e-15
9.8879e+13	2.5082e-16	4.9939e-15
9.8999e+13	4.3057e-16	6.718e-15
9.9119e+13	4.0973e-16	7.2544e-15
9.9239e+13	2.5344e-16	5.4698e-15
9.9359e+13	2.8352e-16	4.6137e-15
9.9479e+13	3.562e-16	5.5485e-15
9.96e+13	2.89e-16	5.5886e-15
9.972e+13	2.8036e-16	4.8545e-15
9.984e+13	3.5827e-16	5.4912e-15
9.996e+13	3.3411e-16	6.4836e-15
1.0008e+14	2.8979e-16	6.1305e-15
1.002e+14	3.2437e-16	5.689e-15
1.0032e+14	3.0645e-16	6.1343e-15
1.0044e+14	2.6345e-16	6.297e-15
1.0056e+14	3.091e-16	5.8339e-15
1.0068e+14	3.1017e-16	5.3854e-15
1.008e+14	2.3301e-16	4.8413e-15
1.0092e+14	2.6579e-16	4.5778e-15
1.0104e+14	3.4101e-16	5.3257e-15
1.0116e+14	2.7998e-16	5.884e-15
1.0128e+14	2.1921e-16	5.0206e-15
1.014e+14	2.6559e-16	4.2836e-15
1.0152e+14	2.8092e-16	5.0656e-15
1.0164e+14	2.7454e-16	5.9929e-15
1.0176e+14	3.2918e-16	5.9161e-15
1.0188e+14	3.2428e-16	5.6092e-15
1.02e+14	2.5615e-16	5.5303e-15
1.0212e+14	2.8208e-16	5.4027e-15
1.0224e+14	3.0873e-16	5.2921e-15
1.0236e+14	2.2303e-16	5.0336e-15
1.0248e+14	2.1091e-16	4.5482e-15
1.026e+14	3.0336e-16	4.7217e-15
1.0272e+14	2.7931e-16	5.5331e-15
1.0284e+14	1.9613e-16	5.3859e-15
1.0296e+14	2.2949e-16	4.2968e-15
1.0308e+14	2.5266e-16	4.1198e-15
1.032e+14	1.9704e-16	4.8015e-15
1.0332e+14	2.2017e-16	4.7531e-15
1.0344e+14	2.7019e-16	4.1966e-15
1.0356e+14	2.0676e-16	4.0592e-15
1.0368e+14	1.5966e-16	3.7801e-15
1.038e+14	2.0432e-16	3.2298e-15
1.0392e+14	2.0748e-16	3.531e-15
1.0404e+14	1.9116e-16	4.4238e-15
1.0416e+14	2.2812e-16	4.4158e-15
1.0429e+14	2.0747e-16	3.6324e-15
1.0441e+14	1.5021e-16	3.3665e-15
1.0453e+14	2.0572e-16	3.8092e-15
1.0465e+14	2.6092e-16	4.3075e-15
1.0477e+14	1.8991e-16	4.3157e-15
1.0489e+14	1.5091e-16	3.4921e-15
1.0501e+14	1.8672e-16	2.5326e-15
1.0513e+14	1.6194e-16	2.9961e-15
1.0525e+14	1.5511e-16	4.677e-15
1.0537e+14	2.3288e-16	5.1721e-15
1.0549e+14	2.1382e-16	3.5757e-15
1.0561e+14	1.1443e-16	2.0443e-15
1.0573e+14	1.3976e-16	2.295e-15
1.0585e+14	1.903e-16	3.2118e-15
1.0597e+14	1.2896e-16	3.2882e-15
1.0609e+14	1.2434e-16	2.9464e-15
1.0621e+14	1.9812e-16	3.0295e-15
1.0633e+14	1.6215e-16	3.1878e-15
1.0645e+14	1.0907e-16	3.067e-15
1.0657e+14	1.75e-16	3.1226e-15
1.0669e+14	1.8744e-16	3.3306e-15
1.0681e+14	1.1476e-16	3.0541e-15
1.0693e+14	1.4731e-16	2.5146e-15
1.0705e+14	1.9698e-16	2.3889e-15
1.0717e+14	1.2222e-16	2.4216e-15
1.0729e+14	1.047e-16	2.3354e-15
1.0741e+14	1.9613e-16	2.7121e-15
1.0753e+14	1.8772e-16	3.3861e-15
1.0765e+14	1.2382e-16	3.1833e-15
1.0777e+14	1.5639e-16	2.2469e-15
1.0789e+14	1.6462e-16	1.9464e-15
1.0801e+14	1.0856e-16	2.327e-15
1.0813e+14	1.3716e-16	2.369e-15
1.0825e+14	1.713e-16	2.0834e-15
1.0837e+14	1.0144e-16	2.0417e-15
1.0849e+14	9.5713e-17	2.0958e-15
1.0861e+14	1.7445e-16	2.0448e-15
1.0873e+14	1.4185e-16	2.1188e-15
1.0885e+14	8.1157e-17	2.3263e-15
1.0897e+14	1.4554e-16	2.5174e-15
1.0909e+14	1.7257e-16	2.6574e-15
1.0921e+14	9.9814e-17	2.4736e-15
1.0933e+14	1.0643e-16	1.8625e-15
1.0945e+14	1.4504e-16	1.4492e-15
1.0957e+14	8.8767e-17	1.5951e-15
1.0969e+14	7.7729e-17	1.7414e-15
1.0981e+14	1.4415e-16	1.5524e-15
1.0993e+14	1.1257e-16	1.3952e-15
1.1005e+14	5.533e-17	1.4314e-15
1.1017e+14	1.1331e-16	1.5267e-15
1.1029e+14	1.3649e-16	1.6961e-15
1.1041e+14	7.234e-17	1.7626e-15
1.1053e+14	9.1972e-17	1.4445e-15
1.1065e+14	1.3827e-16	1.0769e-15
1.1077e+14	8.0216e-17	1.1875e-15
1.1089e+14	6.3116e-17	1.5846e-15
1.1101e+14	1.3454e-16	1.7453e-15
1.1113e+14	1.1823e-16	1.5791e-15
1.1125e+14	6.2776e-17	1.3316e-15
1.1137e+14	1.0622e-16	1.2344e-15
1.1149e+14	1.2476e-16	1.2995e-15
1.1161e+14	6.9488e-17	1.3108e-15
1.1173e+14	9.0346e-17	1.2487e-15
1.1185e+14	1.3304e-16	1.3415e-15
1.1197e+14	8.1612e-17	1.4572e-15
1.1209e+14	6.8627e-17	1.3047e-15
1.1221e+14	1.2966e-16	1.1832e-15
1.1233e+14	1.0772e-16	1.4254e-15
1.1245e+14	6.1405e-17	1.6377e-15
1.1258e+14	1.0875e-16	1.5125e-15
1.127e+14	1.1923e-16	1.3774e-15
1.1282e+14	6.0805e-17	1.3319e-15
1.1294e+14	8.5225e-17	1.1379e-15
1.1306e+14	1.244e-16	9.7007e-16
1.1318e+14	6.4236e-17	1.0344e-15
1.133e+14	4.9705e-17	1.0472e-15
1.1342e+14	1.1625e-16	9.4129e-16
1.1354e+14	9.9138e-17	1.0343e-15
1.1366e+14	5.6002e-17	1.2184e-15
1.1378e+14	1.0744e-16	1.159e-15
1.139e+14	1.2097e-16	1.0235e-15
1.1402e+14	6.1565e-17	1.0797e-15
1.1414e+14	8.477e-17	1.2117e-15
1.1426e+14	1.2876e-16	1.272e-15
1.1438e+14	7.5191e-17	1.2171e-15
1.145e+14	5.9183e-17	1.0285e-15
1.1462e+14	1.1925e-16	9.3161e-16
1.1474e+14	1.0024e-16	1.1106e-15
1.1486e+14	5.4434e-17	1.2418e-15
1.1498e+14	9.4216e-17	1.0756e-15
1.151e+14	1.0002e-16	9.4113e-16
1.1522e+14	5.1026e-17	1.0372e-15
1.1534e+14	8.8345e-17	1.1023e-15
1.1546e+14	1.2916e-16	1.0601e-15
1.1558e+14	6.3432e-17	1.0528e-15
1.157e+14	4.6735e-17	1.0067e-15
1.1582e+14	1.1408e-16	8.7941e-16
1.1594e+14	9.4713e-17	8.3197e-16
1.1606e+14	4.666e-17	8.6583e-16
1.1618e+14	9.6536e-17	8.7747e-16
1.163e+14	1.1129e-16	8.9522e-16
1.1642e+14	4.715e-17	8.7432e-16
1.1654e+14	6.1434e-17	7.6267e-16
1.1666e+14	1.0688e-16	7.5054e-16
1.1678e+14	6.4722e-17	8.8225e-16
1.169e+14	5.2003e-17	8.9324e-16
1.1702e+14	1.0414e-16	7.863e-16
1.1714e+14	8.0425e-17	7.8365e-16
1.1726e+14	3.8262e-17	7.8679e-16
1.1738e+14	8.5564e-17	7.096e-16
1.175e+14	9.7941e-17	7.7595e-16
1.1762e+14	4.4386e-17	9.2308e-16
1.1774e+14	6.6188e-17	8.4559e-16
1.1786e+14	1.0324e-16	7.0096e-16
1.1798e+14	5.1775e-17	7.4034e-16
1.181e+14	4.1864e-17	7.4871e-16
1.1822e+14	1.042e-16	6.7403e-16
1.1834e+14	9.2057e-17	8.2688e-16
1.1846e+14	5.6935e-17	1.0726e-15
1.1858e+14	9.9586e-17	1.0123e-15
1.187e+14	1.0179e-16	8.0706e-16
1.1882e+14	4.3955e-17	7.6541e-16
1.1894e+14	6.292e-17	7.593e-16
1.1906e+14	9.4299e-17	7.1789e-16
1.1918e+14	4.6472e-17	7.8879e-16
1.193e+14	4.8718e-17	8.4944e-16
1.1942e+14	1.0757e-16	7.3176e-16
1.1954e+14	7.3354e-17	6.1769e-16
1.1966e+14	2.7032e-17	6.3836e-16
1.1978e+14	8.0661e-17	6.8125e-16
1.199e+14	9.4925e-17	7.3143e-16
1.2002e+14	4.0297e-17	7.929e-16
1.2014e+14	6.4178e-17	7.5681e-16
1.2026e+14	9.9957e-17	7.0267e-16
1.2038e+14	4.4552e-17	7.6275e-16
1.205e+14	3.6211e-17	7.4763e-16
1.2062e+14	9.75e-17	5.5507e-16
1.2074e+14	7.2234e-17	4.896e-16
1.2087e+14	2.7366e-17	6.5493e-16
1.2099e+14	7.8118e-17	7.3625e-16
1.2111e+14	9.2167e-17	6.3512e-16
1.2123e+14	3.7867e-17	5.7858e-16
1.2135e+14	6.4445e-17	6.312e-16
1.2147e+14	1.0857e-16	6.7007e-16
1.2159e+14	5.6143e-17	6.4163e-16
1.2171e+14	3.7376e-17	5.7764e-16
1.2183e+14	9.017e-17	5.606e-16
1.2195e+14	7.0439e-17	6.2588e-16
1.2207e+14	3.1694e-17	6.536e-16
1.2219e+14	7.8808e-17	6.0058e-16
1.2231e+14	8.8678e-17	6.2192e-16
1.2243e+14	3.1456e-17	7.0194e-16
1.2255e+14	4.8281e-17	6.4487e-16
1.2267e+14	8.5238e-17	5.4024e-16
1.2279e+14	4.2301e-17	5.9818e-16
1.2291e+14	3.7788e-17	6.7373e-16
1.2303e+14	9.2498e-17	5.9398e-16
1.2315e+14	6.973e-17	5.4318e-16
1.2327e+14	3.2551e-17	6.3372e-16
1.2339e+14	7.7151e-17	6.7339e-16
1.2351e+14	7.8879e-17	6.0081e-16
1.2363e+14	2.323e-17	5.612e-16
1.2375e+14	5.1969e-17	5.6653e-16
1.2387e+14	9.1055e-17	5.4345e-16
1.2399e+14	3.4941e-17	5.2588e-16
1.2411e+14	2.0571e-17	5.4724e-16
1.2423e+14	7.9232e-17	5.709e-16
1.2435e+14	6.2143e-17	5.6333e-16
1.2447e+14	2.2458e-17	5.0411e-16
1.2459e+14	6.4737e-17	4.3545e-16
1.2471e+14	7.2076e-17	4.5653e-16
1.2483e+14	2.1114e-17	5.2445e-16
1.2495e+14	4.5423e-17	4.903e-16
1.2507e+14	8.069e-17	4.0163e-16
1.2519e+14	3.1678e-17	4.1978e-16
1.2531e+14	2.5854e-17	4.9953e-16
1.2543e+14	8.1186e-17	5.0912e-16
1.2555e+14	5.5085e-17	4.7807e-16
1.2567e+14	1.4624e-17	4.6707e-16
1.2579e+14	6.2533e-17	4.5475e-16
1.2591e+14	7.1273e-17	4.5462e-16
1.2603e+14	1.8378e-17	4.8725e-16
1.2615e+14	4.5083e-17	4.8793e-16
1.2627e+14	8.4456e-17	4.2947e-16
1.2639e+14	3.3633e-17	3.9522e-16
1.2651e+14	2.3055e-17	4.3347e-16
1.2663e+14	7.8177e-17	4.8288e-16
1.2675e+14	5.4384e-17	4.7522e-16
1.2687e+14	1.4117e-17	4.3238e-16
1.2699e+14	6.2788e-17	4.2912e-16
1.2711e+14	7.366e-17	4.5911e-16
1.2723e+14	1.97e-17	4.4274e-16
1.2735e+14	4.4796e-17	4.1095e-16
1.2747e+14	8.7397e-17	4.6079e-16
1.2759e+14	3.737e-17	5.1743e-16
1.2771e+14	1.9414e-17	4.6553e-16
1.2783e+14	7.1932e-17	4.148e-16
1.2795e+14	5.7527e-17	4.6666e-16
1.2807e+14	2.1724e-17	4.7949e-16
1.2819e+14	6.1008e-17	3.8931e-16
1.2831e+14	6.5601e-17	3.5914e-16
1.2843e+14	1.6085e-17	4.1837e-16
1.2855e+14	4.1066e-17	4.2267e-16
1.2867e+14	7.6572e-17	3.8045e-16
1.2879e+14	2.9332e-17	3.9177e-16
1.2891e+14	2.3188e-17	4.2391e-16
1.2903e+14	7.6293e-17	4.3149e-16
1.2915e+14	5.0158e-17	4.4024e-16
1.2928e+14	1.1356e-17	4.2802e-16
1.294e+14	6.1906e-17	3.7978e-16
1.2952e+14	7.2954e-17	3.5826e-16
1.2964e+14	1.4905e-17	3.6375e-16
1.2976e+14	3.169e-17	3.4054e-16
1.2988e+14	7.2533e-17	3.2634e-16
1.3e+14	3.2963e-17	3.6498e-16
1.3012e+14	2.3621e-17	3.9782e-16
1.3024e+14	7.16e-17	3.8719e-16
1.3036e+14	4.9412e-17	3.6848e-16
1.3048e+14	1.4118e-17	3.7102e-16
1.306e+14	5.8943e-17	4.1163e-16
1.3072e+14	6.6592e-17	4.547e-16
1.3084e+14	1.5382e-17	4.0309e-16
1.3096e+14	3.6475e-17	2.9099e-16
1.3108e+14	7.1067e-17	2.7974e-16
1.312e+14	2.6551e-17	3.524e-16
1.3132e+14	2.1403e-17	3.5639e-16
1.3144e+14	7.2964e-17	3.1603e-16
1.3156e+14	4.6573e-17	3.2335e-16
1.3168e+14	7.4921e-18	3.2972e-16
1.318e+14	5.7144e-17	3.2478e-16
1.3192e+14	7.2329e-17	3.7132e-16
1.3204e+14	2.1007e-17	3.9833e-16
1.3216e+14	3.6119e-17	3.5119e-16
1.3228e+14	6.9151e-17	3.4889e-16
1.324e+14	2.7845e-17	3.9027e-16
1.3252e+14	2.1109e-17	3.309e-16
1.3264e+14	6.701e-17	2.5311e-16
1.3276e+14	4.2243e-17	3.1541e-16
1.3288e+14	1.0244e-17	3.8271e-16
1.33e+14	5.745e-17	3.1648e-16
1.3312e+14	6.1504e-17	2.6175e-16
1.3324e+14	8.5869e-18	3.0068e-16
1.3336e+14	3.3992e-17	3.0962e-16
1.3348e+14	7.082e-17	2.7242e-16
1.336e+14	2.2606e-17	2.7414e-16
1.3372e+14	1.5241e-17	2.9304e-16
1.3384e+14	6.9467e-17	2.9994e-16
1.3396e+14	4.3882e-17	3.1874e-16
1.3408e+14	6.4044e-19	3.1773e-16
1.342e+14	4.6426e-17	2.9363e-16
1.3432e+14	6.053e-17	3.1616e-16
1.3444e+14	9.991e-18	3.5006e-16
1.3456e+14	3.0561e-17	3.1083e-16
1.3468e+14	7.1832e-17	2.5775e-16
1.348e+14	3.0956e-17	2.5676e-16
1.3492e+14	1.7573e-17	2.5881e-16
1.3504e+14	6.4088e-17	2.6143e-16
1.3516e+14	4.6178e-17	2.9562e-16
1.3528e+14	1.1711e-17	2.9867e-16
1.354e+14	5.0065e-17	2.5994e-16
1.3552e+14	5.408e-17	2.6544e-16
1.3564e+14	6.0391e-18	2.8843e-16
1.3576e+14	3.0861e-17	2.6228e-16
1.3588e+14	6.751e-17	2.5954e-16
1.36e+14	2.2248e-17	2.9981e-16
1.3612e+14	1.1828e-17	2.7622e-16
1.3624e+14	6.1648e-17	2.2517e-16
1.3636e+14	4.2378e-17	2.6262e-16
1.3648e+14	6.3741e-18	3.1049e-16
1.366e+14	4.7109e-17	2.7755e-16
1.3672e+14	5.517e-17	2.5518e-16
1.3684e+14	7.8497e-18	2.7605e-16
1.3696e+14	2.9118e-17	2.537e-16
1.3708e+14	6.341e-17	2.1884e-16
1.372e+14	2.1154e-17	2.4258e-16
1.3732e+14	1.4876e-17	2.6238e-16
1.3744e+14	6.4195e-17	2.4213e-16
1.3757e+14	4.1629e-17	2.4505e-16
1.3769e+14	4.9164e-18	2.6392e-16
1.3781e+14	4.7733e-17	2.493e-16
1.3793e+14	5.6368e-17	2.2857e-16
1.3805e+14	6.539e-18	2.2346e-16
1.3817e+14	2.5805e-17	2.174e-16
1.3829e+14	6.1083e-17	2.2509e-16
1.3841e+14	1.9801e-17	2.4089e-16
1.3853e+14	1.2671e-17	2.3386e-16
1.3865e+14	6.2726e-17	2.3622e-16
1.3877e+14	4.2174e-17	2.5898e-16
1.3889e+14	3.3553e-18	2.3491e-16
1.3901e+14	4.2549e-17	1.8431e-16
1.3913e+14	5.4248e-17	1.9408e-16
1.3925e+14	1.0626e-17	2.2149e-16
1.3937e+14	2.9682e-17	2.026e-16
1.3949e+14	6.1534e-17	1.9969e-16
1.3961e+14	2.0529e-17	2.2605e-16
1.3973e+14	1.1972e-17	2.1008e-16
1.3985e+14	5.5322e-17	1.8758e-16
1.3997e+14	3.3027e-17	2.1172e-16
1.4009e+14	1.4829e-18	2.1421e-16
1.4021e+14	4.4959e-17	1.8713e-16
1.4033e+14	5.2384e-17	2.0532e-16
1.4045e+14	5.5633e-18	2.2112e-16
1.4057e+14	2.6888e-17	1.8363e-16
1.4069e+14	5.9607e-17	1.8742e-16
1.4081e+14	1.6691e-17	2.3655e-16
1.4093e+14	9.4933e-18	2.1591e-16
1.4105e+14	5.673e-17	1.7476e-16
1.4117e+14	3.4666e-17	2.0895e-16
1.4129e+14	6.0554e-19	2.1939e-16
1.4141e+14	4.3593e-17	1.5929e-16
1.4153e+14	5.1197e-17	1.6436e-16
1.4165e+14	3.2285e-18	2.3331e-16
1.4177e+14	2.5842e-17	2.2855e-16
1.4189e+14	6.2123e-17	1.7924e-16
1.4201e+14	1.8075e-17	1.7758e-16
1.4213e+14	6.1891e-18	1.8151e-16
1.4225e+14	5.4466e-17	1.6849e-16
1.4237e+14	3.7691e-17	1.8274e-16
1.4249e+14	3.6019e-18	1.9408e-16
1.4261e+14	4.3302e-17	1.7826e-16
1.4273e+14	5.1953e-17	1.8529e-16
1.4285e+14	5.8954e-18	2.007e-16
1.4297e+14	2.7066e-17	1.8495e-16
1.4309e+14	6.3662e-17	1.8792e-16
1.4321e+14	2.1613e-17	2.1192e-16
1.4333e+14	6.6998e-18	1.8696e-16
1.4345e+14	5.0905e-17	1.5379e-16
1.4357e+14	3.643e-17	1.7555e-16
1.4369e+14	4.6554e-18	1.8418e-16
1.4381e+14	4.1009e-17	1.5757e-16
1.4393e+14	4.8733e-17	1.742e-16
1.4405e+14	6.3765e-18	2.0319e-16
1.4417e+14	2.6373e-17	1.7639e-16
1.4429e+14	5.8516e-17	1.6049e-16
1.4441e+14	1.9567e-17	1.8444e-16
1.4453e+14	1.162e-17	1.6887e-16
1.4465e+14	5.5442e-17	1.3526e-16
1.4477e+14	3.591e-17	1.5098e-16
1.4489e+14	2.875e-18	1.6238e-16
1.4501e+14	4.0652e-17	1.4703e-16
1.4513e+14	4.8149e-17	1.6722e-16
1.4525e+14	3.829e-18	1.8229e-16
1.4537e+14	2.1291e-17	1.391e-16
1.4549e+14	5.245e-17	1.2538e-16
1.4561e+14	1.5742e-17	1.6694e-16
1.4573e+14	9.6436e-18	1.6806e-16
1.4586e+14	5.1693e-17	1.4621e-16
1.4598e+14	3.1265e-17	1.6819e-16
1.461e+14	1.3593e-18	1.7497e-16
1.4622e+14	4.0814e-17	1.5121e-16
1.4634e+14	4.6e-17	1.7128e-16
1.4646e+14	1.7816e-18	1.8849e-16
1.4658e+14	2.3751e-17	1.439e-16
1.467e+14	5.6251e-17	1.3436e-16
1.4682e+14	1.5081e-17	1.7839e-16
1.4694e+14	6.8763e-18	1.6272e-16
1.4706e+14	5.3297e-17	1.2514e-16
1.4718e+14	3.5783e-17	1.5829e-16
1.473e+14	1.6668e-18	1.7154e-16
1.4742e+14	3.6827e-17	1.2031e-16
1.4754e+14	4.4296e-17	1.2386e-16
1.4766e+14	3.8741e-18	1.6892e-16
1.4778e+14	2.5955e-17	1.4499e-16
1.479e+14	5.8631e-17	1.1447e-16
1.4802e+14	1.8957e-17	1.4367e-16
1.4814e+14	8.0015e-18	1.4376e-16
1.4826e+14	4.8425e-17	1.1247e-16
1.4838e+14	2.9667e-17	1.384e-16
1.485e+14	-6.2107e-19	1.6856e-16
1.4862e+14	3.7265e-17	1.4274e-16
1.4874e+14	4.5471e-17	1.377e-16
1.4886e+14	5.1109e-18	1.5837e-16
1.4898e+14	2.4457e-17	1.3168e-16
1.491e+14	5.3035e-17	1.1084e-16
1.4922e+14	1.3717e-17	1.4751e-16
1.4934e+14	7.298e-18	1.577e-16
1.4946e+14	5.0592e-17	1.2486e-16
1.4958e+14	3.1822e-17	1.2843e-16
1.497e+14	1.6079e-18	1.5081e-16
1.4982e+14	3.9872e-17	1.4591e-16
1.4994e+14	4.7098e-17	1.4552e-16
1.5006e+14	5.2417e-18	1.4372e-16
1.5018e+14	2.5159e-17	1.1797e-16
1.503e+14	5.6384e-17	1.2275e-16
1.5042e+14	1.7897e-17	1.5214e-16
1.5054e+14	8.5679e-18	1.2948e-16
1.5066e+14	4.993e-17	1.0314e-16
1.5078e+14	3.3601e-17	1.4199e-16
1.509e+14	4.7154e-18	1.5916e-16
1.5102e+14	3.8938e-17	1.1593e-16
1.5114e+14	4.2674e-17	1.1153e-16
1.5126e+14	2.178e-18	1.4003e-16
1.5138e+14	2.2609e-17	1.2177e-16
1.515e+14	5.0707e-17	1.0622e-16
1.5162e+14	1.1994e-17	1.3103e-16
1.5174e+14	7.5376e-18	1.2573e-16
1.5186e+14	5.1473e-17	1.0577e-16
1.5198e+14	3.1547e-17	1.3143e-16
1.521e+14	-1.1867e-18	1.3976e-16
1.5222e+14	3.5076e-17	1.0598e-16
1.5234e+14	4.4704e-17	1.1586e-16
1.5246e+14	6.9846e-18	1.4415e-16
1.5258e+14	2.4758e-17	1.1275e-16
1.527e+14	5.0309e-17	9.2151e-17
1.5282e+14	1.318e-17	1.2667e-16
1.5294e+14	9.9504e-18	1.256e-16
1.5306e+14	5.1233e-17	9.5621e-17
1.5318e+14	3.0258e-17	1.1752e-16
1.533e+14	1.4182e-18	1.3522e-16
1.5342e+14	3.9124e-17	1.0364e-16
1.5354e+14	4.2953e-17	1.0845e-16
1.5366e+14	3.0175e-19	1.4536e-16
1.5378e+14	2.1187e-17	1.2577e-16
1.539e+14	5.1456e-17	9.4365e-17
1.5402e+14	1.2316e-17	1.1163e-16
1.5414e+14	4.3467e-18	1.1382e-16
1.5427e+14	4.6549e-17	9.113e-17
1.5439e+14	3.0689e-17	1.0609e-16
1.5451e+14	3.7536e-18	1.2129e-16
1.5463e+14	3.9378e-17	9.5797e-17
1.5475e+14	4.2256e-17	9.1938e-17
1.5487e+14	1.0781e-18	1.165e-16
1.5499e+14	2.2392e-17	1.1112e-16
1.5511e+14	5.0642e-17	9.9712e-17
1.5523e+14	9.6656e-18	1.0915e-16
1.5535e+14	2.3021e-18	9.9258e-17
1.5547e+14	4.6052e-17	8.8643e-17
1.5559e+14	2.9551e-17	1.1645e-16
1.5571e+14	2.284e-19	1.2871e-16
1.5583e+14	3.5539e-17	1.0432e-16
1.5595e+14	4.0456e-17	1.0153e-16
1.5607e+14	-3.2381e-19	1.064e-16
1.5619e+14	1.9732e-17	8.6734e-17
1.5631e+14	4.9348e-17	9.6697e-17
1.5643e+14	1.196e-17	1.285e-16
1.5655e+14	6.1088e-18	1.0512e-16
1.5667e+14	4.9018e-17	7.261e-17
1.5679e+14	3.0822e-17	9.7894e-17
1.5691e+14	-1.4663e-18	1.1002e-16
1.5703e+14	3.2739e-17	8.5342e-17
1.5715e+14	4.2384e-17	1.0206e-16
1.5727e+14	5.9758e-18	1.2647e-16
1.5739e+14	2.1784e-17	9.2671e-17
1.5751e+14	4.4981e-17	7.8611e-17
1.5763e+14	9.3062e-18	1.162e-16
1.5775e+14	7.5591e-18	1.1235e-16
1.5787e+14	4.7195e-17	8.3116e-17
1.5799e+14	2.4489e-17	1.0592e-16
1.5811e+14	-4.5332e-18	1.2007e-16
1.5823e+14	3.3858e-17	8.573e-17
1.5835e+14	3.9541e-17	8.6002e-17
1.5847e+14	-2.359e-18	1.1465e-16
1.5859e+14	1.6005e-17	9.8083e-17
1.5871e+14	4.5038e-17	8.1867e-17
1.5883e+14	9.2625e-18	1.0291e-16
1.5895e+14	3.6877e-18	9.6775e-17
1.5907e+14	4.3168e-17	7.5954e-17
1.5919e+14	2.3452e-17	9.775e-17
1.5931e+14	-4.5602e-18	1.0842e-16
1.5943e+14	3.266e-17	8.1039e-17
1.5955e+14	3.8095e-17	8.4213e-17
1.5967e+14	-2.6514e-18	9.9113e-17
1.5979e+14	1.6839e-17	7.3372e-17
1.5991e+14	4.6293e-17	7.4253e-17
1.6003e+14	1.0255e-17	1.1996e-16
1.6015e+14	4.3438e-18	1.1221e-16
1.6027e+14	4.3874e-17	6.6267e-17
1.6039e+14	2.3768e-17	7.4363e-17
1.6051e+14	-5.1678e-18	9.6189e-17
1.6063e+14	3.2286e-17	8.007e-17
1.6075e+14	3.8956e-17	7.8685e-17
1.6087e+14	-1.7021e-18	9.2331e-17
1.6099e+14	1.6762e-17	7.8205e-17
1.6111e+14	4.4619e-17	7.7017e-17
1.6123e+14	5.2748e-18	9.8599e-17
1.6135e+14	-2.9472e-18	8.4101e-17
1.6147e+14	4.0274e-17	6.6542e-17
1.6159e+14	2.5987e-17	9.396e-17
1.6171e+14	-3.2864e-18	9.717e-17
1.6183e+14	3.0285e-17	6.2017e-17
1.6195e+14	3.6821e-17	7.2442e-17
1.6207e+14	-2.8128e-18	1.0223e-16
1.6219e+14	1.4355e-17	8.5162e-17
1.6231e+14	4.4067e-17	8.0183e-17
1.6243e+14	1.0462e-17	1.073e-16
1.6256e+14	3.0414e-18	9.2396e-17
1.6268e+14	4.1284e-17	6.9507e-17
1.628e+14	2.492e-17	1.0023e-16
1.6292e+14	-2.2519e-18	1.0723e-16
1.6304e+14	3.245e-17	6.7089e-17
1.6316e+14	3.9162e-17	7.6097e-17
1.6328e+14	-2.9415e-19	1.0894e-16
1.634e+14	1.4503e-17	8.2345e-17
1.6352e+14	4.0758e-17	6.3392e-17
1.6364e+14	6.9159e-18	9.4534e-17
1.6376e+14	1.0801e-18	8.8463e-17
1.6388e+14	3.981e-17	5.6188e-17
1.64e+14	2.4254e-17	7.6873e-17
1.6412e+14	-2.0404e-18	9.4078e-17
1.6424e+14	3.0722e-17	6.3835e-17
1.6436e+14	3.4877e-17	6.5474e-17
1.6448e+14	-3.3516e-18	9.4405e-17
1.646e+14	1.4463e-17	7.81e-17
1.6472e+14	4.1125e-17	6.4776e-17
1.6484e+14	5.9482e-18	9.4303e-17
1.6496e+14	8.2192e-21	9.5374e-17
1.6508e+14	3.944e-17	7.1419e-17
1.652e+14	2.3445e-17	8.4692e-17
1.6532e+14	-3.8233e-18	9.0797e-17
1.6544e+14	2.9851e-17	6.1498e-17
1.6556e+14	3.6351e-17	6.3936e-17
1.6568e+14	-1.7933e-18	8.5018e-17
1.658e+14	1.3818e-17	6.8701e-17
1.6592e+14	4.0823e-17	6.6839e-17
1.6604e+14	8.6432e-18	9.7181e-17
1.6616e+14	2.5657e-18	8.3533e-17
1.6628e+14	3.8636e-17	5.1919e-17
1.664e+14	2.1939e-17	7.2996e-17
1.6652e+14	-3.5278e-18	8.7232e-17
1.6664e+14	2.9661e-17	6.0834e-17
1.6676e+14	3.455e-17	6.8659e-17
1.6688e+14	-2.6964e-18	9.4494e-17
1.67e+14	1.4455e-17	7.398e-17
1.6712e+14	4.1124e-17	6.4957e-17
1.6724e+14	8.3372e-18	9.3632e-17
1.6736e+14	2.2548e-18	7.9697e-17
1.6748e+14	3.7643e-17	4.6648e-17
1.676e+14	1.9927e-17	7.0985e-17
1.6772e+14	-5.8974e-18	9.0652e-17
1.6784e+14	2.7389e-17	6.2984e-17
1.6796e+14	3.302e-17	6.614e-17
1.6808e+14	-3.1999e-18	9.0792e-17
1.682e+14	1.3276e-17	6.7853e-17
1.6832e+14	3.8049e-17	5.4368e-17
1.6844e+14	5.5749e-18	8.6859e-17
1.6856e+14	2.0088e-18	8.1553e-17
1.6868e+14	3.8188e-17	4.517e-17
1.688e+14	1.8635e-17	5.771e-17
1.6892e+14	-8.3569e-18	7.6864e-17
1.6904e+14	2.6234e-17	5.9988e-17
1.6916e+14	3.3713e-17	6.9718e-17
1.6928e+14	-2.5881e-18	9.3979e-17
1.694e+14	1.203e-17	6.8134e-17
1.6952e+14	3.544e-17	4.7654e-17
1.6964e+14	3.0185e-18	7.375e-17
1.6976e+14	-4.136e-19	7.3338e-17
1.6988e+14	3.593e-17	4.8608e-17
1.7e+14	1.8242e-17	6.472e-17
1.7012e+14	-6.3739e-18	7.7839e-17
1.7024e+14	2.7503e-17	5.4309e-17
1.7036e+14	3.1682e-17	6.0781e-17
1.7048e+14	-5.7621e-18	8.5827e-17
1.706e+14	1.1354e-17	6.4881e-17
1.7072e+14	3.7182e-17	4.9167e-17
1.7085e+14	4.6521e-18	7.7274e-17
1.7097e+14	4.9907e-19	7.8968e-17
1.7109e+14	3.7099e-17	5.489e-17
1.7121e+14	1.9116e-17	6.5646e-17
1.7133e+14	-6.998e-18	7.3395e-17
1.7145e+14	2.641e-17	5.2587e-17
1.7157e+14	3.1772e-17	6.2421e-17
1.7169e+14	-5.1724e-18	8.2148e-17
1.7181e+14	1.1422e-17	5.5911e-17
1.7193e+14	3.7586e-17	4.3628e-17
1.7205e+14	5.2434e-18	7.2361e-17
1.7217e+14	-9.5605e-19	6.4375e-17
1.7229e+14	3.352e-17	3.8789e-17
1.7241e+14	1.6247e-17	6.8179e-17
1.7253e+14	-7.8283e-18	9.0599e-17
1.7265e+14	2.6642e-17	5.7729e-17
1.7277e+14	3.2348e-17	4.8544e-17
1.7289e+14	-4.8457e-18	7.099e-17
1.7301e+14	1.1045e-17	5.9181e-17
1.7313e+14	3.7823e-17	4.8711e-17
1.7325e+14	7.1246e-18	7.1086e-17
1.7337e+14	8.1472e-19	6.3549e-17
1.7349e+14	3.407e-17	3.9323e-17
1.7361e+14	1.7261e-17	6.2344e-17
1.7373e+14	-6.1281e-18	8.0128e-17
1.7385e+14	2.7043e-17	5.3103e-17
1.7397e+14	3.1906e-17	5.3201e-17
1.7409e+14	-4.3564e-18	7.8356e-17
1.7421e+14	1.0978e-17	6.0413e-17
1.7433e+14	3.5469e-17	4.1302e-17
1.7445e+14	4.9007e-18	6.3885e-17
1.7457e+14	1.1296e-18	6.5898e-17
1.7469e+14	3.5181e-17	4.5611e-17
1.7481e+14	1.7114e-17	6.2487e-17
1.7493e+14	-6.8467e-18	7.7857e-17
1.7505e+14	2.6227e-17	5.4162e-17
1.7517e+14	3.0074e-17	5.0612e-17
1.7529e+14	-6.6976e-18	6.8662e-17
1.7541e+14	9.856e-18	5.2916e-17
1.7553e+14	3.517e-17	3.8582e-17
1.7565e+14	3.3871e-18	5.915e-17
1.7577e+14	-1.4174e-18	6.0839e-17
1.7589e+14	3.3824e-17	4.3515e-17
1.7601e+14	1.7209e-17	5.5699e-17
1.7613e+14	-7.0256e-18	6.6365e-17
1.7625e+14	2.581e-17	5.1818e-17
1.7637e+14	3.0755e-17	5.6572e-17
1.7649e+14	-5.6424e-18	6.7896e-17
1.7661e+14	1.0015e-17	5.0174e-17
1.7673e+14	3.55e-17	4.9849e-17
1.7685e+14	4.6732e-18	7.5957e-17
1.7697e+14	-8.1964e-19	6.5693e-17
1.7709e+14	3.2993e-17	4.3229e-17
1.7721e+14	1.6094e-17	6.1828e-17
1.7733e+14	-8.6128e-18	6.9238e-17
1.7745e+14	2.324e-17	4.3584e-17
1.7757e+14	2.9233e-17	4.9276e-17
1.7769e+14	-4.8032e-18	6.9303e-17
1.7781e+14	1.0886e-17	5.0507e-17
1.7793e+14	3.4646e-17	4.058e-17
1.7805e+14	3.5427e-18	5.9607e-17
1.7817e+14	-1.1423e-18	4.9554e-17
1.7829e+14	3.2937e-17	3.567e-17
1.7841e+14	1.6556e-17	6.4523e-17
1.7853e+14	-7.3129e-18	7.2151e-17
1.7865e+14	2.388e-17	4.1038e-17
1.7877e+14	2.7863e-17	4.9039e-17
1.7889e+14	-7.2767e-18	7.2347e-17
1.7901e+14	9.1028e-18	4.5699e-17
1.7913e+14	3.4187e-17	3.0886e-17
1.7926e+14	3.498e-18	6.1681e-17
1.7938e+14	-2.0405e-18	6.0592e-17
1.795e+14	3.126e-17	3.6327e-17
1.7962e+14	1.5138e-17	5.4353e-17
1.7974e+14	-8.4303e-18	6.5916e-17
1.7986e+14	2.2597e-17	3.8112e-17
1.7998e+14	2.7147e-17	4.1121e-17
1.801e+14	-6.8414e-18	6.7161e-17
1.8022e+14	9.4258e-18	5.2592e-17
1.8034e+14	3.3111e-17	4.0698e-17
1.8046e+14	1.6641e-18	6.3932e-17
1.8058e+14	-3.1064e-18	6.0395e-17
1.807e+14	3.1652e-17	3.9035e-17
1.8082e+14	1.6236e-17	5.4852e-17
1.8094e+14	-8.0064e-18	6.2349e-17
1.8106e+14	2.2269e-17	3.6714e-17
1.8118e+14	2.7248e-17	4.3092e-17
1.813e+14	-6.3085e-18	6.6165e-17
1.8142e+14	9.4233e-18	4.5725e-17
1.8154e+14	3.304e-17	3.1226e-17
1.8166e+14	2.3374e-18	5.4956e-17
1.8178e+14	-2.5409e-18	5.2358e-17
1.819e+14	3.1629e-17	3.1847e-17
1.8202e+14	1.6733e-17	4.978e-17
1.8214e+14	-6.8302e-18	6.1518e-17
1.8226e+14	2.3167e-17	3.9363e-17
1.8238e+14	2.7888e-17	4.4247e-17
1.825e+14	-5.988e-18	6.314e-17
1.8262e+14	8.731e-18	4.2838e-17
1.8274e+14	3.2588e-17	3.2834e-17
1.8286e+14	3.7569e-18	5.7885e-17
1.8298e+14	-1.4722e-18	5.097e-17
1.831e+14	2.9607e-17	2.6546e-17
1.8322e+14	1.3852e-17	4.487e-17
1.8334e+14	-7.3727e-18	5.7989e-17
1.8346e+14	2.3594e-17	3.5331e-17
1.8358e+14	2.7085e-17	4.022e-17
1.837e+14	-7.0364e-18	6.0899e-17
1.8382e+14	8.1359e-18	4.0377e-17
1.8394e+14	3.1176e-17	2.7601e-17
1.8406e+14	2.192e-18	5.4517e-17
1.8418e+14	-6.5608e-19	5.6242e-17
1.843e+14	3.235e-17	3.6377e-17
1.8442e+14	1.5178e-17	4.8243e-17
1.8454e+14	-8.7535e-18	5.3925e-17
1.8466e+14	2.1132e-17	3.1889e-17
1.8478e+14	2.4817e-17	3.8212e-17
1.849e+14	-8.7259e-18	5.5482e-17
1.8502e+14	7.836e-18	3.5164e-17
1.8514e+14	3.1782e-17	2.7984e-17
1.8526e+14	9.3582e-19	5.3004e-17
1.8538e+14	-4.5939e-18	4.4748e-17
1.855e+14	2.8899e-17	2.407e-17
1.8562e+14	1.4062e-17	4.7039e-17
1.8574e+14	-9.464e-18	5.8853e-17
1.8586e+14	2.0355e-17	3.4464e-17
1.8598e+14	2.5856e-17	4.2403e-17
1.861e+14	-7.2301e-18	6.3576e-17
1.8622e+14	6.6332e-18	3.8052e-17
1.8634e+14	2.946e-17	2.3581e-17
1.8646e+14	9.2801e-19	5.2446e-17
1.8658e+14	-3.3964e-18	5.101e-17
1.867e+14	2.9113e-17	2.7146e-17
1.8682e+14	1.4421e-17	4.3763e-17
1.8694e+14	-8.6985e-18	5.4977e-17
1.8706e+14	1.943e-17	2.9617e-17
1.8718e+14	2.4103e-17	3.3948e-17
1.873e+14	-6.7735e-18	5.7763e-17
1.8742e+14	8.495e-18	3.98e-17
1.8755e+14	2.9715e-17	2.6242e-17
1.8767e+14	-2.9835e-19	4.963e-17
1.8779e+14	-4.4036e-18	4.5352e-17
1.8791e+14	2.8332e-17	2.2029e-17
1.8803e+14	1.3721e-17	4.0163e-17
1.8815e+14	-8.6209e-18	5.5481e-17
1.8827e+14	1.9955e-17	3.347e-17
1.8839e+14	2.3955e-17	3.4704e-17
1.8851e+14	-7.4434e-18	5.4197e-17
1.8863e+14	8.51e-18	3.8106e-17
1.8875e+14	3.0873e-17	2.8036e-17
1.8887e+14	1.1115e-18	5.167e-17
1.8899e+14	-3.83e-18	4.9386e-17
1.8911e+14	2.824e-17	2.9838e-17
1.8923e+14	1.3976e-17	4.4642e-17
1.8935e+14	-7.8429e-18	5.0699e-17
1.8947e+14	2.0752e-17	2.5307e-17
1.8959e+14	2.4797e-17	3.0883e-17
1.8971e+14	-6.6555e-18	5.3955e-17
1.8983e+14	8.5048e-18	3.8356e-17
1.8995e+14	3.0184e-17	2.838e-17
1.9007e+14	7.0658e-19	4.9576e-17
1.9019e+14	-4.1493e-18	4.1054e-17
1.9031e+14	2.6994e-17	1.7607e-17
1.9043e+14	1.2158e-17	3.5625e-17
1.9055e+14	-8.8371e-18	4.828e-17
1.9067e+14	2.1022e-17	2.668e-17
1.9079e+14	2.5373e-17	3.126e-17
1.9091e+14	-7.0151e-18	5.1028e-17
1.9103e+14	7.0824e-18	3.4169e-17
1.9115e+14	2.8917e-17	2.6511e-17
1.9127e+14	5.3485e-19	5.0377e-17
1.9139e+14	-3.4441e-18	4.2682e-17
1.9151e+14	2.8353e-17	2.0056e-17
1.9163e+14	1.3791e-17	3.8406e-17
1.9175e+14	-8.6352e-18	4.7708e-17
1.9187e+14	1.8827e-17	2.2169e-17
1.9199e+14	2.2741e-17	2.8708e-17
1.9211e+14	-8.1789e-18	5.3009e-17
1.9223e+14	6.4484e-18	3.4716e-17
1.9235e+14	2.7965e-17	2.2139e-17
1.9247e+14	5.8244e-19	4.6466e-17
1.9259e+14	-2.1075e-18	4.3386e-17
1.9271e+14	2.8839e-17	2.231e-17
1.9283e+14	1.2354e-17	3.9444e-17
1.9295e+14	-1.0333e-17	4.8477e-17
1.9307e+14	1.8477e-17	2.2189e-17
1.9319e+14	2.329e-17	2.5916e-17
1.9331e+14	-7.7372e-18	4.7913e-17
1.9343e+14	6.9676e-18	2.9805e-17
1.9355e+14	2.8829e-17	1.9634e-17
1.9367e+14	5.3524e-19	4.7112e-17
1.9379e+14	-3.9256e-18	4.4392e-17
1.9391e+14	2.7218e-17	2.0399e-17
1.9403e+14	1.2925e-17	3.7655e-17
1.9415e+14	-9.1503e-18	5.1622e-17
1.9427e+14	1.8148e-17	2.6681e-17
1.9439e+14	2.2704e-17	2.6043e-17
1.9451e+14	-6.9652e-18	4.7358e-17
1.9463e+14	7.802e-18	3.3066e-17
1.9475e+14	2.8579e-17	2.0897e-17
1.9487e+14	4.0424e-19	4.163e-17
1.9499e+14	-3.3442e-18	3.8642e-17
1.9511e+14	2.7354e-17	1.9114e-17
1.9523e+14	1.2318e-17	3.5685e-17
1.9535e+14	-9.5142e-18	4.7027e-17
1.9547e+14	1.8271e-17	2.5456e-17
1.9559e+14	2.2559e-17	2.9065e-17
1.9571e+14	-7.7759e-18	4.8719e-17
1.9584e+14	6.8996e-18	3.2558e-17
1.9596e+14	2.8297e-17	2.3376e-17
1.9608e+14	1.5355e-19	4.543e-17
1.962e+14	-4.8627e-18	3.7736e-17
1.9632e+14	2.5149e-17	1.4487e-17
1.9644e+14	1.1562e-17	3.3555e-17
1.9656e+14	-8.6379e-18	4.7744e-17
1.9668e+14	1.8827e-17	2.3448e-17
1.968e+14	2.2072e-17	2.2835e-17
1.9692e+14	-8.391e-18	4.2429e-17
1.9704e+14	6.4588e-18	2.7428e-17
1.9716e+14	2.7831e-17	1.6273e-17
1.9728e+14	2.0013e-19	3.7582e-17
1.974e+14	-3.8734e-18	3.5089e-17
1.9752e+14	2.6382e-17	1.6771e-17
1.9764e+14	1.2084e-17	3.3506e-17
1.9776e+14	-8.7291e-18	4.3758e-17
1.9788e+14	1.9162e-17	2.1683e-17
1.98e+14	2.3184e-17	2.5094e-17
1.9812e+14	-7.6665e-18	4.4041e-17
1.9824e+14	6.0033e-18	2.7837e-17
1.9836e+14	2.725e-17	1.967e-17
1.9848e+14	4.1919e-19	4.3386e-17
1.986e+14	-3.5707e-18	3.8877e-17
1.9872e+14	2.6141e-17	1.8806e-17
1.9884e+14	1.149e-17	3.65e-17
1.9896e+14	-9.9029e-18	4.5837e-17
1.9908e+14	1.7521e-17	2.0597e-17
1.992e+14	2.2408e-17	2.437e-17
1.9932e+14	-7.1215e-18	4.6607e-17
1.9944e+14	6.747e-18	2.9572e-17
1.9956e+14	2.7812e-17	1.6882e-17
1.9968e+14	1.1353e-18	3.9849e-17
1.998e+14	-3.3643e-18	3.8518e-17
1.9992e+14	2.5467e-17	1.8689e-17
2.0004e+14	1.0945e-17	3.3333e-17
2.0016e+14	-9.9214e-18	4.2325e-17
2.0028e+14	1.7606e-17	2.0037e-17
2.004e+14	2.3146e-17	2.5386e-17
2.0052e+14	-5.4312e-18	4.7142e-17
2.0064e+14	7.9534e-18	3.043e-17
2.0076e+14	2.7618e-17	1.8643e-17
2.0088e+14	4.1603e-19	4.0941e-17
2.01e+14	-3.8236e-18	3.8125e-17
2.0112e+14	2.555e-17	1.7979e-17
2.0124e+14	1.184e-17	3.267e-17
2.0136e+14	-9.2454e-18	4.0326e-17
2.0148e+14	1.6428e-17	1.668e-17
2.016e+14	2.0861e-17	2.3025e-17
2.0172e+14	-6.699e-18	4.6499e-17
2.0184e+14	7.7308e-18	2.8831e-17
2.0196e+14	2.7149e-17	1.463e-17
2.0208e+14	-3.7277e-19	3.6536e-17
2.022e+14	-4.5295e-18	3.4157e-17
2.0232e+14	2.4693e-17	1.2709e-17
2.0244e+14	1.0864e-17	2.6915e-17
2.0256e+14	-9.9529e-18	3.6919e-17
2.0268e+14	1.5875e-17	1.4005e-17
2.028e+14	2.0089e-17	1.7176e-17
2.0292e+14	-7.7388e-18	3.9351e-17
2.0304e+14	6.8506e-18	2.556e-17
2.0316e+14	2.7239e-17	1.4972e-17
2.0328e+14	7.8415e-19	3.6369e-17
2.034e+14	-3.5555e-18	3.323e-17
2.0352e+14	2.4831e-17	1.4109e-17
2.0364e+14	1.139e-17	3.1057e-17
2.0376e+14	-8.2398e-18	4.0925e-17
2.0388e+14	1.7487e-17	1.5876e-17
2.04e+14	2.0195e-17	1.7647e-17
2.0412e+14	-8.9053e-18	3.9576e-17
2.0425e+14	5.459e-18	2.5013e-17
2.0437e+14	2.6314e-17	1.3254e-17
2.0449e+14	4.2072e-19	3.504e-17
2.0461e+14	-3.5363e-18	3.3096e-17
2.0473e+14	2.5101e-17	1.3557e-17
2.0485e+14	1.1399e-17	2.991e-17
2.0497e+14	-9.2141e-18	4.13e-17
2.0509e+14	1.6355e-17	1.7151e-17
2.0521e+14	2.0866e-17	1.6983e-17
2.0533e+14	-6.775e-18	3.7959e-17
2.0545e+14	6.605e-18	2.541e-17
2.0557e+14	2.6161e-17	1.4507e-17
2.0569e+14	5.2389e-19	3.4988e-17
2.0581e+14	-3.5921e-18	3.3582e-17
2.0593e+14	2.3853e-17	1.574e-17
2.0605e+14	1.062e-17	3.0518e-17
2.0617e+14	-8.0166e-18	3.8698e-17
2.0629e+14	1.7537e-17	1.4662e-17
2.0641e+14	1.9938e-17	1.7004e-17
2.0653e+14	-8.6251e-18	3.8836e-17
2.0665e+14	5.6398e-18	2.562e-17
2.0677e+14	2.59e-17	1.4872e-17
2.0689e+14	4.5754e-19	3.5892e-17
2.0701e+14	-3.0339e-18	3.3387e-17
2.0713e+14	2.491e-17	1.3137e-17
2.0725e+14	1.0873e-17	2.7015e-17
2.0737e+14	-9.1327e-18	3.7096e-17
2.0749e+14	1.6457e-17	1.5278e-17
2.0761e+14	2.0314e-17	1.7482e-17
2.0773e+14	-7.605e-18	3.7544e-17
2.0785e+14	5.7014e-18	2.2767e-17
2.0797e+14	2.5237e-17	1.1139e-17
2.0809e+14	2.1302e-19	3.2295e-17
2.0821e+14	-2.9615e-18	3.0981e-17
2.0833e+14	2.4852e-17	1.1797e-17
2.0845e+14	1.1236e-17	2.6578e-17
2.0857e+14	-7.9114e-18	3.8508e-17
2.0869e+14	1.807e-17	1.7976e-17
2.0881e+14	2.1682e-17	1.8766e-17
2.0893e+14	-7.0789e-18	3.6931e-17
2.0905e+14	5.1457e-18	2.2822e-17
2.0917e+14	2.4558e-17	1.289e-17
2.0929e+14	4.1646e-19	3.4047e-17
2.0941e+14	-2.5992e-18	3.1017e-17
2.0953e+14	2.4206e-17	9.2792e-18
2.0965e+14	9.8008e-18	2.2328e-17
2.0977e+14	-9.5585e-18	3.5718e-17
2.0989e+14	1.6235e-17	1.8341e-17
2.1001e+14	2.016e-17	1.9639e-17
2.1013e+14	-7.4373e-18	3.6122e-17
2.1025e+14	5.8135e-18	2.1719e-17
2.1037e+14	2.5238e-17	1.2018e-17
2.1049e+14	2.3463e-19	3.2211e-17
2.1061e+14	-3.6891e-18	3.0056e-17
2.1073e+14	2.3284e-17	1.1997e-17
2.1085e+14	9.9653e-18	2.6279e-17
2.1097e+14	-9.1678e-18	3.6211e-17
2.1109e+14	1.5802e-17	1.542e-17
2.1121e+14	1.9835e-17	1.6741e-17
2.1133e+14	-6.7839e-18	3.5155e-17
2.1145e+14	6.1003e-18	2.2529e-17
2.1157e+14	2.419e-17	1.3251e-17
2.1169e+14	-7.765e-19	3.1995e-17
2.1181e+14	-3.593e-18	2.8243e-17
2.1193e+14	2.3793e-17	1.0086e-17
2.1205e+14	1.0543e-17	2.4506e-17
2.1217e+14	-8.1303e-18	3.4399e-17
2.1229e+14	1.6657e-17	1.5534e-17
2.1241e+14	1.9477e-17	1.9542e-17
2.1254e+14	-7.8854e-18	3.6929e-17
2.1266e+14	5.4273e-18	2.0493e-17
2.1278e+14	2.4077e-17	1.0347e-17
2.129e+14	-7.4562e-19	3.1492e-17
2.1302e+14	-3.3082e-18	2.884e-17
2.1314e+14	2.4303e-17	1.0603e-17
2.1326e+14	1.0473e-17	2.6691e-17
2.1338e+14	-9.0919e-18	3.7042e-17
2.135e+14	1.578e-17	1.3475e-17
2.1362e+14	1.9355e-17	1.2598e-17
2.1374e+14	-7.7483e-18	3.2049e-17
2.1386e+14	5.807e-18	2.1524e-17
2.1398e+14	2.531e-17	1.3225e-17
2.141e+14	4.6367e-19	3.2087e-17
2.1422e+14	-3.6974e-18	2.8044e-17
2.1434e+14	2.2947e-17	9.72e-18
2.1446e+14	9.8772e-18	2.4655e-17
2.1458e+14	-9.0617e-18	3.405e-17
2.147e+14	1.5532e-17	1.2487e-17
2.1482e+14	1.9043e-17	1.5486e-17
2.1494e+14	-8.0277e-18	3.6294e-17
2.1506e+14	5.1568e-18	2.2237e-17
2.1518e+14	2.4679e-17	9.0672e-18
2.153e+14	4.3932e-20	2.7404e-17
2.1542e+14	-4.7057e-18	2.6493e-17
2.1554e+14	2.1725e-17	9.0153e-18
2.1566e+14	9.7724e-18	2.1924e-17
2.1578e+14	-8.7868e-18	3.1235e-17
2.159e+14	1.4679e-17	1.1109e-17
2.1602e+14	1.8068e-17	1.2938e-17
2.1614e+14	-7.759e-18	3.2338e-17
2.1626e+14	5.5632e-18	2.0901e-17
2.1638e+14	2.4267e-17	1.0548e-17
2.165e+14	-1.1028e-19	2.7207e-17
2.1662e+14	-4.0794e-18	2.3994e-17
2.1674e+14	2.2286e-17	7.8946e-18
2.1686e+14	1.0073e-17	2.3154e-17
2.1698e+14	-8.2837e-18	3.3351e-17
2.171e+14	1.5488e-17	1.3772e-17
2.1722e+14	1.9209e-17	1.4405e-17
2.1734e+14	-6.6376e-18	2.9462e-17
2.1746e+14	5.7463e-18	1.552e-17
2.1758e+14	2.3633e-17	8.5042e-18
2.177e+14	-3.5461e-19	2.9337e-17
2.1782e+14	-3.8666e-18	2.593e-17
2.1794e+14	2.2099e-17	8.0356e-18
2.1806e+14	9.7014e-18	2.2851e-17
2.1818e+14	-8.3574e-18	3.1995e-17
2.183e+14	1.497e-17	1.1313e-17
2.1842e+14	1.7733e-17	1.438e-17
2.1854e+14	-8.02e-18	3.3026e-17
2.1866e+14	5.5633e-18	1.8264e-17
2.1878e+14	2.4257e-17	7.8617e-18
2.189e+14	-7.2861e-20	2.7807e-17
2.1902e+14	-4.1555e-18	2.4599e-17
2.1914e+14	2.21e-17	5.7352e-18
2.1926e+14	1.0199e-17	2.1637e-17
2.1938e+14	-8.3195e-18	3.3825e-17
2.195e+14	1.4586e-17	1.2298e-17
2.1962e+14	1.8223e-17	1.1684e-17
2.1974e+14	-7.0621e-18	3.1005e-17
2.1986e+14	5.1339e-18	1.9596e-17
2.1998e+14	2.2853e-17	8.3782e-18
2.201e+14	-5.0063e-19	2.6117e-17
2.2022e+14	-3.9543e-18	2.4461e-17
2.2034e+14	2.1526e-17	6.252e-18
2.2046e+14	9.5949e-18	1.8945e-17
2.2058e+14	-7.8798e-18	3.1055e-17
2.207e+14	1.518e-17	1.3947e-17
2.2082e+14	1.8132e-17	1.3775e-17
2.2095e+14	-7.307e-18	2.9309e-17
2.2107e+14	5.0605e-18	1.8149e-17
2.2119e+14	2.2781e-17	1.0069e-17
2.2131e+14	-4.2216e-19	2.6966e-17
2.2143e+14	-3.6793e-18	2.346e-17
2.2155e+14	2.1825e-17	7.4895e-18
2.2167e+14	9.8517e-18	2.1599e-17
2.2179e+14	-8.1619e-18	3.0432e-17
2.2191e+14	1.4115e-17	1.1295e-17
2.2203e+14	1.7606e-17	1.3475e-17
2.2215e+14	-6.3701e-18	3.0203e-17
2.2227e+14	5.9869e-18	1.6904e-17
2.2239e+14	2.2653e-17	7.6871e-18
2.2251e+14	-3.0137e-19	2.5586e-17
2.2263e+14	-2.9735e-18	2.2649e-17
2.2275e+14	2.1571e-17	7.0205e-18
2.2287e+14	9.046e-18	2.2085e-17
2.2299e+14	-7.5443e-18	3.0603e-17
2.2311e+14	1.5388e-17	9.8053e-18
2.2323e+14	1.737e-17	1.1716e-17
2.2335e+14	-7.3914e-18	2.9135e-17
2.2347e+14	5.9124e-18	1.494e-17
2.2359e+14	2.2716e-17	5.1148e-18
2.2371e+14	-1.0684e-18	2.547e-17
2.2383e+14	-3.2926e-18	2.449e-17
2.2395e+14	2.2234e-17	6.3041e-18
2.2407e+14	9.1404e-18	1.827e-17
2.2419e+14	-8.2153e-18	2.8159e-17
2.2431e+14	1.5468e-17	1.035e-17
2.2443e+14	1.7809e-17	1.2851e-17
2.2455e+14	-8.1692e-18	3.0583e-17
2.2467e+14	4.8875e-18	1.8007e-17
2.2479e+14	2.3221e-17	7.8569e-18
2.2491e+14	-2.4374e-19	2.5514e-17
2.2503e+14	-3.9129e-18	2.3584e-17
2.2515e+14	2.1319e-17	6.5336e-18
2.2527e+14	9.1823e-18	1.8337e-17
2.2539e+14	-8.3931e-18	2.7306e-17
2.2551e+14	1.4619e-17	1.0277e-17
2.2563e+14	1.7825e-17	1.332e-17
2.2575e+14	-7.23e-18	2.9134e-17
2.2587e+14	5.1039e-18	1.5005e-17
2.2599e+14	2.2659e-17	6.0125e-18
2.2611e+14	-5.0383e-19	2.4746e-17
2.2623e+14	-4.0325e-18	2.1885e-17
2.2635e+14	2.0973e-17	4.8016e-18
2.2647e+14	9.1698e-18	1.8871e-17
2.2659e+14	-8.0726e-18	2.8559e-17
2.2671e+14	1.4543e-17	8.4925e-18
2.2683e+14	1.7328e-17	8.9531e-18
2.2695e+14	-7.7873e-18	2.6555e-17
2.2707e+14	4.5444e-18	1.572e-17
2.2719e+14	2.2414e-17	7.0738e-18
2.2731e+14	-1.034e-19	2.422e-17
2.2743e+14	-3.3039e-18	2.1109e-17
2.2755e+14	2.1604e-17	4.5633e-18
2.2767e+14	9.2381e-18	1.773e-17
2.2779e+14	-9.1263e-18	2.5886e-17
2.2791e+14	1.3274e-17	6.0227e-18
2.2803e+14	1.7788e-17	8.4519e-18
2.2815e+14	-6.129e-18	2.7564e-17
2.2827e+14	4.8224e-18	1.6337e-17
2.2839e+14	2.1249e-17	6.6464e-18
2.2851e+14	-6.1582e-19	2.3977e-17
2.2863e+14	-3.181e-18	2.1129e-17
2.2875e+14	2.1001e-17	2.7975e-18
2.2887e+14	8.5369e-18	1.4529e-17
2.2899e+14	-8.7074e-18	2.544e-17
2.2911e+14	1.4201e-17	9.4986e-18
2.2924e+14	1.8218e-17	1.0711e-17
2.2936e+14	-6.0305e-18	2.4892e-17
2.2948e+14	5.1487e-18	1.192e-17
2.296e+14	2.1943e-17	4.6043e-18
2.2972e+14	-1.5439e-19	2.3754e-17
2.2984e+14	-3.7992e-18	2.0944e-17
2.2996e+14	2.0018e-17	3.2658e-18
2.3008e+14	9.0433e-18	1.6279e-17
2.302e+14	-7.038e-18	2.7199e-17
2.3032e+14	1.4663e-17	1.0213e-17
2.3044e+14	1.707e-17	1.0818e-17
2.3056e+14	-7.0395e-18	2.4805e-17
2.3068e+14	4.7333e-18	1.1282e-17
2.308e+14	2.126e-17	3.4736e-18
2.3092e+14	-1.0046e-18	2.2983e-17
2.3104e+14	-4.3373e-18	2.0928e-17
2.3116e+14	1.9355e-17	3.3595e-18
2.3128e+14	7.9064e-18	1.564e-17
2.314e+14	-8.1065e-18	2.5465e-17
2.3152e+14	1.432e-17	7.9626e-18
2.3164e+14	1.7634e-17	1.0003e-17
2.3176e+14	-5.9427e-18	2.6953e-17
2.3188e+14	5.6094e-18	1.473e-17
2.32e+14	2.1643e-17	5.1432e-18
2.3212e+14	-4.9571e-19	2.2709e-17
2.3224e+14	-3.1273e-18	2.0393e-17
2.3236e+14	2.097e-17	2.3405e-18
2.3248e+14	9.0462e-18	1.359e-17
2.326e+14	-8.0643e-18	2.389e-17
2.3272e+14	1.3601e-17	7.2902e-18
2.3284e+14	1.7041e-17	8.4165e-18
2.3296e+14	-6.2725e-18	2.4802e-17
2.3308e+14	5.0562e-18	1.4374e-17
2.332e+14	2.1108e-17	5.8239e-18
2.3332e+14	-4.7056e-19	2.2007e-17
2.3344e+14	-2.9885e-18	1.9363e-17
2.3356e+14	2.0713e-17	3.0136e-18
2.3368e+14	8.9634e-18	1.458e-17
2.338e+14	-7.5438e-18	2.3596e-17
2.3392e+14	1.4283e-17	7.1351e-18
2.3404e+14	1.7833e-17	9.3619e-18
2.3416e+14	-4.9902e-18	2.5131e-17
2.3428e+14	6.3099e-18	1.2786e-17
2.344e+14	2.1479e-17	3.1996e-18
2.3452e+14	-6.6594e-19	1.9859e-17
2.3464e+14	-2.8855e-18	1.8455e-17
2.3476e+14	2.1054e-17	2.6677e-18
2.3488e+14	8.9473e-18	1.3276e-17
2.35e+14	-7.8184e-18	2.1381e-17
2.3512e+14	1.4184e-17	5.7144e-18
2.3524e+14	1.7415e-17	8.9671e-18
2.3536e+14	-6.5025e-18	2.4511e-17
2.3548e+14	4.6408e-18	1.253e-17
2.356e+14	2.1426e-17	4.9224e-18
2.3572e+14	3.5329e-19	2.2445e-17
2.3584e+14	-2.967e-18	1.9614e-17
2.3596e+14	1.9975e-17	3.2545e-18
2.3608e+14	8.7777e-18	1.5376e-17
2.362e+14	-7.2548e-18	2.3385e-17
2.3632e+14	1.3914e-17	4.3828e-18
2.3644e+14	1.6814e-17	5.3813e-18
2.3656e+14	-6.0913e-18	2.2612e-17
2.3668e+14	5.2217e-18	1.2539e-17
2.368e+14	2.0693e-17	3.9274e-18
2.3692e+14	-1.1187e-18	2.0583e-17
2.3704e+14	-3.7563e-18	1.9235e-17
2.3716e+14	1.9883e-17	3.2131e-18
2.3728e+14	8.4425e-18	1.304e-17
2.374e+14	-8.0266e-18	2.0516e-17
2.3753e+14	1.3444e-17	4.204e-18
2.3765e+14	1.6786e-17	6.5147e-18
2.3777e+14	-6.6298e-18	2.2096e-17
2.3789e+14	4.188e-18	1.1125e-17
2.3801e+14	2.0797e-17	3.3121e-18
2.3813e+14	2.4057e-19	1.9775e-17
2.3825e+14	-3.3391e-18	1.7456e-17
2.3837e+14	1.8975e-17	2.1858e-18
2.3849e+14	8.4243e-18	1.4253e-17
2.3861e+14	-6.9132e-18	2.3362e-17
2.3873e+14	1.3688e-17	7.1279e-18
2.3885e+14	1.6446e-17	8.1522e-18
2.3897e+14	-5.6703e-18	2.2275e-17
2.3909e+14	5.5878e-18	1.1107e-17
2.3921e+14	2.0556e-17	3.658e-18
2.3933e+14	-8.5749e-19	1.9489e-17
2.3945e+14	-3.3355e-18	1.6457e-17
2.3957e+14	1.977e-17	1.3832e-18
2.3969e+14	8.6951e-18	1.2671e-17
2.3981e+14	-7.1993e-18	1.9813e-17
2.3993e+14	1.3312e-17	4.1558e-18
2.4005e+14	1.593e-17	8.6588e-18
2.4017e+14	-6.2825e-18	2.3968e-17
2.4029e+14	5.2607e-18	1.0433e-17
2.4041e+14	2.0637e-17	2.247e-18
2.4053e+14	-6.1521e-19	2.0384e-17
2.4065e+14	-3.1368e-18	1.8055e-17
2.4077e+14	1.9968e-17	1.3426e-18
2.4089e+14	9.0198e-18	1.2816e-17
2.4101e+14	-6.7803e-18	2.1514e-17
2.4113e+14	1.3635e-17	4.728e-18
2.4125e+14	1.6096e-17	7.1993e-18
2.4137e+14	-6.0047e-18	2.4023e-17
2.4149e+14	5.9239e-18	1.2966e-17
2.4161e+14	2.1341e-17	3.2328e-18
2.4173e+14	-6.1507e-19	1.8148e-17
2.4185e+14	-3.845e-18	1.5739e-17
2.4197e+14	1.9286e-17	7.6204e-19
2.4209e+14	8.4998e-18	1.2703e-17
2.4221e+14	-7.4343e-18	2.1504e-17
2.4233e+14	1.3373e-17	5.0405e-18
2.4245e+14	1.65e-17	6.1337e-18
2.4257e+14	-6.2362e-18	2.0738e-17
2.4269e+14	4.4252e-18	9.9728e-18
2.4281e+14	2.0277e-17	2.6681e-18
2.4293e+14	-2.9047e-20	1.8946e-17
2.4305e+14	-2.5916e-18	1.6407e-17
2.4317e+14	2.0398e-17	1.2465e-18
2.4329e+14	9.4801e-18	1.2662e-17
2.4341e+14	-7.343e-18	2.0337e-17
2.4353e+14	1.2409e-17	3.865e-18
2.4365e+14	1.6209e-17	6.599e-18
2.4377e+14	-5.1953e-18	2.2045e-17
2.4389e+14	5.1094e-18	9.9037e-18
2.4401e+14	1.9899e-17	1.1982e-18
2.4413e+14	-4.4723e-19	1.7931e-17
2.4425e+14	-2.9938e-18	1.6154e-17
2.4437e+14	1.9589e-17	7.2933e-19
2.4449e+14	9.1886e-18	1.2409e-17
2.4461e+14	-6.6717e-18	2.119e-17
2.4473e+14	1.2694e-17	4.2078e-18
2.4485e+14	1.5384e-17	5.1806e-18
2.4497e+14	-6.1203e-18	2.1063e-17
2.4509e+14	5.0382e-18	1.0862e-17
2.4521e+14	2.079e-17	1.8025e-18
2.4533e+14	8.866e-19	1.7142e-17
2.4545e+14	-2.41e-18	1.6531e-17
2.4557e+14	1.8792e-17	2.5611e-18
2.4569e+14	8.0559e-18	1.2583e-17
2.4581e+14	-7.0416e-18	1.9658e-17
2.4594e+14	1.2871e-17	3.9705e-18
2.4606e+14	1.5823e-17	5.9395e-18
2.4618e+14	-5.3023e-18	2.0279e-17
2.463e+14	5.6305e-18	9.2331e-18
2.4642e+14	2.0439e-17	1.239e-18
2.4654e+14	1.6018e-19	1.661e-17
2.4666e+14	-2.6062e-18	1.4841e-17
2.4678e+14	1.8946e-17	1.1795e-18
2.469e+14	8.0234e-18	1.2448e-17
2.4702e+14	-7.034e-18	1.9401e-17
2.4714e+14	1.3418e-17	2.8306e-18
2.4726e+14	1.6625e-17	4.7424e-18
2.4738e+14	-5.2163e-18	1.9336e-17
2.475e+14	4.6964e-18	8.2578e-18
2.4762e+14	1.9525e-17	7.5976e-19
2.4774e+14	2.1174e-19	1.724e-17
2.4786e+14	-2.0738e-18	1.6006e-17
2.4798e+14	1.9208e-17	2.0807e-18
2.481e+14	8.353e-18	1.332e-17
2.4822e+14	-6.3092e-18	2.0588e-17
2.4834e+14	1.3652e-17	3.6897e-18
2.4846e+14	1.5566e-17	4.8163e-18
2.4858e+14	-6.6616e-18	1.9564e-17
2.487e+14	4.4044e-18	9.3935e-18
2.4882e+14	2.0159e-17	1.7272e-18
2.4894e+14	7.8583e-20	1.6753e-17
2.4906e+14	-3.118e-18	1.4414e-17
2.4918e+14	1.9065e-17	1.3963e-19
2.493e+14	9.3572e-18	1.1061e-17
2.4942e+14	-6.1821e-18	1.858e-17
2.4954e+14	1.2658e-17	3.0952e-18
2.4966e+14	1.5646e-17	5.3221e-18
2.4978e+14	-5.2885e-18	1.954e-17
2.499e+14	4.9113e-18	8.4658e-18
2.5002e+14	1.957e-17	1.048e-18
2.5014e+14	7.0842e-20	1.6768e-17
2.5026e+14	-2.6183e-18	1.4331e-17
2.5038e+14	1.8801e-17	-3.3143e-19
2.505e+14	8.6087e-18	1.1064e-17
2.5062e+14	-6.3176e-18	1.956e-17
2.5074e+14	1.3358e-17	4.1795e-18
2.5086e+14	1.6798e-17	5.5243e-18
2.5098e+14	-4.3666e-18	1.9065e-17
2.511e+14	5.0116e-18	7.7663e-18
2.5122e+14	1.9282e-17	-1.0459e-19
2.5134e+14	2.8442e-20	1.5528e-17
2.5146e+14	-2.8554e-18	1.4358e-17
2.5158e+14	1.8166e-17	9.726e-19
2.517e+14	8.3383e-18	1.1745e-17
2.5182e+14	-6.4389e-18	1.8771e-17
2.5194e+14	1.2329e-17	3.2549e-18
2.5206e+14	1.5281e-17	5.4646e-18
2.5218e+14	-5.39e-18	1.9418e-17
2.523e+14	4.083e-18	8.1943e-18
2.5242e+14	1.8377e-17	4.7895e-19
2.5254e+14	3.0659e-19	1.5724e-17
2.5266e+14	-1.6327e-18	1.3642e-17
2.5278e+14	1.8703e-17	6.1949e-21
2.529e+14	8.2306e-18	1.1386e-17
2.5302e+14	-6.125e-18	1.859e-17
2.5314e+14	1.2563e-17	2.3385e-18
2.5326e+14	1.4864e-17	4.1257e-18
2.5338e+14	-5.1903e-18	1.8793e-17
2.535e+14	5.6776e-18	8.3604e-18
2.5362e+14	1.9962e-17	3.9865e-19
2.5374e+14	6.2025e-19	1.5183e-17
2.5386e+14	-2.1571e-18	1.3524e-17
2.5398e+14	1.8064e-17	2.7433e-19
2.541e+14	7.7392e-18	1.0854e-17
2.5423e+14	-5.9946e-18	1.7298e-17
2.5435e+14	1.3638e-17	1.7968e-18
2.5447e+14	1.6167e-17	4.5832e-18
2.5459e+14	-4.7159e-18	1.8873e-17
2.5471e+14	5.2041e-18	7.9191e-18
2.5483e+14	1.9102e-17	7.5875e-19
2.5495e+14	-2.1879e-19	1.6041e-17
2.5507e+14	-2.4604e-18	1.3e-17
2.5519e+14	1.89e-17	-1.4009e-18
2.5531e+14	9.1352e-18	1.0316e-17
2.5543e+14	-5.565e-18	1.802e-17
2.5555e+14	1.2933e-17	1.5619e-18
2.5567e+14	1.5577e-17	3.0975e-18
2.5579e+14	-4.9154e-18	1.8002e-17
2.5591e+14	4.8916e-18	7.9456e-18
2.5603e+14	1.9283e-17	5.93e-19
2.5615e+14	7.9445e-19	1.6011e-17
2.5627e+14	-2.1301e-18	1.3522e-17
2.5639e+14	1.7836e-17	-1.7072e-18
2.5651e+14	8.2744e-18	8.8227e-18
2.5663e+14	-5.5992e-18	1.7595e-17
2.5675e+14	1.2376e-17	3.3482e-18
2.5687e+14	1.4609e-17	5.2976e-18
2.5699e+14	-4.7424e-18	1.8902e-17
2.5711e+14	5.6353e-18	7.4698e-18
2.5723e+14	1.8847e-17	-7.3212e-19
2.5735e+14	-1.3298e-19	1.5047e-17
2.5747e+14	-1.8264e-18	1.4281e-17
2.5759e+14	1.8794e-17	2.0462e-19
2.5771e+14	8.4886e-18	1.011e-17
2.5783e+14	-5.6606e-18	1.7786e-17
2.5795e+14	1.2898e-17	2.7192e-18
2.5807e+14	1.5026e-17	3.8301e-18
2.5819e+14	-5.0953e-18	1.766e-17
2.5831e+14	5.2803e-18	7.7846e-18
2.5843e+14	1.9056e-17	-7.6801e-20
2.5855e+14	-3.8689e-20	1.4132e-17
2.5867e+14	-2.1449e-18	1.2864e-17
2.5879e+14	1.8811e-17	1.1667e-19
2.5891e+14	8.9896e-18	1.0408e-17
2.5903e+14	-5.3505e-18	1.7044e-17
2.5915e+14	1.3143e-17	1.7301e-18
2.5927e+14	1.5741e-17	3.4243e-18
2.5939e+14	-4.601e-18	1.7171e-17
2.5951e+14	4.7209e-18	7.0627e-18
2.5963e+14	1.8258e-17	-2.2299e-19
2.5975e+14	-2.8295e-20	1.4434e-17
2.5987e+14	-1.8227e-18	1.2642e-17
2.5999e+14	1.8584e-17	-8.0136e-19
2.6011e+14	8.2666e-18	9.4087e-18
2.6023e+14	-6.244e-18	1.6391e-17
2.6035e+14	1.2327e-17	1.5252e-18
2.6047e+14	1.5347e-17	3.5248e-18
2.6059e+14	-4.6152e-18	1.712e-17
2.6071e+14	4.7938e-18	6.6479e-18
2.6083e+14	1.851e-17	-4.051e-19
2.6095e+14	2.3056e-19	1.5023e-17
2.6107e+14	-2.2382e-18	1.3271e-17
2.6119e+14	1.7784e-17	-1.173e-18
2.6131e+14	8.164e-18	8.6467e-18
2.6143e+14	-5.9332e-18	1.6659e-17
2.6155e+14	1.1872e-17	2.5222e-18
2.6167e+14	1.4398e-17	3.8636e-18
2.6179e+14	-4.8995e-18	1.689e-17
2.6191e+14	5.2813e-18	6.7241e-18
2.6203e+14	1.9299e-17	-4.5241e-19
2.6215e+14	1.1597e-18	1.4275e-17
2.6227e+14	-1.5834e-18	1.2593e-17
2.6239e+14	1.7754e-17	-1.3074e-18
2.6252e+14	8.0155e-18	8.3018e-18
2.6264e+14	-5.3658e-18	1.5806e-17
2.6276e+14	1.3022e-17	1.5436e-18
2.6288e+14	1.5392e-17	2.6952e-18
2.63e+14	-4.4899e-18	1.5865e-17
2.6312e+14	5.1434e-18	6.877e-18
2.6324e+14	1.8845e-17	3.921e-19
2.6336e+14	5.428e-19	1.4012e-17
2.6348e+14	-2.185e-18	1.1452e-17
2.636e+14	1.7594e-17	-1.3088e-18
2.6372e+14	8.3953e-18	9.5819e-18
2.6384e+14	-5.0984e-18	1.6698e-17
2.6396e+14	1.2768e-17	1.6679e-18
2.6408e+14	1.4963e-17	2.8107e-18
2.642e+14	-5.0246e-18	1.5724e-17
2.6432e+14	4.3368e-18	5.8501e-18
2.6444e+14	1.8428e-17	-9.9729e-19
2.6456e+14	1.008e-18	1.3063e-17
2.6468e+14	-1.8769e-18	1.0833e-17
2.648e+14	1.6822e-17	-2.0352e-18
2.6492e+14	7.423e-18	8.568e-18
2.6504e+14	-5.1154e-18	1.5313e-17
2.6516e+14	1.3585e-17	2.8413e-19
2.6528e+14	1.6002e-17	2.266e-18
2.654e+14	-4.1838e-18	1.5971e-17
2.6552e+14	4.5513e-18	5.8031e-18
2.6564e+14	1.7984e-17	-1.4375e-18
2.6576e+14	6.0125e-19	1.3312e-17
2.6588e+14	-1.4861e-18	1.1668e-17
2.66e+14	1.8077e-17	-1.6903e-18
2.6612e+14	8.6717e-18	8.9822e-18
2.6624e+14	-5.001e-18	1.6898e-17
2.6636e+14	1.2711e-17	1.7554e-18
2.6648e+14	1.5535e-17	2.0667e-18
2.666e+14	-3.7697e-18	1.5568e-17
2.6672e+14	4.9486e-18	6.8612e-18
2.6684e+14	1.8124e-17	-3.4355e-19
2.6696e+14	1.0354e-18	1.3091e-17
2.6708e+14	-1.1583e-18	1.156e-17
2.672e+14	1.7593e-17	-8.455e-19
2.6732e+14	8.078e-18	9.1952e-18
2.6744e+14	-4.8481e-18	1.5938e-17
2.6756e+14	1.2799e-17	1.3089e-18
2.6768e+14	1.4591e-17	2.805e-18
2.678e+14	-4.7883e-18	1.6166e-17
2.6792e+14	5.2903e-18	6.5178e-18
2.6804e+14	1.9088e-17	-8.4229e-19
2.6816e+14	7.0972e-19	1.3227e-17
2.6828e+14	-2.4854e-18	1.1709e-17
2.684e+14	1.7409e-17	-1.9461e-18
2.6852e+14	9.0461e-18	7.0935e-18
2.6864e+14	-4.9657e-18	1.4631e-17
2.6876e+14	1.1552e-17	1.2776e-18
2.6888e+14	1.4548e-17	2.4644e-18
2.69e+14	-3.5806e-18	1.4865e-17
2.6912e+14	5.5732e-18	5.4278e-18
2.6924e+14	1.8511e-17	-1.397e-18
2.6936e+14	9.9387e-19	1.2286e-17
2.6948e+14	-1.8488e-18	1.0484e-17
2.696e+14	1.6871e-17	-2.503e-18
2.6972e+14	8.0147e-18	7.137e-18
2.6984e+14	-5.0046e-18	1.4514e-17
2.6996e+14	1.2316e-17	8.3568e-19
2.7008e+14	1.5068e-17	2.1183e-18
2.702e+14	-3.8217e-18	1.5044e-17
2.7032e+14	4.7327e-18	5.9486e-18
2.7044e+14	1.7822e-17	-1.3441e-18
2.7056e+14	9.5148e-19	1.1889e-17
2.7068e+14	-1.7242e-18	1.0833e-17
2.708e+14	1.6864e-17	-1.4016e-18
2.7093e+14	8.398e-18	7.3174e-18
2.7105e+14	-4.2531e-18	1.3485e-17
2.7117e+14	1.2786e-17	2.2301e-19
2.7129e+14	1.5307e-17	2.3106e-18
2.7141e+14	-3.553e-18	1.4962e-17
2.7153e+14	4.7979e-18	5.7709e-18
2.7165e+14	1.8046e-17	-7.1767e-19
2.7177e+14	1.9387e-18	1.2575e-17
2.7189e+14	-7.9105e-19	1.0456e-17
2.7201e+14	1.6805e-17	-2.0523e-18
2.7213e+14	8.1131e-18	7.6055e-18
2.7225e+14	-4.19e-18	1.4105e-17
2.7237e+14	1.2333e-17	3.0737e-20
2.7249e+14	1.4459e-17	1.741e-18
2.7261e+14	-3.4104e-18	1.5081e-17
2.7273e+14	5.6264e-18	6.3036e-18
2.7285e+14	1.7949e-17	-7.0673e-19
2.7297e+14	1.1057e-18	1.2294e-17
2.7309e+14	-9.9253e-19	1.0632e-17
2.7321e+14	1.7105e-17	-1.8271e-18
2.7333e+14	7.9763e-18	7.2465e-18
2.7345e+14	-4.5799e-18	1.3919e-17
2.7357e+14	1.2192e-17	7.7395e-19
2.7369e+14	1.4081e-17	2.4436e-18
2.7381e+14	-4.4945e-18	1.4683e-17
2.7393e+14	4.5621e-18	5.4699e-18
2.7405e+14	1.7791e-17	-9.8953e-19
2.7417e+14	1.4958e-18	1.2332e-17
2.7429e+14	-8.6216e-19	1.046e-17
2.7441e+14	1.7206e-17	-2.1557e-18
2.7453e+14	8.6295e-18	6.8682e-18
2.7465e+14	-3.8817e-18	1.3422e-17
2.7477e+14	1.2191e-17	2.4324e-19
2.7489e+14	1.3891e-17	1.9755e-18
2.7501e+14	-3.9544e-18	1.4134e-17
2.7513e+14	5.7022e-18	4.6412e-18
2.7525e+14	1.8733e-17	-2.082e-18
2.7537e+14	1.7351e-18	1.1251e-17
2.7549e+14	-1.2874e-18	9.6952e-18
2.7561e+14	1.6632e-17	-2.5226e-18
2.7573e+14	8.3266e-18	6.8952e-18
2.7585e+14	-4.1081e-18	1.3799e-17
2.7597e+14	1.1952e-17	5.9367e-19
2.7609e+14	1.4025e-17	1.9813e-18
2.7621e+14	-3.7126e-18	1.4194e-17
2.7633e+14	5.2848e-18	5.1243e-18
2.7645e+14	1.8066e-17	-1.6482e-18
2.7657e+14	1.7852e-18	1.1409e-17
2.7669e+14	-8.4143e-19	1.0166e-17
2.7681e+14	1.69e-17	-1.8763e-18
2.7693e+14	8.9566e-18	6.7131e-18
2.7705e+14	-3.1686e-18	1.2927e-17
2.7717e+14	1.1916e-17	1.0082e-19
2.7729e+14	1.2974e-17	1.7761e-18
2.7741e+14	-4.377e-18	1.3582e-17
2.7753e+14	5.1272e-18	4.547e-18
2.7765e+14	1.744e-17	-1.7052e-18
2.7777e+14	9.8874e-19	1.1067e-17
2.7789e+14	-1.0196e-18	9.0411e-18
2.7801e+14	1.6692e-17	-2.7803e-18
2.7813e+14	7.9981e-18	6.837e-18
2.7825e+14	-3.9265e-18	1.3453e-17
2.7837e+14	1.2459e-17	2.5753e-19
2.7849e+14	1.4382e-17	1.7659e-18
2.7861e+14	-3.002e-18	1.3796e-17
2.7873e+14	6.3414e-18	4.6844e-18
2.7885e+14	1.8518e-17	-2.001e-18
2.7897e+14	1.7077e-18	1.0796e-17
2.7909e+14	-4.8797e-19	9.3271e-18
2.7922e+14	1.732e-17	-2.4927e-18
2.7934e+14	8.2132e-18	6.3576e-18
2.7946e+14	-4.5908e-18	1.2764e-17
2.7958e+14	1.1736e-17	3.0708e-19
2.797e+14	1.4437e-17	2.1058e-18
2.7982e+14	-2.8612e-18	1.3473e-17
2.7994e+14	5.7803e-18	4.0392e-18
2.8006e+14	1.7814e-17	-2.0861e-18
2.8018e+14	1.2609e-18	1.1104e-17
2.803e+14	-1.2873e-18	9.3482e-18
2.8042e+14	1.6243e-17	-2.7581e-18
2.8054e+14	7.7518e-18	6.102e-18
2.8066e+14	-4.5932e-18	1.2302e-17
2.8078e+14	1.1405e-17	-6.5154e-19
2.809e+14	1.4076e-17	1.0693e-18
2.8102e+14	-2.728e-18	1.3101e-17
2.8114e+14	5.8566e-18	4.4144e-18
2.8126e+14	1.7382e-17	-1.4787e-18
2.8138e+14	8.5523e-19	1.1646e-17
2.815e+14	-1.3154e-18	9.7355e-18
2.8162e+14	1.6258e-17	-2.7587e-18
2.8174e+14	7.7029e-18	5.8787e-18
2.8186e+14	-4.3724e-18	1.2531e-17
2.8198e+14	1.1926e-17	1.4047e-20
2.821e+14	1.4294e-17	1.3717e-18
2.8222e+14	-3.3597e-18	1.2963e-17
2.8234e+14	4.9035e-18	4.4159e-18
2.8246e+14	1.7235e-17	-1.5984e-18
2.8258e+14	1.5141e-18	1.083e-17
2.827e+14	-6.9623e-19	8.8213e-18
2.8282e+14	1.7079e-17	-2.8983e-18
2.8294e+14	9.3424e-18	6.1567e-18
2.8306e+14	-2.9109e-18	1.2452e-17
2.8318e+14	1.2177e-17	-3.8258e-19
2.833e+14	1.439e-17	1.0738e-18
2.8342e+14	-2.4304e-18	1.2876e-17
2.8354e+14	5.7254e-18	4.3997e-18
2.8366e+14	1.7522e-17	-1.7592e-18
2.8378e+14	2.3578e-18	1.054e-17
2.839e+14	4.9174e-19	8.7588e-18
2.8402e+14	1.6971e-17	-2.6875e-18
2.8414e+14	8.1228e-18	6.1936e-18
2.8426e+14	-3.4414e-18	1.2272e-17
2.8438e+14	1.248e-17	-3.7509e-19
2.845e+14	1.4168e-17	1.0727e-18
2.8462e+14	-3.2383e-18	1.2322e-17
2.8474e+14	5.3875e-18	3.6252e-18
2.8486e+14	1.7452e-17	-1.9671e-18
2.8498e+14	1.4263e-18	1.0764e-17
2.851e+14	-9.9961e-19	8.6927e-18
2.8522e+14	1.6304e-17	-3.0286e-18
2.8534e+14	8.2138e-18	6.1624e-18
2.8546e+14	-3.7644e-18	1.26e-17
2.8558e+14	1.2024e-17	-7.2407e-20
2.857e+14	1.4549e-17	1.3953e-18
2.8582e+14	-2.9194e-18	1.2831e-17
2.8594e+14	4.4795e-18	3.8287e-18
2.8606e+14	1.6564e-17	-2.4816e-18
2.8618e+14	1.8225e-18	1.0227e-17
2.863e+14	-6.2919e-19	8.88e-18
2.8642e+14	1.5659e-17	-2.6958e-18
2.8654e+14	7.9163e-18	5.7738e-18
2.8666e+14	-3.1913e-18	1.175e-17
2.8678e+14	1.199e-17	-7.2721e-19
2.869e+14	1.3734e-17	1.0464e-18
2.8702e+14	-3.0313e-18	1.2738e-17
2.8714e+14	5.1824e-18	3.8709e-18
2.8726e+14	1.7005e-17	-2.6992e-18
2.8738e+14	2.0927e-18	9.7819e-18
2.8751e+14	1.9576e-19	8.7309e-18
2.8763e+14	1.6814e-17	-2.6523e-18
2.8775e+14	8.7174e-18	5.5505e-18
2.8787e+14	-2.9761e-18	1.1642e-17
2.8799e+14	1.1909e-17	-3.3832e-19
2.8811e+14	1.4004e-17	1.1962e-18
2.8823e+14	-2.1901e-18	1.2237e-17
2.8835e+14	5.7263e-18	3.6294e-18
2.8847e+14	1.6451e-17	-2.2723e-18
2.8859e+14	9.4073e-19	9.882e-18
2.8871e+14	-7.0321e-19	7.9907e-18
2.8883e+14	1.6157e-17	-3.3668e-18
2.8895e+14	8.0626e-18	5.5291e-18
2.8907e+14	-3.3018e-18	1.1836e-17
2.8919e+14	1.2202e-17	-5.2028e-19
2.8931e+14	1.4448e-17	8.9057e-19
2.8943e+14	-2.2011e-18	1.2312e-17
2.8955e+14	5.6499e-18	3.8269e-18
2.8967e+14	1.7272e-17	-2.4989e-18
2.8979e+14	2.4517e-18	9.6649e-18
2.8991e+14	1.6095e-19	8.5481e-18
2.9003e+14	1.6112e-17	-2.6291e-18
2.9015e+14	8.2419e-18	5.4023e-18
2.9027e+14	-2.5458e-18	1.1441e-17
2.9039e+14	1.2782e-17	-4.9638e-20
2.9051e+14	1.4721e-17	1.6572e-18
2.9063e+14	-1.9734e-18	1.2315e-17
2.9075e+14	5.2777e-18	3.5497e-18
2.9087e+14	1.6128e-17	-2.344e-18
2.9099e+14	1.7925e-18	9.5731e-18
2.9111e+14	6.812e-19	7.6372e-18
2.9123e+14	1.666e-17	-3.4917e-18
2.9135e+14	7.8985e-18	5.3285e-18
2.9147e+14	-3.084e-18	1.1435e-17
2.9159e+14	1.2733e-17	-8.4477e-19
2.9171e+14	1.4872e-17	5.179e-19
2.9183e+14	-1.5829e-18	1.1708e-17
2.9195e+14	6.4596e-18	3.3685e-18
2.9207e+14	1.7494e-17	-2.6724e-18
2.9219e+14	1.9117e-18	9.324e-18
2.9231e+14	-1.6643e-19	7.9787e-18
2.9243e+14	1.6622e-17	-2.9223e-18
2.9255e+14	8.7387e-18	5.5593e-18
2.9267e+14	-3.19e-18	1.1582e-17
2.9279e+14	1.1245e-17	-5.3529e-19
2.9291e+14	1.3313e-17	5.6096e-19
2.9303e+14	-2.7944e-18	1.1465e-17
2.9315e+14	5.3824e-18	3.5172e-18
2.9327e+14	1.7433e-17	-2.0702e-18
2.9339e+14	3.0766e-18	9.6931e-18
2.9351e+14	3.2204e-19	7.8617e-18
2.9363e+14	1.5568e-17	-3.2834e-18
2.9375e+14	8.0084e-18	5.0618e-18
2.9387e+14	-2.5276e-18	1.1072e-17
2.9399e+14	1.1866e-17	-8.237e-19
2.9411e+14	1.3102e-17	4.8109e-19
2.9423e+14	-2.7637e-18	1.1448e-17
2.9435e+14	5.9509e-18	3.4829e-18
2.9447e+14	1.7412e-17	-2.2832e-18
2.9459e+14	2.2457e-18	9.3255e-18
2.9471e+14	-7.92e-20	7.696e-18
2.9483e+14	1.623e-17	-3.2726e-18
2.9495e+14	8.7328e-18	4.7976e-18
2.9507e+14	-2.7547e-18	1.0684e-17
2.9519e+14	1.1378e-17	-7.4664e-19
2.9531e+14	1.3638e-17	8.5208e-19
2.9543e+14	-1.6406e-18	1.1478e-17
2.9555e+14	6.1816e-18	3.1777e-18
2.9567e+14	1.6885e-17	-2.5911e-18
2.9579e+14	2.3479e-18	9.0363e-18
2.9592e+14	6.5821e-19	7.5716e-18
2.9604e+14	1.6355e-17	-2.8832e-18
2.9616e+14	7.9903e-18	5.4592e-18
2.9628e+14	-3.554e-18	1.0875e-17
2.964e+14	1.0838e-17	-1.2246e-18
2.9652e+14	1.3071e-17	2.1594e-19
2.9664e+14	-2.119e-18	1.1072e-17
2.9676e+14	6.3858e-18	2.9403e-18
2.9688e+14	1.7789e-17	-2.7091e-18
2.97e+14	2.8727e-18	9.0758e-18
2.9712e+14	-9.5075e-21	7.4474e-18
2.9724e+14	1.5449e-17	-3.5695e-18
2.9736e+14	8.3421e-18	4.6168e-18
2.9748e+14	-2.1031e-18	1.0701e-17
2.976e+14	1.2221e-17	-8.3397e-19
2.9772e+14	1.4045e-17	3.5609e-19
2.9784e+14	-1.5283e-18	1.0805e-17
2.9796e+14	6.177e-18	2.6836e-18
2.9808e+14	1.6972e-17	-2.8888e-18
2.982e+14	2.4881e-18	8.9746e-18
2.9832e+14	3.7769e-19	7.69e-18
2.9844e+14	1.5891e-17	-3.1454e-18
2.9856e+14	8.2252e-18	4.6901e-18
2.9868e+14	-2.8391e-18	1.0461e-17
2.988e+14	1.1194e-17	-9.5938e-19
2.9892e+14	1.325e-17	4.0093e-19
2.9904e+14	-1.995e-18	1.0933e-17
2.9916e+14	5.6671e-18	2.909e-18
2.9928e+14	1.6518e-17	-2.7989e-18
2.994e+14	2.5062e-18	8.6569e-18
2.9952e+14	5.2503e-19	7.1349e-18
2.9964e+14	1.5658e-17	-3.5796e-18
2.9976e+14	8.1426e-18	4.5904e-18
2.9988e+14	-2.0945e-18	1.0675e-17
3e+14	1.2244e-17	-8.9115e-19
