#Error on normalization	O = 0.612 %	H = 2.387 %
#Frequence (s-1)	S_O (s)	S_H (s)
0	-1.8954e-16	1.5096e-17
1.3556e+11	2.945e-17	1.3576e-17
2.7113e+11	1.9142e-16	1.6662e-17
4.0669e+11	-8.9909e-17	1.958e-17
5.4225e+11	-1.676e-16	1.491e-17
6.7781e+11	1.9724e-16	2.2984e-17
8.1338e+11	1.6151e-16	3.6189e-17
9.4894e+11	-2.2239e-16	2.8026e-17
1.0845e+12	3.7315e-17	2.9892e-17
1.2201e+12	4.0673e-16	5.5872e-17
1.3556e+12	-5.1133e-17	5.3289e-17
1.4912e+12	-2.0707e-16	3.6665e-17
1.6268e+12	4.57e-16	6.1093e-17
1.7623e+12	3.028e-16	7.9086e-17
1.8979e+12	-3.2153e-16	6.7664e-17
2.0334e+12	3.9677e-16	1.0024e-16
2.169e+12	9.1008e-16	1.3709e-16
2.3046e+12	-1.9401e-16	1.0354e-16
2.4401e+12	-1.8725e-16	1.0967e-16
2.5757e+12	1.1681e-15	1.8043e-16
2.7113e+12	4.3114e-16	1.4808e-16
2.8468e+12	-6.804e-16	9.5642e-17
2.9824e+12	1.1203e-15	2.1584e-16
3.1179e+12	1.7943e-15	2.8692e-16
3.2535e+12	-4.7269e-16	1.6176e-16
3.3891e+12	3.5658e-16	1.9556e-16
3.5246e+12	2.8524e-15	3.8536e-16
3.6602e+12	1.0064e-17	2.864e-16
3.7958e+12	-1.4083e-15	1.729e-16
3.9313e+12	5.1951e-15	5.0671e-16
4.0669e+12	6.6719e-15	6.8209e-16
4.2024e+12	2.1399e-15	5.2228e-16
4.338e+12	1.9882e-14	1.4267e-15
4.4736e+12	5.9371e-14	3.4572e-15
4.6091e+12	7.0573e-14	4.0352e-15
4.7447e+12	3.5186e-14	2.1827e-15
4.8803e+12	1.2911e-15	4.5933e-16
5.0158e+12	4.8337e-16	5.0119e-16
5.1514e+12	6.564e-15	8.3154e-16
5.2869e+12	9.1314e-16	4.9707e-16
5.4225e+12	2.3228e-16	4.6717e-16
5.5581e+12	7.6903e-15	8.8065e-16
5.6936e+12	6.997e-15	8.6643e-16
5.8292e+12	1.6216e-15	6.708e-16
5.9648e+12	4.9869e-15	9.3223e-16
6.1003e+12	1.0757e-14	1.2046e-15
6.2359e+12	1.0674e-14	1.1301e-15
6.3714e+12	1.2405e-14	1.1769e-15
6.507e+12	1.8644e-14	1.4331e-15
6.6426e+12	2.0326e-14	1.5541e-15
6.7781e+12	1.593e-14	1.5986e-15
6.9137e+12	1.1199e-14	1.5635e-15
7.0493e+12	7.5327e-15	1.2643e-15
7.1848e+12	6.4934e-15	1.1299e-15
7.3204e+12	9.6156e-15	1.4675e-15
7.4559e+12	1.1116e-14	1.5925e-15
7.5915e+12	9.224e-15	1.3359e-15
7.7271e+12	1.3437e-14	1.6745e-15
7.8626e+12	2.4624e-14	2.623e-15
7.9982e+12	3.018e-14	3.0294e-15
8.1338e+12	2.815e-14	2.8859e-15
8.2693e+12	2.7939e-14	2.9645e-15
8.4049e+12	2.7921e-14	2.8636e-15
8.5404e+12	2.2766e-14	2.2908e-15
8.676e+12	2.2774e-14	2.476e-15
8.8116e+12	3.6885e-14	3.7974e-15
8.9471e+12	5.2298e-14	4.6155e-15
9.0827e+12	5.5406e-14	4.2744e-15
9.2183e+12	5.5398e-14	4.2106e-15
9.3538e+12	6.7013e-14	5.0536e-15
9.4894e+12	8.4594e-14	5.665e-15
9.6249e+12	9.2122e-14	5.5153e-15
9.7605e+12	9.1722e-14	5.5006e-15
9.8961e+12	1.004e-13	6.1907e-15
1.0032e+13	1.1605e-13	6.8509e-15
1.0167e+13	1.1617e-13	6.5371e-15
1.0303e+13	1.0169e-13	5.6272e-15
1.0438e+13	1.0111e-13	5.4316e-15
1.0574e+13	1.1412e-13	5.9262e-15
1.0709e+13	1.0476e-13	5.4941e-15
1.0845e+13	6.8571e-14	3.825e-15
1.0981e+13	4.3208e-14	2.6339e-15
1.1116e+13	4.087e-14	2.5865e-15
1.1252e+13	3.7194e-14	2.5475e-15
1.1387e+13	2.6657e-14	2.2171e-15
1.1523e+13	2.4323e-14	2.2417e-15
1.1658e+13	2.655e-14	2.3162e-15
1.1794e+13	2.279e-14	2.0951e-15
1.193e+13	2.0086e-14	2.2697e-15
1.2065e+13	2.2363e-14	2.7632e-15
1.2201e+13	2.0786e-14	2.5833e-15
1.2336e+13	1.7145e-14	2.1537e-15
1.2472e+13	2.0509e-14	2.5395e-15
1.2607e+13	2.6961e-14	3.0994e-15
1.2743e+13	2.9787e-14	2.9608e-15
1.2878e+13	2.9841e-14	2.7831e-15
1.3014e+13	2.5985e-14	2.9034e-15
1.315e+13	2.1368e-14	2.6921e-15
1.3285e+13	2.7869e-14	2.4988e-15
1.3421e+13	4.069e-14	3.0025e-15
1.3556e+13	3.9855e-14	3.4479e-15
1.3692e+13	3.0102e-14	3.2835e-15
1.3827e+13	3.3188e-14	3.2864e-15
1.3963e+13	4.2436e-14	3.4237e-15
1.4099e+13	3.7568e-14	2.8614e-15
1.4234e+13	2.7859e-14	2.3e-15
1.437e+13	3.0956e-14	2.7437e-15
1.4505e+13	3.7214e-14	3.2236e-15
1.4641e+13	3.3695e-14	2.862e-15
1.4776e+13	2.9045e-14	2.6886e-15
1.4912e+13	3.0662e-14	3.212e-15
1.5047e+13	3.1775e-14	3.3854e-15
1.5183e+13	3.1215e-14	3.0643e-15
1.5319e+13	3.6183e-14	3.2602e-15
1.5454e+13	4.4531e-14	3.8937e-15
1.559e+13	4.712e-14	4.0101e-15
1.5725e+13	4.5575e-14	3.6569e-15
1.5861e+13	5.054e-14	3.6398e-15
1.5996e+13	6.1753e-14	4.0891e-15
1.6132e+13	6.5371e-14	4.3875e-15
1.6268e+13	5.7785e-14	4.225e-15
1.6403e+13	5.3239e-14	4.066e-15
1.6539e+13	5.5718e-14	4.1897e-15
1.6674e+13	5.0492e-14	3.9878e-15
1.681e+13	3.7951e-14	3.3034e-15
1.6945e+13	3.8148e-14	3.2004e-15
1.7081e+13	4.9432e-14	3.8768e-15
1.7216e+13	4.8318e-14	3.9354e-15
1.7352e+13	3.5284e-14	3.1696e-15
1.7488e+13	3.1887e-14	3.0636e-15
1.7623e+13	3.829e-14	3.7091e-15
1.7759e+13	3.9265e-14	3.819e-15
1.7894e+13	3.6259e-14	3.5646e-15
1.803e+13	3.7511e-14	3.7961e-15
1.8165e+13	3.9183e-14	3.9403e-15
1.8301e+13	3.8299e-14	3.6238e-15
1.8437e+13	3.9685e-14	3.7596e-15
1.8572e+13	4.2087e-14	4.2851e-15
1.8708e+13	3.9297e-14	4.1483e-15
1.8843e+13	3.3772e-14	3.7583e-15
1.8979e+13	3.399e-14	4.0322e-15
1.9114e+13	4.1489e-14	4.2899e-15
1.925e+13	4.7304e-14	3.9491e-15
1.9385e+13	4.336e-14	3.8964e-15
1.9521e+13	3.7349e-14	4.3964e-15
1.9657e+13	4.3749e-14	4.6052e-15
1.9792e+13	5.7302e-14	4.5801e-15
1.9928e+13	5.9413e-14	4.8798e-15
2.0063e+13	5.1503e-14	5.0506e-15
2.0199e+13	5.0027e-14	4.7927e-15
2.0334e+13	5.4464e-14	4.7847e-15
2.047e+13	5.4293e-14	5.0665e-15
2.0606e+13	5.3063e-14	4.9729e-15
2.0741e+13	5.6215e-14	4.8249e-15
2.0877e+13	5.6616e-14	5.2209e-15
2.1012e+13	5.1365e-14	5.4778e-15
2.1148e+13	4.9046e-14	5.007e-15
2.1283e+13	5.3343e-14	4.7011e-15
2.1419e+13	5.9806e-14	5.156e-15
2.1554e+13	6.5188e-14	5.4851e-15
2.169e+13	6.7838e-14	5.2506e-15
2.1826e+13	6.7502e-14	5.3559e-15
2.1961e+13	6.6722e-14	5.9988e-15
2.2097e+13	6.6636e-14	6.1126e-15
2.2232e+13	6.857e-14	5.6651e-15
2.2368e+13	7.5691e-14	5.9526e-15
2.2503e+13	8.0966e-14	6.9027e-15
2.2639e+13	7.1319e-14	6.8929e-15
2.2775e+13	5.4521e-14	5.8338e-15
2.291e+13	5.0773e-14	5.4011e-15
2.3046e+13	5.5031e-14	5.9314e-15
2.3181e+13	4.8553e-14	6.2396e-15
2.3317e+13	3.8377e-14	6.2206e-15
2.3452e+13	4.0944e-14	6.4916e-15
2.3588e+13	4.7154e-14	6.5236e-15
2.3723e+13	4.2873e-14	6.0067e-15
2.3859e+13	3.5724e-14	6.1485e-15
2.3995e+13	3.4552e-14	7.2956e-15
2.413e+13	3.3573e-14	7.9537e-15
2.4266e+13	2.9408e-14	7.6464e-15
2.4401e+13	2.6192e-14	7.5206e-15
2.4537e+13	2.4311e-14	7.7211e-15
2.4672e+13	2.29e-14	7.6043e-15
2.4808e+13	2.4143e-14	7.7249e-15
2.4944e+13	2.6704e-14	8.3779e-15
2.5079e+13	2.6367e-14	8.3447e-15
2.5215e+13	2.2421e-14	7.7702e-15
2.535e+13	1.6215e-14	8.6878e-15
2.5486e+13	1.0393e-14	1.0733e-14
2.5621e+13	9.5718e-15	1.1153e-14
2.5757e+13	1.3415e-14	1.0087e-14
2.5892e+13	1.5542e-14	1.017e-14
2.6028e+13	1.3926e-14	1.1184e-14
2.6164e+13	1.1935e-14	1.1176e-14
2.6299e+13	1.0584e-14	1.1084e-14
2.6435e+13	9.8234e-15	1.2396e-14
2.657e+13	1.0685e-14	1.364e-14
2.6706e+13	1.1167e-14	1.3819e-14
2.6841e+13	9.5208e-15	1.4171e-14
2.6977e+13	8.9022e-15	1.4206e-14
2.7113e+13	1.0193e-14	1.2758e-14
2.7248e+13	9.7714e-15	1.2242e-14
2.7384e+13	8.2736e-15	1.4235e-14
2.7519e+13	8.6124e-15	1.5228e-14
2.7655e+13	8.5173e-15	1.3926e-14
2.779e+13	6.757e-15	1.4539e-14
2.7926e+13	6.7599e-15	1.7591e-14
2.8061e+13	7.8253e-15	1.8851e-14
2.8197e+13	6.6964e-15	1.8972e-14
2.8333e+13	6.0713e-15	2.1018e-14
2.8468e+13	7.9176e-15	2.2066e-14
2.8604e+13	7.9257e-15	2.0342e-14
2.8739e+13	5.6461e-15	2.1128e-14
2.8875e+13	5.6294e-15	2.4878e-14
2.901e+13	6.908e-15	2.4626e-14
2.9146e+13	6.356e-15	2.1469e-14
2.9282e+13	6.277e-15	2.3353e-14
2.9417e+13	7.5914e-15	2.8049e-14
2.9553e+13	7.228e-15	2.8093e-14
2.9688e+13	6.208e-15	2.6612e-14
2.9824e+13	7.0134e-15	2.8981e-14
2.9959e+13	6.9933e-15	3.0613e-14
3.0095e+13	5.1296e-15	2.8179e-14
3.023e+13	5.1563e-15	2.7398e-14
3.0366e+13	6.856e-15	3.0593e-14
3.0502e+13	6.8145e-15	3.2973e-14
3.0637e+13	6.1264e-15	3.3218e-14
3.0773e+13	6.5269e-15	3.324e-14
3.0908e+13	6.1243e-15	3.1918e-14
3.1044e+13	4.9922e-15	2.989e-14
3.1179e+13	5.3999e-15	3.1852e-14
3.1315e+13	6.4983e-15	3.7765e-14
3.1451e+13	6.8862e-15	4.1288e-14
3.1586e+13	7.2872e-15	3.905e-14
3.1722e+13	7.0357e-15	3.4403e-14
3.1857e+13	5.5238e-15	3.2463e-14
3.1993e+13	5.122e-15	3.4126e-14
3.2128e+13	6.122e-15	3.4789e-14
3.2264e+13	5.7616e-15	3.196e-14
3.2399e+13	4.8746e-15	3.1128e-14
3.2535e+13	5.9308e-15	3.5702e-14
3.2671e+13	6.9237e-15	3.8733e-14
3.2806e+13	6.0402e-15	3.589e-14
3.2942e+13	5.5175e-15	3.3891e-14
3.3077e+13	5.7369e-15	3.5506e-14
3.3213e+13	4.829e-15	3.4165e-14
3.3348e+13	4.1804e-15	3.0396e-14
3.3484e+13	5.3074e-15	3.2128e-14
3.362e+13	5.8536e-15	3.6936e-14
3.3755e+13	4.8841e-15	3.6171e-14
3.3891e+13	4.7849e-15	3.2682e-14
3.4026e+13	5.757e-15	3.4171e-14
3.4162e+13	5.9179e-15	3.7408e-14
3.4297e+13	5.3361e-15	3.5517e-14
3.4433e+13	4.849e-15	3.105e-14
3.4568e+13	4.5232e-15	3.0342e-14
3.4704e+13	4.737e-15	3.314e-14
3.484e+13	5.1979e-15	3.4371e-14
3.4975e+13	4.89e-15	3.187e-14
3.5111e+13	4.54e-15	2.9094e-14
3.5246e+13	5.1149e-15	2.957e-14
3.5382e+13	5.3188e-15	3.1086e-14
3.5517e+13	4.5551e-15	3.0346e-14
3.5653e+13	4.3029e-15	2.9266e-14
3.5789e+13	4.5127e-15	2.9368e-14
3.5924e+13	3.9663e-15	2.7688e-14
3.606e+13	3.4468e-15	2.5036e-14
3.6195e+13	3.7934e-15	2.6324e-14
3.6331e+13	3.9778e-15	2.9084e-14
3.6466e+13	3.6973e-15	2.7209e-14
3.6602e+13	3.6902e-15	2.4494e-14
3.6737e+13	3.7089e-15	2.725e-14
3.6873e+13	3.5795e-15	3.0576e-14
3.7009e+13	3.7331e-15	2.8337e-14
3.7144e+13	3.5957e-15	2.516e-14
3.728e+13	2.9432e-15	2.5603e-14
3.7415e+13	3.0978e-15	2.5755e-14
3.7551e+13	4.0161e-15	2.3673e-14
3.7686e+13	4.1166e-15	2.3474e-14
3.7822e+13	3.6744e-15	2.5657e-14
3.7958e+13	3.8e-15	2.6136e-14
3.8093e+13	3.8968e-15	2.4688e-14
3.8229e+13	3.6042e-15	2.4741e-14
3.8364e+13	3.5996e-15	2.6359e-14
3.85e+13	3.5183e-15	2.5986e-14
3.8635e+13	3.0742e-15	2.2728e-14
3.8771e+13	3.2507e-15	2.0767e-14
3.8906e+13	3.719e-15	2.2966e-14
3.9042e+13	3.2387e-15	2.5178e-14
3.9178e+13	2.7248e-15	2.2911e-14
3.9313e+13	3.1966e-15	1.9879e-14
3.9449e+13	3.4152e-15	2.1232e-14
3.9584e+13	2.9877e-15	2.3887e-14
3.972e+13	3.0856e-15	2.3309e-14
3.9855e+13	3.2843e-15	2.204e-14
3.9991e+13	2.7924e-15	2.2994e-14
4.0127e+13	2.6553e-15	2.3862e-14
4.0262e+13	3.0997e-15	2.3705e-14
4.0398e+13	2.9821e-15	2.4784e-14
4.0533e+13	2.7207e-15	2.6183e-14
4.0669e+13	3.0287e-15	2.5186e-14
4.0804e+13	2.9642e-15	2.3142e-14
4.094e+13	2.5319e-15	2.2543e-14
4.1075e+13	2.7811e-15	2.249e-14
4.1211e+13	2.904e-15	2.1775e-14
4.1347e+13	2.2035e-15	2.1659e-14
4.1482e+13	2.1358e-15	2.3229e-14
4.1618e+13	2.8164e-15	2.5374e-14
4.1753e+13	2.6697e-15	2.609e-14
4.1889e+13	2.2825e-15	2.4922e-14
4.2024e+13	2.7943e-15	2.3934e-14
4.216e+13	2.9763e-15	2.4617e-14
4.2296e+13	2.3815e-15	2.4948e-14
4.2431e+13	2.4216e-15	2.318e-14
4.2567e+13	2.7479e-15	2.1744e-14
4.2702e+13	2.3149e-15	2.2844e-14
4.2838e+13	2.2007e-15	2.4441e-14
4.2973e+13	2.7891e-15	2.4476e-14
4.3109e+13	2.6571e-15	2.3985e-14
4.3244e+13	2.1085e-15	2.3958e-14
4.338e+13	2.2976e-15	2.3995e-14
4.3516e+13	2.343e-15	2.4062e-14
4.3651e+13	1.8552e-15	2.4075e-14
4.3787e+13	2.0938e-15	2.3602e-14
4.3922e+13	2.6281e-15	2.3387e-14
4.4058e+13	2.2562e-15	2.4221e-14
4.4193e+13	1.9904e-15	2.5074e-14
4.4329e+13	2.4653e-15	2.5164e-14
4.4465e+13	2.3752e-15	2.5311e-14
4.46e+13	1.8457e-15	2.5357e-14
4.4736e+13	2.0995e-15	2.4041e-14
4.4871e+13	2.4162e-15	2.2395e-14
4.5007e+13	2.0644e-15	2.3111e-14
4.5142e+13	2.0215e-15	2.5964e-14
4.5278e+13	2.3184e-15	2.7542e-14
4.5413e+13	2.1493e-15	2.6187e-14
4.5549e+13	2.1459e-15	2.42e-14
4.5685e+13	2.5851e-15	2.3933e-14
4.582e+13	2.4018e-15	2.4675e-14
4.5956e+13	1.938e-15	2.52e-14
4.6091e+13	2.2621e-15	2.5746e-14
4.6227e+13	2.4883e-15	2.5641e-14
4.6362e+13	1.8947e-15	2.3926e-14
4.6498e+13	1.6505e-15	2.2994e-14
4.6634e+13	2.0469e-15	2.49e-14
4.6769e+13	2.1395e-15	2.5824e-14
4.6905e+13	2.0731e-15	2.2502e-14
4.704e+13	2.1505e-15	1.934e-14
4.7176e+13	1.8537e-15	2.0516e-14
4.7311e+13	1.5584e-15	2.2854e-14
4.7447e+13	1.8934e-15	2.3451e-14
4.7582e+13	2.0861e-15	2.4129e-14
4.7718e+13	1.8288e-15	2.4765e-14
4.7854e+13	1.9895e-15	2.3401e-14
4.7989e+13	2.294e-15	2.2283e-14
4.8125e+13	2.0217e-15	2.375e-14
4.826e+13	1.8816e-15	2.5004e-14
4.8396e+13	2.1056e-15	2.3994e-14
4.8531e+13	1.8066e-15	2.2916e-14
4.8667e+13	1.4389e-15	2.2979e-14
4.8803e+13	1.8486e-15	2.3263e-14
4.8938e+13	2.0838e-15	2.3147e-14
4.9074e+13	1.6346e-15	2.146e-14
4.9209e+13	1.5965e-15	1.8601e-14
4.9345e+13	1.9152e-15	1.8532e-14
4.948e+13	1.653e-15	2.1305e-14
4.9616e+13	1.3685e-15	2.0993e-14
4.9751e+13	1.6048e-15	1.7727e-14
4.9887e+13	1.6095e-15	1.8361e-14
5.0023e+13	1.3863e-15	2.1658e-14
5.0158e+13	1.5288e-15	2.0324e-14
5.0294e+13	1.5212e-15	1.6588e-14
5.0429e+13	1.1921e-15	1.7457e-14
5.0565e+13	1.3637e-15	2.09e-14
5.07e+13	1.741e-15	2.2148e-14
5.0836e+13	1.5307e-15	2.242e-14
5.0972e+13	1.3158e-15	2.1637e-14
5.1107e+13	1.477e-15	1.7214e-14
5.1243e+13	1.3783e-15	1.3122e-14
5.1378e+13	1.2378e-15	1.4492e-14
5.1514e+13	1.4987e-15	1.6918e-14
5.1649e+13	1.4507e-15	1.5171e-14
5.1785e+13	1.079e-15	1.3233e-14
5.192e+13	1.2977e-15	1.46e-14
5.2056e+13	1.5826e-15	1.5104e-14
5.2192e+13	1.1484e-15	1.2923e-14
5.2327e+13	9.4923e-16	1.2606e-14
5.2463e+13	1.3618e-15	1.5046e-14
5.2598e+13	1.3021e-15	1.5463e-14
5.2734e+13	9.7106e-16	1.3046e-14
5.2869e+13	1.2536e-15	1.2335e-14
5.3005e+13	1.3939e-15	1.416e-14
5.3141e+13	9.0307e-16	1.3977e-14
5.3276e+13	8.0599e-16	1.0654e-14
5.3412e+13	1.1277e-15	9.0396e-15
5.3547e+13	1.0021e-15	1.1169e-14
5.3683e+13	8.587e-16	1.2669e-14
5.3818e+13	1.1228e-15	1.1224e-14
5.3954e+13	1.1006e-15	1.0216e-14
5.4089e+13	8.7624e-16	1.1006e-14
5.4225e+13	1.067e-15	1.0857e-14
5.4361e+13	1.1573e-15	9.8757e-15
5.4496e+13	8.7658e-16	1.0442e-14
5.4632e+13	9.1955e-16	1.1095e-14
5.4767e+13	1.0934e-15	9.8542e-15
5.4903e+13	8.697e-16	9.1814e-15
5.5038e+13	8.6045e-16	1.0493e-14
5.5174e+13	1.1616e-15	1.0772e-14
5.531e+13	9.5574e-16	9.1585e-15
5.5445e+13	6.6941e-16	8.5237e-15
5.5581e+13	1.0036e-15	9.0577e-15
5.5716e+13	1.0964e-15	8.5335e-15
5.5852e+13	6.4625e-16	7.6029e-15
5.5987e+13	7.2154e-16	8.0254e-15
5.6123e+13	1.1118e-15	8.8475e-15
5.6258e+13	8.5513e-16	8.8435e-15
5.6394e+13	5.8723e-16	8.7986e-15
5.653e+13	8.7963e-16	9.1831e-15
5.6665e+13	9.1359e-16	9.1476e-15
5.6801e+13	6.4969e-16	8.4025e-15
5.6936e+13	7.8616e-16	7.7166e-15
5.7072e+13	8.9508e-16	7.638e-15
5.7207e+13	6.719e-16	7.7323e-15
5.7343e+13	7.8874e-16	7.2898e-15
5.7479e+13	1.0237e-15	6.6676e-15
5.7614e+13	7.4142e-16	6.7694e-15
5.775e+13	5.9534e-16	7.18e-15
5.7885e+13	9.0351e-16	6.9833e-15
5.8021e+13	8.3492e-16	6.7783e-15
5.8156e+13	5.6856e-16	7.2192e-15
5.8292e+13	8.3231e-16	7.3681e-15
5.8427e+13	9.772e-16	6.7915e-15
5.8563e+13	5.9546e-16	6.3668e-15
5.8699e+13	5.6232e-16	6.0702e-15
5.8834e+13	8.5092e-16	5.536e-15
5.897e+13	7.0233e-16	5.7433e-15
5.9105e+13	5.6427e-16	6.7041e-15
5.9241e+13	8.1044e-16	6.5744e-15
5.9376e+13	7.4684e-16	5.5033e-15
5.9512e+13	4.9756e-16	5.7221e-15
5.9648e+13	7.3185e-16	6.9678e-15
5.9783e+13	9.0201e-16	7.0693e-15
5.9919e+13	6.2401e-16	6.2218e-15
6.0054e+13	6.3924e-16	5.9408e-15
6.019e+13	8.8554e-16	6.0182e-15
6.0325e+13	6.9558e-16	5.8554e-15
6.0461e+13	5.3387e-16	5.8759e-15
6.0596e+13	7.4616e-16	6.0703e-15
6.0732e+13	6.7875e-16	5.9173e-15
6.0868e+13	4.6313e-16	5.5954e-15
6.1003e+13	6.9063e-16	5.3595e-15
6.1139e+13	7.9916e-16	5.0247e-15
6.1274e+13	4.9486e-16	4.796e-15
6.141e+13	5.5753e-16	4.9514e-15
6.1545e+13	8.4091e-16	5.1036e-15
6.1681e+13	6.1007e-16	5.0385e-15
6.1817e+13	4.1202e-16	5.1384e-15
6.1952e+13	7.0478e-16	5.4685e-15
6.2088e+13	7.5512e-16	5.7113e-15
6.2223e+13	5.3004e-16	5.7365e-15
6.2359e+13	6.7331e-16	5.4808e-15
6.2494e+13	7.868e-16	5.0775e-15
6.263e+13	5.2013e-16	5.036e-15
6.2765e+13	5.2318e-16	5.3606e-15
6.2901e+13	7.6126e-16	5.3526e-15
6.3037e+13	6.2058e-16	4.9375e-15
6.3172e+13	4.948e-16	4.8444e-15
6.3308e+13	7.1962e-16	5.2665e-15
6.3443e+13	7.0742e-16	5.6609e-15
6.3579e+13	5.1073e-16	5.6627e-15
6.3714e+13	6.4633e-16	5.3289e-15
6.385e+13	6.9021e-16	4.9001e-15
6.3986e+13	4.1965e-16	4.6266e-15
6.4121e+13	4.8474e-16	4.582e-15
6.4257e+13	7.4092e-16	4.7799e-15
6.4392e+13	5.7225e-16	5.2214e-15
6.4528e+13	4.3061e-16	5.5255e-15
6.4663e+13	6.4847e-16	5.2856e-15
6.4799e+13	6.3512e-16	4.875e-15
6.4934e+13	4.6608e-16	4.8254e-15
6.507e+13	6.3351e-16	4.8587e-15
6.5206e+13	6.7361e-16	4.5864e-15
6.5341e+13	3.8601e-16	4.2534e-15
6.5477e+13	4.621e-16	4.185e-15
6.5612e+13	7.4696e-16	4.4715e-15
6.5748e+13	5.7943e-16	4.9536e-15
6.5883e+13	3.9602e-16	4.9984e-15
6.6019e+13	5.8286e-16	4.4789e-15
6.6155e+13	6.0917e-16	4.5137e-15
6.629e+13	5.022e-16	5.349e-15
6.6426e+13	6.5594e-16	5.3347e-15
6.6561e+13	6.4327e-16	4.1161e-15
6.6697e+13	3.7581e-16	3.6841e-15
6.6832e+13	4.9476e-16	4.5332e-15
6.6968e+13	7.1956e-16	4.8648e-15
6.7103e+13	4.7881e-16	4.3685e-15
6.7239e+13	3.7591e-16	4.4113e-15
6.7375e+13	6.7182e-16	4.8908e-15
6.751e+13	6.0154e-16	4.794e-15
6.7646e+13	3.1671e-16	4.4375e-15
6.7781e+13	5.0857e-16	4.4564e-15
6.7917e+13	6.7971e-16	4.6203e-15
6.8052e+13	4.4988e-16	4.7676e-15
6.8188e+13	4.7595e-16	4.8803e-15
6.8324e+13	6.8656e-16	4.6465e-15
6.8459e+13	4.898e-16	4.3388e-15
6.8595e+13	3.8126e-16	4.5906e-15
6.873e+13	6.9669e-16	4.9827e-15
6.8866e+13	7.005e-16	4.8752e-15
6.9001e+13	4.0647e-16	4.779e-15
6.9137e+13	5.1967e-16	5.0487e-15
6.9272e+13	7.0309e-16	5.0166e-15
6.9408e+13	5.1904e-16	4.6016e-15
6.9544e+13	4.7955e-16	4.5509e-15
6.9679e+13	6.359e-16	4.837e-15
6.9815e+13	5.2025e-16	4.903e-15
6.995e+13	4.3705e-16	4.8419e-15
7.0086e+13	6.115e-16	4.8256e-15
7.0221e+13	5.5291e-16	4.6378e-15
7.0357e+13	3.8454e-16	4.4675e-15
7.0493e+13	5.4373e-16	4.6664e-15
7.0628e+13	5.8304e-16	4.8447e-15
7.0764e+13	3.352e-16	4.6118e-15
7.0899e+13	4.4087e-16	4.4616e-15
7.1035e+13	7.1619e-16	4.778e-15
7.117e+13	5.4913e-16	5.0445e-15
7.1306e+13	4.0999e-16	4.9023e-15
7.1441e+13	6.4418e-16	4.8093e-15
7.1577e+13	6.393e-16	4.989e-15
7.1713e+13	4.2526e-16	4.9218e-15
7.1848e+13	5.4033e-16	4.4629e-15
7.1984e+13	6.1043e-16	4.2285e-15
7.2119e+13	3.6551e-16	4.3423e-15
7.2255e+13	3.7413e-16	4.2299e-15
7.239e+13	5.7199e-16	4.0411e-15
7.2526e+13	4.5888e-16	4.4953e-15
7.2662e+13	4.0608e-16	5.1973e-15
7.2797e+13	6.176e-16	5.2052e-15
7.2933e+13	5.4604e-16	4.9089e-15
7.3068e+13	3.7736e-16	5.1116e-15
7.3204e+13	6.1238e-16	5.284e-15
7.3339e+13	7.0185e-16	4.8766e-15
7.3475e+13	3.7602e-16	4.6999e-15
7.361e+13	3.7703e-16	5.2313e-15
7.3746e+13	6.5255e-16	5.5561e-15
7.3882e+13	5.2499e-16	5.1153e-15
7.4017e+13	3.5592e-16	4.5504e-15
7.4153e+13	5.384e-16	4.4517e-15
7.4288e+13	5.3642e-16	4.7627e-15
7.4424e+13	3.6028e-16	5.1305e-15
7.4559e+13	5.3017e-16	5.112e-15
7.4695e+13	6.7075e-16	4.6994e-15
7.4831e+13	4.566e-16	4.5243e-15
7.4966e+13	4.3548e-16	4.8298e-15
7.5102e+13	5.9832e-16	4.9977e-15
7.5237e+13	4.4329e-16	4.574e-15
7.5373e+13	3.1705e-16	3.8689e-15
7.5508e+13	5.0551e-16	3.535e-15
7.5644e+13	4.9776e-16	4.0729e-15
7.5779e+13	3.5673e-16	5.2042e-15
7.5915e+13	5.4702e-16	5.8323e-15
7.6051e+13	6.4308e-16	5.4653e-15
7.6186e+13	3.7305e-16	4.8827e-15
7.6322e+13	3.5186e-16	4.6977e-15
7.6457e+13	5.5652e-16	4.6645e-15
7.6593e+13	4.3182e-16	4.6794e-15
7.6728e+13	3.2708e-16	4.8744e-15
7.6864e+13	5.6463e-16	5.0157e-15
7.7e+13	5.8609e-16	5.021e-15
7.7135e+13	3.7615e-16	5.1752e-15
7.7271e+13	4.7934e-16	5.37e-15
7.7406e+13	6.0975e-16	5.3313e-15
7.7542e+13	4.1614e-16	5.2157e-15
7.7677e+13	3.517e-16	5.0488e-15
7.7813e+13	4.8899e-16	4.7425e-15
7.7948e+13	4.3872e-16	4.7962e-15
7.8084e+13	4.164e-16	5.297e-15
7.822e+13	5.5786e-16	5.2277e-15
7.8355e+13	4.5508e-16	4.5348e-15
7.8491e+13	2.9833e-16	4.7165e-15
7.8626e+13	5.0481e-16	5.8901e-15
7.8762e+13	6.1098e-16	6.2567e-15
7.8897e+13	3.8851e-16	5.3593e-15
7.9033e+13	4.3213e-16	4.7011e-15
7.9169e+13	6.6117e-16	5.0195e-15
7.9304e+13	5.2616e-16	5.6908e-15
7.944e+13	3.8929e-16	6.204e-15
7.9575e+13	5.7256e-16	6.3114e-15
7.9711e+13	5.6239e-16	5.8397e-15
7.9846e+13	3.7172e-16	5.2693e-15
7.9982e+13	4.9982e-16	5.2691e-15
8.0117e+13	6.4165e-16	5.6734e-15
8.0253e+13	4.8372e-16	5.9437e-15
8.0389e+13	4.5799e-16	5.9482e-15
8.0524e+13	5.5845e-16	5.6675e-15
8.066e+13	4.1149e-16	5.2029e-15
8.0795e+13	3.6544e-16	5.2333e-15
8.0931e+13	6.1761e-16	6.1634e-15
8.1066e+13	6.219e-16	6.9753e-15
8.1202e+13	4.0982e-16	6.4293e-15
8.1338e+13	4.7758e-16	5.1997e-15
8.1473e+13	5.5614e-16	5.0314e-15
8.1609e+13	3.8821e-16	5.8225e-15
8.1744e+13	3.9004e-16	5.7388e-15
8.188e+13	5.1275e-16	4.5075e-15
8.2015e+13	3.8808e-16	4.0473e-15
8.2151e+13	3.6329e-16	5.2223e-15
8.2286e+13	6.0157e-16	6.5025e-15
8.2422e+13	5.6717e-16	6.4487e-15
8.2558e+13	3.4298e-16	5.4185e-15
8.2693e+13	4.2854e-16	4.5835e-15
8.2829e+13	5.1842e-16	4.6246e-15
8.2964e+13	3.5411e-16	5.1881e-15
8.31e+13	3.805e-16	5.373e-15
8.3235e+13	5.5366e-16	5.2535e-15
8.3371e+13	4.7372e-16	5.8051e-15
8.3507e+13	4.4447e-16	6.7343e-15
8.3642e+13	6.2088e-16	6.628e-15
8.3778e+13	5.2479e-16	5.5545e-15
8.3913e+13	3.0342e-16	4.8045e-15
8.4049e+13	4.3855e-16	4.6291e-15
8.4184e+13	5.5692e-16	4.7373e-15
8.432e+13	3.8814e-16	5.3075e-15
8.4455e+13	4.142e-16	5.8252e-15
8.4591e+13	5.8634e-16	5.4969e-15
8.4727e+13	4.6919e-16	5.0301e-15
8.4862e+13	3.8438e-16	5.1605e-15
8.4998e+13	5.4003e-16	5.0602e-15
8.5133e+13	4.6719e-16	4.6503e-15
8.5269e+13	2.8526e-16	5.135e-15
8.5404e+13	4.5032e-16	5.9045e-15
8.554e+13	5.5672e-16	5.378e-15
8.5676e+13	3.2629e-16	4.6075e-15
8.5811e+13	3.0644e-16	5.2361e-15
8.5947e+13	5.0059e-16	5.9403e-15
8.6082e+13	4.1963e-16	5.267e-15
8.6218e+13	3.3678e-16	4.6308e-15
8.6353e+13	5.134e-16	5.2575e-15
8.6489e+13	4.9872e-16	6.0643e-15
8.6624e+13	3.3156e-16	6.2663e-15
8.676e+13	4.631e-16	6.3576e-15
8.6896e+13	5.7884e-16	6.2602e-15
8.7031e+13	3.8331e-16	5.5116e-15
8.7167e+13	3.2662e-16	4.6807e-15
8.7302e+13	4.5277e-16	4.6286e-15
8.7438e+13	3.7568e-16	5.1505e-15
8.7573e+13	3.2416e-16	5.3675e-15
8.7709e+13	4.7878e-16	5.0477e-15
8.7845e+13	4.4468e-16	4.8973e-15
8.798e+13	3.099e-16	5.2236e-15
8.8116e+13	4.4626e-16	5.2145e-15
8.8251e+13	5.0855e-16	4.6098e-15
8.8387e+13	3.0397e-16	4.4897e-15
8.8522e+13	3.1997e-16	5.0843e-15
8.8658e+13	4.9479e-16	5.207e-15
8.8793e+13	3.7985e-16	4.6943e-15
8.8929e+13	2.7592e-16	4.4474e-15
8.9065e+13	4.3534e-16	4.3696e-15
8.92e+13	4.3423e-16	4.1428e-15
8.9336e+13	2.9671e-16	4.2791e-15
8.9471e+13	3.958e-16	4.5123e-15
8.9607e+13	4.4904e-16	4.1958e-15
8.9742e+13	2.867e-16	4.2743e-15
8.9878e+13	3.2926e-16	5.0971e-15
9.0014e+13	4.6674e-16	4.7645e-15
9.0149e+13	3.2083e-16	3.2655e-15
9.0285e+13	2.5976e-16	3.3737e-15
9.042e+13	4.5703e-16	4.9771e-15
9.0556e+13	4.057e-16	5.1188e-15
9.0691e+13	2.2491e-16	4.0934e-15
9.0827e+13	3.8892e-16	4.25e-15
9.0962e+13	5.0639e-16	4.7389e-15
9.1098e+13	2.925e-16	4.0753e-15
9.1234e+13	2.8129e-16	3.7006e-15
9.1369e+13	4.7009e-16	4.2375e-15
9.1505e+13	3.5858e-16	3.9829e-15
9.164e+13	2.3391e-16	3.2191e-15
9.1776e+13	4.1024e-16	3.6481e-15
9.1911e+13	4.3188e-16	4.2577e-15
9.2047e+13	2.5728e-16	3.6109e-15
9.2183e+13	3.2983e-16	3.148e-15
9.2318e+13	4.2258e-16	3.8376e-15
9.2454e+13	2.7552e-16	4.1636e-15
9.2589e+13	2.9351e-16	3.7389e-15
9.2725e+13	4.6123e-16	3.812e-15
9.286e+13	3.4207e-16	4.0842e-15
9.2996e+13	2.0445e-16	3.6638e-15
9.3131e+13	3.5987e-16	3.3967e-15
9.3267e+13	3.976e-16	3.7677e-15
9.3403e+13	2.3075e-16	3.5622e-15
9.3538e+13	2.5676e-16	2.6773e-15
9.3674e+13	3.3929e-16	2.6299e-15
9.3809e+13	2.4943e-16	3.5413e-15
9.3945e+13	2.6985e-16	4.0737e-15
9.408e+13	3.884e-16	3.9862e-15
9.4216e+13	3.1174e-16	3.9012e-15
9.4352e+13	2.5588e-16	3.6726e-15
9.4487e+13	3.6481e-16	3.0924e-15
9.4623e+13	3.1552e-16	2.7509e-15
9.4758e+13	2.0383e-16	2.8942e-15
9.4894e+13	3.2823e-16	2.9681e-15
9.5029e+13	3.7154e-16	2.8436e-15
9.5165e+13	1.8581e-16	2.9451e-15
9.53e+13	2.011e-16	3.1549e-15
9.5436e+13	3.5352e-16	3.0404e-15
9.5572e+13	2.6772e-16	2.7903e-15
9.5707e+13	2.0844e-16	2.7535e-15
9.5843e+13	3.5325e-16	2.7841e-15
9.5978e+13	3.2442e-16	2.8006e-15
9.6114e+13	1.9608e-16	2.9375e-15
9.6249e+13	3.0649e-16	2.9339e-15
9.6385e+13	3.6384e-16	2.6171e-15
9.6521e+13	2.1234e-16	2.5158e-15
9.6656e+13	2.4525e-16	2.7744e-15
9.6792e+13	3.5553e-16	2.686e-15
9.6927e+13	1.9917e-16	2.2319e-15
9.7063e+13	1.2987e-16	2.2257e-15
9.7198e+13	3.2184e-16	2.5597e-15
9.7334e+13	3.0246e-16	2.497e-15
9.7469e+13	1.383e-16	2.2933e-15
9.7605e+13	2.5175e-16	2.4239e-15
9.7741e+13	3.5124e-16	2.4383e-15
9.7876e+13	2.0489e-16	2.1645e-15
9.8012e+13	2.1362e-16	2.177e-15
9.8147e+13	3.382e-16	2.3855e-15
9.8283e+13	2.2074e-16	2.2848e-15
9.8418e+13	1.4686e-16	2.1875e-15
9.8554e+13	2.905e-16	2.314e-15
9.869e+13	2.4199e-16	2.124e-15
9.8825e+13	1.0255e-16	1.7685e-15
9.8961e+13	2.5779e-16	1.9929e-15
9.9096e+13	3.5025e-16	2.3695e-15
9.9232e+13	1.4945e-16	2.1223e-15
9.9367e+13	1.4013e-16	1.8697e-15
9.9503e+13	3.1233e-16	2.2381e-15
9.9638e+13	2.256e-16	2.4441e-15
9.9774e+13	1.3257e-16	1.9959e-15
9.991e+13	2.8834e-16	1.6824e-15
1.0005e+14	2.9273e-16	1.9095e-15
1.0018e+14	1.3879e-16	2.1044e-15
1.0032e+14	2.0465e-16	1.9554e-15
1.0045e+14	2.6144e-16	1.6973e-15
1.0059e+14	1.1312e-16	1.5435e-15
1.0072e+14	1.4431e-16	1.6168e-15
1.0086e+14	3.0322e-16	1.8253e-15
1.0099e+14	1.9952e-16	1.8221e-15
1.0113e+14	1.0319e-16	1.6284e-15
1.0127e+14	2.4815e-16	1.6512e-15
1.014e+14	2.4103e-16	1.8364e-15
1.0154e+14	9.4565e-17	1.7844e-15
1.0167e+14	1.8862e-16	1.6004e-15
1.0181e+14	2.7974e-16	1.6346e-15
1.0194e+14	1.3879e-16	1.7612e-15
1.0208e+14	1.3417e-16	1.6984e-15
1.0221e+14	2.59e-16	1.5458e-15
1.0235e+14	1.6716e-16	1.5068e-15
1.0249e+14	9.6661e-17	1.5202e-15
1.0262e+14	2.3898e-16	1.4565e-15
1.0276e+14	2.2387e-16	1.4101e-15
1.0289e+14	8.8611e-17	1.5441e-15
1.0303e+14	1.8367e-16	1.7219e-15
1.0316e+14	2.5198e-16	1.6594e-15
1.033e+14	1.0639e-16	1.4719e-15
1.0343e+14	1.369e-16	1.5003e-15
1.0357e+14	2.9316e-16	1.6333e-15
1.0371e+14	1.9018e-16	1.5499e-15
1.0384e+14	9.222e-17	1.3881e-15
1.0398e+14	2.3064e-16	1.3767e-15
1.0411e+14	2.1993e-16	1.3358e-15
1.0425e+14	7.1037e-17	1.2011e-15
1.0438e+14	1.6536e-16	1.248e-15
1.0452e+14	2.6864e-16	1.4273e-15
1.0465e+14	1.3337e-16	1.4133e-15
1.0479e+14	1.1042e-16	1.3005e-15
1.0493e+14	2.2565e-16	1.3585e-15
1.0506e+14	1.5158e-16	1.4409e-15
1.052e+14	8.4115e-17	1.3448e-15
1.0533e+14	2.0422e-16	1.2262e-15
1.0547e+14	1.8628e-16	1.2397e-15
1.056e+14	6.5496e-17	1.2981e-15
1.0574e+14	1.5791e-16	1.3288e-15
1.0587e+14	2.2667e-16	1.3623e-15
1.0601e+14	9.7633e-17	1.38e-15
1.0615e+14	1.1366e-16	1.2977e-15
1.0628e+14	2.2723e-16	1.1204e-15
1.0642e+14	1.2255e-16	1.041e-15
1.0655e+14	6.073e-17	1.1749e-15
1.0669e+14	2.1074e-16	1.2661e-15
1.0682e+14	1.9485e-16	1.1066e-15
1.0696e+14	5.641e-17	9.9815e-16
1.0709e+14	1.4345e-16	1.1507e-15
1.0723e+14	2.1134e-16	1.2036e-15
1.0737e+14	7.562e-17	1.0156e-15
1.075e+14	9.4619e-17	9.8178e-16
1.0764e+14	2.1971e-16	1.1091e-15
1.0777e+14	1.1482e-16	1.0219e-15
1.0791e+14	4.6347e-17	8.9345e-16
1.0804e+14	1.9977e-16	1.0187e-15
1.0818e+14	1.8659e-16	1.0349e-15
1.0831e+14	4.3409e-17	7.8354e-16
1.0845e+14	1.3996e-16	7.9843e-16
1.0859e+14	2.2775e-16	1.0962e-15
1.0872e+14	8.4306e-17	1.055e-15
1.0886e+14	7.597e-17	7.9456e-16
1.0899e+14	2.0492e-16	9.1899e-16
1.0913e+14	1.2623e-16	1.1645e-15
1.0926e+14	4.7703e-17	9.8417e-16
1.094e+14	1.6142e-16	7.3448e-16
1.0953e+14	1.4038e-16	8.9381e-16
1.0967e+14	2.4147e-17	1.1121e-15
1.0981e+14	1.3064e-16	9.9899e-16
1.0994e+14	2.0118e-16	8.0811e-16
1.1008e+14	4.9729e-17	7.9923e-16
1.1021e+14	5.5743e-17	8.2864e-16
1.1035e+14	1.9696e-16	7.8848e-16
1.1048e+14	1.123e-16	7.8586e-16
1.1062e+14	2.7523e-17	8.4016e-16
1.1075e+14	1.5588e-16	8.3352e-16
1.1089e+14	1.5344e-16	7.7248e-16
1.1103e+14	3.0809e-17	8.0871e-16
1.1116e+14	1.2198e-16	9.3688e-16
1.113e+14	1.9987e-16	9.4497e-16
1.1143e+14	5.9682e-17	7.9855e-16
1.1157e+14	5.1312e-17	7.3404e-16
1.117e+14	1.7722e-16	8.2165e-16
1.1184e+14	1.0317e-16	8.6277e-16
1.1197e+14	2.9844e-17	7.9515e-16
1.1211e+14	1.5282e-16	7.4436e-16
1.1225e+14	1.4968e-16	7.4574e-16
1.1238e+14	3.2041e-17	7.8173e-16
1.1252e+14	1.1377e-16	8.5071e-16
1.1265e+14	1.8279e-16	8.4257e-16
1.1279e+14	5.5603e-17	7.1342e-16
1.1292e+14	5.962e-17	6.5573e-16
1.1306e+14	1.7703e-16	7.2223e-16
1.1319e+14	9.4422e-17	7.0133e-16
1.1333e+14	2.5191e-17	6.0469e-16
1.1347e+14	1.4677e-16	6.4365e-16
1.136e+14	1.311e-16	7.2713e-16
1.1374e+14	5.3857e-18	6.8146e-16
1.1387e+14	8.871e-17	6.5943e-16
1.1401e+14	1.6267e-16	7.3685e-16
1.1414e+14	4.2011e-17	6.9605e-16
1.1428e+14	5.3235e-17	5.7158e-16
1.1441e+14	1.7427e-16	6.4085e-16
1.1455e+14	9.0564e-17	8.1135e-16
1.1469e+14	2.0234e-17	8.0488e-16
1.1482e+14	1.4644e-16	7.1373e-16
1.1496e+14	1.393e-16	7.1735e-16
1.1509e+14	1.6938e-17	7.1047e-16
1.1523e+14	9.6795e-17	6.3971e-16
1.1536e+14	1.6845e-16	6.4503e-16
1.155e+14	4.7061e-17	7.0715e-16
1.1563e+14	5.4354e-17	6.8781e-16
1.1577e+14	1.7366e-16	6.3473e-16
1.1591e+14	9.3605e-17	6.3798e-16
1.1604e+14	2.1636e-17	6.4047e-16
1.1618e+14	1.3843e-16	6.3062e-16
1.1631e+14	1.2645e-16	6.8386e-16
1.1645e+14	6.0014e-18	7.3613e-16
1.1658e+14	8.6447e-17	6.6321e-16
1.1672e+14	1.5725e-16	5.4407e-16
1.1685e+14	3.4146e-17	5.3557e-16
1.1699e+14	3.5639e-17	5.9287e-16
1.1713e+14	1.5184e-16	5.8263e-16
1.1726e+14	7.7182e-17	5.4326e-16
1.174e+14	9.0156e-18	5.8372e-16
1.1753e+14	1.2556e-16	6.4809e-16
1.1767e+14	1.2123e-16	6.2252e-16
1.178e+14	1.012e-17	5.574e-16
1.1794e+14	8.4848e-17	5.5249e-16
1.1808e+14	1.463e-16	5.6252e-16
1.1821e+14	2.7919e-17	5.2395e-16
1.1835e+14	3.4013e-17	4.9536e-16
1.1848e+14	1.4111e-16	5.154e-16
1.1862e+14	6.2939e-17	5.3395e-16
1.1875e+14	9.6789e-18	5.4899e-16
1.1889e+14	1.3823e-16	5.8313e-16
1.1902e+14	1.2545e-16	5.7579e-16
1.1916e+14	-1.4315e-18	5.155e-16
1.193e+14	6.9806e-17	5.1504e-16
1.1943e+14	1.4019e-16	5.8493e-16
1.1957e+14	2.9028e-17	5.8459e-16
1.197e+14	3.3663e-17	5.0316e-16
1.1984e+14	1.3893e-16	4.8961e-16
1.1997e+14	6.2587e-17	5.6199e-16
1.2011e+14	3.4501e-18	5.8554e-16
1.2024e+14	1.1766e-16	5.3509e-16
1.2038e+14	1.0276e-16	5.1278e-16
1.2052e+14	-8.392e-18	5.3351e-16
1.2065e+14	7.3836e-17	5.1811e-16
1.2079e+14	1.4041e-16	4.6817e-16
1.2092e+14	2.6687e-17	4.5702e-16
1.2106e+14	3.5909e-17	4.8099e-16
1.2119e+14	1.403e-16	4.8752e-16
1.2133e+14	5.653e-17	4.9229e-16
1.2146e+14	-4.9449e-18	5.1215e-16
1.216e+14	1.1199e-16	4.961e-16
1.2174e+14	9.7371e-17	4.5816e-16
1.2187e+14	-1.2629e-17	4.8496e-16
1.2201e+14	7.525e-17	5.2977e-16
1.2214e+14	1.4161e-16	4.7871e-16
1.2228e+14	1.6686e-17	4.0994e-16
1.2241e+14	2.009e-17	4.4981e-16
1.2255e+14	1.3564e-16	5.0874e-16
1.2268e+14	6.4949e-17	4.9028e-16
1.2282e+14	3.966e-18	4.8708e-16
1.2296e+14	1.1812e-16	5.2203e-16
1.2309e+14	1.0538e-16	4.8496e-16
1.2323e+14	-7.8004e-18	4.2522e-16
1.2336e+14	7.0293e-17	4.6706e-16
1.235e+14	1.339e-16	5.1792e-16
1.2363e+14	1.4902e-17	4.6358e-16
1.2377e+14	2.0994e-17	4.033e-16
1.239e+14	1.3236e-16	4.1148e-16
1.2404e+14	5.4455e-17	4.17e-16
1.2418e+14	-1.3074e-17	4.1635e-16
1.2431e+14	1.0227e-16	4.4864e-16
1.2445e+14	9.8718e-17	4.5303e-16
1.2458e+14	-1.0471e-17	4.1774e-16
1.2472e+14	6.3166e-17	4.2737e-16
1.2485e+14	1.2637e-16	4.5709e-16
1.2499e+14	1.1817e-17	4.3063e-16
1.2512e+14	1.8489e-17	4.0984e-16
1.2526e+14	1.3185e-16	4.4446e-16
1.254e+14	5.9897e-17	4.4769e-16
1.2553e+14	-1.1738e-17	3.9626e-16
1.2567e+14	9.1768e-17	3.7764e-16
1.258e+14	8.9992e-17	4.0253e-16
1.2594e+14	-8.613e-18	4.1503e-16
1.2607e+14	6.1119e-17	4.0678e-16
1.2621e+14	1.1298e-16	3.844e-16
1.2634e+14	7.9522e-19	3.6114e-16
1.2648e+14	1.5288e-17	3.7857e-16
1.2662e+14	1.2683e-16	4.2431e-16
1.2675e+14	5.3967e-17	4.4183e-16
1.2689e+14	-8.8362e-18	4.3759e-16
1.2702e+14	9.8665e-17	4.2521e-16
1.2716e+14	8.7169e-17	3.7641e-16
1.2729e+14	-2.015e-17	3.3466e-16
1.2743e+14	5.5859e-17	3.6221e-16
1.2756e+14	1.2155e-16	3.9037e-16
1.277e+14	1.2952e-17	3.6759e-16
1.2784e+14	1.5939e-17	3.7685e-16
1.2797e+14	1.1443e-16	4.1587e-16
1.2811e+14	3.9237e-17	3.8044e-16
1.2824e+14	-1.8878e-17	3.2433e-16
1.2838e+14	9.2138e-17	3.5276e-16
1.2851e+14	8.2422e-17	3.7721e-16
1.2865e+14	-2.3629e-17	3.2899e-16
1.2878e+14	5.2405e-17	3.3022e-16
1.2892e+14	1.178e-16	4.0956e-16
1.2906e+14	9.4092e-18	4.2704e-16
1.2919e+14	1.3989e-17	3.6691e-16
1.2933e+14	1.1832e-16	3.3718e-16
1.2946e+14	4.9657e-17	3.4861e-16
1.296e+14	-1.1173e-17	3.5686e-16
1.2973e+14	9.0853e-17	3.5581e-16
1.2987e+14	8.0519e-17	3.3382e-16
1.3e+14	-1.8657e-17	3.1183e-16
1.3014e+14	5.6063e-17	3.406e-16
1.3028e+14	1.1082e-16	3.6747e-16
1.3041e+14	-2.9754e-18	3.2341e-16
1.3055e+14	6.0178e-18	2.939e-16
1.3068e+14	1.1514e-16	3.3991e-16
1.3082e+14	4.6147e-17	3.5102e-16
1.3095e+14	-1.4707e-17	2.9301e-16
1.3109e+14	9.229e-17	2.8509e-16
1.3122e+14	8.5786e-17	3.314e-16
1.3136e+14	-1.7454e-17	3.3001e-16
1.315e+14	5.31e-17	3.0556e-16
1.3163e+14	1.1306e-16	3.2568e-16
1.3177e+14	4.515e-18	3.4688e-16
1.319e+14	7.8251e-18	3.352e-16
1.3204e+14	1.0995e-16	3.2409e-16
1.3217e+14	4.1858e-17	3.0811e-16
1.3231e+14	-1.9396e-17	2.792e-16
1.3244e+14	8.2609e-17	2.836e-16
1.3258e+14	7.6918e-17	3.1643e-16
1.3272e+14	-2.2284e-17	3.1855e-16
1.3285e+14	4.4601e-17	3.0215e-16
1.3299e+14	1.0061e-16	3.1104e-16
1.3312e+14	-1.9023e-18	3.209e-16
1.3326e+14	7.1407e-18	3.033e-16
1.3339e+14	1.0651e-16	2.8342e-16
1.3353e+14	3.7805e-17	2.8325e-16
1.3366e+14	-1.7408e-17	2.9865e-16
1.338e+14	8.6819e-17	3.1475e-16
1.3394e+14	7.7394e-17	3.0708e-16
1.3407e+14	-2.2937e-17	2.7915e-16
1.3421e+14	4.6209e-17	2.7019e-16
1.3434e+14	1.0229e-16	2.8616e-16
1.3448e+14	-2.3408e-18	2.9886e-16
1.3461e+14	5.3097e-18	3.0512e-16
1.3475e+14	1.0377e-16	3.0524e-16
1.3488e+14	3.3595e-17	2.8744e-16
1.3502e+14	-2.3065e-17	2.746e-16
1.3516e+14	8.0702e-17	2.8594e-16
1.3529e+14	7.2173e-17	2.8505e-16
1.3543e+14	-2.6333e-17	2.631e-16
1.3556e+14	4.4238e-17	2.6437e-16
1.357e+14	9.9346e-17	2.787e-16
1.3583e+14	-8.6856e-18	2.653e-16
1.3597e+14	-2.4742e-18	2.5625e-16
1.361e+14	9.9494e-17	2.7841e-16
1.3624e+14	3.2998e-17	2.7998e-16
1.3638e+14	-2.4044e-17	2.4697e-16
1.3651e+14	7.9163e-17	2.3414e-16
1.3665e+14	7.1221e-17	2.4506e-16
1.3678e+14	-3.0142e-17	2.4347e-16
1.3692e+14	3.783e-17	2.408e-16
1.3705e+14	9.8349e-17	2.5572e-16
1.3719e+14	-2.4917e-18	2.77e-16
1.3732e+14	3.4007e-18	3.0188e-16
1.3746e+14	1.0271e-16	3.1848e-16
1.376e+14	3.5851e-17	3.003e-16
1.3773e+14	-2.4395e-17	2.6968e-16
1.3787e+14	7.603e-17	2.6355e-16
1.38e+14	7.2981e-17	2.5838e-16
1.3814e+14	-2.5164e-17	2.3712e-16
1.3827e+14	3.5908e-17	2.3371e-16
1.3841e+14	9.1406e-17	2.4484e-16
1.3854e+14	-6.4622e-18	2.367e-16
1.3868e+14	-1.8055e-18	2.2899e-16
1.3882e+14	9.2312e-17	2.3937e-16
1.3895e+14	2.9551e-17	2.3468e-16
1.3909e+14	-2.3259e-17	2.1783e-16
1.3922e+14	7.4013e-17	2.2442e-16
1.3936e+14	6.5697e-17	2.343e-16
1.3949e+14	-2.7958e-17	2.2438e-16
1.3963e+14	3.8133e-17	2.258e-16
1.3977e+14	9.1197e-17	2.4088e-16
1.399e+14	-7.48e-18	2.3761e-16
1.4004e+14	1.3744e-18	2.3387e-16
1.4017e+14	9.4939e-17	2.5245e-16
1.4031e+14	2.5902e-17	2.6217e-16
1.4044e+14	-2.8758e-17	2.4771e-16
1.4058e+14	7.2152e-17	2.288e-16
1.4071e+14	6.4023e-17	2.1126e-16
1.4085e+14	-3.3931e-17	2.1226e-16
1.4099e+14	3.1375e-17	2.4515e-16
1.4112e+14	8.8035e-17	2.5549e-16
1.4126e+14	-9.8861e-18	2.1572e-16
1.4139e+14	-2.9047e-18	2.0306e-16
1.4153e+14	9.2852e-17	2.3977e-16
1.4166e+14	2.7546e-17	2.3958e-16
1.418e+14	-2.8889e-17	1.9969e-16
1.4193e+14	6.897e-17	1.9976e-16
1.4207e+14	6.3266e-17	2.1935e-16
1.4221e+14	-3.1624e-17	2.0179e-16
1.4234e+14	3.2226e-17	1.8667e-16
1.4248e+14	8.6688e-17	2.0138e-16
1.4261e+14	-1.2411e-17	2.0742e-16
1.4275e+14	-7.0205e-18	2.1421e-16
1.4288e+14	8.9889e-17	2.4093e-16
1.4302e+14	2.7995e-17	2.3539e-16
1.4315e+14	-2.9605e-17	1.9335e-16
1.4329e+14	6.4786e-17	1.8942e-16
1.4343e+14	6.1113e-17	2.1989e-16
1.4356e+14	-3.0406e-17	2.2247e-16
1.437e+14	3.2621e-17	2.0966e-16
1.4383e+14	8.8538e-17	2.0643e-16
1.4397e+14	-6.2417e-18	1.8981e-16
1.441e+14	-4.443e-18	1.7616e-16
1.4424e+14	8.311e-17	1.9391e-16
1.4437e+14	1.9591e-17	2.0126e-16
1.4451e+14	-3.2908e-17	1.8226e-16
1.4465e+14	6.3495e-17	1.8669e-16
1.4478e+14	6.0173e-17	2.0253e-16
1.4492e+14	-2.9048e-17	1.853e-16
1.4505e+14	3.3413e-17	1.7734e-16
1.4519e+14	8.4851e-17	2.0672e-16
1.4532e+14	-1.1905e-17	2.0861e-16
1.4546e+14	-7.3407e-18	1.7513e-16
1.4559e+14	8.4626e-17	1.7708e-16
1.4573e+14	2.4521e-17	2.0549e-16
1.4587e+14	-2.781e-17	2.0427e-16
1.46e+14	6.5345e-17	1.9466e-16
1.4614e+14	5.8872e-17	2.0573e-16
1.4627e+14	-3.1413e-17	2.1059e-16
1.4641e+14	3.0748e-17	2.0371e-16
1.4654e+14	8.2168e-17	2.0148e-16
1.4668e+14	-1.3678e-17	1.9199e-16
1.4681e+14	-7.2446e-18	1.8145e-16
1.4695e+14	8.6331e-17	1.9115e-16
1.4709e+14	2.4404e-17	1.9067e-16
1.4722e+14	-3.2799e-17	1.6154e-16
1.4736e+14	6.0036e-17	1.5552e-16
1.4749e+14	5.944e-17	1.8344e-16
1.4763e+14	-2.9175e-17	1.8602e-16
1.4776e+14	2.8083e-17	1.6206e-16
1.479e+14	7.903e-17	1.6043e-16
1.4803e+14	-1.2916e-17	1.712e-16
1.4817e+14	-9.4494e-18	1.6766e-16
1.4831e+14	7.831e-17	1.6902e-16
1.4844e+14	2.0014e-17	1.7961e-16
1.4858e+14	-2.9625e-17	1.7955e-16
1.4871e+14	6.2878e-17	1.7876e-16
1.4885e+14	5.7547e-17	1.8175e-16
1.4898e+14	-3.2806e-17	1.6825e-16
1.4912e+14	2.4827e-17	1.5674e-16
1.4925e+14	7.7416e-17	1.7439e-16
1.4939e+14	-1.1677e-17	1.8513e-16
1.4953e+14	-7.7854e-18	1.6501e-16
1.4966e+14	7.8363e-17	1.5949e-16
1.498e+14	2.0455e-17	1.7916e-16
1.4993e+14	-2.9404e-17	1.7612e-16
1.5007e+14	5.9339e-17	1.564e-16
1.502e+14	5.2122e-17	1.6173e-16
1.5034e+14	-3.5721e-17	1.6891e-16
1.5047e+14	2.3445e-17	1.4806e-16
1.5061e+14	7.5519e-17	1.3752e-16
1.5075e+14	-1.3017e-17	1.5486e-16
1.5088e+14	-9.3551e-18	1.521e-16
1.5102e+14	7.4475e-17	1.2242e-16
1.5115e+14	1.5964e-17	1.1955e-16
1.5129e+14	-3.2262e-17	1.4875e-16
1.5142e+14	5.7673e-17	1.6313e-16
1.5156e+14	5.2292e-17	1.5611e-16
1.5169e+14	-3.3082e-17	1.5304e-16
1.5183e+14	2.5232e-17	1.499e-16
1.5197e+14	7.4196e-17	1.4063e-16
1.521e+14	-1.4507e-17	1.4567e-16
1.5224e+14	-9.1203e-18	1.6001e-16
1.5237e+14	7.4142e-17	1.4917e-16
1.5251e+14	1.4077e-17	1.2319e-16
1.5264e+14	-3.4011e-17	1.2418e-16
1.5278e+14	5.6373e-17	1.4206e-16
1.5291e+14	5.0406e-17	1.3964e-16
1.5305e+14	-3.5184e-17	1.3087e-16
1.5319e+14	2.3986e-17	1.4157e-16
1.5332e+14	7.3191e-17	1.5014e-16
1.5346e+14	-1.6879e-17	1.4036e-16
1.5359e+14	-1.2004e-17	1.3463e-16
1.5373e+14	7.3797e-17	1.3751e-16
1.5386e+14	1.6015e-17	1.3374e-16
1.54e+14	-3.3562e-17	1.3474e-16
1.5413e+14	5.532e-17	1.4801e-16
1.5427e+14	5.1281e-17	1.4995e-16
1.5441e+14	-3.3472e-17	1.398e-16
1.5454e+14	2.3232e-17	1.4222e-16
1.5468e+14	7.2122e-17	1.4856e-16
1.5481e+14	-1.546e-17	1.4046e-16
1.5495e+14	-1.0846e-17	1.343e-16
1.5508e+14	7.2893e-17	1.3728e-16
1.5522e+14	1.5473e-17	1.3269e-16
1.5535e+14	-3.3958e-17	1.3043e-16
1.5549e+14	5.2758e-17	1.4325e-16
1.5563e+14	4.8253e-17	1.4394e-16
1.5576e+14	-3.4996e-17	1.2464e-16
1.559e+14	2.1391e-17	1.2098e-16
1.5603e+14	6.968e-17	1.3421e-16
1.5617e+14	-1.6313e-17	1.3299e-16
1.563e+14	-1.1039e-17	1.2484e-16
1.5644e+14	7.1046e-17	1.2469e-16
1.5657e+14	1.2943e-17	1.1339e-16
1.5671e+14	-3.5397e-17	9.9879e-17
1.5685e+14	5.2516e-17	1.2128e-16
1.5698e+14	4.8653e-17	1.5386e-16
1.5712e+14	-3.5748e-17	1.4592e-16
1.5725e+14	1.8308e-17	1.1861e-16
1.5739e+14	6.7359e-17	1.1897e-16
1.5752e+14	-1.5063e-17	1.3222e-16
1.5766e+14	-9.0422e-18	1.2922e-16
1.5779e+14	7.1284e-17	1.2319e-16
1.5793e+14	1.3676e-17	1.2574e-16
1.5807e+14	-3.3701e-17	1.2278e-16
1.582e+14	5.2078e-17	1.1395e-16
1.5834e+14	4.6398e-17	1.1621e-16
1.5847e+14	-3.6141e-17	1.2839e-16
1.5861e+14	2.0387e-17	1.3139e-16
1.5874e+14	6.909e-17	1.2053e-16
1.5888e+14	-1.5901e-17	1.1485e-16
1.5901e+14	-1.1695e-17	1.2733e-16
1.5915e+14	7.0073e-17	1.4134e-16
1.5929e+14	1.5002e-17	1.3747e-16
1.5942e+14	-3.33e-17	1.2508e-16
1.5956e+14	4.9938e-17	1.1896e-16
1.5969e+14	4.4886e-17	1.1309e-16
1.5983e+14	-3.6642e-17	1.0294e-16
1.5996e+14	1.7445e-17	9.7074e-17
1.601e+14	6.4704e-17	9.579e-17
1.6023e+14	-1.7983e-17	9.5435e-17
1.6037e+14	-1.2797e-17	1.0269e-16
1.6051e+14	6.7511e-17	1.162e-16
1.6064e+14	1.2973e-17	1.2264e-16
1.6078e+14	-3.3622e-17	1.2186e-16
1.6091e+14	4.9558e-17	1.2146e-16
1.6105e+14	4.5035e-17	1.1761e-16
1.6118e+14	-3.4494e-17	1.1002e-16
1.6132e+14	1.9588e-17	1.086e-16
1.6146e+14	6.5008e-17	1.1236e-16
1.6159e+14	-1.8633e-17	1.1163e-16
1.6173e+14	-1.4206e-17	1.0511e-16
1.6186e+14	6.5379e-17	9.6124e-17
1.62e+14	1.2055e-17	9.14e-17
1.6213e+14	-3.3061e-17	1.0085e-16
1.6227e+14	4.9451e-17	1.1761e-16
1.624e+14	4.4301e-17	1.2236e-16
1.6254e+14	-3.4554e-17	1.1522e-16
1.6268e+14	1.9001e-17	1.0841e-16
1.6281e+14	6.3164e-17	1.0326e-16
1.6295e+14	-1.9459e-17	1.0326e-16
1.6308e+14	-1.3101e-17	1.1121e-16
1.6322e+14	6.5997e-17	1.0913e-16
1.6335e+14	1.0681e-17	9.2933e-17
1.6349e+14	-3.4707e-17	9.36e-17
1.6362e+14	4.9812e-17	1.1515e-16
1.6376e+14	4.6198e-17	1.2075e-16
1.639e+14	-3.3884e-17	1.0674e-16
1.6403e+14	1.7793e-17	1.0109e-16
1.6417e+14	6.2631e-17	1.0026e-16
1.643e+14	-1.8806e-17	9.4232e-17
1.6444e+14	-1.396e-17	9.9737e-17
1.6457e+14	6.3589e-17	1.0955e-16
1.6471e+14	9.4615e-18	9.6359e-17
1.6484e+14	-3.5119e-17	8.136e-17
1.6498e+14	4.7846e-17	9.7352e-17
1.6512e+14	4.3174e-17	1.1645e-16
1.6525e+14	-3.6505e-17	1.0551e-16
1.6539e+14	1.5334e-17	8.6644e-17
1.6552e+14	6.0367e-17	8.4874e-17
1.6566e+14	-2.0154e-17	9.298e-17
1.6579e+14	-1.4025e-17	1.0201e-16
1.6593e+14	6.5549e-17	1.0418e-16
1.6606e+14	1.2938e-17	9.2342e-17
1.662e+14	-3.3195e-17	8.3337e-17
1.6634e+14	4.7263e-17	9.1854e-17
1.6647e+14	4.2759e-17	9.815e-17
1.6661e+14	-3.6136e-17	9.1917e-17
1.6674e+14	1.5111e-17	9.3161e-17
1.6688e+14	6.0747e-17	1.0068e-16
1.6701e+14	-1.9139e-17	9.4086e-17
1.6715e+14	-1.6179e-17	8.2845e-17
1.6728e+14	6.0216e-17	8.434e-17
1.6742e+14	9.3057e-18	8.8926e-17
1.6756e+14	-3.4544e-17	8.9576e-17
1.6769e+14	4.5217e-17	9.2467e-17
1.6783e+14	4.1229e-17	9.2169e-17
1.6796e+14	-3.5144e-17	8.7074e-17
1.681e+14	1.6304e-17	9.0727e-17
1.6823e+14	6.0854e-17	9.9227e-17
1.6837e+14	-1.7956e-17	9.687e-17
1.685e+14	-1.3544e-17	9.0853e-17
1.6864e+14	6.2973e-17	9.1237e-17
1.6878e+14	1.219e-17	8.9769e-17
1.6891e+14	-3.2258e-17	8.7626e-17
1.6905e+14	4.5542e-17	9.3696e-17
1.6918e+14	4.0803e-17	9.7619e-17
1.6932e+14	-3.5098e-17	9.2598e-17
1.6945e+14	1.5268e-17	9.1244e-17
1.6959e+14	5.8229e-17	9.1508e-17
1.6972e+14	-2.0423e-17	8.207e-17
1.6986e+14	-1.557e-17	7.8112e-17
1.7e+14	6.0707e-17	9.1425e-17
1.7013e+14	1.0201e-17	9.764e-17
1.7027e+14	-3.4056e-17	8.2342e-17
1.704e+14	4.3201e-17	6.9047e-17
1.7054e+14	3.8633e-17	7.3302e-17
1.7067e+14	-3.6436e-17	8.1595e-17
1.7081e+14	1.4429e-17	8.2388e-17
1.7094e+14	5.8481e-17	7.8652e-17
1.7108e+14	-1.903e-17	7.6958e-17
1.7122e+14	-1.5016e-17	8.1949e-17
1.7135e+14	6.0091e-17	9.0927e-17
1.7149e+14	1.0015e-17	9.5538e-17
1.7162e+14	-3.4537e-17	9.3412e-17
1.7176e+14	4.1472e-17	8.7676e-17
1.7189e+14	3.786e-17	8.0863e-17
1.7203e+14	-3.5673e-17	7.6693e-17
1.7216e+14	1.4046e-17	7.612e-17
1.723e+14	5.7301e-17	7.6186e-17
1.7244e+14	-1.8532e-17	7.8914e-17
1.7257e+14	-1.4442e-17	8.2885e-17
1.7271e+14	5.8761e-17	7.7535e-17
1.7284e+14	9.3174e-18	7.0032e-17
1.7298e+14	-3.3098e-17	8.0463e-17
1.7311e+14	4.2633e-17	9.4699e-17
1.7325e+14	3.7956e-17	8.4996e-17
1.7338e+14	-3.5435e-17	7.0177e-17
1.7352e+14	1.3748e-17	7.7688e-17
1.7366e+14	5.6074e-17	8.491e-17
1.7379e+14	-1.9125e-17	7.2751e-17
1.7393e+14	-1.4556e-17	6.802e-17
1.7406e+14	5.7684e-17	7.9817e-17
1.742e+14	8.2386e-18	8.1563e-17
1.7433e+14	-3.2982e-17	7.375e-17
1.7447e+14	4.2639e-17	7.792e-17
1.746e+14	3.7168e-17	8.7793e-17
1.7474e+14	-3.5458e-17	9.0849e-17
1.7488e+14	1.4977e-17	9.1736e-17
1.7501e+14	5.6888e-17	8.7447e-17
1.7515e+14	-1.961e-17	7.5569e-17
1.7528e+14	-1.4836e-17	7.3278e-17
1.7542e+14	5.9079e-17	8.3178e-17
1.7555e+14	9.752e-18	8.5852e-17
1.7569e+14	-3.3751e-17	8.2716e-17
1.7582e+14	4.089e-17	8.5511e-17
1.7596e+14	3.6864e-17	8.1218e-17
1.761e+14	-3.5989e-17	6.44e-17
1.7623e+14	1.2704e-17	5.9277e-17
1.7637e+14	5.631e-17	7.2353e-17
1.765e+14	-1.7136e-17	7.9963e-17
1.7664e+14	-1.4105e-17	7.4163e-17
1.7677e+14	5.644e-17	6.9237e-17
1.7691e+14	8.4256e-18	7.1195e-17
1.7704e+14	-3.2205e-17	7.4223e-17
1.7718e+14	4.238e-17	7.3518e-17
1.7732e+14	3.8185e-17	7.1176e-17
1.7745e+14	-3.374e-17	7.3098e-17
1.7759e+14	1.3623e-17	7.461e-17
1.7772e+14	5.474e-17	6.624e-17
1.7786e+14	-1.8637e-17	6.0033e-17
1.7799e+14	-1.4414e-17	7.0657e-17
1.7813e+14	5.59e-17	7.9421e-17
1.7826e+14	7.2485e-18	6.9753e-17
1.784e+14	-3.3697e-17	6.3783e-17
1.7854e+14	4.0606e-17	7.4106e-17
1.7867e+14	3.7019e-17	7.8712e-17
1.7881e+14	-3.3813e-17	7.2611e-17
1.7894e+14	1.3467e-17	7.2089e-17
1.7908e+14	5.3967e-17	7.1834e-17
1.7921e+14	-1.9381e-17	6.4377e-17
1.7935e+14	-1.508e-17	6.4566e-17
1.7948e+14	5.5595e-17	7.2646e-17
1.7962e+14	8.0784e-18	7.1574e-17
1.7976e+14	-3.2814e-17	6.6548e-17
1.7989e+14	3.9731e-17	6.798e-17
1.8003e+14	3.4963e-17	6.6266e-17
1.8016e+14	-3.5518e-17	6.1832e-17
1.803e+14	1.2423e-17	6.5865e-17
1.8043e+14	5.3673e-17	6.8807e-17
1.8057e+14	-1.904e-17	6.4393e-17
1.807e+14	-1.4934e-17	6.8452e-17
1.8084e+14	5.5467e-17	7.7579e-17
1.8098e+14	7.8492e-18	7.2691e-17
1.8111e+14	-3.3987e-17	6.4493e-17
1.8125e+14	3.8303e-17	6.7435e-17
1.8138e+14	3.5524e-17	6.7457e-17
1.8152e+14	-3.3923e-17	6.3967e-17
1.8165e+14	1.2358e-17	7.4277e-17
1.8179e+14	5.3067e-17	8.4258e-17
1.8192e+14	-1.8362e-17	7.389e-17
1.8206e+14	-1.4833e-17	6.2814e-17
1.822e+14	5.4217e-17	6.5971e-17
1.8233e+14	7.5225e-18	6.5912e-17
1.8247e+14	-3.3707e-17	6.0818e-17
1.826e+14	3.7307e-17	6.497e-17
1.8274e+14	3.4879e-17	6.9312e-17
1.8287e+14	-3.297e-17	6.5125e-17
1.8301e+14	1.2385e-17	6.4819e-17
1.8315e+14	5.1527e-17	6.6125e-17
1.8328e+14	-1.9188e-17	5.6628e-17
1.8342e+14	-1.5188e-17	5.0248e-17
1.8355e+14	5.339e-17	6.0129e-17
1.8369e+14	8.0994e-18	6.8999e-17
1.8382e+14	-3.19e-17	6.5308e-17
1.8396e+14	3.6796e-17	6.0431e-17
1.8409e+14	3.2119e-17	5.9389e-17
1.8423e+14	-3.4332e-17	5.8863e-17
1.8437e+14	1.2822e-17	6.1339e-17
1.845e+14	5.1702e-17	6.5827e-17
1.8464e+14	-1.9371e-17	6.7221e-17
1.8477e+14	-1.5593e-17	6.5896e-17
1.8491e+14	5.1638e-17	6.2162e-17
1.8504e+14	5.6074e-18	5.817e-17
1.8518e+14	-3.2812e-17	6.1769e-17
1.8531e+14	3.7921e-17	6.8473e-17
1.8545e+14	3.3461e-17	6.5457e-17
1.8559e+14	-3.4223e-17	5.9733e-17
1.8572e+14	1.2026e-17	6.2396e-17
1.8586e+14	5.1142e-17	6.311e-17
1.8599e+14	-1.9392e-17	5.7802e-17
1.8613e+14	-1.5513e-17	5.9179e-17
1.8626e+14	5.1741e-17	6.3184e-17
1.864e+14	5.3681e-18	6.0052e-17
1.8653e+14	-3.4142e-17	6.1419e-17
1.8667e+14	3.6404e-17	6.804e-17
1.8681e+14	3.3216e-17	6.2083e-17
1.8694e+14	-3.4446e-17	5.3348e-17
1.8708e+14	1.0335e-17	6.0563e-17
1.8721e+14	4.9906e-17	6.5272e-17
1.8735e+14	-1.862e-17	5.5653e-17
1.8748e+14	-1.4579e-17	5.5873e-17
1.8762e+14	5.1972e-17	6.5527e-17
1.8775e+14	6.326e-18	5.9439e-17
1.8789e+14	-3.2907e-17	5.1649e-17
1.8803e+14	3.6539e-17	6.3146e-17
1.8816e+14	3.3251e-17	6.8552e-17
1.883e+14	-3.3683e-17	5.3864e-17
1.8843e+14	1.0824e-17	4.913e-17
1.8857e+14	5.0032e-17	6.0712e-17
1.887e+14	-1.8758e-17	6.2231e-17
1.8884e+14	-1.6276e-17	5.3771e-17
1.8897e+14	4.956e-17	5.2138e-17
1.8911e+14	6.1506e-18	5.486e-17
1.8925e+14	-3.1521e-17	5.7249e-17
1.8938e+14	3.6267e-17	5.8344e-17
1.8952e+14	3.1529e-17	5.0184e-17
1.8965e+14	-3.4959e-17	3.9783e-17
1.8979e+14	9.4095e-18	4.4573e-17
1.8992e+14	4.7951e-17	5.4322e-17
1.9006e+14	-1.999e-17	5.2274e-17
1.9019e+14	-1.5953e-17	5.0647e-17
1.9033e+14	5.0429e-17	5.6531e-17
1.9047e+14	6.4204e-18	5.53e-17
1.906e+14	-3.2472e-17	5.0305e-17
1.9074e+14	3.4901e-17	5.4693e-17
1.9087e+14	3.1367e-17	5.7412e-17
1.9101e+14	-3.437e-17	5.1704e-17
1.9114e+14	9.2283e-18	5.1743e-17
1.9128e+14	4.7724e-17	5.4774e-17
1.9141e+14	-1.942e-17	4.8295e-17
1.9155e+14	-1.599e-17	4.4736e-17
1.9169e+14	4.9551e-17	5.2544e-17
1.9182e+14	6.2802e-18	5.4679e-17
1.9196e+14	-3.2348e-17	4.9234e-17
1.9209e+14	3.4294e-17	5.3064e-17
1.9223e+14	3.1606e-17	6.2346e-17
1.9236e+14	-3.2793e-17	6.3359e-17
1.925e+14	9.9988e-18	5.8752e-17
1.9263e+14	4.7628e-17	5.2258e-17
1.9277e+14	-1.881e-17	4.4158e-17
1.9291e+14	-1.5804e-17	4.2387e-17
1.9304e+14	4.8104e-17	4.6462e-17
1.9318e+14	5.0623e-18	4.5486e-17
1.9331e+14	-3.2254e-17	4.2825e-17
1.9345e+14	3.4393e-17	4.6095e-17
1.9358e+14	3.1329e-17	4.8283e-17
1.9372e+14	-3.3076e-17	4.7944e-17
1.9385e+14	9.3667e-18	5.1871e-17
1.9399e+14	4.7261e-17	5.2232e-17
1.9413e+14	-1.822e-17	4.4288e-17
1.9426e+14	-1.565e-17	4.338e-17
1.944e+14	4.7424e-17	5.1564e-17
1.9453e+14	5.5983e-18	5.2383e-17
1.9467e+14	-3.0745e-17	4.7211e-17
1.948e+14	3.4144e-17	4.6723e-17
1.9494e+14	2.9639e-17	4.6234e-17
1.9507e+14	-3.3616e-17	4.4911e-17
1.9521e+14	9.7987e-18	4.8854e-17
1.9535e+14	4.6799e-17	4.9353e-17
1.9548e+14	-1.9551e-17	4.2659e-17
1.9562e+14	-1.6647e-17	4.3437e-17
1.9575e+14	4.71e-17	4.9621e-17
1.9589e+14	5.1398e-18	4.6125e-17
1.9602e+14	-3.2114e-17	4.2034e-17
1.9616e+14	3.2865e-17	4.7099e-17
1.9629e+14	2.9911e-17	4.7084e-17
1.9643e+14	-3.3073e-17	4.1652e-17
1.9657e+14	8.7822e-18	4.5602e-17
1.967e+14	4.5816e-17	4.838e-17
1.9684e+14	-1.8809e-17	3.937e-17
1.9697e+14	-1.6046e-17	3.7299e-17
1.9711e+14	4.6331e-17	4.4981e-17
1.9724e+14	4.6311e-18	4.2145e-17
1.9738e+14	-3.2191e-17	3.6613e-17
1.9751e+14	3.1911e-17	4.4366e-17
1.9765e+14	2.8996e-17	4.8215e-17
1.9779e+14	-3.2892e-17	4.0316e-17
1.9792e+14	8.7342e-18	4.1231e-17
1.9806e+14	4.5013e-17	4.7971e-17
1.9819e+14	-1.9205e-17	4.3196e-17
1.9833e+14	-1.6129e-17	4.0444e-17
1.9846e+14	4.5998e-17	4.9411e-17
1.986e+14	4.6868e-18	5.0125e-17
1.9873e+14	-3.1793e-17	4.1348e-17
1.9887e+14	3.1947e-17	4.1426e-17
1.9901e+14	2.9168e-17	4.3664e-17
1.9914e+14	-3.2499e-17	3.8726e-17
1.9928e+14	8.3128e-18	3.9981e-17
1.9941e+14	4.4342e-17	4.6246e-17
1.9955e+14	-1.8897e-17	4.2499e-17
1.9968e+14	-1.5896e-17	3.8047e-17
1.9982e+14	4.5164e-17	4.2711e-17
1.9995e+14	4.0613e-18	4.2703e-17
2.0009e+14	-3.1641e-17	3.7789e-17
2.0023e+14	3.1885e-17	4.1924e-17
2.0036e+14	2.8861e-17	4.5655e-17
2.005e+14	-3.2713e-17	3.888e-17
2.0063e+14	7.755e-18	3.6656e-17
2.0077e+14	4.3772e-17	4.2168e-17
2.009e+14	-1.8946e-17	4.0293e-17
2.0104e+14	-1.6149e-17	3.5183e-17
2.0117e+14	4.4802e-17	3.7388e-17
2.0131e+14	4.7215e-18	3.8992e-17
2.0145e+14	-3.0912e-17	3.7897e-17
2.0158e+14	3.1148e-17	4.13e-17
2.0172e+14	2.7916e-17	4.1703e-17
2.0185e+14	-3.2601e-17	3.5212e-17
2.0199e+14	7.6491e-18	3.4328e-17
2.0212e+14	4.2805e-17	3.6946e-17
2.0226e+14	-1.9826e-17	3.2534e-17
2.0239e+14	-1.6896e-17	3.2062e-17
2.0253e+14	4.4036e-17	4.0591e-17
2.0267e+14	4.4156e-18	3.994e-17
2.028e+14	-3.144e-17	3.1087e-17
2.0294e+14	2.9941e-17	3.3024e-17
2.0307e+14	2.7681e-17	3.8584e-17
2.0321e+14	-3.1645e-17	3.4211e-17
2.0334e+14	7.6087e-18	3.1891e-17
2.0348e+14	4.213e-17	3.6496e-17
2.0362e+14	-1.8948e-17	3.5043e-17
2.0375e+14	-1.5816e-17	3.2027e-17
2.0389e+14	4.3103e-17	3.7465e-17
2.0402e+14	3.3881e-18	3.9628e-17
2.0416e+14	-3.0518e-17	3.3375e-17
2.0429e+14	3.0856e-17	3.2202e-17
2.0443e+14	2.6817e-17	3.5734e-17
2.0456e+14	-3.2827e-17	3.4858e-17
2.047e+14	7.5667e-18	3.5272e-17
2.0484e+14	4.2598e-17	3.8418e-17
2.0497e+14	-1.8984e-17	3.5272e-17
2.0511e+14	-1.6154e-17	3.1422e-17
2.0524e+14	4.341e-17	3.4952e-17
2.0538e+14	4.0418e-18	3.5863e-17
2.0551e+14	-3.1139e-17	3.143e-17
2.0565e+14	2.9248e-17	3.3395e-17
2.0578e+14	2.6497e-17	3.7314e-17
2.0592e+14	-3.207e-17	3.1912e-17
2.0606e+14	7.1375e-18	2.7082e-17
2.0619e+14	4.1549e-17	3.1885e-17
2.0633e+14	-1.879e-17	3.5067e-17
2.0646e+14	-1.5918e-17	3.1269e-17
2.066e+14	4.228e-17	2.98e-17
2.0673e+14	3.2296e-18	3.2598e-17
2.0687e+14	-3.0443e-17	3.3429e-17
2.07e+14	3.0078e-17	3.0746e-17
2.0714e+14	2.6638e-17	2.7499e-17
2.0728e+14	-3.2168e-17	2.8306e-17
2.0741e+14	6.8777e-18	3.325e-17
2.0755e+14	4.1294e-17	3.3579e-17
2.0768e+14	-1.8718e-17	2.7826e-17
2.0782e+14	-1.5894e-17	2.736e-17
2.0795e+14	4.2252e-17	3.2436e-17
2.0809e+14	3.6976e-18	3.2198e-17
2.0822e+14	-3.0051e-17	2.9874e-17
2.0836e+14	2.9784e-17	3.2401e-17
2.085e+14	2.651e-17	3.1993e-17
2.0863e+14	-3.196e-17	2.7087e-17
2.0877e+14	6.4418e-18	2.7991e-17
2.089e+14	4.0735e-17	3.0773e-17
2.0904e+14	-1.8429e-17	2.6757e-17
2.0917e+14	-1.5746e-17	2.4832e-17
2.0931e+14	4.1637e-17	2.8771e-17
2.0944e+14	3.3601e-18	2.7218e-17
2.0958e+14	-3.0208e-17	2.3807e-17
2.0972e+14	2.9034e-17	3.0445e-17
2.0985e+14	2.6171e-17	3.7044e-17
2.0999e+14	-3.1391e-17	3.2259e-17
2.1012e+14	6.4024e-18	2.6435e-17
2.1026e+14	3.9896e-17	2.5912e-17
2.1039e+14	-1.8713e-17	2.4487e-17
2.1053e+14	-1.5766e-17	2.4706e-17
2.1066e+14	4.1062e-17	2.9426e-17
2.108e+14	2.9034e-18	3.0111e-17
2.1094e+14	-3.0477e-17	2.651e-17
2.1107e+14	2.8102e-17	2.6582e-17
2.1121e+14	2.5221e-17	2.6734e-17
2.1134e+14	-3.137e-17	2.397e-17
2.1148e+14	6.7353e-18	2.6402e-17
2.1161e+14	3.9938e-17	3.2106e-17
2.1175e+14	-1.8717e-17	3.1096e-17
2.1188e+14	-1.6044e-17	2.7906e-17
2.1202e+14	4.0586e-17	2.9179e-17
2.1216e+14	3.0429e-18	2.8775e-17
2.1229e+14	-3.0004e-17	2.5775e-17
2.1243e+14	2.8101e-17	2.6483e-17
2.1256e+14	2.5178e-17	2.7448e-17
2.127e+14	-3.1256e-17	2.5453e-17
2.1283e+14	6.3551e-18	2.632e-17
2.1297e+14	3.9566e-17	2.8132e-17
2.131e+14	-1.84e-17	2.5028e-17
2.1324e+14	-1.5994e-17	2.3912e-17
2.1338e+14	4.01e-17	2.8709e-17
2.1351e+14	3.2361e-18	2.9746e-17
2.1365e+14	-2.9417e-17	2.5763e-17
2.1378e+14	2.8026e-17	2.5191e-17
2.1392e+14	2.5253e-17	2.6054e-17
2.1405e+14	-3.0678e-17	2.3681e-17
2.1419e+14	5.9294e-18	2.2195e-17
2.1432e+14	3.8305e-17	2.2432e-17
2.1446e+14	-1.8712e-17	2.1895e-17
2.146e+14	-1.5688e-17	2.3861e-17
2.1473e+14	3.9826e-17	2.6892e-17
2.1487e+14	2.916e-18	2.4568e-17
2.15e+14	-2.9545e-17	2.1693e-17
2.1514e+14	2.7352e-17	2.4363e-17
2.1527e+14	2.4652e-17	2.5966e-17
2.1541e+14	-3.0299e-17	2.4432e-17
2.1554e+14	6.532e-18	2.6393e-17
2.1568e+14	3.8648e-17	2.8109e-17
2.1582e+14	-1.816e-17	2.4408e-17
2.1595e+14	-1.5439e-17	2.3002e-17
2.1609e+14	3.924e-17	2.545e-17
2.1622e+14	2.4001e-18	2.3837e-17
2.1636e+14	-2.9623e-17	2.2459e-17
2.1649e+14	2.7044e-17	2.6451e-17
2.1663e+14	2.4356e-17	2.5539e-17
2.1676e+14	-3.0216e-17	1.8719e-17
2.169e+14	6.2844e-18	1.9551e-17
2.1704e+14	3.8044e-17	2.5221e-17
2.1717e+14	-1.8282e-17	2.3933e-17
2.1731e+14	-1.5305e-17	2.1782e-17
2.1744e+14	3.9137e-17	2.4542e-17
2.1758e+14	2.5114e-18	2.3579e-17
2.1771e+14	-2.9328e-17	1.9732e-17
2.1785e+14	2.6932e-17	2.1329e-17
2.1798e+14	2.4065e-17	2.2574e-17
2.1812e+14	-3.0546e-17	1.9206e-17
2.1826e+14	5.5342e-18	2.0141e-17
2.1839e+14	3.7474e-17	2.4321e-17
2.1853e+14	-1.8127e-17	2.2476e-17
2.1866e+14	-1.5502e-17	1.9308e-17
2.188e+14	3.8214e-17	2.0655e-17
2.1893e+14	2.1373e-18	2.0753e-17
2.1907e+14	-2.9192e-17	1.9908e-17
2.192e+14	2.6438e-17	2.276e-17
2.1934e+14	2.3536e-17	2.3315e-17
2.1948e+14	-3.018e-17	2.0119e-17
2.1961e+14	5.9784e-18	2.1783e-17
2.1975e+14	3.7468e-17	2.4641e-17
2.1988e+14	-1.7898e-17	2.0494e-17
2.2002e+14	-1.4975e-17	1.7759e-17
2.2015e+14	3.8677e-17	2.1627e-17
2.2029e+14	2.6042e-18	2.1711e-17
2.2042e+14	-2.9111e-17	1.799e-17
2.2056e+14	2.5844e-17	1.9908e-17
2.207e+14	2.3032e-17	2.2378e-17
2.2083e+14	-3.0483e-17	1.9363e-17
2.2097e+14	5.1284e-18	1.8685e-17
2.211e+14	3.6674e-17	2.1309e-17
2.2124e+14	-1.789e-17	1.9866e-17
2.2137e+14	-1.5344e-17	1.8507e-17
2.2151e+14	3.7438e-17	2.148e-17
2.2164e+14	2.076e-18	2.1533e-17
2.2178e+14	-2.8614e-17	1.91e-17
2.2192e+14	2.6031e-17	2.1264e-17
2.2205e+14	2.2934e-17	2.2475e-17
2.2219e+14	-3.0212e-17	1.8294e-17
2.2232e+14	5.2403e-18	1.7785e-17
2.2246e+14	3.6465e-17	2.1549e-17
2.2259e+14	-1.7864e-17	2.0059e-17
2.2273e+14	-1.5326e-17	1.6485e-17
2.2286e+14	3.7404e-17	1.7855e-17
2.23e+14	2.651e-18	1.8775e-17
2.2314e+14	-2.8102e-17	1.6793e-17
2.2327e+14	2.5441e-17	1.7601e-17
2.2341e+14	2.2335e-17	1.9107e-17
2.2354e+14	-2.9775e-17	1.7371e-17
2.2368e+14	5.5392e-18	1.7243e-17
2.2381e+14	3.5968e-17	1.9277e-17
2.2395e+14	-1.8142e-17	1.7998e-17
2.2408e+14	-1.5231e-17	1.6254e-17
2.2422e+14	3.7129e-17	1.8263e-17
2.2436e+14	2.062e-18	1.9405e-17
2.2449e+14	-2.8719e-17	1.7886e-17
2.2463e+14	2.5006e-17	1.7862e-17
2.2476e+14	2.2665e-17	1.8835e-17
2.249e+14	-2.9018e-17	1.9047e-17
2.2503e+14	5.5767e-18	1.9786e-17
2.2517e+14	3.5666e-17	1.9066e-17
2.2531e+14	-1.7763e-17	1.6033e-17
2.2544e+14	-1.4881e-17	1.5459e-17
2.2558e+14	3.681e-17	1.6704e-17
2.2571e+14	2.087e-18	1.5451e-17
2.2585e+14	-2.8116e-17	1.574e-17
2.2598e+14	2.5148e-17	1.93e-17
2.2612e+14	2.2382e-17	1.8494e-17
2.2625e+14	-2.9126e-17	1.4884e-17
2.2639e+14	5.3679e-18	1.7313e-17
2.2653e+14	3.539e-17	2.0467e-17
2.2666e+14	-1.7695e-17	1.6965e-17
2.268e+14	-1.5006e-17	1.501e-17
2.2693e+14	3.6167e-17	1.8478e-17
2.2707e+14	1.6792e-18	1.8352e-17
2.272e+14	-2.8264e-17	1.5021e-17
2.2734e+14	2.4622e-17	1.5785e-17
2.2747e+14	2.1879e-17	1.6961e-17
2.2761e+14	-2.9229e-17	1.5412e-17
2.2775e+14	5.0627e-18	1.6395e-17
2.2788e+14	3.4948e-17	1.8049e-17
2.2802e+14	-1.766e-17	1.5813e-17
2.2815e+14	-1.4904e-17	1.5598e-17
2.2829e+14	3.6014e-17	1.904e-17
2.2842e+14	1.8647e-18	1.7905e-17
2.2856e+14	-2.7885e-17	1.3925e-17
2.2869e+14	2.457e-17	1.512e-17
2.2883e+14	2.1821e-17	1.7693e-17
2.2897e+14	-2.9053e-17	1.6651e-17
2.291e+14	4.7983e-18	1.596e-17
2.2924e+14	3.4422e-17	1.6045e-17
2.2937e+14	-1.7766e-17	1.4712e-17
2.2951e+14	-1.5006e-17	1.5869e-17
2.2964e+14	3.5649e-17	1.8796e-17
2.2978e+14	1.7804e-18	1.7164e-17
2.2991e+14	-2.8014e-17	1.4248e-17
2.3005e+14	2.3905e-17	1.5319e-17
2.3019e+14	2.1492e-17	1.5402e-17
2.3032e+14	-2.8671e-17	1.3352e-17
2.3046e+14	4.9491e-18	1.4907e-17
2.3059e+14	3.4356e-17	1.6436e-17
2.3073e+14	-1.7485e-17	1.3183e-17
2.3086e+14	-1.5117e-17	1.2269e-17
2.31e+14	3.4872e-17	1.584e-17
2.3113e+14	1.5373e-18	1.5851e-17
2.3127e+14	-2.7617e-17	1.3449e-17
2.3141e+14	2.3953e-17	1.4599e-17
2.3154e+14	2.1439e-17	1.5354e-17
2.3168e+14	-2.8363e-17	1.4022e-17
2.3181e+14	5.0241e-18	1.5675e-17
2.3195e+14	3.4233e-17	1.6942e-17
2.3208e+14	-1.7199e-17	1.3516e-17
2.3222e+14	-1.4872e-17	1.2539e-17
2.3235e+14	3.4779e-17	1.5869e-17
2.3249e+14	1.7182e-18	1.5429e-17
2.3263e+14	-2.7444e-17	1.2972e-17
2.3276e+14	2.3517e-17	1.4669e-17
2.329e+14	2.1184e-17	1.5311e-17
2.3303e+14	-2.8059e-17	1.2293e-17
2.3317e+14	4.9073e-18	1.2392e-17
2.333e+14	3.3831e-17	1.4314e-17
2.3344e+14	-1.6908e-17	1.2676e-17
2.3357e+14	-1.4413e-17	1.2258e-17
2.3371e+14	3.4732e-17	1.5047e-17
2.3385e+14	1.7769e-18	1.4347e-17
2.3398e+14	-2.7296e-17	1.1792e-17
2.3412e+14	2.3153e-17	1.3212e-17
2.3425e+14	2.0882e-17	1.407e-17
2.3439e+14	-2.8019e-17	1.1749e-17
2.3452e+14	4.4062e-18	1.2393e-17
2.3466e+14	3.3127e-17	1.493e-17
2.3479e+14	-1.6748e-17	1.3543e-17
2.3493e+14	-1.4183e-17	1.1597e-17
2.3507e+14	3.4196e-17	1.2432e-17
2.352e+14	1.5702e-18	1.2576e-17
2.3534e+14	-2.6785e-17	1.264e-17
2.3547e+14	2.3263e-17	1.4734e-17
2.3561e+14	2.0739e-17	1.4974e-17
2.3574e+14	-2.7532e-17	1.3179e-17
2.3588e+14	4.8642e-18	1.3375e-17
2.3601e+14	3.2825e-17	1.2919e-17
2.3615e+14	-1.7185e-17	1.0441e-17
2.3629e+14	-1.432e-17	1.174e-17
2.3642e+14	3.4185e-17	1.512e-17
2.3656e+14	1.7454e-18	1.3814e-17
2.3669e+14	-2.6636e-17	1.1929e-17
2.3683e+14	2.3025e-17	1.3796e-17
2.3696e+14	2.0508e-17	1.3639e-17
2.371e+14	-2.7471e-17	1.1389e-17
2.3723e+14	4.8465e-18	1.2607e-17
2.3737e+14	3.2848e-17	1.3054e-17
2.3751e+14	-1.6916e-17	1.0047e-17
2.3764e+14	-1.4456e-17	1.1238e-17
2.3778e+14	3.3561e-17	1.5109e-17
2.3791e+14	1.489e-18	1.295e-17
2.3805e+14	-2.6632e-17	1.0082e-17
2.3818e+14	2.2685e-17	1.2752e-17
2.3832e+14	2.0277e-17	1.2849e-17
2.3845e+14	-2.7456e-17	9.1203e-18
2.3859e+14	4.377e-18	1.0888e-17
2.3873e+14	3.233e-17	1.43e-17
2.3886e+14	-1.6552e-17	1.1161e-17
2.39e+14	-1.393e-17	8.5606e-18
2.3913e+14	3.3471e-17	1.1172e-17
2.3927e+14	1.4703e-18	1.1364e-17
2.394e+14	-2.6388e-17	9.2469e-18
2.3954e+14	2.2542e-17	1.0704e-17
2.3967e+14	2.0022e-17	1.1771e-17
2.3981e+14	-2.7407e-17	9.9753e-18
2.3995e+14	4.2367e-18	1.0601e-17
2.4008e+14	3.1978e-17	1.21e-17
2.4022e+14	-1.67e-17	1.0611e-17
2.4035e+14	-1.4262e-17	1.0591e-17
2.4049e+14	3.2877e-17	1.2201e-17
2.4062e+14	1.3718e-18	1.0262e-17
2.4076e+14	-2.6165e-17	9.3256e-18
2.4089e+14	2.2429e-17	1.3181e-17
2.4103e+14	2.0073e-17	1.3576e-17
2.4117e+14	-2.6973e-17	9.4839e-18
2.413e+14	4.1683e-18	1e-17
2.4144e+14	3.1543e-17	1.2861e-17
2.4157e+14	-1.6542e-17	1.1375e-17
2.4171e+14	-1.3877e-17	1.0471e-17
2.4184e+14	3.2839e-17	1.2147e-17
2.4198e+14	1.3723e-18	1.0524e-17
2.4211e+14	-2.6008e-17	8.7969e-18
2.4225e+14	2.2296e-17	1.1593e-17
2.4239e+14	1.9983e-17	1.2062e-17
2.4252e+14	-2.6721e-17	8.9248e-18
2.4266e+14	4.3494e-18	1.0056e-17
2.4279e+14	3.174e-17	1.2461e-17
2.4293e+14	-1.6182e-17	1.0041e-17
2.4306e+14	-1.4035e-17	9.2558e-18
2.432e+14	3.2301e-17	1.2135e-17
2.4333e+14	1.4798e-18	1.0661e-17
2.4347e+14	-2.573e-17	7.628e-18
2.4361e+14	2.173e-17	1.0318e-17
2.4374e+14	1.9363e-17	1.2299e-17
2.4388e+14	-2.665e-17	9.0747e-18
2.4401e+14	4.2796e-18	8.277e-18
2.4415e+14	3.1387e-17	1.0688e-17
2.4428e+14	-1.6035e-17	1.0318e-17
2.4442e+14	-1.3772e-17	9.6513e-18
2.4455e+14	3.2114e-17	1.0928e-17
2.4469e+14	1.4282e-18	9.9791e-18
2.4483e+14	-2.5569e-17	8.7034e-18
2.4496e+14	2.1559e-17	1.0514e-17
2.451e+14	1.9304e-17	1.0448e-17
2.4523e+14	-2.6313e-17	8.0246e-18
2.4537e+14	4.1567e-18	9.2794e-18
2.455e+14	3.0784e-17	1.0997e-17
2.4564e+14	-1.6233e-17	8.4371e-18
2.4577e+14	-1.3787e-17	7.7264e-18
2.4591e+14	3.1782e-17	1.0519e-17
2.4605e+14	1.2701e-18	9.8797e-18
2.4618e+14	-2.5488e-17	7.7912e-18
2.4632e+14	2.1334e-17	9.3609e-18
2.4645e+14	1.9069e-17	9.7143e-18
2.4659e+14	-2.6229e-17	7.5836e-18
2.4672e+14	4.1045e-18	8.9634e-18
2.4686e+14	3.0686e-17	1.0786e-17
2.47e+14	-1.5986e-17	8.2011e-18
2.4713e+14	-1.3753e-17	7.5073e-18
2.4727e+14	3.1415e-17	1.0605e-17
2.474e+14	1.3068e-18	1.0305e-17
2.4754e+14	-2.5178e-17	8.3419e-18
2.4767e+14	2.1183e-17	1.0037e-17
2.4781e+14	1.8934e-17	1.0492e-17
2.4794e+14	-2.5946e-17	7.9619e-18
2.4808e+14	4.0448e-18	8.5694e-18
2.4822e+14	3.0221e-17	1.0121e-17
2.4835e+14	-1.6139e-17	7.8851e-18
2.4849e+14	-1.3819e-17	7.1935e-18
2.4862e+14	3.1138e-17	9.651e-18
2.4876e+14	1.3357e-18	9.0321e-18
2.4889e+14	-2.5004e-17	7.4799e-18
2.4903e+14	2.0939e-17	9.4421e-18
2.4916e+14	1.8812e-17	9.7128e-18
2.493e+14	-2.5626e-17	7.5248e-18
2.4944e+14	4.0185e-18	9.2035e-18
2.4957e+14	2.9894e-17	1.1181e-17
2.4971e+14	-1.5985e-17	8.1888e-18
2.4984e+14	-1.3572e-17	6.9774e-18
2.4998e+14	3.0916e-17	9.9491e-18
2.5011e+14	1.1431e-18	9.7107e-18
2.5025e+14	-2.5004e-17	7.7876e-18
2.5038e+14	2.0822e-17	9.6435e-18
2.5052e+14	1.8928e-17	1.0081e-17
2.5066e+14	-2.5308e-17	7.0089e-18
2.5079e+14	3.7943e-18	7.4084e-18
2.5093e+14	2.9509e-17	9.9002e-18
2.5106e+14	-1.571e-17	8.5323e-18
2.512e+14	-1.3271e-17	7.2472e-18
2.5133e+14	3.0739e-17	8.7125e-18
2.5147e+14	1.2946e-18	8.1659e-18
2.516e+14	-2.4586e-17	6.9908e-18
2.5174e+14	2.0538e-17	8.7288e-18
2.5188e+14	1.8336e-17	8.9582e-18
2.5201e+14	-2.5337e-17	7.1299e-18
2.5215e+14	4.0058e-18	8.5987e-18
2.5228e+14	2.9679e-17	1.0197e-17
2.5242e+14	-1.5389e-17	7.7817e-18
2.5255e+14	-1.3243e-17	7.1653e-18
2.5269e+14	3.0303e-17	9.4566e-18
2.5282e+14	1.1527e-18	8.3853e-18
2.5296e+14	-2.4384e-17	6.6643e-18
2.531e+14	2.0504e-17	8.7244e-18
2.5323e+14	1.8344e-17	8.7933e-18
2.5337e+14	-2.5107e-17	5.9909e-18
2.535e+14	3.8538e-18	7.347e-18
2.5364e+14	2.9355e-17	1.0017e-17
2.5377e+14	-1.5225e-17	8.1524e-18
2.5391e+14	-1.3108e-17	7.0024e-18
2.5404e+14	3.0027e-17	8.906e-18
2.5418e+14	1.2053e-18	8.1161e-18
2.5432e+14	-2.4027e-17	6.7076e-18
2.5445e+14	2.0407e-17	8.9667e-18
2.5459e+14	1.8154e-17	9.3256e-18
2.5472e+14	-2.4911e-17	6.3777e-18
2.5486e+14	3.8164e-18	6.8405e-18
2.5499e+14	2.895e-17	8.8267e-18
2.5513e+14	-1.539e-17	7.303e-18
2.5526e+14	-1.3189e-17	6.8604e-18
2.554e+14	2.9792e-17	8.9e-18
2.5554e+14	1.239e-18	7.6624e-18
2.5567e+14	-2.3937e-17	5.5865e-18
2.5581e+14	2.0054e-17	7.448e-18
2.5594e+14	1.7955e-17	8.4818e-18
2.5608e+14	-2.4595e-17	7.0983e-18
2.5621e+14	3.9096e-18	8.1942e-18
2.5635e+14	2.8825e-17	9.0174e-18
2.5648e+14	-1.51e-17	6.2782e-18
2.5662e+14	-1.2986e-17	6.0038e-18
2.5676e+14	2.9398e-17	8.5723e-18
2.5689e+14	9.6556e-19	7.3873e-18
2.5703e+14	-2.3819e-17	5.7844e-18
2.5716e+14	2.0013e-17	8.3883e-18
2.573e+14	1.7875e-17	8.7796e-18
2.5743e+14	-2.4501e-17	5.792e-18
2.5757e+14	3.7135e-18	6.6546e-18
2.577e+14	2.8432e-17	8.5972e-18
2.5784e+14	-1.5153e-17	6.239e-18
2.5798e+14	-1.2931e-17	5.559e-18
2.5811e+14	2.9449e-17	8.4041e-18
2.5825e+14	1.4256e-18	7.733e-18
2.5838e+14	-2.3412e-17	5.6489e-18
2.5852e+14	1.9753e-17	7.5666e-18
2.5865e+14	1.7658e-17	8.3091e-18
2.5879e+14	-2.4246e-17	6.0872e-18
2.5892e+14	3.7201e-18	7.0771e-18
2.5906e+14	2.8284e-17	8.683e-18
2.592e+14	-1.4823e-17	6.0836e-18
2.5933e+14	-1.2758e-17	5.4418e-18
2.5947e+14	2.8989e-17	8.5399e-18
2.596e+14	1.2185e-18	7.9545e-18
2.5974e+14	-2.3185e-17	5.6549e-18
2.5987e+14	1.9634e-17	7.6669e-18
2.6001e+14	1.7428e-17	8.8353e-18
2.6014e+14	-2.4098e-17	6.3147e-18
2.6028e+14	3.7012e-18	6.4041e-18
2.6042e+14	2.7995e-17	8.1034e-18
2.6055e+14	-1.4748e-17	6.4971e-18
2.6069e+14	-1.2543e-17	5.7839e-18
2.6082e+14	2.8855e-17	7.6183e-18
2.6096e+14	1.0632e-18	6.4882e-18
2.6109e+14	-2.3281e-17	4.7207e-18
2.6123e+14	1.9327e-17	6.9985e-18
2.6136e+14	1.7274e-17	8.0403e-18
2.615e+14	-2.3976e-17	5.9218e-18
2.6164e+14	3.5681e-18	6.7447e-18
2.6177e+14	2.7814e-17	8.6535e-18
2.6191e+14	-1.4542e-17	6.7603e-18
2.6204e+14	-1.257e-17	5.814e-18
2.6218e+14	2.8413e-17	7.7292e-18
2.6231e+14	1.0995e-18	6.9951e-18
2.6245e+14	-2.2889e-17	5.5921e-18
2.6258e+14	1.9224e-17	7.6576e-18
2.6272e+14	1.7119e-17	8.0133e-18
2.6286e+14	-2.367e-17	5.3967e-18
2.6299e+14	3.6001e-18	6.0188e-18
2.6313e+14	2.7422e-17	7.6925e-18
2.6326e+14	-1.4605e-17	5.7794e-18
2.634e+14	-1.2466e-17	5.4073e-18
2.6353e+14	2.8252e-17	7.8919e-18
2.6367e+14	1.0937e-18	6.8466e-18
2.638e+14	-2.2769e-17	4.5375e-18
2.6394e+14	1.895e-17	6.1842e-18
2.6408e+14	1.69e-17	7.0343e-18
2.6421e+14	-2.3432e-17	5.2405e-18
2.6435e+14	3.5983e-18	6.1944e-18
2.6448e+14	2.706e-17	7.4883e-18
2.6462e+14	-1.4615e-17	5.1237e-18
2.6475e+14	-1.2321e-17	4.9389e-18
2.6489e+14	2.8069e-17	7.961e-18
2.6502e+14	1.0589e-18	7.059e-18
2.6516e+14	-2.246e-17	4.6817e-18
2.653e+14	1.9036e-17	6.5561e-18
2.6543e+14	1.6782e-17	7.3446e-18
2.6557e+14	-2.3366e-17	4.711e-18
2.657e+14	3.7446e-18	5.2774e-18
2.6584e+14	2.728e-17	7.5829e-18
2.6597e+14	-1.4268e-17	6.1081e-18
2.6611e+14	-1.2286e-17	5.1823e-18
2.6624e+14	2.7762e-17	7.1334e-18
2.6638e+14	9.7055e-19	6.577e-18
2.6652e+14	-2.245e-17	5.1021e-18
2.6665e+14	1.8829e-17	6.7894e-18
2.6679e+14	1.6798e-17	6.7116e-18
2.6692e+14	-2.3171e-17	3.8939e-18
2.6706e+14	3.416e-18	4.9288e-18
2.6719e+14	2.6805e-17	7.3188e-18
2.6733e+14	-1.417e-17	5.3106e-18
2.6746e+14	-1.2168e-17	4.0885e-18
2.676e+14	2.7547e-17	6.4938e-18
2.6774e+14	1.1064e-18	6.4494e-18
2.6787e+14	-2.211e-17	4.9318e-18
2.6801e+14	1.8674e-17	6.7275e-18
2.6814e+14	1.6645e-17	7.4192e-18
2.6828e+14	-2.2887e-17	4.889e-18
2.6841e+14	3.4757e-18	5.0451e-18
2.6855e+14	2.6689e-17	6.8973e-18
2.6869e+14	-1.377e-17	5.6842e-18
2.6882e+14	-1.1764e-17	5.0739e-18
2.6896e+14	2.7354e-17	6.8377e-18
2.6909e+14	9.9343e-19	6.1834e-18
2.6923e+14	-2.1875e-17	4.8309e-18
2.6936e+14	1.8607e-17	6.4558e-18
2.695e+14	1.6398e-17	6.5183e-18
2.6963e+14	-2.2801e-17	4.1829e-18
2.6977e+14	3.5887e-18	5.0748e-18
2.6991e+14	2.6585e-17	6.7324e-18
2.7004e+14	-1.3863e-17	4.8274e-18
2.7018e+14	-1.1923e-17	4.4323e-18
2.7031e+14	2.7156e-17	6.6922e-18
2.7045e+14	1.0718e-18	5.5869e-18
2.7058e+14	-2.1817e-17	3.789e-18
2.7072e+14	1.8383e-17	6.2014e-18
2.7085e+14	1.6457e-17	7.1732e-18
2.7099e+14	-2.2506e-17	4.5737e-18
2.7113e+14	3.352e-18	4.9175e-18
2.7126e+14	2.6215e-17	6.7525e-18
2.714e+14	-1.3603e-17	5.1256e-18
2.7153e+14	-1.1693e-17	4.7193e-18
2.7167e+14	2.687e-17	7.2725e-18
2.718e+14	1.0201e-18	6.4427e-18
2.7194e+14	-2.1634e-17	3.9721e-18
2.7207e+14	1.8094e-17	5.4403e-18
2.7221e+14	1.6153e-17	6.5516e-18
2.7235e+14	-2.229e-17	4.7306e-18
2.7248e+14	3.3968e-18	5.1888e-18
2.7262e+14	2.5848e-17	6.5615e-18
2.7275e+14	-1.3748e-17	4.6795e-18
2.7289e+14	-1.1697e-17	4.1918e-18
2.7302e+14	2.6696e-17	6.6182e-18
2.7316e+14	1.0668e-18	5.9911e-18
2.7329e+14	-2.1371e-17	4.1675e-18
2.7343e+14	1.8134e-17	5.9717e-18
2.7357e+14	1.6209e-17	6.5138e-18
2.737e+14	-2.2055e-17	3.9399e-18
2.7384e+14	3.3976e-18	4.7165e-18
2.7397e+14	2.5822e-17	7.2079e-18
2.7411e+14	-1.3426e-17	5.5449e-18
2.7424e+14	-1.1596e-17	4.0478e-18
2.7438e+14	2.6416e-17	5.9081e-18
2.7451e+14	1.1338e-18	5.7298e-18
2.7465e+14	-2.1194e-17	3.9586e-18
2.7479e+14	1.7714e-17	5.1715e-18
2.7492e+14	1.5822e-17	5.9302e-18
2.7506e+14	-2.1873e-17	4.2694e-18
2.7519e+14	3.3858e-18	4.9736e-18
2.7533e+14	2.5487e-17	6.5394e-18
2.7546e+14	-1.3397e-17	4.7531e-18
2.756e+14	-1.155e-17	3.922e-18
2.7573e+14	2.5981e-17	5.9237e-18
2.7587e+14	8.9946e-19	5.352e-18
2.7601e+14	-2.0932e-17	3.5858e-18
2.7614e+14	1.7858e-17	5.199e-18
2.7628e+14	1.5841e-17	6.0673e-18
2.7641e+14	-2.1726e-17	4.0928e-18
2.7655e+14	3.308e-18	4.5266e-18
2.7668e+14	2.5269e-17	6.2434e-18
2.7682e+14	-1.3239e-17	4.8661e-18
2.7695e+14	-1.1291e-17	4.2031e-18
2.7709e+14	2.6014e-17	6.0233e-18
2.7723e+14	1.0381e-18	5.3219e-18
2.7736e+14	-2.0841e-17	3.6411e-18
2.775e+14	1.7516e-17	5.295e-18
2.7763e+14	1.563e-17	6.0984e-18
2.7777e+14	-2.1469e-17	4.1508e-18
2.779e+14	3.3691e-18	4.6581e-18
2.7804e+14	2.5078e-17	6.2511e-18
2.7817e+14	-1.3147e-17	4.5539e-18
2.7831e+14	-1.1264e-17	3.6697e-18
2.7845e+14	2.564e-17	5.5709e-18
2.7858e+14	8.1973e-19	5.0593e-18
2.7872e+14	-2.0848e-17	3.3827e-18
2.7885e+14	1.727e-17	4.9889e-18
2.7899e+14	1.5497e-17	5.943e-18
2.7912e+14	-2.1257e-17	4.0839e-18
2.7926e+14	3.3308e-18	4.3844e-18
2.7939e+14	2.4886e-17	5.9239e-18
2.7953e+14	-1.2896e-17	4.5697e-18
2.7967e+14	-1.1025e-17	3.8527e-18
2.798e+14	2.5467e-17	5.5543e-18
2.7994e+14	9.5024e-19	5.0931e-18
2.8007e+14	-2.0307e-17	3.7235e-18
2.8021e+14	1.7412e-17	5.1833e-18
2.8034e+14	1.5292e-17	5.6721e-18
2.8048e+14	-2.1284e-17	3.7912e-18
2.8061e+14	3.284e-18	4.3457e-18
2.8075e+14	2.4739e-17	5.8042e-18
2.8089e+14	-1.2846e-17	4.3445e-18
2.8102e+14	-1.1008e-17	3.9393e-18
2.8116e+14	2.5298e-17	5.8257e-18
2.8129e+14	1.0069e-18	5.0041e-18
2.8143e+14	-2.0166e-17	3.3918e-18
2.8156e+14	1.723e-17	5.1056e-18
2.817e+14	1.5231e-17	5.6198e-18
2.8183e+14	-2.0966e-17	3.3085e-18
2.8197e+14	3.3747e-18	3.9163e-18
2.8211e+14	2.4586e-17	6.0769e-18
2.8224e+14	-1.2722e-17	4.7733e-18
2.8238e+14	-1.0858e-17	3.7239e-18
2.8251e+14	2.5212e-17	5.3903e-18
2.8265e+14	1.0565e-18	4.9849e-18
2.8278e+14	-2.0113e-17	3.3212e-18
2.8292e+14	1.6965e-17	4.6312e-18
2.8305e+14	1.5178e-17	5.4915e-18
2.8319e+14	-2.0681e-17	3.7871e-18
2.8333e+14	3.2382e-18	4.0192e-18
2.8346e+14	2.4195e-17	5.3842e-18
2.836e+14	-1.2613e-17	4.0267e-18
2.8373e+14	-1.0707e-17	3.2709e-18
2.8387e+14	2.4874e-17	5.0038e-18
2.84e+14	8.9239e-19	4.9043e-18
2.8414e+14	-1.9868e-17	3.6826e-18
2.8427e+14	1.699e-17	4.7825e-18
2.8441e+14	1.5049e-17	5.2007e-18
2.8455e+14	-2.0586e-17	3.7126e-18
2.8468e+14	3.2575e-18	4.2574e-18
2.8482e+14	2.4062e-17	5.2872e-18
2.8495e+14	-1.2603e-17	3.6224e-18
2.8509e+14	-1.0765e-17	3.1264e-18
2.8522e+14	2.4696e-17	4.9959e-18
2.8536e+14	1.0144e-18	4.5879e-18
2.8549e+14	-1.973e-17	3.2503e-18
2.8563e+14	1.6674e-17	4.6261e-18
2.8577e+14	1.4832e-17	5.2042e-18
2.859e+14	-2.042e-17	3.4932e-18
2.8604e+14	3.1288e-18	3.6167e-18
2.8617e+14	2.37e-17	4.4332e-18
2.8631e+14	-1.2519e-17	3.1156e-18
2.8644e+14	-1.0566e-17	3.2091e-18
2.8658e+14	2.4574e-17	5.1654e-18
2.8671e+14	1.0611e-18	4.3931e-18
2.8685e+14	-1.9473e-17	2.9455e-18
2.8699e+14	1.6611e-17	4.4805e-18
2.8712e+14	1.4703e-17	5.0405e-18
2.8726e+14	-2.0264e-17	3.4013e-18
2.8739e+14	3.1828e-18	4.1235e-18
2.8753e+14	2.3673e-17	5.5462e-18
2.8766e+14	-1.2266e-17	4.0574e-18
2.878e+14	-1.0465e-17	3.3671e-18
2.8793e+14	2.4253e-17	4.741e-18
2.8807e+14	9.3537e-19	4.0407e-18
2.8821e+14	-1.9334e-17	3.0528e-18
2.8834e+14	1.6521e-17	4.7944e-18
2.8848e+14	1.4632e-17	5.0441e-18
2.8861e+14	-2.0078e-17	3.0727e-18
2.8875e+14	3.1555e-18	3.9053e-18
2.8888e+14	2.3493e-17	5.5192e-18
2.8902e+14	-1.2154e-17	3.8802e-18
2.8915e+14	-1.0401e-17	3.1399e-18
2.8929e+14	2.4088e-17	4.9598e-18
2.8943e+14	1.074e-18	4.5439e-18
2.8956e+14	-1.9079e-17	3.1255e-18
2.897e+14	1.6307e-17	4.4458e-18
2.8983e+14	1.4417e-17	4.9418e-18
2.8997e+14	-1.9908e-17	3.1801e-18
2.901e+14	3.1125e-18	3.59e-18
2.9024e+14	2.322e-17	4.9403e-18
2.9038e+14	-1.2085e-17	3.7465e-18
2.9051e+14	-1.034e-17	3.3048e-18
2.9065e+14	2.3769e-17	4.8123e-18
2.9078e+14	9.535e-19	4.3342e-18
2.9092e+14	-1.895e-17	3.3453e-18
2.9105e+14	1.6108e-17	4.6348e-18
2.9119e+14	1.4214e-17	4.622e-18
2.9132e+14	-1.967e-17	2.9585e-18
2.9146e+14	3.231e-18	3.9182e-18
2.916e+14	2.3002e-17	5.0669e-18
2.9173e+14	-1.2103e-17	3.2301e-18
2.9187e+14	-1.0238e-17	3.0613e-18
2.92e+14	2.3653e-17	5.3524e-18
2.9214e+14	9.1996e-19	4.5697e-18
2.9227e+14	-1.8834e-17	2.5008e-18
2.9241e+14	1.6052e-17	3.7746e-18
2.9254e+14	1.4193e-17	4.8678e-18
2.9268e+14	-1.9501e-17	3.6545e-18
2.9282e+14	3.2065e-18	4.0297e-18
2.9295e+14	2.2871e-17	5.0101e-18
2.9309e+14	-1.1985e-17	3.7206e-18
2.9322e+14	-1.0208e-17	3.4461e-18
2.9336e+14	2.345e-17	4.8235e-18
2.9349e+14	9.6828e-19	3.8644e-18
2.9363e+14	-1.8674e-17	2.6333e-18
2.9376e+14	1.5895e-17	4.1691e-18
2.939e+14	1.4138e-17	4.4418e-18
2.9404e+14	-1.9285e-17	2.697e-18
2.9417e+14	3.0849e-18	3.4809e-18
2.9431e+14	2.2591e-17	4.9083e-18
2.9444e+14	-1.1778e-17	3.6158e-18
2.9458e+14	-9.9743e-18	3.36e-18
2.9471e+14	2.3222e-17	4.8726e-18
2.9485e+14	8.499e-19	3.8478e-18
2.9498e+14	-1.8512e-17	2.5478e-18
2.9512e+14	1.5835e-17	4.3363e-18
2.9526e+14	1.4029e-17	4.9128e-18
2.9539e+14	-1.9144e-17	3.1514e-18
2.9553e+14	3.0972e-18	3.6398e-18
2.9566e+14	2.2471e-17	4.6453e-18
2.958e+14	-1.1671e-17	2.9726e-18
2.9593e+14	-9.9471e-18	2.6971e-18
2.9607e+14	2.3012e-17	4.6391e-18
2.962e+14	9.1253e-19	4.0764e-18
2.9634e+14	-1.8324e-17	2.7993e-18
2.9648e+14	1.5632e-17	4.1136e-18
2.9661e+14	1.3889e-17	4.1361e-18
2.9675e+14	-1.8853e-17	2.366e-18
2.9688e+14	3.1963e-18	3.4985e-18
2.9702e+14	2.2252e-17	5.0584e-18
2.9715e+14	-1.1657e-17	3.2953e-18
2.9729e+14	-9.8431e-18	2.738e-18
2.9742e+14	2.2922e-17	4.6474e-18
2.9756e+14	9.7368e-19	3.9494e-18
2.977e+14	-1.8173e-17	2.3846e-18
2.9783e+14	1.5493e-17	3.8954e-18
2.9797e+14	1.3821e-17	4.4689e-18
2.981e+14	-1.8642e-17	2.6653e-18
2.9824e+14	3.1535e-18	3.2585e-18
2.9837e+14	2.2052e-17	4.7445e-18
2.9851e+14	-1.1464e-17	3.2976e-18
2.9864e+14	-9.6426e-18	2.6018e-18
2.9878e+14	2.2738e-17	4.1335e-18
2.9892e+14	9.3135e-19	3.622e-18
2.9905e+14	-1.7976e-17	2.5562e-18
2.9919e+14	1.5433e-17	4.1432e-18
2.9932e+14	1.3691e-17	4.5207e-18
2.9946e+14	-1.8564e-17	2.7046e-18
2.9959e+14	3.06e-18	3.2482e-18
2.9973e+14	2.1836e-17	4.4205e-18
2.9986e+14	-1.1375e-17	2.8601e-18
3e+14	-9.5441e-18	2.5717e-18
