#Error on normalization	O = 1.757 %	H = 1.861 %
#Frequence (s-1)	S_O (s)	S_H (s)
0	8.0352e-16	3.4209e-17
1.6474e+11	-2.1263e-16	-3.1502e-18
3.2949e+11	-6.4171e-16	-1.8889e-17
4.9423e+11	5.9562e-16	2.6688e-17
6.5898e+11	2.5831e-16	1.4932e-17
8.2372e+11	-7.8292e-16	-2.0409e-17
9.8847e+11	2.2046e-16	2.1339e-17
1.1532e+12	7.1237e-16	4.1072e-17
1.318e+12	-5.9612e-16	-8.8111e-18
1.4827e+12	-3.2377e-16	5.5284e-18
1.6474e+12	8.5524e-16	6.05e-17
1.8122e+12	-7.324e-17	3.2779e-17
1.9769e+12	-6.0521e-16	1.2142e-17
2.1417e+12	7.6983e-16	6.5351e-17
2.3064e+12	5.0225e-16	6.583e-17
2.4712e+12	-6.8075e-16	3.6447e-17
2.6359e+12	5.7025e-16	9.2656e-17
2.8007e+12	1.1893e-15	1.1248e-16
2.9654e+12	-6.0558e-16	4.3757e-17
3.1301e+12	-4.5172e-17	7.9614e-17
3.2949e+12	1.9387e-15	1.5598e-16
3.4596e+12	2.6127e-16	7.2304e-17
3.6244e+12	-5.8235e-16	6.2972e-17
3.7891e+12	2.8317e-15	2.5496e-16
3.9539e+12	1.8428e-15	2.1136e-16
4.1186e+12	-1.355e-15	7.3747e-17
4.2834e+12	1.3184e-14	8.3875e-16
4.4481e+12	4.4524e-14	2.4191e-15
4.6129e+12	6.0448e-14	3.1856e-15
4.7776e+12	4.4752e-14	2.3854e-15
4.9423e+12	1.8966e-14	1.1544e-15
5.1071e+12	5.6474e-15	5.5651e-16
5.2718e+12	3.535e-15	4.276e-16
5.4366e+12	3.5777e-15	3.7097e-16
5.6013e+12	2.7938e-15	3.5754e-16
5.7661e+12	1.7627e-15	3.6931e-16
5.9308e+12	2.6647e-15	3.9185e-16
6.0956e+12	5.7218e-15	4.7899e-16
6.2603e+12	6.7657e-15	5.5147e-16
6.425e+12	6.5766e-15	6.1621e-16
6.5898e+12	1.2365e-14	8.9675e-16
6.7545e+12	2.0643e-14	1.2447e-15
6.9193e+12	1.8089e-14	1.1628e-15
7.084e+12	6.9473e-15	7.5831e-16
7.2488e+12	3.2495e-15	6.2581e-16
7.4135e+12	7.2817e-15	7.4914e-16
7.5783e+12	6.8503e-15	7.3684e-16
7.743e+12	4.559e-15	7.59e-16
7.9077e+12	8.6516e-15	1.0107e-15
8.0725e+12	1.209e-14	1.1263e-15
8.2372e+12	1.2118e-14	1.2122e-15
8.402e+12	2.2654e-14	1.9844e-15
8.5667e+12	4.0838e-14	3.03e-15
8.7315e+12	4.2306e-14	3.0123e-15
8.8962e+12	2.7963e-14	2.1558e-15
9.061e+12	2.4118e-14	1.9719e-15
9.2257e+12	3.0381e-14	2.4025e-15
9.3904e+12	2.6552e-14	2.2201e-15
9.5552e+12	2.4301e-14	2.012e-15
9.7199e+12	5.0183e-14	3.5151e-15
9.8847e+12	9.1609e-14	6.2427e-15
1.0049e+13	1.1208e-13	7.6675e-15
1.0214e+13	1.0198e-13	6.6446e-15
1.0379e+13	8.2051e-14	4.7371e-15
1.0544e+13	7.6071e-14	4.1558e-15
1.0708e+13	8.8371e-14	5.1153e-15
1.0873e+13	9.5635e-14	5.5812e-15
1.1038e+13	7.8106e-14	4.2525e-15
1.1203e+13	5.8171e-14	2.8292e-15
1.1367e+13	6.5948e-14	3.2772e-15
1.1532e+13	8.1813e-14	4.3412e-15
1.1697e+13	7.0536e-14	3.8227e-15
1.1862e+13	4.4139e-14	2.4099e-15
1.2026e+13	3.2282e-14	1.9329e-15
1.2191e+13	3.028e-14	2.1058e-15
1.2356e+13	2.4094e-14	1.8946e-15
1.2521e+13	2.0001e-14	1.6271e-15
1.2685e+13	2.0757e-14	1.7587e-15
1.285e+13	1.823e-14	1.9169e-15
1.3015e+13	1.5474e-14	1.9652e-15
1.318e+13	1.8357e-14	2.0759e-15
1.3344e+13	1.9972e-14	2.0599e-15
1.3509e+13	1.763e-14	1.8803e-15
1.3674e+13	1.8531e-14	1.8596e-15
1.3839e+13	2.199e-14	2.0345e-15
1.4003e+13	2.5527e-14	2.3761e-15
1.4168e+13	3.646e-14	3.0166e-15
1.4333e+13	5.1682e-14	3.5014e-15
1.4498e+13	5.21e-14	3.1576e-15
1.4662e+13	3.5411e-14	2.3913e-15
1.4827e+13	2.2692e-14	2.0843e-15
1.4992e+13	2.376e-14	2.1873e-15
1.5157e+13	2.667e-14	2.1944e-15
1.5321e+13	2.3557e-14	2.0877e-15
1.5486e+13	2.1507e-14	2.0978e-15
1.5651e+13	2.6154e-14	2.3705e-15
1.5815e+13	3.1336e-14	2.8124e-15
1.598e+13	2.9967e-14	2.9333e-15
1.6145e+13	2.5274e-14	2.5391e-15
1.631e+13	2.2931e-14	2.1923e-15
1.6474e+13	2.1984e-14	2.1918e-15
1.6639e+13	2.3628e-14	2.2616e-15
1.6804e+13	3.1926e-14	2.5167e-15
1.6969e+13	3.8807e-14	3.0224e-15
1.7133e+13	3.6864e-14	3.1307e-15
1.7298e+13	4.3163e-14	2.9695e-15
1.7463e+13	6.8491e-14	3.5896e-15
1.7628e+13	8.3509e-14	4.5222e-15
1.7792e+13	6.675e-14	4.3042e-15
1.7957e+13	4.693e-14	3.4629e-15
1.8122e+13	4.748e-14	3.3666e-15
1.8287e+13	4.7364e-14	3.4679e-15
1.8451e+13	3.5406e-14	3.0204e-15
1.8616e+13	3.188e-14	2.8812e-15
1.8781e+13	3.7907e-14	3.2923e-15
1.8946e+13	3.644e-14	3.2785e-15
1.911e+13	3.431e-14	2.9807e-15
1.9275e+13	4.0293e-14	3.1451e-15
1.944e+13	3.8365e-14	3.2588e-15
1.9605e+13	2.6387e-14	2.9312e-15
1.9769e+13	2.5069e-14	2.8838e-15
1.9934e+13	3.18e-14	3.1624e-15
2.0099e+13	2.9147e-14	3.1475e-15
2.0264e+13	2.6514e-14	3.1486e-15
2.0428e+13	3.4881e-14	3.4814e-15
2.0593e+13	3.7862e-14	3.5369e-15
2.0758e+13	3.0506e-14	3.3124e-15
2.0923e+13	3.3366e-14	3.5282e-15
2.1087e+13	4.7114e-14	3.9731e-15
2.1252e+13	5.0924e-14	4.0367e-15
2.1417e+13	4.5249e-14	3.9614e-15
2.1582e+13	4.5013e-14	4.0355e-15
2.1746e+13	4.7544e-14	4.1345e-15
2.1911e+13	4.5545e-14	4.383e-15
2.2076e+13	4.6934e-14	4.711e-15
2.2241e+13	5.7297e-14	4.6284e-15
2.2405e+13	6.5752e-14	4.3396e-15
2.257e+13	6.2678e-14	4.4789e-15
2.2735e+13	5.6211e-14	4.8565e-15
2.29e+13	5.8809e-14	5.0402e-15
2.3064e+13	6.3749e-14	5.0931e-15
2.3229e+13	5.5386e-14	4.9511e-15
2.3394e+13	4.3282e-14	4.7209e-15
2.3558e+13	5.0924e-14	5.0951e-15
2.3723e+13	6.8743e-14	5.9194e-15
2.3888e+13	6.8628e-14	6.1576e-15
2.4053e+13	5.9154e-14	6.0542e-15
2.4217e+13	6.5253e-14	6.5793e-15
2.4382e+13	7.4574e-14	7.1063e-15
2.4547e+13	6.7787e-14	6.6521e-15
2.4712e+13	6.1847e-14	5.996e-15
2.4876e+13	6.8019e-14	6.1649e-15
2.5041e+13	6.4804e-14	6.8256e-15
2.5206e+13	4.8972e-14	7.3435e-15
2.5371e+13	4.4381e-14	7.5128e-15
2.5535e+13	4.8683e-14	7.4113e-15
2.57e+13	4.1933e-14	7.5721e-15
2.5865e+13	3.3312e-14	8.1285e-15
2.603e+13	3.7185e-14	8.2097e-15
2.6194e+13	3.8689e-14	7.7405e-15
2.6359e+13	2.8138e-14	7.9646e-15
2.6524e+13	2.1704e-14	9.0278e-15
2.6689e+13	2.472e-14	9.7932e-15
2.6853e+13	2.3862e-14	1.0059e-14
2.7018e+13	1.805e-14	1.0244e-14
2.7183e+13	1.5991e-14	1.0378e-14
2.7348e+13	1.6216e-14	1.1075e-14
2.7512e+13	1.5339e-14	1.2616e-14
2.7677e+13	1.5318e-14	1.323e-14
2.7842e+13	1.4344e-14	1.2084e-14
2.8007e+13	1.0924e-14	1.1712e-14
2.8171e+13	1.0164e-14	1.3576e-14
2.8336e+13	1.2435e-14	1.5342e-14
2.8501e+13	1.1932e-14	1.5829e-14
2.8666e+13	9.797e-15	1.7152e-14
2.883e+13	1.0158e-14	1.9517e-14
2.8995e+13	9.8733e-15	1.9902e-14
2.916e+13	7.1265e-15	1.797e-14
2.9325e+13	6.724e-15	1.7749e-14
2.9489e+13	9.0694e-15	2.1228e-14
2.9654e+13	9.3848e-15	2.4804e-14
2.9819e+13	7.8912e-15	2.4965e-14
2.9984e+13	7.6051e-15	2.3699e-14
3.0148e+13	7.6559e-15	2.4209e-14
3.0313e+13	6.8178e-15	2.5174e-14
3.0478e+13	6.191e-15	2.4738e-14
3.0643e+13	6.2097e-15	2.5263e-14
3.0807e+13	6.6171e-15	2.7727e-14
3.0972e+13	7.0619e-15	2.8297e-14
3.1137e+13	6.2924e-15	2.6564e-14
3.1301e+13	4.8205e-15	2.7564e-14
3.1466e+13	5.0984e-15	3.099e-14
3.1631e+13	6.2875e-15	3.0801e-14
3.1796e+13	5.6745e-15	2.7682e-14
3.196e+13	4.7342e-15	2.7816e-14
3.2125e+13	5.7749e-15	3.0588e-14
3.229e+13	6.8122e-15	3.1858e-14
3.2455e+13	6.3119e-15	3.4025e-14
3.2619e+13	6.1191e-15	3.9266e-14
3.2784e+13	6.5258e-15	4.1649e-14
3.2949e+13	6.0206e-15	3.7565e-14
3.3114e+13	5.2507e-15	3.3018e-14
3.3278e+13	5.2238e-15	3.2438e-14
3.3443e+13	5.2691e-15	3.2707e-14
3.3608e+13	5.539e-15	3.2715e-14
3.3773e+13	6.4849e-15	3.5651e-14
3.3937e+13	6.7283e-15	4.0323e-14
3.4102e+13	5.8806e-15	4.2286e-14
3.4267e+13	5.6994e-15	4.1793e-14
3.4432e+13	6.1594e-15	4.0403e-14
3.4596e+13	5.6381e-15	3.5968e-14
3.4761e+13	4.7609e-15	3.0205e-14
3.4926e+13	5.0258e-15	3.0646e-14
3.5091e+13	5.7645e-15	3.6458e-14
3.5255e+13	5.911e-15	3.6878e-14
3.542e+13	5.8838e-15	3.1013e-14
3.5585e+13	6.2306e-15	3.0415e-14
3.575e+13	6.6753e-15	3.6501e-14
3.5914e+13	6.5432e-15	3.7816e-14
3.6079e+13	5.5448e-15	3.2689e-14
3.6244e+13	4.618e-15	3.0581e-14
3.6409e+13	4.7988e-15	3.2034e-14
3.6573e+13	5.343e-15	3.0625e-14
3.6738e+13	5.1808e-15	2.8412e-14
3.6903e+13	4.7901e-15	2.9413e-14
3.7068e+13	4.5503e-15	2.9619e-14
3.7232e+13	4.0432e-15	2.7465e-14
3.7397e+13	3.7733e-15	2.7896e-14
3.7562e+13	4.2056e-15	2.9953e-14
3.7727e+13	4.3189e-15	2.8648e-14
3.7891e+13	3.8444e-15	2.6677e-14
3.8056e+13	3.7591e-15	2.7498e-14
3.8221e+13	3.6708e-15	2.7159e-14
3.8386e+13	3.0252e-15	2.4836e-14
3.855e+13	3.249e-15	2.548e-14
3.8715e+13	4.5496e-15	2.7689e-14
3.888e+13	4.6518e-15	2.6776e-14
3.9044e+13	3.3717e-15	2.5395e-14
3.9209e+13	2.8972e-15	2.5652e-14
3.9374e+13	3.2427e-15	2.3288e-14
3.9539e+13	3.0452e-15	1.9378e-14
3.9703e+13	2.7516e-15	1.9709e-14
3.9868e+13	2.844e-15	2.1229e-14
4.0033e+13	2.6747e-15	1.8894e-14
4.0198e+13	2.6295e-15	1.816e-14
4.0362e+13	3.194e-15	2.2728e-14
4.0527e+13	3.1991e-15	2.5052e-14
4.0692e+13	2.4411e-15	2.1988e-14
4.0857e+13	2.4814e-15	2.064e-14
4.1021e+13	3.2225e-15	2.282e-14
4.1186e+13	3.2055e-15	2.3175e-14
4.1351e+13	2.7188e-15	2.1583e-14
4.1516e+13	2.626e-15	2.1266e-14
4.168e+13	2.5529e-15	2.129e-14
4.1845e+13	2.5075e-15	2.1191e-14
4.201e+13	2.9258e-15	2.3071e-14
4.2175e+13	3.0729e-15	2.5224e-14
4.2339e+13	2.5128e-15	2.4211e-14
4.2504e+13	2.2259e-15	2.2051e-14
4.2669e+13	2.4351e-15	2.2467e-14
4.2834e+13	2.3813e-15	2.4041e-14
4.2998e+13	2.3059e-15	2.3571e-14
4.3163e+13	2.6299e-15	2.2137e-14
4.3328e+13	2.7342e-15	2.3322e-14
4.3493e+13	2.5101e-15	2.6911e-14
4.3657e+13	2.6048e-15	2.8034e-14
4.3822e+13	2.78e-15	2.4762e-14
4.3987e+13	2.5585e-15	2.2293e-14
4.4152e+13	2.3821e-15	2.4292e-14
4.4316e+13	2.4732e-15	2.6369e-14
4.4481e+13	2.4596e-15	2.4874e-14
4.4646e+13	2.4011e-15	2.339e-14
4.4811e+13	2.4017e-15	2.4561e-14
4.4975e+13	2.2408e-15	2.5932e-14
4.514e+13	2.2143e-15	2.6676e-14
4.5305e+13	2.5586e-15	2.7989e-14
4.547e+13	2.6255e-15	2.8621e-14
4.5634e+13	2.2983e-15	2.8402e-14
4.5799e+13	2.3119e-15	2.9571e-14
4.5964e+13	2.4502e-15	3.0282e-14
4.6129e+13	2.1158e-15	2.731e-14
4.6293e+13	1.9853e-15	2.4612e-14
4.6458e+13	2.4677e-15	2.6862e-14
4.6623e+13	2.6065e-15	2.9761e-14
4.6787e+13	2.2449e-15	2.8246e-14
4.6952e+13	2.2868e-15	2.5408e-14
4.7117e+13	2.5086e-15	2.4803e-14
4.7282e+13	2.2552e-15	2.4849e-14
4.7446e+13	2.1317e-15	2.513e-14
4.7611e+13	2.4982e-15	2.7078e-14
4.7776e+13	2.529e-15	2.8195e-14
4.7941e+13	2.0989e-15	2.5697e-14
4.8105e+13	1.9978e-15	2.3073e-14
4.827e+13	2.2332e-15	2.4642e-14
4.8435e+13	2.3137e-15	2.7706e-14
4.86e+13	2.2538e-15	2.7053e-14
4.8764e+13	2.0755e-15	2.358e-14
4.8929e+13	1.7324e-15	2.2316e-14
4.9094e+13	1.6001e-15	2.401e-14
4.9259e+13	1.7929e-15	2.4625e-14
4.9423e+13	1.8523e-15	2.2781e-14
4.9588e+13	1.7192e-15	2.1502e-14
4.9753e+13	1.7109e-15	2.2185e-14
4.9918e+13	1.7245e-15	2.3123e-14
5.0082e+13	1.6258e-15	2.3663e-14
5.0247e+13	1.6121e-15	2.3857e-14
5.0412e+13	1.6277e-15	2.2288e-14
5.0577e+13	1.4918e-15	1.9381e-14
5.0741e+13	1.4167e-15	1.8412e-14
5.0906e+13	1.5171e-15	1.9911e-14
5.1071e+13	1.5722e-15	2.1026e-14
5.1236e+13	1.595e-15	2.0943e-14
5.14e+13	1.6625e-15	2.066e-14
5.1565e+13	1.5454e-15	1.9727e-14
5.173e+13	1.2738e-15	1.8166e-14
5.1895e+13	1.1944e-15	1.7093e-14
5.2059e+13	1.2301e-15	1.5779e-14
5.2224e+13	1.1387e-15	1.3959e-14
5.2389e+13	1.0972e-15	1.4529e-14
5.2554e+13	1.1765e-15	1.7634e-14
5.2718e+13	1.1156e-15	1.823e-14
5.2883e+13	9.6879e-16	1.4873e-14
5.3048e+13	9.6775e-16	1.2631e-14
5.3213e+13	9.9865e-16	1.3991e-14
5.3377e+13	9.9112e-16	1.5647e-14
5.3542e+13	1.0867e-15	1.5259e-14
5.3707e+13	1.1433e-15	1.3929e-14
5.3871e+13	1.0017e-15	1.2878e-14
5.4036e+13	9.4476e-16	1.2417e-14
5.4201e+13	1.1086e-15	1.2567e-14
5.4366e+13	1.1819e-15	1.2961e-14
5.453e+13	1.0731e-15	1.3278e-14
5.4695e+13	9.7309e-16	1.3048e-14
5.486e+13	8.6864e-16	1.1571e-14
5.5025e+13	7.4826e-16	9.9933e-15
5.5189e+13	7.753e-16	1.0579e-14
5.5354e+13	8.7408e-16	1.2174e-14
5.5519e+13	8.3421e-16	1.1524e-14
5.5684e+13	7.6249e-16	9.4599e-15
5.5848e+13	8.1551e-16	9.2251e-15
5.6013e+13	8.8156e-16	1.0159e-14
5.6178e+13	8.7987e-16	9.6833e-15
5.6343e+13	8.6668e-16	8.4107e-15
5.6507e+13	8.2428e-16	8.0288e-15
5.6672e+13	7.4287e-16	8.194e-15
5.6837e+13	6.9203e-16	8.3419e-15
5.7002e+13	6.7366e-16	8.562e-15
5.7166e+13	6.7984e-16	8.4683e-15
5.7331e+13	7.4867e-16	8.1056e-15
5.7496e+13	8.0736e-16	8.1224e-15
5.7661e+13	7.6923e-16	8.068e-15
5.7825e+13	7.1133e-16	7.4311e-15
5.799e+13	6.8466e-16	7.2104e-15
5.8155e+13	6.4931e-16	7.6777e-15
5.832e+13	6.6033e-16	7.4851e-15
5.8484e+13	7.2528e-16	6.6251e-15
5.8649e+13	7.0755e-16	6.4412e-15
5.8814e+13	6.5118e-16	6.7231e-15
5.8979e+13	7.0814e-16	6.524e-15
5.9143e+13	7.4228e-16	6.2635e-15
5.9308e+13	6.1733e-16	6.3344e-15
5.9473e+13	5.457e-16	6.2471e-15
5.9638e+13	6.3625e-16	6.1789e-15
5.9802e+13	6.8742e-16	6.4881e-15
5.9967e+13	6.6022e-16	6.458e-15
6.0132e+13	6.7974e-16	5.9247e-15
6.0297e+13	6.9065e-16	5.9321e-15
6.0461e+13	6.4348e-16	6.3593e-15
6.0626e+13	6.1719e-16	5.9829e-15
6.0791e+13	5.7158e-16	5.1824e-15
6.0956e+13	4.9418e-16	5.2805e-15
6.112e+13	5.4925e-16	5.8125e-15
6.1285e+13	6.7155e-16	5.4521e-15
6.145e+13	6.0921e-16	4.5663e-15
6.1614e+13	4.8127e-16	4.4339e-15
6.1779e+13	5.3409e-16	5.0397e-15
6.1944e+13	6.1158e-16	5.4304e-15
6.2109e+13	5.5039e-16	5.3491e-15
6.2273e+13	5.2061e-16	5.1811e-15
6.2438e+13	5.7414e-16	5.0046e-15
6.2603e+13	5.6608e-16	4.8323e-15
6.2768e+13	5.4151e-16	5.0756e-15
6.2932e+13	5.8204e-16	5.6758e-15
6.3097e+13	5.8604e-16	5.7563e-15
6.3262e+13	5.396e-16	5.1602e-15
6.3427e+13	5.2642e-16	4.8641e-15
6.3591e+13	4.9788e-16	5.1119e-15
6.3756e+13	4.5406e-16	5.1422e-15
6.3921e+13	5.0729e-16	4.9611e-15
6.4086e+13	5.8454e-16	5.0296e-15
6.425e+13	5.5507e-16	4.8244e-15
6.4415e+13	5.1507e-16	4.075e-15
6.458e+13	5.3322e-16	3.8686e-15
6.4745e+13	5.1997e-16	4.5806e-15
6.4909e+13	5.0492e-16	5.0414e-15
6.5074e+13	5.4175e-16	4.8505e-15
6.5239e+13	5.2159e-16	4.7448e-15
6.5404e+13	4.672e-16	4.6769e-15
6.5568e+13	5.343e-16	4.3054e-15
6.5733e+13	6.1232e-16	4.3021e-15
6.5898e+13	5.3144e-16	4.8757e-15
6.6063e+13	4.4196e-16	4.9705e-15
6.6227e+13	4.724e-16	4.3971e-15
6.6392e+13	4.9851e-16	4.2232e-15
6.6557e+13	4.9542e-16	4.5259e-15
6.6722e+13	5.3822e-16	4.4568e-15
6.6886e+13	5.497e-16	4.243e-15
6.7051e+13	5.043e-16	4.6053e-15
6.7216e+13	5.0813e-16	5.0315e-15
6.7381e+13	5.1682e-16	4.7042e-15
6.7545e+13	4.601e-16	4.0723e-15
6.771e+13	4.5384e-16	3.9675e-15
6.7875e+13	5.0807e-16	4.2222e-15
6.804e+13	4.8742e-16	4.235e-15
6.8204e+13	4.5039e-16	4.0335e-15
6.8369e+13	4.7962e-16	4.013e-15
6.8534e+13	4.5016e-16	4.1819e-15
6.8699e+13	3.7656e-16	4.2015e-15
6.8863e+13	4.2402e-16	3.9427e-15
6.9028e+13	4.9029e-16	3.7062e-15
6.9193e+13	4.4464e-16	3.8802e-15
6.9357e+13	4.5753e-16	4.4073e-15
6.9522e+13	5.5196e-16	4.7258e-15
6.9687e+13	4.9834e-16	4.4665e-15
6.9852e+13	3.762e-16	3.988e-15
7.0016e+13	4.1763e-16	3.8153e-15
7.0181e+13	4.8512e-16	3.9102e-15
7.0346e+13	4.3323e-16	4.0044e-15
7.0511e+13	4.2587e-16	4.1085e-15
7.0675e+13	4.7536e-16	4.2184e-15
7.084e+13	4.2957e-16	4.2061e-15
7.1005e+13	4.0754e-16	4.2032e-15
7.117e+13	5.1359e-16	4.3268e-15
7.1334e+13	5.3793e-16	4.3063e-15
7.1499e+13	4.4005e-16	4.136e-15
7.1664e+13	4.4689e-16	4.2699e-15
7.1829e+13	5.2371e-16	4.5835e-15
7.1993e+13	4.7841e-16	4.4287e-15
7.2158e+13	4.0065e-16	3.9746e-15
7.2323e+13	4.2705e-16	3.9568e-15
7.2488e+13	4.6915e-16	4.268e-15
7.2652e+13	4.5435e-16	4.3195e-15
7.2817e+13	4.2152e-16	4.2272e-15
7.2982e+13	3.9272e-16	4.3576e-15
7.3147e+13	3.9819e-16	4.4651e-15
7.3311e+13	4.3227e-16	4.1904e-15
7.3476e+13	4.1876e-16	3.7922e-15
7.3641e+13	4.151e-16	3.8709e-15
7.3806e+13	5.2516e-16	4.5264e-15
7.397e+13	5.8637e-16	5.0316e-15
7.4135e+13	4.5738e-16	4.8325e-15
7.43e+13	3.6701e-16	4.5897e-15
7.4465e+13	4.5465e-16	5.0304e-15
7.4629e+13	4.909e-16	5.4038e-15
7.4794e+13	4.107e-16	4.8398e-15
7.4959e+13	4.1634e-16	4.0881e-15
7.5124e+13	4.7481e-16	4.0314e-15
7.5288e+13	4.3482e-16	4.2101e-15
7.5453e+13	4.1302e-16	4.2512e-15
7.5618e+13	4.9045e-16	4.4817e-15
7.5783e+13	4.9522e-16	4.583e-15
7.5947e+13	4.1003e-16	4.1679e-15
7.6112e+13	4.1896e-16	4.0666e-15
7.6277e+13	4.9566e-16	4.6996e-15
7.6442e+13	4.8438e-16	4.9949e-15
7.6606e+13	4.3447e-16	4.6341e-15
7.6771e+13	4.5199e-16	4.6473e-15
7.6936e+13	4.7718e-16	5.0537e-15
7.71e+13	4.4722e-16	5.0038e-15
7.7265e+13	4.2302e-16	4.7863e-15
7.743e+13	4.4053e-16	4.8811e-15
7.7595e+13	4.3308e-16	4.6919e-15
7.7759e+13	3.7438e-16	4.2108e-15
7.7924e+13	3.589e-16	4.3534e-15
7.8089e+13	4.3304e-16	4.8476e-15
7.8254e+13	4.783e-16	4.7642e-15
7.8418e+13	4.2381e-16	4.5422e-15
7.8583e+13	3.8017e-16	4.6919e-15
7.8748e+13	3.9189e-16	4.4472e-15
7.8913e+13	3.6787e-16	3.8547e-15
7.9077e+13	3.5058e-16	4.2012e-15
7.9242e+13	4.3516e-16	5.2004e-15
7.9407e+13	4.9618e-16	5.3089e-15
7.9572e+13	4.3715e-16	4.7791e-15
7.9736e+13	4.1036e-16	4.7409e-15
7.9901e+13	4.5162e-16	4.5981e-15
8.0066e+13	4.1267e-16	3.8445e-15
8.0231e+13	3.6936e-16	4.0378e-15
8.0395e+13	4.6609e-16	5.7483e-15
8.056e+13	5.3443e-16	6.6554e-15
8.0725e+13	4.4824e-16	5.4532e-15
8.089e+13	3.9816e-16	4.2292e-15
8.1054e+13	4.4749e-16	4.7415e-15
8.1219e+13	4.5166e-16	5.8338e-15
8.1384e+13	4.5542e-16	6.163e-15
8.1549e+13	5.2837e-16	6.0794e-15
8.1713e+13	5.1669e-16	5.857e-15
8.1878e+13	4.2063e-16	5.266e-15
8.2043e+13	4.4293e-16	5.0085e-15
8.2208e+13	5.1413e-16	5.636e-15
8.2372e+13	4.536e-16	5.9945e-15
8.2537e+13	4.0296e-16	5.4389e-15
8.2702e+13	4.9572e-16	5.4271e-15
8.2867e+13	5.6135e-16	6.4667e-15
8.3031e+13	5.1993e-16	6.7563e-15
8.3196e+13	4.9418e-16	5.8896e-15
8.3361e+13	4.8566e-16	5.7729e-15
8.3526e+13	4.5214e-16	6.5683e-15
8.369e+13	4.7208e-16	6.3941e-15
8.3855e+13	5.3149e-16	5.3844e-15
8.402e+13	5.2856e-16	5.3524e-15
8.4185e+13	5.0485e-16	6.1329e-15
8.4349e+13	5.051e-16	6.3252e-15
8.4514e+13	4.5254e-16	5.958e-15
8.4679e+13	3.8455e-16	5.6235e-15
8.4843e+13	4.2918e-16	5.4387e-15
8.5008e+13	5.3286e-16	5.9161e-15
8.5173e+13	5.6679e-16	7.0347e-15
8.5338e+13	5.3181e-16	7.2948e-15
8.5502e+13	4.662e-16	6.3099e-15
8.5667e+13	4.1076e-16	5.7628e-15
8.5832e+13	4.351e-16	6.04e-15
8.5997e+13	4.9064e-16	5.7952e-15
8.6161e+13	4.6385e-16	5.28e-15
8.6326e+13	4.121e-16	5.6327e-15
8.6491e+13	4.2408e-16	5.972e-15
8.6656e+13	4.2136e-16	5.4162e-15
8.682e+13	3.7855e-16	5.3341e-15
8.6985e+13	3.97e-16	6.3205e-15
8.715e+13	4.4572e-16	6.7246e-15
8.7315e+13	4.2731e-16	6.0128e-15
8.7479e+13	3.9357e-16	5.4023e-15
8.7644e+13	3.8334e-16	5.1041e-15
8.7809e+13	3.4523e-16	4.8134e-15
8.7974e+13	3.3688e-16	5.2453e-15
8.8138e+13	4.1558e-16	6.2242e-15
8.8303e+13	4.5323e-16	6.2636e-15
8.8468e+13	3.9153e-16	5.5887e-15
8.8633e+13	3.6343e-16	5.7646e-15
8.8797e+13	3.9705e-16	6.3368e-15
8.8962e+13	3.9866e-16	5.8985e-15
8.9127e+13	3.8346e-16	5.1867e-15
8.9292e+13	3.8841e-16	5.4287e-15
8.9456e+13	3.7322e-16	5.779e-15
8.9621e+13	3.5618e-16	5.2722e-15
8.9786e+13	3.6628e-16	4.7531e-15
8.9951e+13	3.4629e-16	4.9646e-15
9.0115e+13	3.1575e-16	5.25e-15
9.028e+13	3.5342e-16	5.1616e-15
9.0445e+13	3.8636e-16	5.1619e-15
9.061e+13	3.4704e-16	5.41e-15
9.0774e+13	3.4509e-16	5.6061e-15
9.0939e+13	4.006e-16	5.8792e-15
9.1104e+13	3.8433e-16	6.3493e-15
9.1269e+13	3.2094e-16	6.261e-15
9.1433e+13	3.1449e-16	5.0583e-15
9.1598e+13	3.1065e-16	3.8123e-15
9.1763e+13	2.8199e-16	3.9268e-15
9.1928e+13	3.1273e-16	4.9873e-15
9.2092e+13	3.5606e-16	5.6276e-15
9.2257e+13	3.2373e-16	5.627e-15
9.2422e+13	3.0102e-16	5.3643e-15
9.2586e+13	3.284e-16	4.651e-15
9.2751e+13	3.0953e-16	3.8032e-15
9.2916e+13	2.8253e-16	3.8697e-15
9.3081e+13	3.3354e-16	4.5642e-15
9.3245e+13	3.5268e-16	4.4706e-15
9.341e+13	2.8264e-16	3.7339e-15
9.3575e+13	2.6827e-16	3.6797e-15
9.374e+13	3.2433e-16	4.1668e-15
9.3904e+13	3.169e-16	4.1516e-15
9.4069e+13	2.7357e-16	3.7629e-15
9.4234e+13	2.7841e-16	3.56e-15
9.4399e+13	2.7504e-16	3.3726e-15
9.4563e+13	2.4549e-16	3.172e-15
9.4728e+13	2.5044e-16	3.2335e-15
9.4893e+13	2.5406e-16	3.2454e-15
9.5058e+13	2.2345e-16	2.9471e-15
9.5222e+13	2.2304e-16	2.827e-15
9.5387e+13	2.4066e-16	2.9935e-15
9.5552e+13	2.2148e-16	2.8715e-15
9.5717e+13	2.2752e-16	2.529e-15
9.5881e+13	2.7273e-16	2.5468e-15
9.6046e+13	2.515e-16	2.755e-15
9.6211e+13	1.9078e-16	2.6642e-15
9.6376e+13	2.0626e-16	2.467e-15
9.654e+13	2.4681e-16	2.5315e-15
9.6705e+13	2.3307e-16	2.7482e-15
9.687e+13	2.2333e-16	2.8424e-15
9.7035e+13	2.3079e-16	2.6997e-15
9.7199e+13	2.0772e-16	2.4645e-15
9.7364e+13	2.0867e-16	2.4771e-15
9.7529e+13	2.5339e-16	2.6974e-15
9.7694e+13	2.3864e-16	2.6005e-15
9.7858e+13	1.7723e-16	2.1214e-15
9.8023e+13	1.8477e-16	1.8523e-15
9.8188e+13	2.2473e-16	2.0317e-15
9.8353e+13	2.1332e-16	2.3473e-15
9.8517e+13	2.0325e-16	2.5982e-15
9.8682e+13	2.2569e-16	2.6699e-15
9.8847e+13	2.2687e-16	2.4271e-15
9.9012e+13	2.1992e-16	2.1418e-15
9.9176e+13	2.3032e-16	2.1664e-15
9.9341e+13	2.1128e-16	2.2081e-15
9.9506e+13	1.7476e-16	1.9168e-15
9.9671e+13	1.7932e-16	1.6692e-15
9.9835e+13	1.9008e-16	1.8334e-15
1e+14	1.7464e-16	2.0634e-15
1.0016e+14	1.7867e-16	2.0227e-15
1.0033e+14	1.8862e-16	1.9417e-15
1.0049e+14	1.6462e-16	2.0369e-15
1.0066e+14	1.6305e-16	2.115e-15
1.0082e+14	1.9798e-16	1.9772e-15
1.0099e+14	1.8547e-16	1.7554e-15
1.0115e+14	1.4467e-16	1.691e-15
1.0132e+14	1.6121e-16	1.7618e-15
1.0148e+14	1.8922e-16	1.7386e-15
1.0165e+14	1.6755e-16	1.5941e-15
1.0181e+14	1.5145e-16	1.4998e-15
1.0198e+14	1.6142e-16	1.4273e-15
1.0214e+14	1.5335e-16	1.2592e-15
1.0231e+14	1.4635e-16	1.1653e-15
1.0247e+14	1.5755e-16	1.3008e-15
1.0264e+14	1.4837e-16	1.4405e-15
1.028e+14	1.3925e-16	1.391e-15
1.0297e+14	1.6488e-16	1.3191e-15
1.0313e+14	1.7253e-16	1.3885e-15
1.0329e+14	1.4976e-16	1.5284e-15
1.0346e+14	1.567e-16	1.6005e-15
1.0362e+14	1.6676e-16	1.5179e-15
1.0379e+14	1.369e-16	1.3741e-15
1.0395e+14	1.3606e-16	1.4132e-15
1.0412e+14	1.7873e-16	1.5861e-15
1.0428e+14	1.7394e-16	1.536e-15
1.0445e+14	1.372e-16	1.2692e-15
1.0461e+14	1.4549e-16	1.1578e-15
1.0478e+14	1.5448e-16	1.2234e-15
1.0494e+14	1.2839e-16	1.2033e-15
1.0511e+14	1.3118e-16	1.1215e-15
1.0527e+14	1.5366e-16	1.1157e-15
1.0544e+14	1.3737e-16	1.1267e-15
1.056e+14	1.2621e-16	1.1418e-15
1.0577e+14	1.4575e-16	1.212e-15
1.0593e+14	1.3506e-16	1.2284e-15
1.061e+14	1.1487e-16	1.1487e-15
1.0626e+14	1.4046e-16	1.1121e-15
1.0643e+14	1.4933e-16	1.1068e-15
1.0659e+14	1.1143e-16	1.0325e-15
1.0675e+14	1.093e-16	9.8202e-16
1.0692e+14	1.3693e-16	9.8435e-16
1.0708e+14	1.2219e-16	9.0086e-16
1.0725e+14	1.0713e-16	8.1473e-16
1.0741e+14	1.2939e-16	8.9605e-16
1.0758e+14	1.2466e-16	9.9088e-16
1.0774e+14	1.0055e-16	9.5818e-16
1.0791e+14	1.2105e-16	9.5598e-16
1.0807e+14	1.388e-16	1.0008e-15
1.0824e+14	1.1126e-16	9.3877e-16
1.084e+14	1.0341e-16	8.9434e-16
1.0857e+14	1.204e-16	1.0081e-15
1.0873e+14	1.0632e-16	1.0621e-15
1.089e+14	9.7447e-17	9.4221e-16
1.0906e+14	1.2213e-16	8.7206e-16
1.0923e+14	1.169e-16	9.1507e-16
1.0939e+14	8.8372e-17	9.2175e-16
1.0956e+14	1.0129e-16	9.0072e-16
1.0972e+14	1.1832e-16	9.0265e-16
1.0988e+14	9.8908e-17	8.7329e-16
1.1005e+14	9.5997e-17	8.5498e-16
1.1021e+14	1.102e-16	8.8737e-16
1.1038e+14	9.3278e-17	8.4493e-16
1.1054e+14	8.5283e-17	7.4549e-16
1.1071e+14	1.1382e-16	7.7341e-16
1.1087e+14	1.1507e-16	8.518e-16
1.1104e+14	9.049e-17	7.975e-16
1.112e+14	1.0016e-16	7.4482e-16
1.1137e+14	1.1186e-16	8.2623e-16
1.1153e+14	8.9143e-17	8.4805e-16
1.117e+14	8.1984e-17	7.1076e-16
1.1186e+14	9.5436e-17	6.1507e-16
1.1203e+14	8.8021e-17	6.633e-16
1.1219e+14	8.7456e-17	7.4127e-16
1.1236e+14	1.0655e-16	7.5773e-16
1.1252e+14	9.6361e-17	7.0434e-16
1.1269e+14	8.0679e-17	6.367e-16
1.1285e+14	1.0668e-16	6.3954e-16
1.1301e+14	1.151e-16	6.7965e-16
1.1318e+14	7.8963e-17	6.7707e-16
1.1334e+14	7.7752e-17	6.9677e-16
1.1351e+14	1.0864e-16	7.6304e-16
1.1367e+14	9.6451e-17	7.297e-16
1.1384e+14	7.4075e-17	6.1825e-16
1.14e+14	9.0649e-17	6.3681e-16
1.1417e+14	9.3079e-17	7.3066e-16
1.1433e+14	6.9151e-17	6.7822e-16
1.145e+14	7.6922e-17	5.5757e-16
1.1466e+14	9.7653e-17	5.6763e-16
1.1483e+14	8.5993e-17	6.4486e-16
1.1499e+14	7.3962e-17	6.656e-16
1.1516e+14	8.1446e-17	6.6738e-16
1.1532e+14	8.3861e-17	6.6967e-16
1.1549e+14	8.7275e-17	6.2958e-16
1.1565e+14	9.0667e-17	5.8201e-16
1.1582e+14	7.0956e-17	5.7271e-16
1.1598e+14	6.006e-17	5.6406e-16
1.1614e+14	8.0757e-17	5.2166e-16
1.1631e+14	7.9838e-17	4.7967e-16
1.1647e+14	5.7892e-17	5.0622e-16
1.1664e+14	7.6752e-17	6.0935e-16
1.168e+14	1.0095e-16	6.6361e-16
1.1697e+14	7.4266e-17	5.7598e-16
1.1713e+14	5.8851e-17	4.7726e-16
1.173e+14	8.6962e-17	4.9597e-16
1.1746e+14	8.6895e-17	5.3258e-16
1.1763e+14	6.2368e-17	5.196e-16
1.1779e+14	7.6908e-17	5.5225e-16
1.1796e+14	9.4268e-17	6.031e-16
1.1812e+14	7.3707e-17	5.6162e-16
1.1829e+14	6.5787e-17	5.1429e-16
1.1845e+14	7.9503e-17	5.4734e-16
1.1862e+14	7.304e-17	5.4937e-16
1.1878e+14	6.7888e-17	5.0349e-16
1.1895e+14	7.9068e-17	5.1745e-16
1.1911e+14	6.8535e-17	5.1919e-16
1.1928e+14	5.8177e-17	4.3476e-16
1.1944e+14	8.5032e-17	4.2264e-16
1.196e+14	9.3988e-17	5.1271e-16
1.1977e+14	6.2367e-17	5.015e-16
1.1993e+14	5.7771e-17	4.058e-16
1.201e+14	7.8197e-17	4.147e-16
1.2026e+14	6.9004e-17	4.7203e-16
1.2043e+14	6.0001e-17	4.6297e-16
1.2059e+14	7.5952e-17	4.7161e-16
1.2076e+14	6.9461e-17	4.9723e-16
1.2092e+14	5.1137e-17	4.2898e-16
1.2109e+14	6.7063e-17	3.7191e-16
1.2125e+14	7.8049e-17	4.4865e-16
1.2142e+14	5.8718e-17	4.956e-16
1.2158e+14	6.0592e-17	4.072e-16
1.2175e+14	7.6428e-17	3.5841e-16
1.2191e+14	6.1652e-17	4.2e-16
1.2208e+14	5.4719e-17	4.4924e-16
1.2224e+14	7.6759e-17	4.1949e-16
1.2241e+14	7.1416e-17	4.2114e-16
1.2257e+14	4.8102e-17	4.4009e-16
1.2273e+14	6.0237e-17	4.2696e-16
1.229e+14	7.1871e-17	4.1027e-16
1.2306e+14	5.2916e-17	4.1481e-16
1.2323e+14	5.405e-17	4.193e-16
1.2339e+14	7.2862e-17	4.055e-16
1.2356e+14	6.2167e-17	3.846e-16
1.2372e+14	5.3119e-17	3.9068e-16
1.2389e+14	7.1098e-17	4.1622e-16
1.2405e+14	6.8801e-17	3.9943e-16
1.2422e+14	5.0484e-17	3.5598e-16
1.2438e+14	5.9377e-17	3.6836e-16
1.2455e+14	6.4692e-17	3.9688e-16
1.2471e+14	4.7754e-17	3.5794e-16
1.2488e+14	5.6737e-17	3.2916e-16
1.2504e+14	7.8117e-17	3.8071e-16
1.2521e+14	6.2011e-17	4.0623e-16
1.2537e+14	4.6271e-17	3.6255e-16
1.2554e+14	6.197e-17	3.5562e-16
1.257e+14	6.0595e-17	3.8689e-16
1.2586e+14	4.2311e-17	3.7705e-16
1.2603e+14	5.1516e-17	3.6328e-16
1.2619e+14	6.12e-17	3.7606e-16
1.2636e+14	4.766e-17	3.5331e-16
1.2652e+14	5.0453e-17	3.164e-16
1.2669e+14	6.2097e-17	3.3031e-16
1.2685e+14	4.687e-17	3.5089e-16
1.2702e+14	4.0056e-17	3.5934e-16
1.2718e+14	5.9065e-17	4.0341e-16
1.2735e+14	5.7859e-17	4.1842e-16
1.2751e+14	4.8235e-17	3.4866e-16
1.2768e+14	6.6591e-17	3.1471e-16
1.2784e+14	6.9039e-17	3.5145e-16
1.2801e+14	4.0066e-17	3.228e-16
1.2817e+14	4.1729e-17	2.5723e-16
1.2834e+14	6.4656e-17	2.9599e-16
1.285e+14	5.2918e-17	3.6095e-16
1.2867e+14	4.0002e-17	3.3719e-16
1.2883e+14	5.6339e-17	3.163e-16
1.29e+14	5.4133e-17	3.4009e-16
1.2916e+14	3.658e-17	3.2103e-16
1.2932e+14	4.8748e-17	3.0068e-16
1.2949e+14	5.7508e-17	3.4162e-16
1.2965e+14	3.7436e-17	3.3547e-16
1.2982e+14	3.8209e-17	2.6137e-16
1.2998e+14	5.6478e-17	2.609e-16
1.3015e+14	4.513e-17	3.1105e-16
1.3031e+14	3.4989e-17	2.8363e-16
1.3048e+14	5.3317e-17	2.4487e-16
1.3064e+14	5.3096e-17	2.8153e-16
1.3081e+14	3.5631e-17	3.0224e-16
1.3097e+14	4.6137e-17	2.6809e-16
1.3114e+14	5.5996e-17	2.5826e-16
1.313e+14	3.8324e-17	2.6422e-16
1.3147e+14	3.8111e-17	2.5227e-16
1.3163e+14	5.5794e-17	2.7382e-16
1.318e+14	4.7756e-17	3.0879e-16
1.3196e+14	3.8174e-17	2.7949e-16
1.3213e+14	5.1732e-17	2.4386e-16
1.3229e+14	4.8957e-17	2.7592e-16
1.3245e+14	3.2231e-17	3.018e-16
1.3262e+14	4.1226e-17	2.7687e-16
1.3278e+14	5.0818e-17	2.7298e-16
1.3295e+14	3.8746e-17	3.003e-16
1.3311e+14	4.1796e-17	3.0411e-16
1.3328e+14	5.4251e-17	2.9052e-16
1.3344e+14	4.1095e-17	2.7364e-16
1.3361e+14	3.2913e-17	2.4173e-16
1.3377e+14	4.8573e-17	2.2818e-16
1.3394e+14	4.5135e-17	2.4992e-16
1.341e+14	2.9242e-17	2.5342e-16
1.3427e+14	4.1844e-17	2.3737e-16
1.3443e+14	5.4568e-17	2.6011e-16
1.346e+14	4.3261e-17	3.0069e-16
1.3476e+14	4.4249e-17	3.0063e-16
1.3493e+14	5.3077e-17	2.7748e-16
1.3509e+14	3.8051e-17	2.6192e-16
1.3526e+14	2.9597e-17	2.4836e-16
1.3542e+14	4.3674e-17	2.4999e-16
1.3558e+14	4.0138e-17	2.6964e-16
1.3575e+14	2.8928e-17	2.6616e-16
1.3591e+14	4.3306e-17	2.3649e-16
1.3608e+14	4.7772e-17	2.2206e-16
1.3624e+14	2.8363e-17	2.2371e-16
1.3641e+14	3.3705e-17	2.2415e-16
1.3657e+14	5.1973e-17	2.3464e-16
1.3674e+14	3.8904e-17	2.5025e-16
1.369e+14	2.896e-17	2.5278e-16
1.3707e+14	4.5339e-17	2.517e-16
1.3723e+14	4.1531e-17	2.4471e-16
1.374e+14	2.3856e-17	2.1788e-16
1.3756e+14	3.647e-17	2.06e-16
1.3773e+14	4.7721e-17	2.3214e-16
1.3789e+14	3.1051e-17	2.4249e-16
1.3806e+14	3.0336e-17	2.1291e-16
1.3822e+14	4.4322e-17	1.9799e-16
1.3839e+14	3.2074e-17	2.1299e-16
1.3855e+14	2.1475e-17	2.1887e-16
1.3871e+14	3.7795e-17	2.1513e-16
1.3888e+14	3.9874e-17	2.1638e-16
1.3904e+14	2.7151e-17	2.1204e-16
1.3921e+14	3.7138e-17	2.1543e-16
1.3937e+14	4.4827e-17	2.3922e-16
1.3954e+14	2.8621e-17	2.4059e-16
1.397e+14	2.8031e-17	2.039e-16
1.3987e+14	4.2415e-17	1.8542e-16
1.4003e+14	3.5016e-17	2.0069e-16
1.402e+14	2.7582e-17	2.0267e-16
1.4036e+14	3.8949e-17	1.9011e-16
1.4053e+14	3.5129e-17	1.9779e-16
1.4069e+14	2.2122e-17	2.1165e-16
1.4086e+14	3.2238e-17	2.0304e-16
1.4102e+14	3.8224e-17	1.876e-16
1.4119e+14	2.3818e-17	1.8764e-16
1.4135e+14	2.6628e-17	1.9468e-16
1.4152e+14	3.918e-17	1.9343e-16
1.4168e+14	2.7893e-17	1.8765e-16
1.4185e+14	2.1308e-17	1.9111e-16
1.4201e+14	3.5746e-17	1.9708e-16
1.4217e+14	3.3297e-17	1.8386e-16
1.4234e+14	2.246e-17	1.6665e-16
1.425e+14	3.5169e-17	1.8224e-16
1.4267e+14	3.9394e-17	2.0833e-16
1.4283e+14	2.1552e-17	1.9479e-16
1.43e+14	2.6279e-17	1.6373e-16
1.4316e+14	4.309e-17	1.6591e-16
1.4333e+14	3.0535e-17	1.8647e-16
1.4349e+14	1.9825e-17	1.9341e-16
1.4366e+14	3.4566e-17	1.9709e-16
1.4382e+14	3.4095e-17	2.0143e-16
1.4399e+14	2.0935e-17	1.9169e-16
1.4415e+14	3.0718e-17	1.8023e-16
1.4432e+14	3.6321e-17	1.8294e-16
1.4448e+14	1.9246e-17	1.8374e-16
1.4465e+14	2.0102e-17	1.7118e-16
1.4481e+14	3.4771e-17	1.6125e-16
1.4498e+14	2.5771e-17	1.6871e-16
1.4514e+14	1.7578e-17	1.8369e-16
1.453e+14	3.0045e-17	1.755e-16
1.4547e+14	2.8419e-17	1.4038e-16
1.4563e+14	1.7701e-17	1.3233e-16
1.458e+14	2.9014e-17	1.7211e-16
1.4596e+14	3.5614e-17	1.8806e-16
1.4613e+14	2.3052e-17	1.5272e-16
1.4629e+14	2.7849e-17	1.4403e-16
1.4646e+14	3.9392e-17	1.7528e-16
1.4662e+14	2.4763e-17	1.688e-16
1.4679e+14	1.686e-17	1.3943e-16
1.4695e+14	3.3548e-17	1.6015e-16
1.4712e+14	3.3161e-17	1.9162e-16
1.4728e+14	2.0425e-17	1.7539e-16
1.4745e+14	2.8999e-17	1.5799e-16
1.4761e+14	3.1652e-17	1.6442e-16
1.4778e+14	1.5537e-17	1.5378e-16
1.4794e+14	2.1491e-17	1.4692e-16
1.4811e+14	3.7511e-17	1.7734e-16
1.4827e+14	2.4926e-17	1.8974e-16
1.4843e+14	1.6352e-17	1.6042e-16
1.486e+14	3.2776e-17	1.507e-16
1.4876e+14	3.1199e-17	1.6401e-16
1.4893e+14	1.5423e-17	1.5657e-16
1.4909e+14	2.3931e-17	1.5179e-16
1.4926e+14	3.0802e-17	1.6623e-16
1.4942e+14	1.6529e-17	1.5643e-16
1.4959e+14	1.9578e-17	1.3314e-16
1.4975e+14	3.4182e-17	1.4609e-16
1.4992e+14	2.3983e-17	1.6871e-16
1.5008e+14	1.6453e-17	1.6258e-16
1.5025e+14	3.0811e-17	1.5211e-16
1.5041e+14	2.7992e-17	1.4645e-16
1.5058e+14	1.3687e-17	1.3534e-16
1.5074e+14	2.4802e-17	1.4475e-16
1.5091e+14	3.3723e-17	1.6751e-16
1.5107e+14	1.9492e-17	1.5413e-16
1.5124e+14	2.0364e-17	1.2704e-16
1.514e+14	3.2643e-17	1.3551e-16
1.5157e+14	2.1265e-17	1.446e-16
1.5173e+14	1.3218e-17	1.2729e-16
1.5189e+14	2.824e-17	1.268e-16
1.5206e+14	2.7303e-17	1.3912e-16
1.5222e+14	1.3388e-17	1.2321e-16
1.5239e+14	2.2362e-17	1.1194e-16
1.5255e+14	2.9528e-17	1.3458e-16
1.5272e+14	1.5509e-17	1.4435e-16
1.5288e+14	1.73e-17	1.3292e-16
1.5305e+14	3.0966e-17	1.4256e-16
1.5321e+14	2.1487e-17	1.5611e-16
1.5338e+14	1.4252e-17	1.4602e-16
1.5354e+14	2.869e-17	1.4221e-16
1.5371e+14	2.7234e-17	1.4405e-16
1.5387e+14	1.2991e-17	1.2003e-16
1.5404e+14	2.1845e-17	1.0326e-16
1.542e+14	3.0067e-17	1.2467e-16
1.5437e+14	1.6619e-17	1.3829e-16
1.5453e+14	1.5879e-17	1.2457e-16
1.547e+14	2.641e-17	1.2037e-16
1.5486e+14	1.7249e-17	1.2297e-16
1.5502e+14	1.204e-17	1.156e-16
1.5519e+14	2.6615e-17	1.2195e-16
1.5535e+14	2.4449e-17	1.3673e-16
1.5552e+14	1.0754e-17	1.274e-16
1.5568e+14	2.023e-17	1.1528e-16
1.5585e+14	2.7792e-17	1.2363e-16
1.5601e+14	1.3766e-17	1.2358e-16
1.5618e+14	1.4702e-17	1.1515e-16
1.5634e+14	2.8748e-17	1.2758e-16
1.5651e+14	2.091e-17	1.3727e-16
1.5667e+14	1.2415e-17	1.2168e-16
1.5684e+14	2.3936e-17	1.1339e-16
1.57e+14	2.4297e-17	1.1712e-16
1.5717e+14	1.4364e-17	1.069e-16
1.5733e+14	2.193e-17	1.0337e-16
1.575e+14	2.5234e-17	1.1983e-16
1.5766e+14	1.1497e-17	1.1908e-16
1.5783e+14	1.4988e-17	1.0395e-16
1.5799e+14	2.8256e-17	1.1036e-16
1.5815e+14	1.8124e-17	1.1855e-16
1.5832e+14	1.0118e-17	1.0978e-16
1.5848e+14	2.3653e-17	1.1427e-16
1.5865e+14	2.4162e-17	1.2336e-16
1.5881e+14	1.2504e-17	1.0727e-16
1.5898e+14	1.8939e-17	1.0242e-16
1.5914e+14	2.3324e-17	1.2586e-16
1.5931e+14	1.1523e-17	1.2215e-16
1.5947e+14	1.4878e-17	9.5952e-17
1.5964e+14	2.6241e-17	1.0696e-16
1.598e+14	1.5915e-17	1.2584e-16
1.5997e+14	9.6118e-18	1.0365e-16
1.6013e+14	2.316e-17	9.0558e-17
1.603e+14	2.182e-17	1.1725e-16
1.6046e+14	1.013e-17	1.2522e-16
1.6063e+14	1.8789e-17	1.0211e-16
1.6079e+14	2.45e-17	9.7223e-17
1.6096e+14	1.2267e-17	1.082e-16
1.6112e+14	1.4894e-17	1.0727e-16
1.6129e+14	2.5435e-17	1.0406e-16
1.6145e+14	1.4276e-17	1.0233e-16
1.6161e+14	8.1303e-18	9.513e-17
1.6178e+14	2.1774e-17	9.5904e-17
1.6194e+14	1.8731e-17	1.0084e-16
1.6211e+14	6.2702e-18	9.2849e-17
1.6227e+14	1.8199e-17	9.0986e-17
1.6244e+14	2.6767e-17	1.0303e-16
1.626e+14	1.171e-17	9.8176e-17
1.6277e+14	1.1021e-17	8.768e-17
1.6293e+14	2.4678e-17	1.0489e-16
1.631e+14	1.7779e-17	1.1506e-16
1.6326e+14	9.619e-18	9.0094e-17
1.6343e+14	2.0311e-17	8.134e-17
1.6359e+14	1.9952e-17	1.0348e-16
1.6376e+14	9.5186e-18	1.0063e-16
1.6392e+14	1.7118e-17	7.6221e-17
1.6409e+14	2.2505e-17	8.1911e-17
1.6425e+14	1.1097e-17	1.0465e-16
1.6442e+14	1.3591e-17	1.0907e-16
1.6458e+14	2.4544e-17	1.0559e-16
1.6474e+14	1.4976e-17	1.0155e-16
1.6491e+14	8.7439e-18	9.2764e-17
1.6507e+14	2.1823e-17	9.6769e-17
1.6524e+14	2.0636e-17	1.0927e-16
1.654e+14	8.1741e-18	9.9845e-17
1.6557e+14	1.5301e-17	8.0973e-17
1.6573e+14	2.1755e-17	8.1431e-17
1.659e+14	1.0915e-17	8.5402e-17
1.6606e+14	1.1848e-17	7.9934e-17
1.6623e+14	2.0748e-17	8.1193e-17
1.6639e+14	1.1712e-17	8.4737e-17
1.6656e+14	7.756e-18	8.1945e-17
1.6672e+14	2.1454e-17	8.9335e-17
1.6689e+14	1.9405e-17	9.9299e-17
1.6705e+14	7.0887e-18	8.8435e-17
1.6722e+14	1.4803e-17	7.8498e-17
1.6738e+14	2.0584e-17	8.9314e-17
1.6755e+14	9.371e-18	9.3067e-17
1.6771e+14	1.2292e-17	8.5172e-17
1.6787e+14	2.3703e-17	9.0898e-17
1.6804e+14	1.432e-17	9.3674e-17
1.682e+14	7.2644e-18	7.7777e-17
1.6837e+14	1.8738e-17	7.9212e-17
1.6853e+14	1.7824e-17	1.0217e-16
1.687e+14	8.1737e-18	1.0119e-16
1.6886e+14	1.6561e-17	8.0254e-17
1.6903e+14	2.065e-17	7.8297e-17
1.6919e+14	7.9662e-18	8.7653e-17
1.6936e+14	1.0695e-17	8.9557e-17
1.6952e+14	2.1987e-17	9.1187e-17
1.6969e+14	1.2678e-17	8.6601e-17
1.6985e+14	7.3033e-18	7.4038e-17
1.7002e+14	2.0727e-17	8.0725e-17
1.7018e+14	1.8879e-17	1.0198e-16
1.7035e+14	6.458e-18	1.0175e-16
1.7051e+14	1.4958e-17	8.8934e-17
1.7068e+14	2.2399e-17	8.8921e-17
1.7084e+14	1.1288e-17	8.6292e-17
1.71e+14	1.2197e-17	7.6553e-17
1.7117e+14	2.2222e-17	8.227e-17
1.7133e+14	1.3375e-17	9.0877e-17
1.715e+14	6.8882e-18	8.0947e-17
1.7166e+14	1.7831e-17	7.3688e-17
1.7183e+14	1.6242e-17	7.9709e-17
1.7199e+14	6.379e-18	7.8343e-17
1.7216e+14	1.4987e-17	7.4724e-17
1.7232e+14	1.9781e-17	8.1948e-17
1.7249e+14	7.7223e-18	8.2958e-17
1.7265e+14	1.0555e-17	7.6589e-17
1.7282e+14	2.1852e-17	7.9554e-17
1.7298e+14	1.2025e-17	7.6267e-17
1.7315e+14	5.1274e-18	6.1347e-17
1.7331e+14	1.8091e-17	6.9077e-17
1.7348e+14	1.8076e-17	9.0898e-17
1.7364e+14	6.6105e-18	8.061e-17
1.7381e+14	1.33e-17	5.7407e-17
1.7397e+14	1.9358e-17	6.6026e-17
1.7414e+14	8.7912e-18	8.1628e-17
1.743e+14	9.5181e-18	7.3848e-17
1.7446e+14	1.8733e-17	6.9025e-17
1.7463e+14	1.1043e-17	7.7786e-17
1.7479e+14	6.2143e-18	7.5912e-17
1.7496e+14	1.6963e-17	6.835e-17
1.7512e+14	1.5582e-17	7.3499e-17
1.7529e+14	7.5911e-18	8.0894e-17
1.7545e+14	1.6265e-17	8.0016e-17
1.7562e+14	1.8545e-17	7.4751e-17
1.7578e+14	5.4217e-18	6.6174e-17
1.7595e+14	9.5137e-18	6.338e-17
1.7611e+14	2.1323e-17	7.3231e-17
1.7628e+14	1.1034e-17	7.5773e-17
1.7644e+14	4.4903e-18	6.311e-17
1.7661e+14	1.774e-17	6.0974e-17
1.7677e+14	1.7137e-17	7.3186e-17
1.7694e+14	6.0573e-18	7.6781e-17
1.771e+14	1.3978e-17	7.3882e-17
1.7727e+14	1.9375e-17	7.4935e-17
1.7743e+14	7.1838e-18	7.1034e-17
1.7759e+14	8.8991e-18	6.6818e-17
1.7776e+14	2.0442e-17	7.2437e-17
1.7792e+14	1.2643e-17	6.9668e-17
1.7809e+14	6.6035e-18	5.5153e-17
1.7825e+14	1.7553e-17	5.8062e-17
1.7842e+14	1.5228e-17	7.3836e-17
1.7858e+14	4.3002e-18	7.2331e-17
1.7875e+14	1.3163e-17	6.4369e-17
1.7891e+14	1.9271e-17	6.7962e-17
1.7908e+14	6.8158e-18	6.5941e-17
1.7924e+14	7.7561e-18	5.6882e-17
1.7941e+14	1.9366e-17	5.9777e-17
1.7957e+14	1.194e-17	6.327e-17
1.7974e+14	5.606e-18	5.7274e-17
1.799e+14	1.7258e-17	6.1965e-17
1.8007e+14	1.7035e-17	7.205e-17
1.8023e+14	6.1751e-18	6.4137e-17
1.804e+14	1.2694e-17	5.7359e-17
1.8056e+14	1.8599e-17	6.8972e-17
1.8072e+14	8.38e-18	7.0103e-17
1.8089e+14	9.2192e-18	5.5447e-17
1.8105e+14	1.8647e-17	5.698e-17
1.8122e+14	1.1496e-17	6.8818e-17
1.8138e+14	6.7275e-18	6.4634e-17
1.8155e+14	1.6963e-17	5.5835e-17
1.8171e+14	1.4324e-17	5.522e-17
1.8188e+14	4.4099e-18	5.3221e-17
1.8204e+14	1.3425e-17	5.4746e-17
1.8221e+14	1.9361e-17	6.3508e-17
1.8237e+14	7.6705e-18	6.1396e-17
1.8254e+14	8.2339e-18	5.2456e-17
1.827e+14	1.7814e-17	5.6955e-17
1.8287e+14	9.8415e-18	6.1927e-17
1.8303e+14	4.7349e-18	5.5246e-17
1.832e+14	1.6308e-17	5.6754e-17
1.8336e+14	1.4703e-17	6.4234e-17
1.8353e+14	3.7732e-18	5.5219e-17
1.8369e+14	1.1274e-17	4.5023e-17
1.8386e+14	1.697e-17	5.2454e-17
1.8402e+14	5.8019e-18	5.7049e-17
1.8418e+14	7.4527e-18	5.2128e-17
1.8435e+14	1.9218e-17	5.6655e-17
1.8451e+14	1.2559e-17	6.2412e-17
1.8468e+14	5.7093e-18	5.609e-17
1.8484e+14	1.5084e-17	5.4013e-17
1.8501e+14	1.421e-17	5.8295e-17
1.8517e+14	4.8018e-18	5.2911e-17
1.8534e+14	1.1625e-17	4.9133e-17
1.855e+14	1.6553e-17	5.7006e-17
1.8567e+14	6.3917e-18	5.7317e-17
1.8583e+14	7.9753e-18	5.0021e-17
1.86e+14	1.7353e-17	5.2695e-17
1.8616e+14	9.5964e-18	5.451e-17
1.8633e+14	4.6239e-18	4.9474e-17
1.8649e+14	1.5708e-17	5.7903e-17
1.8666e+14	1.4269e-17	6.9769e-17
1.8682e+14	3.8562e-18	5.9202e-17
1.8699e+14	1.1172e-17	4.698e-17
1.8715e+14	1.7226e-17	5.4527e-17
1.8731e+14	6.8946e-18	5.8395e-17
1.8748e+14	7.0767e-18	5.1665e-17
1.8764e+14	1.5834e-17	5.3984e-17
1.8781e+14	8.7755e-18	5.5415e-17
1.8797e+14	4.0334e-18	4.6809e-17
1.8814e+14	1.4612e-17	5.1522e-17
1.883e+14	1.3785e-17	6.5089e-17
1.8847e+14	4.539e-18	5.8982e-17
1.8863e+14	1.0995e-17	4.8912e-17
1.888e+14	1.5145e-17	5.6269e-17
1.8896e+14	5.1721e-18	5.7342e-17
1.8913e+14	7.3252e-18	4.5993e-17
1.8929e+14	1.6613e-17	4.9394e-17
1.8946e+14	9.0521e-18	5.8941e-17
1.8962e+14	4.6874e-18	5.1638e-17
1.8979e+14	1.5413e-17	4.5198e-17
1.8995e+14	1.3397e-17	5.1815e-17
1.9012e+14	3.8334e-18	5.2705e-17
1.9028e+14	1.1902e-17	4.8443e-17
1.9044e+14	1.6749e-17	5.0315e-17
1.9061e+14	5.3299e-18	4.7038e-17
1.9077e+14	6.8236e-18	3.9319e-17
1.9094e+14	1.7265e-17	4.3104e-17
1.911e+14	9.5608e-18	4.7282e-17
1.9127e+14	2.9307e-18	4.0666e-17
1.9143e+14	1.2649e-17	4.0464e-17
1.916e+14	1.2073e-17	4.6684e-17
1.9176e+14	3.7849e-18	4.2985e-17
1.9193e+14	1.2095e-17	4.1724e-17
1.9209e+14	1.7655e-17	5.0844e-17
1.9226e+14	6.9147e-18	4.9229e-17
1.9242e+14	7.4414e-18	4.1395e-17
1.9259e+14	1.6385e-17	4.8882e-17
1.9275e+14	8.8755e-18	5.4461e-17
1.9292e+14	3.9721e-18	4.479e-17
1.9308e+14	1.5092e-17	4.4605e-17
1.9325e+14	1.4172e-17	5.1597e-17
1.9341e+14	3.7511e-18	4.0128e-17
1.9357e+14	9.7589e-18	2.9687e-17
1.9374e+14	1.4507e-17	4.0955e-17
1.939e+14	4.1583e-18	4.4899e-17
1.9407e+14	5.4456e-18	3.4071e-17
1.9423e+14	1.5648e-17	3.932e-17
1.944e+14	9.2522e-18	5.2075e-17
1.9456e+14	3.9938e-18	4.5906e-17
1.9473e+14	1.4059e-17	3.8578e-17
1.9489e+14	1.3042e-17	4.3587e-17
1.9506e+14	3.0672e-18	4.1817e-17
1.9522e+14	9.3706e-18	3.6889e-17
1.9539e+14	1.4931e-17	4.3263e-17
1.9555e+14	5.3897e-18	4.4526e-17
1.9572e+14	6.0297e-18	3.6381e-17
1.9588e+14	1.4968e-17	3.9185e-17
1.9605e+14	8.1658e-18	4.4331e-17
1.9621e+14	2.755e-18	3.6743e-17
1.9638e+14	1.2784e-17	3.6679e-17
1.9654e+14	1.3038e-17	4.8655e-17
1.9671e+14	4.6167e-18	4.6758e-17
1.9687e+14	1.0685e-17	3.6575e-17
1.9703e+14	1.5193e-17	3.932e-17
1.972e+14	5.4292e-18	4.2273e-17
1.9736e+14	5.7986e-18	3.7531e-17
1.9753e+14	1.4186e-17	4.0404e-17
1.9769e+14	8.0823e-18	4.3037e-17
1.9786e+14	3.8672e-18	3.3704e-17
1.9802e+14	1.3366e-17	3.2753e-17
1.9819e+14	1.2075e-17	4.3311e-17
1.9835e+14	2.983e-18	4.0211e-17
1.9852e+14	8.8765e-18	3.1418e-17
1.9868e+14	1.3326e-17	3.8706e-17
1.9885e+14	4.551e-18	4.4445e-17
1.9901e+14	6.2246e-18	3.5251e-17
1.9918e+14	1.4481e-17	3.2034e-17
1.9934e+14	7.6755e-18	3.8242e-17
1.9951e+14	3.9066e-18	3.8339e-17
1.9967e+14	1.3975e-17	3.7982e-17
1.9984e+14	1.2023e-17	4.1944e-17
2e+14	2.4555e-18	3.964e-17
2.0016e+14	9.2927e-18	3.7129e-17
2.0033e+14	1.4428e-17	4.2801e-17
2.0049e+14	4.825e-18	4.2864e-17
2.0066e+14	5.842e-18	3.6191e-17
2.0082e+14	1.4686e-17	3.7606e-17
2.0099e+14	7.8744e-18	3.8851e-17
2.0115e+14	2.7207e-18	3.1111e-17
2.0132e+14	1.2397e-17	3.0607e-17
2.0148e+14	1.2043e-17	3.6863e-17
2.0165e+14	3.5996e-18	3.2429e-17
2.0181e+14	9.8423e-18	2.7848e-17
2.0198e+14	1.4449e-17	3.447e-17
2.0214e+14	5.1058e-18	3.4706e-17
2.0231e+14	6.0177e-18	2.8398e-17
2.0247e+14	1.4533e-17	3.4233e-17
2.0264e+14	7.9543e-18	4.0217e-17
2.028e+14	2.8251e-18	3.275e-17
2.0297e+14	1.1818e-17	3.1221e-17
2.0313e+14	1.0958e-17	3.8339e-17
2.0329e+14	2.2951e-18	3.4055e-17
2.0346e+14	8.2498e-18	2.7981e-17
2.0362e+14	1.3304e-17	3.3675e-17
2.0379e+14	5.0071e-18	3.3091e-17
2.0395e+14	5.9054e-18	2.5807e-17
2.0412e+14	1.385e-17	3.3399e-17
2.0428e+14	8.1339e-18	4.2628e-17
2.0445e+14	4.1842e-18	3.3999e-17
2.0461e+14	1.2483e-17	2.7123e-17
2.0478e+14	1.0524e-17	3.1118e-17
2.0494e+14	2.3382e-18	2.8288e-17
2.0511e+14	8.7535e-18	2.6382e-17
2.0527e+14	1.2908e-17	3.75e-17
2.0544e+14	4.0917e-18	3.9826e-17
2.056e+14	5.6046e-18	2.8957e-17
2.0577e+14	1.3601e-17	3.0452e-17
2.0593e+14	7.0938e-18	3.7952e-17
2.061e+14	3.0499e-18	3.1001e-17
2.0626e+14	1.2141e-17	2.5556e-17
2.0643e+14	1.0777e-17	3.1464e-17
2.0659e+14	2.6446e-18	2.9287e-17
2.0675e+14	8.8685e-18	2.2607e-17
2.0692e+14	1.2902e-17	2.8611e-17
2.0708e+14	4.3016e-18	3.3945e-17
2.0725e+14	6.0382e-18	2.9231e-17
2.0741e+14	1.3707e-17	3.0043e-17
2.0758e+14	6.7344e-18	3.3842e-17
2.0774e+14	2.6714e-18	2.871e-17
2.0791e+14	1.161e-17	2.6659e-17
2.0807e+14	9.6464e-18	3.0906e-17
2.0824e+14	1.6247e-18	2.6776e-17
2.084e+14	9.1188e-18	2.3445e-17
2.0857e+14	1.3977e-17	3.2821e-17
2.0873e+14	4.6212e-18	3.5437e-17
2.089e+14	5.1312e-18	2.5425e-17
2.0906e+14	1.2489e-17	2.431e-17
2.0923e+14	5.9515e-18	2.9246e-17
2.0939e+14	2.3199e-18	2.5392e-17
2.0956e+14	1.1641e-17	2.5155e-17
2.0972e+14	1.0216e-17	3.2837e-17
2.0988e+14	2.4182e-18	3.044e-17
2.1005e+14	9.0862e-18	2.2951e-17
2.1021e+14	1.2612e-17	2.5471e-17
2.1038e+14	3.2493e-18	2.678e-17
2.1054e+14	5.4262e-18	2.2001e-17
2.1071e+14	1.3767e-17	2.4651e-17
2.1087e+14	6.1343e-18	2.7993e-17
2.1104e+14	1.4426e-18	2.2472e-17
2.112e+14	1.1387e-17	2.3586e-17
2.1137e+14	1.0413e-17	3.1313e-17
2.1153e+14	1.7663e-18	2.643e-17
2.117e+14	8.4988e-18	1.9572e-17
2.1186e+14	1.3627e-17	2.6747e-17
2.1203e+14	4.5999e-18	2.9824e-17
2.1219e+14	5.3822e-18	2.245e-17
2.1236e+14	1.3588e-17	2.5022e-17
2.1252e+14	7.3536e-18	3.1559e-17
2.1269e+14	2.744e-18	2.4813e-17
2.1285e+14	1.1361e-17	1.9924e-17
2.1301e+14	1.0069e-17	2.5737e-17
2.1318e+14	2.0841e-18	2.4807e-17
2.1334e+14	8.6953e-18	2.0473e-17
2.1351e+14	1.2999e-17	2.6493e-17
2.1367e+14	3.549e-18	2.8578e-17
2.1384e+14	4.4775e-18	2.0953e-17
2.14e+14	1.3134e-17	2.3307e-17
2.1417e+14	7.3083e-18	3.1501e-17
2.1433e+14	2.6279e-18	2.669e-17
2.145e+14	1.1029e-17	2.0221e-17
2.1466e+14	9.8994e-18	2.4005e-17
2.1483e+14	1.8895e-18	2.4647e-17
2.1499e+14	7.931e-18	2.0756e-17
2.1516e+14	1.2189e-17	2.3427e-17
2.1532e+14	3.7251e-18	2.5961e-17
2.1549e+14	5.4496e-18	2.3693e-17
2.1565e+14	1.3698e-17	2.5093e-17
2.1582e+14	6.6902e-18	2.517e-17
2.1598e+14	1.1963e-18	1.884e-17
2.1614e+14	1.0011e-17	1.9239e-17
2.1631e+14	1.0006e-17	2.5001e-17
2.1647e+14	2.2899e-18	2.1524e-17
2.1664e+14	7.8174e-18	1.893e-17
2.168e+14	1.2291e-17	2.6782e-17
2.1697e+14	4.392e-18	2.6908e-17
2.1713e+14	5.3062e-18	1.7841e-17
2.173e+14	1.2394e-17	2.0024e-17
2.1746e+14	6.1948e-18	2.6052e-17
2.1763e+14	2.4586e-18	2.0553e-17
2.1779e+14	1.1457e-17	1.8062e-17
2.1796e+14	1.0538e-17	2.3737e-17
2.1812e+14	2.6155e-18	2.0645e-17
2.1829e+14	8.2927e-18	1.5591e-17
2.1845e+14	1.2209e-17	2.264e-17
2.1862e+14	3.5856e-18	2.618e-17
2.1878e+14	4.6226e-18	1.9603e-17
2.1895e+14	1.2534e-17	2.0424e-17
2.1911e+14	6.7781e-18	2.4437e-17
2.1928e+14	2.3169e-18	1.8405e-17
2.1944e+14	1.0155e-17	1.671e-17
2.196e+14	9.2697e-18	2.5031e-17
2.1977e+14	2.58e-18	2.4484e-17
2.1993e+14	8.8267e-18	1.7718e-17
2.201e+14	1.1954e-17	2.0142e-17
2.2026e+14	2.6422e-18	2.2004e-17
2.2043e+14	4.0322e-18	1.7299e-17
2.2059e+14	1.2443e-17	1.9312e-17
2.2076e+14	6.5011e-18	2.3178e-17
2.2092e+14	1.6586e-18	1.7705e-17
2.2109e+14	9.5329e-18	1.6312e-17
2.2125e+14	8.739e-18	2.3204e-17
2.2142e+14	1.7557e-18	2.1493e-17
2.2158e+14	7.9329e-18	1.5837e-17
2.2175e+14	1.1886e-17	2.0037e-17
2.2191e+14	3.4558e-18	2.1719e-17
2.2208e+14	4.5478e-18	1.5035e-17
2.2224e+14	1.2136e-17	1.6065e-17
2.2241e+14	6.422e-18	2.1661e-17
2.2257e+14	2.5664e-18	1.8313e-17
2.2273e+14	1.0616e-17	1.6185e-17
2.229e+14	9.1786e-18	2.0684e-17
2.2306e+14	1.9914e-18	1.8528e-17
2.2323e+14	8.3751e-18	1.4123e-17
2.2339e+14	1.1998e-17	1.8593e-17
2.2356e+14	3.1321e-18	2.0138e-17
2.2372e+14	4.6268e-18	1.494e-17
2.2389e+14	1.2538e-17	1.7651e-17
2.2405e+14	5.9551e-18	2.2615e-17
2.2422e+14	1.501e-18	1.7433e-17
2.2438e+14	1.06e-17	1.4958e-17
2.2455e+14	9.8499e-18	2.0566e-17
2.2471e+14	1.3828e-18	1.9182e-17
2.2488e+14	7.0146e-18	1.4751e-17
2.2504e+14	1.201e-17	1.881e-17
2.2521e+14	3.6598e-18	1.914e-17
2.2537e+14	3.5722e-18	1.2026e-17
2.2554e+14	1.151e-17	1.4019e-17
2.257e+14	7.5297e-18	2.0289e-17
2.2586e+14	3.8346e-18	1.6343e-17
2.2603e+14	1.0677e-17	1.3852e-17
2.2619e+14	8.8911e-18	1.9771e-17
2.2636e+14	1.6939e-18	1.886e-17
2.2652e+14	7.3978e-18	1.2922e-17
2.2669e+14	1.0905e-17	1.5545e-17
2.2685e+14	2.7195e-18	1.8636e-17
2.2702e+14	4.3919e-18	1.5735e-17
2.2718e+14	1.2483e-17	1.7382e-17
2.2735e+14	6.7396e-18	2.0493e-17
2.2751e+14	2.2136e-18	1.5867e-17
2.2768e+14	1.0171e-17	1.3321e-17
2.2784e+14	9.4212e-18	1.661e-17
2.2801e+14	1.8072e-18	1.4944e-17
2.2817e+14	6.9489e-18	1.3098e-17
2.2834e+14	1.1028e-17	1.7859e-17
2.285e+14	3.352e-18	1.6738e-17
2.2867e+14	4.1813e-18	1.0191e-17
2.2883e+14	1.1375e-17	1.4022e-17
2.29e+14	6.1488e-18	1.9776e-17
2.2916e+14	2.445e-18	1.4211e-17
2.2932e+14	1.0174e-17	1.167e-17
2.2949e+14	8.9308e-18	1.7795e-17
2.2965e+14	1.4869e-18	1.6485e-17
2.2982e+14	6.9643e-18	1.1782e-17
2.2998e+14	1.1116e-17	1.6805e-17
2.3015e+14	3.4471e-18	1.9487e-17
2.3031e+14	4.13e-18	1.3125e-17
2.3048e+14	1.1031e-17	1.2573e-17
2.3064e+14	5.9008e-18	1.6551e-17
2.3081e+14	2.8301e-18	1.3837e-17
2.3097e+14	1.1226e-17	1.3172e-17
2.3114e+14	1.024e-17	1.8029e-17
2.313e+14	2.4328e-18	1.576e-17
2.3147e+14	7.092e-18	1.1619e-17
2.3163e+14	1.0757e-17	1.6853e-17
2.318e+14	3.4878e-18	1.9368e-17
2.3196e+14	4.9507e-18	1.3632e-17
2.3213e+14	1.2134e-17	1.4058e-17
2.3229e+14	6.4844e-18	1.8363e-17
2.3245e+14	2.5052e-18	1.4739e-17
2.3262e+14	1.0435e-17	1.1885e-17
2.3278e+14	9.6891e-18	1.5227e-17
2.3295e+14	2.0784e-18	1.4131e-17
2.3311e+14	6.6465e-18	1.1537e-17
2.3328e+14	1.0795e-17	1.5434e-17
2.3344e+14	4.3852e-18	1.6217e-17
2.3361e+14	5.575e-18	1.2042e-17
2.3377e+14	1.1549e-17	1.4398e-17
2.3394e+14	5.6201e-18	1.7365e-17
2.341e+14	2.3441e-18	1.2953e-17
2.3427e+14	1.0423e-17	1.3491e-17
2.3443e+14	9.403e-18	1.9305e-17
2.346e+14	2.2169e-18	1.5132e-17
2.3476e+14	7.2768e-18	9.032e-18
2.3493e+14	1.0816e-17	1.4204e-17
2.3509e+14	3.4352e-18	1.6874e-17
2.3526e+14	4.7218e-18	1.0998e-17
2.3542e+14	1.1757e-17	1.2283e-17
2.3558e+14	6.6542e-18	1.7837e-17
2.3575e+14	3.2165e-18	1.4381e-17
2.3591e+14	1.0382e-17	1.1365e-17
2.3608e+14	8.5591e-18	1.5339e-17
2.3624e+14	1.312e-18	1.4756e-17
2.3641e+14	6.8912e-18	1.1771e-17
2.3657e+14	1.1027e-17	1.5147e-17
2.3674e+14	4.0427e-18	1.5431e-17
2.369e+14	5.2938e-18	1.0405e-17
2.3707e+14	1.1727e-17	1.2799e-17
2.3723e+14	5.9703e-18	1.7107e-17
2.374e+14	2.6201e-18	1.2328e-17
2.3756e+14	1.0529e-17	9.6286e-18
2.3773e+14	9.2246e-18	1.3803e-17
2.3789e+14	1.893e-18	1.2222e-17
2.3806e+14	7.0864e-18	8.5725e-18
2.3822e+14	1.0584e-17	1.286e-17
2.3839e+14	2.7385e-18	1.4732e-17
2.3855e+14	3.7465e-18	1.0369e-17
2.3871e+14	1.1094e-17	1.2235e-17
2.3888e+14	6.2635e-18	1.6e-17
2.3904e+14	2.6561e-18	1.1384e-17
2.3921e+14	9.9052e-18	8.9108e-18
2.3937e+14	8.7248e-18	1.303e-17
2.3954e+14	1.823e-18	1.1697e-17
2.397e+14	7.0109e-18	8.3642e-18
2.3987e+14	1.0571e-17	1.2206e-17
2.4003e+14	3.1466e-18	1.3513e-17
2.402e+14	4.1707e-18	9.4231e-18
2.4036e+14	1.0936e-17	1.1452e-17
2.4053e+14	5.7704e-18	1.4547e-17
2.4069e+14	2.4847e-18	1.0094e-17
2.4086e+14	1.0339e-17	9.5494e-18
2.4102e+14	9.7111e-18	1.5358e-17
2.4119e+14	3.0466e-18	1.4007e-17
2.4135e+14	7.9252e-18	1.0135e-17
2.4152e+14	1.0973e-17	1.3725e-17
2.4168e+14	3.4902e-18	1.4309e-17
2.4185e+14	4.8618e-18	9.2997e-18
2.4201e+14	1.1703e-17	1.1422e-17
2.4217e+14	6.1584e-18	1.5076e-17
2.4234e+14	2.5919e-18	1.0111e-17
2.425e+14	1.0486e-17	8.3216e-18
2.4267e+14	9.6634e-18	1.3717e-17
2.4283e+14	2.4087e-18	1.2987e-17
2.43e+14	7.1397e-18	9.5965e-18
2.4316e+14	1.081e-17	1.277e-17
2.4333e+14	3.7509e-18	1.2531e-17
2.4349e+14	4.8851e-18	7.4815e-18
2.4366e+14	1.17e-17	1.087e-17
2.4382e+14	6.5598e-18	1.606e-17
2.4399e+14	2.7832e-18	1.1435e-17
2.4415e+14	9.7423e-18	8.5542e-18
2.4432e+14	8.5465e-18	1.2277e-17
2.4448e+14	1.9477e-18	1.039e-17
2.4465e+14	7.3531e-18	7.4254e-18
2.4481e+14	1.0998e-17	1.2582e-17
2.4498e+14	3.7222e-18	1.3935e-17
2.4514e+14	5.1377e-18	8.3734e-18
2.453e+14	1.2391e-17	1.003e-17
2.4547e+14	6.9676e-18	1.4216e-17
2.4563e+14	2.4591e-18	9.7658e-18
2.458e+14	9.4167e-18	7.5486e-18
2.4596e+14	8.7199e-18	1.1788e-17
2.4613e+14	1.779e-18	9.8972e-18
2.4629e+14	6.4566e-18	6.6888e-18
2.4646e+14	1.0502e-17	1.1949e-17
2.4662e+14	3.9341e-18	1.3297e-17
2.4679e+14	4.6021e-18	7.0147e-18
2.4695e+14	1.0629e-17	8.3827e-18
2.4712e+14	5.4032e-18	1.3728e-17
2.4728e+14	1.8596e-18	1.0391e-17
2.4745e+14	9.2192e-18	7.9119e-18
2.4761e+14	8.8149e-18	1.1771e-17
2.4778e+14	2.3587e-18	1.0197e-17
2.4794e+14	6.8849e-18	6.698e-18
2.4811e+14	1.0357e-17	1.0997e-17
2.4827e+14	3.8334e-18	1.2564e-17
2.4843e+14	4.8327e-18	7.5655e-18
2.486e+14	1.0798e-17	8.9719e-18
2.4876e+14	5.8016e-18	1.2694e-17
2.4893e+14	3.0591e-18	8.3078e-18
2.4909e+14	1.0517e-17	6.7756e-18
2.4926e+14	9.1995e-18	1.2273e-17
2.4942e+14	2.3518e-18	1.0924e-17
2.4959e+14	7.3654e-18	6.2891e-18
2.4975e+14	1.0675e-17	1.0212e-17
2.4992e+14	3.2506e-18	1.2853e-17
2.5008e+14	4.4279e-18	8.4264e-18
2.5025e+14	1.1598e-17	8.9271e-18
2.5041e+14	6.6766e-18	1.2003e-17
2.5058e+14	2.8209e-18	8.2278e-18
2.5074e+14	1.0065e-17	7.215e-18
2.5091e+14	9.3751e-18	1.2391e-17
2.5107e+14	2.2872e-18	1.0703e-17
2.5124e+14	6.8461e-18	5.9113e-18
2.514e+14	1.0964e-17	9.3153e-18
2.5157e+14	4.3171e-18	1.1285e-17
2.5173e+14	4.864e-18	6.6289e-18
2.5189e+14	1.1515e-17	7.5556e-18
2.5206e+14	7.0578e-18	1.1677e-17
2.5222e+14	3.0259e-18	8.8525e-18
2.5239e+14	9.4566e-18	7.5471e-18
2.5255e+14	9.3286e-18	1.1493e-17
2.5272e+14	3.5401e-18	9.3619e-18
2.5288e+14	7.6335e-18	5.354e-18
2.5305e+14	1.0077e-17	9.3702e-18
2.5321e+14	3.0381e-18	1.1067e-17
2.5338e+14	4.4065e-18	6.1936e-18
2.5354e+14	1.1247e-17	7.56e-18
2.5371e+14	6.1574e-18	1.1809e-17
2.5387e+14	1.9262e-18	7.9961e-18
2.5404e+14	8.9645e-18	5.814e-18
2.542e+14	9.2803e-18	1.0543e-17
2.5437e+14	3.1917e-18	9.7794e-18
2.5453e+14	7.2614e-18	5.5653e-18
2.547e+14	1.0737e-17	8.4398e-18
2.5486e+14	4.3228e-18	1.0272e-17
2.5502e+14	4.7312e-18	6.4968e-18
2.5519e+14	1.0889e-17	8.086e-18
2.5535e+14	6.9351e-18	1.1805e-17
2.5552e+14	3.5921e-18	7.7778e-18
2.5568e+14	9.4657e-18	5.4941e-18
2.5585e+14	8.4145e-18	1.0059e-17
2.5601e+14	2.5154e-18	9.6987e-18
2.5618e+14	7.1034e-18	6.2407e-18
2.5634e+14	1.0245e-17	9.3335e-18
2.5651e+14	3.4241e-18	1.0801e-17
2.5667e+14	4.0058e-18	6.3383e-18
2.5684e+14	1.0481e-17	6.9748e-18
2.57e+14	6.5658e-18	1.0189e-17
2.5717e+14	3.1052e-18	6.7064e-18
2.5733e+14	9.2016e-18	5.2075e-18
2.575e+14	8.7906e-18	9.8926e-18
2.5766e+14	3.0275e-18	9.2303e-18
2.5783e+14	6.9791e-18	5.4136e-18
2.5799e+14	1.0159e-17	8.2301e-18
2.5815e+14	4.3864e-18	9.852e-18
2.5832e+14	5.0587e-18	5.7153e-18
2.5848e+14	1.0326e-17	6.2521e-18
2.5865e+14	6.1341e-18	9.5672e-18
2.5881e+14	3.4823e-18	6.8898e-18
2.5898e+14	9.248e-18	5.4603e-18
2.5914e+14	7.6499e-18	8.8654e-18
2.5931e+14	2.1303e-18	7.688e-18
2.5947e+14	7.3011e-18	4.976e-18
2.5964e+14	1.0546e-17	8.344e-18
2.598e+14	4.0318e-18	9.3057e-18
2.5997e+14	4.7786e-18	5.3249e-18
2.6013e+14	1.0723e-17	6.9175e-18
2.603e+14	6.7838e-18	1.0053e-17
2.6046e+14	4.082e-18	6.1866e-18
2.6063e+14	1.0089e-17	4.8128e-18
2.6079e+14	8.9404e-18	9.5078e-18
2.6096e+14	3.3749e-18	8.8783e-18
2.6112e+14	7.6222e-18	5.5279e-18
2.6129e+14	1.0072e-17	8.2378e-18
2.6145e+14	4.219e-18	9.0644e-18
2.6161e+14	6.102e-18	5.077e-18
2.6178e+14	1.1451e-17	6.5566e-18
2.6194e+14	5.8343e-18	9.7408e-18
2.6211e+14	2.9835e-18	6.2703e-18
2.6227e+14	9.9834e-18	5.1673e-18
2.6244e+14	8.4305e-18	9.3947e-18
2.626e+14	1.6278e-18	8.0076e-18
2.6277e+14	6.3596e-18	4.7416e-18
2.6293e+14	1.0266e-17	8.3588e-18
2.631e+14	4.3273e-18	9.6849e-18
2.6326e+14	5.5054e-18	5.3333e-18
2.6343e+14	1.1866e-17	6.4256e-18
2.6359e+14	7.6183e-18	9.7544e-18
2.6376e+14	3.8654e-18	6.539e-18
2.6392e+14	9.0449e-18	5.35e-18
2.6409e+14	7.8015e-18	9.2741e-18
2.6425e+14	2.7953e-18	7.7073e-18
2.6442e+14	7.8726e-18	4.4394e-18
2.6458e+14	1.0378e-17	7.8865e-18
2.6474e+14	3.3628e-18	8.7414e-18
2.6491e+14	4.4244e-18	4.2632e-18
2.6507e+14	1.0631e-17	6.0071e-18
2.6524e+14	6.3128e-18	9.862e-18
2.654e+14	3.6408e-18	6.2259e-18
2.6557e+14	1.0328e-17	4.553e-18
2.6573e+14	8.9878e-18	8.7442e-18
2.659e+14	2.5109e-18	7.2493e-18
2.6606e+14	7.1131e-18	3.4407e-18
2.6623e+14	1.0544e-17	7.1683e-18
2.6639e+14	3.9261e-18	9.2524e-18
2.6656e+14	4.4761e-18	4.8719e-18
2.6672e+14	1.0665e-17	5.3571e-18
2.6689e+14	6.7606e-18	8.8618e-18
2.6705e+14	3.9547e-18	6.0881e-18
2.6722e+14	1.055e-17	4.5871e-18
2.6738e+14	9.7146e-18	8.3574e-18
2.6755e+14	3.2106e-18	7.4024e-18
2.6771e+14	7.0804e-18	4.3475e-18
2.6787e+14	1.0663e-17	7.4738e-18
2.6804e+14	5.043e-18	8.613e-18
2.682e+14	5.6654e-18	4.5519e-18
2.6837e+14	1.1015e-17	5.8593e-18
2.6853e+14	6.7414e-18	9.4246e-18
2.687e+14	3.9208e-18	6.3445e-18
2.6886e+14	1.0249e-17	4.7576e-18
2.6903e+14	9.4701e-18	8.3407e-18
2.6919e+14	3.3831e-18	7.0161e-18
2.6936e+14	7.0242e-18	3.8033e-18
2.6952e+14	1.0027e-17	6.9634e-18
2.6969e+14	4.7316e-18	8.1502e-18
2.6985e+14	6.1272e-18	4.3019e-18
2.7002e+14	1.131e-17	5.8379e-18
2.7018e+14	6.234e-18	9.1257e-18
2.7035e+14	3.0502e-18	5.4736e-18
2.7051e+14	9.1797e-18	3.9203e-18
2.7068e+14	7.9552e-18	8.1686e-18
2.7084e+14	2.1541e-18	7.1206e-18
2.71e+14	7.1628e-18	3.5031e-18
2.7117e+14	1.0801e-17	6.4436e-18
2.7133e+14	4.3589e-18	7.886e-18
2.715e+14	4.8244e-18	4.0545e-18
2.7166e+14	1.1049e-17	5.3197e-18
2.7183e+14	7.3724e-18	8.823e-18
2.7199e+14	4.0167e-18	5.7485e-18
2.7216e+14	9.4385e-18	4.2497e-18
2.7232e+14	8.3456e-18	8.126e-18
2.7249e+14	2.565e-18	7.0629e-18
2.7265e+14	6.7361e-18	3.7194e-18
2.7282e+14	9.9285e-18	6.6716e-18
2.7298e+14	4.066e-18	7.9364e-18
2.7315e+14	4.9549e-18	4.0453e-18
2.7331e+14	1.0789e-17	5.2832e-18
2.7348e+14	6.6533e-18	8.6583e-18
2.7364e+14	3.3844e-18	5.4473e-18
2.7381e+14	9.3489e-18	3.8938e-18
2.7397e+14	8.9079e-18	7.7075e-18
2.7414e+14	3.4985e-18	6.391e-18
2.743e+14	7.67e-18	2.7891e-18
2.7446e+14	1.0761e-17	6.0604e-18
2.7463e+14	4.7979e-18	8.0446e-18
2.7479e+14	5.4962e-18	4.1513e-18
2.7496e+14	1.1004e-17	4.6353e-18
2.7512e+14	6.3456e-18	7.9337e-18
2.7529e+14	2.744e-18	5.4973e-18
2.7545e+14	9.2682e-18	4.125e-18
2.7562e+14	9.6723e-18	7.4576e-18
2.7578e+14	3.931e-18	6.311e-18
2.7595e+14	7.1446e-18	3.2792e-18
2.7611e+14	1.0393e-17	6.2961e-18
2.7628e+14	5.1212e-18	7.6824e-18
2.7644e+14	5.6106e-18	3.9311e-18
2.7661e+14	1.1007e-17	4.8297e-18
2.7677e+14	7.1968e-18	8.0962e-18
2.7694e+14	3.6689e-18	5.4936e-18
2.771e+14	8.9853e-18	3.942e-18
2.7727e+14	9.0387e-18	6.8795e-18
2.7743e+14	4.0021e-18	5.6861e-18
2.7759e+14	7.0395e-18	3.2926e-18
2.7776e+14	9.6643e-18	6.673e-18
2.7792e+14	4.8541e-18	7.5712e-18
2.7809e+14	5.7545e-18	3.3525e-18
2.7825e+14	1.0487e-17	4.368e-18
2.7842e+14	6.7267e-18	7.7528e-18
2.7858e+14	4.5336e-18	5.0438e-18
2.7875e+14	1.0128e-17	3.72e-18
2.7891e+14	8.8837e-18	7.2523e-18
2.7908e+14	3.3656e-18	6.3173e-18
2.7924e+14	7.4087e-18	3.5763e-18
2.7941e+14	1.0653e-17	6.5233e-18
2.7957e+14	5.3544e-18	7.3739e-18
2.7974e+14	5.7049e-18	3.3479e-18
2.799e+14	1.0229e-17	4.4072e-18
2.8007e+14	6.1537e-18	7.6363e-18
2.8023e+14	3.6738e-18	4.8391e-18
2.804e+14	9.4966e-18	3.6474e-18
2.8056e+14	8.7433e-18	7.3803e-18
2.8072e+14	3.3472e-18	6.4517e-18
2.8089e+14	7.2348e-18	3.4987e-18
2.8105e+14	1.055e-17	6.3569e-18
2.8122e+14	5.4134e-18	7.4489e-18
2.8138e+14	5.6602e-18	3.5764e-18
2.8155e+14	1.0167e-17	4.3142e-18
2.8171e+14	6.3822e-18	7.2282e-18
2.8188e+14	3.8459e-18	4.6791e-18
2.8204e+14	9.1765e-18	3.8025e-18
2.8221e+14	8.4841e-18	7.2071e-18
2.8237e+14	3.6899e-18	5.6633e-18
2.8254e+14	7.3945e-18	2.5144e-18
2.827e+14	9.7082e-18	5.5236e-18
2.8287e+14	4.3147e-18	6.8403e-18
2.8303e+14	5.4339e-18	3.4517e-18
2.832e+14	1.0582e-17	4.8349e-18
2.8336e+14	6.5014e-18	7.8532e-18
2.8353e+14	3.5662e-18	4.6623e-18
2.8369e+14	9.1584e-18	3.1899e-18
2.8386e+14	9.0015e-18	6.734e-18
2.8402e+14	4.302e-18	5.7891e-18
2.8418e+14	7.7794e-18	3.0455e-18
2.8435e+14	1.016e-17	6.0821e-18
2.8451e+14	5.0272e-18	7.2415e-18
2.8468e+14	6.0607e-18	3.5843e-18
2.8484e+14	1.108e-17	4.5614e-18
2.8501e+14	7.3657e-18	7.2266e-18
2.8517e+14	4.6163e-18	4.0243e-18
2.8534e+14	9.4729e-18	2.8469e-18
2.855e+14	8.6021e-18	6.6504e-18
2.8567e+14	4.3044e-18	5.7565e-18
2.8583e+14	8.452e-18	2.9947e-18
2.86e+14	1.0459e-17	6.0144e-18
2.8616e+14	4.3965e-18	7.0533e-18
2.8633e+14	5.2816e-18	3.2904e-18
2.8649e+14	1.1011e-17	4.4784e-18
2.8666e+14	7.8224e-18	7.5243e-18
2.8682e+14	4.868e-18	4.3671e-18
2.8699e+14	9.2548e-18	2.9306e-18
2.8715e+14	8.0748e-18	6.6952e-18
2.8731e+14	3.3154e-18	5.979e-18
2.8748e+14	6.7843e-18	3.1354e-18
2.8764e+14	8.8049e-18	5.89e-18
2.8781e+14	3.808e-18	6.9302e-18
2.8797e+14	5.4955e-18	3.2608e-18
2.8814e+14	1.0766e-17	4.184e-18
2.883e+14	6.9189e-18	6.8968e-18
2.8847e+14	4.3356e-18	3.9151e-18
2.8863e+14	9.578e-18	2.9148e-18
2.888e+14	8.8556e-18	6.6667e-18
2.8896e+14	4.4058e-18	5.5348e-18
2.8913e+14	8.2242e-18	2.591e-18
2.8929e+14	1.0046e-17	5.7075e-18
2.8946e+14	4.2651e-18	6.931e-18
2.8962e+14	5.3543e-18	3.0489e-18
2.8979e+14	1.045e-17	3.9266e-18
2.8995e+14	6.5734e-18	6.8847e-18
2.9012e+14	4.1992e-18	3.8741e-18
2.9028e+14	9.7166e-18	2.6601e-18
2.9044e+14	8.6035e-18	6.6727e-18
2.9061e+14	3.5017e-18	5.8983e-18
2.9077e+14	7.9e-18	2.497e-18
2.9094e+14	1.12e-17	4.8372e-18
2.911e+14	5.6464e-18	6.118e-18
2.9127e+14	5.5967e-18	2.8637e-18
2.9143e+14	1.0326e-17	3.9984e-18
2.916e+14	7.0987e-18	6.9227e-18
2.9176e+14	4.5938e-18	3.9793e-18
2.9193e+14	9.3681e-18	2.6811e-18
2.9209e+14	8.5669e-18	6.4124e-18
2.9226e+14	4.141e-18	5.6371e-18
2.9242e+14	7.7766e-18	2.5729e-18
2.9259e+14	9.9096e-18	5.1685e-18
2.9275e+14	4.9056e-18	6.3985e-18
2.9292e+14	6.154e-18	2.8292e-18
2.9308e+14	1.0564e-17	3.6686e-18
2.9325e+14	5.9593e-18	6.7128e-18
2.9341e+14	3.4511e-18	4.1114e-18
2.9357e+14	9.6852e-18	2.7707e-18
2.9374e+14	9.6491e-18	6.2125e-18
2.939e+14	4.644e-18	5.4928e-18
2.9407e+14	7.9436e-18	2.6343e-18
2.9423e+14	1.0616e-17	5.1195e-18
2.944e+14	5.6178e-18	6.2236e-18
2.9456e+14	5.8595e-18	2.838e-18
2.9473e+14	9.9141e-18	3.8332e-18
2.9489e+14	6.2725e-18	6.7909e-18
2.9506e+14	4.2782e-18	4.0373e-18
2.9522e+14	9.5787e-18	2.487e-18
2.9539e+14	8.5935e-18	5.6949e-18
2.9555e+14	3.5995e-18	4.9639e-18
2.9572e+14	6.9245e-18	2.2513e-18
2.9588e+14	9.2816e-18	4.8406e-18
2.9605e+14	4.754e-18	6.1588e-18
2.9621e+14	6.2937e-18	2.9864e-18
2.9638e+14	1.0833e-17	3.741e-18
2.9654e+14	6.3893e-18	6.3792e-18
2.9671e+14	3.8797e-18	4.026e-18
2.9687e+14	9.78e-18	3.1371e-18
2.9703e+14	9.343e-18	6.2817e-18
2.972e+14	4.1089e-18	5.1174e-18
2.9736e+14	7.3199e-18	2.3862e-18
2.9753e+14	1.0041e-17	4.9825e-18
2.9769e+14	5.3061e-18	5.9006e-18
2.9786e+14	6.0176e-18	2.5558e-18
2.9802e+14	1.0506e-17	3.6494e-18
2.9819e+14	6.8512e-18	6.3806e-18
2.9835e+14	4.3778e-18	3.6506e-18
2.9852e+14	9.2588e-18	2.613e-18
2.9868e+14	8.2415e-18	5.9558e-18
2.9885e+14	3.6651e-18	4.7916e-18
2.9901e+14	7.9959e-18	1.9616e-18
2.9918e+14	1.117e-17	4.8458e-18
2.9934e+14	5.7761e-18	6.1418e-18
2.9951e+14	5.5101e-18	2.7229e-18
2.9967e+14	1.0068e-17	3.5933e-18
2.9984e+14	7.458e-18	6.423e-18
3e+14	5.5696e-18	3.8002e-18
