#Error on normalization	O = 0.922 %	H = 2.569 %
#Frequence (s-1)	S_O (s)	S_H (s)
0	6.0863e-16	-1.1964e-17
1.2014e+11	-7.1405e-17	1.2872e-17
2.4029e+11	-4.1566e-16	1.656e-17
3.6043e+11	3.2722e-16	-2.0743e-17
4.8058e+11	1.5653e-16	-4.7702e-18
6.0072e+11	-4.4507e-16	2.5945e-17
7.2087e+11	1.1785e-16	-6.7396e-18
8.4101e+11	3.627e-16	-1.7057e-17
9.6115e+11	-3.4228e-16	2.3914e-17
1.0813e+12	-1.4337e-16	1.105e-17
1.2014e+12	4.3625e-16	-2.1627e-17
1.3216e+12	-8.4776e-17	1.342e-17
1.4417e+12	-2.9152e-16	2.8937e-17
1.5619e+12	3.6667e-16	-1.1922e-17
1.682e+12	1.8405e-16	1.7249e-18
1.8022e+12	-3.2015e-16	3.9295e-17
1.9223e+12	1.5439e-16	5.992e-18
2.0425e+12	3.4649e-16	-6.6799e-18
2.1626e+12	-1.269e-16	4.3489e-17
2.2827e+12	1.1407e-16	3.2823e-17
2.4029e+12	4.3589e-16	-8.0045e-18
2.523e+12	-3.4742e-17	3.3366e-17
2.6432e+12	-2.9297e-17	5.5395e-17
2.7633e+12	4.6372e-16	5.0171e-19
2.8835e+12	2.3503e-16	1.6349e-17
3.0036e+12	4.9115e-17	7.8356e-17
3.1237e+12	3.8191e-16	3.6738e-17
3.2439e+12	2.4926e-16	3.6741e-18
3.364e+12	3.1396e-16	8.444e-17
3.4842e+12	1.0981e-15	1.0278e-16
3.6043e+12	1.052e-15	3.7193e-17
3.7245e+12	8.2064e-16	8.6691e-17
3.8446e+12	2.1537e-15	1.7551e-16
3.9648e+12	2.8029e-15	1.3006e-16
4.0849e+12	1.5992e-15	1.0999e-16
4.205e+12	3.5258e-15	2.921e-16
4.3252e+12	1.2991e-14	6.9192e-16
4.4453e+12	2.8301e-14	1.3999e-15
4.5655e+12	4.1372e-14	2.1314e-15
4.6856e+12	3.9909e-14	2.0584e-15
4.8058e+12	2.2625e-14	1.128e-15
4.9259e+12	8.1649e-15	4.5716e-16
5.0461e+12	8.1873e-15	5.0205e-16
5.1662e+12	8.657e-15	4.6602e-16
5.2863e+12	1.0568e-15	1.062e-16
5.4065e+12	-7.2501e-16	8.8332e-17
5.5266e+12	5.8049e-15	3.7043e-16
5.6468e+12	5.4587e-15	3.2361e-16
5.7669e+12	4.2996e-16	1.2945e-16
5.8871e+12	3.7103e-15	2.5334e-16
6.0072e+12	8.1431e-15	3.9957e-16
6.1274e+12	4.9748e-15	3.0619e-16
6.2475e+12	5.1833e-15	3.3922e-16
6.3676e+12	1.3691e-14	6.1679e-16
6.4878e+12	2.0526e-14	8.4499e-16
6.6079e+12	2.3964e-14	9.771e-16
6.7281e+12	2.4587e-14	9.7569e-16
6.8482e+12	1.4939e-14	6.4464e-16
6.9684e+12	2.1698e-15	2.7849e-16
7.0885e+12	3.0704e-15	3.2565e-16
7.2087e+12	9.7783e-15	4.8662e-16
7.3288e+12	6.4047e-15	3.7703e-16
7.4489e+12	1.8248e-15	2.9742e-16
7.5691e+12	4.6826e-15	3.8753e-16
7.6892e+12	4.3797e-15	3.2885e-16
7.8094e+12	5.3812e-16	2.3398e-16
7.9295e+12	2.9488e-15	3.5308e-16
8.0497e+12	4.9766e-15	3.8178e-16
8.1698e+12	1.3322e-15	2.707e-16
8.2899e+12	2.8794e-15	4.2757e-16
8.4101e+12	7.6907e-15	6.1168e-16
8.5302e+12	4.5933e-15	4.2426e-16
8.6504e+12	2.5904e-15	3.4723e-16
8.7705e+12	7.4846e-15	5.5242e-16
8.8907e+12	5.38e-15	4.4981e-16
9.0108e+12	2.3874e-15	4.2781e-16
9.131e+12	1.5699e-14	1.1644e-15
9.2511e+12	2.5379e-14	1.6134e-15
9.3712e+12	1.6962e-14	1.2659e-15
9.4914e+12	2.6668e-14	2.0306e-15
9.6115e+12	6.0503e-14	4.0541e-15
9.7317e+12	6.0831e-14	4.177e-15
9.8518e+12	2.2962e-14	1.9744e-15
9.972e+12	1.3577e-14	1.0423e-15
1.0092e+13	3.4076e-14	1.9981e-15
1.0212e+13	2.5339e-14	1.8239e-15
1.0332e+13	1.0012e-14	8.936e-16
1.0453e+13	5.4984e-14	2.345e-15
1.0573e+13	1.2232e-13	5.1848e-15
1.0693e+13	1.2786e-13	5.9341e-15
1.0813e+13	9.355e-14	5.0758e-15
1.0933e+13	9.2771e-14	5.177e-15
1.1053e+13	1.1607e-13	5.7667e-15
1.1173e+13	1.1226e-13	5.2199e-15
1.1294e+13	8.5561e-14	4.0907e-15
1.1414e+13	6.3522e-14	3.2269e-15
1.1534e+13	4.4567e-14	2.2869e-15
1.1654e+13	3.2987e-14	1.7771e-15
1.1774e+13	5.1628e-14	2.8955e-15
1.1894e+13	8.7983e-14	4.7731e-15
1.2014e+13	9.7236e-14	5.1779e-15
1.2135e+13	7.2305e-14	3.9074e-15
1.2255e+13	4.7545e-14	2.6581e-15
1.2375e+13	3.6201e-14	2.0715e-15
1.2495e+13	2.5491e-14	1.5449e-15
1.2615e+13	1.9763e-14	1.2334e-15
1.2735e+13	3.0023e-14	1.6753e-15
1.2855e+13	4.0089e-14	2.1787e-15
1.2976e+13	3.2131e-14	1.8594e-15
1.3096e+13	2.021e-14	1.3214e-15
1.3216e+13	2.2309e-14	1.4405e-15
1.3336e+13	3.0543e-14	1.8235e-15
1.3456e+13	3.2582e-14	1.8695e-15
1.3576e+13	3.0336e-14	1.7631e-15
1.3696e+13	2.6498e-14	1.6487e-15
1.3817e+13	2.0087e-14	1.4113e-15
1.3937e+13	1.5335e-14	1.2827e-15
1.4057e+13	1.6166e-14	1.3937e-15
1.4177e+13	1.8855e-14	1.4266e-15
1.4297e+13	1.8848e-14	1.3786e-15
1.4417e+13	1.644e-14	1.5047e-15
1.4537e+13	1.4836e-14	1.568e-15
1.4658e+13	1.6702e-14	1.3862e-15
1.4778e+13	1.9942e-14	1.3989e-15
1.4898e+13	2.044e-14	1.7578e-15
1.5018e+13	1.982e-14	1.9501e-15
1.5138e+13	2.0423e-14	1.752e-15
1.5258e+13	1.9173e-14	1.5436e-15
1.5378e+13	1.8218e-14	1.7136e-15
1.5499e+13	2.4476e-14	2.2063e-15
1.5619e+13	3.1809e-14	2.4426e-15
1.5739e+13	3.0497e-14	2.0763e-15
1.5859e+13	2.9087e-14	1.7795e-15
1.5979e+13	3.5173e-14	2.1062e-15
1.6099e+13	3.6402e-14	2.3603e-15
1.6219e+13	2.9101e-14	2.1364e-15
1.634e+13	2.7554e-14	2.1588e-15
1.646e+13	2.9051e-14	2.3272e-15
1.658e+13	2.0059e-14	1.803e-15
1.67e+13	1.2966e-14	1.3212e-15
1.682e+13	2.1906e-14	1.8732e-15
1.694e+13	2.7961e-14	2.2647e-15
1.706e+13	1.7387e-14	1.5285e-15
1.7181e+13	1.018e-14	1.0519e-15
1.7301e+13	1.6693e-14	1.5432e-15
1.7421e+13	2.0219e-14	1.7267e-15
1.7541e+13	1.6194e-14	1.3705e-15
1.7661e+13	1.5759e-14	1.4421e-15
1.7781e+13	1.7671e-14	1.6872e-15
1.7901e+13	1.6922e-14	1.5824e-15
1.8022e+13	1.7737e-14	1.6727e-15
1.8142e+13	1.8434e-14	1.9153e-15
1.8262e+13	1.4298e-14	1.6605e-15
1.8382e+13	1.2367e-14	1.4167e-15
1.8502e+13	1.608e-14	1.681e-15
1.8622e+13	1.7662e-14	1.725e-15
1.8742e+13	1.9187e-14	1.5203e-15
1.8863e+13	2.6985e-14	1.8945e-15
1.8983e+13	3.1518e-14	2.4016e-15
1.9103e+13	2.8892e-14	2.3459e-15
1.9223e+13	3.509e-14	2.5137e-15
1.9343e+13	5.0754e-14	3.2191e-15
1.9463e+13	5.5834e-14	3.4242e-15
1.9584e+13	5.24e-14	3.1386e-15
1.9704e+13	5.9222e-14	3.3209e-15
1.9824e+13	6.7889e-14	3.6359e-15
1.9944e+13	5.8679e-14	3.3278e-15
2.0064e+13	4.1624e-14	2.8353e-15
2.0184e+13	3.6045e-14	2.6747e-15
2.0304e+13	3.7388e-14	2.7183e-15
2.0425e+13	3.5409e-14	2.9129e-15
2.0545e+13	3.2815e-14	3.0296e-15
2.0665e+13	3.078e-14	2.7115e-15
2.0785e+13	2.6511e-14	2.4216e-15
2.0905e+13	2.5398e-14	2.6335e-15
2.1025e+13	3.0827e-14	2.7734e-15
2.1145e+13	3.3399e-14	2.5484e-15
2.1266e+13	2.8496e-14	2.5105e-15
2.1386e+13	2.6124e-14	2.6078e-15
2.1506e+13	3.0505e-14	2.4491e-15
2.1626e+13	3.1026e-14	2.4128e-15
2.1746e+13	2.3297e-14	2.6027e-15
2.1866e+13	1.8619e-14	2.4768e-15
2.1986e+13	2.3515e-14	2.2941e-15
2.2107e+13	2.8266e-14	2.5709e-15
2.2227e+13	2.5183e-14	2.778e-15
2.2347e+13	2.169e-14	2.6649e-15
2.2467e+13	2.4785e-14	2.8692e-15
2.2587e+13	2.788e-14	3.1802e-15
2.2707e+13	2.4728e-14	2.9243e-15
2.2827e+13	2.1989e-14	2.6486e-15
2.2948e+13	2.5944e-14	2.9043e-15
2.3068e+13	3.0254e-14	3.1585e-15
2.3188e+13	2.841e-14	3.3102e-15
2.3308e+13	2.576e-14	3.6571e-15
2.3428e+13	2.876e-14	3.6405e-15
2.3548e+13	3.3567e-14	3.2232e-15
2.3668e+13	3.4146e-14	3.4963e-15
2.3789e+13	3.1593e-14	4.19e-15
2.3909e+13	2.9068e-14	3.8831e-15
2.4029e+13	2.7456e-14	3.0395e-15
2.4149e+13	2.9389e-14	3.157e-15
2.4269e+13	3.6487e-14	3.9498e-15
2.4389e+13	4.2513e-14	4.3966e-15
2.4509e+13	4.1395e-14	4.4859e-15
2.463e+13	3.81e-14	4.3236e-15
2.475e+13	3.9536e-14	3.9893e-15
2.487e+13	4.3609e-14	4.1779e-15
2.499e+13	4.6954e-14	4.8838e-15
2.511e+13	4.9585e-14	5.0263e-15
2.523e+13	4.805e-14	4.5834e-15
2.535e+13	4.2154e-14	4.6733e-15
2.5471e+13	4.2964e-14	5.3496e-15
2.5591e+13	5.3693e-14	5.7183e-15
2.5711e+13	5.9599e-14	5.5763e-15
2.5831e+13	5.6085e-14	5.2597e-15
2.5951e+13	5.7825e-14	5.0255e-15
2.6071e+13	6.584e-14	5.3182e-15
2.6191e+13	6.4652e-14	6.3866e-15
2.6312e+13	5.8244e-14	7.4949e-15
2.6432e+13	6.408e-14	7.5415e-15
2.6552e+13	7.4937e-14	6.6379e-15
2.6672e+13	7.1244e-14	6.3516e-15
2.6792e+13	5.8879e-14	7.5522e-15
2.6912e+13	5.6375e-14	8.7334e-15
2.7032e+13	6.3009e-14	8.364e-15
2.7153e+13	6.6986e-14	7.6935e-15
2.7273e+13	6.5286e-14	8.2697e-15
2.7393e+13	6.1163e-14	8.81e-15
2.7513e+13	5.8839e-14	8.125e-15
2.7633e+13	6.261e-14	7.9506e-15
2.7753e+13	7.0761e-14	9.4188e-15
2.7873e+13	7.6578e-14	1.0664e-14
2.7994e+13	7.7099e-14	1.0428e-14
2.8114e+13	7.192e-14	9.9627e-15
2.8234e+13	6.0892e-14	1.036e-14
2.8354e+13	5.0808e-14	1.1302e-14
2.8474e+13	5.0465e-14	1.2005e-14
2.8594e+13	5.5587e-14	1.165e-14
2.8714e+13	5.4674e-14	1.0489e-14
2.8835e+13	4.7767e-14	1.0288e-14
2.8955e+13	4.4231e-14	1.1678e-14
2.9075e+13	4.658e-14	1.3056e-14
2.9195e+13	4.7636e-14	1.352e-14
2.9315e+13	4.1261e-14	1.3821e-14
2.9435e+13	3.1756e-14	1.4093e-14
2.9555e+13	2.9478e-14	1.3986e-14
2.9676e+13	3.4196e-14	1.419e-14
2.9796e+13	3.3413e-14	1.5192e-14
2.9916e+13	2.4798e-14	1.6041e-14
3.0036e+13	2.1644e-14	1.5802e-14
3.0156e+13	2.69e-14	1.512e-14
3.0276e+13	2.692e-14	1.5945e-14
3.0396e+13	1.8906e-14	1.9254e-14
3.0517e+13	1.6259e-14	2.2789e-14
3.0637e+13	2.1897e-14	2.3896e-14
3.0757e+13	2.382e-14	2.4549e-14
3.0877e+13	1.8362e-14	2.7853e-14
3.0997e+13	1.4159e-14	3.0567e-14
3.1117e+13	1.4581e-14	2.7429e-14
3.1237e+13	1.4481e-14	2.1225e-14
3.1358e+13	1.2047e-14	1.9207e-14
3.1478e+13	1.107e-14	2.1882e-14
3.1598e+13	1.2645e-14	2.4236e-14
3.1718e+13	1.3079e-14	2.4956e-14
3.1838e+13	1.07e-14	2.6442e-14
3.1958e+13	8.6241e-15	2.8436e-14
3.2078e+13	8.7554e-15	2.8518e-14
3.2199e+13	9.0249e-15	2.7266e-14
3.2319e+13	8.6574e-15	2.7231e-14
3.2439e+13	9.2278e-15	2.7966e-14
3.2559e+13	9.8839e-15	2.7945e-14
3.2679e+13	9.0431e-15	2.9521e-14
3.2799e+13	8.4358e-15	3.4125e-14
3.292e+13	8.7942e-15	3.6151e-14
3.304e+13	7.7095e-15	3.2311e-14
3.316e+13	6.0272e-15	3.0659e-14
3.328e+13	7.0888e-15	3.7184e-14
3.34e+13	9.0183e-15	4.3343e-14
3.352e+13	8.1426e-15	4.0774e-14
3.364e+13	6.4623e-15	3.5517e-14
3.3761e+13	6.726e-15	3.6031e-14
3.3881e+13	7.3017e-15	4.1285e-14
3.4001e+13	7.422e-15	4.6536e-14
3.4121e+13	8.3685e-15	4.7837e-14
3.4241e+13	8.7034e-15	4.3332e-14
3.4361e+13	7.1649e-15	3.8905e-14
3.4481e+13	6.3991e-15	4.1187e-14
3.4602e+13	7.3759e-15	4.385e-14
3.4722e+13	7.3921e-15	3.9658e-14
3.4842e+13	6.4402e-15	3.7075e-14
3.4962e+13	6.9394e-15	4.211e-14
3.5082e+13	7.9694e-15	4.3569e-14
3.5202e+13	7.462e-15	3.7767e-14
3.5322e+13	6.558e-15	3.802e-14
3.5443e+13	6.6362e-15	4.4636e-14
3.5563e+13	6.7908e-15	4.2802e-14
3.5683e+13	6.4424e-15	3.5442e-14
3.5803e+13	6.1981e-15	3.7679e-14
3.5923e+13	6.2883e-15	4.4297e-14
3.6043e+13	6.5616e-15	4.1142e-14
3.6163e+13	6.7274e-15	3.3839e-14
3.6284e+13	6.4339e-15	3.3558e-14
3.6404e+13	6.1415e-15	3.5338e-14
3.6524e+13	6.3628e-15	3.2424e-14
3.6644e+13	6.3527e-15	2.9467e-14
3.6764e+13	5.7818e-15	2.9962e-14
3.6884e+13	5.71e-15	3.0384e-14
3.7004e+13	6.1459e-15	2.9537e-14
3.7125e+13	5.8375e-15	2.9623e-14
3.7245e+13	4.9653e-15	3.0472e-14
3.7365e+13	4.662e-15	3.0011e-14
3.7485e+13	4.8123e-15	2.7229e-14
3.7605e+13	4.8264e-15	2.3645e-14
3.7725e+13	4.7635e-15	2.2749e-14
3.7845e+13	4.7452e-15	2.5283e-14
3.7966e+13	4.9114e-15	2.7749e-14
3.8086e+13	5.2487e-15	2.8252e-14
3.8206e+13	5.0115e-15	2.7768e-14
3.8326e+13	4.1615e-15	2.6074e-14
3.8446e+13	4.0686e-15	2.3931e-14
3.8566e+13	4.8183e-15	2.4294e-14
3.8686e+13	4.8066e-15	2.5795e-14
3.8807e+13	4.031e-15	2.4633e-14
3.8927e+13	3.8456e-15	2.3448e-14
3.9047e+13	4.0268e-15	2.5689e-14
3.9167e+13	3.858e-15	2.693e-14
3.9287e+13	3.8829e-15	2.4408e-14
3.9407e+13	4.0763e-15	2.3579e-14
3.9527e+13	3.6214e-15	2.607e-14
3.9648e+13	3.0702e-15	2.6577e-14
3.9768e+13	3.2712e-15	2.4969e-14
3.9888e+13	3.5365e-15	2.5273e-14
4.0008e+13	3.3872e-15	2.5805e-14
4.0128e+13	3.3844e-15	2.3821e-14
4.0248e+13	3.3701e-15	2.2004e-14
4.0368e+13	2.9574e-15	2.2264e-14
4.0489e+13	2.843e-15	2.293e-14
4.0609e+13	3.247e-15	2.3349e-14
4.0729e+13	3.276e-15	2.3074e-14
4.0849e+13	2.8603e-15	2.1283e-14
4.0969e+13	2.7083e-15	2.0617e-14
4.1089e+13	2.7979e-15	2.3022e-14
4.1209e+13	2.9095e-15	2.4309e-14
4.133e+13	3.1261e-15	2.1964e-14
4.145e+13	3.1217e-15	2.0216e-14
4.157e+13	2.7538e-15	2.0892e-14
4.169e+13	2.6042e-15	2.0825e-14
4.181e+13	2.7318e-15	1.9998e-14
4.193e+13	2.6928e-15	2.0349e-14
4.205e+13	2.769e-15	2.0186e-14
4.2171e+13	3.1074e-15	1.8957e-14
4.2291e+13	3.0166e-15	1.9589e-14
4.2411e+13	2.5867e-15	2.1433e-14
4.2531e+13	2.6398e-15	2.0682e-14
4.2651e+13	2.8318e-15	1.8196e-14
4.2771e+13	2.4842e-15	1.8263e-14
4.2891e+13	2.1887e-15	2.1464e-14
4.3012e+13	2.3765e-15	2.3883e-14
4.3132e+13	2.4057e-15	2.2233e-14
4.3252e+13	2.1969e-15	1.9019e-14
4.3372e+13	2.3081e-15	1.9859e-14
4.3492e+13	2.524e-15	2.3399e-14
4.3612e+13	2.4735e-15	2.2913e-14
4.3732e+13	2.4893e-15	2.0264e-14
4.3853e+13	2.6324e-15	2.2428e-14
4.3973e+13	2.517e-15	2.5409e-14
4.4093e+13	2.3126e-15	2.2501e-14
4.4213e+13	2.3933e-15	2.0228e-14
4.4333e+13	2.5485e-15	2.3886e-14
4.4453e+13	2.4928e-15	2.4572e-14
4.4573e+13	2.3161e-15	1.9409e-14
4.4694e+13	2.1641e-15	1.8889e-14
4.4814e+13	2.1073e-15	2.3328e-14
4.4934e+13	2.1351e-15	2.3071e-14
4.5054e+13	2.1709e-15	2.1526e-14
4.5174e+13	2.2914e-15	2.6208e-14
4.5294e+13	2.4866e-15	2.9481e-14
4.5414e+13	2.4099e-15	2.5237e-14
4.5535e+13	2.0864e-15	2.2357e-14
4.5655e+13	2.0598e-15	2.4572e-14
4.5775e+13	2.2981e-15	2.478e-14
4.5895e+13	2.2817e-15	2.3581e-14
4.6015e+13	2.1479e-15	2.5722e-14
4.6135e+13	2.2538e-15	2.6642e-14
4.6256e+13	2.3405e-15	2.4384e-14
4.6376e+13	2.2748e-15	2.6189e-14
4.6496e+13	2.3474e-15	3.1316e-14
4.6616e+13	2.4479e-15	3.1363e-14
4.6736e+13	2.3496e-15	2.835e-14
4.6856e+13	2.3091e-15	2.898e-14
4.6976e+13	2.3694e-15	3.0133e-14
4.7097e+13	2.2552e-15	2.7995e-14
4.7217e+13	2.1812e-15	2.6446e-14
4.7337e+13	2.3702e-15	2.7337e-14
4.7457e+13	2.4333e-15	2.8208e-14
4.7577e+13	2.2628e-15	2.917e-14
4.7697e+13	2.2422e-15	3.0336e-14
4.7817e+13	2.3143e-15	2.9962e-14
4.7938e+13	2.2471e-15	2.9279e-14
4.8058e+13	2.2136e-15	2.9274e-14
4.8178e+13	2.2199e-15	2.7675e-14
4.8298e+13	2.1517e-15	2.639e-14
4.8418e+13	2.2889e-15	2.9033e-14
4.8538e+13	2.5261e-15	3.0534e-14
4.8658e+13	2.2711e-15	2.6407e-14
4.8779e+13	1.8255e-15	2.4127e-14
4.8899e+13	1.9468e-15	2.845e-14
4.9019e+13	2.3031e-15	3.1629e-14
4.9139e+13	2.3249e-15	3.0083e-14
4.9259e+13	2.2808e-15	2.9903e-14
4.9379e+13	2.2628e-15	3.1917e-14
4.9499e+13	2.1033e-15	3.197e-14
4.962e+13	2.2434e-15	3.1241e-14
4.974e+13	2.6785e-15	3.1044e-14
4.986e+13	2.5547e-15	2.909e-14
4.998e+13	2.048e-15	2.6948e-14
5.01e+13	2.033e-15	2.6782e-14
5.022e+13	2.0653e-15	2.5501e-14
5.034e+13	1.6491e-15	2.3872e-14
5.0461e+13	1.6755e-15	2.6487e-14
5.0581e+13	2.1991e-15	2.8383e-14
5.0701e+13	1.9972e-15	2.3564e-14
5.0821e+13	1.4087e-15	2.059e-14
5.0941e+13	1.6913e-15	2.5724e-14
5.1061e+13	2.1891e-15	2.8011e-14
5.1181e+13	1.8815e-15	2.2291e-14
5.1302e+13	1.5971e-15	2.042e-14
5.1422e+13	1.9326e-15	2.5166e-14
5.1542e+13	2.018e-15	2.4737e-14
5.1662e+13	1.6321e-15	1.8984e-14
5.1782e+13	1.4744e-15	1.8972e-14
5.1902e+13	1.5325e-15	2.3375e-14
5.2022e+13	1.4917e-15	2.3287e-14
5.2143e+13	1.5426e-15	2.1158e-14
5.2263e+13	1.6788e-15	2.3511e-14
5.2383e+13	1.6722e-15	2.6948e-14
5.2503e+13	1.6193e-15	2.5559e-14
5.2623e+13	1.5288e-15	2.1393e-14
5.2743e+13	1.3303e-15	1.9733e-14
5.2863e+13	1.3178e-15	2.0932e-14
5.2984e+13	1.4738e-15	2.0983e-14
5.3104e+13	1.3358e-15	1.818e-14
5.3224e+13	1.1146e-15	1.6016e-14
5.3344e+13	1.2936e-15	1.7167e-14
5.3464e+13	1.4776e-15	1.9035e-14
5.3584e+13	1.3226e-15	1.9465e-14
5.3704e+13	1.2868e-15	1.9974e-14
5.3825e+13	1.3844e-15	2.0097e-14
5.3945e+13	1.1371e-15	1.7801e-14
5.4065e+13	8.5877e-16	1.5649e-14
5.4185e+13	1.0329e-15	1.656e-14
5.4305e+13	1.2766e-15	1.7528e-14
5.4425e+13	1.2504e-15	1.6106e-14
5.4545e+13	1.16e-15	1.5098e-14
5.4666e+13	1.0384e-15	1.5481e-14
5.4786e+13	9.1649e-16	1.4815e-14
5.4906e+13	1.0204e-15	1.3771e-14
5.5026e+13	1.1066e-15	1.4398e-14
5.5146e+13	9.2342e-16	1.4935e-14
5.5266e+13	9.2851e-16	1.3684e-14
5.5386e+13	1.1942e-15	1.2432e-14
5.5507e+13	1.0821e-15	1.2399e-14
5.5627e+13	7.5029e-16	1.2748e-14
5.5747e+13	8.4591e-16	1.2942e-14
5.5867e+13	1.0093e-15	1.2597e-14
5.5987e+13	8.2048e-16	1.1742e-14
5.6107e+13	8.0382e-16	1.1695e-14
5.6227e+13	1.0258e-15	1.2335e-14
5.6348e+13	8.9079e-16	1.1768e-14
5.6468e+13	6.5296e-16	1.0568e-14
5.6588e+13	8.0224e-16	1.0487e-14
5.6708e+13	8.7847e-16	1.0214e-14
5.6828e+13	6.7341e-16	8.8296e-15
5.6948e+13	7.3225e-16	8.5987e-15
5.7068e+13	9.3521e-16	9.6739e-15
5.7189e+13	8.017e-16	9.6116e-15
5.7309e+13	7.0273e-16	9.0947e-15
5.7429e+13	8.9502e-16	9.6204e-15
5.7549e+13	8.6588e-16	9.1721e-15
5.7669e+13	6.3978e-16	7.4854e-15
5.7789e+13	7.3191e-16	7.836e-15
5.7909e+13	8.9757e-16	9.5193e-15
5.803e+13	7.7576e-16	8.8519e-15
5.815e+13	7.2175e-16	7.3653e-15
5.827e+13	8.3792e-16	8.3316e-15
5.839e+13	7.6019e-16	9.6534e-15
5.851e+13	6.2772e-16	9.0224e-15
5.863e+13	7.0971e-16	8.591e-15
5.8751e+13	7.196e-16	9.1438e-15
5.8871e+13	5.5824e-16	8.4815e-15
5.8991e+13	5.6422e-16	7.089e-15
5.9111e+13	6.9226e-16	7.1741e-15
5.9231e+13	6.6005e-16	7.8493e-15
5.9351e+13	5.8493e-16	7.4676e-15
5.9471e+13	6.3176e-16	7.0137e-15
5.9592e+13	7.0421e-16	7.4617e-15
5.9712e+13	7.3772e-16	7.7461e-15
5.9832e+13	6.873e-16	6.9864e-15
5.9952e+13	5.2451e-16	5.9054e-15
6.0072e+13	4.603e-16	5.5729e-15
6.0192e+13	5.9184e-16	5.9045e-15
6.0312e+13	6.5383e-16	5.9618e-15
6.0433e+13	6.003e-16	5.8636e-15
6.0553e+13	6.5174e-16	6.6152e-15
6.0673e+13	6.8868e-16	7.474e-15
6.0793e+13	5.54e-16	6.8509e-15
6.0913e+13	5.0767e-16	5.7543e-15
6.1033e+13	6.1745e-16	5.9112e-15
6.1153e+13	5.8562e-16	6.217e-15
6.1274e+13	4.7222e-16	5.55e-15
6.1394e+13	5.3e-16	5.3253e-15
6.1514e+13	5.9279e-16	5.8605e-15
6.1634e+13	5.1884e-16	5.5658e-15
6.1754e+13	5.2129e-16	4.9488e-15
6.1874e+13	6.0373e-16	5.5048e-15
6.1994e+13	5.6548e-16	6.0778e-15
6.2115e+13	4.9838e-16	5.5264e-15
6.2235e+13	5.2581e-16	5.2126e-15
6.2355e+13	5.267e-16	5.5301e-15
6.2475e+13	4.8379e-16	5.1601e-15
6.2595e+13	4.8569e-16	4.5751e-15
6.2715e+13	4.7607e-16	4.9752e-15
6.2835e+13	4.5931e-16	5.4064e-15
6.2956e+13	5.2161e-16	5.0933e-15
6.3076e+13	5.6307e-16	5.1599e-15
6.3196e+13	5.1839e-16	5.745e-15
6.3316e+13	5.1504e-16	5.6026e-15
6.3436e+13	5.2213e-16	4.8986e-15
6.3556e+13	4.4535e-16	4.7295e-15
6.3676e+13	4.4696e-16	5.0399e-15
6.3797e+13	5.6039e-16	5.2923e-15
6.3917e+13	5.4483e-16	5.3438e-15
6.4037e+13	4.5307e-16	5.0909e-15
6.4157e+13	5.1294e-16	4.8534e-15
6.4277e+13	5.7319e-16	5.1979e-15
6.4397e+13	4.903e-16	5.704e-15
6.4517e+13	4.8212e-16	5.6611e-15
6.4638e+13	5.7441e-16	5.4599e-15
6.4758e+13	5.4749e-16	5.4861e-15
6.4878e+13	4.7149e-16	5.225e-15
6.4998e+13	4.8011e-16	4.713e-15
6.5118e+13	4.5774e-16	4.7143e-15
6.5238e+13	4.2816e-16	5.0544e-15
6.5358e+13	5.1371e-16	4.9455e-15
6.5479e+13	5.4894e-16	4.5737e-15
6.5599e+13	4.5744e-16	4.5752e-15
6.5719e+13	4.6179e-16	4.7741e-15
6.5839e+13	5.2533e-16	4.7183e-15
6.5959e+13	4.4818e-16	4.6078e-15
6.6079e+13	3.9695e-16	4.7969e-15
6.6199e+13	4.8814e-16	4.9859e-15
6.632e+13	4.7388e-16	4.6865e-15
6.644e+13	3.5684e-16	4.1514e-15
6.656e+13	3.8263e-16	3.9621e-15
6.668e+13	4.4493e-16	4.0303e-15
6.68e+13	4.0935e-16	4.0463e-15
6.692e+13	4.5737e-16	4.2007e-15
6.704e+13	5.4736e-16	4.422e-15
6.7161e+13	4.5842e-16	4.2434e-15
6.7281e+13	3.7354e-16	4.0733e-15
6.7401e+13	4.7088e-16	4.589e-15
6.7521e+13	5.029e-16	5.0344e-15
6.7641e+13	4.1898e-16	4.5555e-15
6.7761e+13	4.59e-16	4.0502e-15
6.7881e+13	5.233e-16	4.3785e-15
6.8002e+13	4.4547e-16	4.7966e-15
6.8122e+13	4.279e-16	4.7206e-15
6.8242e+13	5.0571e-16	4.5384e-15
6.8362e+13	4.4692e-16	4.3417e-15
6.8482e+13	3.608e-16	4.1307e-15
6.8602e+13	4.3752e-16	4.31e-15
6.8722e+13	4.7351e-16	4.6176e-15
6.8843e+13	3.8787e-16	4.4445e-15
6.8963e+13	4.0752e-16	4.1796e-15
6.9083e+13	4.7925e-16	4.1992e-15
6.9203e+13	4.2251e-16	4.0379e-15
6.9323e+13	3.9426e-16	3.8714e-15
6.9443e+13	4.7256e-16	4.2117e-15
6.9563e+13	4.5104e-16	4.2965e-15
6.9684e+13	3.5724e-16	3.7379e-15
6.9804e+13	3.7404e-16	3.804e-15
6.9924e+13	4.1266e-16	4.6175e-15
7.0044e+13	3.904e-16	4.5645e-15
7.0164e+13	4.0944e-16	3.7012e-15
7.0284e+13	4.2515e-16	3.5513e-15
7.0404e+13	3.6646e-16	3.9456e-15
7.0525e+13	3.7032e-16	3.9368e-15
7.0645e+13	4.3779e-16	3.8826e-15
7.0765e+13	4.0792e-16	3.9963e-15
7.0885e+13	3.6676e-16	3.7646e-15
7.1005e+13	4.3519e-16	3.621e-15
7.1125e+13	4.6189e-16	4.1586e-15
7.1245e+13	4.03e-16	4.6382e-15
7.1366e+13	4.1029e-16	4.5373e-15
7.1486e+13	4.2666e-16	4.3973e-15
7.1606e+13	3.4865e-16	4.2527e-15
7.1726e+13	3.1399e-16	3.7769e-15
7.1846e+13	3.6267e-16	3.4314e-15
7.1966e+13	3.5508e-16	3.4981e-15
7.2087e+13	3.3198e-16	3.5485e-15
7.2207e+13	3.7548e-16	3.5679e-15
7.2327e+13	3.8353e-16	3.7317e-15
7.2447e+13	3.562e-16	3.7849e-15
7.2567e+13	3.9539e-16	3.9315e-15
7.2687e+13	4.1412e-16	4.514e-15
7.2807e+13	3.6321e-16	4.7379e-15
7.2928e+13	3.7791e-16	4.0191e-15
7.3048e+13	4.1794e-16	3.3806e-15
7.3168e+13	3.6171e-16	3.5874e-15
7.3288e+13	3.5101e-16	4.0207e-15
7.3408e+13	4.498e-16	4.2521e-15
7.3528e+13	4.5463e-16	4.3936e-15
7.3648e+13	3.8197e-16	4.3072e-15
7.3769e+13	4.1779e-16	4.1406e-15
7.3889e+13	4.52e-16	4.2286e-15
7.4009e+13	3.7374e-16	4.1701e-15
7.4129e+13	3.5889e-16	3.8231e-15
7.4249e+13	4.2221e-16	3.9402e-15
7.4369e+13	3.9541e-16	4.4103e-15
7.4489e+13	3.6323e-16	4.348e-15
7.461e+13	4.2103e-16	4.1371e-15
7.473e+13	4.133e-16	4.3866e-15
7.485e+13	3.4518e-16	4.238e-15
7.497e+13	3.7714e-16	3.4216e-15
7.509e+13	4.1287e-16	3.2865e-15
7.521e+13	3.6728e-16	4.084e-15
7.533e+13	3.9462e-16	4.5013e-15
7.5451e+13	4.427e-16	4.1521e-15
7.5571e+13	3.3256e-16	3.6729e-15
7.5691e+13	2.5377e-16	3.4577e-15
7.5811e+13	3.7668e-16	3.8197e-15
7.5931e+13	4.4381e-16	4.4655e-15
7.6051e+13	3.3995e-16	4.2034e-15
7.6171e+13	3.0367e-16	3.1759e-15
7.6292e+13	3.6359e-16	3.0714e-15
7.6412e+13	3.6368e-16	3.8503e-15
7.6532e+13	3.4721e-16	3.8845e-15
7.6652e+13	3.5194e-16	3.3308e-15
7.6772e+13	3.1115e-16	3.4081e-15
7.6892e+13	3.084e-16	3.7616e-15
7.7012e+13	3.8425e-16	3.7349e-15
7.7133e+13	3.7338e-16	3.7312e-15
7.7253e+13	2.9612e-16	3.7496e-15
7.7373e+13	3.3222e-16	3.5144e-15
7.7493e+13	3.895e-16	3.5859e-15
7.7613e+13	3.3334e-16	3.8484e-15
7.7733e+13	2.9823e-16	3.2983e-15
7.7853e+13	3.3724e-16	2.6579e-15
7.7974e+13	3.3828e-16	3.4156e-15
7.8094e+13	3.4648e-16	4.4712e-15
7.8214e+13	3.9281e-16	4.0403e-15
7.8334e+13	3.4553e-16	3.2139e-15
7.8454e+13	2.7157e-16	3.6398e-15
7.8574e+13	3.3496e-16	4.3901e-15
7.8694e+13	3.921e-16	4.1954e-15
7.8815e+13	3.2815e-16	3.7462e-15
7.8935e+13	3.2913e-16	3.9124e-15
7.9055e+13	3.9985e-16	4.2888e-15
7.9175e+13	3.4918e-16	4.2214e-15
7.9295e+13	2.838e-16	3.6729e-15
7.9415e+13	3.5222e-16	3.2275e-15
7.9535e+13	3.8702e-16	3.6206e-15
7.9656e+13	3.3562e-16	4.6219e-15
7.9776e+13	3.6553e-16	5.0449e-15
7.9896e+13	4.1142e-16	4.5408e-15
8.0016e+13	3.5128e-16	4.033e-15
8.0136e+13	3.2773e-16	3.9847e-15
8.0256e+13	3.7058e-16	3.9218e-15
8.0376e+13	3.2337e-16	3.7258e-15
8.0497e+13	2.7432e-16	3.7639e-15
8.0617e+13	3.4986e-16	3.9412e-15
8.0737e+13	3.8426e-16	3.9254e-15
8.0857e+13	3.2824e-16	3.8756e-15
8.0977e+13	3.5449e-16	3.9966e-15
8.1097e+13	3.9473e-16	3.994e-15
8.1217e+13	3.1292e-16	3.7133e-15
8.1338e+13	2.7574e-16	3.5875e-15
8.1458e+13	3.5492e-16	3.8057e-15
8.1578e+13	3.5617e-16	3.8862e-15
8.1698e+13	2.991e-16	3.6486e-15
8.1818e+13	3.4604e-16	3.639e-15
8.1938e+13	3.9919e-16	4.1215e-15
8.2058e+13	3.685e-16	4.6632e-15
8.2179e+13	3.7245e-16	4.8717e-15
8.2299e+13	3.9088e-16	4.6174e-15
8.2419e+13	3.2195e-16	3.9383e-15
8.2539e+13	2.8027e-16	3.4471e-15
8.2659e+13	3.2947e-16	3.7941e-15
8.2779e+13	3.3654e-16	4.4061e-15
8.2899e+13	3.1463e-16	4.3425e-15
8.302e+13	3.5463e-16	4.0724e-15
8.314e+13	3.5719e-16	4.4291e-15
8.326e+13	3.0698e-16	4.8116e-15
8.338e+13	3.6087e-16	4.5037e-15
8.35e+13	4.4858e-16	4.2104e-15
8.362e+13	3.9181e-16	4.4571e-15
8.374e+13	3.0452e-16	4.4172e-15
8.3861e+13	3.2243e-16	3.7648e-15
8.3981e+13	3.3542e-16	3.6112e-15
8.4101e+13	3.136e-16	4.4924e-15
8.4221e+13	3.5594e-16	5.2836e-15
8.4341e+13	3.952e-16	5.0604e-15
8.4461e+13	3.5665e-16	4.5727e-15
8.4581e+13	3.551e-16	4.8494e-15
8.4702e+13	4.2272e-16	5.4749e-15
8.4822e+13	4.4554e-16	5.5969e-15
8.4942e+13	4.2511e-16	5.5844e-15
8.5062e+13	4.1462e-16	5.891e-15
8.5182e+13	3.7152e-16	5.6452e-15
8.5302e+13	3.19e-16	4.5922e-15
8.5423e+13	3.5323e-16	4.4288e-15
8.5543e+13	4.3449e-16	5.7864e-15
8.5663e+13	4.5452e-16	6.6376e-15
8.5783e+13	4.1375e-16	5.8704e-15
8.5903e+13	3.6867e-16	5.0184e-15
8.6023e+13	3.5432e-16	4.991e-15
8.6143e+13	3.8081e-16	4.984e-15
8.6264e+13	4.2386e-16	5.1212e-15
8.6384e+13	4.7462e-16	6.1682e-15
8.6504e+13	5.261e-16	7.0284e-15
8.6624e+13	4.8706e-16	6.1899e-15
8.6744e+13	3.4315e-16	4.6571e-15
8.6864e+13	2.8519e-16	4.4458e-15
8.6984e+13	3.7277e-16	5.3603e-15
8.7105e+13	3.9991e-16	5.655e-15
8.7225e+13	3.3813e-16	5.0607e-15
8.7345e+13	3.816e-16	5.0473e-15
8.7465e+13	4.8182e-16	6.0547e-15
8.7585e+13	4.5486e-16	6.6251e-15
8.7705e+13	3.899e-16	6.2287e-15
8.7825e+13	4.1479e-16	6.2967e-15
8.7946e+13	4.294e-16	6.939e-15
8.8066e+13	3.8518e-16	6.2368e-15
8.8186e+13	3.6518e-16	4.426e-15
8.8306e+13	3.7389e-16	4.2741e-15
8.8426e+13	4.2461e-16	6.152e-15
8.8546e+13	5.5591e-16	7.6131e-15
8.8666e+13	6.186e-16	7.7694e-15
8.8787e+13	4.9953e-16	7.4332e-15
8.8907e+13	3.9163e-16	6.5784e-15
8.9027e+13	4.0679e-16	5.4219e-15
8.9147e+13	3.8123e-16	5.1635e-15
8.9267e+13	3.1355e-16	5.6737e-15
8.9387e+13	3.6154e-16	5.9036e-15
8.9507e+13	4.3702e-16	6.2425e-15
8.9628e+13	4.1345e-16	7.103e-15
8.9748e+13	4.1432e-16	7.5273e-15
8.9868e+13	4.888e-16	7.4628e-15
8.9988e+13	5.1072e-16	7.8116e-15
9.0108e+13	5.0157e-16	8.0183e-15
9.0228e+13	5.3389e-16	7.5095e-15
9.0348e+13	5.1785e-16	7.3302e-15
9.0469e+13	4.3955e-16	7.3211e-15
9.0589e+13	4.11e-16	6.0575e-15
9.0709e+13	4.0957e-16	4.8099e-15
9.0829e+13	3.8949e-16	5.7637e-15
9.0949e+13	4.2542e-16	7.3229e-15
9.1069e+13	4.7275e-16	7.0977e-15
9.1189e+13	4.1818e-16	6.3289e-15
9.131e+13	3.7636e-16	6.561e-15
9.143e+13	4.5289e-16	6.7045e-15
9.155e+13	4.844e-16	6.1851e-15
9.167e+13	3.9375e-16	5.973e-15
9.179e+13	3.5091e-16	6.1806e-15
9.191e+13	4.0772e-16	6.5069e-15
9.203e+13	4.4089e-16	6.983e-15
9.2151e+13	4.1214e-16	6.7179e-15
9.2271e+13	3.675e-16	5.5703e-15
9.2391e+13	3.5604e-16	5.6369e-15
9.2511e+13	4.0796e-16	7.0396e-15
9.2631e+13	4.2929e-16	6.7464e-15
9.2751e+13	3.2921e-16	4.8046e-15
9.2871e+13	2.5866e-16	4.7993e-15
9.2992e+13	3.378e-16	6.5786e-15
9.3112e+13	3.8268e-16	6.6483e-15
9.3232e+13	2.9902e-16	5.2419e-15
9.3352e+13	2.7607e-16	5.1932e-15
9.3472e+13	3.4495e-16	6.1997e-15
9.3592e+13	3.4528e-16	6.3095e-15
9.3712e+13	3.1405e-16	5.5979e-15
9.3833e+13	3.4286e-16	4.9671e-15
9.3953e+13	3.4084e-16	4.8901e-15
9.4073e+13	3.0948e-16	5.7954e-15
9.4193e+13	3.7236e-16	6.9847e-15
9.4313e+13	4.4663e-16	7.0539e-15
9.4433e+13	3.9438e-16	6.3232e-15
9.4553e+13	3.0737e-16	5.7624e-15
9.4674e+13	2.7745e-16	4.8935e-15
9.4794e+13	2.5899e-16	3.9196e-15
9.4914e+13	2.688e-16	4.4444e-15
9.5034e+13	3.2438e-16	5.8991e-15
9.5154e+13	3.3341e-16	5.9459e-15
9.5274e+13	2.9354e-16	4.7716e-15
9.5394e+13	2.8223e-16	4.1959e-15
9.5515e+13	2.6404e-16	4.2912e-15
9.5635e+13	2.4321e-16	4.6575e-15
9.5755e+13	3.1338e-16	5.5136e-15
9.5875e+13	3.721e-16	5.7144e-15
9.5995e+13	2.7632e-16	4.3076e-15
9.6115e+13	1.9884e-16	3.4509e-15
9.6235e+13	2.9112e-16	4.8679e-15
9.6356e+13	3.562e-16	6.2344e-15
9.6476e+13	2.8478e-16	5.5402e-15
9.6596e+13	2.5486e-16	4.6756e-15
9.6716e+13	2.9844e-16	5.1814e-15
9.6836e+13	2.7728e-16	5.3906e-15
9.6956e+13	2.3001e-16	4.2547e-15
9.7076e+13	2.4993e-16	3.4652e-15
9.7197e+13	2.7521e-16	4.1792e-15
9.7317e+13	2.6678e-16	5.0941e-15
9.7437e+13	2.6454e-16	4.8467e-15
9.7557e+13	2.5122e-16	4.0659e-15
9.7677e+13	2.2291e-16	3.977e-15
9.7797e+13	2.2843e-16	4.3195e-15
9.7918e+13	2.4416e-16	4.1377e-15
9.8038e+13	2.3115e-16	3.7066e-15
9.8158e+13	2.2179e-16	3.699e-15
9.8278e+13	2.0897e-16	3.5669e-15
9.8398e+13	1.7142e-16	2.9717e-15
9.8518e+13	1.7794e-16	2.9804e-15
9.8638e+13	2.3319e-16	3.7531e-15
9.8759e+13	2.3245e-16	3.743e-15
9.8879e+13	1.9178e-16	2.7244e-15
9.8999e+13	2.0272e-16	2.3354e-15
9.9119e+13	2.2089e-16	2.961e-15
9.9239e+13	2.0121e-16	3.3779e-15
9.9359e+13	2.0258e-16	3.2104e-15
9.9479e+13	2.0721e-16	3.0604e-15
9.96e+13	1.7052e-16	3.1146e-15
9.972e+13	1.7167e-16	3.1475e-15
9.984e+13	2.1805e-16	2.9475e-15
9.996e+13	1.991e-16	2.606e-15
1.0008e+14	1.6072e-16	2.7328e-15
1.002e+14	2.0105e-16	3.3425e-15
1.0032e+14	2.1674e-16	3.3465e-15
1.0044e+14	1.5513e-16	2.7172e-15
1.0056e+14	1.5507e-16	2.8219e-15
1.0068e+14	2.0404e-16	3.3272e-15
1.008e+14	1.6659e-16	2.6078e-15
1.0092e+14	1.2532e-16	1.5438e-15
1.0104e+14	1.8219e-16	2.0896e-15
1.0116e+14	2.0899e-16	3.1607e-15
1.0128e+14	1.5519e-16	2.8916e-15
1.014e+14	1.4762e-16	2.3718e-15
1.0152e+14	1.7575e-16	2.8812e-15
1.0164e+14	1.5443e-16	3.1757e-15
1.0176e+14	1.4543e-16	2.4481e-15
1.0188e+14	1.742e-16	1.8573e-15
1.02e+14	1.6152e-16	1.8935e-15
1.0212e+14	1.4174e-16	1.9085e-15
1.0224e+14	1.7191e-16	1.872e-15
1.0236e+14	1.7383e-16	1.9809e-15
1.0248e+14	1.3617e-16	1.9387e-15
1.026e+14	1.4486e-16	1.781e-15
1.0272e+14	1.5668e-16	1.7614e-15
1.0284e+14	1.1526e-16	1.7118e-15
1.0296e+14	1.1189e-16	1.6804e-15
1.0308e+14	1.5813e-16	1.9154e-15
1.032e+14	1.4746e-16	2.0416e-15
1.0332e+14	1.1347e-16	1.8356e-15
1.0344e+14	1.3506e-16	1.8323e-15
1.0356e+14	1.4169e-16	1.9947e-15
1.0368e+14	1.0818e-16	1.7059e-15
1.038e+14	1.2246e-16	1.3554e-15
1.0392e+14	1.5716e-16	1.6285e-15
1.0404e+14	1.3792e-16	1.9902e-15
1.0416e+14	1.2507e-16	1.8797e-15
1.0429e+14	1.5161e-16	1.776e-15
1.0441e+14	1.4935e-16	1.8901e-15
1.0453e+14	1.3257e-16	1.8174e-15
1.0465e+14	1.4825e-16	1.6469e-15
1.0477e+14	1.4654e-16	1.6585e-15
1.0489e+14	1.1939e-16	1.6828e-15
1.0501e+14	1.258e-16	1.7101e-15
1.0513e+14	1.3595e-16	1.8385e-15
1.0525e+14	1.1669e-16	1.7547e-15
1.0537e+14	1.2404e-16	1.5089e-15
1.0549e+14	1.4256e-16	1.6332e-15
1.0561e+14	1.107e-16	1.8489e-15
1.0573e+14	9.3379e-17	1.5338e-15
1.0585e+14	1.3386e-16	1.1947e-15
1.0597e+14	1.3783e-16	1.4226e-15
1.0609e+14	9.8392e-17	1.607e-15
1.0621e+14	1.0731e-16	1.342e-15
1.0633e+14	1.3038e-16	1.2031e-15
1.0645e+14	1.0854e-16	1.2844e-15
1.0657e+14	1.0402e-16	1.1357e-15
1.0669e+14	1.2485e-16	1.0434e-15
1.0681e+14	1.076e-16	1.3999e-15
1.0693e+14	9.9128e-17	1.6837e-15
1.0705e+14	1.3877e-16	1.4818e-15
1.0717e+14	1.3925e-16	1.2286e-15
1.0729e+14	9.5678e-17	1.2345e-15
1.0741e+14	9.9956e-17	1.2727e-15
1.0753e+14	1.2231e-16	1.2222e-15
1.0765e+14	1.0606e-16	1.1942e-15
1.0777e+14	1.0899e-16	1.2333e-15
1.0789e+14	1.314e-16	1.2586e-15
1.0801e+14	1.0462e-16	1.1265e-15
1.0813e+14	7.9835e-17	9.0755e-16
1.0825e+14	1.1012e-16	9.4809e-16
1.0837e+14	1.1577e-16	1.2231e-15
1.0849e+14	8.43e-17	1.2472e-15
1.0861e+14	9.7714e-17	1.0226e-15
1.0873e+14	1.219e-16	1.0219e-15
1.0885e+14	9.629e-17	1.149e-15
1.0897e+14	8.4498e-17	1.0096e-15
1.0909e+14	1.0783e-16	8.5047e-16
1.0921e+14	1.0176e-16	9.9236e-16
1.0933e+14	8.873e-17	1.1069e-15
1.0945e+14	1.0736e-16	9.6765e-16
1.0957e+14	1.043e-16	8.9398e-16
1.0969e+14	8.2113e-17	1.0031e-15
1.0981e+14	9.8318e-17	1.0497e-15
1.0993e+14	1.0858e-16	1.0036e-15
1.1005e+14	7.8301e-17	9.8842e-16
1.1017e+14	7.748e-17	9.589e-16
1.1029e+14	9.9992e-17	8.7246e-16
1.1041e+14	7.7839e-17	7.8621e-16
1.1053e+14	6.3172e-17	7.2718e-16
1.1065e+14	1.0138e-16	7.4463e-16
1.1077e+14	1.1364e-16	8.7244e-16
1.1089e+14	9.0647e-17	9.8503e-16
1.1101e+14	1.0179e-16	9.8888e-16
1.1113e+14	1.1072e-16	9.6795e-16
1.1125e+14	8.1335e-17	9.3802e-16
1.1137e+14	8.2301e-17	8.2905e-16
1.1149e+14	1.0477e-16	7.4203e-16
1.1161e+14	7.9826e-17	8.068e-16
1.1173e+14	6.5298e-17	9.0995e-16
1.1185e+14	1.0463e-16	8.8554e-16
1.1197e+14	1.0663e-16	7.7245e-16
1.1209e+14	6.6644e-17	7.1497e-16
1.1221e+14	7.7211e-17	7.6786e-16
1.1233e+14	1.0243e-16	8.3235e-16
1.1245e+14	7.9631e-17	7.737e-16
1.1258e+14	7.1666e-17	6.3835e-16
1.127e+14	9.2899e-17	5.9645e-16
1.1282e+14	8.0147e-17	6.5501e-16
1.1294e+14	7.0884e-17	6.919e-16
1.1306e+14	1.0345e-16	6.9672e-16
1.1318e+14	1.0316e-16	7.1927e-16
1.133e+14	6.7988e-17	7.4442e-16
1.1342e+14	7.5176e-17	7.5513e-16
1.1354e+14	8.7084e-17	7.3946e-16
1.1366e+14	5.8155e-17	6.8978e-16
1.1378e+14	5.9229e-17	6.846e-16
1.139e+14	9.163e-17	7.5278e-16
1.1402e+14	7.8165e-17	7.6004e-16
1.1414e+14	5.8846e-17	6.9127e-16
1.1426e+14	8.3677e-17	6.9646e-16
1.1438e+14	8.4767e-17	7.1305e-16
1.145e+14	5.9766e-17	6.0227e-16
1.1462e+14	7.9474e-17	5.4768e-16
1.1474e+14	9.6218e-17	6.7766e-16
1.1486e+14	6.2922e-17	7.2166e-16
1.1498e+14	6.0407e-17	5.7781e-16
1.151e+14	9.3099e-17	5.2445e-16
1.1522e+14	7.7139e-17	6.1059e-16
1.1534e+14	5.6312e-17	6.4981e-16
1.1546e+14	8.6917e-17	6.9386e-16
1.1558e+14	8.7389e-17	7.8902e-16
1.157e+14	4.7935e-17	7.5337e-16
1.1582e+14	6.3796e-17	6.2945e-16
1.1594e+14	9.7281e-17	6.3936e-16
1.1606e+14	7.0217e-17	6.7592e-16
1.1618e+14	5.3852e-17	5.8289e-16
1.163e+14	8.5178e-17	5.3791e-16
1.1642e+14	8.2349e-17	6.0024e-16
1.1654e+14	5.6074e-17	5.6875e-16
1.1666e+14	7.2606e-17	5.0066e-16
1.1678e+14	8.4841e-17	5.8935e-16
1.169e+14	6.1934e-17	6.8881e-16
1.1702e+14	6.4125e-17	6.1857e-16
1.1714e+14	8.1404e-17	5.1639e-16
1.1726e+14	6.7052e-17	5.2014e-16
1.1738e+14	6.1996e-17	5.9518e-16
1.175e+14	8.0314e-17	6.9289e-16
1.1762e+14	7.2111e-17	7.2117e-16
1.1774e+14	6.0934e-17	6.2328e-16
1.1786e+14	7.9635e-17	5.5479e-16
1.1798e+14	7.533e-17	6.0362e-16
1.181e+14	4.9153e-17	6.0759e-16
1.1822e+14	6.3094e-17	5.4393e-16
1.1834e+14	8.0466e-17	5.6251e-16
1.1846e+14	5.629e-17	5.8243e-16
1.1858e+14	5.1974e-17	4.8419e-16
1.187e+14	7.7179e-17	4.3798e-16
1.1882e+14	6.6821e-17	5.2053e-16
1.1894e+14	4.9644e-17	5.3544e-16
1.1906e+14	6.8914e-17	4.7578e-16
1.1918e+14	6.8438e-17	5.2112e-16
1.193e+14	4.6732e-17	6.227e-16
1.1942e+14	6.8912e-17	6.4561e-16
1.1954e+14	9.0799e-17	6.2273e-16
1.1966e+14	5.8431e-17	5.7706e-16
1.1978e+14	4.578e-17	5.0604e-16
1.199e+14	7.6951e-17	5.0137e-16
1.2002e+14	7.3483e-17	5.4277e-16
1.2014e+14	4.9465e-17	4.9743e-16
1.2026e+14	6.3209e-17	4.3095e-16
1.2038e+14	6.954e-17	4.537e-16
1.205e+14	4.7761e-17	4.5708e-16
1.2062e+14	5.6444e-17	4.0925e-16
1.2074e+14	7.5754e-17	4.4516e-16
1.2087e+14	5.5689e-17	4.9142e-16
1.2099e+14	4.4259e-17	4.0984e-16
1.2111e+14	6.3973e-17	3.5846e-16
1.2123e+14	5.9821e-17	4.4435e-16
1.2135e+14	4.5699e-17	4.7947e-16
1.2147e+14	6.4403e-17	4.3471e-16
1.2159e+14	7.3956e-17	4.8635e-16
1.2171e+14	5.6886e-17	5.6274e-16
1.2183e+14	6.0418e-17	5.0031e-16
1.2195e+14	6.855e-17	4.0627e-16
1.2207e+14	4.8794e-17	3.9374e-16
1.2219e+14	4.5328e-17	3.9687e-16
1.2231e+14	6.6729e-17	4.207e-16
1.2243e+14	6.2471e-17	4.8958e-16
1.2255e+14	4.989e-17	4.8836e-16
1.2267e+14	6.0527e-17	4.1745e-16
1.2279e+14	5.5848e-17	4.2735e-16
1.2291e+14	3.7434e-17	4.727e-16
1.2303e+14	5.1264e-17	4.1661e-16
1.2315e+14	6.475e-17	3.5621e-16
1.2327e+14	4.5741e-17	4.0854e-16
1.2339e+14	4.6679e-17	4.7365e-16
1.2351e+14	7.0311e-17	4.7414e-16
1.2363e+14	6.0643e-17	4.6413e-16
1.2375e+14	4.4333e-17	4.5085e-16
1.2387e+14	6.0136e-17	4.1434e-16
1.2399e+14	6.2277e-17	3.8606e-16
1.2411e+14	4.3204e-17	3.6208e-16
1.2423e+14	5.0791e-17	3.3343e-16
1.2435e+14	6.1685e-17	3.5602e-16
1.2447e+14	4.6522e-17	4.1936e-16
1.2459e+14	4.9242e-17	4.3603e-16
1.2471e+14	6.8176e-17	4.1696e-16
1.2483e+14	5.6865e-17	4.1185e-16
1.2495e+14	4.6728e-17	3.7655e-16
1.2507e+14	6.4853e-17	3.1452e-16
1.2519e+14	6.0128e-17	3.2228e-16
1.2531e+14	3.7118e-17	3.779e-16
1.2543e+14	4.8706e-17	3.6949e-16
1.2555e+14	6.1858e-17	3.2576e-16
1.2567e+14	4.5693e-17	3.4267e-16
1.2579e+14	5.0747e-17	3.8346e-16
1.2591e+14	7.0653e-17	3.6817e-16
1.2603e+14	5.3366e-17	3.2923e-16
1.2615e+14	4.0101e-17	3.3508e-16
1.2627e+14	6.3398e-17	3.6569e-16
1.2639e+14	6.0175e-17	3.586e-16
1.2651e+14	3.125e-17	3.2778e-16
1.2663e+14	4.2334e-17	3.3982e-16
1.2675e+14	6.1161e-17	3.7515e-16
1.2687e+14	4.3103e-17	3.547e-16
1.2699e+14	4.0057e-17	3.106e-16
1.2711e+14	5.9695e-17	3.3354e-16
1.2723e+14	4.8605e-17	3.8555e-16
1.2735e+14	3.642e-17	3.8339e-16
1.2747e+14	5.7245e-17	3.5403e-16
1.2759e+14	5.6501e-17	3.3205e-16
1.2771e+14	3.3304e-17	3.02e-16
1.2783e+14	4.6048e-17	3.0821e-16
1.2795e+14	6.0263e-17	3.7198e-16
1.2807e+14	3.5539e-17	3.8185e-16
1.2819e+14	3.1463e-17	3.0158e-16
1.2831e+14	5.7332e-17	2.6625e-16
1.2843e+14	4.9387e-17	3.2026e-16
1.2855e+14	3.1534e-17	3.5707e-16
1.2867e+14	4.9428e-17	3.4167e-16
1.2879e+14	5.5878e-17	3.1587e-16
1.2891e+14	3.7824e-17	2.9051e-16
1.2903e+14	4.5999e-17	2.9234e-16
1.2915e+14	5.7167e-17	3.2734e-16
1.2928e+14	3.6914e-17	3.1561e-16
1.294e+14	3.5203e-17	2.5476e-16
1.2952e+14	5.7564e-17	2.5303e-16
1.2964e+14	4.7455e-17	2.9697e-16
1.2976e+14	3.0534e-17	2.9154e-16
1.2988e+14	4.8536e-17	2.7878e-16
1.3e+14	5.4282e-17	3.0602e-16
1.3012e+14	3.5488e-17	2.9885e-16
1.3024e+14	4.2245e-17	2.6914e-16
1.3036e+14	5.3658e-17	3.0407e-16
1.3048e+14	3.6191e-17	3.3162e-16
1.306e+14	3.5584e-17	2.7596e-16
1.3072e+14	5.6927e-17	2.5585e-16
1.3084e+14	4.8253e-17	3.2006e-16
1.3096e+14	3.4032e-17	3.3306e-16
1.3108e+14	5.08e-17	2.7782e-16
1.312e+14	5.2863e-17	2.6443e-16
1.3132e+14	3.3079e-17	2.747e-16
1.3144e+14	4.2181e-17	2.5482e-16
1.3156e+14	5.6983e-17	2.5933e-16
1.3168e+14	4.0964e-17	2.8609e-16
1.318e+14	3.6645e-17	2.5967e-16
1.3192e+14	5.0938e-17	2.1797e-16
1.3204e+14	3.8312e-17	2.3043e-16
1.3216e+14	2.4922e-17	2.4834e-16
1.3228e+14	4.435e-17	2.3425e-16
1.324e+14	5.0926e-17	2.3604e-16
1.3252e+14	3.6558e-17	2.5932e-16
1.3264e+14	4.5414e-17	2.6559e-16
1.3276e+14	5.3493e-17	2.5866e-16
1.3288e+14	3.467e-17	2.5212e-16
1.33e+14	3.6443e-17	2.4625e-16
1.3312e+14	5.6288e-17	2.4923e-16
1.3324e+14	4.1444e-17	2.4604e-16
1.3336e+14	2.413e-17	2.2442e-16
1.3348e+14	4.3732e-17	2.2485e-16
1.336e+14	5.025e-17	2.5114e-16
1.3372e+14	3.2455e-17	2.4134e-16
1.3384e+14	3.9818e-17	2.0799e-16
1.3396e+14	5.0969e-17	2.2195e-16
1.3408e+14	3.4538e-17	2.6049e-16
1.342e+14	3.5959e-17	2.6692e-16
1.3432e+14	5.7142e-17	2.5926e-16
1.3444e+14	4.5853e-17	2.4939e-16
1.3456e+14	2.9532e-17	2.2271e-16
1.3468e+14	4.5928e-17	2.1189e-16
1.348e+14	4.687e-17	2.233e-16
1.3492e+14	2.361e-17	2.0618e-16
1.3504e+14	3.0546e-17	1.868e-16
1.3516e+14	4.7606e-17	2.2165e-16
1.3528e+14	3.4179e-17	2.4752e-16
1.354e+14	3.0042e-17	2.1196e-16
1.3552e+14	4.7807e-17	1.9552e-16
1.3564e+14	4.3264e-17	2.2982e-16
1.3576e+14	3.2858e-17	2.3873e-16
1.3588e+14	4.592e-17	2.1786e-16
1.36e+14	4.5781e-17	2.1643e-16
1.3612e+14	3.2203e-17	2.1345e-16
1.3624e+14	4.6594e-17	1.9776e-16
1.3636e+14	5.621e-17	2.0425e-16
1.3648e+14	2.9905e-17	2.1239e-16
1.366e+14	2.3607e-17	1.9986e-16
1.3672e+14	4.8315e-17	2.1385e-16
1.3684e+14	4.6091e-17	2.4979e-16
1.3696e+14	3.0987e-17	2.4251e-16
1.3708e+14	4.2112e-17	2.1135e-16
1.372e+14	4.3392e-17	2.0835e-16
1.3732e+14	2.5603e-17	2.0999e-16
1.3744e+14	3.4239e-17	2.0581e-16
1.3757e+14	4.9195e-17	2.2159e-16
1.3769e+14	3.2898e-17	2.2607e-16
1.3781e+14	2.5042e-17	2.0082e-16
1.3793e+14	4.1853e-17	1.9868e-16
1.3805e+14	3.9689e-17	2.128e-16
1.3817e+14	2.7646e-17	1.9e-16
1.3829e+14	3.7286e-17	1.729e-16
1.3841e+14	4.1003e-17	2.0083e-16
1.3853e+14	3.0134e-17	2.0526e-16
1.3865e+14	3.6259e-17	1.7521e-16
1.3877e+14	4.2896e-17	1.8846e-16
1.3889e+14	2.9923e-17	2.2102e-16
1.3901e+14	3.1729e-17	1.985e-16
1.3913e+14	4.7341e-17	1.6715e-16
1.3925e+14	3.8662e-17	1.8391e-16
1.3937e+14	2.7353e-17	2.0048e-16
1.3949e+14	3.8187e-17	1.8668e-16
1.3961e+14	3.7239e-17	1.7648e-16
1.3973e+14	2.5343e-17	1.777e-16
1.3985e+14	3.6628e-17	1.8191e-16
1.3997e+14	4.4351e-17	1.9017e-16
1.4009e+14	2.73e-17	1.8303e-16
1.4021e+14	2.7069e-17	1.6576e-16
1.4033e+14	4.2299e-17	1.7804e-16
1.4045e+14	3.343e-17	1.9876e-16
1.4057e+14	2.5865e-17	1.8507e-16
1.4069e+14	4.0918e-17	1.7496e-16
1.4081e+14	3.6623e-17	1.9258e-16
1.4093e+14	1.8779e-17	1.8353e-16
1.4105e+14	3.1806e-17	1.5019e-16
1.4117e+14	4.5242e-17	1.522e-16
1.4129e+14	2.9221e-17	1.6716e-16
1.4141e+14	2.7668e-17	1.5554e-16
1.4153e+14	4.2772e-17	1.5902e-16
1.4165e+14	3.0995e-17	1.8748e-16
1.4177e+14	1.9204e-17	1.8709e-16
1.4189e+14	3.7863e-17	1.6713e-16
1.4201e+14	4.3282e-17	1.6895e-16
1.4213e+14	2.7603e-17	1.6985e-16
1.4225e+14	3.2004e-17	1.5511e-16
1.4237e+14	3.8431e-17	1.5538e-16
1.4249e+14	2.4787e-17	1.6601e-16
1.4261e+14	2.8078e-17	1.6488e-16
1.4273e+14	4.242e-17	1.6434e-16
1.4285e+14	2.7077e-17	1.6741e-16
1.4297e+14	1.5806e-17	1.6904e-16
1.4309e+14	3.7675e-17	1.824e-16
1.4321e+14	4.2008e-17	1.8388e-16
1.4333e+14	2.23e-17	1.4709e-16
1.4345e+14	2.859e-17	1.3219e-16
1.4357e+14	4.1192e-17	1.7267e-16
1.4369e+14	2.5697e-17	1.8654e-16
1.4381e+14	2.036e-17	1.526e-16
1.4393e+14	3.59e-17	1.5449e-16
1.4405e+14	3.2635e-17	1.8056e-16
1.4417e+14	2.4994e-17	1.5781e-16
1.4429e+14	3.7267e-17	1.3159e-16
1.4441e+14	3.6588e-17	1.5297e-16
1.4453e+14	2.2548e-17	1.6047e-16
1.4465e+14	3.1225e-17	1.3963e-16
1.4477e+14	3.9624e-17	1.5265e-16
1.4489e+14	2.5268e-17	1.7596e-16
1.4501e+14	2.5646e-17	1.5647e-16
1.4513e+14	3.8191e-17	1.3527e-16
1.4525e+14	2.483e-17	1.4285e-16
1.4537e+14	1.4797e-17	1.4551e-16
1.4549e+14	3.399e-17	1.4642e-16
1.4561e+14	3.7422e-17	1.5819e-16
1.4573e+14	2.0801e-17	1.4812e-16
1.4586e+14	2.7444e-17	1.2698e-16
1.4598e+14	3.7214e-17	1.3914e-16
1.461e+14	2.3246e-17	1.5676e-16
1.4622e+14	2.2127e-17	1.4716e-16
1.4634e+14	3.5782e-17	1.4647e-16
1.4646e+14	2.6971e-17	1.6252e-16
1.4658e+14	1.9338e-17	1.627e-16
1.467e+14	3.5158e-17	1.5782e-16
1.4682e+14	3.3766e-17	1.5393e-16
1.4694e+14	1.7193e-17	1.2787e-16
1.4706e+14	2.7906e-17	1.1317e-16
1.4718e+14	3.9439e-17	1.3982e-16
1.473e+14	2.3496e-17	1.4718e-16
1.4742e+14	2.1996e-17	1.1828e-16
1.4754e+14	3.8409e-17	1.247e-16
1.4766e+14	2.9824e-17	1.5453e-16
1.4778e+14	1.8668e-17	1.4023e-16
1.479e+14	3.4183e-17	1.2194e-16
1.4802e+14	3.672e-17	1.4588e-16
1.4814e+14	1.9696e-17	1.542e-16
1.4826e+14	2.4493e-17	1.3248e-16
1.4838e+14	3.4529e-17	1.3908e-16
1.485e+14	2.2752e-17	1.5527e-16
1.4862e+14	2.1109e-17	1.3645e-16
1.4874e+14	3.2801e-17	1.2354e-16
1.4886e+14	2.4855e-17	1.3986e-16
1.4898e+14	1.8385e-17	1.4237e-16
1.491e+14	3.2565e-17	1.2923e-16
1.4922e+14	3.0496e-17	1.2755e-16
1.4934e+14	1.563e-17	1.2833e-16
1.4946e+14	2.5386e-17	1.3503e-16
1.4958e+14	3.3368e-17	1.5574e-16
1.497e+14	1.7442e-17	1.5323e-16
1.4982e+14	1.9216e-17	1.2381e-16
1.4994e+14	3.6592e-17	1.1843e-16
1.5006e+14	2.6814e-17	1.3026e-16
1.5018e+14	1.4925e-17	1.23e-16
1.503e+14	2.8326e-17	1.23e-16
1.5042e+14	2.7832e-17	1.3715e-16
1.5054e+14	1.2373e-17	1.2382e-16
1.5066e+14	2.2354e-17	1.0738e-16
1.5078e+14	3.3199e-17	1.2906e-16
1.509e+14	1.8173e-17	1.4058e-16
1.5102e+14	1.7349e-17	1.1812e-16
1.5114e+14	3.2728e-17	1.1814e-16
1.5126e+14	2.3158e-17	1.3606e-16
1.5138e+14	1.2722e-17	1.2519e-16
1.515e+14	2.9356e-17	1.1639e-16
1.5162e+14	3.1677e-17	1.2993e-16
1.5174e+14	1.4081e-17	1.21e-16
1.5186e+14	1.9802e-17	1.0488e-16
1.5198e+14	3.1371e-17	1.2441e-16
1.521e+14	1.9902e-17	1.3512e-16
1.5222e+14	1.8455e-17	1.134e-16
1.5234e+14	3.1223e-17	1.1516e-16
1.5246e+14	2.2516e-17	1.3136e-16
1.5258e+14	1.3025e-17	1.1458e-16
1.527e+14	2.6752e-17	1.0803e-16
1.5282e+14	2.7332e-17	1.3587e-16
1.5294e+14	1.2587e-17	1.3396e-16
1.5306e+14	2.0146e-17	1.0776e-16
1.5318e+14	2.9239e-17	1.1842e-16
1.533e+14	1.5983e-17	1.3187e-16
1.5342e+14	1.6522e-17	1.1158e-16
1.5354e+14	3.1436e-17	1.0967e-16
1.5366e+14	2.2519e-17	1.2663e-16
1.5378e+14	1.2413e-17	1.1031e-16
1.539e+14	2.6376e-17	9.55e-17
1.5402e+14	2.6854e-17	1.1784e-16
1.5414e+14	1.163e-17	1.2318e-16
1.5427e+14	1.9922e-17	1.0563e-16
1.5439e+14	3.069e-17	1.1739e-16
1.5451e+14	1.7739e-17	1.3033e-16
1.5463e+14	1.681e-17	1.105e-16
1.5475e+14	3.078e-17	1.0918e-16
1.5487e+14	2.2595e-17	1.3193e-16
1.5499e+14	1.3616e-17	1.2211e-16
1.5511e+14	2.808e-17	1.0039e-16
1.5523e+14	2.8442e-17	1.0896e-16
1.5535e+14	1.2423e-17	1.1433e-16
1.5547e+14	1.964e-17	1.0504e-16
1.5559e+14	2.9715e-17	1.1167e-16
1.5571e+14	1.599e-17	1.115e-16
1.5583e+14	1.4085e-17	9.0358e-17
1.5595e+14	2.8286e-17	9.5113e-17
1.5607e+14	2.1373e-17	1.1829e-16
1.5619e+14	1.2474e-17	1.1157e-16
1.5631e+14	2.5874e-17	1.0334e-16
1.5643e+14	2.6011e-17	1.1935e-16
1.5655e+14	1.0326e-17	1.1419e-16
1.5667e+14	1.7598e-17	9.4252e-17
1.5679e+14	2.8696e-17	1.0938e-16
1.5691e+14	1.6696e-17	1.2568e-16
1.5703e+14	1.4901e-17	1.0527e-16
1.5715e+14	2.8309e-17	9.4236e-17
1.5727e+14	2.174e-17	1.0505e-16
1.5739e+14	1.259e-17	9.8584e-17
1.5751e+14	2.4172e-17	9.4068e-17
1.5763e+14	2.4694e-17	1.1286e-16
1.5775e+14	1.2041e-17	1.1402e-16
1.5787e+14	1.9251e-17	9.5832e-17
1.5799e+14	2.6656e-17	9.6818e-17
1.5811e+14	1.4288e-17	1.0112e-16
1.5823e+14	1.6268e-17	9.6365e-17
1.5835e+14	2.999e-17	1.0988e-16
1.5847e+14	1.89e-17	1.1637e-16
1.5859e+14	7.922e-18	8.7182e-17
1.5871e+14	2.2346e-17	7.8896e-17
1.5883e+14	2.3796e-17	1.0926e-16
1.5895e+14	8.5278e-18	1.1238e-16
1.5907e+14	1.5597e-17	9.437e-17
1.5919e+14	2.6138e-17	1.0499e-16
1.5931e+14	1.3814e-17	1.0696e-16
1.5943e+14	1.2125e-17	8.3171e-17
1.5955e+14	2.5323e-17	9.6524e-17
1.5967e+14	1.8353e-17	1.2877e-16
1.5979e+14	1.0053e-17	1.0971e-16
1.5991e+14	2.3382e-17	8.2401e-17
1.6003e+14	2.4037e-17	9.8198e-17
1.6015e+14	1.0479e-17	1.0452e-16
1.6027e+14	1.9518e-17	8.9211e-17
1.6039e+14	2.9942e-17	1.0005e-16
1.6051e+14	1.5369e-17	1.0762e-16
1.6063e+14	1.1659e-17	8.2355e-17
1.6075e+14	2.5495e-17	8.1295e-17
1.6087e+14	1.9921e-17	1.0747e-16
1.6099e+14	1.0025e-17	1.0078e-16
1.6111e+14	2.0896e-17	8.6598e-17
1.6123e+14	2.291e-17	1.0479e-16
1.6135e+14	1.1714e-17	1.0731e-16
1.6147e+14	1.8515e-17	8.4496e-17
1.6159e+14	2.535e-17	9.0431e-17
1.6171e+14	1.224e-17	1.0738e-16
1.6183e+14	1.2148e-17	9.7139e-17
1.6195e+14	2.5382e-17	9.4305e-17
1.6207e+14	1.7335e-17	1.0592e-16
1.6219e+14	8.8052e-18	9.446e-17
1.6231e+14	2.2401e-17	8.3232e-17
1.6243e+14	2.2721e-17	9.5853e-17
1.6256e+14	7.8338e-18	9.2695e-17
1.6268e+14	1.5445e-17	7.8867e-17
1.628e+14	2.5878e-17	9.2346e-17
1.6292e+14	1.2207e-17	9.5426e-17
1.6304e+14	8.5241e-18	6.7603e-17
1.6316e+14	2.2317e-17	7.0024e-17
1.6328e+14	1.8184e-17	9.8762e-17
1.634e+14	9.7219e-18	9.1459e-17
1.6352e+14	1.9922e-17	7.6455e-17
1.6364e+14	1.9698e-17	9.2556e-17
1.6376e+14	6.8911e-18	9.178e-17
1.6388e+14	1.4904e-17	7.1328e-17
1.64e+14	2.5181e-17	8.5748e-17
1.6412e+14	1.3151e-17	1.0514e-16
1.6424e+14	1.0248e-17	8.8666e-17
1.6436e+14	2.2091e-17	8.6026e-17
1.6448e+14	1.599e-17	1.0461e-16
1.646e+14	7.4247e-18	8.6565e-17
1.6472e+14	1.8809e-17	6.0856e-17
1.6484e+14	2.0639e-17	8.2081e-17
1.6496e+14	9.0947e-18	1.0195e-16
1.6508e+14	1.5318e-17	8.5774e-17
1.652e+14	2.2682e-17	8.1172e-17
1.6532e+14	1.0469e-17	9.1705e-17
1.6544e+14	9.4544e-18	8.2411e-17
1.6556e+14	2.2247e-17	7.4495e-17
1.6568e+14	1.603e-17	8.3047e-17
1.658e+14	7.2709e-18	8.0716e-17
1.6592e+14	1.8141e-17	7.6431e-17
1.6604e+14	1.9353e-17	8.7479e-17
1.6616e+14	7.6805e-18	8.5804e-17
1.6628e+14	1.412e-17	7.0957e-17
1.664e+14	2.2327e-17	7.3955e-17
1.6652e+14	1.159e-17	7.9068e-17
1.6664e+14	1.0909e-17	7.1811e-17
1.6676e+14	2.2481e-17	7.933e-17
1.6688e+14	1.5865e-17	8.9609e-17
1.67e+14	7.7408e-18	7.4284e-17
1.6712e+14	1.7819e-17	6.7923e-17
1.6724e+14	1.7748e-17	8.5317e-17
1.6736e+14	7.3008e-18	8.1666e-17
1.6748e+14	1.5415e-17	6.6699e-17
1.676e+14	2.1837e-17	8.0188e-17
1.6772e+14	8.4239e-18	8.8265e-17
1.6784e+14	9.0366e-18	7.1099e-17
1.6796e+14	2.3643e-17	7.5723e-17
1.6808e+14	1.6685e-17	9.2631e-17
1.682e+14	6.7248e-18	7.7539e-17
1.6832e+14	1.8356e-17	6.6984e-17
1.6844e+14	2.0793e-17	8.5079e-17
1.6856e+14	8.2743e-18	7.9217e-17
1.6868e+14	1.2688e-17	5.5829e-17
1.688e+14	2.082e-17	6.7435e-17
1.6892e+14	1.1979e-17	7.971e-17
1.6904e+14	1.1662e-17	5.9555e-17
1.6916e+14	2.114e-17	5.8912e-17
1.6928e+14	1.3411e-17	8.0134e-17
1.694e+14	6.921e-18	7.0312e-17
1.6952e+14	1.8739e-17	5.7191e-17
1.6964e+14	1.8053e-17	7.5967e-17
1.6976e+14	5.6531e-18	7.8206e-17
1.6988e+14	1.3131e-17	5.6801e-17
1.7e+14	2.1227e-17	6.3349e-17
1.7012e+14	9.4978e-18	7.7599e-17
1.7024e+14	9.0297e-18	6.5353e-17
1.7036e+14	2.1435e-17	6.5436e-17
1.7048e+14	1.5136e-17	8.0762e-17
1.706e+14	7.7948e-18	6.7758e-17
1.7072e+14	1.9543e-17	5.5687e-17
1.7085e+14	1.9808e-17	7.7919e-17
1.7097e+14	6.98e-18	8.5535e-17
1.7109e+14	1.2781e-17	6.7294e-17
1.7121e+14	1.9948e-17	7.0862e-17
1.7133e+14	8.0028e-18	7.7922e-17
1.7145e+14	7.2028e-18	5.8366e-17
1.7157e+14	1.9917e-17	5.6243e-17
1.7169e+14	1.4534e-17	7.8407e-17
1.7181e+14	6.8518e-18	7.3161e-17
1.7193e+14	1.7169e-17	5.6474e-17
1.7205e+14	1.7445e-17	6.5949e-17
1.7217e+14	6.1487e-18	6.7391e-17
1.7229e+14	1.2752e-17	4.9631e-17
1.7241e+14	2.0189e-17	5.4673e-17
1.7253e+14	9.5442e-18	6.9596e-17
1.7265e+14	9.4823e-18	6.1273e-17
1.7277e+14	2.0192e-17	5.597e-17
1.7289e+14	1.2418e-17	6.389e-17
1.7301e+14	5.6561e-18	5.9384e-17
1.7313e+14	1.8901e-17	5.8896e-17
1.7325e+14	1.9969e-17	7.4035e-17
1.7337e+14	7.1179e-18	6.8797e-17
1.7349e+14	1.2977e-17	5.2377e-17
1.7361e+14	2.0855e-17	6.3296e-17
1.7373e+14	9.3665e-18	7.0971e-17
1.7385e+14	7.6528e-18	5.2077e-17
1.7397e+14	1.9068e-17	5.2906e-17
1.7409e+14	1.3726e-17	7.3708e-17
1.7421e+14	7.0167e-18	6.7556e-17
1.7433e+14	1.7842e-17	5.65e-17
1.7445e+14	1.8108e-17	7.0687e-17
1.7457e+14	6.6687e-18	7.2784e-17
1.7469e+14	1.2755e-17	5.817e-17
1.7481e+14	1.9305e-17	6.4416e-17
1.7493e+14	7.831e-18	7.0902e-17
1.7505e+14	7.4977e-18	5.6304e-17
1.7517e+14	1.9038e-17	5.8634e-17
1.7529e+14	1.2546e-17	7.3825e-17
1.7541e+14	5.4836e-18	6.0875e-17
1.7553e+14	1.6895e-17	4.8373e-17
1.7565e+14	1.773e-17	6.5241e-17
1.7577e+14	7.2305e-18	6.9402e-17
1.7589e+14	1.451e-17	5.4368e-17
1.7601e+14	2.077e-17	5.8637e-17
1.7613e+14	7.6932e-18	6.3826e-17
1.7625e+14	7.1557e-18	5.0535e-17
1.7637e+14	2.0104e-17	5.568e-17
1.7649e+14	1.3652e-17	7.382e-17
1.7661e+14	4.961e-18	6.561e-17
1.7673e+14	1.5956e-17	5.6944e-17
1.7685e+14	1.7606e-17	6.8373e-17
1.7697e+14	6.566e-18	6.1482e-17
1.7709e+14	1.2514e-17	4.6272e-17
1.7721e+14	1.8997e-17	6.0697e-17
1.7733e+14	6.8313e-18	6.6545e-17
1.7745e+14	6.2229e-18	4.3465e-17
1.7757e+14	1.9141e-17	4.7363e-17
1.7769e+14	1.3269e-17	7.0194e-17
1.7781e+14	4.5037e-18	5.5032e-17
1.7793e+14	1.5164e-17	3.8575e-17
1.7805e+14	1.7312e-17	6.1376e-17
1.7817e+14	6.2779e-18	6.8247e-17
1.7829e+14	1.1169e-17	4.6264e-17
1.7841e+14	1.7777e-17	5.1156e-17
1.7853e+14	7.0106e-18	6.582e-17
1.7865e+14	6.4157e-18	5.2122e-17
1.7877e+14	1.8383e-17	4.9151e-17
1.7889e+14	1.2963e-17	6.5232e-17
1.7901e+14	4.6963e-18	5.4508e-17
1.7913e+14	1.386e-17	4.0529e-17
1.7926e+14	1.4853e-17	5.9525e-17
1.7938e+14	5.2223e-18	6.5099e-17
1.795e+14	1.1833e-17	4.2278e-17
1.7962e+14	1.8459e-17	4.3371e-17
1.7974e+14	7.3122e-18	5.9276e-17
1.7986e+14	6.611e-18	5.1106e-17
1.7998e+14	1.778e-17	4.7354e-17
1.801e+14	1.1811e-17	6.16e-17
1.8022e+14	4.9254e-18	5.838e-17
1.8034e+14	1.5657e-17	4.9792e-17
1.8046e+14	1.5534e-17	6.0058e-17
1.8058e+14	3.4579e-18	5.6987e-17
1.807e+14	9.7903e-18	3.9449e-17
1.8082e+14	1.7979e-17	4.8181e-17
1.8094e+14	7.4509e-18	6.1457e-17
1.8106e+14	6.5006e-18	4.6903e-17
1.8118e+14	1.7911e-17	4.1825e-17
1.813e+14	1.1492e-17	5.8638e-17
1.8142e+14	3.1344e-18	5.8189e-17
1.8154e+14	1.4263e-17	4.9844e-17
1.8166e+14	1.6546e-17	5.7095e-17
1.8178e+14	5.0157e-18	5.3048e-17
1.819e+14	1.0016e-17	4.0264e-17
1.8202e+14	1.8477e-17	5.2524e-17
1.8214e+14	8.462e-18	6.2878e-17
1.8226e+14	5.3245e-18	4.7034e-17
1.8238e+14	1.5405e-17	4.7365e-17
1.825e+14	1.155e-17	6.5021e-17
1.8262e+14	4.6273e-18	5.3476e-17
1.8274e+14	1.3156e-17	3.5507e-17
1.8286e+14	1.4358e-17	4.6887e-17
1.8298e+14	5.1806e-18	5.0437e-17
1.831e+14	1.0125e-17	3.5973e-17
1.8322e+14	1.5557e-17	4.4776e-17
1.8334e+14	5.7821e-18	5.9321e-17
1.8346e+14	6.1171e-18	4.6794e-17
1.8358e+14	1.6987e-17	4.281e-17
1.837e+14	1.1336e-17	5.8981e-17
1.8382e+14	4.5312e-18	5.3434e-17
1.8394e+14	1.4501e-17	3.772e-17
1.8406e+14	1.5345e-17	4.65e-17
1.8418e+14	5.172e-18	5.389e-17
1.843e+14	1.059e-17	4.4639e-17
1.8442e+14	1.6405e-17	4.6193e-17
1.8454e+14	5.5859e-18	5.0972e-17
1.8466e+14	5.3885e-18	4.3501e-17
1.8478e+14	1.7102e-17	4.8141e-17
1.849e+14	1.1346e-17	5.8418e-17
1.8502e+14	2.9394e-18	4.4412e-17
1.8514e+14	1.2736e-17	3.5669e-17
1.8526e+14	1.5515e-17	5.5641e-17
1.8538e+14	6.2904e-18	6.1111e-17
1.855e+14	1.1044e-17	4.4724e-17
1.8562e+14	1.7427e-17	4.7534e-17
1.8574e+14	8.0697e-18	5.5989e-17
1.8586e+14	6.8579e-18	4.4409e-17
1.8598e+14	1.5978e-17	4.1837e-17
1.861e+14	1.0085e-17	5.0448e-17
1.8622e+14	3.5515e-18	3.896e-17
1.8634e+14	1.351e-17	3.0937e-17
1.8646e+14	1.4425e-17	4.7844e-17
1.8658e+14	3.7668e-18	4.892e-17
1.867e+14	8.6065e-18	3.1819e-17
1.8682e+14	1.631e-17	4.024e-17
1.8694e+14	8.4118e-18	5.5088e-17
1.8706e+14	7.1543e-18	4.4036e-17
1.8718e+14	1.5281e-17	4.1145e-17
1.873e+14	9.8561e-18	5.6972e-17
1.8742e+14	4.6602e-18	5.3516e-17
1.8755e+14	1.4187e-17	4.2329e-17
1.8767e+14	1.3963e-17	5.1016e-17
1.8779e+14	4.0587e-18	5.2398e-17
1.8791e+14	9.8954e-18	3.915e-17
1.8803e+14	1.6485e-17	4.2938e-17
1.8815e+14	7.5476e-18	5.0534e-17
1.8827e+14	7.3767e-18	4.0055e-17
1.8839e+14	1.6329e-17	3.925e-17
1.8851e+14	9.7816e-18	5.123e-17
1.8863e+14	3.6488e-18	4.5481e-17
1.8875e+14	1.3707e-17	3.8677e-17
1.8887e+14	1.4341e-17	5.077e-17
1.8899e+14	5.3165e-18	5.0938e-17
1.8911e+14	1.182e-17	3.6913e-17
1.8923e+14	1.7055e-17	4.0856e-17
1.8935e+14	5.2157e-18	4.7193e-17
1.8947e+14	4.4235e-18	3.7181e-17
1.8959e+14	1.5737e-17	3.9506e-17
1.8971e+14	1.0563e-17	5.2004e-17
1.8983e+14	3.4228e-18	4.3491e-17
1.8995e+14	1.292e-17	3.4855e-17
1.9007e+14	1.3828e-17	4.5224e-17
1.9019e+14	3.4539e-18	4.2168e-17
1.9031e+14	8.0219e-18	2.8219e-17
1.9043e+14	1.4288e-17	3.7894e-17
1.9055e+14	5.7946e-18	4.9863e-17
1.9067e+14	6.6581e-18	4.1149e-17
1.9079e+14	1.6905e-17	4.1653e-17
1.9091e+14	1.034e-17	5.0389e-17
1.9103e+14	3.0079e-18	3.8615e-17
1.9115e+14	1.2888e-17	3.1807e-17
1.9127e+14	1.3961e-17	4.7412e-17
1.9139e+14	3.8335e-18	4.5481e-17
1.9151e+14	9.1417e-18	2.7869e-17
1.9163e+14	1.5632e-17	3.5388e-17
1.9175e+14	5.7283e-18	4.7719e-17
1.9187e+14	4.9933e-18	3.8039e-17
1.9199e+14	1.5498e-17	3.7181e-17
1.9211e+14	9.784e-18	4.7671e-17
1.9223e+14	1.9642e-18	3.9284e-17
1.9235e+14	1.1648e-17	3.3903e-17
1.9247e+14	1.4289e-17	4.9119e-17
1.9259e+14	4.9704e-18	4.7064e-17
1.9271e+14	8.9082e-18	2.9843e-17
1.9283e+14	1.4665e-17	3.672e-17
1.9295e+14	5.7712e-18	4.6185e-17
1.9307e+14	5.1772e-18	3.339e-17
1.9319e+14	1.4666e-17	3.379e-17
1.9331e+14	9.3231e-18	5.021e-17
1.9343e+14	2.7748e-18	4.5025e-17
1.9355e+14	1.1794e-17	3.4755e-17
1.9367e+14	1.2248e-17	4.3031e-17
1.9379e+14	2.3125e-18	4.1118e-17
1.9391e+14	8.0096e-18	2.9216e-17
1.9403e+14	1.5427e-17	3.7407e-17
1.9415e+14	5.8761e-18	4.3304e-17
1.9427e+14	3.5284e-18	2.9664e-17
1.9439e+14	1.3201e-17	3.2671e-17
1.9451e+14	9.8512e-18	4.7136e-17
1.9463e+14	3.9805e-18	3.5228e-17
1.9475e+14	1.2143e-17	2.4298e-17
1.9487e+14	1.295e-17	4.0833e-17
1.9499e+14	4.0256e-18	4.4775e-17
1.9511e+14	8.5639e-18	3.0532e-17
1.9523e+14	1.4144e-17	3.6744e-17
1.9535e+14	5.4607e-18	4.5782e-17
1.9547e+14	5.0684e-18	3.2816e-17
1.9559e+14	1.4326e-17	3.0982e-17
1.9571e+14	9.3213e-18	4.3647e-17
1.9584e+14	3.1173e-18	3.6436e-17
1.9596e+14	1.1345e-17	2.8462e-17
1.9608e+14	1.1416e-17	4.183e-17
1.962e+14	2.5274e-18	4.2662e-17
1.9632e+14	8.5263e-18	2.9319e-17
1.9644e+14	1.4877e-17	3.632e-17
1.9656e+14	5.3933e-18	4.3903e-17
1.9668e+14	4.3962e-18	3.097e-17
1.968e+14	1.3927e-17	3.1168e-17
1.9692e+14	8.8497e-18	4.2996e-17
1.9704e+14	2.48e-18	3.1977e-17
1.9716e+14	1.1859e-17	2.3622e-17
1.9728e+14	1.3187e-17	4.0718e-17
1.974e+14	3.3248e-18	4.1978e-17
1.9752e+14	7.5023e-18	2.4558e-17
1.9764e+14	1.4252e-17	3.1248e-17
1.9776e+14	6.5579e-18	4.4146e-17
1.9788e+14	6.0088e-18	3.3675e-17
1.98e+14	1.5052e-17	3.078e-17
1.9812e+14	9.915e-18	4.0554e-17
1.9824e+14	2.9812e-18	3.0098e-17
1.9836e+14	1.1238e-17	2.0766e-17
1.9848e+14	1.2945e-17	3.7215e-17
1.986e+14	4.5084e-18	4.1619e-17
1.9872e+14	8.2907e-18	2.5977e-17
1.9884e+14	1.3087e-17	2.8922e-17
1.9896e+14	4.7229e-18	3.9299e-17
1.9908e+14	4.9109e-18	3.2631e-17
1.992e+14	1.419e-17	3.3877e-17
1.9932e+14	8.9361e-18	4.3681e-17
1.9944e+14	2.6872e-18	3.3293e-17
1.9956e+14	1.1571e-17	2.5223e-17
1.9968e+14	1.2492e-17	3.9255e-17
1.998e+14	2.9832e-18	3.8541e-17
1.9992e+14	7.55e-18	2.2038e-17
2.0004e+14	1.4222e-17	2.8267e-17
2.0016e+14	5.902e-18	3.8747e-17
2.0028e+14	4.4446e-18	2.7566e-17
2.004e+14	1.3639e-17	2.6226e-17
2.0052e+14	9.8483e-18	3.8575e-17
2.0064e+14	3.217e-18	3.1629e-17
2.0076e+14	1.0419e-17	2.4332e-17
2.0088e+14	1.2025e-17	3.8239e-17
2.01e+14	4.2532e-18	3.8584e-17
2.0112e+14	7.7113e-18	2.3014e-17
2.0124e+14	1.2419e-17	2.8507e-17
2.0136e+14	5.0693e-18	3.7487e-17
2.0148e+14	5.0966e-18	2.5951e-17
2.016e+14	1.3111e-17	2.6493e-17
2.0172e+14	8.127e-18	4.1793e-17
2.0184e+14	2.5144e-18	3.5018e-17
2.0196e+14	1.0417e-17	2.3247e-17
2.0208e+14	1.1508e-17	3.2824e-17
2.022e+14	4.3302e-18	3.4741e-17
2.0232e+14	8.9837e-18	2.439e-17
2.0244e+14	1.3065e-17	3.1923e-17
2.0256e+14	4.2803e-18	3.846e-17
2.0268e+14	4.2006e-18	2.4217e-17
2.028e+14	1.2767e-17	2.4287e-17
2.0292e+14	8.0386e-18	4.0464e-17
2.0304e+14	2.7363e-18	3.4657e-17
2.0316e+14	1.0423e-17	2.3536e-17
2.0328e+14	1.0278e-17	3.3348e-17
2.034e+14	2.5267e-18	3.4339e-17
2.0352e+14	8.2667e-18	2.0828e-17
2.0364e+14	1.3462e-17	2.5008e-17
2.0376e+14	4.8164e-18	3.3003e-17
2.0388e+14	4.7333e-18	2.465e-17
2.04e+14	1.3195e-17	2.7017e-17
2.0412e+14	7.7906e-18	3.8653e-17
2.0425e+14	2.1074e-18	2.8984e-17
2.0437e+14	1.021e-17	1.957e-17
2.0449e+14	1.0247e-17	3.1248e-17
2.0461e+14	2.1814e-18	3.1034e-17
2.0473e+14	7.8774e-18	1.8244e-17
2.0485e+14	1.2939e-17	2.5752e-17
2.0497e+14	3.6979e-18	3.3033e-17
2.0509e+14	3.7743e-18	1.9902e-17
2.0521e+14	1.3402e-17	2.1061e-17
2.0533e+14	8.4954e-18	3.5885e-17
2.0545e+14	2.5851e-18	2.7884e-17
2.0557e+14	1.1331e-17	1.8571e-17
2.0569e+14	1.2199e-17	3.2687e-17
2.0581e+14	3.4757e-18	3.5534e-17
2.0593e+14	8.2401e-18	2.322e-17
2.0605e+14	1.3605e-17	3.0245e-17
2.0617e+14	4.3319e-18	3.7304e-17
2.0629e+14	3.0927e-18	2.2667e-17
2.0641e+14	1.2165e-17	2.2079e-17
2.0653e+14	8.0372e-18	3.692e-17
2.0665e+14	2.2262e-18	2.918e-17
2.0677e+14	1.0366e-17	1.9388e-17
2.0689e+14	1.1587e-17	3.3194e-17
2.0701e+14	3.4305e-18	3.374e-17
2.0713e+14	7.5725e-18	1.6461e-17
2.0725e+14	1.245e-17	2.242e-17
2.0737e+14	4.146e-18	3.5002e-17
2.0749e+14	4.125e-18	2.4358e-17
2.0761e+14	1.3632e-17	2.1998e-17
2.0773e+14	9.5345e-18	3.5119e-17
2.0785e+14	3.1732e-18	2.7539e-17
2.0797e+14	1.0019e-17	1.657e-17
2.0809e+14	1.0472e-17	3.0939e-17
2.0821e+14	2.7925e-18	3.5841e-17
2.0833e+14	7.5577e-18	1.9042e-17
2.0845e+14	1.25e-17	1.9543e-17
2.0857e+14	4.2319e-18	3.0176e-17
2.0869e+14	4.232e-18	2.2184e-17
2.0881e+14	1.3137e-17	1.8601e-17
2.0893e+14	8.0483e-18	2.9199e-17
2.0905e+14	1.2791e-18	2.5417e-17
2.0917e+14	8.7391e-18	1.7875e-17
2.0929e+14	1.0196e-17	2.8194e-17
2.0941e+14	2.9481e-18	3.1256e-17
2.0953e+14	7.6194e-18	2.1229e-17
2.0965e+14	1.2815e-17	2.5759e-17
2.0977e+14	4.9325e-18	3.1476e-17
2.0989e+14	4.2864e-18	1.9747e-17
2.1001e+14	1.2032e-17	1.8393e-17
2.1013e+14	7.2366e-18	2.9981e-17
2.1025e+14	2.0891e-18	2.4423e-17
2.1037e+14	1.0091e-17	1.7497e-17
2.1049e+14	1.0336e-17	2.9049e-17
2.1061e+14	2.2075e-18	2.9154e-17
2.1073e+14	7.4353e-18	1.5303e-17
2.1085e+14	1.3111e-17	2.1119e-17
2.1097e+14	4.7317e-18	3.2084e-17
2.1109e+14	4.0379e-18	2.3872e-17
2.1121e+14	1.2719e-17	2.1124e-17
2.1133e+14	7.9528e-18	2.8355e-17
2.1145e+14	1.5415e-18	2.0512e-17
2.1157e+14	9.473e-18	1.5354e-17
2.1169e+14	1.1186e-17	2.8997e-17
2.1181e+14	3.076e-18	2.8891e-17
2.1193e+14	6.56e-18	1.5156e-17
2.1205e+14	1.1871e-17	2.2275e-17
2.1217e+14	4.5846e-18	3.2077e-17
2.1229e+14	3.6398e-18	2.067e-17
2.1241e+14	1.1547e-17	1.8573e-17
2.1254e+14	8.1425e-18	3.1028e-17
2.1266e+14	3.3342e-18	2.6708e-17
2.1278e+14	1.0061e-17	2.0351e-17
2.129e+14	9.8671e-18	3.1285e-17
2.1302e+14	2.2384e-18	2.9807e-17
2.1314e+14	6.9316e-18	1.6041e-17
2.1326e+14	1.1852e-17	2.3448e-17
2.1338e+14	4.0148e-18	3.2352e-17
2.135e+14	3.8386e-18	1.9056e-17
2.1362e+14	1.2325e-17	1.6659e-17
2.1374e+14	8.1447e-18	2.9757e-17
2.1386e+14	2.5645e-18	2.2923e-17
2.1398e+14	9.7808e-18	1.2432e-17
2.141e+14	1.0503e-17	2.3685e-17
2.1422e+14	2.8381e-18	2.5711e-17
2.1434e+14	6.7032e-18	1.2811e-17
2.1446e+14	1.1348e-17	2.0297e-17
2.1458e+14	4.1711e-18	3.2196e-17
2.147e+14	4.4e-18	1.9974e-17
2.1482e+14	1.235e-17	1.3786e-17
2.1494e+14	7.6864e-18	2.5455e-17
2.1506e+14	2.5138e-18	2.2653e-17
2.1518e+14	1.0295e-17	1.4703e-17
2.153e+14	1.0882e-17	2.5167e-17
2.1542e+14	2.8602e-18	2.8218e-17
2.1554e+14	6.9886e-18	1.6429e-17
2.1566e+14	1.2106e-17	2.0243e-17
2.1578e+14	4.4171e-18	2.8062e-17
2.159e+14	3.2664e-18	1.7025e-17
2.1602e+14	1.0679e-17	1.3745e-17
2.1614e+14	6.948e-18	2.5969e-17
2.1626e+14	2.4957e-18	2.3207e-17
2.1638e+14	9.732e-18	1.5121e-17
2.165e+14	9.8999e-18	2.3252e-17
2.1662e+14	2.4411e-18	2.3921e-17
2.1674e+14	6.7345e-18	1.3128e-17
2.1686e+14	1.1249e-17	2.0313e-17
2.1698e+14	3.985e-18	3.1036e-17
2.171e+14	4.3554e-18	2.0569e-17
2.1722e+14	1.1992e-17	1.4605e-17
2.1734e+14	6.9258e-18	2.3028e-17
2.1746e+14	2.0454e-18	1.9211e-17
2.1758e+14	1.0081e-17	1.2927e-17
2.177e+14	1.0114e-17	2.3108e-17
2.1782e+14	1.7857e-18	2.495e-17
2.1794e+14	6.5827e-18	1.3215e-17
2.1806e+14	1.2076e-17	1.651e-17
2.1818e+14	3.857e-18	2.4451e-17
2.183e+14	2.7044e-18	1.6548e-17
2.1842e+14	1.1031e-17	1.5187e-17
2.1854e+14	7.5154e-18	2.5032e-17
2.1866e+14	2.4118e-18	2.0164e-17
2.1878e+14	9.7069e-18	1.2798e-17
2.189e+14	1.0373e-17	2.233e-17
2.1902e+14	2.4376e-18	2.5059e-17
2.1914e+14	6.1813e-18	1.5058e-17
2.1926e+14	1.1313e-17	1.7168e-17
2.1938e+14	4.4341e-18	2.2308e-17
2.195e+14	4.143e-18	1.5882e-17
2.1962e+14	1.1885e-17	1.8383e-17
2.1974e+14	7.8841e-18	2.7549e-17
2.1986e+14	2.8535e-18	1.9812e-17
2.1998e+14	9.7318e-18	1.3487e-17
2.201e+14	9.6458e-18	2.41e-17
2.2022e+14	1.7674e-18	2.3342e-17
2.2034e+14	6.3603e-18	1.1898e-17
2.2046e+14	1.1993e-17	1.9171e-17
2.2058e+14	4.6415e-18	2.7796e-17
2.207e+14	3.5642e-18	1.747e-17
2.2082e+14	1.1082e-17	1.5563e-17
2.2095e+14	7.0802e-18	2.4991e-17
2.2107e+14	1.6482e-18	1.7987e-17
2.2119e+14	8.5612e-18	1.0701e-17
2.2131e+14	9.6646e-18	2.2079e-17
2.2143e+14	2.6777e-18	2.3557e-17
2.2155e+14	6.7297e-18	1.213e-17
2.2167e+14	1.1807e-17	1.7889e-17
2.2179e+14	4.8567e-18	2.6255e-17
2.2191e+14	3.8748e-18	1.6042e-17
2.2203e+14	1.0806e-17	1.3454e-17
2.2215e+14	6.797e-18	2.3097e-17
2.2227e+14	1.8919e-18	1.7475e-17
2.2239e+14	8.9147e-18	1.0664e-17
2.2251e+14	1.0066e-17	2.1577e-17
2.2263e+14	3.2601e-18	2.2938e-17
2.2275e+14	6.6968e-18	1.1091e-17
2.2287e+14	1.077e-17	1.5878e-17
2.2299e+14	3.8517e-18	2.4388e-17
2.2311e+14	3.3173e-18	1.517e-17
2.2323e+14	9.8002e-18	1.2454e-17
2.2335e+14	5.3927e-18	2.1712e-17
2.2347e+14	1.1534e-18	1.7106e-17
2.2359e+14	8.6197e-18	1.0934e-17
2.2371e+14	9.2246e-18	2.0969e-17
2.2383e+14	2.3368e-18	2.2768e-17
2.2395e+14	6.7732e-18	1.3305e-17
2.2407e+14	1.1516e-17	1.8424e-17
2.2419e+14	4.3234e-18	2.429e-17
2.2431e+14	3.6927e-18	1.3718e-17
2.2443e+14	1.0937e-17	1.249e-17
2.2455e+14	7.4451e-18	2.2828e-17
2.2467e+14	3.3213e-18	1.7388e-17
2.2479e+14	9.9027e-18	1.0337e-17
2.2491e+14	9.3309e-18	2.015e-17
2.2503e+14	1.9252e-18	2.1244e-17
2.2515e+14	6.5878e-18	1.0804e-17
2.2527e+14	1.1568e-17	1.62e-17
2.2539e+14	4.3349e-18	2.3478e-17
2.2551e+14	3.736e-18	1.329e-17
2.2563e+14	1.0977e-17	1.0512e-17
2.2575e+14	7.0123e-18	1.9568e-17
2.2587e+14	2.4691e-18	1.5122e-17
2.2599e+14	9.6317e-18	9.8923e-18
2.2611e+14	1.0099e-17	2.0281e-17
2.2623e+14	2.6417e-18	2.1517e-17
2.2635e+14	6.1842e-18	1.181e-17
2.2647e+14	1.0635e-17	1.6998e-17
2.2659e+14	4.084e-18	2.2504e-17
2.2671e+14	4.2196e-18	1.1648e-17
2.2683e+14	1.1363e-17	1.1037e-17
2.2695e+14	6.7966e-18	2.2796e-17
2.2707e+14	1.616e-18	1.8495e-17
2.2719e+14	8.2621e-18	1.0754e-17
2.2731e+14	8.7118e-18	1.8515e-17
2.2743e+14	2.1126e-18	1.913e-17
2.2755e+14	6.8972e-18	9.9708e-18
2.2767e+14	1.1766e-17	1.4714e-17
2.2779e+14	4.3394e-18	1.9464e-17
2.2791e+14	3.4013e-18	9.7949e-18
2.2803e+14	1.049e-17	1.0762e-17
2.2815e+14	6.5781e-18	2.126e-17
2.2827e+14	1.95e-18	1.4896e-17
2.2839e+14	9.203e-18	8.4377e-18
2.2851e+14	1.0185e-17	1.8738e-17
2.2863e+14	2.94e-18	1.8863e-17
2.2875e+14	6.2558e-18	8.6855e-18
2.2887e+14	1.0856e-17	1.599e-17
2.2899e+14	4.3468e-18	2.3462e-17
2.2911e+14	3.4363e-18	1.2203e-17
2.2924e+14	9.8351e-18	1.0938e-17
2.2936e+14	6.4618e-18	2.292e-17
2.2948e+14	2.8374e-18	1.7949e-17
2.296e+14	9.4147e-18	8.9351e-18
2.2972e+14	9.0633e-18	1.6966e-17
2.2984e+14	2.0198e-18	1.8715e-17
2.2996e+14	6.1505e-18	9.6928e-18
2.3008e+14	1.0522e-17	1.4457e-17
2.302e+14	3.8539e-18	2.0217e-17
2.3032e+14	3.8807e-18	1.12e-17
2.3044e+14	1.0625e-17	1.1776e-17
2.3056e+14	6.0712e-18	2.2019e-17
2.3068e+14	1.7887e-18	1.534e-17
2.308e+14	9.4839e-18	7.5551e-18
2.3092e+14	1.0227e-17	1.7116e-17
2.3104e+14	2.7982e-18	1.8498e-17
2.3116e+14	6.1034e-18	9.0097e-18
2.3128e+14	1.0205e-17	1.4321e-17
2.314e+14	3.3587e-18	2.0039e-17
2.3152e+14	3.2826e-18	9.9205e-18
2.3164e+14	1.0676e-17	9.7045e-18
2.3176e+14	6.9209e-18	1.9667e-17
2.3188e+14	2.3399e-18	1.2883e-17
2.32e+14	9.136e-18	6.2647e-18
2.3212e+14	9.7839e-18	1.813e-17
2.3224e+14	2.951e-18	2.0039e-17
2.3236e+14	6.5738e-18	8.5188e-18
2.3248e+14	1.0674e-17	1.2791e-17
2.326e+14	3.7273e-18	2.023e-17
2.3272e+14	3.1558e-18	1.1567e-17
2.3284e+14	9.9106e-18	1.0689e-17
2.3296e+14	6.2198e-18	2.014e-17
2.3308e+14	2.2649e-18	1.4084e-17
2.332e+14	9.2376e-18	7.2184e-18
2.3332e+14	9.4483e-18	1.7241e-17
2.3344e+14	2.3574e-18	1.8307e-17
2.3356e+14	6.3283e-18	8.1807e-18
2.3368e+14	1.1086e-17	1.3869e-17
2.338e+14	4.6876e-18	2.0629e-17
2.3392e+14	4.3436e-18	1.0226e-17
2.3404e+14	1.0986e-17	8.892e-18
2.3416e+14	6.9201e-18	1.9215e-17
2.3428e+14	2.4017e-18	1.3609e-17
2.344e+14	8.7841e-18	6.7688e-18
2.3452e+14	8.7507e-18	1.7536e-17
2.3464e+14	1.9732e-18	1.8927e-17
2.3476e+14	6.3088e-18	7.4803e-18
2.3488e+14	1.0693e-17	1.2518e-17
2.35e+14	3.4745e-18	2.0747e-17
2.3512e+14	3.1938e-18	1.0864e-17
2.3524e+14	1.0935e-17	8.0934e-18
2.3536e+14	7.2892e-18	1.8871e-17
2.3548e+14	1.8282e-18	1.5623e-17
2.356e+14	7.6797e-18	8.1576e-18
2.3572e+14	8.5262e-18	1.6074e-17
2.3584e+14	2.4557e-18	1.7875e-17
2.3596e+14	6.4176e-18	8.7575e-18
2.3608e+14	1.0711e-17	1.2616e-17
2.362e+14	4.095e-18	1.7859e-17
2.3632e+14	3.626e-18	7.965e-18
2.3644e+14	1.0333e-17	6.6841e-18
2.3656e+14	6.5648e-18	1.7499e-17
2.3668e+14	2.1271e-18	1.4412e-17
2.368e+14	8.5715e-18	7.9438e-18
2.3692e+14	9.0077e-18	1.5278e-17
2.3704e+14	2.4014e-18	1.5402e-17
2.3716e+14	6.2662e-18	6.5285e-18
2.3728e+14	1.0665e-17	1.221e-17
2.374e+14	4.035e-18	1.866e-17
2.3753e+14	3.4534e-18	9.3964e-18
2.3765e+14	1.021e-17	8.2839e-18
2.3777e+14	6.6201e-18	1.767e-17
2.3789e+14	2.0934e-18	1.253e-17
2.3801e+14	8.259e-18	6.0021e-18
2.3813e+14	8.78e-18	1.5115e-17
2.3825e+14	2.4748e-18	1.6302e-17
2.3837e+14	6.2146e-18	6.8143e-18
2.3849e+14	1.0314e-17	1.1406e-17
2.3861e+14	3.8991e-18	1.7509e-17
2.3873e+14	3.7263e-18	8.7653e-18
2.3885e+14	1.0396e-17	8.1808e-18
2.3897e+14	6.5394e-18	1.7412e-17
2.3909e+14	2.1915e-18	1.2143e-17
2.3921e+14	8.6484e-18	6.2641e-18
2.3933e+14	8.8932e-18	1.5581e-17
2.3945e+14	1.9817e-18	1.5388e-17
2.3957e+14	5.6163e-18	4.8124e-18
2.3969e+14	1.0208e-17	1.0745e-17
2.3981e+14	4.1635e-18	1.8807e-17
2.3993e+14	4.0061e-18	9.6682e-18
2.4005e+14	1.0821e-17	7.3032e-18
2.4017e+14	7.1876e-18	1.6072e-17
2.4029e+14	2.5943e-18	1.1222e-17
2.4041e+14	8.7303e-18	5.0772e-18
2.4053e+14	9.3512e-18	1.4491e-17
2.4065e+14	2.9006e-18	1.562e-17
2.4077e+14	6.0944e-18	5.5675e-18
2.4089e+14	9.9366e-18	1.0094e-17
2.4101e+14	3.7306e-18	1.6741e-17
2.4113e+14	3.5297e-18	7.4785e-18
2.4125e+14	1.0127e-17	5.8148e-18
2.4137e+14	6.8883e-18	1.6161e-17
2.4149e+14	3.0574e-18	1.3047e-17
2.4161e+14	8.908e-18	6.4412e-18
2.4173e+14	8.5035e-18	1.3717e-17
2.4185e+14	2.1824e-18	1.4659e-17
2.4197e+14	6.6985e-18	6.1464e-18
2.4209e+14	1.1107e-17	1.0168e-17
2.4221e+14	4.1653e-18	1.5132e-17
2.4233e+14	3.3624e-18	7.0457e-18
2.4245e+14	1.0146e-17	7.7587e-18
2.4257e+14	6.9699e-18	1.7104e-17
2.4269e+14	2.6187e-18	1.1358e-17
2.4281e+14	8.1718e-18	5.0111e-18
2.4293e+14	8.2433e-18	1.3902e-17
2.4305e+14	2.4923e-18	1.4256e-17
2.4317e+14	6.8304e-18	4.9506e-18
2.4329e+14	1.0647e-17	1.0703e-17
2.4341e+14	3.7772e-18	1.712e-17
2.4353e+14	3.8512e-18	7.5993e-18
2.4365e+14	1.1138e-17	6.7822e-18
2.4377e+14	7.3615e-18	1.6595e-17
2.4389e+14	2.2626e-18	1.0947e-17
2.4401e+14	8.0197e-18	3.7361e-18
2.4413e+14	8.6119e-18	1.3469e-17
2.4425e+14	2.4654e-18	1.5423e-17
2.4437e+14	5.9265e-18	4.9153e-18
2.4449e+14	9.8761e-18	8.4838e-18
2.4461e+14	4.1407e-18	1.593e-17
2.4473e+14	4.6021e-18	8.4931e-18
2.4485e+14	1.0708e-17	6.7453e-18
2.4497e+14	5.852e-18	1.5047e-17
2.4509e+14	1.5846e-18	1.0611e-17
2.4521e+14	8.9315e-18	4.4622e-18
2.4533e+14	9.3685e-18	1.2722e-17
2.4545e+14	1.8062e-18	1.3807e-17
2.4557e+14	5.2375e-18	4.5084e-18
2.4569e+14	1.0344e-17	8.4249e-18
2.4581e+14	4.4559e-18	1.4911e-17
2.4594e+14	3.8782e-18	7.6182e-18
2.4606e+14	1.0461e-17	6.6527e-18
2.4618e+14	6.8259e-18	1.48e-17
2.463e+14	2.2523e-18	1.0471e-17
2.4642e+14	8.7812e-18	5.2188e-18
2.4654e+14	9.7356e-18	1.3367e-17
2.4666e+14	2.7769e-18	1.3663e-17
2.4678e+14	5.5672e-18	4.8099e-18
2.469e+14	1.0039e-17	9.2279e-18
2.4702e+14	4.2151e-18	1.4427e-17
2.4714e+14	3.4509e-18	5.8442e-18
2.4726e+14	9.7788e-18	5.3092e-18
2.4738e+14	6.4929e-18	1.3809e-17
2.475e+14	2.0009e-18	8.6267e-18
2.4762e+14	8.0039e-18	3.1507e-18
2.4774e+14	9.1006e-18	1.2323e-17
2.4786e+14	2.9293e-18	1.3144e-17
2.4798e+14	5.805e-18	4.0332e-18
2.481e+14	9.9767e-18	8.8596e-18
2.4822e+14	4.4351e-18	1.5079e-17
2.4834e+14	3.8023e-18	6.925e-18
2.4846e+14	9.6092e-18	6.49e-18
2.4858e+14	6.2744e-18	1.5676e-17
2.487e+14	2.3896e-18	1.1085e-17
2.4882e+14	8.4135e-18	4.8954e-18
2.4894e+14	8.9664e-18	1.2639e-17
2.4906e+14	2.7998e-18	1.2949e-17
2.4918e+14	6.0862e-18	4.4479e-18
2.493e+14	1.0137e-17	9.619e-18
2.4942e+14	3.9786e-18	1.4972e-17
2.4954e+14	2.9963e-18	5.4393e-18
2.4966e+14	9.1205e-18	4.5428e-18
2.4978e+14	6.4121e-18	1.4464e-17
2.499e+14	2.7534e-18	1.044e-17
2.5002e+14	8.6262e-18	3.7987e-18
2.5014e+14	9.3612e-18	1.1355e-17
2.5026e+14	3.4789e-18	1.2669e-17
2.5038e+14	6.2809e-18	4.6383e-18
2.505e+14	9.7562e-18	8.682e-18
2.5062e+14	4.211e-18	1.3761e-17
2.5074e+14	4.1008e-18	6.1739e-18
2.5086e+14	9.7251e-18	6.1081e-18
2.5098e+14	6.0272e-18	1.3584e-17
2.511e+14	2.5169e-18	7.5187e-18
2.5122e+14	8.8932e-18	2.3164e-18
2.5134e+14	9.149e-18	1.1798e-17
2.5146e+14	2.6495e-18	1.2558e-17
2.5158e+14	5.8665e-18	3.8074e-18
2.517e+14	1.0044e-17	8.9998e-18
2.5182e+14	4.4942e-18	1.4592e-17
2.5194e+14	4.1577e-18	5.3636e-18
2.5206e+14	1.0001e-17	4.4566e-18
2.5218e+14	6.6379e-18	1.3756e-17
2.523e+14	3.1138e-18	9.4859e-18
2.5242e+14	9.1906e-18	3.6324e-18
2.5254e+14	9.0614e-18	1.1402e-17
2.5266e+14	2.3592e-18	1.1341e-17
2.5278e+14	5.8661e-18	2.4373e-18
2.529e+14	1.055e-17	7.5767e-18
2.5302e+14	5.0252e-18	1.3655e-17
2.5314e+14	4.3038e-18	5.3804e-18
2.5326e+14	1.0031e-17	4.8039e-18
2.5338e+14	6.6567e-18	1.3445e-17
2.535e+14	2.5575e-18	8.5285e-18
2.5362e+14	8.0286e-18	2.8331e-18
2.5374e+14	8.3558e-18	1.1171e-17
2.5386e+14	2.6201e-18	1.1446e-17
2.5398e+14	6.0558e-18	2.5563e-18
2.541e+14	9.7744e-18	7.3501e-18
2.5423e+14	3.9962e-18	1.2683e-17
2.5435e+14	4.0094e-18	3.9271e-18
2.5447e+14	1.015e-17	3.8064e-18
2.5459e+14	6.4829e-18	1.3122e-17
2.5471e+14	2.3657e-18	8.1154e-18
2.5483e+14	8.2245e-18	2.2051e-18
2.5495e+14	8.4004e-18	1.1016e-17
2.5507e+14	2.1936e-18	1.1634e-17
2.5519e+14	6.0261e-18	2.5276e-18
2.5531e+14	1.0564e-17	7.7536e-18
2.5543e+14	4.5282e-18	1.4122e-17
2.5555e+14	3.6849e-18	5.2068e-18
2.5567e+14	9.9561e-18	3.9271e-18
2.5579e+14	6.9156e-18	1.3058e-17
2.5591e+14	2.5689e-18	8.6163e-18
2.5603e+14	8.0913e-18	2.553e-18
2.5615e+14	8.9468e-18	1.1051e-17
2.5627e+14	3.3039e-18	1.1817e-17
2.5639e+14	6.3677e-18	2.2444e-18
2.5651e+14	9.8842e-18	6.8013e-18
2.5663e+14	3.9066e-18	1.4042e-17
2.5675e+14	3.7424e-18	6.2849e-18
2.5687e+14	1.031e-17	4.1013e-18
2.5699e+14	7.0256e-18	1.1801e-17
2.5711e+14	2.3588e-18	7.6462e-18
2.5723e+14	7.8691e-18	2.0387e-18
2.5735e+14	8.7454e-18	9.9174e-18
2.5747e+14	2.7564e-18	1.0982e-17
2.5759e+14	5.7816e-18	2.6862e-18
2.5771e+14	1.0178e-17	6.5878e-18
2.5783e+14	4.7024e-18	1.1698e-17
2.5795e+14	3.5875e-18	4.0066e-18
2.5807e+14	9.3898e-18	4.0601e-18
2.5819e+14	6.9507e-18	1.28e-17
2.5831e+14	3.2371e-18	7.9735e-18
2.5843e+14	8.5422e-18	2.0865e-18
2.5855e+14	9.1136e-18	1.0314e-17
2.5867e+14	3.1143e-18	1.1226e-17
2.5879e+14	5.5448e-18	2.6606e-18
2.5891e+14	9.451e-18	7.1196e-18
2.5903e+14	4.766e-18	1.3025e-17
2.5915e+14	4.5467e-18	5.1495e-18
2.5927e+14	9.9411e-18	4.0487e-18
2.5939e+14	6.7698e-18	1.1794e-17
2.5951e+14	3.0987e-18	6.9733e-18
2.5963e+14	8.6041e-18	1.7801e-18
2.5975e+14	9.068e-18	1.041e-17
2.5987e+14	3.0722e-18	1.1106e-17
2.5999e+14	5.6357e-18	2.4303e-18
2.6011e+14	9.5779e-18	7.2272e-18
2.6023e+14	4.9189e-18	1.2918e-17
2.6035e+14	4.509e-18	3.7664e-18
2.6047e+14	9.308e-18	1.9596e-18
2.6059e+14	5.7659e-18	1.0855e-17
2.6071e+14	2.4079e-18	7.3086e-18
2.6083e+14	8.4065e-18	1.6235e-18
2.6095e+14	9.2211e-18	9.3787e-18
2.6107e+14	3.6571e-18	1.0504e-17
2.6119e+14	6.4222e-18	2.1528e-18
2.6131e+14	9.7836e-18	6.0172e-18
2.6143e+14	4.2106e-18	1.1497e-17
2.6155e+14	3.5653e-18	3.9417e-18
2.6167e+14	8.9955e-18	3.2895e-18
2.6179e+14	6.1281e-18	1.1591e-17
2.6191e+14	2.6799e-18	7.3748e-18
2.6203e+14	8.0777e-18	1.8694e-18
2.6215e+14	8.7855e-18	9.6235e-18
2.6227e+14	3.7247e-18	1.0399e-17
2.6239e+14	6.6164e-18	2.1638e-18
2.6252e+14	9.6388e-18	6.3559e-18
2.6264e+14	4.3908e-18	1.1729e-17
2.6276e+14	4.6992e-18	4.0258e-18
2.6288e+14	1.0276e-17	3.5615e-18
2.63e+14	6.6587e-18	1.1832e-17
2.6312e+14	3.0084e-18	7.0718e-18
2.6324e+14	8.8244e-18	1.172e-18
2.6336e+14	9.1971e-18	9.1607e-18
2.6348e+14	3.1414e-18	1.0237e-17
2.636e+14	5.8463e-18	1.709e-18
2.6372e+14	9.4337e-18	5.4423e-18
2.6384e+14	4.1666e-18	1.0948e-17
2.6396e+14	4.0524e-18	3.5643e-18
2.6408e+14	9.988e-18	2.845e-18
2.642e+14	7.0175e-18	1.0934e-17
2.6432e+14	3.064e-18	7.0031e-18
2.6444e+14	8.2982e-18	2.0538e-18
2.6456e+14	9.0342e-18	9.7879e-18
2.6468e+14	3.5641e-18	1.0128e-17
2.648e+14	6.1538e-18	1.833e-18
2.6492e+14	9.7832e-18	6.3292e-18
2.6504e+14	5.0195e-18	1.1763e-17
2.6516e+14	4.4572e-18	3.6299e-18
2.6528e+14	9.1414e-18	2.638e-18
2.654e+14	6.3127e-18	1.0885e-17
2.6552e+14	3.8747e-18	6.5112e-18
2.6564e+14	9.5257e-18	7.202e-19
2.6576e+14	9.317e-18	8.6395e-18
2.6588e+14	3.6059e-18	1.0136e-17
2.66e+14	6.7638e-18	2.0884e-18
2.6612e+14	1.0215e-17	5.5726e-18
2.6624e+14	4.8588e-18	1.0738e-17
2.6636e+14	4.5403e-18	3.6925e-18
2.6648e+14	9.6114e-18	3.2724e-18
2.666e+14	6.1689e-18	1.1005e-17
2.6672e+14	2.8568e-18	6.6944e-18
2.6684e+14	8.4689e-18	1.693e-18
2.6696e+14	8.7222e-18	9.2942e-18
2.6708e+14	3.2422e-18	9.4117e-18
2.672e+14	6.2935e-18	1.0998e-18
2.6732e+14	9.5174e-18	5.7819e-18
2.6744e+14	4.2027e-18	1.1588e-17
2.6756e+14	4.3923e-18	3.8825e-18
2.6768e+14	9.9346e-18	3.0066e-18
2.678e+14	6.5537e-18	1.1187e-17
2.6792e+14	3.2353e-18	6.8794e-18
2.6804e+14	8.6549e-18	7.8971e-19
2.6816e+14	8.1308e-18	7.8291e-18
2.6828e+14	2.3543e-18	9.0623e-18
2.684e+14	6.5865e-18	2.0005e-18
2.6852e+14	1.0712e-17	6.3057e-18
2.6864e+14	4.3536e-18	1.0962e-17
2.6876e+14	3.5023e-18	3.0119e-18
2.6888e+14	9.7931e-18	2.4991e-18
2.69e+14	6.9567e-18	1.0524e-17
2.6912e+14	2.7592e-18	5.8887e-18
2.6924e+14	8.2431e-18	2.0956e-19
2.6936e+14	9.2428e-18	7.966e-18
2.6948e+14	3.5498e-18	9.181e-18
2.696e+14	6.313e-18	1.5106e-18
2.6972e+14	1.039e-17	5.5959e-18
2.6984e+14	5.1598e-18	1.0544e-17
2.6996e+14	4.1606e-18	2.6231e-18
2.7008e+14	9.9046e-18	1.7694e-18
2.702e+14	7.8489e-18	9.9087e-18
2.7032e+14	4.0603e-18	6.0568e-18
2.7044e+14	8.3413e-18	9.391e-19
2.7056e+14	8.6562e-18	8.4614e-18
2.7068e+14	3.623e-18	9.1285e-18
2.708e+14	6.4752e-18	1.2045e-18
2.7093e+14	1.0075e-17	5.3888e-18
2.7105e+14	5.3897e-18	1.0629e-17
2.7117e+14	4.8458e-18	3.1143e-18
2.7129e+14	9.2792e-18	2.6358e-18
2.7141e+14	5.9412e-18	1.0759e-17
2.7153e+14	2.8588e-18	6.2756e-18
2.7165e+14	8.171e-18	4.424e-19
2.7177e+14	8.1292e-18	7.9423e-18
2.7189e+14	2.7532e-18	8.9317e-18
2.7201e+14	6.364e-18	7.7285e-19
2.7213e+14	1.0334e-17	4.6189e-18
2.7225e+14	4.9307e-18	1.037e-17
2.7237e+14	4.1831e-18	3.4584e-18
2.7249e+14	9.4644e-18	2.585e-18
2.7261e+14	6.4679e-18	1.0219e-17
2.7273e+14	2.8891e-18	6.1849e-18
2.7285e+14	8.3042e-18	8.1341e-19
2.7297e+14	8.8756e-18	8.0281e-18
2.7309e+14	3.1372e-18	8.8498e-18
2.7321e+14	5.9499e-18	9.6906e-19
2.7333e+14	1.0353e-17	4.7587e-18
2.7345e+14	5.8075e-18	1.0152e-17
2.7357e+14	4.7015e-18	3.1107e-18
2.7369e+14	9.4617e-18	2.0072e-18
2.7381e+14	7.1318e-18	9.2195e-18
2.7393e+14	3.9572e-18	5.3372e-18
2.7405e+14	8.4256e-18	6.0209e-19
2.7417e+14	8.4006e-18	7.9748e-18
2.7429e+14	3.201e-18	8.5493e-18
2.7441e+14	5.9882e-18	7.7181e-19
2.7453e+14	9.4539e-18	4.8137e-18
2.7465e+14	4.6689e-18	1.0051e-17
2.7477e+14	4.1174e-18	2.7543e-18
2.7489e+14	9.0803e-18	1.837e-18
2.7501e+14	6.7495e-18	9.5165e-18
2.7513e+14	3.8174e-18	5.7992e-18
2.7525e+14	8.3986e-18	6.5659e-19
2.7537e+14	8.6282e-18	7.4941e-18
2.7549e+14	4.135e-18	8.0734e-18
2.7561e+14	6.8058e-18	6.7112e-19
2.7573e+14	8.9846e-18	4.6731e-18
2.7585e+14	3.9516e-18	9.4861e-18
2.7597e+14	4.7175e-18	2.1928e-18
2.7609e+14	9.8595e-18	1.7801e-18
2.7621e+14	6.049e-18	9.6929e-18
2.7633e+14	2.8364e-18	5.6978e-18
2.7645e+14	8.5963e-18	3.8097e-19
2.7657e+14	8.6916e-18	7.5302e-18
2.7669e+14	3.1327e-18	8.4517e-18
2.7681e+14	6.7169e-18	8.956e-19
2.7693e+14	1.082e-17	4.6024e-18
2.7705e+14	5.3468e-18	9.6708e-18
2.7717e+14	4.1049e-18	2.8444e-18
2.7729e+14	8.9897e-18	2.1293e-18
2.7741e+14	6.3675e-18	9.1142e-18
2.7753e+14	3.3303e-18	4.6578e-18
2.7765e+14	8.5536e-18	-4.4139e-19
2.7777e+14	8.8978e-18	6.9707e-18
2.7789e+14	3.64e-18	8.1615e-18
2.7801e+14	6.6428e-18	1.1432e-18
2.7813e+14	1.0417e-17	5.173e-18
2.7825e+14	5.5704e-18	9.8851e-18
2.7837e+14	4.6469e-18	2.5741e-18
2.7849e+14	8.9808e-18	1.9074e-18
2.7861e+14	6.0944e-18	9.2568e-18
2.7873e+14	3.3635e-18	5.0684e-18
2.7885e+14	8.372e-18	1.7515e-19
2.7897e+14	8.0161e-18	7.6118e-18
2.7909e+14	2.7493e-18	8.2429e-18
2.7922e+14	6.1658e-18	3.6659e-19
2.7934e+14	9.4774e-18	4.1182e-18
2.7946e+14	3.8991e-18	9.1452e-18
2.7958e+14	3.7231e-18	1.9549e-18
2.797e+14	9.5993e-18	1.2863e-18
2.7982e+14	6.8271e-18	9.155e-18
2.7994e+14	3.241e-18	5.4501e-18
2.8006e+14	8.6445e-18	1.0876e-19
2.8018e+14	9.385e-18	6.9746e-18
2.803e+14	3.8043e-18	8.0331e-18
2.8042e+14	6.366e-18	8.0834e-19
2.8054e+14	1.031e-17	4.4791e-18
2.8066e+14	5.6618e-18	9.475e-18
2.8078e+14	4.8331e-18	2.8019e-18
2.809e+14	9.7919e-18	2.1375e-18
2.8102e+14	7.2686e-18	9.2873e-18
2.8114e+14	3.715e-18	5.3935e-18
2.8126e+14	8.2553e-18	4.3305e-19
2.8138e+14	8.8326e-18	7.0179e-18
2.815e+14	3.8665e-18	7.323e-18
2.8162e+14	6.2182e-18	1.1762e-19
2.8174e+14	9.5338e-18	4.3574e-18
2.8186e+14	5.1666e-18	9.3653e-18
2.8198e+14	4.7427e-18	2.3228e-18
2.821e+14	9.462e-18	1.7016e-18
2.8222e+14	7.1526e-18	9.0716e-18
2.8234e+14	4.2859e-18	5.1326e-18
2.8246e+14	8.5488e-18	3.5415e-19
2.8258e+14	8.5027e-18	7.5555e-18
2.827e+14	4.1873e-18	7.9396e-18
2.8282e+14	7.3443e-18	-9.7171e-20
2.8294e+14	9.9697e-18	3.6428e-18
2.8306e+14	4.8206e-18	9.1674e-18
2.8318e+14	5.0088e-18	2.579e-18
2.833e+14	1.0215e-17	1.7378e-18
2.8342e+14	7.0773e-18	9.0557e-18
2.8354e+14	3.6096e-18	5.3136e-18
2.8366e+14	8.4468e-18	5.5963e-20
2.8378e+14	8.811e-18	6.6092e-18
2.839e+14	4.0794e-18	7.4926e-18
2.8402e+14	7.006e-18	3.752e-19
2.8414e+14	9.8321e-18	3.8463e-18
2.8426e+14	4.4286e-18	8.4862e-18
2.8438e+14	3.9397e-18	1.8845e-18
2.845e+14	9.0446e-18	1.5677e-18
2.8462e+14	6.5655e-18	8.9689e-18
2.8474e+14	3.7291e-18	5.1732e-18
2.8486e+14	8.7792e-18	1.1008e-19
2.8498e+14	9.2162e-18	6.5496e-18
2.851e+14	4.4349e-18	6.9567e-18
2.8522e+14	6.9116e-18	-8.8864e-20
2.8534e+14	9.3034e-18	4.1267e-18
2.8546e+14	4.3136e-18	9.0913e-18
2.8558e+14	4.7603e-18	1.988e-18
2.857e+14	1.0078e-17	1.3359e-18
2.8582e+14	7.024e-18	9.0881e-18
2.8594e+14	3.898e-18	5.441e-18
2.8606e+14	8.9814e-18	-5.424e-20
2.8618e+14	8.9937e-18	6.4286e-18
2.863e+14	3.7641e-18	7.5715e-18
2.8642e+14	6.6795e-18	5.369e-19
2.8654e+14	9.8141e-18	3.8156e-18
2.8666e+14	4.9246e-18	8.518e-18
2.8678e+14	5.1847e-18	2.0277e-18
2.869e+14	1.0396e-17	1.2511e-18
2.8702e+14	6.8467e-18	8.1521e-18
2.8714e+14	3.0615e-18	4.5533e-18
2.8726e+14	8.1494e-18	-1.1022e-19
2.8738e+14	8.4973e-18	6.5066e-18
2.8751e+14	3.2681e-18	7.2052e-18
2.8763e+14	6.3993e-18	2.4728e-19
2.8775e+14	1.0259e-17	3.9274e-18
2.8787e+14	5.6309e-18	8.6526e-18
2.8799e+14	5.4503e-18	2.0993e-18
2.8811e+14	1.0434e-17	1.5772e-18
2.8823e+14	6.8605e-18	8.6451e-18
2.8835e+14	2.6956e-18	4.7566e-18
2.8847e+14	7.7011e-18	-3.1359e-19
2.8859e+14	8.7558e-18	6.2726e-18
2.8871e+14	3.8332e-18	7.306e-18
2.8883e+14	6.1363e-18	5.8152e-19
2.8895e+14	9.2038e-18	4.0768e-18
2.8907e+14	4.6723e-18	8.4458e-18
2.8919e+14	4.7733e-18	1.7634e-18
2.8931e+14	9.7839e-18	1.3189e-18
2.8943e+14	6.5974e-18	8.4579e-18
2.8955e+14	3.2732e-18	4.6773e-18
2.8967e+14	8.5726e-18	-1.6458e-19
2.8979e+14	8.9332e-18	6.486e-18
2.8991e+14	3.4999e-18	7.0762e-18
2.9003e+14	6.4789e-18	-2.6745e-19
2.9015e+14	1.0229e-17	3.2712e-18
2.9027e+14	4.9075e-18	8.3945e-18
2.9039e+14	4.0107e-18	2.1317e-18
2.9051e+14	9.7624e-18	1.3139e-18
2.9063e+14	7.8104e-18	8.1663e-18
2.9075e+14	4.0773e-18	4.6438e-18
2.9087e+14	8.4628e-18	-1.4496e-19
2.9099e+14	9.2249e-18	6.176e-18
2.9111e+14	4.2668e-18	6.9189e-18
2.9123e+14	6.5198e-18	2.3034e-19
2.9135e+14	9.8666e-18	3.911e-18
2.9147e+14	5.3283e-18	8.4968e-18
2.9159e+14	4.8151e-18	1.8515e-18
2.9171e+14	9.9874e-18	1.1324e-18
2.9183e+14	7.6954e-18	8.1538e-18
2.9195e+14	3.9298e-18	4.5581e-18
2.9207e+14	7.8784e-18	-4.4832e-19
2.9219e+14	8.3102e-18	5.8423e-18
2.9231e+14	3.6015e-18	6.819e-18
2.9243e+14	6.0373e-18	1.5018e-19
2.9255e+14	9.3614e-18	3.4343e-18
2.9267e+14	5.0886e-18	7.8851e-18
2.9279e+14	4.7556e-18	1.6796e-18
2.9291e+14	9.6051e-18	1.1611e-18
2.9303e+14	7.2424e-18	7.7816e-18
2.9315e+14	4.1125e-18	4.0632e-18
2.9327e+14	8.5724e-18	-4.349e-19
2.9339e+14	8.8826e-18	6.0635e-18
2.9351e+14	4.0263e-18	6.5351e-18
2.9363e+14	6.6946e-18	-4.5771e-19
2.9375e+14	1.0173e-17	3.2239e-18
2.9387e+14	5.5227e-18	8.068e-18
2.9399e+14	4.5439e-18	1.6206e-18
2.9411e+14	9.0568e-18	7.556e-19
2.9423e+14	6.749e-18	7.5994e-18
2.9435e+14	3.7405e-18	4.3285e-18
2.9447e+14	8.4436e-18	-1.1973e-19
2.9459e+14	9.2923e-18	6.249e-18
2.9471e+14	4.7614e-18	6.8105e-18
2.9483e+14	7.1279e-18	-2.0415e-19
2.9495e+14	1.0277e-17	3.0963e-18
2.9507e+14	5.7561e-18	7.7366e-18
2.9519e+14	4.9799e-18	1.5527e-18
2.9531e+14	9.7025e-18	9.2096e-19
2.9543e+14	7.85e-18	7.7165e-18
2.9555e+14	4.8373e-18	4.3918e-18
2.9567e+14	8.5485e-18	-1.3857e-19
2.9579e+14	8.5379e-18	5.9602e-18
2.9592e+14	4.11e-18	6.4134e-18
2.9604e+14	6.5644e-18	-2.8205e-19
2.9616e+14	9.2762e-18	3.3407e-18
2.9628e+14	4.7965e-18	7.9382e-18
2.964e+14	4.5911e-18	1.6174e-18
2.9652e+14	9.1478e-18	9.9808e-19
2.9664e+14	6.468e-18	7.6962e-18
2.9676e+14	3.4403e-18	4.0169e-18
2.9688e+14	8.2606e-18	-6.9413e-19
2.97e+14	9.3258e-18	5.7487e-18
2.9712e+14	5.0777e-18	6.6542e-18
2.9724e+14	6.9756e-18	-3.176e-20
2.9736e+14	9.203e-18	3.384e-18
2.9748e+14	4.9945e-18	7.9959e-18
2.976e+14	5.4808e-18	1.6559e-18
2.9772e+14	1.0308e-17	7.2019e-19
2.9784e+14	7.589e-18	7.3092e-18
2.9796e+14	4.6841e-18	4.0442e-18
2.9808e+14	9.0499e-18	-3.2799e-19
2.982e+14	8.4805e-18	5.9432e-18
2.9832e+14	3.0427e-18	6.5892e-18
2.9844e+14	5.9187e-18	-7.8078e-20
2.9856e+14	9.9126e-18	3.3759e-18
2.9868e+14	5.8216e-18	7.8039e-18
2.988e+14	5.2847e-18	1.3287e-18
2.9892e+14	1.0047e-17	6.67e-19
2.9904e+14	7.9593e-18	7.6476e-18
2.9916e+14	4.7318e-18	4.1562e-18
2.9928e+14	8.3194e-18	-9.0683e-19
2.994e+14	8.1546e-18	5.3264e-18
2.9952e+14	3.8019e-18	6.6666e-18
2.9964e+14	6.7868e-18	1.623e-19
2.9976e+14	1.0054e-17	3.1088e-18
2.9988e+14	5.6153e-18	7.6012e-18
3e+14	5.1453e-18	1.7332e-18
