#Error on normalization	O = 3.047 %	H = 1.724 %
#Frequence (s-1)	S_O (s)	S_H (s)
0	1.2118e-15	5.748e-15
1.1788e+11	4.3043e-17	5.8371e-15
2.3576e+11	-5.2942e-16	5.6907e-15
3.5363e+11	8.6538e-16	5.4315e-15
4.7151e+11	9.6162e-16	5.8407e-15
5.8939e+11	5.5197e-16	6.2622e-15
7.0727e+11	1.8558e-15	5.8507e-15
8.2515e+11	2.4064e-15	5.6773e-15
9.4303e+11	2.4581e-15	6.3903e-15
1.0609e+12	4.989e-15	6.7378e-15
1.1788e+12	6.4393e-15	6.3343e-15
1.2967e+12	4.8659e-15	6.1769e-15
1.4145e+12	6.8057e-15	6.3981e-15
1.5324e+12	1.1103e-14	6.7571e-15
1.6503e+12	9.3731e-15	7.459e-15
1.7682e+12	8.5992e-15	7.8203e-15
1.8861e+12	1.9236e-14	7.2701e-15
2.0039e+12	2.8e-14	7.0751e-15
2.1218e+12	2.193e-14	7.7757e-15
2.2397e+12	1.7633e-14	7.8718e-15
2.3576e+12	2.782e-14	7.3655e-15
2.4754e+12	3.3745e-14	7.8727e-15
2.5933e+12	2.3952e-14	8.7044e-15
2.7112e+12	1.7532e-14	8.2425e-15
2.8291e+12	2.536e-14	7.645e-15
2.947e+12	3.2189e-14	8.3661e-15
3.0648e+12	2.9417e-14	9.2523e-15
3.1827e+12	2.6557e-14	9.2578e-15
3.3006e+12	2.8401e-14	9.0054e-15
3.4185e+12	3.0211e-14	8.7592e-15
3.5363e+12	3.0016e-14	8.541e-15
3.6542e+12	2.9055e-14	8.9575e-15
3.7721e+12	2.9499e-14	9.618e-15
3.89e+12	3.4901e-14	9.5824e-15
4.0079e+12	4.227e-14	9.5609e-15
4.1257e+12	4.2399e-14	1.022e-14
4.2436e+12	3.7761e-14	1.0327e-14
4.3615e+12	4.2124e-14	9.6158e-15
4.4794e+12	5.4769e-14	9.7914e-15
4.5972e+12	5.9121e-14	1.0899e-14
4.7151e+12	5.2136e-14	1.1206e-14
4.833e+12	4.8365e-14	1.0797e-14
4.9509e+12	5.3262e-14	1.0911e-14
5.0688e+12	5.9044e-14	1.1185e-14
5.1866e+12	6.3351e-14	1.0977e-14
5.3045e+12	6.7625e-14	1.0909e-14
5.4224e+12	6.7574e-14	1.1173e-14
5.5403e+12	6.4895e-14	1.1223e-14
5.6582e+12	6.8907e-14	1.1358e-14
5.776e+12	7.4132e-14	1.1897e-14
5.8939e+12	6.6331e-14	1.2e-14
6.0118e+12	5.4687e-14	1.1516e-14
6.1297e+12	5.9031e-14	1.1767e-14
6.2475e+12	7.0882e-14	1.2868e-14
6.3654e+12	6.9962e-14	1.3059e-14
6.4833e+12	6.2279e-14	1.195e-14
6.6012e+12	6.1561e-14	1.1483e-14
6.7191e+12	6.1608e-14	1.2468e-14
6.8369e+12	5.8159e-14	1.3124e-14
6.9548e+12	6.0136e-14	1.2417e-14
7.0727e+12	6.3526e-14	1.1814e-14
7.1906e+12	5.759e-14	1.2185e-14
7.3084e+12	5.3491e-14	1.2241e-14
7.4263e+12	6.2772e-14	1.166e-14
7.5442e+12	6.9394e-14	1.2028e-14
7.6621e+12	6.1776e-14	1.3172e-14
7.78e+12	5.6491e-14	1.2932e-14
7.8978e+12	6.2097e-14	1.1715e-14
8.0157e+12	6.3188e-14	1.2271e-14
8.1336e+12	5.5459e-14	1.4199e-14
8.2515e+12	5.3101e-14	1.4182e-14
8.3694e+12	5.8674e-14	1.2138e-14
8.4872e+12	6.1939e-14	1.1446e-14
8.6051e+12	6.1781e-14	1.2782e-14
8.723e+12	6.3485e-14	1.3296e-14
8.8409e+12	6.524e-14	1.2209e-14
8.9587e+12	6.3172e-14	1.1911e-14
9.0766e+12	6.093e-14	1.3105e-14
9.1945e+12	6.4826e-14	1.3758e-14
9.3124e+12	7.1322e-14	1.3265e-14
9.4303e+12	6.8083e-14	1.3217e-14
9.5481e+12	5.4929e-14	1.3905e-14
9.666e+12	5.0357e-14	1.4073e-14
9.7839e+12	6.1405e-14	1.3696e-14
9.9018e+12	6.8521e-14	1.3575e-14
1.002e+13	6.0871e-14	1.3419e-14
1.0138e+13	5.6397e-14	1.2952e-14
1.0255e+13	6.5698e-14	1.2917e-14
1.0373e+13	7.1419e-14	1.346e-14
1.0491e+13	6.1654e-14	1.3916e-14
1.0609e+13	5.0279e-14	1.4295e-14
1.0727e+13	5.1816e-14	1.4606e-14
1.0845e+13	6.1029e-14	1.4166e-14
1.0963e+13	6.4009e-14	1.3389e-14
1.1081e+13	5.7287e-14	1.354e-14
1.1198e+13	5.1604e-14	1.4123e-14
1.1316e+13	5.4976e-14	1.3923e-14
1.1434e+13	5.9223e-14	1.3679e-14
1.1552e+13	5.6582e-14	1.4346e-14
1.167e+13	5.5269e-14	1.4967e-14
1.1788e+13	5.9887e-14	1.4827e-14
1.1906e+13	5.9954e-14	1.4695e-14
1.2024e+13	5.4223e-14	1.486e-14
1.2141e+13	5.5242e-14	1.493e-14
1.2259e+13	6.245e-14	1.4962e-14
1.2377e+13	6.4206e-14	1.4742e-14
1.2495e+13	6.0657e-14	1.3938e-14
1.2613e+13	5.654e-14	1.3434e-14
1.2731e+13	5.0582e-14	1.3913e-14
1.2849e+13	4.7694e-14	1.4405e-14
1.2967e+13	5.3395e-14	1.4408e-14
1.3084e+13	5.7418e-14	1.4627e-14
1.3202e+13	5.2284e-14	1.4753e-14
1.332e+13	4.9222e-14	1.4123e-14
1.3438e+13	5.3124e-14	1.3721e-14
1.3556e+13	5.3848e-14	1.4247e-14
1.3674e+13	5.1932e-14	1.4695e-14
1.3792e+13	5.624e-14	1.483e-14
1.391e+13	6.1764e-14	1.553e-14
1.4028e+13	6.0531e-14	1.6426e-14
1.4145e+13	5.607e-14	1.6657e-14
1.4263e+13	5.1346e-14	1.6457e-14
1.4381e+13	4.7318e-14	1.5898e-14
1.4499e+13	4.9487e-14	1.4966e-14
1.4617e+13	5.3884e-14	1.4905e-14
1.4735e+13	4.9298e-14	1.6133e-14
1.4853e+13	4.2799e-14	1.6731e-14
1.4971e+13	4.6875e-14	1.5697e-14
1.5088e+13	5.0354e-14	1.4537e-14
1.5206e+13	4.2486e-14	1.4543e-14
1.5324e+13	3.7989e-14	1.5592e-14
1.5442e+13	4.4553e-14	1.6725e-14
1.556e+13	4.7303e-14	1.6389e-14
1.5678e+13	4.3173e-14	1.4724e-14
1.5796e+13	4.3544e-14	1.4439e-14
1.5914e+13	4.5454e-14	1.599e-14
1.6031e+13	4.2347e-14	1.6315e-14
1.6149e+13	4.1936e-14	1.5208e-14
1.6267e+13	4.5728e-14	1.5701e-14
1.6385e+13	4.448e-14	1.7074e-14
1.6503e+13	4.1359e-14	1.6336e-14
1.6621e+13	4.3325e-14	1.4988e-14
1.6739e+13	4.2653e-14	1.5682e-14
1.6857e+13	3.6144e-14	1.6667e-14
1.6974e+13	3.4262e-14	1.6296e-14
1.7092e+13	3.6817e-14	1.6308e-14
1.721e+13	3.4554e-14	1.6998e-14
1.7328e+13	3.1366e-14	1.667e-14
1.7446e+13	3.2992e-14	1.6014e-14
1.7564e+13	3.2831e-14	1.646e-14
1.7682e+13	2.9585e-14	1.6999e-14
1.78e+13	3.0368e-14	1.6784e-14
1.7917e+13	3.1447e-14	1.6426e-14
1.8035e+13	2.6165e-14	1.5753e-14
1.8153e+13	2.1877e-14	1.4697e-14
1.8271e+13	2.4649e-14	1.4455e-14
1.8389e+13	2.7075e-14	1.5079e-14
1.8507e+13	2.4544e-14	1.5632e-14
1.8625e+13	2.1283e-14	1.6401e-14
1.8743e+13	1.9432e-14	1.717e-14
1.8861e+13	1.9439e-14	1.6738e-14
1.8978e+13	2.2296e-14	1.6221e-14
1.9096e+13	2.3948e-14	1.713e-14
1.9214e+13	2.0986e-14	1.7406e-14
1.9332e+13	1.8063e-14	1.5938e-14
1.945e+13	1.7992e-14	1.5876e-14
1.9568e+13	1.7257e-14	1.7775e-14
1.9686e+13	1.6367e-14	1.7901e-14
1.9804e+13	1.7965e-14	1.6422e-14
1.9921e+13	1.8409e-14	1.693e-14
2.0039e+13	1.5793e-14	1.8338e-14
2.0157e+13	1.4803e-14	1.7554e-14
2.0275e+13	1.6027e-14	1.6135e-14
2.0393e+13	1.5824e-14	1.6131e-14
2.0511e+13	1.525e-14	1.6059e-14
2.0629e+13	1.5196e-14	1.5393e-14
2.0747e+13	1.2783e-14	1.5307e-14
2.0864e+13	1.0325e-14	1.5059e-14
2.0982e+13	1.2258e-14	1.4469e-14
2.11e+13	1.4198e-14	1.5532e-14
2.1218e+13	1.1511e-14	1.7249e-14
2.1336e+13	9.2758e-15	1.6506e-14
2.1454e+13	1.0917e-14	1.491e-14
2.1572e+13	1.1847e-14	1.5698e-14
2.169e+13	1.0563e-14	1.6739e-14
2.1807e+13	1.0167e-14	1.5333e-14
2.1925e+13	1.0265e-14	1.4159e-14
2.2043e+13	9.7843e-15	1.5503e-14
2.2161e+13	1.0387e-14	1.695e-14
2.2279e+13	1.1119e-14	1.6868e-14
2.2397e+13	9.8777e-15	1.668e-14
2.2515e+13	8.9099e-15	1.6626e-14
2.2633e+13	9.6373e-15	1.5774e-14
2.275e+13	9.2579e-15	1.5039e-14
2.2868e+13	7.7142e-15	1.5527e-14
2.2986e+13	7.8167e-15	1.6324e-14
2.3104e+13	8.5334e-15	1.6409e-14
2.3222e+13	7.8398e-15	1.6107e-14
2.334e+13	7.3386e-15	1.5923e-14
2.3458e+13	7.7316e-15	1.5922e-14
2.3576e+13	7.3311e-15	1.5963e-14
2.3694e+13	6.6406e-15	1.5777e-14
2.3811e+13	6.8626e-15	1.5422e-14
2.3929e+13	6.8144e-15	1.528e-14
2.4047e+13	6.3189e-15	1.5266e-14
2.4165e+13	6.7199e-15	1.5039e-14
2.4283e+13	6.9296e-15	1.4802e-14
2.4401e+13	5.6792e-15	1.4896e-14
2.4519e+13	5.0101e-15	1.5305e-14
2.4637e+13	6.0676e-15	1.5876e-14
2.4754e+13	6.5811e-15	1.6113e-14
2.4872e+13	5.5721e-15	1.5427e-14
2.499e+13	4.8851e-15	1.443e-14
2.5108e+13	5.417e-15	1.4376e-14
2.5226e+13	6.1789e-15	1.4982e-14
2.5344e+13	6.1974e-15	1.4966e-14
2.5462e+13	5.4069e-15	1.4457e-14
2.558e+13	4.7576e-15	1.464e-14
2.5697e+13	4.9876e-15	1.5674e-14
2.5815e+13	5.1984e-15	1.6542e-14
2.5933e+13	4.5684e-15	1.6322e-14
2.6051e+13	3.9971e-15	1.519e-14
2.6169e+13	4.0683e-15	1.4502e-14
2.6287e+13	4.1708e-15	1.508e-14
2.6405e+13	4.3334e-15	1.5715e-14
2.6523e+13	4.6972e-15	1.5109e-14
2.664e+13	4.3985e-15	1.4104e-14
2.6758e+13	3.5484e-15	1.3882e-14
2.6876e+13	3.4255e-15	1.4063e-14
2.6994e+13	3.791e-15	1.4321e-14
2.7112e+13	3.6406e-15	1.505e-14
2.723e+13	3.5158e-15	1.5643e-14
2.7348e+13	3.9174e-15	1.5275e-14
2.7466e+13	4.0888e-15	1.4889e-14
2.7583e+13	3.9351e-15	1.5311e-14
2.7701e+13	3.9338e-15	1.5318e-14
2.7819e+13	3.7011e-15	1.4248e-14
2.7937e+13	3.2694e-15	1.3582e-14
2.8055e+13	3.4383e-15	1.4044e-14
2.8173e+13	3.8168e-15	1.4504e-14
2.8291e+13	3.6594e-15	1.4655e-14
2.8409e+13	3.6375e-15	1.5327e-14
2.8527e+13	4.02e-15	1.6129e-14
2.8644e+13	3.8498e-15	1.5868e-14
2.8762e+13	3.3175e-15	1.4844e-14
2.888e+13	3.3671e-15	1.4411e-14
2.8998e+13	3.4496e-15	1.4835e-14
2.9116e+13	2.9601e-15	1.5149e-14
2.9234e+13	2.7289e-15	1.4713e-14
2.9352e+13	3.0264e-15	1.4031e-14
2.947e+13	3.0844e-15	1.3967e-14
2.9587e+13	2.9286e-15	1.4506e-14
2.9705e+13	2.9324e-15	1.4764e-14
2.9823e+13	2.7936e-15	1.4233e-14
2.9941e+13	2.5559e-15	1.3462e-14
3.0059e+13	2.5809e-15	1.3304e-14
3.0177e+13	2.5309e-15	1.3816e-14
3.0295e+13	2.3066e-15	1.411e-14
3.0413e+13	2.4576e-15	1.3576e-14
3.053e+13	2.7128e-15	1.3037e-14
3.0648e+13	2.4591e-15	1.3611e-14
3.0766e+13	2.2305e-15	1.4592e-14
3.0884e+13	2.4667e-15	1.4372e-14
3.1002e+13	2.5406e-15	1.3297e-14
3.112e+13	2.3591e-15	1.3194e-14
3.1238e+13	2.4749e-15	1.4263e-14
3.1356e+13	2.6148e-15	1.4878e-14
3.1473e+13	2.4332e-15	1.4285e-14
3.1591e+13	2.4323e-15	1.3479e-14
3.1709e+13	2.627e-15	1.3457e-14
3.1827e+13	2.3912e-15	1.3922e-14
3.1945e+13	1.9806e-15	1.3962e-14
3.2063e+13	2.0448e-15	1.3514e-14
3.2181e+13	2.305e-15	1.3399e-14
3.2299e+13	2.2841e-15	1.3815e-14
3.2417e+13	2.1163e-15	1.4075e-14
3.2534e+13	1.9889e-15	1.4062e-14
3.2652e+13	1.9463e-15	1.4123e-14
3.277e+13	2.0574e-15	1.3788e-14
3.2888e+13	2.2016e-15	1.2835e-14
3.3006e+13	2.2623e-15	1.2402e-14
3.3124e+13	2.3237e-15	1.2896e-14
3.3242e+13	2.2726e-15	1.3129e-14
3.336e+13	2.0167e-15	1.2953e-14
3.3477e+13	1.907e-15	1.3247e-14
3.3595e+13	2.0331e-15	1.3179e-14
3.3713e+13	2.0197e-15	1.1863e-14
3.3831e+13	1.9606e-15	1.1214e-14
3.3949e+13	2.1326e-15	1.253e-14
3.4067e+13	2.1668e-15	1.3479e-14
3.4185e+13	1.9107e-15	1.254e-14
3.4303e+13	1.8909e-15	1.1729e-14
3.442e+13	2.0987e-15	1.2128e-14
3.4538e+13	2.0322e-15	1.2317e-14
3.4656e+13	1.8435e-15	1.2261e-14
3.4774e+13	1.8427e-15	1.2967e-14
3.4892e+13	1.8505e-15	1.3221e-14
3.501e+13	1.8748e-15	1.1963e-14
3.5128e+13	1.9813e-15	1.1209e-14
3.5246e+13	1.832e-15	1.237e-14
3.5363e+13	1.6089e-15	1.3517e-14
3.5481e+13	1.8881e-15	1.3164e-14
3.5599e+13	2.1886e-15	1.2568e-14
3.5717e+13	1.8558e-15	1.2764e-14
3.5835e+13	1.5744e-15	1.3182e-14
3.5953e+13	1.8478e-15	1.3456e-14
3.6071e+13	1.9699e-15	1.3657e-14
3.6189e+13	1.8007e-15	1.34e-14
3.6306e+13	1.8845e-15	1.2667e-14
3.6424e+13	1.8999e-15	1.2385e-14
3.6542e+13	1.5851e-15	1.3021e-14
3.666e+13	1.6404e-15	1.3745e-14
3.6778e+13	2.0189e-15	1.3653e-14
3.6896e+13	1.9001e-15	1.2996e-14
3.7014e+13	1.604e-15	1.2682e-14
3.7132e+13	1.7405e-15	1.2934e-14
3.725e+13	1.7692e-15	1.3022e-14
3.7367e+13	1.5029e-15	1.2456e-14
3.7485e+13	1.5881e-15	1.1886e-14
3.7603e+13	1.7596e-15	1.221e-14
3.7721e+13	1.4594e-15	1.313e-14
3.7839e+13	1.3208e-15	1.338e-14
3.7957e+13	1.6803e-15	1.2602e-14
3.8075e+13	1.754e-15	1.2046e-14
3.8193e+13	1.4794e-15	1.2515e-14
3.831e+13	1.5047e-15	1.2786e-14
3.8428e+13	1.6297e-15	1.1807e-14
3.8546e+13	1.5627e-15	1.097e-14
3.8664e+13	1.673e-15	1.1775e-14
3.8782e+13	1.7991e-15	1.3044e-14
3.89e+13	1.5165e-15	1.306e-14
3.9018e+13	1.3408e-15	1.2246e-14
3.9136e+13	1.6057e-15	1.1618e-14
3.9253e+13	1.6766e-15	1.1322e-14
3.9371e+13	1.4632e-15	1.1788e-14
3.9489e+13	1.4815e-15	1.313e-14
3.9607e+13	1.5101e-15	1.3675e-14
3.9725e+13	1.3394e-15	1.2457e-14
3.9843e+13	1.502e-15	1.1495e-14
3.9961e+13	1.8671e-15	1.2322e-14
4.0079e+13	1.6817e-15	1.3228e-14
4.0196e+13	1.2728e-15	1.2777e-14
4.0314e+13	1.3822e-15	1.2288e-14
4.0432e+13	1.6315e-15	1.2718e-14
4.055e+13	1.4954e-15	1.3001e-14
4.0668e+13	1.3254e-15	1.2677e-14
4.0786e+13	1.4186e-15	1.2542e-14
4.0904e+13	1.5675e-15	1.2609e-14
4.1022e+13	1.627e-15	1.2366e-14
4.1139e+13	1.5705e-15	1.2218e-14
4.1257e+13	1.4651e-15	1.2517e-14
4.1375e+13	1.5092e-15	1.2654e-14
4.1493e+13	1.5763e-15	1.2344e-14
4.1611e+13	1.4115e-15	1.2045e-14
4.1729e+13	1.3242e-15	1.1872e-14
4.1847e+13	1.5426e-15	1.1785e-14
4.1965e+13	1.5894e-15	1.207e-14
4.2083e+13	1.3523e-15	1.2436e-14
4.22e+13	1.365e-15	1.2338e-14
4.2318e+13	1.5479e-15	1.2432e-14
4.2436e+13	1.4473e-15	1.3209e-14
4.2554e+13	1.3453e-15	1.3363e-14
4.2672e+13	1.5099e-15	1.2549e-14
4.279e+13	1.5254e-15	1.2833e-14
4.2908e+13	1.3626e-15	1.4287e-14
4.3026e+13	1.4556e-15	1.3985e-14
4.3143e+13	1.6122e-15	1.1959e-14
4.3261e+13	1.4748e-15	1.1575e-14
4.3379e+13	1.3336e-15	1.2741e-14
4.3497e+13	1.3661e-15	1.2463e-14
4.3615e+13	1.3147e-15	1.1334e-14
4.3733e+13	1.25e-15	1.1504e-14
4.3851e+13	1.3742e-15	1.164e-14
4.3969e+13	1.492e-15	1.093e-14
4.4086e+13	1.5121e-15	1.1879e-14
4.4204e+13	1.5584e-15	1.4107e-14
4.4322e+13	1.4863e-15	1.386e-14
4.444e+13	1.2872e-15	1.1782e-14
4.4558e+13	1.3465e-15	1.1659e-14
4.4676e+13	1.6129e-15	1.2723e-14
4.4794e+13	1.6026e-15	1.2354e-14
4.4912e+13	1.3667e-15	1.1929e-14
4.5029e+13	1.3011e-15	1.2742e-14
4.5147e+13	1.3878e-15	1.2837e-14
4.5265e+13	1.4505e-15	1.1898e-14
4.5383e+13	1.4722e-15	1.182e-14
4.5501e+13	1.3962e-15	1.2252e-14
4.5619e+13	1.2695e-15	1.2202e-14
4.5737e+13	1.2967e-15	1.2666e-14
4.5855e+13	1.4173e-15	1.3347e-14
4.5972e+13	1.4284e-15	1.2616e-14
4.609e+13	1.3894e-15	1.1721e-14
4.6208e+13	1.3535e-15	1.2379e-14
4.6326e+13	1.2458e-15	1.2852e-14
4.6444e+13	1.2083e-15	1.2165e-14
4.6562e+13	1.3375e-15	1.2518e-14
4.668e+13	1.3829e-15	1.3837e-14
4.6798e+13	1.2922e-15	1.3283e-14
4.6916e+13	1.3155e-15	1.1247e-14
4.7033e+13	1.3778e-15	1.0591e-14
4.7151e+13	1.2735e-15	1.1373e-14
4.7269e+13	1.1927e-15	1.1805e-14
4.7387e+13	1.2748e-15	1.1507e-14
4.7505e+13	1.3128e-15	1.097e-14
4.7623e+13	1.2644e-15	1.078e-14
4.7741e+13	1.2608e-15	1.1317e-14
4.7859e+13	1.2391e-15	1.1541e-14
4.7976e+13	1.1737e-15	1.0554e-14
4.8094e+13	1.1731e-15	9.973e-15
4.8212e+13	1.1756e-15	1.1045e-14
4.833e+13	1.1355e-15	1.1979e-14
4.8448e+13	1.1819e-15	1.1496e-14
4.8566e+13	1.2287e-15	1.0901e-14
4.8684e+13	1.1067e-15	1.0885e-14
4.8802e+13	1.0047e-15	1.0813e-14
4.8919e+13	1.0624e-15	1.0807e-14
4.9037e+13	1.0864e-15	1.0928e-14
4.9155e+13	1.0748e-15	1.062e-14
4.9273e+13	1.1532e-15	1.0491e-14
4.9391e+13	1.131e-15	1.1095e-14
4.9509e+13	9.8988e-16	1.1028e-14
4.9627e+13	1.071e-15	9.7504e-15
4.9745e+13	1.2495e-15	9.0369e-15
4.9862e+13	1.092e-15	9.3507e-15
4.998e+13	8.1806e-16	9.2886e-15
5.0098e+13	8.5831e-16	8.9199e-15
5.0216e+13	1.0202e-15	9.1613e-15
5.0334e+13	1.0342e-15	9.5369e-15
5.0452e+13	1.0253e-15	9.6761e-15
5.057e+13	1.0536e-15	9.9461e-15
5.0688e+13	1.0666e-15	9.7858e-15
5.0806e+13	1.1003e-15	8.8893e-15
5.0923e+13	1.054e-15	8.475e-15
5.1041e+13	8.8969e-16	8.7577e-15
5.1159e+13	8.9353e-16	8.5303e-15
5.1277e+13	1.0588e-15	8.056e-15
5.1395e+13	1.0038e-15	8.2581e-15
5.1513e+13	8.4255e-16	8.3536e-15
5.1631e+13	9.3202e-16	7.8636e-15
5.1749e+13	1.0194e-15	7.873e-15
5.1866e+13	8.6238e-16	8.3156e-15
5.1984e+13	8.0741e-16	8.0249e-15
5.2102e+13	9.3507e-16	7.45e-15
5.222e+13	9.1891e-16	7.5804e-15
5.2338e+13	8.4729e-16	7.9604e-15
5.2456e+13	9.0052e-16	8.0813e-15
5.2574e+13	8.5065e-16	7.9864e-15
5.2692e+13	7.3616e-16	7.3004e-15
5.2809e+13	8.5849e-16	6.3755e-15
5.2927e+13	9.8688e-16	6.5064e-15
5.3045e+13	8.624e-16	7.3373e-15
5.3163e+13	8.1501e-16	7.3717e-15
5.3281e+13	9.2472e-16	6.9818e-15
5.3399e+13	8.4347e-16	7.1726e-15
5.3517e+13	7.2383e-16	7.2334e-15
5.3635e+13	8.6001e-16	6.6986e-15
5.3752e+13	9.1968e-16	6.5101e-15
5.387e+13	7.252e-16	6.6971e-15
5.3988e+13	6.6516e-16	6.439e-15
5.4106e+13	7.6761e-16	6.0942e-15
5.4224e+13	7.4054e-16	6.1428e-15
5.4342e+13	7.2987e-16	6.0129e-15
5.446e+13	8.6095e-16	5.7076e-15
5.4578e+13	8.5526e-16	5.8779e-15
5.4695e+13	7.2139e-16	6.1288e-15
5.4813e+13	7.2356e-16	5.8855e-15
5.4931e+13	7.5114e-16	5.6849e-15
5.5049e+13	6.8322e-16	5.839e-15
5.5167e+13	7.0812e-16	5.853e-15
5.5285e+13	7.9555e-16	5.6769e-15
5.5403e+13	7.6941e-16	5.5806e-15
5.5521e+13	7.588e-16	5.5093e-15
5.5639e+13	8.1328e-16	5.6587e-15
5.5756e+13	7.4884e-16	6.1608e-15
5.5874e+13	6.6808e-16	6.363e-15
5.5992e+13	7.3574e-16	6.0272e-15
5.611e+13	7.4901e-16	5.8282e-15
5.6228e+13	6.5918e-16	5.7459e-15
5.6346e+13	7.0877e-16	5.2903e-15
5.6464e+13	7.9559e-16	5.0803e-15
5.6582e+13	7.0464e-16	5.5736e-15
5.6699e+13	6.3602e-16	5.7187e-15
5.6817e+13	6.9353e-16	5.0804e-15
5.6935e+13	6.6483e-16	4.801e-15
5.7053e+13	6.1262e-16	5.1538e-15
5.7171e+13	6.8776e-16	5.1689e-15
5.7289e+13	6.7926e-16	4.875e-15
5.7407e+13	5.5342e-16	4.985e-15
5.7525e+13	5.9774e-16	5.1633e-15
5.7642e+13	7.1594e-16	4.9218e-15
5.776e+13	6.4349e-16	4.7472e-15
5.7878e+13	5.7676e-16	4.9211e-15
5.7996e+13	6.7491e-16	4.9743e-15
5.8114e+13	7.0297e-16	4.8235e-15
5.8232e+13	6.2775e-16	4.8068e-15
5.835e+13	6.2555e-16	4.7998e-15
5.8468e+13	6.1968e-16	4.5854e-15
5.8585e+13	5.6447e-16	4.4398e-15
5.8703e+13	5.9532e-16	4.4827e-15
5.8821e+13	6.2635e-16	4.3486e-15
5.8939e+13	5.6715e-16	4.0478e-15
5.9057e+13	6.0505e-16	4.122e-15
5.9175e+13	6.9008e-16	4.5601e-15
5.9293e+13	5.7441e-16	4.6625e-15
5.9411e+13	4.7127e-16	4.2971e-15
5.9528e+13	6.2999e-16	4.105e-15
5.9646e+13	7.311e-16	4.2539e-15
5.9764e+13	5.945e-16	4.2922e-15
5.9882e+13	5.4169e-16	4.2327e-15
6e+13	6.17e-16	4.3995e-15
6.0118e+13	5.7811e-16	4.5287e-15
6.0236e+13	5.2446e-16	4.2962e-15
6.0354e+13	5.8336e-16	4.0201e-15
6.0472e+13	5.8745e-16	3.9326e-15
6.0589e+13	5.4358e-16	3.8423e-15
6.0707e+13	5.9382e-16	3.8493e-15
6.0825e+13	6.129e-16	4.1237e-15
6.0943e+13	5.4424e-16	4.3056e-15
6.1061e+13	5.613e-16	4.2168e-15
6.1179e+13	6.0821e-16	4.1853e-15
6.1297e+13	5.4864e-16	4.1153e-15
6.1415e+13	5.3058e-16	3.7298e-15
6.1532e+13	5.8764e-16	3.5514e-15
6.165e+13	5.4626e-16	3.9587e-15
6.1768e+13	5.1256e-16	4.2056e-15
6.1886e+13	6.2341e-16	3.8581e-15
6.2004e+13	6.6581e-16	3.6486e-15
6.2122e+13	5.8942e-16	3.9091e-15
6.224e+13	6.1567e-16	4.0279e-15
6.2358e+13	6.5123e-16	3.8606e-15
6.2475e+13	5.3278e-16	3.8712e-15
6.2593e+13	4.8248e-16	4.0184e-15
6.2711e+13	5.6778e-16	3.9347e-15
6.2829e+13	5.3219e-16	3.72e-15
6.2947e+13	4.4764e-16	3.6553e-15
6.3065e+13	5.31e-16	3.7053e-15
6.3183e+13	5.9325e-16	3.7162e-15
6.3301e+13	5.1076e-16	3.6671e-15
6.3418e+13	5.0806e-16	3.6156e-15
6.3536e+13	5.8013e-16	3.5947e-15
6.3654e+13	5.4835e-16	3.6133e-15
6.3772e+13	5.2487e-16	3.7213e-15
6.389e+13	5.7316e-16	3.8784e-15
6.4008e+13	5.3288e-16	3.8299e-15
6.4126e+13	4.8556e-16	3.5622e-15
6.4244e+13	5.7742e-16	3.5407e-15
6.4361e+13	6.2315e-16	3.8452e-15
6.4479e+13	5.5031e-16	3.8458e-15
6.4597e+13	5.5124e-16	3.4347e-15
6.4715e+13	5.6531e-16	3.3613e-15
6.4833e+13	4.6762e-16	3.7829e-15
6.4951e+13	4.5641e-16	3.9591e-15
6.5069e+13	5.693e-16	3.6619e-15
6.5187e+13	5.7004e-16	3.4335e-15
6.5305e+13	5.3333e-16	3.4918e-15
6.5422e+13	6.1381e-16	3.5452e-15
6.554e+13	5.9829e-16	3.4721e-15
6.5658e+13	4.5226e-16	3.4762e-15
6.5776e+13	4.727e-16	3.6855e-15
6.5894e+13	5.8784e-16	3.8368e-15
6.6012e+13	5.4089e-16	3.6098e-15
6.613e+13	4.9705e-16	3.3221e-15
6.6248e+13	5.8079e-16	3.4977e-15
6.6365e+13	5.6804e-16	3.7492e-15
6.6483e+13	4.7719e-16	3.4395e-15
6.6601e+13	5.0093e-16	3.0678e-15
6.6719e+13	5.09e-16	3.3029e-15
6.6837e+13	4.4015e-16	3.6026e-15
6.6955e+13	4.9774e-16	3.4273e-15
6.7073e+13	5.747e-16	3.2695e-15
6.7191e+13	4.5203e-16	3.3558e-15
6.7308e+13	3.6592e-16	3.2811e-15
6.7426e+13	4.7809e-16	3.2025e-15
6.7544e+13	5.1076e-16	3.4062e-15
6.7662e+13	4.2943e-16	3.3995e-15
6.778e+13	4.7515e-16	3.0434e-15
6.7898e+13	5.3595e-16	3.0526e-15
6.8016e+13	4.5334e-16	3.4647e-15
6.8134e+13	4.327e-16	3.557e-15
6.8251e+13	5.2845e-16	3.3227e-15
6.8369e+13	5.3027e-16	3.2169e-15
6.8487e+13	4.7248e-16	3.1976e-15
6.8605e+13	4.7097e-16	3.24e-15
6.8723e+13	4.2921e-16	3.5182e-15
6.8841e+13	3.8388e-16	3.71e-15
6.8959e+13	4.7332e-16	3.5089e-15
6.9077e+13	5.495e-16	3.3249e-15
6.9194e+13	4.9483e-16	3.4009e-15
6.9312e+13	4.8897e-16	3.363e-15
6.943e+13	5.448e-16	3.1728e-15
6.9548e+13	4.8842e-16	3.1841e-15
6.9666e+13	4.2153e-16	3.3055e-15
6.9784e+13	4.8943e-16	3.2164e-15
6.9902e+13	5.3688e-16	2.9592e-15
7.002e+13	4.6989e-16	2.7519e-15
7.0138e+13	4.1624e-16	2.7627e-15
7.0255e+13	4.1525e-16	3.0231e-15
7.0373e+13	4.368e-16	3.2569e-15
7.0491e+13	4.9064e-16	3.2751e-15
7.0609e+13	5.0164e-16	3.3247e-15
7.0727e+13	4.4748e-16	3.4475e-15
7.0845e+13	4.5995e-16	3.3061e-15
7.0963e+13	5.0701e-16	3.0508e-15
7.1081e+13	4.5122e-16	3.141e-15
7.1198e+13	4.1504e-16	3.357e-15
7.1316e+13	4.9795e-16	3.2669e-15
7.1434e+13	5.1685e-16	3.08e-15
7.1552e+13	4.6537e-16	3.0597e-15
7.167e+13	5.3078e-16	3.0836e-15
7.1788e+13	5.8456e-16	3.1646e-15
7.1906e+13	4.6851e-16	3.31e-15
7.2024e+13	4.094e-16	3.2219e-15
7.2141e+13	4.938e-16	2.9912e-15
7.2259e+13	4.786e-16	3.0852e-15
7.2377e+13	3.9868e-16	3.2985e-15
7.2495e+13	4.5991e-16	3.1195e-15
7.2613e+13	5.2219e-16	2.8913e-15
7.2731e+13	4.6359e-16	3.1529e-15
7.2849e+13	4.6488e-16	3.5341e-15
7.2967e+13	5.2496e-16	3.4771e-15
7.3084e+13	4.7828e-16	3.1436e-15
7.3202e+13	4.2866e-16	2.9387e-15
7.332e+13	4.6721e-16	2.9557e-15
7.3438e+13	4.4255e-16	3.0761e-15
7.3556e+13	3.8829e-16	3.1436e-15
7.3674e+13	4.6783e-16	3.1686e-15
7.3792e+13	5.431e-16	3.3374e-15
7.391e+13	4.7143e-16	3.5878e-15
7.4028e+13	4.1178e-16	3.6073e-15
7.4145e+13	4.338e-16	3.3834e-15
7.4263e+13	4.2638e-16	3.1968e-15
7.4381e+13	4.153e-16	3.2062e-15
7.4499e+13	4.3688e-16	3.4029e-15
7.4617e+13	4.1755e-16	3.5639e-15
7.4735e+13	4.238e-16	3.3508e-15
7.4853e+13	5.2695e-16	2.9848e-15
7.4971e+13	5.5723e-16	3.1066e-15
7.5088e+13	4.5964e-16	3.5377e-15
7.5206e+13	4.3917e-16	3.4924e-15
7.5324e+13	5.1753e-16	3.1322e-15
7.5442e+13	5.3339e-16	3.2204e-15
7.556e+13	5.0158e-16	3.5585e-15
7.5678e+13	4.8633e-16	3.5096e-15
7.5796e+13	4.5785e-16	3.3076e-15
7.5914e+13	4.659e-16	3.3854e-15
7.6031e+13	5.27e-16	3.4839e-15
7.6149e+13	5.1195e-16	3.3851e-15
7.6267e+13	4.499e-16	3.346e-15
7.6385e+13	4.8661e-16	3.4318e-15
7.6503e+13	5.2453e-16	3.4498e-15
7.6621e+13	4.5232e-16	3.418e-15
7.6739e+13	4.1747e-16	3.3936e-15
7.6857e+13	4.7197e-16	3.2917e-15
7.6974e+13	4.9241e-16	3.1904e-15
7.7092e+13	5.1505e-16	3.2784e-15
7.721e+13	5.7397e-16	3.493e-15
7.7328e+13	5.2907e-16	3.6168e-15
7.7446e+13	4.3032e-16	3.5747e-15
7.7564e+13	4.5759e-16	3.4595e-15
7.7682e+13	5.0449e-16	3.3878e-15
7.78e+13	4.6792e-16	3.3195e-15
7.7917e+13	5.157e-16	3.1553e-15
7.8035e+13	6.1562e-16	3.12e-15
7.8153e+13	5.4143e-16	3.5022e-15
7.8271e+13	4.1763e-16	3.9095e-15
7.8389e+13	4.5252e-16	3.73e-15
7.8507e+13	4.9531e-16	3.29e-15
7.8625e+13	4.5894e-16	3.3107e-15
7.8743e+13	4.9459e-16	3.5583e-15
7.8861e+13	5.4757e-16	3.4589e-15
7.8978e+13	5.0171e-16	3.3587e-15
7.9096e+13	4.9785e-16	3.6948e-15
7.9214e+13	5.5691e-16	3.9119e-15
7.9332e+13	5.1943e-16	3.5639e-15
7.945e+13	4.9253e-16	3.2622e-15
7.9568e+13	5.9408e-16	3.4425e-15
7.9686e+13	6.0073e-16	3.6017e-15
7.9804e+13	4.606e-16	3.4973e-15
7.9921e+13	4.3848e-16	3.5877e-15
8.0039e+13	5.1729e-16	3.9036e-15
8.0157e+13	4.9918e-16	3.9623e-15
8.0275e+13	4.8068e-16	3.7902e-15
8.0393e+13	5.428e-16	3.7423e-15
8.0511e+13	5.4559e-16	3.7371e-15
8.0629e+13	5.231e-16	3.6696e-15
8.0747e+13	5.8035e-16	3.7811e-15
8.0864e+13	5.8352e-16	3.9915e-15
8.0982e+13	5.0489e-16	3.9002e-15
8.11e+13	5.123e-16	3.6411e-15
8.1218e+13	5.401e-16	3.6471e-15
8.1336e+13	4.7367e-16	3.8357e-15
8.1454e+13	4.7497e-16	3.9566e-15
8.1572e+13	5.7022e-16	4.0692e-15
8.169e+13	5.646e-16	4.0982e-15
8.1807e+13	5.3193e-16	3.8671e-15
8.1925e+13	6.0625e-16	3.6971e-15
8.2043e+13	6.0552e-16	3.9311e-15
8.2161e+13	4.9489e-16	4.2034e-15
8.2279e+13	5.16e-16	4.1053e-15
8.2397e+13	6.1151e-16	3.9056e-15
8.2515e+13	5.7594e-16	3.9599e-15
8.2633e+13	5.3452e-16	4.1436e-15
8.275e+13	5.7193e-16	4.1521e-15
8.2868e+13	5.3504e-16	3.8468e-15
8.2986e+13	4.9654e-16	3.4374e-15
8.3104e+13	5.9165e-16	3.4351e-15
8.3222e+13	6.2523e-16	3.9706e-15
8.334e+13	5.3514e-16	4.4533e-15
8.3458e+13	5.59e-16	4.4438e-15
8.3576e+13	6.3373e-16	4.218e-15
8.3694e+13	5.4674e-16	4.0787e-15
8.3811e+13	4.8029e-16	3.95e-15
8.3929e+13	5.6579e-16	3.8142e-15
8.4047e+13	5.6392e-16	3.7942e-15
8.4165e+13	4.759e-16	3.8893e-15
8.4283e+13	5.4246e-16	4.0551e-15
8.4401e+13	6.3636e-16	4.2586e-15
8.4519e+13	5.6227e-16	4.3727e-15
8.4637e+13	5.0599e-16	4.3161e-15
8.4754e+13	5.7053e-16	4.1682e-15
8.4872e+13	5.873e-16	4.0868e-15
8.499e+13	5.6306e-16	4.2281e-15
8.5108e+13	5.9802e-16	4.47e-15
8.5226e+13	6.1073e-16	4.3887e-15
8.5344e+13	6.0085e-16	4.0511e-15
8.5462e+13	6.6505e-16	4.0943e-15
8.558e+13	6.9315e-16	4.455e-15
8.5697e+13	6.0134e-16	4.4374e-15
8.5815e+13	5.5779e-16	4.2868e-15
8.5933e+13	6.2215e-16	4.6886e-15
8.6051e+13	6.6617e-16	5.0893e-15
8.6169e+13	6.7388e-16	4.7814e-15
8.6287e+13	6.608e-16	4.4452e-15
8.6405e+13	5.9083e-16	4.6014e-15
8.6523e+13	5.6825e-16	4.5865e-15
8.664e+13	6.5107e-16	4.3459e-15
8.6758e+13	6.5806e-16	4.5839e-15
8.6876e+13	5.676e-16	4.9126e-15
8.6994e+13	5.8624e-16	4.6509e-15
8.7112e+13	6.6958e-16	4.4978e-15
8.723e+13	6.5144e-16	5.0002e-15
8.7348e+13	6.4041e-16	5.3192e-15
8.7466e+13	7.0297e-16	5.0934e-15
8.7583e+13	6.8271e-16	4.9899e-15
8.7701e+13	6.1485e-16	4.9449e-15
8.7819e+13	6.46e-16	4.492e-15
8.7937e+13	6.7075e-16	4.2556e-15
8.8055e+13	6.237e-16	4.8449e-15
8.8173e+13	6.4311e-16	5.5113e-15
8.8291e+13	6.856e-16	5.4675e-15
8.8409e+13	6.3945e-16	5.072e-15
8.8527e+13	6.5163e-16	4.9122e-15
8.8644e+13	7.6273e-16	4.9695e-15
8.8762e+13	7.6678e-16	5.0024e-15
8.888e+13	6.9967e-16	5.0281e-15
8.8998e+13	7.3023e-16	5.2005e-15
8.9116e+13	7.4213e-16	5.3418e-15
8.9234e+13	6.8259e-16	5.1262e-15
8.9352e+13	7.3239e-16	4.9226e-15
8.947e+13	7.9565e-16	5.3156e-15
8.9587e+13	6.6662e-16	5.721e-15
8.9705e+13	5.7382e-16	5.3319e-15
8.9823e+13	7.0908e-16	4.944e-15
8.9941e+13	7.8732e-16	5.4659e-15
9.0059e+13	6.8356e-16	5.9505e-15
9.0177e+13	6.5874e-16	5.5887e-15
9.0295e+13	7.3525e-16	5.4408e-15
9.0413e+13	7.2477e-16	6.0737e-15
9.053e+13	6.9391e-16	6.3047e-15
9.0648e+13	7.423e-16	5.6748e-15
9.0766e+13	7.7142e-16	5.2534e-15
9.0884e+13	7.6374e-16	5.5175e-15
9.1002e+13	7.7924e-16	5.8612e-15
9.112e+13	7.6661e-16	5.8894e-15
9.1238e+13	7.3718e-16	5.7184e-15
9.1356e+13	7.8028e-16	5.6819e-15
9.1473e+13	8.3055e-16	6.0207e-15
9.1591e+13	8.081e-16	6.3116e-15
9.1709e+13	7.7664e-16	6.0423e-15
9.1827e+13	7.4604e-16	5.7101e-15
9.1945e+13	6.9878e-16	5.8205e-15
9.2063e+13	7.2802e-16	5.7673e-15
9.2181e+13	7.9987e-16	5.3681e-15
9.2299e+13	7.6523e-16	5.5728e-15
9.2417e+13	7.238e-16	6.3515e-15
9.2534e+13	8.0765e-16	6.4658e-15
9.2652e+13	8.3593e-16	5.8751e-15
9.277e+13	7.3698e-16	5.6719e-15
9.2888e+13	7.451e-16	5.9863e-15
9.3006e+13	8.4885e-16	6.2281e-15
9.3124e+13	8.1583e-16	6.3022e-15
9.3242e+13	7.4236e-16	6.1832e-15
9.336e+13	8.1051e-16	5.7912e-15
9.3477e+13	8.7569e-16	5.6272e-15
9.3595e+13	8.4384e-16	6.0383e-15
9.3713e+13	8.4831e-16	6.4415e-15
9.3831e+13	8.6949e-16	6.412e-15
9.3949e+13	8.2528e-16	6.3793e-15
9.4067e+13	8.2758e-16	6.6099e-15
9.4185e+13	8.726e-16	6.7376e-15
9.4303e+13	7.968e-16	6.5278e-15
9.442e+13	7.1023e-16	6.2862e-15
9.4538e+13	8.0948e-16	6.457e-15
9.4656e+13	9.1751e-16	6.9307e-15
9.4774e+13	8.2685e-16	6.9671e-15
9.4892e+13	7.0773e-16	6.4057e-15
9.501e+13	7.4905e-16	6.2213e-15
9.5128e+13	8.6061e-16	6.769e-15
9.5246e+13	9.0992e-16	6.9532e-15
9.5363e+13	8.7933e-16	6.4184e-15
9.5481e+13	8.1644e-16	6.3204e-15
9.5599e+13	7.9847e-16	6.8243e-15
9.5717e+13	8.2299e-16	6.6904e-15
9.5835e+13	8.0188e-16	6.0054e-15
9.5953e+13	7.636e-16	6.1774e-15
9.6071e+13	8.1156e-16	7.0758e-15
9.6189e+13	8.8193e-16	7.2387e-15
9.6306e+13	8.6092e-16	6.6034e-15
9.6424e+13	8.2473e-16	6.3698e-15
9.6542e+13	8.8219e-16	6.767e-15
9.666e+13	9.6469e-16	7.031e-15
9.6778e+13	9.5982e-16	6.9217e-15
9.6896e+13	8.8523e-16	6.8168e-15
9.7014e+13	8.3058e-16	6.8591e-15
9.7132e+13	8.1788e-16	6.875e-15
9.725e+13	8.005e-16	6.7857e-15
9.7367e+13	7.9211e-16	6.6965e-15
9.7485e+13	8.4465e-16	6.7272e-15
9.7603e+13	8.8014e-16	6.8509e-15
9.7721e+13	8.1667e-16	6.8865e-15
9.7839e+13	7.9474e-16	6.7339e-15
9.7957e+13	9.0032e-16	6.5446e-15
9.8075e+13	9.2566e-16	6.5141e-15
9.8193e+13	8.0854e-16	6.6583e-15
9.831e+13	8.1029e-16	6.9313e-15
9.8428e+13	9.6172e-16	7.2831e-15
9.8546e+13	1.0065e-15	7.5208e-15
9.8664e+13	9.4276e-16	7.5155e-15
9.8782e+13	9.2225e-16	7.4606e-15
9.89e+13	8.9412e-16	7.4518e-15
9.9018e+13	8.7322e-16	7.2583e-15
9.9136e+13	9.7709e-16	7.0152e-15
9.9253e+13	1.0251e-15	7.2229e-15
9.9371e+13	8.5179e-16	7.6392e-15
9.9489e+13	7.4653e-16	7.5323e-15
9.9607e+13	8.7993e-16	7.1303e-15
9.9725e+13	9.6981e-16	7.1511e-15
9.9843e+13	9.3832e-16	7.3568e-15
9.9961e+13	9.8563e-16	7.2891e-15
1.0008e+14	1.0136e-15	7.2956e-15
1.002e+14	8.8406e-16	7.4481e-15
1.0031e+14	8.1531e-16	7.2392e-15
1.0043e+14	8.9135e-16	7.009e-15
1.0055e+14	9.1251e-16	7.4256e-15
1.0067e+14	9.021e-16	7.8668e-15
1.0079e+14	9.5682e-16	7.6105e-15
1.009e+14	9.2691e-16	7.3151e-15
1.0102e+14	8.4178e-16	7.4813e-15
1.0114e+14	9.2525e-16	7.5486e-15
1.0126e+14	1.0141e-15	7.4522e-15
1.0138e+14	8.7201e-16	7.6444e-15
1.0149e+14	7.6549e-16	7.8032e-15
1.0161e+14	8.9608e-16	7.6577e-15
1.0173e+14	9.7063e-16	7.6869e-15
1.0185e+14	8.5909e-16	7.75e-15
1.0196e+14	8.0004e-16	7.3237e-15
1.0208e+14	8.4916e-16	7.0555e-15
1.022e+14	9.0075e-16	7.4495e-15
1.0232e+14	9.6927e-16	7.5121e-15
1.0244e+14	9.9586e-16	7.0059e-15
1.0255e+14	8.9647e-16	7.2048e-15
1.0267e+14	8.3323e-16	7.9642e-15
1.0279e+14	9.1201e-16	7.7764e-15
1.0291e+14	9.5393e-16	7.0147e-15
1.0303e+14	8.9556e-16	7.1367e-15
1.0314e+14	8.7347e-16	7.6265e-15
1.0326e+14	8.8521e-16	7.335e-15
1.0338e+14	8.6677e-16	6.9002e-15
1.035e+14	8.5639e-16	7.0745e-15
1.0361e+14	8.3497e-16	7.1628e-15
1.0373e+14	7.8977e-16	6.8088e-15
1.0385e+14	8.2539e-16	6.7521e-15
1.0397e+14	8.9445e-16	7.1251e-15
1.0409e+14	8.4728e-16	7.2235e-15
1.042e+14	8.0712e-16	6.9663e-15
1.0432e+14	9.0654e-16	6.9583e-15
1.0444e+14	9.4779e-16	7.3584e-15
1.0456e+14	8.5452e-16	7.6328e-15
1.0468e+14	8.4621e-16	7.3175e-15
1.0479e+14	9.0073e-16	6.6722e-15
1.0491e+14	8.2907e-16	6.3952e-15
1.0503e+14	7.7377e-16	6.676e-15
1.0515e+14	8.8197e-16	6.9876e-15
1.0527e+14	9.3487e-16	6.9265e-15
1.0538e+14	8.2349e-16	6.6853e-15
1.055e+14	7.5253e-16	6.6409e-15
1.0562e+14	7.8962e-16	6.8806e-15
1.0574e+14	8.247e-16	7.0716e-15
1.0585e+14	8.3633e-16	6.8092e-15
1.0597e+14	8.2082e-16	6.2875e-15
1.0609e+14	7.9094e-16	6.1564e-15
1.0621e+14	8.5879e-16	6.5114e-15
1.0633e+14	9.6972e-16	6.8e-15
1.0644e+14	8.9823e-16	6.7554e-15
1.0656e+14	7.1166e-16	6.5556e-15
1.0668e+14	6.7642e-16	6.297e-15
1.068e+14	7.5279e-16	6.032e-15
1.0692e+14	7.6289e-16	5.8766e-15
1.0703e+14	7.5775e-16	5.7553e-15
1.0715e+14	7.964e-16	5.5905e-15
1.0727e+14	8.0076e-16	5.5891e-15
1.0739e+14	7.7984e-16	5.812e-15
1.075e+14	7.8235e-16	5.9417e-15
1.0762e+14	7.4976e-16	5.7965e-15
1.0774e+14	6.7571e-16	5.5311e-15
1.0786e+14	6.4136e-16	5.3489e-15
1.0798e+14	6.6206e-16	5.38e-15
1.0809e+14	7.3013e-16	5.5401e-15
1.0821e+14	8.2287e-16	5.5415e-15
1.0833e+14	8.2295e-16	5.4215e-15
1.0845e+14	7.1711e-16	5.4998e-15
1.0857e+14	6.695e-16	5.5862e-15
1.0868e+14	6.8791e-16	5.2687e-15
1.088e+14	6.4056e-16	4.8771e-15
1.0892e+14	5.9841e-16	4.9177e-15
1.0904e+14	6.5434e-16	5.1298e-15
1.0916e+14	6.765e-16	5.1896e-15
1.0927e+14	6.3393e-16	5.2858e-15
1.0939e+14	6.6376e-16	5.3468e-15
1.0951e+14	6.9589e-16	5.0885e-15
1.0963e+14	6.0837e-16	4.8543e-15
1.0974e+14	5.4586e-16	4.9961e-15
1.0986e+14	5.8765e-16	5.0613e-15
1.0998e+14	5.8508e-16	4.7294e-15
1.101e+14	5.5251e-16	4.4084e-15
1.1022e+14	6.0629e-16	4.303e-15
1.1033e+14	6.3226e-16	4.2324e-15
1.1045e+14	5.527e-16	4.286e-15
1.1057e+14	5.1935e-16	4.4609e-15
1.1069e+14	5.5871e-16	4.3948e-15
1.1081e+14	5.6148e-16	4.2041e-15
1.1092e+14	5.6264e-16	4.3291e-15
1.1104e+14	5.7452e-16	4.4416e-15
1.1116e+14	5.09e-16	4.0492e-15
1.1128e+14	4.5703e-16	3.6608e-15
1.1139e+14	5.2424e-16	3.827e-15
1.1151e+14	5.6101e-16	4.0508e-15
1.1163e+14	5.1768e-16	3.8876e-15
1.1175e+14	5.5827e-16	3.7576e-15
1.1187e+14	6.1131e-16	3.8626e-15
1.1198e+14	5.0814e-16	3.8055e-15
1.121e+14	4.2109e-16	3.6233e-15
1.1222e+14	4.9294e-16	3.7192e-15
1.1234e+14	5.225e-16	3.8621e-15
1.1246e+14	4.5404e-16	3.6185e-15
1.1257e+14	4.7246e-16	3.3462e-15
1.1269e+14	5.3148e-16	3.5071e-15
1.1281e+14	4.9611e-16	3.6563e-15
1.1293e+14	4.7065e-16	3.2778e-15
1.1305e+14	4.8747e-16	2.8329e-15
1.1316e+14	4.1868e-16	2.8901e-15
1.1328e+14	3.5348e-16	3.094e-15
1.134e+14	4.2985e-16	2.9834e-15
1.1352e+14	4.8983e-16	2.8649e-15
1.1363e+14	4.2556e-16	3.0235e-15
1.1375e+14	4.0483e-16	3.0956e-15
1.1387e+14	4.6816e-16	2.8711e-15
1.1399e+14	4.6292e-16	2.698e-15
1.1411e+14	3.9729e-16	2.7472e-15
1.1422e+14	3.8316e-16	2.8073e-15
1.1434e+14	4.0233e-16	2.7965e-15
1.1446e+14	3.9907e-16	2.7469e-15
1.1458e+14	3.7104e-16	2.6155e-15
1.147e+14	3.2874e-16	2.5283e-15
1.1481e+14	3.1194e-16	2.637e-15
1.1493e+14	3.3129e-16	2.7108e-15
1.1505e+14	3.296e-16	2.5466e-15
1.1517e+14	3.3036e-16	2.416e-15
1.1528e+14	3.9095e-16	2.4799e-15
1.154e+14	4.0461e-16	2.4508e-15
1.1552e+14	3.0702e-16	2.272e-15
1.1564e+14	2.7526e-16	2.263e-15
1.1576e+14	3.7099e-16	2.4142e-15
1.1587e+14	3.9684e-16	2.4086e-15
1.1599e+14	3.1905e-16	2.2572e-15
1.1611e+14	3.048e-16	2.1918e-15
1.1623e+14	3.4316e-16	2.2098e-15
1.1635e+14	3.3127e-16	2.2034e-15
1.1646e+14	3.2057e-16	2.1773e-15
1.1658e+14	3.3868e-16	2.1238e-15
1.167e+14	3.1534e-16	2.0135e-15
1.1682e+14	2.845e-16	1.9141e-15
1.1694e+14	3.086e-16	1.9012e-15
1.1705e+14	3.2939e-16	1.953e-15
1.1717e+14	3.2035e-16	2.0014e-15
1.1729e+14	3.254e-16	1.993e-15
1.1741e+14	3.1826e-16	1.9375e-15
1.1752e+14	2.8553e-16	1.8961e-15
1.1764e+14	2.8799e-16	1.8638e-15
1.1776e+14	3.0474e-16	1.8049e-15
1.1788e+14	2.8185e-16	1.8052e-15
1.18e+14	2.7686e-16	1.9164e-15
1.1811e+14	3.0917e-16	1.9635e-15
1.1823e+14	3.0155e-16	1.8234e-15
1.1835e+14	2.7956e-16	1.65e-15
1.1847e+14	3.0985e-16	1.5663e-15
1.1859e+14	3.2435e-16	1.5055e-15
1.187e+14	2.8368e-16	1.4767e-15
1.1882e+14	2.6614e-16	1.5485e-15
1.1894e+14	2.7082e-16	1.6126e-15
1.1906e+14	2.4883e-16	1.5746e-15
1.1917e+14	2.4989e-16	1.5628e-15
1.1929e+14	2.8159e-16	1.6385e-15
1.1941e+14	2.7114e-16	1.6513e-15
1.1953e+14	2.5087e-16	1.5598e-15
1.1965e+14	2.7173e-16	1.4868e-15
1.1976e+14	2.6225e-16	1.4342e-15
1.1988e+14	2.1171e-16	1.3384e-15
1.2e+14	2.0136e-16	1.2957e-15
1.2012e+14	2.0219e-16	1.3811e-15
1.2024e+14	1.7629e-16	1.4392e-15
1.2035e+14	1.9657e-16	1.3427e-15
1.2047e+14	2.3464e-16	1.2383e-15
1.2059e+14	1.9756e-16	1.2932e-15
1.2071e+14	1.8328e-16	1.4017e-15
1.2083e+14	2.6772e-16	1.376e-15
1.2094e+14	2.9423e-16	1.2698e-15
1.2106e+14	2.1824e-16	1.2586e-15
1.2118e+14	2.0002e-16	1.3116e-15
1.213e+14	2.3303e-16	1.2739e-15
1.2141e+14	2.119e-16	1.1946e-15
1.2153e+14	2.1332e-16	1.2367e-15
1.2165e+14	2.6887e-16	1.3339e-15
1.2177e+14	2.5038e-16	1.2936e-15
1.2189e+14	1.9245e-16	1.1549e-15
1.22e+14	2.2524e-16	1.1038e-15
1.2212e+14	2.6176e-16	1.1439e-15
1.2224e+14	2.106e-16	1.1533e-15
1.2236e+14	1.8573e-16	1.1306e-15
1.2248e+14	2.2842e-16	1.1435e-15
1.2259e+14	2.3995e-16	1.1683e-15
1.2271e+14	2.1999e-16	1.1496e-15
1.2283e+14	2.1365e-16	1.0991e-15
1.2295e+14	2.0541e-16	1.0488e-15
1.2306e+14	2.2163e-16	1.0061e-15
1.2318e+14	2.5987e-16	9.7745e-16
1.233e+14	2.2758e-16	9.6824e-16
1.2342e+14	1.6754e-16	9.742e-16
1.2354e+14	2.0347e-16	9.9911e-16
1.2365e+14	2.4238e-16	1.0339e-15
1.2377e+14	1.7866e-16	1.0292e-15
1.2389e+14	1.5412e-16	9.6239e-16
1.2401e+14	2.2338e-16	9.0408e-16
1.2413e+14	2.2143e-16	9.2674e-16
1.2424e+14	1.5923e-16	9.8314e-16
1.2436e+14	1.9065e-16	9.7787e-16
1.2448e+14	2.5137e-16	9.2763e-16
1.246e+14	2.2968e-16	9.287e-16
1.2472e+14	2.0597e-16	9.8051e-16
1.2483e+14	2.2236e-16	9.8002e-16
1.2495e+14	2.0846e-16	9.0046e-16
1.2507e+14	1.7657e-16	8.3037e-16
1.2519e+14	1.5963e-16	8.1634e-16
1.253e+14	1.3792e-16	8.2043e-16
1.2542e+14	1.5298e-16	8.3919e-16
1.2554e+14	2.0713e-16	8.8886e-16
1.2566e+14	1.9183e-16	8.9485e-16
1.2578e+14	1.4142e-16	7.986e-16
1.2589e+14	1.8533e-16	7.0989e-16
1.2601e+14	2.2789e-16	7.3322e-16
1.2613e+14	1.5645e-16	7.6943e-16
1.2625e+14	1.21e-16	7.1563e-16
1.2637e+14	1.8778e-16	6.6596e-16
1.2648e+14	1.903e-16	7.0181e-16
1.266e+14	1.3085e-16	7.3413e-16
1.2672e+14	1.5287e-16	7.1508e-16
1.2684e+14	1.9273e-16	7.2028e-16
1.2695e+14	1.6589e-16	7.466e-16
1.2707e+14	1.6858e-16	7.2125e-16
1.2719e+14	2.1013e-16	6.8348e-16
1.2731e+14	2.0061e-16	6.98e-16
1.2743e+14	1.8753e-16	7.1396e-16
1.2754e+14	2.0021e-16	6.9267e-16
1.2766e+14	1.5394e-16	6.7911e-16
1.2778e+14	1.0643e-16	6.7316e-16
1.279e+14	1.5903e-16	6.4794e-16
1.2802e+14	1.9491e-16	6.4542e-16
1.2813e+14	1.4372e-16	6.6832e-16
1.2825e+14	1.4295e-16	6.4289e-16
1.2837e+14	1.9226e-16	5.9508e-16
1.2849e+14	1.6446e-16	6.176e-16
1.2861e+14	1.2796e-16	6.6023e-16
1.2872e+14	1.6351e-16	6.244e-16
1.2884e+14	1.6303e-16	5.6594e-16
1.2896e+14	1.1853e-16	5.6628e-16
1.2908e+14	1.4259e-16	5.7757e-16
1.2919e+14	1.7665e-16	5.5396e-16
1.2931e+14	1.4567e-16	5.3401e-16
1.2943e+14	1.4734e-16	5.3475e-16
1.2955e+14	1.8633e-16	5.3983e-16
1.2967e+14	1.5761e-16	5.5578e-16
1.2978e+14	1.2783e-16	5.7073e-16
1.299e+14	1.7675e-16	5.5452e-16
1.3002e+14	1.9795e-16	5.2576e-16
1.3014e+14	1.6692e-16	5.1276e-16
1.3026e+14	1.8329e-16	5.0007e-16
1.3037e+14	1.946e-16	4.8352e-16
1.3049e+14	1.3701e-16	4.7931e-16
1.3061e+14	1.2556e-16	4.7433e-16
1.3073e+14	1.6997e-16	4.6693e-16
1.3084e+14	1.337e-16	4.8797e-16
1.3096e+14	7.7528e-17	5.1924e-16
1.3108e+14	1.3409e-16	5.1186e-16
1.312e+14	1.9044e-16	4.8675e-16
1.3132e+14	1.3638e-16	4.8582e-16
1.3143e+14	9.2253e-17	4.8874e-16
1.3155e+14	1.2546e-16	4.7954e-16
1.3167e+14	1.4337e-16	4.8287e-16
1.3179e+14	1.2514e-16	4.9009e-16
1.3191e+14	1.2011e-16	4.7434e-16
1.3202e+14	1.2084e-16	4.5576e-16
1.3214e+14	1.2442e-16	4.5217e-16
1.3226e+14	1.4698e-16	4.4392e-16
1.3238e+14	1.5987e-16	4.3544e-16
1.325e+14	1.4656e-16	4.4442e-16
1.3261e+14	1.2915e-16	4.4148e-16
1.3273e+14	1.1502e-16	4.045e-16
1.3285e+14	1.2422e-16	3.7464e-16
1.3297e+14	1.6821e-16	3.8384e-16
1.3308e+14	1.7754e-16	4.0639e-16
1.332e+14	1.2422e-16	4.1724e-16
1.3332e+14	1.0293e-16	4.222e-16
1.3344e+14	1.3616e-16	4.2509e-16
1.3356e+14	1.3947e-16	4.1724e-16
1.3367e+14	1.2553e-16	3.9906e-16
1.3379e+14	1.4599e-16	3.92e-16
1.3391e+14	1.4221e-16	4.1145e-16
1.3403e+14	1.0341e-16	4.2649e-16
1.3415e+14	1.1671e-16	3.9921e-16
1.3426e+14	1.5146e-16	3.6381e-16
1.3438e+14	1.2444e-16	3.7247e-16
1.345e+14	1.0289e-16	3.8896e-16
1.3462e+14	1.3919e-16	3.6286e-16
1.3473e+14	1.445e-16	3.4271e-16
1.3485e+14	1.1155e-16	3.76e-16
1.3497e+14	1.3422e-16	4.0267e-16
1.3509e+14	1.8165e-16	3.7193e-16
1.3521e+14	1.6611e-16	3.3312e-16
1.3532e+14	1.2205e-16	3.2766e-16
1.3544e+14	1.1229e-16	3.3087e-16
1.3556e+14	1.3064e-16	3.3429e-16
1.3568e+14	1.5402e-16	3.5506e-16
1.358e+14	1.5391e-16	3.7321e-16
1.3591e+14	1.2451e-16	3.6197e-16
1.3603e+14	1.1846e-16	3.4152e-16
1.3615e+14	1.3894e-16	3.3416e-16
1.3627e+14	1.2476e-16	3.2326e-16
1.3639e+14	1.0938e-16	3.0118e-16
1.365e+14	1.5532e-16	2.9613e-16
1.3662e+14	1.8564e-16	3.1619e-16
1.3674e+14	1.4201e-16	3.2546e-16
1.3686e+14	1.1528e-16	3.1006e-16
1.3697e+14	1.3965e-16	3.0686e-16
1.3709e+14	1.4506e-16	3.2913e-16
1.3721e+14	1.3742e-16	3.3682e-16
1.3733e+14	1.4518e-16	3.181e-16
1.3745e+14	1.3222e-16	3.1138e-16
1.3756e+14	1.2349e-16	3.222e-16
1.3768e+14	1.5699e-16	3.1914e-16
1.378e+14	1.5236e-16	3.0781e-16
1.3792e+14	9.7278e-17	3.0781e-16
1.3804e+14	1.1302e-16	3.0004e-16
1.3815e+14	1.7151e-16	2.8041e-16
1.3827e+14	1.418e-16	2.8371e-16
1.3839e+14	9.112e-17	3.0517e-16
1.3851e+14	1.2395e-16	3.0238e-16
1.3862e+14	1.5122e-16	2.7954e-16
1.3874e+14	1.2387e-16	2.6923e-16
1.3886e+14	1.2935e-16	2.6973e-16
1.3898e+14	1.5458e-16	2.7128e-16
1.391e+14	1.3383e-16	2.777e-16
1.3921e+14	1.1541e-16	2.7792e-16
1.3933e+14	1.2168e-16	2.6469e-16
1.3945e+14	1.0933e-16	2.5509e-16
1.3957e+14	1.1252e-16	2.507e-16
1.3969e+14	1.3947e-16	2.4125e-16
1.398e+14	1.1325e-16	2.4265e-16
1.3992e+14	7.7513e-17	2.5774e-16
1.4004e+14	1.1928e-16	2.5642e-16
1.4016e+14	1.5036e-16	2.4515e-16
1.4028e+14	1.2082e-16	2.5482e-16
1.4039e+14	1.4085e-16	2.5947e-16
1.4051e+14	1.7692e-16	2.324e-16
1.4063e+14	1.0918e-16	2.2422e-16
1.4075e+14	5.2411e-17	2.6203e-16
1.4086e+14	1.1168e-16	2.8098e-16
1.4098e+14	1.3664e-16	2.5066e-16
1.411e+14	8.6253e-17	2.2949e-16
1.4122e+14	1.1006e-16	2.4238e-16
1.4134e+14	1.6204e-16	2.4893e-16
1.4145e+14	1.2149e-16	2.4089e-16
1.4157e+14	1.0172e-16	2.4547e-16
1.4169e+14	1.6561e-16	2.55e-16
1.4181e+14	1.6818e-16	2.4718e-16
1.4193e+14	1.0628e-16	2.3628e-16
1.4204e+14	1.0055e-16	2.4113e-16
1.4216e+14	1.0642e-16	2.4321e-16
1.4228e+14	7.8774e-17	2.2248e-16
1.424e+14	9.8433e-17	1.9988e-16
1.4251e+14	1.3106e-16	2.0166e-16
1.4263e+14	9.6693e-17	2.1358e-16
1.4275e+14	8.6561e-17	2.1644e-16
1.4287e+14	1.3507e-16	2.2374e-16
1.4299e+14	1.2165e-16	2.3488e-16
1.431e+14	7.2041e-17	2.2043e-16
1.4322e+14	9.38e-17	1.9595e-16
1.4334e+14	1.1181e-16	2.105e-16
1.4346e+14	7.5846e-17	2.441e-16
1.4358e+14	9.1046e-17	2.3994e-16
1.4369e+14	1.3557e-16	2.1536e-16
1.4381e+14	1.0756e-16	2.1355e-16
1.4393e+14	8.604e-17	2.1633e-16
1.4405e+14	1.3124e-16	2.0883e-16
1.4417e+14	1.3601e-16	2.1805e-16
1.4428e+14	1.0003e-16	2.3215e-16
1.444e+14	1.1642e-16	2.1471e-16
1.4452e+14	1.2661e-16	1.9158e-16
1.4464e+14	8.8287e-17	1.9825e-16
1.4475e+14	1.0182e-16	2.0909e-16
1.4487e+14	1.4908e-16	2.0659e-16
1.4499e+14	1.2579e-16	2.1242e-16
1.4511e+14	9.9644e-17	2.1742e-16
1.4523e+14	1.3662e-16	1.9989e-16
1.4534e+14	1.4041e-16	1.8716e-16
1.4546e+14	1.0394e-16	2.0034e-16
1.4558e+14	1.1922e-16	2.086e-16
1.457e+14	1.3583e-16	1.9718e-16
1.4582e+14	9.7488e-17	1.9105e-16
1.4593e+14	9.5246e-17	1.9601e-16
1.4605e+14	1.4082e-16	1.9567e-16
1.4617e+14	1.3822e-16	1.9026e-16
1.4629e+14	1.1119e-16	1.899e-16
1.464e+14	1.2051e-16	1.9577e-16
1.4652e+14	1.2213e-16	2.001e-16
1.4664e+14	1.0808e-16	1.9208e-16
1.4676e+14	1.1899e-16	1.771e-16
1.4688e+14	1.1695e-16	1.7589e-16
1.4699e+14	8.7828e-17	1.8708e-16
1.4711e+14	9.1041e-17	1.9112e-16
1.4723e+14	1.0868e-16	1.9028e-16
1.4735e+14	1.0151e-16	1.9208e-16
1.4747e+14	1.1662e-16	1.8613e-16
1.4758e+14	1.3881e-16	1.7864e-16
1.477e+14	1.0024e-16	1.869e-16
1.4782e+14	7.0992e-17	1.9233e-16
1.4794e+14	1.1448e-16	1.7559e-16
1.4806e+14	1.3272e-16	1.6292e-16
1.4817e+14	1.0229e-16	1.7208e-16
1.4829e+14	1.1394e-16	1.817e-16
1.4841e+14	1.2777e-16	1.8261e-16
1.4853e+14	9.1349e-17	1.8034e-16
1.4864e+14	1.0457e-16	1.6904e-16
1.4876e+14	1.5995e-16	1.6089e-16
1.4888e+14	1.2214e-16	1.7351e-16
1.49e+14	5.6435e-17	1.8002e-16
1.4912e+14	9.21e-17	1.6227e-16
1.4923e+14	1.3237e-16	1.5874e-16
1.4935e+14	1.0827e-16	1.794e-16
1.4947e+14	1.2587e-16	1.8163e-16
1.4959e+14	1.6599e-16	1.6779e-16
1.4971e+14	1.2791e-16	1.72e-16
1.4982e+14	9.2702e-17	1.7684e-16
1.4994e+14	1.2202e-16	1.6517e-16
1.5006e+14	1.1779e-16	1.6604e-16
1.5018e+14	9.4078e-17	1.7603e-16
1.5029e+14	1.3866e-16	1.6266e-16
1.5041e+14	1.6286e-16	1.4791e-16
1.5053e+14	1.0318e-16	1.59e-16
1.5065e+14	7.6159e-17	1.6374e-16
1.5077e+14	1.0395e-16	1.4834e-16
1.5088e+14	1.022e-16	1.4666e-16
1.51e+14	1.0963e-16	1.602e-16
1.5112e+14	1.5081e-16	1.6634e-16
1.5124e+14	1.3669e-16	1.715e-16
1.5136e+14	9.8553e-17	1.7432e-16
1.5147e+14	1.29e-16	1.5979e-16
1.5159e+14	1.5018e-16	1.4896e-16
1.5171e+14	1.0538e-16	1.5836e-16
1.5183e+14	9.3014e-17	1.601e-16
1.5194e+14	1.1626e-16	1.5175e-16
1.5206e+14	9.9137e-17	1.625e-16
1.5218e+14	9.3521e-17	1.7388e-16
1.523e+14	1.1798e-16	1.5621e-16
1.5242e+14	8.668e-17	1.4005e-16
1.5253e+14	6.053e-17	1.5091e-16
1.5265e+14	1.364e-16	1.6212e-16
1.5277e+14	1.864e-16	1.6129e-16
1.5289e+14	1.2295e-16	1.6128e-16
1.5301e+14	8.7543e-17	1.5642e-16
1.5312e+14	1.2319e-16	1.4685e-16
1.5324e+14	1.2059e-16	1.4829e-16
1.5336e+14	9.9129e-17	1.5148e-16
1.5348e+14	1.1396e-16	1.4636e-16
1.536e+14	1.0395e-16	1.5114e-16
1.5371e+14	7.8126e-17	1.6072e-16
1.5383e+14	1.0387e-16	1.4936e-16
1.5395e+14	1.2193e-16	1.358e-16
1.5407e+14	9.8662e-17	1.4616e-16
1.5418e+14	1.1241e-16	1.556e-16
1.543e+14	1.3357e-16	1.4771e-16
1.5442e+14	9.5499e-17	1.4541e-16
1.5454e+14	8.4969e-17	1.4798e-16
1.5466e+14	1.2112e-16	1.3797e-16
1.5477e+14	8.7845e-17	1.3127e-16
1.5489e+14	4.0247e-17	1.3912e-16
1.5501e+14	9.5318e-17	1.4214e-16
1.5513e+14	1.3485e-16	1.3711e-16
1.5525e+14	7.7591e-17	1.3456e-16
1.5536e+14	6.9441e-17	1.2886e-16
1.5548e+14	1.2391e-16	1.2587e-16
1.556e+14	1.0639e-16	1.391e-16
1.5572e+14	7.726e-17	1.4862e-16
1.5583e+14	1.2544e-16	1.392e-16
1.5595e+14	1.3844e-16	1.3628e-16
1.5607e+14	9.0773e-17	1.4619e-16
1.5619e+14	9.9262e-17	1.435e-16
1.5631e+14	1.1848e-16	1.3487e-16
1.5642e+14	7.2824e-17	1.4219e-16
1.5654e+14	7.3218e-17	1.5083e-16
1.5666e+14	1.4091e-16	1.4579e-16
1.5678e+14	1.3725e-16	1.3893e-16
1.569e+14	8.8649e-17	1.3544e-16
1.5701e+14	1.0683e-16	1.3541e-16
1.5713e+14	1.3042e-16	1.4366e-16
1.5725e+14	1.1482e-16	1.4558e-16
1.5737e+14	1.3896e-16	1.3141e-16
1.5749e+14	1.7057e-16	1.258e-16
1.576e+14	1.2732e-16	1.341e-16
1.5772e+14	8.2996e-17	1.3109e-16
1.5784e+14	9.5746e-17	1.2671e-16
1.5796e+14	9.8932e-17	1.3886e-16
1.5807e+14	9.1079e-17	1.3808e-16
1.5819e+14	1.1187e-16	1.1921e-16
1.5831e+14	1.1221e-16	1.2606e-16
1.5843e+14	8.5649e-17	1.4797e-16
1.5855e+14	9.3521e-17	1.3828e-16
1.5866e+14	1.0485e-16	1.2168e-16
1.5878e+14	8.317e-17	1.3199e-16
1.589e+14	8.7571e-17	1.3321e-16
1.5902e+14	1.0924e-16	1.1501e-16
1.5914e+14	8.7766e-17	1.2013e-16
1.5925e+14	7.9917e-17	1.3674e-16
1.5937e+14	1.1481e-16	1.2732e-16
1.5949e+14	9.8774e-17	1.2026e-16
1.5961e+14	5.4253e-17	1.3627e-16
1.5972e+14	9.1218e-17	1.3691e-16
1.5984e+14	1.4241e-16	1.2028e-16
1.5996e+14	1.131e-16	1.2345e-16
1.6008e+14	8.8152e-17	1.3284e-16
1.602e+14	1.1073e-16	1.2298e-16
1.6031e+14	1.011e-16	1.1627e-16
1.6043e+14	7.9533e-17	1.2437e-16
1.6055e+14	1.027e-16	1.2855e-16
1.6067e+14	1.0803e-16	1.2936e-16
1.6079e+14	8.2255e-17	1.3128e-16
1.609e+14	9.953e-17	1.2592e-16
1.6102e+14	1.2205e-16	1.2525e-16
1.6114e+14	8.9361e-17	1.3535e-16
1.6126e+14	7.245e-17	1.3043e-16
1.6138e+14	9.7661e-17	1.1586e-16
1.6149e+14	9.3839e-17	1.2517e-16
1.6161e+14	8.2944e-17	1.3973e-16
1.6173e+14	1.1585e-16	1.2864e-16
1.6185e+14	1.3708e-16	1.1859e-16
1.6196e+14	1.2759e-16	1.251e-16
1.6208e+14	1.3537e-16	1.2096e-16
1.622e+14	1.3011e-16	1.1506e-16
1.6232e+14	9.6044e-17	1.2982e-16
1.6244e+14	1.09e-16	1.3453e-16
1.6255e+14	1.4907e-16	1.1649e-16
1.6267e+14	1.2953e-16	1.1552e-16
1.6279e+14	1.05e-16	1.2937e-16
1.6291e+14	1.342e-16	1.2513e-16
1.6303e+14	1.3459e-16	1.24e-16
1.6314e+14	9.6366e-17	1.411e-16
1.6326e+14	1.112e-16	1.3635e-16
1.6338e+14	1.4249e-16	1.1036e-16
1.635e+14	1.1695e-16	1.0884e-16
1.6361e+14	9.8236e-17	1.2167e-16
1.6373e+14	1.1693e-16	1.1894e-16
1.6385e+14	1.0894e-16	1.2057e-16
1.6397e+14	9.6698e-17	1.3038e-16
1.6409e+14	1.2322e-16	1.2048e-16
1.642e+14	1.2432e-16	1.0964e-16
1.6432e+14	8.6931e-17	1.2541e-16
1.6444e+14	8.353e-17	1.3598e-16
1.6456e+14	9.6905e-17	1.2281e-16
1.6468e+14	8.5196e-17	1.1799e-16
1.6479e+14	9.0382e-17	1.2393e-16
1.6491e+14	1.0231e-16	1.1756e-16
1.6503e+14	7.3021e-17	1.1329e-16
1.6515e+14	6.8463e-17	1.2188e-16
1.6527e+14	1.2363e-16	1.2012e-16
1.6538e+14	1.366e-16	1.1072e-16
1.655e+14	9.9901e-17	1.1654e-16
1.6562e+14	1.1176e-16	1.2499e-16
1.6574e+14	1.3404e-16	1.2036e-16
1.6585e+14	9.5026e-17	1.1657e-16
1.6597e+14	7.2821e-17	1.1647e-16
1.6609e+14	1.068e-16	1.1139e-16
1.6621e+14	1.1604e-16	1.1191e-16
1.6633e+14	1.0196e-16	1.2001e-16
1.6644e+14	1.1266e-16	1.1945e-16
1.6656e+14	1.0243e-16	1.1547e-16
1.6668e+14	6.8573e-17	1.2008e-16
1.668e+14	8.9259e-17	1.2124e-16
1.6692e+14	1.3892e-16	1.1701e-16
1.6703e+14	1.4334e-16	1.2272e-16
1.6715e+14	1.3106e-16	1.2875e-16
1.6727e+14	1.2485e-16	1.1966e-16
1.6739e+14	9.6835e-17	1.1092e-16
1.675e+14	8.6223e-17	1.138e-16
1.6762e+14	1.2016e-16	1.1664e-16
1.6774e+14	1.3254e-16	1.1893e-16
1.6786e+14	1.2066e-16	1.2508e-16
1.6798e+14	1.4009e-16	1.2448e-16
1.6809e+14	1.4274e-16	1.1724e-16
1.6821e+14	9.6305e-17	1.1485e-16
1.6833e+14	9.2876e-17	1.1259e-16
1.6845e+14	1.3771e-16	1.0842e-16
1.6857e+14	1.2871e-16	1.126e-16
1.6868e+14	9.2033e-17	1.1513e-16
1.688e+14	1.0377e-16	1.0484e-16
1.6892e+14	1.0619e-16	1.0324e-16
1.6904e+14	6.7627e-17	1.1681e-16
1.6916e+14	6.6084e-17	1.1693e-16
1.6927e+14	9.5248e-17	1.0586e-16
1.6939e+14	8.7247e-17	1.124e-16
1.6951e+14	7.4507e-17	1.2365e-16
1.6963e+14	8.7663e-17	1.1548e-16
1.6974e+14	7.9836e-17	1.0694e-16
1.6986e+14	6.2428e-17	1.1338e-16
1.6998e+14	8.1329e-17	1.1724e-16
1.701e+14	1.0073e-16	1.1499e-16
1.7022e+14	9.4702e-17	1.1611e-16
1.7033e+14	9.6043e-17	1.1265e-16
1.7045e+14	9.4467e-17	1.059e-16
1.7057e+14	7.9459e-17	1.1211e-16
1.7069e+14	9.6259e-17	1.2233e-16
1.7081e+14	1.2368e-16	1.1908e-16
1.7092e+14	9.9742e-17	1.1225e-16
1.7104e+14	7.8541e-17	1.1141e-16
1.7116e+14	1.1639e-16	1.1121e-16
1.7128e+14	1.3552e-16	1.1677e-16
1.7139e+14	1.0061e-16	1.2786e-16
1.7151e+14	9.0693e-17	1.2464e-16
1.7163e+14	1.0962e-16	1.0965e-16
1.7175e+14	9.9261e-17	1.0753e-16
1.7187e+14	9.1164e-17	1.1455e-16
1.7198e+14	1.1789e-16	1.1411e-16
1.721e+14	1.2872e-16	1.153e-16
1.7222e+14	1.1225e-16	1.2325e-16
1.7234e+14	1.075e-16	1.2364e-16
1.7246e+14	1.0113e-16	1.1922e-16
1.7257e+14	8.0391e-17	1.2183e-16
1.7269e+14	8.4642e-17	1.216e-16
1.7281e+14	1.1506e-16	1.1409e-16
1.7293e+14	1.2711e-16	1.1649e-16
1.7305e+14	1.1334e-16	1.2887e-16
1.7316e+14	9.587e-17	1.3058e-16
1.7328e+14	9.092e-17	1.1949e-16
1.734e+14	1.0233e-16	1.1197e-16
1.7352e+14	1.0238e-16	1.1422e-16
1.7363e+14	7.7342e-17	1.1721e-16
1.7375e+14	7.4863e-17	1.118e-16
1.7387e+14	1.0632e-16	1.0499e-16
1.7399e+14	1.1076e-16	1.1138e-16
1.7411e+14	9.0821e-17	1.2214e-16
1.7422e+14	9.9445e-17	1.1658e-16
1.7434e+14	1.0475e-16	1.0518e-16
1.7446e+14	7.8145e-17	1.0811e-16
1.7458e+14	8.5305e-17	1.1271e-16
1.747e+14	1.2607e-16	1.0854e-16
1.7481e+14	1.1563e-16	1.1288e-16
1.7493e+14	7.9909e-17	1.2252e-16
1.7505e+14	9.6749e-17	1.1681e-16
1.7517e+14	1.2187e-16	1.112e-16
1.7528e+14	1.0574e-16	1.2277e-16
1.754e+14	9.6103e-17	1.254e-16
1.7552e+14	1.0413e-16	1.1123e-16
1.7564e+14	9.8049e-17	1.1356e-16
1.7576e+14	1.0334e-16	1.2947e-16
1.7587e+14	1.2264e-16	1.241e-16
1.7599e+14	1.0958e-16	1.0777e-16
1.7611e+14	9.4315e-17	1.0812e-16
1.7623e+14	1.2055e-16	1.1097e-16
1.7635e+14	1.2943e-16	1.0326e-16
1.7646e+14	9.3217e-17	1.0321e-16
1.7658e+14	7.6139e-17	1.1287e-16
1.767e+14	8.3995e-17	1.1424e-16
1.7682e+14	8.5721e-17	1.0868e-16
1.7694e+14	1.1277e-16	1.0699e-16
1.7705e+14	1.492e-16	1.0963e-16
1.7717e+14	1.2529e-16	1.1628e-16
1.7729e+14	8.6647e-17	1.214e-16
1.7741e+14	1.07e-16	1.1596e-16
1.7752e+14	1.2486e-16	1.1048e-16
1.7764e+14	9.9248e-17	1.1739e-16
1.7776e+14	1.0329e-16	1.2181e-16
1.7788e+14	1.4051e-16	1.1287e-16
1.78e+14	1.4563e-16	1.0596e-16
1.7811e+14	1.3663e-16	1.0729e-16
1.7823e+14	1.3501e-16	1.0807e-16
1.7835e+14	1.0531e-16	1.1152e-16
1.7847e+14	7.85e-17	1.1856e-16
1.7859e+14	9.8485e-17	1.1784e-16
1.787e+14	1.0614e-16	1.1292e-16
1.7882e+14	7.9524e-17	1.1316e-16
1.7894e+14	8.3723e-17	1.1011e-16
1.7906e+14	9.8294e-17	1.0543e-16
1.7917e+14	7.1394e-17	1.1554e-16
1.7929e+14	6.5103e-17	1.2839e-16
1.7941e+14	1.0334e-16	1.2286e-16
1.7953e+14	1.0342e-16	1.1645e-16
1.7965e+14	7.8486e-17	1.2563e-16
1.7976e+14	1.0201e-16	1.2912e-16
1.7988e+14	1.2091e-16	1.1966e-16
1.8e+14	8.8381e-17	1.1941e-16
1.8012e+14	8.065e-17	1.2548e-16
1.8024e+14	1.1243e-16	1.1741e-16
1.8035e+14	1.1781e-16	1.049e-16
1.8047e+14	1.157e-16	1.0555e-16
1.8059e+14	1.3181e-16	1.1127e-16
1.8071e+14	1.1434e-16	1.1233e-16
1.8083e+14	8.035e-17	1.1259e-16
1.8094e+14	9.5504e-17	1.1393e-16
1.8106e+14	1.1655e-16	1.1673e-16
1.8118e+14	9.9067e-17	1.2316e-16
1.813e+14	1.0057e-16	1.2863e-16
1.8141e+14	1.2588e-16	1.2885e-16
1.8153e+14	1.1913e-16	1.2732e-16
1.8165e+14	1.1204e-16	1.2592e-16
1.8177e+14	1.3608e-16	1.2531e-16
1.8189e+14	1.2923e-16	1.2792e-16
1.82e+14	8.7126e-17	1.2731e-16
1.8212e+14	8.1076e-17	1.1711e-16
1.8224e+14	1.0126e-16	1.0862e-16
1.8236e+14	1.0056e-16	1.1145e-16
1.8248e+14	9.6745e-17	1.1726e-16
1.8259e+14	1.0099e-16	1.2073e-16
1.8271e+14	1.0051e-16	1.2319e-16
1.8283e+14	1.104e-16	1.1956e-16
1.8295e+14	1.1765e-16	1.1421e-16
1.8306e+14	9.4957e-17	1.1998e-16
1.8318e+14	8.7291e-17	1.2658e-16
1.833e+14	1.1288e-16	1.2e-16
1.8342e+14	1.0458e-16	1.1805e-16
1.8354e+14	7.7558e-17	1.3129e-16
1.8365e+14	1.059e-16	1.3576e-16
1.8377e+14	1.3011e-16	1.2536e-16
1.8389e+14	8.5496e-17	1.2211e-16
1.8401e+14	6.2323e-17	1.2408e-16
1.8413e+14	9.6523e-17	1.1766e-16
1.8424e+14	9.9841e-17	1.1496e-16
1.8436e+14	9.1211e-17	1.2052e-16
1.8448e+14	1.354e-16	1.1817e-16
1.846e+14	1.5024e-16	1.1551e-16
1.8472e+14	9.5932e-17	1.2831e-16
1.8483e+14	8.7389e-17	1.3578e-16
1.8495e+14	1.3515e-16	1.2099e-16
1.8507e+14	1.3282e-16	1.0888e-16
1.8519e+14	9.931e-17	1.1692e-16
1.853e+14	9.9487e-17	1.2866e-16
1.8542e+14	9.8609e-17	1.3146e-16
1.8554e+14	9.5577e-17	1.2681e-16
1.8566e+14	1.2482e-16	1.1769e-16
1.8578e+14	1.2283e-16	1.1405e-16
1.8589e+14	6.9316e-17	1.1963e-16
1.8601e+14	7.2525e-17	1.1875e-16
1.8613e+14	1.3368e-16	1.0857e-16
1.8625e+14	1.3514e-16	1.0917e-16
1.8637e+14	9.0353e-17	1.2206e-16
1.8648e+14	8.7836e-17	1.2765e-16
1.866e+14	1.0957e-16	1.2349e-16
1.8672e+14	1.2266e-16	1.2115e-16
1.8684e+14	1.3641e-16	1.2261e-16
1.8695e+14	1.1934e-16	1.2382e-16
1.8707e+14	7.4914e-17	1.2033e-16
1.8719e+14	7.7469e-17	1.1209e-16
1.8731e+14	1.0987e-16	1.12e-16
1.8743e+14	9.9072e-17	1.2491e-16
1.8754e+14	8.6028e-17	1.3174e-16
1.8766e+14	1.1164e-16	1.2542e-16
1.8778e+14	1.0975e-16	1.234e-16
1.879e+14	7.7638e-17	1.2596e-16
1.8802e+14	8.5799e-17	1.1965e-16
1.8813e+14	1.0284e-16	1.1478e-16
1.8825e+14	8.0383e-17	1.2099e-16
1.8837e+14	7.49e-17	1.2214e-16
1.8849e+14	1.0175e-16	1.1531e-16
1.8861e+14	1.0056e-16	1.1642e-16
1.8872e+14	8.5541e-17	1.2055e-16
1.8884e+14	9.4527e-17	1.183e-16
1.8896e+14	9.5315e-17	1.2181e-16
1.8908e+14	9.0966e-17	1.2995e-16
1.8919e+14	1.1796e-16	1.2551e-16
1.8931e+14	1.3287e-16	1.1822e-16
1.8943e+14	1.0519e-16	1.2423e-16
1.8955e+14	9.001e-17	1.2888e-16
1.8967e+14	9.1984e-17	1.228e-16
1.8978e+14	7.5889e-17	1.2037e-16
1.899e+14	8.4245e-17	1.2148e-16
1.9002e+14	1.2783e-16	1.1781e-16
1.9014e+14	1.3032e-16	1.2015e-16
1.9026e+14	1.0451e-16	1.2984e-16
1.9037e+14	1.2273e-16	1.3032e-16
1.9049e+14	1.4003e-16	1.2437e-16
1.9061e+14	1.116e-16	1.2259e-16
1.9073e+14	1.091e-16	1.174e-16
1.9084e+14	1.4188e-16	1.1268e-16
1.9096e+14	1.3225e-16	1.2291e-16
1.9108e+14	1.0136e-16	1.3147e-16
1.912e+14	1.0553e-16	1.2086e-16
1.9132e+14	1.0567e-16	1.1399e-16
1.9143e+14	8.9733e-17	1.2334e-16
1.9155e+14	1.0535e-16	1.2552e-16
1.9167e+14	1.2281e-16	1.1914e-16
1.9179e+14	1.0258e-16	1.234e-16
1.9191e+14	9.7825e-17	1.2634e-16
1.9202e+14	1.2071e-16	1.1433e-16
1.9214e+14	1.1092e-16	1.0912e-16
1.9226e+14	8.6003e-17	1.2108e-16
1.9238e+14	9.7119e-17	1.2993e-16
1.925e+14	1.1152e-16	1.2948e-16
1.9261e+14	1.0343e-16	1.2877e-16
1.9273e+14	1.0525e-16	1.2587e-16
1.9285e+14	1.1609e-16	1.2191e-16
1.9297e+14	1.2023e-16	1.229e-16
1.9308e+14	1.3365e-16	1.2107e-16
1.932e+14	1.4343e-16	1.1475e-16
1.9332e+14	1.3084e-16	1.1967e-16
1.9344e+14	1.2674e-16	1.3364e-16
1.9356e+14	1.2643e-16	1.3706e-16
1.9367e+14	9.4264e-17	1.3131e-16
1.9379e+14	8.3177e-17	1.2839e-16
1.9391e+14	1.3529e-16	1.2466e-16
1.9403e+14	1.6042e-16	1.1829e-16
1.9415e+14	1.1707e-16	1.1764e-16
1.9426e+14	9.856e-17	1.2163e-16
1.9438e+14	1.2358e-16	1.2348e-16
1.945e+14	1.1942e-16	1.2283e-16
1.9462e+14	9.8487e-17	1.1933e-16
1.9473e+14	9.8057e-17	1.16e-16
1.9485e+14	8.7108e-17	1.2074e-16
1.9497e+14	7.8282e-17	1.2765e-16
1.9509e+14	1.1012e-16	1.2529e-16
1.9521e+14	1.2579e-16	1.2142e-16
1.9532e+14	9.3465e-17	1.239e-16
1.9544e+14	9.4582e-17	1.2184e-16
1.9556e+14	1.428e-16	1.1423e-16
1.9568e+14	1.5345e-16	1.1532e-16
1.958e+14	1.2286e-16	1.2284e-16
1.9591e+14	1.0366e-16	1.2551e-16
1.9603e+14	9.1103e-17	1.2653e-16
1.9615e+14	8.3731e-17	1.2795e-16
1.9627e+14	9.8647e-17	1.2463e-16
1.9639e+14	1.0823e-16	1.2152e-16
1.965e+14	1.0799e-16	1.2275e-16
1.9662e+14	1.3428e-16	1.2242e-16
1.9674e+14	1.5214e-16	1.2372e-16
1.9686e+14	1.1696e-16	1.3012e-16
1.9697e+14	8.861e-17	1.2889e-16
1.9709e+14	1.0278e-16	1.2139e-16
1.9721e+14	1.0338e-16	1.2662e-16
1.9733e+14	9.2953e-17	1.3475e-16
1.9745e+14	1.1323e-16	1.2401e-16
1.9756e+14	1.205e-16	1.1268e-16
1.9768e+14	9.5144e-17	1.2132e-16
1.978e+14	1.011e-16	1.2785e-16
1.9792e+14	1.2394e-16	1.1825e-16
1.9804e+14	1.01e-16	1.1385e-16
1.9815e+14	7.9843e-17	1.199e-16
1.9827e+14	1.0292e-16	1.2013e-16
1.9839e+14	1.0449e-16	1.169e-16
1.9851e+14	7.6919e-17	1.194e-16
1.9862e+14	8.7292e-17	1.2266e-16
1.9874e+14	1.1135e-16	1.2455e-16
1.9886e+14	1.0022e-16	1.2553e-16
1.9898e+14	9.5634e-17	1.2025e-16
1.991e+14	1.1391e-16	1.1553e-16
1.9921e+14	1.1381e-16	1.2178e-16
1.9933e+14	1.0964e-16	1.2623e-16
1.9945e+14	1.1902e-16	1.1807e-16
1.9957e+14	1.0405e-16	1.1194e-16
1.9969e+14	8.2844e-17	1.1532e-16
1.998e+14	1.0667e-16	1.1874e-16
1.9992e+14	1.3223e-16	1.2196e-16
2.0004e+14	1.1609e-16	1.25e-16
2.0016e+14	1.0622e-16	1.1963e-16
2.0028e+14	1.1211e-16	1.1352e-16
2.0039e+14	9.155e-17	1.1767e-16
2.0051e+14	7.66e-17	1.2025e-16
2.0063e+14	1.0188e-16	1.1612e-16
2.0075e+14	1.1365e-16	1.1736e-16
2.0086e+14	9.1757e-17	1.166e-16
2.0098e+14	8.6689e-17	1.0463e-16
2.011e+14	1.0196e-16	1.0236e-16
2.0122e+14	1.1022e-16	1.1547e-16
2.0134e+14	1.1882e-16	1.1934e-16
2.0145e+14	1.2369e-16	1.1695e-16
2.0157e+14	1.154e-16	1.2438e-16
2.0169e+14	1.1508e-16	1.2209e-16
2.0181e+14	1.124e-16	1.0594e-16
2.0193e+14	8.5995e-17	1.1077e-16
2.0204e+14	8.4908e-17	1.294e-16
2.0216e+14	1.2493e-16	1.2215e-16
2.0228e+14	1.2827e-16	1.0646e-16
2.024e+14	9.5574e-17	1.1363e-16
2.0251e+14	1.0719e-16	1.1727e-16
2.0263e+14	1.3138e-16	1.0364e-16
2.0275e+14	1.0622e-16	1.0583e-16
2.0287e+14	9.238e-17	1.2103e-16
2.0299e+14	1.1562e-16	1.1831e-16
2.031e+14	1.0286e-16	1.1176e-16
2.0322e+14	7.7533e-17	1.1797e-16
2.0334e+14	1.0843e-16	1.1452e-16
2.0346e+14	1.2843e-16	1.0283e-16
2.0358e+14	8.9259e-17	1.0897e-16
2.0369e+14	8.0378e-17	1.1964e-16
2.0381e+14	1.1652e-16	1.1527e-16
2.0393e+14	1.1015e-16	1.1318e-16
2.0405e+14	8.0828e-17	1.1664e-16
2.0417e+14	9.5265e-17	1.081e-16
2.0428e+14	1.1649e-16	1.01e-16
2.044e+14	1.1216e-16	1.1014e-16
2.0452e+14	1.1152e-16	1.1462e-16
2.0464e+14	1.0413e-16	1.0812e-16
2.0475e+14	8.0989e-17	1.0897e-16
2.0487e+14	8.2989e-17	1.1185e-16
2.0499e+14	9.7788e-17	1.0823e-16
2.0511e+14	8.8999e-17	1.1357e-16
2.0523e+14	9.8427e-17	1.2303e-16
2.0534e+14	1.3554e-16	1.1486e-16
2.0546e+14	1.2901e-16	1.0301e-16
2.0558e+14	9.0635e-17	1.0724e-16
2.057e+14	8.9327e-17	1.1243e-16
2.0582e+14	9.6508e-17	1.1112e-16
2.0593e+14	8.3428e-17	1.151e-16
2.0605e+14	9.9637e-17	1.1623e-16
2.0617e+14	1.234e-16	1.0888e-16
2.0629e+14	9.1231e-17	1.1119e-16
2.064e+14	6.1334e-17	1.1872e-16
2.0652e+14	9.1618e-17	1.1165e-16
2.0664e+14	1.1456e-16	1.0663e-16
2.0676e+14	1.0246e-16	1.1841e-16
2.0688e+14	1.0686e-16	1.2089e-16
2.0699e+14	1.0689e-16	1.0796e-16
2.0711e+14	7.331e-17	1.072e-16
2.0723e+14	6.529e-17	1.1505e-16
2.0735e+14	9.2114e-17	1.1164e-16
2.0747e+14	9.4911e-17	1.0838e-16
2.0758e+14	9.5778e-17	1.1019e-16
2.077e+14	1.2885e-16	1.0166e-16
2.0782e+14	1.3658e-16	9.5822e-17
2.0794e+14	1.0509e-16	1.0983e-16
2.0806e+14	9.5651e-17	1.19e-16
2.0817e+14	9.9933e-17	1.0938e-16
2.0829e+14	8.7772e-17	1.0722e-16
2.0841e+14	9.9015e-17	1.1707e-16
2.0853e+14	1.2595e-16	1.1712e-16
2.0864e+14	1.0491e-16	1.1128e-16
2.0876e+14	6.9807e-17	1.1055e-16
2.0888e+14	8.5628e-17	1.0597e-16
2.09e+14	1.1049e-16	1.0005e-16
2.0912e+14	1.0269e-16	1.0335e-16
2.0923e+14	9.7602e-17	1.05e-16
2.0935e+14	1.0178e-16	1.0049e-16
2.0947e+14	9.3662e-17	1.0374e-16
2.0959e+14	9.156e-17	1.0734e-16
2.0971e+14	9.6197e-17	9.765e-17
2.0982e+14	8.56e-17	9.2891e-17
2.0994e+14	8.7047e-17	1.0344e-16
2.1006e+14	1.1478e-16	1.0695e-16
2.1018e+14	1.2316e-16	9.9439e-17
2.1029e+14	1.1137e-16	9.8639e-17
2.1041e+14	1.1936e-16	9.8995e-17
2.1053e+14	1.2528e-16	9.2691e-17
2.1065e+14	1.0698e-16	9.5476e-17
2.1077e+14	1.0441e-16	1.0709e-16
2.1088e+14	1.2108e-16	1.0809e-16
2.11e+14	1.2027e-16	1.0297e-16
2.1112e+14	1.1679e-16	1.035e-16
2.1124e+14	1.2388e-16	9.9884e-17
2.1136e+14	1.1104e-16	9.1933e-17
2.1147e+14	9.3707e-17	9.3529e-17
2.1159e+14	1.0686e-16	9.5859e-17
2.1171e+14	1.1592e-16	8.6948e-17
2.1183e+14	1.004e-16	8.2975e-17
2.1194e+14	1.0043e-16	9.2109e-17
2.1206e+14	1.0994e-16	9.6571e-17
2.1218e+14	9.8725e-17	9.3403e-17
2.123e+14	9.9333e-17	9.615e-17
2.1242e+14	1.1898e-16	1.0088e-16
2.1253e+14	1.1193e-16	9.7933e-17
2.1265e+14	1.0137e-16	9.3278e-17
2.1277e+14	1.2491e-16	9.2618e-17
2.1289e+14	1.2505e-16	9.3734e-17
2.1301e+14	8.3451e-17	9.5418e-17
2.1312e+14	8.0919e-17	9.321e-17
2.1324e+14	1.1864e-16	8.4434e-17
2.1336e+14	1.258e-16	8.0515e-17
2.1348e+14	1.2197e-16	8.8925e-17
2.136e+14	1.3774e-16	9.7743e-17
2.1371e+14	1.2058e-16	9.7551e-17
2.1383e+14	7.2138e-17	9.2757e-17
2.1395e+14	6.1452e-17	8.7019e-17
2.1407e+14	7.6802e-17	8.3529e-17
2.1418e+14	7.8489e-17	8.7237e-17
2.143e+14	9.4057e-17	9.1557e-17
2.1442e+14	1.1782e-16	8.6973e-17
2.1454e+14	1.0195e-16	8.0958e-17
2.1466e+14	7.7978e-17	8.2493e-17
2.1477e+14	9.3055e-17	8.448e-17
2.1489e+14	1.084e-16	8.1654e-17
2.1501e+14	9.6925e-17	8.0532e-17
2.1513e+14	9.136e-17	8.4384e-17
2.1525e+14	9.6775e-17	9.0396e-17
2.1536e+14	9.9589e-17	9.4777e-17
2.1548e+14	1.0528e-16	9.1184e-17
2.156e+14	9.6972e-17	8.0764e-17
2.1572e+14	7.1625e-17	7.7042e-17
2.1583e+14	7.676e-17	8.3411e-17
2.1595e+14	1.0441e-16	8.6973e-17
2.1607e+14	9.1919e-17	8.4162e-17
2.1619e+14	6.6429e-17	8.2944e-17
2.1631e+14	9.1618e-17	8.2396e-17
2.1642e+14	1.3082e-16	7.8993e-17
2.1654e+14	1.3721e-16	7.8695e-17
2.1666e+14	1.3309e-16	8.2539e-17
2.1678e+14	1.1876e-16	8.178e-17
2.169e+14	8.9477e-17	7.5591e-17
2.1701e+14	9.6008e-17	7.2131e-17
2.1713e+14	1.3294e-16	7.4015e-17
2.1725e+14	1.2788e-16	7.742e-17
2.1737e+14	9.9488e-17	7.8279e-17
2.1749e+14	1.0609e-16	7.4562e-17
2.176e+14	1.0889e-16	6.9398e-17
2.1772e+14	8.6164e-17	6.8405e-17
2.1784e+14	9.6063e-17	7.1374e-17
2.1796e+14	1.2123e-16	7.3478e-17
2.1807e+14	9.9044e-17	7.229e-17
2.1819e+14	7.5793e-17	6.8958e-17
2.1831e+14	9.9211e-17	6.6925e-17
2.1843e+14	1.1177e-16	6.8397e-17
2.1855e+14	9.3771e-17	7.0401e-17
2.1866e+14	9.355e-17	7.0475e-17
2.1878e+14	1.0032e-16	7.0797e-17
2.189e+14	8.8349e-17	7.0436e-17
2.1902e+14	8.4083e-17	6.7561e-17
2.1914e+14	8.3786e-17	6.8584e-17
2.1925e+14	7.1578e-17	7.4939e-17
2.1937e+14	8.5522e-17	7.4474e-17
2.1949e+14	1.1446e-16	6.6463e-17
2.1961e+14	9.3611e-17	6.6779e-17
2.1972e+14	6.2313e-17	7.4638e-17
2.1984e+14	8.9014e-17	7.3355e-17
2.1996e+14	1.1607e-16	6.4946e-17
2.2008e+14	1.0272e-16	6.2853e-17
2.202e+14	1.1417e-16	6.454e-17
2.2031e+14	1.3941e-16	6.4248e-17
2.2043e+14	1.0656e-16	6.6341e-17
2.2055e+14	6.7162e-17	6.9015e-17
2.2067e+14	8.6954e-17	6.6211e-17
2.2079e+14	1.0583e-16	6.373e-17
2.209e+14	9.2133e-17	6.643e-17
2.2102e+14	9.3579e-17	6.7005e-17
2.2114e+14	9.3487e-17	6.2799e-17
2.2126e+14	6.7297e-17	5.9632e-17
2.2138e+14	7.6135e-17	5.8839e-17
2.2149e+14	1.2633e-16	6.017e-17
2.2161e+14	1.4102e-16	6.4329e-17
2.2173e+14	1.2212e-16	6.578e-17
2.2185e+14	1.1556e-16	6.2361e-17
2.2196e+14	9.8594e-17	6.252e-17
2.2208e+14	6.8479e-17	6.6821e-17
2.222e+14	7.2032e-17	6.5422e-17
2.2232e+14	9.3184e-17	5.9707e-17
2.2244e+14	9.3685e-17	5.8138e-17
2.2255e+14	9.6512e-17	5.8609e-17
2.2267e+14	1.0717e-16	5.8164e-17
2.2279e+14	1.0045e-16	6.0571e-17
2.2291e+14	9.8452e-17	6.3487e-17
2.2303e+14	1.1198e-16	6.1697e-17
2.2314e+14	1.0682e-16	5.8755e-17
2.2326e+14	1.0238e-16	5.7327e-17
2.2338e+14	1.2681e-16	5.4554e-17
2.235e+14	1.2377e-16	5.2765e-17
2.2361e+14	8.2724e-17	5.4356e-17
2.2373e+14	8.7423e-17	5.4511e-17
2.2385e+14	1.3065e-16	5.3187e-17
2.2397e+14	1.3152e-16	5.496e-17
2.2409e+14	1.1431e-16	5.6015e-17
2.242e+14	1.2144e-16	5.3145e-17
2.2432e+14	1.0529e-16	5.2313e-17
2.2444e+14	7.3382e-17	5.389e-17
2.2456e+14	9.4414e-17	5.2346e-17
2.2468e+14	1.2848e-16	5.0458e-17
2.2479e+14	1.1088e-16	5.0849e-17
2.2491e+14	9.1842e-17	4.9101e-17
2.2503e+14	1.0211e-16	4.744e-17
2.2515e+14	9.3989e-17	4.9682e-17
2.2527e+14	8.1124e-17	4.893e-17
2.2538e+14	1.0047e-16	4.5318e-17
2.255e+14	1.0995e-16	4.9615e-17
2.2562e+14	9.6206e-17	5.5899e-17
2.2574e+14	1.0273e-16	5.0858e-17
2.2585e+14	1.0455e-16	4.3916e-17
2.2597e+14	7.3592e-17	4.6079e-17
2.2609e+14	7.2745e-17	4.6785e-17
2.2621e+14	1.1025e-16	4.2802e-17
2.2633e+14	1.0619e-16	4.6157e-17
2.2644e+14	7.2014e-17	5.2488e-17
2.2656e+14	7.7582e-17	4.9638e-17
2.2668e+14	1.0024e-16	4.5392e-17
2.268e+14	1.0971e-16	4.7713e-17
2.2692e+14	1.3517e-16	4.8062e-17
2.2703e+14	1.5036e-16	4.4699e-17
2.2715e+14	1.0976e-16	4.4953e-17
2.2727e+14	6.8863e-17	4.5894e-17
2.2739e+14	7.6583e-17	4.3835e-17
2.275e+14	8.5882e-17	4.3765e-17
2.2762e+14	7.8147e-17	4.4913e-17
2.2774e+14	8.6569e-17	4.3314e-17
2.2786e+14	9.796e-17	4.3115e-17
2.2798e+14	9.7732e-17	4.4436e-17
2.2809e+14	1.1228e-16	4.1391e-17
2.2821e+14	1.2373e-16	3.7961e-17
2.2833e+14	9.9669e-17	3.9238e-17
2.2845e+14	8.4823e-17	3.9385e-17
2.2857e+14	1.0973e-16	3.766e-17
2.2868e+14	1.2121e-16	4.0172e-17
2.288e+14	1.0018e-16	4.2843e-17
2.2892e+14	8.9961e-17	4.1546e-17
2.2904e+14	9.303e-17	4.2649e-17
2.2916e+14	8.784e-17	4.4628e-17
2.2927e+14	8.8699e-17	4.0214e-17
2.2939e+14	9.8773e-17	3.6537e-17
2.2951e+14	1.0183e-16	3.9305e-17
2.2963e+14	1.1018e-16	3.8893e-17
2.2974e+14	1.274e-16	3.5171e-17
2.2986e+14	1.2356e-16	3.7922e-17
2.2998e+14	1.0042e-16	4.0408e-17
2.301e+14	8.8781e-17	3.5033e-17
2.3022e+14	8.7599e-17	3.3637e-17
2.3033e+14	9.024e-17	3.9546e-17
2.3045e+14	1.1225e-16	3.9337e-17
2.3057e+14	1.4092e-16	3.4561e-17
2.3069e+14	1.3765e-16	3.6055e-17
2.3081e+14	1.0404e-16	3.8545e-17
2.3092e+14	7.8729e-17	3.7022e-17
2.3104e+14	8.0375e-17	3.7654e-17
2.3116e+14	8.9872e-17	3.782e-17
2.3128e+14	8.3168e-17	3.3075e-17
2.3139e+14	7.2407e-17	3.2575e-17
2.3151e+14	8.5361e-17	3.743e-17
2.3163e+14	1.0509e-16	3.6394e-17
2.3175e+14	9.9326e-17	3.3337e-17
2.3187e+14	8.6794e-17	3.7062e-17
2.3198e+14	8.9312e-17	3.8315e-17
2.321e+14	9.002e-17	3.2916e-17
2.3222e+14	9.6273e-17	3.2564e-17
2.3234e+14	1.191e-16	3.5805e-17
2.3246e+14	1.0935e-16	3.2805e-17
2.3257e+14	6.5501e-17	3.0651e-17
2.3269e+14	7.6607e-17	3.4561e-17
2.3281e+14	1.3289e-16	3.4177e-17
2.3293e+14	1.293e-16	2.9922e-17
2.3305e+14	9.4686e-17	3.1874e-17
2.3316e+14	1.1432e-16	3.5132e-17
2.3328e+14	1.2379e-16	3.3577e-17
2.334e+14	7.961e-17	3.3901e-17
2.3352e+14	8.542e-17	3.5664e-17
2.3363e+14	1.356e-16	3.2834e-17
2.3375e+14	1.0298e-16	3.1751e-17
2.3387e+14	4.206e-17	3.5233e-17
2.3399e+14	8.2488e-17	3.4022e-17
2.3411e+14	1.3864e-16	3.0364e-17
2.3422e+14	1.0851e-16	3.2575e-17
2.3434e+14	8.7663e-17	3.2863e-17
2.3446e+14	1.2359e-16	2.6846e-17
2.3458e+14	1.2039e-16	2.6752e-17
2.347e+14	8.0033e-17	3.2739e-17
2.3481e+14	7.8047e-17	3.2063e-17
2.3493e+14	8.0954e-17	2.8217e-17
2.3505e+14	5.9637e-17	3.0222e-17
2.3517e+14	7.3642e-17	3.183e-17
2.3528e+14	1.1026e-16	2.9549e-17
2.354e+14	9.9892e-17	3.0153e-17
2.3552e+14	7.7403e-17	3.168e-17
2.3564e+14	1.0109e-16	2.8877e-17
2.3576e+14	1.317e-16	2.7035e-17
2.3587e+14	1.28e-16	2.8699e-17
2.3599e+14	1.0841e-16	2.8619e-17
2.3611e+14	9.2325e-17	2.7427e-17
2.3623e+14	9.3348e-17	2.8096e-17
2.3635e+14	1.1057e-16	2.8483e-17
2.3646e+14	1.0652e-16	2.9313e-17
2.3658e+14	8.1138e-17	3.1831e-17
2.367e+14	8.259e-17	3.1364e-17
2.3682e+14	9.6102e-17	2.8496e-17
2.3694e+14	8.0586e-17	2.8725e-17
2.3705e+14	7.5999e-17	2.7974e-17
2.3717e+14	1.0348e-16	2.3098e-17
2.3729e+14	1.0059e-16	2.3016e-17
2.3741e+14	7.1784e-17	2.8426e-17
2.3752e+14	8.6025e-17	2.8414e-17
2.3764e+14	1.1153e-16	2.4972e-17
2.3776e+14	8.8602e-17	2.6799e-17
2.3788e+14	6.6893e-17	2.8511e-17
2.38e+14	8.3558e-17	2.5477e-17
2.3811e+14	8.8939e-17	2.4915e-17
2.3823e+14	7.8479e-17	2.7048e-17
2.3835e+14	8.8407e-17	2.5849e-17
2.3847e+14	9.4819e-17	2.5038e-17
2.3859e+14	8.5827e-17	2.7251e-17
2.387e+14	9.9874e-17	2.6585e-17
2.3882e+14	1.1713e-16	2.429e-17
2.3894e+14	9.6154e-17	2.5507e-17
2.3906e+14	8.12e-17	2.57e-17
2.3917e+14	1.042e-16	2.274e-17
2.3929e+14	1.1249e-16	2.274e-17
2.3941e+14	9.4309e-17	2.4616e-17
2.3953e+14	9.4692e-17	2.4072e-17
2.3965e+14	1.0114e-16	2.5027e-17
2.3976e+14	8.6895e-17	2.7434e-17
2.3988e+14	8.5512e-17	2.5509e-17
2.4e+14	1.0412e-16	2.3165e-17
2.4012e+14	9.8407e-17	2.4841e-17
2.4024e+14	7.5845e-17	2.4021e-17
2.4035e+14	8.154e-17	2.0636e-17
2.4047e+14	1.0606e-16	2.2567e-17
2.4059e+14	1.1482e-16	2.5569e-17
2.4071e+14	1.0936e-16	2.3182e-17
2.4083e+14	1.0623e-16	2.2024e-17
2.4094e+14	1.0886e-16	2.3784e-17
2.4106e+14	1.0673e-16	2.1602e-17
2.4118e+14	8.85e-17	2.0052e-17
2.413e+14	7.0594e-17	2.4209e-17
2.4141e+14	7.5702e-17	2.4531e-17
2.4153e+14	8.1901e-17	1.967e-17
2.4165e+14	6.8773e-17	2.1183e-17
2.4177e+14	7.3103e-17	2.5851e-17
2.4189e+14	1.0961e-16	2.3397e-17
2.42e+14	1.2426e-16	2.0435e-17
2.4212e+14	9.8803e-17	2.2959e-17
2.4224e+14	8.5153e-17	2.3486e-17
2.4236e+14	1.0387e-16	2.1843e-17
2.4248e+14	1.2314e-16	2.3434e-17
2.4259e+14	1.2766e-16	2.3005e-17
2.4271e+14	1.2504e-16	1.9369e-17
2.4283e+14	1.1972e-16	2.0778e-17
2.4295e+14	1.1326e-16	2.3523e-17
2.4306e+14	9.9948e-17	2.0199e-17
2.4318e+14	7.9303e-17	1.9225e-17
2.433e+14	7.306e-17	2.4482e-17
2.4342e+14	8.5845e-17	2.4647e-17
2.4354e+14	8.9583e-17	1.9806e-17
2.4365e+14	8.1323e-17	2.0248e-17
2.4377e+14	8.1897e-17	2.2188e-17
2.4389e+14	8.2568e-17	1.9655e-17
2.4401e+14	7.5638e-17	1.8959e-17
2.4413e+14	8.1687e-17	2.0968e-17
2.4424e+14	9.2682e-17	1.974e-17
2.4436e+14	8.4309e-17	1.8723e-17
2.4448e+14	7.9213e-17	2.0566e-17
2.446e+14	9.2985e-17	1.9402e-17
2.4472e+14	9.268e-17	1.735e-17
2.4483e+14	8.1628e-17	2.0294e-17
2.4495e+14	9.4908e-17	2.2152e-17
2.4507e+14	1.0544e-16	1.9424e-17
2.4519e+14	8.5962e-17	1.9462e-17
2.453e+14	8.6955e-17	2.1344e-17
2.4542e+14	1.22e-16	1.9138e-17
2.4554e+14	1.2159e-16	1.8492e-17
2.4566e+14	7.881e-17	2.2347e-17
2.4578e+14	6.5909e-17	2.2439e-17
2.4589e+14	9.4948e-17	1.927e-17
2.4601e+14	1.1653e-16	2.0017e-17
2.4613e+14	1.1165e-16	2.0876e-17
2.4625e+14	9.1167e-17	1.8589e-17
2.4637e+14	7.278e-17	1.8911e-17
2.4648e+14	7.4337e-17	2.0437e-17
2.466e+14	8.1347e-17	1.8494e-17
2.4672e+14	7.2457e-17	1.8755e-17
2.4684e+14	7.1041e-17	2.2035e-17
2.4695e+14	8.8799e-17	1.962e-17
2.4707e+14	9.1043e-17	1.5139e-17
2.4719e+14	8.2879e-17	1.7783e-17
2.4731e+14	1.0221e-16	2.0959e-17
2.4743e+14	1.2054e-16	1.8395e-17
2.4754e+14	1.0015e-16	1.7616e-17
2.4766e+14	8.2928e-17	1.9849e-17
2.4778e+14	9.6326e-17	1.873e-17
2.479e+14	9.8795e-17	1.7829e-17
2.4802e+14	8.5291e-17	2.0343e-17
2.4813e+14	9.3632e-17	1.9939e-17
2.4825e+14	1.1151e-16	1.7478e-17
2.4837e+14	1.0843e-16	1.8807e-17
2.4849e+14	9.6545e-17	1.9137e-17
2.4861e+14	8.9515e-17	1.5927e-17
2.4872e+14	8.6651e-17	1.6685e-17
2.4884e+14	9.3872e-17	1.9702e-17
2.4896e+14	9.9085e-17	1.7288e-17
2.4908e+14	8.9959e-17	1.4722e-17
2.4919e+14	9.3574e-17	1.7135e-17
2.4931e+14	1.1287e-16	1.7656e-17
2.4943e+14	1.0514e-16	1.5855e-17
2.4955e+14	8.5745e-17	1.8275e-17
2.4967e+14	1.077e-16	2.0513e-17
2.4978e+14	1.3726e-16	1.7658e-17
2.499e+14	1.203e-16	1.6356e-17
2.5002e+14	9.8406e-17	1.8229e-17
2.5014e+14	1.109e-16	1.7115e-17
2.5026e+14	1.1601e-16	1.5342e-17
2.5037e+14	9.6841e-17	1.7152e-17
2.5049e+14	8.948e-17	1.7869e-17
2.5061e+14	9.4692e-17	1.5802e-17
2.5073e+14	9.3118e-17	1.5189e-17
2.5084e+14	9.4864e-17	1.5531e-17
2.5096e+14	1.0166e-16	1.5833e-17
2.5108e+14	1.0038e-16	1.8024e-17
2.512e+14	9.6898e-17	1.8771e-17
2.5132e+14	9.5018e-17	1.5885e-17
2.5143e+14	9.1191e-17	1.5598e-17
2.5155e+14	9.6662e-17	1.8306e-17
2.5167e+14	1.0345e-16	1.7304e-17
2.5179e+14	8.903e-17	1.5775e-17
2.5191e+14	8.2103e-17	1.8898e-17
2.5202e+14	1.1228e-16	1.9874e-17
2.5214e+14	1.3258e-16	1.6165e-17
2.5226e+14	1.1208e-16	1.6009e-17
2.5238e+14	9.5266e-17	1.8528e-17
2.525e+14	9.2522e-17	1.673e-17
2.5261e+14	7.4822e-17	1.4749e-17
2.5273e+14	7.5056e-17	1.6657e-17
2.5285e+14	1.2006e-16	1.6944e-17
2.5297e+14	1.4794e-16	1.5275e-17
2.5308e+14	1.2582e-16	1.6126e-17
2.532e+14	1.0283e-16	1.6665e-17
2.5332e+14	9.5243e-17	1.5497e-17
2.5344e+14	8.3504e-17	1.688e-17
2.5356e+14	8.4299e-17	1.8167e-17
2.5367e+14	9.7713e-17	1.5645e-17
2.5379e+14	8.9153e-17	1.4916e-17
2.5391e+14	7.224e-17	1.6949e-17
2.5403e+14	7.8025e-17	1.533e-17
2.5415e+14	8.3327e-17	1.3321e-17
2.5426e+14	7.6505e-17	1.6303e-17
2.5438e+14	8.6833e-17	1.7582e-17
2.545e+14	1.0534e-16	1.4674e-17
2.5462e+14	1.0177e-16	1.5347e-17
2.5473e+14	8.7724e-17	1.7653e-17
2.5485e+14	7.5424e-17	1.482e-17
2.5497e+14	6.3511e-17	1.2906e-17
2.5509e+14	7.5822e-17	1.6269e-17
2.5521e+14	1.0948e-16	1.7168e-17
2.5532e+14	1.1498e-16	1.4816e-17
2.5544e+14	9.4495e-17	1.5885e-17
2.5556e+14	9.2606e-17	1.7418e-17
2.5568e+14	9.8987e-17	1.5424e-17
2.558e+14	9.6293e-17	1.487e-17
2.5591e+14	1.1081e-16	1.6348e-17
2.5603e+14	1.2721e-16	1.5411e-17
2.5615e+14	1.0413e-16	1.4421e-17
2.5627e+14	7.5224e-17	1.5124e-17
2.5639e+14	7.9005e-17	1.3945e-17
2.565e+14	8.5239e-17	1.3485e-17
2.5662e+14	9.1847e-17	1.7077e-17
2.5674e+14	1.2468e-16	1.8019e-17
2.5686e+14	1.3636e-16	1.3906e-17
2.5697e+14	9.5598e-17	1.275e-17
2.5709e+14	7.4937e-17	1.5144e-17
2.5721e+14	1.02e-16	1.5093e-17
2.5733e+14	1.0847e-16	1.4614e-17
2.5745e+14	8.7548e-17	1.5945e-17
2.5756e+14	8.6796e-17	1.5032e-17
2.5768e+14	8.4591e-17	1.3407e-17
2.578e+14	5.7326e-17	1.5374e-17
2.5792e+14	5.0879e-17	1.6855e-17
2.5804e+14	7.9908e-17	1.5218e-17
2.5815e+14	1.0199e-16	1.5086e-17
2.5827e+14	1.0329e-16	1.6104e-17
2.5839e+14	9.4865e-17	1.4731e-17
2.5851e+14	8.3401e-17	1.387e-17
2.5862e+14	8.5184e-17	1.5055e-17
2.5874e+14	9.2289e-17	1.5109e-17
2.5886e+14	7.8954e-17	1.5142e-17
2.5898e+14	7.7157e-17	1.6129e-17
2.591e+14	1.1577e-16	1.4402e-17
2.5921e+14	1.2976e-16	1.2468e-17
2.5933e+14	8.6032e-17	1.535e-17
2.5945e+14	6.5245e-17	1.7581e-17
2.5957e+14	9.7795e-17	1.5105e-17
2.5969e+14	1.1519e-16	1.4595e-17
2.598e+14	1.0466e-16	1.6506e-17
2.5992e+14	1.0545e-16	1.4523e-17
2.6004e+14	1.0445e-16	1.2552e-17
2.6016e+14	9.054e-17	1.4943e-17
2.6028e+14	9.1416e-17	1.4881e-17
2.6039e+14	9.8426e-17	1.184e-17
2.6051e+14	9.2563e-17	1.3517e-17
2.6063e+14	9.6898e-17	1.6208e-17
2.6075e+14	1.0876e-16	1.364e-17
2.6086e+14	1.0255e-16	1.2493e-17
2.6098e+14	1.0345e-16	1.5547e-17
2.611e+14	1.2006e-16	1.514e-17
2.6122e+14	1.0446e-16	1.2433e-17
2.6134e+14	7.0738e-17	1.3584e-17
2.6145e+14	7.9082e-17	1.4704e-17
2.6157e+14	1.0406e-16	1.3468e-17
2.6169e+14	1.0288e-16	1.443e-17
2.6181e+14	1.0549e-16	1.5013e-17
2.6193e+14	1.1276e-16	1.2186e-17
2.6204e+14	9.1908e-17	1.2781e-17
2.6216e+14	8.4395e-17	1.6841e-17
2.6228e+14	1.1564e-16	1.5599e-17
2.624e+14	1.1546e-16	1.2455e-17
2.6251e+14	7.7589e-17	1.5019e-17
2.6263e+14	8.0921e-17	1.6795e-17
2.6275e+14	1.0894e-16	1.3284e-17
2.6287e+14	9.7948e-17	1.2236e-17
2.6299e+14	8.469e-17	1.4526e-17
2.631e+14	1.007e-16	1.4266e-17
2.6322e+14	9.7622e-17	1.4236e-17
2.6334e+14	7.786e-17	1.6374e-17
2.6346e+14	8.6078e-17	1.5023e-17
2.6358e+14	9.7709e-17	1.1883e-17
2.6369e+14	8.9349e-17	1.2977e-17
2.6381e+14	9.0989e-17	1.4504e-17
2.6393e+14	9.4967e-17	1.3192e-17
2.6405e+14	8.1489e-17	1.3603e-17
2.6417e+14	8.475e-17	1.4854e-17
2.6428e+14	1.0429e-16	1.2924e-17
2.644e+14	1.0025e-16	1.1874e-17
2.6452e+14	1.0106e-16	1.366e-17
2.6464e+14	1.2753e-16	1.3268e-17
2.6475e+14	1.1858e-16	1.1848e-17
2.6487e+14	8.2946e-17	1.332e-17
2.6499e+14	1.0257e-16	1.4047e-17
2.6511e+14	1.3794e-16	1.2939e-17
2.6523e+14	1.0587e-16	1.4399e-17
2.6534e+14	6.7988e-17	1.5784e-17
2.6546e+14	9.0914e-17	1.3438e-17
2.6558e+14	1.1041e-16	1.2635e-17
2.657e+14	9.1134e-17	1.4866e-17
2.6582e+14	8.3701e-17	1.4495e-17
2.6593e+14	9.412e-17	1.2968e-17
2.6605e+14	9.9673e-17	1.4039e-17
2.6617e+14	1.084e-16	1.3878e-17
2.6629e+14	1.0472e-16	1.219e-17
2.664e+14	8.0891e-17	1.3745e-17
2.6652e+14	8.3116e-17	1.5481e-17
2.6664e+14	1.0213e-16	1.3996e-17
2.6676e+14	8.0282e-17	1.439e-17
2.6688e+14	5.9257e-17	1.6442e-17
2.6699e+14	9.4212e-17	1.4388e-17
2.6711e+14	1.1729e-16	1.2308e-17
2.6723e+14	9.2238e-17	1.4809e-17
2.6735e+14	9.1479e-17	1.563e-17
2.6747e+14	1.1269e-16	1.3237e-17
2.6758e+14	9.4946e-17	1.3709e-17
2.677e+14	8.391e-17	1.4667e-17
2.6782e+14	1.2335e-16	1.2489e-17
2.6794e+14	1.4592e-16	1.2744e-17
2.6806e+14	1.2773e-16	1.52e-17
2.6817e+14	1.1281e-16	1.3354e-17
2.6829e+14	8.3953e-17	1.1773e-17
2.6841e+14	4.4843e-17	1.5539e-17
2.6853e+14	7.3308e-17	1.6711e-17
2.6864e+14	1.3834e-16	1.2964e-17
2.6876e+14	1.2852e-16	1.2653e-17
2.6888e+14	8.1065e-17	1.4346e-17
2.69e+14	8.97e-17	1.2254e-17
2.6912e+14	1.0911e-16	1.1774e-17
2.6923e+14	9.0161e-17	1.4986e-17
2.6935e+14	8.6442e-17	1.428e-17
2.6947e+14	1.0436e-16	1.0981e-17
2.6959e+14	9.744e-17	1.2045e-17
2.6971e+14	9.1369e-17	1.4144e-17
2.6982e+14	1.102e-16	1.3674e-17
2.6994e+14	1.0859e-16	1.4115e-17
2.7006e+14	8.5032e-17	1.4372e-17
2.7018e+14	8.461e-17	1.2296e-17
2.7029e+14	9.4453e-17	1.2516e-17
2.7041e+14	8.9559e-17	1.4417e-17
2.7053e+14	8.982e-17	1.2419e-17
2.7065e+14	9.5334e-17	1.0864e-17
2.7077e+14	8.8088e-17	1.4197e-17
2.7088e+14	8.1319e-17	1.5444e-17
2.71e+14	7.9492e-17	1.2958e-17
2.7112e+14	7.473e-17	1.3657e-17
2.7124e+14	8.6744e-17	1.5065e-17
2.7136e+14	1.057e-16	1.245e-17
2.7147e+14	8.9692e-17	1.197e-17
2.7159e+14	7.2585e-17	1.5183e-17
2.7171e+14	1.0509e-16	1.4788e-17
2.7183e+14	1.2757e-16	1.2594e-17
2.7194e+14	9.3909e-17	1.3685e-17
2.7206e+14	7.9656e-17	1.3182e-17
2.7218e+14	1.1206e-16	1.036e-17
2.723e+14	1.1232e-16	1.2045e-17
2.7242e+14	7.8401e-17	1.481e-17
2.7253e+14	8.055e-17	1.2367e-17
2.7265e+14	1.0156e-16	1.0854e-17
2.7277e+14	9.1667e-17	1.3816e-17
2.7289e+14	7.8964e-17	1.4773e-17
2.7301e+14	9.3051e-17	1.3996e-17
2.7312e+14	1.0835e-16	1.5631e-17
2.7324e+14	1.0361e-16	1.5477e-17
2.7336e+14	8.229e-17	1.2599e-17
2.7348e+14	6.749e-17	1.2831e-17
2.736e+14	9.343e-17	1.3856e-17
2.7371e+14	1.3736e-16	1.163e-17
2.7383e+14	1.3366e-16	1.1798e-17
2.7395e+14	9.8092e-17	1.5288e-17
2.7407e+14	9.6081e-17	1.4959e-17
2.7418e+14	1.0972e-16	1.2669e-17
2.743e+14	9.9504e-17	1.3633e-17
2.7442e+14	9.6298e-17	1.3802e-17
2.7454e+14	1.053e-16	1.2198e-17
2.7466e+14	8.5377e-17	1.3637e-17
2.7477e+14	6.7503e-17	1.4559e-17
2.7489e+14	9.8086e-17	1.1603e-17
2.7501e+14	1.2095e-16	1.1583e-17
2.7513e+14	9.3662e-17	1.4591e-17
2.7525e+14	7.9019e-17	1.3126e-17
2.7536e+14	1.0018e-16	1.1173e-17
2.7548e+14	9.7003e-17	1.4191e-17
2.756e+14	7.2863e-17	1.4712e-17
2.7572e+14	8.738e-17	1.0924e-17
2.7583e+14	1.2146e-16	1.1392e-17
2.7595e+14	1.1565e-16	1.3914e-17
2.7607e+14	8.7086e-17	1.21e-17
2.7619e+14	8.9914e-17	1.1545e-17
2.7631e+14	1.1826e-16	1.402e-17
2.7642e+14	1.2548e-16	1.2238e-17
2.7654e+14	1.0352e-16	9.8023e-18
2.7666e+14	8.776e-17	1.3486e-17
2.7678e+14	9.1792e-17	1.5617e-17
2.769e+14	9.4597e-17	1.211e-17
2.7701e+14	9.4775e-17	1.209e-17
2.7713e+14	1.0528e-16	1.5635e-17
2.7725e+14	1.0728e-16	1.4755e-17
2.7737e+14	9.1927e-17	1.2516e-17
2.7749e+14	9.5289e-17	1.3048e-17
2.776e+14	1.194e-16	1.1945e-17
2.7772e+14	1.1747e-16	1.064e-17
2.7784e+14	9.1761e-17	1.3463e-17
2.7796e+14	8.089e-17	1.4509e-17
2.7807e+14	7.8169e-17	1.1161e-17
2.7819e+14	7.6594e-17	1.1026e-17
2.7831e+14	9.745e-17	1.3772e-17
2.7843e+14	1.1441e-16	1.3074e-17
2.7855e+14	9.396e-17	1.2179e-17
2.7866e+14	8.3515e-17	1.389e-17
2.7878e+14	1.1071e-16	1.3428e-17
2.789e+14	1.185e-16	1.2312e-17
2.7902e+14	1.0077e-16	1.4614e-17
2.7914e+14	1.0886e-16	1.5068e-17
2.7925e+14	1.1522e-16	1.2113e-17
2.7937e+14	8.4087e-17	1.2686e-17
2.7949e+14	7.507e-17	1.4961e-17
2.7961e+14	1.0434e-16	1.3023e-17
2.7972e+14	1.0001e-16	1.1692e-17
2.7984e+14	7.2659e-17	1.3628e-17
2.7996e+14	8.646e-17	1.2611e-17
2.8008e+14	1.0393e-16	1.0346e-17
2.802e+14	8.4607e-17	1.2544e-17
2.8031e+14	8.4678e-17	1.3975e-17
2.8043e+14	1.1186e-16	1.1543e-17
2.8055e+14	1.0287e-16	1.2061e-17
2.8067e+14	7.7375e-17	1.4703e-17
2.8079e+14	8.7742e-17	1.296e-17
2.809e+14	9.8212e-17	1.087e-17
2.8102e+14	8.4404e-17	1.2766e-17
2.8114e+14	8.9673e-17	1.3608e-17
2.8126e+14	1.0832e-16	1.2667e-17
2.8138e+14	9.981e-17	1.375e-17
2.8149e+14	8.7968e-17	1.3923e-17
2.8161e+14	9.2955e-17	1.1998e-17
2.8173e+14	7.9348e-17	1.2735e-17
2.8185e+14	5.4281e-17	1.4019e-17
2.8196e+14	6.5489e-17	1.1852e-17
2.8208e+14	9.5408e-17	1.1482e-17
2.822e+14	9.4532e-17	1.4269e-17
2.8232e+14	7.2906e-17	1.3275e-17
2.8244e+14	6.9966e-17	1.0501e-17
2.8255e+14	9.0495e-17	1.246e-17
2.8267e+14	1.0354e-16	1.446e-17
2.8279e+14	8.4965e-17	1.248e-17
2.8291e+14	6.5114e-17	1.2358e-17
2.8303e+14	8.8481e-17	1.4581e-17
2.8314e+14	1.2105e-16	1.384e-17
2.8326e+14	1.07e-16	1.2303e-17
2.8338e+14	8.4751e-17	1.2885e-17
2.835e+14	1.0316e-16	1.2698e-17
2.8361e+14	1.1617e-16	1.2569e-17
2.8373e+14	9.2494e-17	1.4394e-17
2.8385e+14	8.1806e-17	1.3951e-17
2.8397e+14	9.8432e-17	1.1417e-17
2.8409e+14	1.0786e-16	1.224e-17
2.842e+14	1.1274e-16	1.3533e-17
2.8432e+14	1.1248e-16	1.1278e-17
2.8444e+14	8.429e-17	1.098e-17
2.8456e+14	6.885e-17	1.3605e-17
2.8468e+14	1.0773e-16	1.2582e-17
2.8479e+14	1.3377e-16	1.0581e-17
2.8491e+14	1.0079e-16	1.3018e-17
2.8503e+14	8.3056e-17	1.3999e-17
2.8515e+14	1.1112e-16	1.0742e-17
2.8527e+14	1.155e-16	1.0474e-17
2.8538e+14	8.8769e-17	1.2785e-17
2.855e+14	8.5337e-17	1.184e-17
2.8562e+14	9.5752e-17	1.129e-17
2.8574e+14	9.3404e-17	1.3978e-17
2.8585e+14	9.6682e-17	1.4214e-17
2.8597e+14	9.8153e-17	1.206e-17
2.8609e+14	7.6287e-17	1.2374e-17
2.8621e+14	6.7638e-17	1.2503e-17
2.8633e+14	9.5596e-17	1.0657e-17
2.8644e+14	1.1577e-16	1.1425e-17
2.8656e+14	1.1276e-16	1.3554e-17
2.8668e+14	1.1992e-16	1.2521e-17
2.868e+14	1.2707e-16	1.127e-17
2.8692e+14	1.0217e-16	1.1789e-17
2.8703e+14	7.0685e-17	1.103e-17
2.8715e+14	7.2582e-17	1.0969e-17
2.8727e+14	9.4852e-17	1.357e-17
2.8739e+14	1.013e-16	1.3622e-17
2.875e+14	8.5174e-17	1.1262e-17
2.8762e+14	7.1734e-17	1.2574e-17
2.8774e+14	7.9641e-17	1.445e-17
2.8786e+14	9.2606e-17	1.2013e-17
2.8798e+14	9.3702e-17	1.0731e-17
2.8809e+14	9.6222e-17	1.2766e-17
2.8821e+14	1.0194e-16	1.2364e-17
2.8833e+14	9.4723e-17	1.1174e-17
2.8845e+14	9.2723e-17	1.3452e-17
2.8857e+14	1.0875e-16	1.4256e-17
2.8868e+14	9.7967e-17	1.1839e-17
2.888e+14	5.5393e-17	1.2075e-17
2.8892e+14	5.3791e-17	1.3534e-17
2.8904e+14	9.4188e-17	1.1945e-17
2.8916e+14	9.4197e-17	1.1667e-17
2.8927e+14	6.1968e-17	1.3889e-17
2.8939e+14	7.1273e-17	1.2963e-17
2.8951e+14	9.7801e-17	1.0965e-17
2.8963e+14	8.4896e-17	1.2263e-17
2.8974e+14	7.3049e-17	1.2181e-17
2.8986e+14	1.0439e-16	9.6858e-18
2.8998e+14	1.3349e-16	1.0749e-17
2.901e+14	1.23e-16	1.2826e-17
2.9022e+14	9.6235e-17	1.0928e-17
2.9033e+14	7.6162e-17	1.0286e-17
2.9045e+14	6.6428e-17	1.2966e-17
2.9057e+14	6.6606e-17	1.2834e-17
2.9069e+14	6.8974e-17	1.1429e-17
2.9081e+14	7.188e-17	1.345e-17
2.9092e+14	7.785e-17	1.4154e-17
2.9104e+14	7.5859e-17	1.1694e-17
2.9116e+14	7.2316e-17	1.2009e-17
2.9128e+14	9.2121e-17	1.3578e-17
2.9139e+14	1.1363e-16	1.1957e-17
2.9151e+14	9.9599e-17	1.1709e-17
2.9163e+14	8.1972e-17	1.3961e-17
2.9175e+14	9.4442e-17	1.2609e-17
2.9187e+14	9.637e-17	1.0249e-17
2.9198e+14	7.2609e-17	1.2194e-17
2.921e+14	7.516e-17	1.3079e-17
2.9222e+14	1.0342e-16	1.076e-17
2.9234e+14	1.0339e-16	1.1931e-17
2.9246e+14	8.1485e-17	1.4653e-17
2.9257e+14	7.6286e-17	1.2583e-17
2.9269e+14	8.4528e-17	1.0524e-17
2.9281e+14	9.9967e-17	1.2322e-17
2.9293e+14	1.205e-16	1.2326e-17
2.9305e+14	1.1304e-16	1.0583e-17
2.9316e+14	7.6673e-17	1.184e-17
2.9328e+14	6.7601e-17	1.2744e-17
2.934e+14	9.2967e-17	1.102e-17
2.9352e+14	1.0064e-16	1.126e-17
2.9363e+14	8.4758e-17	1.2321e-17
2.9375e+14	7.5648e-17	1.0823e-17
2.9387e+14	7.1257e-17	1.1307e-17
2.9399e+14	6.7193e-17	1.437e-17
2.9411e+14	7.4751e-17	1.3543e-17
2.9422e+14	8.2815e-17	1.1346e-17
2.9434e+14	8.1897e-17	1.3529e-17
2.9446e+14	9.0345e-17	1.4592e-17
2.9458e+14	1.0744e-16	1.114e-17
2.947e+14	1.1077e-16	1.0098e-17
2.9481e+14	1.0188e-16	1.2099e-17
2.9493e+14	9.2564e-17	1.1675e-17
2.9505e+14	8.9561e-17	1.1198e-17
2.9517e+14	1.0817e-16	1.2991e-17
2.9528e+14	1.3345e-16	1.27e-17
2.954e+14	1.1865e-16	1.132e-17
2.9552e+14	7.839e-17	1.2897e-17
2.9564e+14	7.4017e-17	1.3665e-17
2.9576e+14	9.6368e-17	1.1726e-17
2.9587e+14	1.0061e-16	1.204e-17
2.9599e+14	1.0225e-16	1.3523e-17
2.9611e+14	1.1342e-16	1.2058e-17
2.9623e+14	9.9216e-17	1.1385e-17
2.9635e+14	7.1627e-17	1.3194e-17
2.9646e+14	8.0151e-17	1.2584e-17
2.9658e+14	1.0717e-16	1.0923e-17
2.967e+14	1.0915e-16	1.2323e-17
2.9682e+14	9.6047e-17	1.3007e-17
2.9694e+14	8.245e-17	1.1384e-17
2.9705e+14	6.5471e-17	1.1994e-17
2.9717e+14	6.7072e-17	1.2986e-17
2.9729e+14	9.6574e-17	1.0829e-17
2.9741e+14	1.2286e-16	1.0329e-17
2.9752e+14	1.3742e-16	1.2772e-17
2.9764e+14	1.4807e-16	1.2381e-17
2.9776e+14	1.2925e-16	1.0738e-17
2.9788e+14	8.4176e-17	1.2168e-17
2.98e+14	7.0522e-17	1.2452e-17
2.9811e+14	9.3795e-17	1.0469e-17
2.9823e+14	1.0043e-16	1.1918e-17
2.9835e+14	8.449e-17	1.4323e-17
2.9847e+14	7.4905e-17	1.2221e-17
2.9859e+14	7.1967e-17	1.0414e-17
2.987e+14	7.9708e-17	1.205e-17
2.9882e+14	1.0402e-16	1.1884e-17
2.9894e+14	1.0836e-16	1.0417e-17
2.9906e+14	7.8108e-17	1.1812e-17
2.9917e+14	6.5483e-17	1.2499e-17
2.9929e+14	9.0359e-17	1.0663e-17
2.9941e+14	1.0866e-16	1.0928e-17
2.9953e+14	1.059e-16	1.206e-17
2.9965e+14	1.0249e-16	1.0722e-17
2.9976e+14	9.8944e-17	1.0929e-17
2.9988e+14	9.9533e-17	1.3055e-17
3e+14	1.1274e-16	1.1579e-17
