#Error on normalization	O = 1.690 %	H = 1.922 %
#Frequence (s-1)	S_O (s)	S_H (s)
0	8.2464e-16	5.3318e-16
2.1661e+11	9.0858e-17	4.2903e-16
4.3321e+11	-3.4483e-16	3.9871e-16
6.4982e+11	4.25e-16	5.4937e-16
8.6643e+11	3.8097e-16	5.3662e-16
1.083e+12	-1.7205e-16	4.774e-16
1.2996e+12	4.8697e-16	6.4219e-16
1.5162e+12	1.0044e-15	7.1284e-16
1.7329e+12	3.4476e-16	5.8772e-16
1.9495e+12	3.7011e-16	7.0016e-16
2.1661e+12	1.3943e-15	9.8719e-16
2.3827e+12	1.7634e-15	1.0476e-15
2.5993e+12	1.7264e-15	1.0251e-15
2.8159e+12	2.4571e-15	1.1268e-15
3.0325e+12	3.6149e-15	1.2152e-15
3.2491e+12	4.5293e-15	1.3497e-15
3.4657e+12	6.939e-15	1.6675e-15
3.6823e+12	1.5783e-14	2.1188e-15
3.8989e+12	3.109e-14	2.7798e-15
4.1155e+12	3.9232e-14	3.3421e-15
4.3321e+12	2.8821e-14	2.9911e-15
4.5487e+12	1.309e-14	2.0983e-15
4.7653e+12	1.0596e-14	2.037e-15
4.9819e+12	1.377e-14	2.5428e-15
5.1986e+12	9.2848e-15	2.3526e-15
5.4152e+12	7.792e-15	2.1134e-15
5.6318e+12	1.917e-14	3.0086e-15
5.8484e+12	3.0268e-14	4.0805e-15
6.065e+12	3.2363e-14	4.1286e-15
6.2816e+12	3.1498e-14	3.7171e-15
6.4982e+12	2.6842e-14	3.5163e-15
6.7148e+12	2.0644e-14	3.6096e-15
6.9314e+12	2.8086e-14	4.2293e-15
7.148e+12	4.2088e-14	4.7381e-15
7.3646e+12	3.8344e-14	4.1736e-15
7.5812e+12	3.2754e-14	3.7863e-15
7.7978e+12	5.756e-14	5.0636e-15
8.0144e+12	8.8431e-14	6.3371e-15
8.231e+12	8.8971e-14	6.0925e-15
8.4477e+12	8.9227e-14	6.2726e-15
8.6643e+12	1.2021e-13	7.7982e-15
8.8809e+12	1.3762e-13	8.0549e-15
9.0975e+12	1.042e-13	6.1796e-15
9.3141e+12	6.2314e-14	4.7334e-15
9.5307e+12	5.1757e-14	4.6412e-15
9.7473e+12	4.9717e-14	4.4103e-15
9.9639e+12	3.5949e-14	3.8574e-15
1.0181e+13	2.7168e-14	3.7707e-15
1.0397e+13	3.0369e-14	3.8424e-15
1.0614e+13	3.357e-14	3.8632e-15
1.083e+13	3.5261e-14	4.2555e-15
1.1047e+13	3.9076e-14	4.6398e-15
1.1264e+13	4.2054e-14	4.5446e-15
1.148e+13	4.3986e-14	4.547e-15
1.1697e+13	4.5481e-14	4.8682e-15
1.1913e+13	4.6559e-14	4.9729e-15
1.213e+13	5.6762e-14	5.1622e-15
1.2347e+13	7.7408e-14	5.9798e-15
1.2563e+13	8.4592e-14	6.5813e-15
1.278e+13	6.7692e-14	6.0742e-15
1.2996e+13	5.2862e-14	5.2454e-15
1.3213e+13	5.5127e-14	5.1989e-15
1.343e+13	5.7351e-14	5.6607e-15
1.3646e+13	5.564e-14	5.7832e-15
1.3863e+13	6.4449e-14	5.6021e-15
1.4079e+13	7.512e-14	5.7935e-15
1.4296e+13	6.9192e-14	6.2848e-15
1.4513e+13	5.6717e-14	6.162e-15
1.4729e+13	5.3846e-14	5.3948e-15
1.4946e+13	5.3224e-14	5.1453e-15
1.5162e+13	4.7095e-14	5.6199e-15
1.5379e+13	4.3123e-14	5.7551e-15
1.5596e+13	4.4626e-14	5.5147e-15
1.5812e+13	4.6848e-14	5.7877e-15
1.6029e+13	4.9317e-14	6.2599e-15
1.6245e+13	5.1837e-14	6.2702e-15
1.6462e+13	5.1457e-14	6.4826e-15
1.6679e+13	4.9421e-14	7.1919e-15
1.6895e+13	4.8036e-14	7.2971e-15
1.7112e+13	4.8181e-14	6.6653e-15
1.7329e+13	5.4278e-14	6.5751e-15
1.7545e+13	6.4844e-14	7.215e-15
1.7762e+13	6.7492e-14	7.6438e-15
1.7978e+13	6.1723e-14	7.6821e-15
1.8195e+13	6.1613e-14	7.6304e-15
1.8412e+13	6.4169e-14	7.4855e-15
1.8628e+13	5.4769e-14	7.4737e-15
1.8845e+13	4.4029e-14	7.7646e-15
1.9061e+13	5.0193e-14	7.993e-15
1.9278e+13	5.8399e-14	8.1978e-15
1.9495e+13	4.7507e-14	8.6595e-15
1.9711e+13	3.1003e-14	8.7054e-15
1.9928e+13	2.7898e-14	7.9837e-15
2.0144e+13	2.924e-14	7.7378e-15
2.0361e+13	2.4998e-14	8.5462e-15
2.0578e+13	2.3415e-14	9.2165e-15
2.0794e+13	2.6235e-14	9.3627e-15
2.1011e+13	2.3729e-14	9.7798e-15
2.1227e+13	1.7821e-14	1.0176e-14
2.1444e+13	1.765e-14	1.0042e-14
2.1661e+13	2.0039e-14	1.0311e-14
2.1877e+13	1.8213e-14	1.1286e-14
2.2094e+13	1.5429e-14	1.1726e-14
2.231e+13	1.5333e-14	1.1518e-14
2.2527e+13	1.4841e-14	1.1656e-14
2.2744e+13	1.2875e-14	1.1916e-14
2.296e+13	1.2106e-14	1.21e-14
2.3177e+13	1.2062e-14	1.3252e-14
2.3394e+13	1.0827e-14	1.4955e-14
2.361e+13	9.9269e-15	1.5442e-14
2.3827e+13	1.0983e-14	1.5363e-14
2.4043e+13	1.2039e-14	1.6447e-14
2.426e+13	1.0901e-14	1.7697e-14
2.4477e+13	8.6358e-15	1.804e-14
2.4693e+13	7.8275e-15	1.9115e-14
2.491e+13	9.0051e-15	2.1034e-14
2.5126e+13	1.0067e-14	2.1104e-14
2.5343e+13	9.3599e-15	1.9662e-14
2.556e+13	7.9579e-15	2.0106e-14
2.5776e+13	7.5592e-15	2.2083e-14
2.5993e+13	7.7455e-15	2.2265e-14
2.6209e+13	7.2719e-15	2.1117e-14
2.6426e+13	6.445e-15	2.1692e-14
2.6643e+13	6.2513e-15	2.357e-14
2.6859e+13	6.4675e-15	2.3794e-14
2.7076e+13	6.3127e-15	2.1945e-14
2.7292e+13	5.9559e-15	2.0684e-14
2.7509e+13	5.9585e-15	2.2234e-14
2.7726e+13	6.0577e-15	2.5358e-14
2.7942e+13	5.819e-15	2.6515e-14
2.8159e+13	5.5944e-15	2.5083e-14
2.8375e+13	5.5965e-15	2.4549e-14
2.8592e+13	5.2866e-15	2.6231e-14
2.8809e+13	4.7002e-15	2.7086e-14
2.9025e+13	4.6055e-15	2.6149e-14
2.9242e+13	4.8257e-15	2.5969e-14
2.9458e+13	4.6113e-15	2.644e-14
2.9675e+13	4.4174e-15	2.5474e-14
2.9892e+13	4.8912e-15	2.4722e-14
3.0108e+13	5.1907e-15	2.6276e-14
3.0325e+13	4.5697e-15	2.7452e-14
3.0542e+13	3.9556e-15	2.6126e-14
3.0758e+13	4.2265e-15	2.4962e-14
3.0975e+13	4.7369e-15	2.5366e-14
3.1191e+13	4.6149e-15	2.5404e-14
3.1408e+13	4.0869e-15	2.57e-14
3.1625e+13	3.9473e-15	2.8184e-14
3.1841e+13	4.3287e-15	3.0055e-14
3.2058e+13	4.485e-15	2.8041e-14
3.2274e+13	4.1237e-15	2.5128e-14
3.2491e+13	4.0291e-15	2.5395e-14
3.2708e+13	4.3397e-15	2.7287e-14
3.2924e+13	4.0114e-15	2.7528e-14
3.3141e+13	3.1615e-15	2.6041e-14
3.3357e+13	3.1512e-15	2.3974e-14
3.3574e+13	3.7163e-15	2.1984e-14
3.3791e+13	3.5225e-15	2.1198e-14
3.4007e+13	3.0372e-15	2.1941e-14
3.4224e+13	3.2328e-15	2.2693e-14
3.444e+13	3.3799e-15	2.2685e-14
3.4657e+13	3.0657e-15	2.3006e-14
3.4874e+13	3.2149e-15	2.377e-14
3.509e+13	3.5779e-15	2.3338e-14
3.5307e+13	3.0857e-15	2.149e-14
3.5523e+13	2.4652e-15	2.0441e-14
3.574e+13	2.7285e-15	2.1393e-14
3.5957e+13	2.9954e-15	2.2444e-14
3.6173e+13	2.6644e-15	2.1696e-14
3.639e+13	2.6123e-15	2.0244e-14
3.6606e+13	2.8348e-15	1.9763e-14
3.6823e+13	2.4507e-15	1.9671e-14
3.704e+13	1.9225e-15	1.9411e-14
3.7256e+13	2.1336e-15	2.0129e-14
3.7473e+13	2.5949e-15	2.1442e-14
3.769e+13	2.6672e-15	2.11e-14
3.7906e+13	2.6293e-15	1.975e-14
3.8123e+13	2.6622e-15	2.0181e-14
3.8339e+13	2.5723e-15	2.1322e-14
3.8556e+13	2.3858e-15	2.009e-14
3.8773e+13	2.1793e-15	1.8167e-14
3.8989e+13	2.0126e-15	1.9178e-14
3.9206e+13	2.0884e-15	2.1447e-14
3.9422e+13	2.2848e-15	2.1081e-14
3.9639e+13	2.2305e-15	1.9052e-14
3.9856e+13	2.0227e-15	1.8784e-14
4.0072e+13	1.8948e-15	2.0212e-14
4.0289e+13	1.7545e-15	2.091e-14
4.0505e+13	1.7624e-15	2.0067e-14
4.0722e+13	2.1579e-15	1.8756e-14
4.0939e+13	2.4819e-15	1.8259e-14
4.1155e+13	2.3746e-15	1.8784e-14
4.1372e+13	2.3007e-15	1.9492e-14
4.1588e+13	2.4216e-15	2.054e-14
4.1805e+13	2.3165e-15	2.3093e-14
4.2022e+13	2.1552e-15	2.541e-14
4.2238e+13	2.3056e-15	2.3463e-14
4.2455e+13	2.3546e-15	1.8426e-14
4.2671e+13	2.0802e-15	1.7039e-14
4.2888e+13	2.0241e-15	2.1049e-14
4.3105e+13	2.2413e-15	2.4127e-14
4.3321e+13	2.2402e-15	2.2589e-14
4.3538e+13	2.1278e-15	2.0458e-14
4.3755e+13	2.1868e-15	2.0963e-14
4.3971e+13	2.1378e-15	2.1754e-14
4.4188e+13	1.8839e-15	2.0934e-14
4.4404e+13	1.7615e-15	2.0075e-14
4.4621e+13	1.7837e-15	1.9995e-14
4.4838e+13	1.7784e-15	1.9709e-14
4.5054e+13	1.8125e-15	1.9274e-14
4.5271e+13	1.8339e-15	1.9236e-14
4.5487e+13	1.7492e-15	1.8933e-14
4.5704e+13	1.7677e-15	1.8211e-14
4.5921e+13	1.8756e-15	1.8326e-14
4.6137e+13	1.7655e-15	1.9599e-14
4.6354e+13	1.6229e-15	2.0646e-14
4.657e+13	1.7732e-15	2.037e-14
4.6787e+13	1.8782e-15	1.9149e-14
4.7004e+13	1.6846e-15	1.8399e-14
4.722e+13	1.5995e-15	1.9013e-14
4.7437e+13	1.724e-15	1.9631e-14
4.7653e+13	1.6654e-15	1.8238e-14
4.787e+13	1.4853e-15	1.5973e-14
4.8087e+13	1.5033e-15	1.5955e-14
4.8303e+13	1.5934e-15	1.813e-14
4.852e+13	1.5933e-15	1.9297e-14
4.8736e+13	1.5744e-15	1.779e-14
4.8953e+13	1.4487e-15	1.479e-14
4.917e+13	1.2253e-15	1.2459e-14
4.9386e+13	1.2372e-15	1.2608e-14
4.9603e+13	1.4516e-15	1.4867e-14
4.9819e+13	1.4493e-15	1.6317e-14
5.0036e+13	1.2774e-15	1.5454e-14
5.0253e+13	1.2644e-15	1.4106e-14
5.0469e+13	1.3079e-15	1.3476e-14
5.0686e+13	1.2413e-15	1.2589e-14
5.0903e+13	1.2252e-15	1.1606e-14
5.1119e+13	1.2831e-15	1.173e-14
5.1336e+13	1.2498e-15	1.2329e-14
5.1552e+13	1.2e-15	1.239e-14
5.1769e+13	1.238e-15	1.2503e-14
5.1986e+13	1.226e-15	1.2756e-14
5.2202e+13	1.1387e-15	1.2245e-14
5.2419e+13	1.1416e-15	1.1285e-14
5.2635e+13	1.2033e-15	1.05e-14
5.2852e+13	1.1564e-15	9.4879e-15
5.3069e+13	1.033e-15	8.8366e-15
5.3285e+13	9.7064e-16	9.6206e-15
5.3502e+13	9.7081e-16	1.0398e-14
5.3718e+13	9.5286e-16	9.528e-15
5.3935e+13	9.1805e-16	8.6318e-15
5.4152e+13	9.4323e-16	9.1181e-15
5.4368e+13	1.0149e-15	9.2611e-15
5.4585e+13	1.0115e-15	8.1887e-15
5.4801e+13	9.3978e-16	7.629e-15
5.5018e+13	9.3871e-16	8.1292e-15
5.5235e+13	9.8413e-16	8.4758e-15
5.5451e+13	9.5141e-16	8.325e-15
5.5668e+13	8.9919e-16	7.8941e-15
5.5884e+13	9.0574e-16	7.1969e-15
5.6101e+13	8.9304e-16	6.8932e-15
5.6318e+13	8.6379e-16	7.2108e-15
5.6534e+13	8.8441e-16	7.158e-15
5.6751e+13	8.6035e-16	6.7614e-15
5.6968e+13	7.8228e-16	6.9519e-15
5.7184e+13	8.2907e-16	7.0389e-15
5.7401e+13	9.3071e-16	6.3911e-15
5.7617e+13	8.6493e-16	6.494e-15
5.7834e+13	7.6218e-16	7.5606e-15
5.8051e+13	7.9577e-16	7.4368e-15
5.8267e+13	7.9182e-16	6.2008e-15
5.8484e+13	7.1404e-16	6.1091e-15
5.87e+13	7.871e-16	6.8101e-15
5.8917e+13	9.1844e-16	6.5396e-15
5.9134e+13	8.6443e-16	5.9648e-15
5.935e+13	7.5387e-16	6.0116e-15
5.9567e+13	7.3562e-16	5.7506e-15
5.9783e+13	7.006e-16	5.2135e-15
6e+13	6.7517e-16	5.5774e-15
6.0217e+13	7.3345e-16	6.1624e-15
6.0433e+13	7.0649e-16	5.7338e-15
6.065e+13	6.071e-16	5.1144e-15
6.0866e+13	6.8683e-16	5.2132e-15
6.1083e+13	8.1628e-16	5.3711e-15
6.13e+13	7.2141e-16	5.23e-15
6.1516e+13	5.981e-16	5.1803e-15
6.1733e+13	6.4629e-16	5.1082e-15
6.1949e+13	6.7662e-16	4.95e-15
6.2166e+13	6.5296e-16	5.0919e-15
6.2383e+13	7.0788e-16	5.3478e-15
6.2599e+13	6.9962e-16	5.358e-15
6.2816e+13	5.9146e-16	5.3941e-15
6.3032e+13	6.3919e-16	5.3786e-15
6.3249e+13	7.5059e-16	4.9053e-15
6.3466e+13	6.5377e-16	4.6541e-15
6.3682e+13	5.7661e-16	5.3719e-15
6.3899e+13	7.1276e-16	6.0825e-15
6.4116e+13	7.2313e-16	5.6548e-15
6.4332e+13	5.3877e-16	4.7772e-15
6.4549e+13	5.4145e-16	4.6114e-15
6.4765e+13	6.8121e-16	5.0544e-15
6.4982e+13	6.354e-16	5.3356e-15
6.5199e+13	5.4588e-16	5.1376e-15
6.5415e+13	5.9587e-16	4.7286e-15
6.5632e+13	5.869e-16	4.4799e-15
6.5848e+13	4.874e-16	4.4226e-15
6.6065e+13	5.0367e-16	4.4597e-15
6.6282e+13	5.7741e-16	4.6215e-15
6.6498e+13	5.7572e-16	4.6873e-15
6.6715e+13	5.9146e-16	4.5097e-15
6.6931e+13	6.4441e-16	4.7157e-15
6.7148e+13	6.4345e-16	5.4578e-15
6.7365e+13	6.3127e-16	5.4717e-15
6.7581e+13	6.2447e-16	4.4582e-15
6.7798e+13	5.6181e-16	4.0893e-15
6.8014e+13	5.276e-16	4.6826e-15
6.8231e+13	5.5926e-16	4.5e-15
6.8448e+13	5.0944e-16	3.5776e-15
6.8664e+13	4.2545e-16	3.7019e-15
6.8881e+13	4.8989e-16	4.5452e-15
6.9097e+13	5.8289e-16	4.5618e-15
6.9314e+13	5.5335e-16	4.3182e-15
6.9531e+13	5.4756e-16	4.7842e-15
6.9747e+13	6.0072e-16	5.0198e-15
6.9964e+13	5.5837e-16	4.5056e-15
7.0181e+13	5.0723e-16	4.3207e-15
7.0397e+13	5.7446e-16	4.6637e-15
7.0614e+13	6.0983e-16	4.7108e-15
7.083e+13	5.726e-16	4.6426e-15
7.1047e+13	6.1089e-16	4.874e-15
7.1264e+13	6.3869e-16	4.8519e-15
7.148e+13	5.4615e-16	4.4953e-15
7.1697e+13	5.1428e-16	4.5246e-15
7.1913e+13	5.8173e-16	4.7486e-15
7.213e+13	5.4609e-16	4.4794e-15
7.2347e+13	4.6652e-16	4.117e-15
7.2563e+13	5.0576e-16	4.205e-15
7.278e+13	5.2806e-16	4.2686e-15
7.2996e+13	4.6631e-16	4.0844e-15
7.3213e+13	4.9637e-16	4.2888e-15
7.343e+13	5.7245e-16	4.8658e-15
7.3646e+13	5.1557e-16	4.9385e-15
7.3863e+13	4.4404e-16	4.4399e-15
7.4079e+13	4.9926e-16	4.2448e-15
7.4296e+13	5.6343e-16	4.5873e-15
7.4513e+13	5.6961e-16	4.8622e-15
7.4729e+13	5.7483e-16	4.865e-15
7.4946e+13	5.6023e-16	4.8982e-15
7.5162e+13	5.3701e-16	4.8902e-15
7.5379e+13	5.5184e-16	4.609e-15
7.5596e+13	5.3086e-16	4.3969e-15
7.5812e+13	4.8623e-16	4.6326e-15
7.6029e+13	5.5555e-16	4.9625e-15
7.6245e+13	6.2301e-16	4.8946e-15
7.6462e+13	5.0717e-16	4.548e-15
7.6679e+13	4.1691e-16	4.344e-15
7.6895e+13	5.3363e-16	4.5062e-15
7.7112e+13	6.1141e-16	4.8321e-15
7.7329e+13	5.2716e-16	4.7423e-15
7.7545e+13	4.967e-16	4.1473e-15
7.7762e+13	5.3723e-16	3.8566e-15
7.7978e+13	4.9942e-16	4.1511e-15
7.8195e+13	4.6315e-16	4.2536e-15
7.8412e+13	5.0273e-16	4.1964e-15
7.8628e+13	5.1305e-16	4.8422e-15
7.8845e+13	5.0504e-16	5.4872e-15
7.9061e+13	5.3385e-16	4.7839e-15
7.9278e+13	5.0753e-16	3.7946e-15
7.9495e+13	4.5977e-16	4.2398e-15
7.9711e+13	5.275e-16	5.0859e-15
7.9928e+13	5.8651e-16	4.7644e-15
8.0144e+13	5.039e-16	4.2473e-15
8.0361e+13	4.5555e-16	4.6041e-15
8.0578e+13	5.2383e-16	4.8715e-15
8.0794e+13	5.4183e-16	4.548e-15
8.1011e+13	5.0173e-16	4.5386e-15
8.1227e+13	5.0343e-16	4.8723e-15
8.1444e+13	4.9316e-16	4.8316e-15
8.1661e+13	4.7582e-16	4.6573e-15
8.1877e+13	5.1916e-16	4.6478e-15
8.2094e+13	5.0021e-16	4.3975e-15
8.231e+13	3.8956e-16	4.1713e-15
8.2527e+13	4.0693e-16	4.5804e-15
8.2744e+13	5.1522e-16	4.9607e-15
8.296e+13	4.687e-16	4.5839e-15
8.3177e+13	3.9327e-16	4.2623e-15
8.3394e+13	4.9384e-16	4.638e-15
8.361e+13	5.6573e-16	4.8484e-15
8.3827e+13	4.8197e-16	4.3766e-15
8.4043e+13	4.6531e-16	4.0211e-15
8.426e+13	5.3962e-16	4.2411e-15
8.4477e+13	5.2835e-16	4.5391e-15
8.4693e+13	4.9889e-16	4.6335e-15
8.491e+13	5.2625e-16	4.6662e-15
8.5126e+13	4.8956e-16	4.577e-15
8.5343e+13	4.4276e-16	4.3921e-15
8.556e+13	5.1639e-16	4.4729e-15
8.5776e+13	5.4395e-16	4.716e-15
8.5993e+13	4.228e-16	4.4794e-15
8.6209e+13	3.8106e-16	3.9019e-15
8.6426e+13	4.836e-16	3.9628e-15
8.6643e+13	5.2838e-16	4.6302e-15
8.6859e+13	4.9931e-16	4.69e-15
8.7076e+13	5.0773e-16	4.0296e-15
8.7292e+13	5.216e-16	3.9311e-15
8.7509e+13	5.2542e-16	4.6024e-15
8.7726e+13	5.5548e-16	4.8811e-15
8.7942e+13	5.475e-16	4.5531e-15
8.8159e+13	5.0456e-16	4.4603e-15
8.8375e+13	5.3531e-16	4.681e-15
8.8592e+13	5.7923e-16	4.7934e-15
8.8809e+13	5.3629e-16	4.9614e-15
8.9025e+13	5.2056e-16	5.2324e-15
8.9242e+13	5.7663e-16	5.1716e-15
8.9458e+13	5.5543e-16	4.8221e-15
8.9675e+13	4.8256e-16	4.6092e-15
8.9892e+13	5.13e-16	4.638e-15
9.0108e+13	5.7779e-16	4.965e-15
9.0325e+13	5.5713e-16	5.4045e-15
9.0542e+13	5.2263e-16	5.1985e-15
9.0758e+13	5.3563e-16	4.4586e-15
9.0975e+13	5.6631e-16	4.5276e-15
9.1191e+13	6.0669e-16	5.444e-15
9.1408e+13	6.0144e-16	5.6538e-15
9.1625e+13	5.072e-16	5.042e-15
9.1841e+13	4.4897e-16	4.8903e-15
9.2058e+13	4.8988e-16	5.1095e-15
9.2274e+13	4.9901e-16	4.9238e-15
9.2491e+13	4.7673e-16	4.781e-15
9.2708e+13	5.3681e-16	4.8965e-15
9.2924e+13	5.7849e-16	4.5287e-15
9.3141e+13	5.1234e-16	4.0374e-15
9.3357e+13	5.0346e-16	4.388e-15
9.3574e+13	5.8397e-16	4.8954e-15
9.3791e+13	5.7044e-16	4.668e-15
9.4007e+13	5.0057e-16	4.4258e-15
9.4224e+13	5.2591e-16	4.4816e-15
9.444e+13	5.5334e-16	4.0351e-15
9.4657e+13	5.0277e-16	3.5721e-15
9.4874e+13	4.8975e-16	4.192e-15
9.509e+13	5.1563e-16	4.9395e-15
9.5307e+13	4.9277e-16	4.5154e-15
9.5523e+13	4.833e-16	3.8965e-15
9.574e+13	5.0958e-16	4.1737e-15
9.5957e+13	4.8805e-16	4.4506e-15
9.6173e+13	4.799e-16	4.0113e-15
9.639e+13	5.3792e-16	3.6743e-15
9.6606e+13	5.1535e-16	3.9308e-15
9.6823e+13	4.1294e-16	4.2375e-15
9.704e+13	4.28e-16	4.2398e-15
9.7256e+13	5.1448e-16	4.0319e-15
9.7473e+13	4.9571e-16	3.8019e-15
9.769e+13	4.4868e-16	3.8965e-15
9.7906e+13	4.6116e-16	4.3201e-15
9.8123e+13	4.3209e-16	4.3764e-15
9.8339e+13	3.7759e-16	3.7569e-15
9.8556e+13	4.0351e-16	3.2167e-15
9.8773e+13	4.3086e-16	3.3964e-15
9.8989e+13	3.969e-16	3.8966e-15
9.9206e+13	3.9719e-16	4.0378e-15
9.9422e+13	4.1852e-16	3.7768e-15
9.9639e+13	3.8513e-16	3.542e-15
9.9856e+13	3.7528e-16	3.5487e-15
1.0007e+14	4.1246e-16	3.5514e-15
1.0029e+14	3.9359e-16	3.3373e-15
1.0051e+14	3.6364e-16	3.1478e-15
1.0072e+14	3.9787e-16	3.1882e-15
1.0094e+14	3.859e-16	3.1405e-15
1.0116e+14	3.1918e-16	2.7861e-15
1.0137e+14	3.4874e-16	2.56e-15
1.0159e+14	4.105e-16	2.7953e-15
1.0181e+14	3.5922e-16	3.0411e-15
1.0202e+14	3.0785e-16	2.8226e-15
1.0224e+14	3.4098e-16	2.4848e-15
1.0245e+14	3.3324e-16	2.6074e-15
1.0267e+14	2.9903e-16	3.0326e-15
1.0289e+14	3.4285e-16	3.1271e-15
1.031e+14	3.5007e-16	2.7609e-15
1.0332e+14	2.6197e-16	2.4221e-15
1.0354e+14	2.5988e-16	2.4299e-15
1.0375e+14	3.4785e-16	2.5558e-15
1.0397e+14	3.3334e-16	2.4804e-15
1.0419e+14	2.6012e-16	2.253e-15
1.044e+14	2.7697e-16	2.1785e-15
1.0462e+14	3.0882e-16	2.3773e-15
1.0484e+14	2.7929e-16	2.5698e-15
1.0505e+14	2.6939e-16	2.4524e-15
1.0527e+14	2.8779e-16	2.1845e-15
1.0549e+14	2.7391e-16	2.1006e-15
1.057e+14	2.5339e-16	2.1258e-15
1.0592e+14	2.4443e-16	2.059e-15
1.0614e+14	2.2797e-16	2.0648e-15
1.0635e+14	2.3918e-16	2.2276e-15
1.0657e+14	2.7257e-16	2.2189e-15
1.0679e+14	2.6203e-16	1.9863e-15
1.07e+14	2.3896e-16	1.938e-15
1.0722e+14	2.537e-16	2.0879e-15
1.0744e+14	2.5033e-16	2.0149e-15
1.0765e+14	2.2625e-16	1.7568e-15
1.0787e+14	2.4525e-16	1.7087e-15
1.0809e+14	2.5513e-16	1.804e-15
1.083e+14	2.1147e-16	1.7061e-15
1.0852e+14	2.0145e-16	1.496e-15
1.0874e+14	2.2118e-16	1.4887e-15
1.0895e+14	1.8367e-16	1.6785e-15
1.0917e+14	1.585e-16	1.7701e-15
1.0939e+14	2.0255e-16	1.6108e-15
1.096e+14	1.9742e-16	1.4177e-15
1.0982e+14	1.448e-16	1.4746e-15
1.1004e+14	1.7682e-16	1.6677e-15
1.1025e+14	2.2032e-16	1.6873e-15
1.1047e+14	1.6689e-16	1.5834e-15
1.1069e+14	1.4578e-16	1.5769e-15
1.109e+14	2.0907e-16	1.5714e-15
1.1112e+14	2.0515e-16	1.4247e-15
1.1134e+14	1.4977e-16	1.2934e-15
1.1155e+14	1.7264e-16	1.2972e-15
1.1177e+14	2.0121e-16	1.3561e-15
1.1199e+14	1.6422e-16	1.4489e-15
1.122e+14	1.5899e-16	1.5285e-15
1.1242e+14	1.8015e-16	1.4417e-15
1.1264e+14	1.4542e-16	1.2767e-15
1.1285e+14	1.307e-16	1.2604e-15
1.1307e+14	1.7411e-16	1.2888e-15
1.1329e+14	1.6454e-16	1.2043e-15
1.135e+14	1.2501e-16	1.1915e-15
1.1372e+14	1.5592e-16	1.3104e-15
1.1394e+14	1.7272e-16	1.2923e-15
1.1415e+14	1.1516e-16	1.129e-15
1.1437e+14	9.9062e-17	1.0671e-15
1.1458e+14	1.3194e-16	1.0655e-15
1.148e+14	1.1811e-16	1.0084e-15
1.1502e+14	1.089e-16	1.0257e-15
1.1523e+14	1.4498e-16	1.0837e-15
1.1545e+14	1.3e-16	9.6672e-16
1.1567e+14	8.288e-17	8.1702e-16
1.1588e+14	1.0528e-16	8.8676e-16
1.161e+14	1.3289e-16	9.9488e-16
1.1632e+14	1.0374e-16	9.4209e-16
1.1653e+14	1.0498e-16	9.0826e-16
1.1675e+14	1.3498e-16	9.7348e-16
1.1697e+14	1.1375e-16	9.6204e-16
1.1718e+14	1.0271e-16	9.0129e-16
1.174e+14	1.4373e-16	9.3603e-16
1.1762e+14	1.3575e-16	9.6028e-16
1.1783e+14	8.5163e-17	8.7728e-16
1.1805e+14	9.6479e-17	8.3955e-16
1.1827e+14	1.2647e-16	9.114e-16
1.1848e+14	1.0869e-16	9.43e-16
1.187e+14	1.0211e-16	8.7755e-16
1.1892e+14	1.0998e-16	8.0608e-16
1.1913e+14	8.1e-17	7.7762e-16
1.1935e+14	7.066e-17	7.8228e-16
1.1957e+14	1.0145e-16	8.0179e-16
1.1978e+14	9.1043e-17	8.0623e-16
1.2e+14	6.3721e-17	7.8649e-16
1.2022e+14	9.2937e-17	7.5419e-16
1.2043e+14	1.077e-16	7.126e-16
1.2065e+14	7.0135e-17	6.8845e-16
1.2087e+14	7.4806e-17	7.0248e-16
1.2108e+14	1.0978e-16	7.0328e-16
1.213e+14	8.971e-17	6.6507e-16
1.2152e+14	7.1732e-17	6.5748e-16
1.2173e+14	1.0224e-16	6.9889e-16
1.2195e+14	9.8915e-17	7.1651e-16
1.2217e+14	6.65e-17	6.9859e-16
1.2238e+14	8.1206e-17	6.8211e-16
1.226e+14	9.4829e-17	6.4755e-16
1.2282e+14	6.8411e-17	5.956e-16
1.2303e+14	7.294e-17	5.8663e-16
1.2325e+14	9.589e-17	6.1802e-16
1.2347e+14	7.2027e-17	6.2929e-16
1.2368e+14	5.7021e-17	6.1287e-16
1.239e+14	8.2149e-17	5.9347e-16
1.2412e+14	7.3191e-17	5.8641e-16
1.2433e+14	4.9227e-17	6.0513e-16
1.2455e+14	7.413e-17	6.112e-16
1.2477e+14	8.3816e-17	5.4869e-16
1.2498e+14	4.9402e-17	4.7925e-16
1.252e+14	5.5707e-17	5.008e-16
1.2542e+14	8.5493e-17	5.6986e-16
1.2563e+14	6.715e-17	5.9907e-16
1.2585e+14	5.8142e-17	5.8945e-16
1.2606e+14	8.6418e-17	5.4267e-16
1.2628e+14	7.2854e-17	4.6462e-16
1.265e+14	4.4116e-17	4.5065e-16
1.2671e+14	7.2394e-17	5.2678e-16
1.2693e+14	8.6886e-17	5.5875e-16
1.2715e+14	5.052e-17	5.0283e-16
1.2736e+14	5.2273e-17	4.7286e-16
1.2758e+14	7.8757e-17	4.8377e-16
1.278e+14	5.4925e-17	4.5646e-16
1.2801e+14	4.1245e-17	4.239e-16
1.2823e+14	7.3494e-17	4.4045e-16
1.2845e+14	6.718e-17	4.5008e-16
1.2866e+14	3.7653e-17	4.2822e-16
1.2888e+14	6.1323e-17	4.2809e-16
1.291e+14	7.7612e-17	4.3915e-16
1.2931e+14	4.509e-17	4.2129e-16
1.2953e+14	4.4889e-17	4.086e-16
1.2975e+14	6.8514e-17	4.2707e-16
1.2996e+14	4.6366e-17	4.4694e-16
1.3018e+14	3.4912e-17	4.5996e-16
1.304e+14	6.8284e-17	4.6297e-16
1.3061e+14	6.5118e-17	4.2758e-16
1.3083e+14	3.7916e-17	3.7939e-16
1.3105e+14	5.8502e-17	3.7754e-16
1.3126e+14	7.0006e-17	4.017e-16
1.3148e+14	3.6857e-17	4.0174e-16
1.317e+14	4.0119e-17	3.9522e-16
1.3191e+14	6.7623e-17	4.0274e-16
1.3213e+14	4.5506e-17	3.9471e-16
1.3235e+14	2.9528e-17	3.6549e-16
1.3256e+14	6.0069e-17	3.5541e-16
1.3278e+14	5.9115e-17	3.8012e-16
1.33e+14	3.2517e-17	4.052e-16
1.3321e+14	4.9913e-17	3.9432e-16
1.3343e+14	6.2628e-17	3.6113e-16
1.3365e+14	3.4705e-17	3.4616e-16
1.3386e+14	3.6912e-17	3.4144e-16
1.3408e+14	5.9617e-17	3.195e-16
1.343e+14	4.0197e-17	3.1972e-16
1.3451e+14	3.0148e-17	3.6727e-16
1.3473e+14	5.9081e-17	3.8334e-16
1.3495e+14	5.3938e-17	3.3903e-16
1.3516e+14	2.8401e-17	3.314e-16
1.3538e+14	4.5763e-17	3.7191e-16
1.356e+14	5.3391e-17	3.5755e-16
1.3581e+14	2.4955e-17	3.0798e-16
1.3603e+14	3.439e-17	3.2058e-16
1.3625e+14	6.0914e-17	3.4631e-16
1.3646e+14	3.7251e-17	3.1009e-16
1.3668e+14	2.3646e-17	2.8166e-16
1.369e+14	5.4369e-17	3.0596e-16
1.3711e+14	5.1495e-17	3.1471e-16
1.3733e+14	2.6631e-17	2.9976e-16
1.3755e+14	4.5891e-17	3.0777e-16
1.3776e+14	5.5789e-17	3.0975e-16
1.3798e+14	2.6735e-17	2.8459e-16
1.3819e+14	3.3592e-17	2.7461e-16
1.3841e+14	5.8139e-17	2.6941e-16
1.3863e+14	3.355e-17	2.4394e-16
1.3884e+14	2.0827e-17	2.5449e-16
1.3906e+14	5.3769e-17	3.0584e-16
1.3928e+14	5.0102e-17	3.0577e-16
1.3949e+14	2.1065e-17	2.5959e-16
1.3971e+14	3.9265e-17	2.5714e-16
1.3993e+14	5.1232e-17	2.7764e-16
1.4014e+14	2.0136e-17	2.6166e-16
1.4036e+14	2.4469e-17	2.524e-16
1.4058e+14	5.5829e-17	2.7499e-16
1.4079e+14	3.9718e-17	2.7134e-16
1.4101e+14	2.2687e-17	2.4129e-16
1.4123e+14	4.6118e-17	2.403e-16
1.4144e+14	4.3576e-17	2.5615e-16
1.4166e+14	2.1155e-17	2.5015e-16
1.4188e+14	3.99e-17	2.3237e-16
1.4209e+14	5.1393e-17	2.1838e-16
1.4231e+14	2.3979e-17	2.1484e-16
1.4253e+14	2.7445e-17	2.3376e-16
1.4274e+14	5.0882e-17	2.5428e-16
1.4296e+14	3.1127e-17	2.4703e-16
1.4318e+14	1.8106e-17	2.3347e-16
1.4339e+14	4.3367e-17	2.3248e-16
1.4361e+14	3.696e-17	2.2499e-16
1.4383e+14	1.262e-17	2.2015e-16
1.4404e+14	3.4855e-17	2.3376e-16
1.4426e+14	4.9039e-17	2.3075e-16
1.4448e+14	1.9733e-17	2.1004e-16
1.4469e+14	2.2602e-17	2.2567e-16
1.4491e+14	5.0701e-17	2.5097e-16
1.4513e+14	3.315e-17	2.1444e-16
1.4534e+14	1.4766e-17	1.6736e-16
1.4556e+14	3.7526e-17	1.9592e-16
1.4578e+14	3.856e-17	2.4993e-16
1.4599e+14	1.9227e-17	2.5039e-16
1.4621e+14	3.4709e-17	2.2268e-16
1.4643e+14	4.165e-17	2.0176e-16
1.4664e+14	1.3732e-17	1.7704e-16
1.4686e+14	1.8862e-17	1.6623e-16
1.4708e+14	4.5737e-17	1.8832e-16
1.4729e+14	3.0013e-17	2.0536e-16
1.4751e+14	1.6011e-17	1.9537e-16
1.4773e+14	3.7976e-17	1.9009e-16
1.4794e+14	3.3926e-17	1.9775e-16
1.4816e+14	1.2187e-17	1.9519e-16
1.4838e+14	2.9907e-17	1.8759e-16
1.4859e+14	4.1683e-17	1.916e-16
1.4881e+14	1.7531e-17	1.9811e-16
1.4903e+14	2.117e-17	1.9597e-16
1.4924e+14	4.3275e-17	1.8921e-16
1.4946e+14	2.6091e-17	1.8402e-16
1.4968e+14	1.3958e-17	1.8562e-16
1.4989e+14	3.664e-17	1.9335e-16
1.5011e+14	3.2871e-17	1.9713e-16
1.5032e+14	1.2131e-17	1.9295e-16
1.5054e+14	2.8124e-17	1.851e-16
1.5076e+14	3.6316e-17	1.7502e-16
1.5097e+14	1.2318e-17	1.6861e-16
1.5119e+14	1.8497e-17	1.7434e-16
1.5141e+14	4.0568e-17	1.8456e-16
1.5162e+14	2.3307e-17	1.8623e-16
1.5184e+14	1.3697e-17	1.7869e-16
1.5206e+14	3.5924e-17	1.6475e-16
1.5227e+14	2.7176e-17	1.5252e-16
1.5249e+14	5.6639e-18	1.5646e-16
1.5271e+14	2.7944e-17	1.6712e-16
1.5292e+14	4.0273e-17	1.6083e-16
1.5314e+14	1.3481e-17	1.4782e-16
1.5336e+14	1.589e-17	1.4664e-16
1.5357e+14	3.6756e-17	1.424e-16
1.5379e+14	1.8357e-17	1.3433e-16
1.5401e+14	8.8436e-18	1.4921e-16
1.5422e+14	3.5769e-17	1.6981e-16
1.5444e+14	3.2233e-17	1.5934e-16
1.5466e+14	9.6975e-18	1.4491e-16
1.5487e+14	2.6878e-17	1.5939e-16
1.5509e+14	3.7172e-17	1.7104e-16
1.5531e+14	1.2405e-17	1.6358e-16
1.5552e+14	1.6814e-17	1.6788e-16
1.5574e+14	3.7736e-17	1.7384e-16
1.5596e+14	1.8247e-17	1.5075e-16
1.5617e+14	7.5029e-18	1.2947e-16
1.5639e+14	3.3409e-17	1.388e-16
1.5661e+14	2.8438e-17	1.4604e-16
1.5682e+14	4.6163e-18	1.3881e-16
1.5704e+14	2.3591e-17	1.4369e-16
1.5726e+14	3.8188e-17	1.5083e-16
1.5747e+14	1.4294e-17	1.4208e-16
1.5769e+14	1.5237e-17	1.4114e-16
1.5791e+14	3.5207e-17	1.5047e-16
1.5812e+14	1.8499e-17	1.3957e-16
1.5834e+14	7.4806e-18	1.2302e-16
1.5856e+14	3.0094e-17	1.3116e-16
1.5877e+14	2.6039e-17	1.3898e-16
1.5899e+14	6.0225e-18	1.2678e-16
1.5921e+14	2.361e-17	1.27e-16
1.5942e+14	3.3177e-17	1.4785e-16
1.5964e+14	9.4121e-18	1.5415e-16
1.5986e+14	1.5341e-17	1.3829e-16
1.6007e+14	3.6647e-17	1.2109e-16
1.6029e+14	1.6211e-17	1.1117e-16
1.6051e+14	4.1082e-18	1.1519e-16
1.6072e+14	3.136e-17	1.3547e-16
1.6094e+14	3.0796e-17	1.5001e-16
1.6116e+14	8.5043e-18	1.4427e-16
1.6137e+14	2.3475e-17	1.3286e-16
1.6159e+14	3.4333e-17	1.2551e-16
1.6181e+14	1.0775e-17	1.1996e-16
1.6202e+14	1.3498e-17	1.2063e-16
1.6224e+14	3.5002e-17	1.2292e-16
1.6245e+14	1.96e-17	1.1675e-16
1.6267e+14	8.3685e-18	1.1731e-16
1.6289e+14	2.9823e-17	1.3573e-16
1.631e+14	2.5437e-17	1.4407e-16
1.6332e+14	4.9203e-18	1.2737e-16
1.6354e+14	2.1928e-17	1.1689e-16
1.6375e+14	3.2852e-17	1.2916e-16
1.6397e+14	9.7429e-18	1.3921e-16
1.6419e+14	1.3114e-17	1.32e-16
1.644e+14	3.4256e-17	1.1897e-16
1.6462e+14	1.8669e-17	1.1015e-16
1.6484e+14	8.1375e-18	1.108e-16
1.6505e+14	3.0424e-17	1.2274e-16
1.6527e+14	2.6641e-17	1.3214e-16
1.6549e+14	5.7627e-18	1.2434e-16
1.657e+14	2.1076e-17	1.0941e-16
1.6592e+14	3.1287e-17	1.0856e-16
1.6614e+14	9.9494e-18	1.2264e-16
1.6635e+14	1.4451e-17	1.31e-16
1.6657e+14	3.3243e-17	1.222e-16
1.6679e+14	1.4299e-17	1.1145e-16
1.67e+14	3.0399e-18	1.1124e-16
1.6722e+14	2.6836e-17	1.0697e-16
1.6744e+14	2.4392e-17	9.406e-17
1.6765e+14	4.1437e-18	9.8437e-17
1.6787e+14	2.0221e-17	1.2075e-16
1.6809e+14	3.1095e-17	1.2422e-16
1.683e+14	9.5361e-18	1.0858e-16
1.6852e+14	1.3823e-17	1.0982e-16
1.6874e+14	3.3604e-17	1.1985e-16
1.6895e+14	1.5608e-17	1.0667e-16
1.6917e+14	3.929e-18	8.9898e-17
1.6939e+14	2.7405e-17	9.859e-17
1.696e+14	2.5513e-17	1.0897e-16
1.6982e+14	4.8537e-18	1.0157e-16
1.7004e+14	1.9745e-17	1.018e-16
1.7025e+14	3.081e-17	1.1627e-16
1.7047e+14	9.5561e-18	1.1656e-16
1.7069e+14	1.2366e-17	1.0172e-16
1.709e+14	3.1782e-17	9.6535e-17
1.7112e+14	1.6346e-17	9.9339e-17
1.7134e+14	5.7864e-18	9.4177e-17
1.7155e+14	2.6719e-17	8.736e-17
1.7177e+14	2.329e-17	9.094e-17
1.7199e+14	4.4782e-18	9.9435e-17
1.722e+14	2.0455e-17	1.0338e-16
1.7242e+14	2.9579e-17	1.0259e-16
1.7264e+14	6.8605e-18	9.9755e-17
1.7285e+14	1.135e-17	9.6461e-17
1.7307e+14	3.3192e-17	9.6123e-17
1.7329e+14	1.7681e-17	1.0052e-16
1.735e+14	5.623e-18	1.0386e-16
1.7372e+14	2.7063e-17	1.0064e-16
1.7394e+14	2.5502e-17	9.6733e-17
1.7415e+14	5.9537e-18	9.8038e-17
1.7437e+14	1.9089e-17	9.8061e-17
1.7458e+14	2.7759e-17	9.5776e-17
1.748e+14	6.7172e-18	1.0235e-16
1.7502e+14	1.0761e-17	1.1165e-16
1.7523e+14	3.0351e-17	1.0437e-16
1.7545e+14	1.4289e-17	8.9909e-17
1.7567e+14	2.9413e-18	9.0481e-17
1.7588e+14	2.3956e-17	9.515e-17
1.761e+14	2.1709e-17	8.775e-17
1.7632e+14	3.3295e-18	8.3819e-17
1.7653e+14	1.9108e-17	9.1207e-17
1.7675e+14	2.9467e-17	9.244e-17
1.7697e+14	7.3172e-18	8.9715e-17
1.7718e+14	9.0114e-18	9.7261e-17
1.774e+14	2.8783e-17	1.0071e-16
1.7762e+14	1.5506e-17	9.0928e-17
1.7783e+14	5.5635e-18	9.0933e-17
1.7805e+14	2.5561e-17	1.0209e-16
1.7827e+14	2.2297e-17	9.6728e-17
1.7848e+14	2.8534e-18	8.0925e-17
1.787e+14	1.6531e-17	8.3234e-17
1.7892e+14	2.6348e-17	9.6821e-17
1.7913e+14	6.9754e-18	1.0134e-16
1.7935e+14	1.1354e-17	9.9924e-17
1.7957e+14	3.0572e-17	9.5078e-17
1.7978e+14	1.5148e-17	8.3183e-17
1.8e+14	4.2536e-18	7.7649e-17
1.8022e+14	2.4886e-17	8.7277e-17
1.8043e+14	2.2843e-17	9.6221e-17
1.8065e+14	4.563e-18	9.5063e-17
1.8087e+14	1.9095e-17	9.125e-17
1.8108e+14	2.8463e-17	8.6689e-17
1.813e+14	6.4508e-18	8.3224e-17
1.8152e+14	8.2633e-18	8.7576e-17
1.8173e+14	2.8181e-17	9.1756e-17
1.8195e+14	1.4932e-17	8.6134e-17
1.8217e+14	4.2244e-18	8.363e-17
1.8238e+14	2.4906e-17	9.2403e-17
1.826e+14	2.4518e-17	9.6602e-17
1.8282e+14	5.5394e-18	8.9894e-17
1.8303e+14	1.6828e-17	8.4739e-17
1.8325e+14	2.7058e-17	8.4332e-17
1.8347e+14	9.4601e-18	8.4311e-17
1.8368e+14	1.1022e-17	8.5542e-17
1.839e+14	2.7193e-17	8.4561e-17
1.8412e+14	1.486e-17	7.9184e-17
1.8433e+14	7.2567e-18	7.8444e-17
1.8455e+14	2.5699e-17	8.2384e-17
1.8477e+14	2.1419e-17	8.0976e-17
1.8498e+14	3.6292e-18	8.0343e-17
1.852e+14	1.7196e-17	8.7529e-17
1.8542e+14	2.5466e-17	8.8125e-17
1.8563e+14	5.6079e-18	8.0341e-17
1.8585e+14	8.8446e-18	8.5717e-17
1.8606e+14	2.756e-17	9.9454e-17
1.8628e+14	1.5144e-17	9.443e-17
1.865e+14	5.9416e-18	7.8604e-17
1.8671e+14	2.3357e-17	7.8938e-17
1.8693e+14	1.9036e-17	8.7324e-17
1.8715e+14	1.7448e-18	8.3569e-17
1.8736e+14	1.5981e-17	7.6837e-17
1.8758e+14	2.5366e-17	8.0208e-17
1.878e+14	7.1026e-18	8.4454e-17
1.8801e+14	1.0955e-17	8.2162e-17
1.8823e+14	2.833e-17	8.2306e-17
1.8845e+14	1.4243e-17	8.9032e-17
1.8866e+14	4.7695e-18	9.1244e-17
1.8888e+14	2.2753e-17	8.1982e-17
1.891e+14	1.9152e-17	7.2672e-17
1.8931e+14	3.0576e-18	7.4036e-17
1.8953e+14	1.7994e-17	7.6076e-17
1.8975e+14	2.6057e-17	7.0715e-17
1.8996e+14	5.9507e-18	7.2514e-17
1.9018e+14	9.981e-18	8.5173e-17
1.904e+14	2.8141e-17	8.5413e-17
1.9061e+14	1.2806e-17	7.1028e-17
1.9083e+14	2.0996e-18	6.876e-17
1.9105e+14	2.1721e-17	7.7369e-17
1.9126e+14	1.9706e-17	7.3411e-17
1.9148e+14	1.9343e-18	6.6864e-17
1.917e+14	1.5439e-17	7.6745e-17
1.9191e+14	2.5489e-17	8.5006e-17
1.9213e+14	6.9285e-18	7.7523e-17
1.9235e+14	9.5154e-18	7.4626e-17
1.9256e+14	2.726e-17	8.2318e-17
1.9278e+14	1.4006e-17	8.1018e-17
1.93e+14	3.9536e-18	7.1578e-17
1.9321e+14	2.256e-17	6.9287e-17
1.9343e+14	2.1112e-17	7.0412e-17
1.9365e+14	4.131e-18	6.8224e-17
1.9386e+14	1.6001e-17	6.767e-17
1.9408e+14	2.4485e-17	6.8889e-17
1.943e+14	6.4817e-18	7.0732e-17
1.9451e+14	9.1137e-18	7.6875e-17
1.9473e+14	2.5575e-17	7.9597e-17
1.9495e+14	1.2489e-17	7.2058e-17
1.9516e+14	4.0862e-18	6.972e-17
1.9538e+14	2.3109e-17	7.8813e-17
1.956e+14	2.0472e-17	7.8561e-17
1.9581e+14	2.2902e-18	6.6311e-17
1.9603e+14	1.3905e-17	6.4398e-17
1.9625e+14	2.317e-17	7.1312e-17
1.9646e+14	5.8758e-18	6.9052e-17
1.9668e+14	8.1022e-18	6.4262e-17
1.969e+14	2.4462e-17	6.7456e-17
1.9711e+14	1.2571e-17	6.7823e-17
1.9733e+14	4.1204e-18	6.2258e-17
1.9755e+14	2.1031e-17	6.1793e-17
1.9776e+14	1.8309e-17	6.2995e-17
1.9798e+14	3.4742e-18	5.8597e-17
1.9819e+14	1.7031e-17	5.7323e-17
1.9841e+14	2.4432e-17	6.1507e-17
1.9863e+14	5.4362e-18	6.097e-17
1.9884e+14	8.541e-18	5.9213e-17
1.9906e+14	2.5545e-17	6.4633e-17
1.9928e+14	1.2377e-17	6.7605e-17
1.9949e+14	2.9998e-18	6.1255e-17
1.9971e+14	2.0458e-17	5.6962e-17
1.9993e+14	1.7735e-17	5.8722e-17
2.0014e+14	1.7063e-18	5.7546e-17
2.0036e+14	1.5122e-17	5.4648e-17
2.0058e+14	2.392e-17	5.6241e-17
2.0079e+14	5.2357e-18	5.6628e-17
2.0101e+14	6.9094e-18	5.2259e-17
2.0123e+14	2.3443e-17	5.2049e-17
2.0144e+14	1.1677e-17	5.8353e-17
2.0166e+14	3.425e-18	6.0731e-17
2.0188e+14	2.0895e-17	5.5077e-17
2.0209e+14	1.8038e-17	4.9306e-17
2.0231e+14	1.6004e-18	4.9535e-17
2.0253e+14	1.4081e-17	5.3868e-17
2.0274e+14	2.2532e-17	5.7337e-17
2.0296e+14	4.3637e-18	5.6276e-17
2.0318e+14	6.3629e-18	5.1417e-17
2.0339e+14	2.2924e-17	4.8503e-17
2.0361e+14	1.1319e-17	5.1585e-17
2.0383e+14	3.0915e-18	5.6966e-17
2.0404e+14	2.0633e-17	5.8904e-17
2.0426e+14	1.8196e-17	5.7575e-17
2.0448e+14	1.5926e-18	5.5145e-17
2.0469e+14	1.3189e-17	5.0997e-17
2.0491e+14	2.1706e-17	4.7685e-17
2.0513e+14	4.6105e-18	5.0473e-17
2.0534e+14	6.7388e-18	5.5661e-17
2.0556e+14	2.2431e-17	5.4716e-17
2.0578e+14	1.0558e-17	5.0357e-17
2.0599e+14	2.6429e-18	4.9903e-17
2.0621e+14	2.0191e-17	4.9579e-17
2.0643e+14	1.7526e-17	4.476e-17
2.0664e+14	5.1491e-19	4.1824e-17
2.0686e+14	1.1534e-17	4.4613e-17
2.0708e+14	2.0178e-17	4.7516e-17
2.0729e+14	4.1357e-18	4.8277e-17
2.0751e+14	6.9245e-18	4.8554e-17
2.0773e+14	2.208e-17	4.6234e-17
2.0794e+14	9.1763e-18	4.2135e-17
2.0816e+14	7.2361e-19	4.1433e-17
2.0838e+14	1.8651e-17	4.2556e-17
2.0859e+14	1.6946e-17	4.1285e-17
2.0881e+14	8.5974e-19	4.0812e-17
2.0903e+14	1.267e-17	4.3522e-17
2.0924e+14	2.1504e-17	4.5933e-17
2.0946e+14	4.0678e-18	4.6968e-17
2.0968e+14	5.1737e-18	4.5988e-17
2.0989e+14	2.1017e-17	4.0603e-17
2.1011e+14	9.9145e-18	3.6872e-17
2.1032e+14	9.9103e-19	4.1599e-17
2.1054e+14	1.7391e-17	4.5637e-17
2.1076e+14	1.6013e-17	4.1557e-17
2.1097e+14	3.5676e-19	4.1015e-17
2.1119e+14	1.0942e-17	4.8421e-17
2.1141e+14	1.9873e-17	4.8882e-17
2.1162e+14	4.8981e-18	4.0448e-17
2.1184e+14	7.0062e-18	3.846e-17
2.1206e+14	2.1408e-17	4.2968e-17
2.1227e+14	9.6164e-18	4.1634e-17
2.1249e+14	1.2982e-18	3.6288e-17
2.1271e+14	1.7652e-17	3.5346e-17
2.1292e+14	1.5688e-17	3.7286e-17
2.1314e+14	-3.2792e-19	3.8138e-17
2.1336e+14	9.7637e-18	3.7152e-17
2.1357e+14	1.8328e-17	3.4586e-17
2.1379e+14	3.353e-18	3.445e-17
2.1401e+14	5.092e-18	3.7719e-17
2.1422e+14	1.9388e-17	3.5985e-17
2.1444e+14	8.9163e-18	2.8566e-17
2.1466e+14	1.711e-18	2.7969e-17
2.1487e+14	1.74e-17	3.5106e-17
2.1509e+14	1.509e-17	3.7361e-17
2.1531e+14	5.8351e-19	3.4256e-17
2.1552e+14	1.1768e-17	3.4273e-17
2.1574e+14	1.9454e-17	3.5877e-17
2.1596e+14	3.2069e-18	3.5858e-17
2.1617e+14	4.4551e-18	3.6833e-17
2.1639e+14	1.8566e-17	3.6188e-17
2.1661e+14	7.9679e-18	3.1148e-17
2.1682e+14	7.0056e-19	2.8847e-17
2.1704e+14	1.6306e-17	3.1648e-17
2.1726e+14	1.4274e-17	3.1618e-17
2.1747e+14	3.0093e-19	2.8718e-17
2.1769e+14	1.1233e-17	2.9276e-17
2.1791e+14	1.807e-17	3.0729e-17
2.1812e+14	2.1178e-18	3.0243e-17
2.1834e+14	4.954e-18	3.2113e-17
2.1856e+14	1.9801e-17	3.4461e-17
2.1877e+14	8.272e-18	3.1675e-17
2.1899e+14	4.0793e-19	2.865e-17
2.1921e+14	1.6853e-17	3.0306e-17
2.1942e+14	1.5056e-17	3.0661e-17
2.1964e+14	-4.1e-19	2.7474e-17
2.1986e+14	9.9229e-18	2.7029e-17
2.2007e+14	1.8419e-17	2.956e-17
2.2029e+14	3.1991e-18	3.0243e-17
2.2051e+14	4.326e-18	2.9711e-17
2.2072e+14	1.8566e-17	2.9927e-17
2.2094e+14	8.8951e-18	3.0137e-17
2.2116e+14	1.7445e-18	3.0694e-17
2.2137e+14	1.681e-17	3.086e-17
2.2159e+14	1.469e-17	2.8262e-17
2.2181e+14	-4.2905e-21	2.5265e-17
2.2202e+14	9.6981e-18	2.5381e-17
2.2224e+14	1.7249e-17	2.6241e-17
2.2245e+14	2.7447e-18	2.5837e-17
2.2267e+14	4.4763e-18	2.6298e-17
2.2289e+14	1.7889e-17	2.7089e-17
2.231e+14	7.9397e-18	2.6215e-17
2.2332e+14	1.5455e-18	2.5369e-17
2.2354e+14	1.6427e-17	2.5387e-17
2.2375e+14	1.3394e-17	2.5157e-17
2.2397e+14	-1.1162e-18	2.6292e-17
2.2419e+14	9.3882e-18	2.8824e-17
2.244e+14	1.7088e-17	2.9041e-17
2.2462e+14	2.849e-18	2.7552e-17
2.2484e+14	5.6089e-18	2.7177e-17
2.2505e+14	1.9356e-17	2.5436e-17
2.2527e+14	8.145e-18	2.2149e-17
2.2549e+14	5.3589e-19	2.2469e-17
2.257e+14	1.5832e-17	2.4469e-17
2.2592e+14	1.3891e-17	2.2302e-17
2.2614e+14	-3.2813e-19	1.9992e-17
2.2635e+14	1.0106e-17	2.2283e-17
2.2657e+14	1.8043e-17	2.3831e-17
2.2679e+14	3.4902e-18	2.2114e-17
2.27e+14	5.168e-18	2.182e-17
2.2722e+14	1.846e-17	2.2061e-17
2.2744e+14	7.6593e-18	1.999e-17
2.2765e+14	2.2442e-19	1.975e-17
2.2787e+14	1.5624e-17	2.221e-17
2.2809e+14	1.4151e-17	2.2167e-17
2.283e+14	-1.2881e-19	2.0986e-17
2.2852e+14	9.971e-18	2.2324e-17
2.2874e+14	1.8694e-17	2.226e-17
2.2895e+14	4.8047e-18	1.9857e-17
2.2917e+14	5.169e-18	2.066e-17
2.2939e+14	1.7264e-17	2.2679e-17
2.296e+14	7.4814e-18	2.0334e-17
2.2982e+14	8.7117e-19	1.8008e-17
2.3004e+14	1.5292e-17	2.0117e-17
2.3025e+14	1.3652e-17	2.1556e-17
2.3047e+14	6.7917e-19	2.012e-17
2.3069e+14	1.0485e-17	2.0134e-17
2.309e+14	1.7137e-17	2.141e-17
2.3112e+14	2.7693e-18	2.1038e-17
2.3134e+14	4.8486e-18	2.0086e-17
2.3155e+14	1.8192e-17	1.9365e-17
2.3177e+14	8.0035e-18	1.8569e-17
2.3199e+14	4.8405e-19	1.9281e-17
2.322e+14	1.4654e-17	2.0462e-17
2.3242e+14	1.3536e-17	1.9289e-17
2.3264e+14	1.0882e-18	1.8302e-17
2.3285e+14	1.0644e-17	1.9901e-17
2.3307e+14	1.6521e-17	2.0275e-17
2.3329e+14	1.7131e-18	1.8414e-17
2.335e+14	4.0717e-18	1.7967e-17
2.3372e+14	1.8087e-17	1.7758e-17
2.3394e+14	8.2851e-18	1.5901e-17
2.3415e+14	6.1057e-19	1.6363e-17
2.3437e+14	1.4593e-17	1.9107e-17
2.3458e+14	1.3317e-17	1.8444e-17
2.348e+14	2.0066e-19	1.5903e-17
2.3502e+14	9.3673e-18	1.6598e-17
2.3523e+14	1.6323e-17	1.7519e-17
2.3545e+14	2.5864e-18	1.5548e-17
2.3567e+14	4.0544e-18	1.4853e-17
2.3588e+14	1.6802e-17	1.6784e-17
2.361e+14	7.4267e-18	1.7582e-17
2.3632e+14	3.9872e-19	1.7098e-17
2.3653e+14	1.3733e-17	1.71e-17
2.3675e+14	1.2021e-17	1.701e-17
2.3697e+14	-3.8684e-19	1.7199e-17
2.3718e+14	9.3652e-18	1.7812e-17
2.374e+14	1.6416e-17	1.6881e-17
2.3762e+14	2.9742e-18	1.5761e-17
2.3783e+14	4.5677e-18	1.7089e-17
2.3805e+14	1.6888e-17	1.7907e-17
2.3827e+14	7.2462e-18	1.6241e-17
2.3848e+14	4.8973e-19	1.5822e-17
2.387e+14	1.4252e-17	1.6417e-17
2.3892e+14	1.278e-17	1.4376e-17
2.3913e+14	7.2116e-20	1.277e-17
2.3935e+14	9.1214e-18	1.4561e-17
2.3957e+14	1.5997e-17	1.503e-17
2.3978e+14	2.9733e-18	1.3111e-17
2.4e+14	4.5869e-18	1.3554e-17
2.4022e+14	1.6573e-17	1.4764e-17
2.4043e+14	6.9356e-18	1.3529e-17
2.4065e+14	1.5502e-19	1.3989e-17
2.4087e+14	1.3731e-17	1.6646e-17
2.4108e+14	1.2736e-17	1.561e-17
2.413e+14	8.424e-19	1.3149e-17
2.4152e+14	9.8699e-18	1.5066e-17
2.4173e+14	1.6175e-17	1.6538e-17
2.4195e+14	2.8005e-18	1.3196e-17
2.4217e+14	4.1242e-18	1.1464e-17
2.4238e+14	1.6201e-17	1.3871e-17
2.426e+14	7.4934e-18	1.4393e-17
2.4282e+14	1.3069e-18	1.2702e-17
2.4303e+14	1.426e-17	1.2941e-17
2.4325e+14	1.258e-17	1.3484e-17
2.4347e+14	4.5326e-19	1.2536e-17
2.4368e+14	8.8792e-18	1.2705e-17
2.439e+14	1.4896e-17	1.3726e-17
2.4412e+14	2.6325e-18	1.3104e-17
2.4433e+14	4.9595e-18	1.212e-17
2.4455e+14	1.6345e-17	1.2237e-17
2.4477e+14	6.5809e-18	1.2481e-17
2.4498e+14	3.8014e-19	1.3062e-17
2.452e+14	1.3581e-17	1.3901e-17
2.4542e+14	1.1885e-17	1.32e-17
2.4563e+14	2.0563e-19	1.197e-17
2.4585e+14	9.4362e-18	1.2539e-17
2.4606e+14	1.5582e-17	1.3449e-17
2.4628e+14	2.5905e-18	1.3091e-17
2.465e+14	4.1828e-18	1.272e-17
2.4671e+14	1.5727e-17	1.2355e-17
2.4693e+14	7.1901e-18	1.152e-17
2.4715e+14	2.2752e-18	1.1872e-17
2.4736e+14	1.5494e-17	1.2905e-17
2.4758e+14	1.2696e-17	1.2207e-17
2.478e+14	2.4217e-19	1.1346e-17
2.4801e+14	9.4739e-18	1.2179e-17
2.4823e+14	1.5309e-17	1.2124e-17
2.4845e+14	1.5382e-18	1.0743e-17
2.4866e+14	3.4839e-18	1.1214e-17
2.4888e+14	1.6576e-17	1.2568e-17
2.491e+14	7.9814e-18	1.2088e-17
2.4931e+14	5.7331e-19	1.1604e-17
2.4953e+14	1.2465e-17	1.2035e-17
2.4975e+14	1.1511e-17	1.1046e-17
2.4996e+14	8.8556e-19	1.0009e-17
2.5018e+14	9.7605e-18	1.1488e-17
2.504e+14	1.5447e-17	1.2724e-17
2.5061e+14	2.7477e-18	1.1798e-17
2.5083e+14	4.4796e-18	1.1528e-17
2.5105e+14	1.5951e-17	1.2081e-17
2.5126e+14	7.1559e-18	1.1262e-17
2.5148e+14	1.0554e-18	1.0804e-17
2.517e+14	1.3531e-17	1.2003e-17
2.5191e+14	1.2311e-17	1.2068e-17
2.5213e+14	1.3951e-18	1.0725e-17
2.5235e+14	9.566e-18	1.0567e-17
2.5256e+14	1.466e-17	1.0927e-17
2.5278e+14	2.7998e-18	1.0519e-17
2.53e+14	5.594e-18	1.0796e-17
2.5321e+14	1.6197e-17	1.1426e-17
2.5343e+14	5.7287e-18	1.0515e-17
2.5365e+14	-3.9966e-19	9.4318e-18
2.5386e+14	1.3026e-17	9.9102e-18
2.5408e+14	1.1621e-17	1.0599e-17
2.543e+14	-1.3562e-19	1.0625e-17
2.5451e+14	8.3063e-18	1.0481e-17
2.5473e+14	1.4296e-17	9.7055e-18
2.5495e+14	2.3103e-18	8.6466e-18
2.5516e+14	4.5166e-18	8.7873e-18
2.5538e+14	1.5862e-17	9.7311e-18
2.556e+14	6.9602e-18	1.0433e-17
2.5581e+14	1.1201e-18	1.0888e-17
2.5603e+14	1.3553e-17	1.0244e-17
2.5625e+14	1.1727e-17	8.6035e-18
2.5646e+14	4.5008e-19	8.6725e-18
2.5668e+14	8.9769e-18	1.0233e-17
2.569e+14	1.4483e-17	9.8653e-18
2.5711e+14	2.5306e-18	8.5386e-18
2.5733e+14	5.3101e-18	9.2783e-18
2.5755e+14	1.6507e-17	9.8694e-18
2.5776e+14	6.6119e-18	8.3748e-18
2.5798e+14	5.7025e-19	8.1407e-18
2.5819e+14	1.3988e-17	9.8438e-18
2.5841e+14	1.2271e-17	9.7634e-18
2.5863e+14	-2.7417e-19	8.2676e-18
2.5884e+14	8.3164e-18	8.5024e-18
2.5906e+14	1.5674e-17	9.6239e-18
2.5928e+14	3.8267e-18	9.7713e-18
2.5949e+14	4.5762e-18	9.428e-18
2.5971e+14	1.578e-17	8.8023e-18
2.5993e+14	8.0804e-18	8.3679e-18
2.6014e+14	1.9284e-18	9.3505e-18
2.6036e+14	1.3133e-17	1.0311e-17
2.6058e+14	1.1552e-17	9.6544e-18
2.6079e+14	1.0399e-18	9.6054e-18
2.6101e+14	9.6922e-18	1.0816e-17
2.6123e+14	1.5563e-17	1.029e-17
2.6144e+14	3.1465e-18	8.568e-18
2.6166e+14	3.7321e-18	8.5918e-18
2.6188e+14	1.4571e-17	8.9229e-18
2.6209e+14	7.3731e-18	8.1047e-18
2.6231e+14	1.9902e-18	8.5714e-18
2.6253e+14	1.2963e-17	9.9333e-18
2.6274e+14	1.1287e-17	9.2026e-18
2.6296e+14	1.4017e-18	8.0312e-18
2.6318e+14	9.5692e-18	8.8195e-18
2.6339e+14	1.4036e-17	9.3379e-18
2.6361e+14	1.9425e-18	8.5829e-18
2.6383e+14	4.3083e-18	8.4445e-18
2.6404e+14	1.5618e-17	8.1813e-18
2.6426e+14	7.4963e-18	7.027e-18
2.6448e+14	1.6142e-18	7.3975e-18
2.6469e+14	1.2516e-17	9.0717e-18
2.6491e+14	1.0718e-17	9.1828e-18
2.6513e+14	1.4927e-18	8.6466e-18
2.6534e+14	1.0861e-17	9.0712e-18
2.6556e+14	1.5323e-17	8.6374e-18
2.6578e+14	2.1734e-18	7.4609e-18
2.6599e+14	4.3254e-18	7.8798e-18
2.6621e+14	1.6099e-17	8.6176e-18
2.6643e+14	7.6382e-18	8.0149e-18
2.6664e+14	1.4864e-18	7.9488e-18
2.6686e+14	1.3497e-17	8.6173e-18
2.6708e+14	1.2172e-17	8.2512e-18
2.6729e+14	9.3218e-19	8.085e-18
2.6751e+14	8.4922e-18	8.861e-18
2.6773e+14	1.3997e-17	8.403e-18
2.6794e+14	2.4842e-18	7.5275e-18
2.6816e+14	4.4911e-18	8.4318e-18
2.6838e+14	1.6011e-17	8.7358e-18
2.6859e+14	8.2282e-18	7.2051e-18
2.6881e+14	1.7931e-18	7.2723e-18
2.6903e+14	1.2601e-17	8.6058e-18
2.6924e+14	1.1457e-17	7.6729e-18
2.6946e+14	1.4677e-18	6.4837e-18
2.6968e+14	9.4816e-18	7.8016e-18
2.6989e+14	1.5083e-17	8.6183e-18
2.7011e+14	3.8113e-18	7.6437e-18
2.7032e+14	4.7983e-18	7.7582e-18
2.7054e+14	1.4419e-17	8.4306e-18
2.7076e+14	6.476e-18	7.8937e-18
2.7097e+14	1.673e-18	8.1462e-18
2.7119e+14	1.3401e-17	9.1519e-18
2.7141e+14	1.1899e-17	8.1499e-18
2.7162e+14	1.4527e-18	6.8459e-18
2.7184e+14	8.858e-18	7.6851e-18
2.7206e+14	1.3573e-17	8.0952e-18
2.7227e+14	2.7003e-18	7.1797e-18
2.7249e+14	5.9268e-18	7.5939e-18
2.7271e+14	1.7146e-17	8.1782e-18
2.7292e+14	8.229e-18	6.9272e-18
2.7314e+14	1.719e-18	6.598e-18
2.7336e+14	1.3261e-17	7.8661e-18
2.7357e+14	1.2033e-17	7.4879e-18
2.7379e+14	1.1321e-18	6.6622e-18
2.7401e+14	9.0819e-18	8.1194e-18
2.7422e+14	1.5589e-17	8.8893e-18
2.7444e+14	4.3406e-18	7.387e-18
2.7466e+14	4.5858e-18	7.4287e-18
2.7487e+14	1.466e-17	8.9417e-18
2.7509e+14	7.5042e-18	8.1498e-18
2.7531e+14	1.7413e-18	6.5537e-18
2.7552e+14	1.2402e-17	7.027e-18
2.7574e+14	1.1579e-17	7.443e-18
2.7596e+14	1.4778e-18	6.694e-18
2.7617e+14	8.0685e-18	7.0623e-18
2.7639e+14	1.3156e-17	7.9515e-18
2.7661e+14	3.0707e-18	7.3553e-18
2.7682e+14	4.9663e-18	6.7505e-18
2.7704e+14	1.4969e-17	7.2959e-18
2.7726e+14	7.3297e-18	7.364e-18
2.7747e+14	1.7062e-18	6.7855e-18
2.7769e+14	1.2534e-17	6.8697e-18
2.7791e+14	1.21e-17	7.1901e-18
2.7812e+14	2.706e-18	6.9969e-18
2.7834e+14	9.2755e-18	6.7639e-18
2.7856e+14	1.3723e-17	6.8401e-18
2.7877e+14	3.5502e-18	7.2347e-18
2.7899e+14	5.6177e-18	7.6015e-18
2.7921e+14	1.5369e-17	7.1565e-18
2.7942e+14	7.8163e-18	6.5753e-18
2.7964e+14	2.7973e-18	7.1842e-18
2.7986e+14	1.3334e-17	7.6637e-18
2.8007e+14	1.1483e-17	6.5591e-18
2.8029e+14	1.3631e-18	5.799e-18
2.8051e+14	8.8782e-18	6.5405e-18
2.8072e+14	1.4544e-17	6.8129e-18
2.8094e+14	4.1038e-18	6.3324e-18
2.8116e+14	4.7222e-18	6.6263e-18
2.8137e+14	1.3698e-17	6.9526e-18
2.8159e+14	6.7149e-18	6.5304e-18
2.8181e+14	2.482e-18	6.5975e-18
2.8202e+14	1.343e-17	6.8403e-18
2.8224e+14	1.21e-17	6.1919e-18
2.8245e+14	2.2198e-18	6.1407e-18
2.8267e+14	8.9157e-18	7.1515e-18
2.8289e+14	1.3683e-17	7.0642e-18
2.831e+14	3.6859e-18	6.2503e-18
2.8332e+14	5.4265e-18	6.6642e-18
2.8354e+14	1.469e-17	7.0205e-18
2.8375e+14	7.2022e-18	6.2449e-18
2.8397e+14	2.6914e-18	6.1825e-18
2.8419e+14	1.3814e-17	6.7504e-18
2.844e+14	1.249e-17	6.3784e-18
2.8462e+14	2.2553e-18	6.4025e-18
2.8484e+14	9.0296e-18	7.43e-18
2.8505e+14	1.4684e-17	7.1579e-18
2.8527e+14	5.2099e-18	6.1479e-18
2.8549e+14	6.2732e-18	6.8414e-18
2.857e+14	1.4801e-17	7.5492e-18
2.8592e+14	7.3758e-18	6.5095e-18
2.8614e+14	2.744e-18	6.1314e-18
2.8635e+14	1.3317e-17	6.9652e-18
2.8657e+14	1.2254e-17	6.5316e-18
2.8679e+14	2.7947e-18	5.5735e-18
2.87e+14	9.2081e-18	6.0652e-18
2.8722e+14	1.3774e-17	6.5889e-18
2.8744e+14	4.267e-18	6.3591e-18
2.8765e+14	6.2074e-18	6.7903e-18
2.8787e+14	1.511e-17	7.0898e-18
2.8809e+14	7.3727e-18	6.0974e-18
2.883e+14	2.3616e-18	5.643e-18
2.8852e+14	1.2635e-17	6.4325e-18
2.8874e+14	1.141e-17	6.6627e-18
2.8895e+14	2.2218e-18	6.2891e-18
2.8917e+14	9.2847e-18	6.2e-18
2.8939e+14	1.4219e-17	5.874e-18
2.896e+14	4.1995e-18	5.7757e-18
2.8982e+14	5.1814e-18	6.57e-18
2.9004e+14	1.3864e-17	6.5287e-18
2.9025e+14	6.8445e-18	5.4142e-18
2.9047e+14	2.3576e-18	5.716e-18
2.9069e+14	1.2458e-17	6.8423e-18
2.909e+14	1.114e-17	6.2823e-18
2.9112e+14	2.3119e-18	5.4501e-18
2.9134e+14	9.6005e-18	6.0691e-18
2.9155e+14	1.4363e-17	6.2654e-18
2.9177e+14	4.2834e-18	5.7221e-18
2.9199e+14	5.6627e-18	6.3028e-18
2.922e+14	1.4632e-17	6.8065e-18
2.9242e+14	6.9623e-18	5.7504e-18
2.9264e+14	1.4921e-18	5.2403e-18
2.9285e+14	1.193e-17	6.0163e-18
2.9307e+14	1.199e-17	6.0353e-18
2.9329e+14	3.3885e-18	5.594e-18
2.935e+14	9.6246e-18	5.9582e-18
2.9372e+14	1.412e-17	5.9201e-18
2.9394e+14	4.6612e-18	5.2724e-18
2.9415e+14	6.0846e-18	5.5506e-18
2.9437e+14	1.507e-17	6.0208e-18
2.9458e+14	8.3191e-18	5.6231e-18
2.948e+14	3.147e-18	5.7382e-18
2.9502e+14	1.2224e-17	6.4839e-18
2.9523e+14	1.0973e-17	6.3632e-18
2.9545e+14	2.2679e-18	6.1569e-18
2.9567e+14	8.7224e-18	6.7317e-18
2.9588e+14	1.3387e-17	6.5883e-18
2.961e+14	4.3598e-18	5.7392e-18
2.9632e+14	5.8953e-18	5.7858e-18
2.9653e+14	1.4356e-17	6.0092e-18
2.9675e+14	7.3287e-18	5.6303e-18
2.9697e+14	2.6103e-18	5.9281e-18
2.9718e+14	1.2358e-17	6.4792e-18
2.974e+14	1.1508e-17	5.8936e-18
2.9762e+14	2.7621e-18	5.6029e-18
2.9783e+14	9.0146e-18	6.3504e-18
2.9805e+14	1.3941e-17	6.0299e-18
2.9827e+14	5.3131e-18	4.9577e-18
2.9848e+14	6.43e-18	5.4038e-18
2.987e+14	1.4265e-17	6.1991e-18
2.9892e+14	7.7603e-18	5.7082e-18
2.9913e+14	3.9427e-18	5.5133e-18
2.9935e+14	1.3279e-17	6.0005e-18
2.9957e+14	1.1277e-17	5.6538e-18
2.9978e+14	2.3321e-18	5.3405e-18
3e+14	9.1264e-18	5.9118e-18
