#Error on normalization	O = -2.376 %	H = 0.734 %
#Frequence (s-1)	S_O (s)	S_H (s)
0	2.3429e-16	2.8171e-15
1.5023e+11	1.7867e-17	2.9283e-15
3.0045e+11	1.0701e-17	3.0252e-15
4.5068e+11	3.7297e-16	2.9628e-15
6.009e+11	2.4335e-16	3.0106e-15
7.5113e+11	5.1372e-17	3.2088e-15
9.0135e+11	6.2414e-16	3.3259e-15
1.0516e+12	1.1483e-15	3.3264e-15
1.2018e+12	1.041e-15	3.2039e-15
1.352e+12	1.0871e-15	2.9732e-15
1.5023e+12	1.6117e-15	2.9776e-15
1.6525e+12	2.3701e-15	3.3151e-15
1.8027e+12	3.0635e-15	3.4726e-15
1.9529e+12	3.0926e-15	3.3406e-15
2.1032e+12	3.7969e-15	3.4596e-15
2.2534e+12	7.931e-15	3.8177e-15
2.4036e+12	1.3256e-14	3.9129e-15
2.5538e+12	1.4408e-14	3.8939e-15
2.7041e+12	1.3634e-14	4.124e-15
2.8543e+12	1.7345e-14	4.3294e-15
3.0045e+12	2.2428e-14	4.348e-15
3.1547e+12	2.1812e-14	4.5182e-15
3.305e+12	1.9206e-14	4.7491e-15
3.4552e+12	2.1139e-14	4.6523e-15
3.6054e+12	2.3077e-14	4.4996e-15
3.7556e+12	1.9791e-14	4.6354e-15
3.9059e+12	1.6952e-14	4.6614e-15
4.0561e+12	1.8824e-14	4.3896e-15
4.2063e+12	1.976e-14	4.4451e-15
4.3565e+12	1.7624e-14	5.0306e-15
4.5068e+12	1.8811e-14	5.4104e-15
4.657e+12	2.4427e-14	5.228e-15
4.8072e+12	2.8536e-14	5.1017e-15
4.9574e+12	3.14e-14	5.5188e-15
5.1077e+12	3.7669e-14	6.1272e-15
5.2579e+12	4.3923e-14	6.3916e-15
5.4081e+12	4.4283e-14	6.2657e-15
5.5583e+12	4.292e-14	6.0466e-15
5.7086e+12	4.6151e-14	6.0168e-15
5.8588e+12	5.0686e-14	6.314e-15
6.009e+12	5.227e-14	6.8331e-15
6.1592e+12	5.4274e-14	7.2595e-15
6.3095e+12	5.8944e-14	7.4457e-15
6.4597e+12	6.424e-14	7.6069e-15
6.6099e+12	7.1349e-14	7.9177e-15
6.7601e+12	7.9295e-14	8.1992e-15
6.9104e+12	7.9642e-14	8.2214e-15
7.0606e+12	7.3024e-14	7.974e-15
7.2108e+12	7.228e-14	7.5446e-15
7.361e+12	7.5766e-14	7.1466e-15
7.5113e+12	6.8747e-14	7.1947e-15
7.6615e+12	5.8422e-14	7.7949e-15
7.8117e+12	6.4657e-14	8.2957e-15
7.9619e+12	7.7094e-14	8.0334e-15
8.1122e+12	7.0957e-14	7.3991e-15
8.2624e+12	5.3703e-14	7.3158e-15
8.4126e+12	4.7117e-14	7.7605e-15
8.5628e+12	4.727e-14	7.9487e-15
8.7131e+12	4.3948e-14	7.9034e-15
8.8633e+12	4.468e-14	8.2753e-15
9.0135e+12	5.0689e-14	8.6865e-15
9.1637e+12	5.0009e-14	8.2458e-15
9.314e+12	4.5241e-14	7.5249e-15
9.4642e+12	4.7206e-14	7.7564e-15
9.6144e+12	5.0212e-14	8.5733e-15
9.7646e+12	4.8623e-14	8.8746e-15
9.9149e+12	5.1656e-14	8.8938e-15
1.0065e+13	5.8566e-14	9.2115e-15
1.0215e+13	5.6989e-14	9.2755e-15
1.0366e+13	5.3213e-14	8.7712e-15
1.0516e+13	6.1389e-14	8.5939e-15
1.0666e+13	7.1676e-14	9.135e-15
1.0816e+13	6.9304e-14	9.493e-15
1.0966e+13	6.3006e-14	9.1489e-15
1.1117e+13	6.3178e-14	8.8125e-15
1.1267e+13	6.247e-14	9.1732e-15
1.1417e+13	5.7473e-14	9.8255e-15
1.1567e+13	5.7126e-14	9.8606e-15
1.1718e+13	6.2191e-14	9.2707e-15
1.1868e+13	6.4392e-14	9.0509e-15
1.2018e+13	6.3297e-14	9.5214e-15
1.2168e+13	6.3907e-14	9.7774e-15
1.2318e+13	6.5556e-14	9.5119e-15
1.2469e+13	6.4731e-14	9.5682e-15
1.2619e+13	6.1218e-14	1.0007e-14
1.2769e+13	5.7542e-14	9.8541e-15
1.2919e+13	5.5655e-14	9.1607e-15
1.307e+13	5.4112e-14	9.1145e-15
1.322e+13	5.1414e-14	1.0014e-14
1.337e+13	5.1378e-14	1.0821e-14
1.352e+13	5.5789e-14	1.0647e-14
1.3671e+13	5.6795e-14	9.8751e-15
1.3821e+13	5.0385e-14	9.6985e-15
1.3971e+13	4.6716e-14	1.0365e-14
1.4121e+13	5.2668e-14	1.0673e-14
1.4271e+13	5.9395e-14	1.0117e-14
1.4422e+13	5.797e-14	9.8718e-15
1.4572e+13	5.1021e-14	1.0502e-14
1.4722e+13	4.5575e-14	1.1092e-14
1.4872e+13	4.7803e-14	1.1202e-14
1.5023e+13	5.837e-14	1.1063e-14
1.5173e+13	6.5786e-14	1.0549e-14
1.5323e+13	5.9919e-14	1.0186e-14
1.5473e+13	5.0882e-14	1.1049e-14
1.5623e+13	5.2726e-14	1.249e-14
1.5774e+13	5.8712e-14	1.3071e-14
1.5924e+13	5.6802e-14	1.3134e-14
1.6074e+13	5.2015e-14	1.3307e-14
1.6224e+13	5.1824e-14	1.2964e-14
1.6375e+13	5.1507e-14	1.234e-14
1.6525e+13	4.8885e-14	1.2353e-14
1.6675e+13	4.9553e-14	1.2337e-14
1.6825e+13	5.1237e-14	1.1961e-14
1.6975e+13	4.6755e-14	1.2562e-14
1.7126e+13	4.0878e-14	1.3653e-14
1.7276e+13	4.2376e-14	1.3478e-14
1.7426e+13	4.62e-14	1.3429e-14
1.7576e+13	4.2602e-14	1.4965e-14
1.7727e+13	3.5156e-14	1.5207e-14
1.7877e+13	3.3522e-14	1.276e-14
1.8027e+13	3.609e-14	1.1464e-14
1.8177e+13	3.3887e-14	1.2896e-14
1.8327e+13	2.7016e-14	1.3912e-14
1.8478e+13	2.4234e-14	1.3861e-14
1.8628e+13	2.7369e-14	1.4562e-14
1.8778e+13	2.8747e-14	1.4792e-14
1.8928e+13	2.5246e-14	1.3495e-14
1.9079e+13	2.2145e-14	1.3369e-14
1.9229e+13	2.1419e-14	1.5246e-14
1.9379e+13	1.9409e-14	1.619e-14
1.9529e+13	1.6534e-14	1.5551e-14
1.968e+13	1.6505e-14	1.5455e-14
1.983e+13	1.7956e-14	1.6237e-14
1.998e+13	1.7876e-14	1.7024e-14
2.013e+13	1.8006e-14	1.7609e-14
2.028e+13	1.9397e-14	1.7453e-14
2.0431e+13	1.885e-14	1.6642e-14
2.0581e+13	1.5989e-14	1.6552e-14
2.0731e+13	1.4317e-14	1.7126e-14
2.0881e+13	1.3777e-14	1.7375e-14
2.1032e+13	1.185e-14	1.7987e-14
2.1182e+13	1.0057e-14	1.8784e-14
2.1332e+13	1.0848e-14	1.7833e-14
2.1482e+13	1.2179e-14	1.633e-14
2.1632e+13	1.1501e-14	1.7011e-14
2.1783e+13	1.0032e-14	1.7934e-14
2.1933e+13	9.5144e-15	1.6723e-14
2.2083e+13	9.7252e-15	1.6329e-14
2.2233e+13	1.0256e-14	1.8179e-14
2.2384e+13	1.0734e-14	1.8483e-14
2.2534e+13	1.0215e-14	1.7081e-14
2.2684e+13	8.9111e-15	1.8213e-14
2.2834e+13	8.3374e-15	2.0911e-14
2.2984e+13	8.673e-15	2.0971e-14
2.3135e+13	8.7282e-15	1.9614e-14
2.3285e+13	8.3922e-15	1.9706e-14
2.3435e+13	8.3387e-15	1.9965e-14
2.3585e+13	8.2049e-15	1.9645e-14
2.3736e+13	7.4845e-15	2.0358e-14
2.3886e+13	6.8953e-15	2.1042e-14
2.4036e+13	6.9316e-15	1.9543e-14
2.4186e+13	6.6861e-15	1.7314e-14
2.4337e+13	5.7132e-15	1.653e-14
2.4487e+13	5.2468e-15	1.7074e-14
2.4637e+13	6.035e-15	1.8498e-14
2.4787e+13	6.768e-15	1.9708e-14
2.4937e+13	6.187e-15	1.8819e-14
2.5088e+13	5.1063e-15	1.7168e-14
2.5238e+13	4.9223e-15	1.7776e-14
2.5388e+13	5.5594e-15	1.9045e-14
2.5538e+13	6.069e-15	1.8067e-14
2.5689e+13	6.0519e-15	1.7377e-14
2.5839e+13	5.6609e-15	1.968e-14
2.5989e+13	5.1509e-15	2.1674e-14
2.6139e+13	4.8716e-15	2.067e-14
2.6289e+13	5.0304e-15	1.9514e-14
2.644e+13	5.3739e-15	1.9961e-14
2.659e+13	5.5007e-15	1.9851e-14
2.674e+13	5.3017e-15	1.8886e-14
2.689e+13	4.9046e-15	1.889e-14
2.7041e+13	4.5079e-15	1.9165e-14
2.7191e+13	4.3177e-15	1.8534e-14
2.7341e+13	4.3374e-15	1.8723e-14
2.7491e+13	4.3068e-15	2.031e-14
2.7641e+13	4.1107e-15	2.0413e-14
2.7792e+13	3.9936e-15	1.8453e-14
2.7942e+13	4.0863e-15	1.7953e-14
2.8092e+13	4.1094e-15	1.9653e-14
2.8242e+13	3.9045e-15	1.9907e-14
2.8393e+13	3.7664e-15	1.8029e-14
2.8543e+13	3.8439e-15	1.7654e-14
2.8693e+13	3.8271e-15	1.9326e-14
2.8843e+13	3.6011e-15	1.9595e-14
2.8993e+13	3.4552e-15	1.8032e-14
2.9144e+13	3.4297e-15	1.7442e-14
2.9294e+13	3.3214e-15	1.7857e-14
2.9444e+13	3.2571e-15	1.7436e-14
2.9594e+13	3.3377e-15	1.7047e-14
2.9745e+13	3.1811e-15	1.7892e-14
2.9895e+13	2.7148e-15	1.8298e-14
3.0045e+13	2.5689e-15	1.7307e-14
3.0195e+13	2.9457e-15	1.6774e-14
3.0346e+13	3.2282e-15	1.7435e-14
3.0496e+13	3.1437e-15	1.7797e-14
3.0646e+13	3.0493e-15	1.7502e-14
3.0796e+13	3.0099e-15	1.7438e-14
3.0946e+13	2.8464e-15	1.7395e-14
3.1097e+13	2.8002e-15	1.6822e-14
3.1247e+13	3.0556e-15	1.631e-14
3.1397e+13	3.1738e-15	1.6544e-14
3.1547e+13	2.8647e-15	1.7231e-14
3.1698e+13	2.5871e-15	1.7676e-14
3.1848e+13	2.6902e-15	1.7594e-14
3.1998e+13	2.7398e-15	1.7235e-14
3.2148e+13	2.3497e-15	1.6825e-14
3.2298e+13	1.9811e-15	1.6357e-14
3.2449e+13	2.1799e-15	1.6284e-14
3.2599e+13	2.593e-15	1.6991e-14
3.2749e+13	2.5991e-15	1.7411e-14
3.2899e+13	2.386e-15	1.6595e-14
3.305e+13	2.4164e-15	1.5844e-14
3.32e+13	2.4487e-15	1.636e-14
3.335e+13	2.164e-15	1.7046e-14
3.35e+13	1.9697e-15	1.7083e-14
3.365e+13	2.172e-15	1.7016e-14
3.3801e+13	2.3455e-15	1.651e-14
3.3951e+13	2.2735e-15	1.549e-14
3.4101e+13	2.3088e-15	1.5732e-14
3.4251e+13	2.4291e-15	1.71e-14
3.4402e+13	2.2489e-15	1.684e-14
3.4552e+13	1.9524e-15	1.5313e-14
3.4702e+13	1.9859e-15	1.5572e-14
3.4852e+13	2.2082e-15	1.6982e-14
3.5003e+13	2.3051e-15	1.695e-14
3.5153e+13	2.3623e-15	1.6397e-14
3.5303e+13	2.4116e-15	1.6759e-14
3.5453e+13	2.2467e-15	1.6698e-14
3.5603e+13	1.9812e-15	1.5955e-14
3.5754e+13	1.9548e-15	1.5958e-14
3.5904e+13	2.0718e-15	1.5995e-14
3.6054e+13	1.978e-15	1.5116e-14
3.6204e+13	1.756e-15	1.4919e-14
3.6355e+13	1.7862e-15	1.5883e-14
3.6505e+13	2.0501e-15	1.6207e-14
3.6655e+13	2.1482e-15	1.5901e-14
3.6805e+13	1.9667e-15	1.6068e-14
3.6955e+13	1.8004e-15	1.5868e-14
3.7106e+13	1.7966e-15	1.5012e-14
3.7256e+13	1.7965e-15	1.4971e-14
3.7406e+13	1.7556e-15	1.5566e-14
3.7556e+13	1.7991e-15	1.5651e-14
3.7707e+13	1.8965e-15	1.5984e-14
3.7857e+13	1.9206e-15	1.677e-14
3.8007e+13	1.864e-15	1.6452e-14
3.8157e+13	1.7528e-15	1.531e-14
3.8307e+13	1.6628e-15	1.4798e-14
3.8458e+13	1.7713e-15	1.4234e-14
3.8608e+13	1.9931e-15	1.3299e-14
3.8758e+13	1.9541e-15	1.3725e-14
3.8908e+13	1.674e-15	1.5309e-14
3.9059e+13	1.5943e-15	1.6095e-14
3.9209e+13	1.7787e-15	1.6467e-14
3.9359e+13	1.9086e-15	1.7144e-14
3.9509e+13	1.9155e-15	1.6714e-14
3.9659e+13	1.8725e-15	1.55e-14
3.981e+13	1.7508e-15	1.57e-14
3.996e+13	1.7234e-15	1.6384e-14
4.011e+13	1.9497e-15	1.5443e-14
4.026e+13	2.0829e-15	1.4322e-14
4.0411e+13	1.8593e-15	1.4571e-14
4.0561e+13	1.6599e-15	1.4752e-14
4.0711e+13	1.739e-15	1.4538e-14
4.0861e+13	1.7837e-15	1.5256e-14
4.1012e+13	1.6609e-15	1.5861e-14
4.1162e+13	1.5712e-15	1.4866e-14
4.1312e+13	1.5021e-15	1.3797e-14
4.1462e+13	1.4293e-15	1.3989e-14
4.1612e+13	1.5414e-15	1.437e-14
4.1763e+13	1.7207e-15	1.4492e-14
4.1913e+13	1.6502e-15	1.4851e-14
4.2063e+13	1.4978e-15	1.4901e-14
4.2213e+13	1.5602e-15	1.4504e-14
4.2364e+13	1.6509e-15	1.4666e-14
4.2514e+13	1.5873e-15	1.5201e-14
4.2664e+13	1.5331e-15	1.5134e-14
4.2814e+13	1.5169e-15	1.4772e-14
4.2964e+13	1.4591e-15	1.4576e-14
4.3115e+13	1.5034e-15	1.4284e-14
4.3265e+13	1.6243e-15	1.4221e-14
4.3415e+13	1.5346e-15	1.4603e-14
4.3565e+13	1.3237e-15	1.4561e-14
4.3716e+13	1.2994e-15	1.4025e-14
4.3866e+13	1.3438e-15	1.4012e-14
4.4016e+13	1.3221e-15	1.4506e-14
4.4166e+13	1.4853e-15	1.5005e-14
4.4316e+13	1.7631e-15	1.5582e-14
4.4467e+13	1.664e-15	1.5477e-14
4.4617e+13	1.2616e-15	1.4189e-14
4.4767e+13	1.1357e-15	1.3782e-14
4.4917e+13	1.3306e-15	1.5388e-14
4.5068e+13	1.443e-15	1.6164e-14
4.5218e+13	1.4399e-15	1.4548e-14
4.5368e+13	1.5099e-15	1.3475e-14
4.5518e+13	1.5502e-15	1.4546e-14
4.5669e+13	1.4221e-15	1.5352e-14
4.5819e+13	1.3028e-15	1.4762e-14
4.5969e+13	1.4021e-15	1.4482e-14
4.6119e+13	1.5913e-15	1.4989e-14
4.6269e+13	1.5741e-15	1.5013e-14
4.642e+13	1.3521e-15	1.4138e-14
4.657e+13	1.2443e-15	1.3064e-14
4.672e+13	1.36e-15	1.2704e-14
4.687e+13	1.4425e-15	1.3461e-14
4.7021e+13	1.3728e-15	1.4337e-14
4.7171e+13	1.3068e-15	1.419e-14
4.7321e+13	1.265e-15	1.3695e-14
4.7471e+13	1.1869e-15	1.366e-14
4.7621e+13	1.2209e-15	1.3326e-14
4.7772e+13	1.377e-15	1.2717e-14
4.7922e+13	1.3478e-15	1.3249e-14
4.8072e+13	1.1314e-15	1.4461e-14
4.8222e+13	1.1139e-15	1.4373e-14
4.8373e+13	1.2955e-15	1.3168e-14
4.8523e+13	1.3142e-15	1.2453e-14
4.8673e+13	1.2039e-15	1.2278e-14
4.8823e+13	1.2289e-15	1.2172e-14
4.8973e+13	1.2725e-15	1.2545e-14
4.9124e+13	1.1693e-15	1.3086e-14
4.9274e+13	1.1185e-15	1.2701e-14
4.9424e+13	1.2074e-15	1.1612e-14
4.9574e+13	1.2013e-15	1.1039e-14
4.9725e+13	1.1017e-15	1.1312e-14
4.9875e+13	1.169e-15	1.1825e-14
5.0025e+13	1.3286e-15	1.1851e-14
5.0175e+13	1.2832e-15	1.113e-14
5.0325e+13	1.1036e-15	1.0406e-14
5.0476e+13	1.0634e-15	1.0527e-14
5.0626e+13	1.12e-15	1.0949e-14
5.0776e+13	1.0934e-15	1.0714e-14
5.0926e+13	1.0435e-15	1.0064e-14
5.1077e+13	1.0578e-15	9.519e-15
5.1227e+13	1.0296e-15	9.0462e-15
5.1377e+13	9.3851e-16	9.0037e-15
5.1527e+13	9.4233e-16	9.6615e-15
5.1678e+13	1.0229e-15	1.0027e-14
5.1828e+13	9.9077e-16	9.4557e-15
5.1978e+13	8.8372e-16	8.9528e-15
5.2128e+13	8.9346e-16	9.0414e-15
5.2278e+13	9.7264e-16	8.9065e-15
5.2429e+13	9.5362e-16	8.5814e-15
5.2579e+13	8.7023e-16	8.8176e-15
5.2729e+13	8.2296e-16	8.9895e-15
5.2879e+13	8.0393e-16	8.3175e-15
5.303e+13	8.2625e-16	7.7818e-15
5.318e+13	8.9275e-16	8.1537e-15
5.333e+13	8.7744e-16	8.4707e-15
5.348e+13	7.6761e-16	8.1853e-15
5.363e+13	7.567e-16	7.9542e-15
5.3781e+13	8.4238e-16	7.7931e-15
5.3931e+13	8.0248e-16	7.3469e-15
5.4081e+13	6.9492e-16	7.2214e-15
5.4231e+13	7.688e-16	7.6385e-15
5.4382e+13	9.1053e-16	7.6375e-15
5.4532e+13	8.4525e-16	7.1097e-15
5.4682e+13	6.9822e-16	6.991e-15
5.4832e+13	7.2299e-16	7.1067e-15
5.4982e+13	7.9708e-16	6.7565e-15
5.5133e+13	7.2687e-16	6.5098e-15
5.5283e+13	6.4635e-16	6.7604e-15
5.5433e+13	7.0386e-16	6.6317e-15
5.5583e+13	7.778e-16	6.2027e-15
5.5734e+13	7.6432e-16	6.6444e-15
5.5884e+13	7.4771e-16	7.3372e-15
5.6034e+13	7.6644e-16	6.7366e-15
5.6184e+13	7.6318e-16	5.7342e-15
5.6335e+13	7.6481e-16	6.0492e-15
5.6485e+13	8.1222e-16	6.7753e-15
5.6635e+13	8.1703e-16	6.3653e-15
5.6785e+13	7.3955e-16	5.6494e-15
5.6935e+13	7.1017e-16	5.7463e-15
5.7086e+13	7.6488e-16	5.9197e-15
5.7236e+13	7.4714e-16	5.6152e-15
5.7386e+13	6.3592e-16	5.527e-15
5.7536e+13	6.0773e-16	5.7069e-15
5.7687e+13	6.7247e-16	5.5127e-15
5.7837e+13	6.6509e-16	5.2475e-15
5.7987e+13	6.033e-16	5.4399e-15
5.8137e+13	6.1643e-16	5.5599e-15
5.8287e+13	6.3811e-16	5.2026e-15
5.8438e+13	5.8299e-16	4.9668e-15
5.8588e+13	5.7876e-16	5.1543e-15
5.8738e+13	6.8215e-16	5.3005e-15
5.8888e+13	7.2158e-16	5.2492e-15
5.9039e+13	6.4337e-16	5.1871e-15
5.9189e+13	6.0066e-16	5.0152e-15
5.9339e+13	6.2655e-16	4.7942e-15
5.9489e+13	6.2653e-16	4.9159e-15
5.9639e+13	6.2213e-16	5.2373e-15
5.979e+13	6.6568e-16	5.2115e-15
5.994e+13	6.937e-16	4.9404e-15
6.009e+13	6.7364e-16	4.8643e-15
6.024e+13	6.6048e-16	4.8285e-15
6.0391e+13	6.5019e-16	4.5748e-15
6.0541e+13	6.1149e-16	4.4206e-15
6.0691e+13	5.8903e-16	4.644e-15
6.0841e+13	5.9984e-16	5.0304e-15
6.0991e+13	5.8888e-16	5.291e-15
6.1142e+13	5.6195e-16	5.1737e-15
6.1292e+13	5.6428e-16	4.5723e-15
6.1442e+13	5.6103e-16	4.0739e-15
6.1592e+13	5.2496e-16	4.3539e-15
6.1743e+13	5.1933e-16	4.8949e-15
6.1893e+13	5.5755e-16	4.8147e-15
6.2043e+13	5.6118e-16	4.4836e-15
6.2193e+13	5.2872e-16	4.5783e-15
6.2344e+13	5.4295e-16	4.678e-15
6.2494e+13	5.9945e-16	4.4163e-15
6.2644e+13	6.2084e-16	4.32e-15
6.2794e+13	6.0257e-16	4.4734e-15
6.2944e+13	5.823e-16	4.4135e-15
6.3095e+13	5.4962e-16	4.3993e-15
6.3245e+13	5.1763e-16	4.6633e-15
6.3395e+13	5.5455e-16	4.5158e-15
6.3545e+13	6.3637e-16	3.969e-15
6.3696e+13	6.3942e-16	4.0613e-15
6.3846e+13	5.6221e-16	4.575e-15
6.3996e+13	5.4036e-16	4.3687e-15
6.4146e+13	5.9171e-16	3.8657e-15
6.4296e+13	5.9781e-16	4.0558e-15
6.4447e+13	5.437e-16	4.3375e-15
6.4597e+13	5.1602e-16	4.1116e-15
6.4747e+13	5.1865e-16	4.1595e-15
6.4897e+13	5.1694e-16	4.6238e-15
6.5048e+13	5.3639e-16	4.5816e-15
6.5198e+13	5.6653e-16	4.1795e-15
6.5348e+13	5.5699e-16	4.2456e-15
6.5498e+13	5.4519e-16	4.4875e-15
6.5648e+13	5.7098e-16	4.3585e-15
6.5799e+13	5.62e-16	4.0906e-15
6.5949e+13	4.9792e-16	3.8012e-15
6.6099e+13	4.745e-16	3.5362e-15
6.6249e+13	4.9392e-16	3.7833e-15
6.64e+13	4.7741e-16	4.2927e-15
6.655e+13	4.6491e-16	4.1476e-15
6.67e+13	5.043e-16	3.7369e-15
6.685e+13	5.0646e-16	4.0007e-15
6.7001e+13	4.5111e-16	4.2864e-15
6.7151e+13	4.5901e-16	3.8555e-15
6.7301e+13	5.3239e-16	3.6626e-15
6.7451e+13	5.5254e-16	4.2058e-15
6.7601e+13	5.2396e-16	4.4209e-15
6.7752e+13	5.177e-16	4.0749e-15
6.7902e+13	5.0736e-16	4.0401e-15
6.8052e+13	4.6888e-16	4.1612e-15
6.8202e+13	4.4174e-16	3.8502e-15
6.8353e+13	4.2814e-16	3.6297e-15
6.8503e+13	4.2592e-16	3.8857e-15
6.8653e+13	4.7358e-16	4.0286e-15
6.8803e+13	5.3758e-16	3.9268e-15
6.8953e+13	5.4584e-16	4.0159e-15
6.9104e+13	5.3878e-16	4.1281e-15
6.9254e+13	5.6736e-16	4.0173e-15
6.9404e+13	5.6984e-16	4.0204e-15
6.9554e+13	5.2631e-16	4.1746e-15
6.9705e+13	5.1157e-16	4.1076e-15
6.9855e+13	5.2297e-16	3.9227e-15
7.0005e+13	5.0909e-16	3.9009e-15
7.0155e+13	5.0721e-16	3.9542e-15
7.0305e+13	5.3932e-16	4.0764e-15
7.0456e+13	5.4453e-16	4.2985e-15
7.0606e+13	5.2582e-16	4.2999e-15
7.0756e+13	5.3553e-16	4.0743e-15
7.0906e+13	5.3514e-16	4.1285e-15
7.1057e+13	4.8407e-16	4.4102e-15
7.1207e+13	4.3691e-16	4.3773e-15
7.1357e+13	4.2114e-16	4.1417e-15
7.1507e+13	4.0939e-16	4.1243e-15
7.1657e+13	4.1874e-16	4.154e-15
7.1808e+13	4.5083e-16	4.007e-15
7.1958e+13	4.4889e-16	3.8686e-15
7.2108e+13	4.2753e-16	3.7665e-15
7.2258e+13	4.4652e-16	3.6305e-15
7.2409e+13	4.6207e-16	3.7097e-15
7.2559e+13	4.292e-16	3.9993e-15
7.2709e+13	4.2405e-16	4.0242e-15
7.2859e+13	4.7776e-16	3.7625e-15
7.301e+13	5.0269e-16	3.7176e-15
7.316e+13	4.7805e-16	3.9494e-15
7.331e+13	4.6501e-16	4.0966e-15
7.346e+13	4.5876e-16	4.0917e-15
7.361e+13	4.3936e-16	4.0392e-15
7.3761e+13	4.4786e-16	3.9223e-15
7.3911e+13	4.7873e-16	3.8602e-15
7.4061e+13	4.7606e-16	4.0052e-15
7.4211e+13	4.6068e-16	4.1267e-15
7.4362e+13	4.7231e-16	3.936e-15
7.4512e+13	4.6744e-16	3.6221e-15
7.4662e+13	4.3188e-16	3.52e-15
7.4812e+13	4.4043e-16	3.5964e-15
7.4962e+13	5.0544e-16	3.6937e-15
7.5113e+13	5.4356e-16	3.851e-15
7.5263e+13	5.2346e-16	3.9945e-15
7.5413e+13	4.867e-16	3.8283e-15
7.5563e+13	4.5387e-16	3.469e-15
7.5714e+13	4.3509e-16	3.5402e-15
7.5864e+13	4.6381e-16	4.1008e-15
7.6014e+13	5.2981e-16	4.337e-15
7.6164e+13	5.5654e-16	3.9678e-15
7.6314e+13	5.0924e-16	3.826e-15
7.6465e+13	4.5538e-16	4.2865e-15
7.6615e+13	4.6263e-16	4.4981e-15
7.6765e+13	4.975e-16	3.9974e-15
7.6915e+13	4.9169e-16	3.5993e-15
7.7066e+13	4.5752e-16	3.9102e-15
7.7216e+13	4.5443e-16	4.3606e-15
7.7366e+13	4.8192e-16	4.3199e-15
7.7516e+13	4.8911e-16	3.9756e-15
7.7666e+13	4.6101e-16	3.7347e-15
7.7817e+13	4.3762e-16	3.6854e-15
7.7967e+13	4.6249e-16	3.8094e-15
7.8117e+13	5.2215e-16	4.0547e-15
7.8267e+13	5.4502e-16	4.1954e-15
7.8418e+13	5.0269e-16	4.0931e-15
7.8568e+13	4.65e-16	3.9951e-15
7.8718e+13	4.7721e-16	4.1799e-15
7.8868e+13	4.8601e-16	4.4496e-15
7.9019e+13	4.7083e-16	4.3957e-15
7.9169e+13	4.8329e-16	4.0467e-15
7.9319e+13	5.0557e-16	3.7931e-15
7.9469e+13	4.8171e-16	3.7879e-15
7.9619e+13	4.6712e-16	3.8767e-15
7.977e+13	5.1433e-16	3.9567e-15
7.992e+13	5.3028e-16	4.005e-15
8.007e+13	4.6697e-16	3.9656e-15
8.022e+13	4.3995e-16	3.8828e-15
8.0371e+13	4.9091e-16	3.9067e-15
8.0521e+13	5.1171e-16	4.0599e-15
8.0671e+13	4.8249e-16	4.2097e-15
8.0821e+13	4.856e-16	4.2557e-15
8.0971e+13	5.0957e-16	4.2351e-15
8.1122e+13	5.0665e-16	4.2779e-15
8.1272e+13	5.1372e-16	4.3919e-15
8.1422e+13	5.2646e-16	4.375e-15
8.1572e+13	4.7514e-16	4.1921e-15
8.1723e+13	4.1594e-16	4.1443e-15
8.1873e+13	4.6554e-16	4.304e-15
8.2023e+13	5.5041e-16	4.3314e-15
8.2173e+13	5.2254e-16	4.1696e-15
8.2323e+13	4.4428e-16	4.1688e-15
8.2474e+13	4.6753e-16	4.3943e-15
8.2624e+13	5.4956e-16	4.5941e-15
8.2774e+13	5.4972e-16	4.6516e-15
8.2924e+13	4.8979e-16	4.4977e-15
8.3075e+13	4.9411e-16	4.1658e-15
8.3225e+13	5.5705e-16	4.0945e-15
8.3375e+13	5.6205e-16	4.4784e-15
8.3525e+13	4.9455e-16	4.7134e-15
8.3676e+13	4.6398e-16	4.4702e-15
8.3826e+13	5.0622e-16	4.3148e-15
8.3976e+13	5.298e-16	4.4444e-15
8.4126e+13	4.935e-16	4.3327e-15
8.4276e+13	4.6862e-16	4.0667e-15
8.4427e+13	4.9036e-16	4.2187e-15
8.4577e+13	5.1607e-16	4.4811e-15
8.4727e+13	5.3211e-16	4.2539e-15
8.4877e+13	5.4375e-16	3.9563e-15
8.5028e+13	5.2113e-16	4.1656e-15
8.5178e+13	4.8873e-16	4.5001e-15
8.5328e+13	5.2739e-16	4.5382e-15
8.5478e+13	5.9781e-16	4.5893e-15
8.5628e+13	5.8145e-16	4.806e-15
8.5779e+13	5.2421e-16	4.773e-15
8.5929e+13	5.5706e-16	4.3965e-15
8.6079e+13	6.2197e-16	4.1674e-15
8.6229e+13	5.9459e-16	4.3329e-15
8.638e+13	5.5605e-16	4.5847e-15
8.653e+13	6.2313e-16	4.6819e-15
8.668e+13	6.931e-16	4.7357e-15
8.683e+13	6.4004e-16	4.7732e-15
8.698e+13	5.4428e-16	4.6981e-15
8.7131e+13	5.1907e-16	4.7414e-15
8.7281e+13	5.386e-16	5.0671e-15
8.7431e+13	5.5219e-16	5.1025e-15
8.7581e+13	5.6178e-16	4.4851e-15
8.7732e+13	5.6107e-16	4.1092e-15
8.7882e+13	5.4786e-16	4.6786e-15
8.8032e+13	5.4935e-16	5.2918e-15
8.8182e+13	5.6578e-16	5.1218e-15
8.8332e+13	5.8112e-16	4.8709e-15
8.8483e+13	6.1425e-16	5.1057e-15
8.8633e+13	6.605e-16	5.2276e-15
8.8783e+13	6.6608e-16	5.0422e-15
8.8933e+13	6.2762e-16	5.1055e-15
8.9084e+13	5.9593e-16	5.3046e-15
8.9234e+13	5.7777e-16	5.1441e-15
8.9384e+13	5.6369e-16	4.8808e-15
8.9534e+13	5.8839e-16	4.8751e-15
8.9685e+13	6.5157e-16	4.9694e-15
8.9835e+13	6.8523e-16	5.1756e-15
8.9985e+13	6.6228e-16	5.5642e-15
9.0135e+13	6.235e-16	5.6966e-15
9.0285e+13	5.9683e-16	5.4245e-15
9.0436e+13	5.8747e-16	5.2746e-15
9.0586e+13	6.0551e-16	5.3226e-15
9.0736e+13	6.464e-16	5.1451e-15
9.0886e+13	6.868e-16	4.9142e-15
9.1037e+13	6.9848e-16	4.993e-15
9.1187e+13	6.5667e-16	5.0477e-15
9.1337e+13	5.8627e-16	4.8059e-15
9.1487e+13	5.5706e-16	4.7027e-15
9.1637e+13	5.7364e-16	5.0351e-15
9.1788e+13	5.7513e-16	5.4765e-15
9.1938e+13	5.6852e-16	5.6607e-15
9.2088e+13	6.0528e-16	5.603e-15
9.2238e+13	6.5626e-16	5.606e-15
9.2389e+13	6.6704e-16	5.8132e-15
9.2539e+13	6.48e-16	5.8712e-15
9.2689e+13	6.1919e-16	5.5845e-15
9.2839e+13	5.9906e-16	5.4694e-15
9.2989e+13	6.2424e-16	5.7333e-15
9.314e+13	6.5954e-16	5.7783e-15
9.329e+13	6.4684e-16	5.5647e-15
9.344e+13	6.6926e-16	5.7194e-15
9.359e+13	7.7775e-16	5.9768e-15
9.3741e+13	7.9201e-16	5.7074e-15
9.3891e+13	6.4368e-16	5.4186e-15
9.4041e+13	5.8369e-16	5.5914e-15
9.4191e+13	6.9196e-16	5.6469e-15
9.4342e+13	7.1022e-16	5.5645e-15
9.4492e+13	6.034e-16	5.9564e-15
9.4642e+13	6.1588e-16	6.1854e-15
9.4792e+13	7.201e-16	5.5643e-15
9.4942e+13	7.1162e-16	5.34e-15
9.5093e+13	6.6271e-16	6.2886e-15
9.5243e+13	6.8302e-16	6.8374e-15
9.5393e+13	6.6191e-16	6.2182e-15
9.5543e+13	6.2601e-16	5.9025e-15
9.5694e+13	7.3194e-16	6.2927e-15
9.5844e+13	8.2257e-16	6.1273e-15
9.5994e+13	6.9539e-16	5.558e-15
9.6144e+13	5.8012e-16	5.7666e-15
9.6294e+13	6.8567e-16	6.2838e-15
9.6445e+13	7.7557e-16	6.0501e-15
9.6595e+13	7.0444e-16	5.5637e-15
9.6745e+13	6.942e-16	5.6742e-15
9.6895e+13	7.8913e-16	6.1213e-15
9.7046e+13	7.7233e-16	6.3956e-15
9.7196e+13	6.7116e-16	6.386e-15
9.7346e+13	6.8025e-16	6.085e-15
9.7496e+13	7.4472e-16	5.717e-15
9.7646e+13	7.2413e-16	5.6059e-15
9.7797e+13	6.7465e-16	5.6585e-15
9.7947e+13	6.6629e-16	5.7444e-15
9.8097e+13	6.529e-16	6.0507e-15
9.8247e+13	6.2706e-16	6.4376e-15
9.8398e+13	6.2693e-16	6.475e-15
9.8548e+13	6.4511e-16	6.3089e-15
9.8698e+13	6.8797e-16	6.3067e-15
9.8848e+13	7.6273e-16	6.2183e-15
9.8998e+13	7.8438e-16	5.8027e-15
9.9149e+13	7.0685e-16	5.4959e-15
9.9299e+13	6.5197e-16	5.6044e-15
9.9449e+13	7.0024e-16	5.7479e-15
9.9599e+13	7.3001e-16	5.6006e-15
9.975e+13	6.4989e-16	5.4092e-15
9.99e+13	5.7909e-16	5.5487e-15
1.0005e+14	6.3315e-16	5.9803e-15
1.002e+14	7.279e-16	6.2397e-15
1.0035e+14	7.3438e-16	6.0139e-15
1.005e+14	6.6963e-16	5.6472e-15
1.0065e+14	6.2558e-16	5.6357e-15
1.008e+14	6.2978e-16	5.8176e-15
1.0095e+14	6.5362e-16	5.7554e-15
1.011e+14	6.6962e-16	5.5667e-15
1.0125e+14	6.6414e-16	5.6049e-15
1.014e+14	6.5379e-16	5.755e-15
1.0155e+14	6.6872e-16	5.7495e-15
1.017e+14	6.8454e-16	5.723e-15
1.0185e+14	6.5171e-16	5.856e-15
1.02e+14	6.0008e-16	5.8706e-15
1.0215e+14	5.9306e-16	5.4757e-15
1.023e+14	6.1461e-16	5.0644e-15
1.0245e+14	6.295e-16	5.2599e-15
1.026e+14	6.5655e-16	5.8214e-15
1.0275e+14	6.8076e-16	5.8873e-15
1.029e+14	6.5126e-16	5.378e-15
1.0305e+14	6.1039e-16	5.0824e-15
1.032e+14	6.3624e-16	5.2663e-15
1.0336e+14	6.9289e-16	5.3987e-15
1.0351e+14	7.1208e-16	5.2662e-15
1.0366e+14	7.0554e-16	5.202e-15
1.0381e+14	6.7976e-16	5.3181e-15
1.0396e+14	6.1283e-16	5.3911e-15
1.0411e+14	5.4653e-16	5.302e-15
1.0426e+14	5.2892e-16	5.1424e-15
1.0441e+14	5.3211e-16	5.0895e-15
1.0456e+14	5.3879e-16	5.1465e-15
1.0471e+14	5.6163e-16	5.0216e-15
1.0486e+14	5.6123e-16	4.6938e-15
1.0501e+14	5.1848e-16	4.6598e-15
1.0516e+14	4.9639e-16	4.9433e-15
1.0531e+14	5.0652e-16	4.838e-15
1.0546e+14	4.9816e-16	4.2951e-15
1.0561e+14	4.9319e-16	4.0982e-15
1.0576e+14	5.1134e-16	4.309e-15
1.0591e+14	4.9123e-16	4.3206e-15
1.0606e+14	4.6132e-16	4.2616e-15
1.0621e+14	5.1798e-16	4.5064e-15
1.0636e+14	5.7826e-16	4.5928e-15
1.0651e+14	5.2331e-16	4.2153e-15
1.0666e+14	4.7286e-16	3.9986e-15
1.0681e+14	5.2712e-16	4.2285e-15
1.0696e+14	5.3165e-16	4.3579e-15
1.0711e+14	4.2906e-16	4.1564e-15
1.0726e+14	4.0726e-16	3.9182e-15
1.0741e+14	4.9529e-16	3.7982e-15
1.0756e+14	5.0881e-16	3.8861e-15
1.0771e+14	4.3569e-16	4.173e-15
1.0786e+14	4.1353e-16	4.2115e-15
1.0801e+14	4.4183e-16	3.8041e-15
1.0816e+14	4.5372e-16	3.5116e-15
1.0831e+14	4.5052e-16	3.6107e-15
1.0846e+14	4.153e-16	3.6539e-15
1.0861e+14	3.5163e-16	3.5085e-15
1.0876e+14	3.5509e-16	3.4533e-15
1.0891e+14	4.2407e-16	3.4085e-15
1.0906e+14	4.2153e-16	3.3183e-15
1.0921e+14	3.5202e-16	3.4671e-15
1.0936e+14	3.5279e-16	3.6406e-15
1.0951e+14	4.0131e-16	3.3325e-15
1.0966e+14	3.7731e-16	2.9031e-15
1.0981e+14	3.1751e-16	2.9528e-15
1.0996e+14	3.1742e-16	3.1289e-15
1.1012e+14	3.4576e-16	3.0007e-15
1.1027e+14	3.4463e-16	2.9387e-15
1.1042e+14	3.3072e-16	3.0971e-15
1.1057e+14	3.2127e-16	3.0211e-15
1.1072e+14	3.1195e-16	2.7089e-15
1.1087e+14	3.1141e-16	2.5787e-15
1.1102e+14	3.1132e-16	2.5673e-15
1.1117e+14	2.9221e-16	2.4491e-15
1.1132e+14	2.7232e-16	2.3826e-15
1.1147e+14	2.7109e-16	2.4342e-15
1.1162e+14	2.7317e-16	2.442e-15
1.1177e+14	2.8118e-16	2.4876e-15
1.1192e+14	3.1266e-16	2.6523e-15
1.1207e+14	3.307e-16	2.6679e-15
1.1222e+14	2.8759e-16	2.4432e-15
1.1237e+14	2.2308e-16	2.289e-15
1.1252e+14	2.1472e-16	2.3305e-15
1.1267e+14	2.5778e-16	2.3795e-15
1.1282e+14	2.8267e-16	2.3482e-15
1.1297e+14	2.6569e-16	2.2691e-15
1.1312e+14	2.4525e-16	2.1628e-15
1.1327e+14	2.4234e-16	2.0964e-15
1.1342e+14	2.3843e-16	2.0713e-15
1.1357e+14	2.2945e-16	1.9895e-15
1.1372e+14	2.2891e-16	1.9189e-15
1.1387e+14	2.2464e-16	1.9922e-15
1.1402e+14	2.05e-16	2.0685e-15
1.1417e+14	1.976e-16	1.9898e-15
1.1432e+14	2.1344e-16	1.8853e-15
1.1447e+14	2.1547e-16	1.8292e-15
1.1462e+14	1.9588e-16	1.7193e-15
1.1477e+14	1.939e-16	1.6454e-15
1.1492e+14	2.1109e-16	1.7324e-15
1.1507e+14	2.1107e-16	1.7813e-15
1.1522e+14	1.9495e-16	1.6781e-15
1.1537e+14	1.874e-16	1.6655e-15
1.1552e+14	1.8623e-16	1.7631e-15
1.1567e+14	1.8207e-16	1.6812e-15
1.1582e+14	1.7596e-16	1.5032e-15
1.1597e+14	1.6769e-16	1.5508e-15
1.1612e+14	1.6792e-16	1.6748e-15
1.1627e+14	1.8583e-16	1.5789e-15
1.1642e+14	1.9547e-16	1.4549e-15
1.1657e+14	1.7849e-16	1.5186e-15
1.1673e+14	1.6493e-16	1.5421e-15
1.1688e+14	1.6908e-16	1.4151e-15
1.1703e+14	1.6561e-16	1.396e-15
1.1718e+14	1.6093e-16	1.4914e-15
1.1733e+14	1.7539e-16	1.4237e-15
1.1748e+14	1.7439e-16	1.2684e-15
1.1763e+14	1.3724e-16	1.3105e-15
1.1778e+14	1.1898e-16	1.4289e-15
1.1793e+14	1.4372e-16	1.3468e-15
1.1808e+14	1.5572e-16	1.1773e-15
1.1823e+14	1.3563e-16	1.1516e-15
1.1838e+14	1.2675e-16	1.2046e-15
1.1853e+14	1.362e-16	1.2091e-15
1.1868e+14	1.3797e-16	1.2033e-15
1.1883e+14	1.3879e-16	1.2034e-15
1.1898e+14	1.4761e-16	1.1591e-15
1.1913e+14	1.446e-16	1.1057e-15
1.1928e+14	1.2853e-16	1.1028e-15
1.1943e+14	1.2221e-16	1.1269e-15
1.1958e+14	1.2562e-16	1.143e-15
1.1973e+14	1.2504e-16	1.1345e-15
1.1988e+14	1.2513e-16	1.089e-15
1.2003e+14	1.3044e-16	1.0611e-15
1.2018e+14	1.2969e-16	1.0972e-15
1.2033e+14	1.2001e-16	1.1167e-15
1.2048e+14	1.1664e-16	1.0716e-15
1.2063e+14	1.266e-16	1.0509e-15
1.2078e+14	1.3272e-16	1.0523e-15
1.2093e+14	1.196e-16	9.8538e-16
1.2108e+14	1.029e-16	9.4464e-16
1.2123e+14	1.0417e-16	1.0339e-15
1.2138e+14	1.1209e-16	1.0794e-15
1.2153e+14	1.1001e-16	9.7926e-16
1.2168e+14	1.1038e-16	9.4346e-16
1.2183e+14	1.168e-16	1.0177e-15
1.2198e+14	1.074e-16	9.657e-16
1.2213e+14	8.9726e-17	8.1541e-16
1.2228e+14	9.469e-17	8.1573e-16
1.2243e+14	1.1024e-16	9.0493e-16
1.2258e+14	1.0921e-16	8.9646e-16
1.2273e+14	1.0915e-16	8.7991e-16
1.2288e+14	1.2153e-16	9.1558e-16
1.2303e+14	1.1453e-16	8.4886e-16
1.2318e+14	8.7314e-17	7.1385e-16
1.2334e+14	8.3255e-17	7.1774e-16
1.2349e+14	1.024e-16	8.0988e-16
1.2364e+14	1.0413e-16	8.1888e-16
1.2379e+14	8.7499e-17	7.9123e-16
1.2394e+14	8.0273e-17	8.0125e-16
1.2409e+14	8.4021e-17	7.9037e-16
1.2424e+14	8.7999e-17	7.5982e-16
1.2439e+14	9.1691e-17	7.5638e-16
1.2454e+14	9.1759e-17	7.4074e-16
1.2469e+14	8.6028e-17	7.1969e-16
1.2484e+14	8.3134e-17	7.5308e-16
1.2499e+14	8.7016e-17	7.6989e-16
1.2514e+14	9.2266e-17	7.0552e-16
1.2529e+14	9.4719e-17	6.7734e-16
1.2544e+14	9.0786e-17	7.4034e-16
1.2559e+14	8.188e-17	7.6852e-16
1.2574e+14	7.8491e-17	7.2793e-16
1.2589e+14	8.1668e-17	7.0592e-16
1.2604e+14	8.1103e-17	6.9058e-16
1.2619e+14	7.8439e-17	6.3944e-16
1.2634e+14	7.9566e-17	6.0461e-16
1.2649e+14	7.7146e-17	6.0307e-16
1.2664e+14	7.1493e-17	5.926e-16
1.2679e+14	7.4713e-17	5.8966e-16
1.2694e+14	8.0332e-17	6.0238e-16
1.2709e+14	7.4774e-17	5.8329e-16
1.2724e+14	6.7491e-17	5.5597e-16
1.2739e+14	6.7567e-17	5.7263e-16
1.2754e+14	6.6498e-17	5.856e-16
1.2769e+14	6.6515e-17	5.6983e-16
1.2784e+14	7.5298e-17	5.9255e-16
1.2799e+14	7.9389e-17	6.3355e-16
1.2814e+14	7.153e-17	6.0238e-16
1.2829e+14	6.8924e-17	5.4362e-16
1.2844e+14	7.4244e-17	5.5289e-16
1.2859e+14	7.1935e-17	5.8891e-16
1.2874e+14	6.5268e-17	5.7325e-16
1.2889e+14	6.3934e-17	5.1902e-16
1.2904e+14	6.0887e-17	4.7088e-16
1.2919e+14	5.5999e-17	4.6209e-16
1.2934e+14	5.8648e-17	5.0056e-16
1.2949e+14	6.2238e-17	5.2653e-16
1.2964e+14	6.0724e-17	4.9651e-16
1.2979e+14	6.4273e-17	4.7495e-16
1.2994e+14	7.0947e-17	5.0578e-16
1.301e+14	6.8825e-17	5.2222e-16
1.3025e+14	6.5126e-17	4.8901e-16
1.304e+14	6.6301e-17	4.6122e-16
1.3055e+14	6.1348e-17	4.6602e-16
1.307e+14	5.4279e-17	4.7953e-16
1.3085e+14	5.9334e-17	4.8425e-16
1.31e+14	6.4417e-17	4.6669e-16
1.3115e+14	5.6964e-17	4.333e-16
1.313e+14	5.3427e-17	4.1957e-16
1.3145e+14	5.9741e-17	4.2437e-16
1.316e+14	5.7935e-17	4.2183e-16
1.3175e+14	4.8647e-17	4.3093e-16
1.319e+14	4.7596e-17	4.5313e-16
1.3205e+14	5.2516e-17	4.3585e-16
1.322e+14	5.6251e-17	3.9108e-16
1.3235e+14	5.8806e-17	3.8589e-16
1.325e+14	5.4811e-17	4.0342e-16
1.3265e+14	4.7362e-17	4.0045e-16
1.328e+14	5.0823e-17	4.0903e-16
1.3295e+14	5.6662e-17	4.3032e-16
1.331e+14	4.7851e-17	4.0947e-16
1.3325e+14	4.118e-17	3.7531e-16
1.334e+14	5.2478e-17	3.8811e-16
1.3355e+14	5.848e-17	4.0752e-16
1.337e+14	4.7109e-17	3.9755e-16
1.3385e+14	4.1849e-17	3.9835e-16
1.34e+14	4.7982e-17	3.9933e-16
1.3415e+14	4.7722e-17	3.6243e-16
1.343e+14	4.4124e-17	3.4198e-16
1.3445e+14	4.6675e-17	3.6903e-16
1.346e+14	4.6121e-17	3.6441e-16
1.3475e+14	4.112e-17	3.1407e-16
1.349e+14	4.2381e-17	3.0778e-16
1.3505e+14	4.5152e-17	3.5102e-16
1.352e+14	4.2038e-17	3.6841e-16
1.3535e+14	4.0284e-17	3.5443e-16
1.355e+14	4.0822e-17	3.4567e-16
1.3565e+14	3.8105e-17	3.4137e-16
1.358e+14	3.9319e-17	3.3737e-16
1.3595e+14	4.705e-17	3.3645e-16
1.361e+14	4.8574e-17	3.2913e-16
1.3625e+14	4.3346e-17	3.2344e-16
1.364e+14	4.2547e-17	3.3194e-16
1.3655e+14	4.3388e-17	3.3437e-16
1.3671e+14	4.0316e-17	3.1988e-16
1.3686e+14	3.9359e-17	3.059e-16
1.3701e+14	4.0764e-17	2.9402e-16
1.3716e+14	3.9544e-17	2.8702e-16
1.3731e+14	4.05e-17	3.0241e-16
1.3746e+14	4.4078e-17	3.1705e-16
1.3761e+14	4.1082e-17	3.011e-16
1.3776e+14	3.5081e-17	2.8868e-16
1.3791e+14	3.587e-17	2.9861e-16
1.3806e+14	3.7756e-17	2.8863e-16
1.3821e+14	3.5156e-17	2.6432e-16
1.3836e+14	3.4815e-17	2.6862e-16
1.3851e+14	3.6704e-17	2.7381e-16
1.3866e+14	3.5202e-17	2.5743e-16
1.3881e+14	3.4332e-17	2.6799e-16
1.3896e+14	3.5344e-17	2.9526e-16
1.3911e+14	3.2495e-17	2.7738e-16
1.3926e+14	3.079e-17	2.5335e-16
1.3941e+14	3.5788e-17	2.7733e-16
1.3956e+14	3.7382e-17	2.8916e-16
1.3971e+14	3.1876e-17	2.6032e-16
1.3986e+14	3.0974e-17	2.5863e-16
1.4001e+14	3.54e-17	2.7853e-16
1.4016e+14	3.5864e-17	2.6078e-16
1.4031e+14	3.4505e-17	2.4082e-16
1.4046e+14	3.5409e-17	2.5535e-16
1.4061e+14	3.5194e-17	2.5599e-16
1.4076e+14	3.5288e-17	2.4011e-16
1.4091e+14	3.6659e-17	2.5208e-16
1.4106e+14	3.2791e-17	2.6159e-16
1.4121e+14	2.7928e-17	2.4279e-16
1.4136e+14	3.2656e-17	2.4476e-16
1.4151e+14	3.8233e-17	2.6511e-16
1.4166e+14	3.3273e-17	2.5468e-16
1.4181e+14	2.8028e-17	2.4266e-16
1.4196e+14	2.9825e-17	2.5722e-16
1.4211e+14	2.9593e-17	2.477e-16
1.4226e+14	2.7609e-17	2.147e-16
1.4241e+14	3.0749e-17	2.1673e-16
1.4256e+14	3.2359e-17	2.3252e-16
1.4271e+14	2.9645e-17	2.2236e-16
1.4286e+14	3.2062e-17	2.2406e-16
1.4301e+14	3.6048e-17	2.4478e-16
1.4316e+14	3.1592e-17	2.351e-16
1.4331e+14	2.7064e-17	2.0991e-16
1.4347e+14	3.0154e-17	2.0983e-16
1.4362e+14	3.1518e-17	2.1216e-16
1.4377e+14	2.914e-17	2.0556e-16
1.4392e+14	3.026e-17	2.1158e-16
1.4407e+14	2.9878e-17	2.0984e-16
1.4422e+14	2.4498e-17	1.9171e-16
1.4437e+14	2.4724e-17	2.0066e-16
1.4452e+14	3.0416e-17	2.2542e-16
1.4467e+14	2.9634e-17	2.1573e-16
1.4482e+14	2.6046e-17	2.0064e-16
1.4497e+14	2.901e-17	2.1544e-16
1.4512e+14	3.1883e-17	2.1701e-16
1.4527e+14	2.8951e-17	1.9622e-16
1.4542e+14	2.6737e-17	2.0055e-16
1.4557e+14	2.7e-17	2.1502e-16
1.4572e+14	2.6812e-17	2.0354e-16
1.4587e+14	2.876e-17	1.9637e-16
1.4602e+14	3.1447e-17	2.0638e-16
1.4617e+14	2.9033e-17	2.0031e-16
1.4632e+14	2.5263e-17	1.8967e-16
1.4647e+14	2.5941e-17	1.97e-16
1.4662e+14	2.7158e-17	1.9601e-16
1.4677e+14	2.6459e-17	1.8858e-16
1.4692e+14	2.6978e-17	2.0596e-16
1.4707e+14	2.724e-17	2.1907e-16
1.4722e+14	2.585e-17	1.9851e-16
1.4737e+14	2.6789e-17	1.8553e-16
1.4752e+14	2.8809e-17	1.9716e-16
1.4767e+14	2.718e-17	1.9955e-16
1.4782e+14	2.5295e-17	1.9643e-16
1.4797e+14	2.6662e-17	2.0127e-16
1.4812e+14	2.701e-17	1.9093e-16
1.4827e+14	2.5146e-17	1.7488e-16
1.4842e+14	2.4583e-17	1.8212e-16
1.4857e+14	2.4666e-17	1.8597e-16
1.4872e+14	2.4711e-17	1.7362e-16
1.4887e+14	2.6431e-17	1.856e-16
1.4902e+14	2.6712e-17	2.0792e-16
1.4917e+14	2.3602e-17	1.9276e-16
1.4932e+14	2.2999e-17	1.7199e-16
1.4947e+14	2.5825e-17	1.793e-16
1.4962e+14	2.5162e-17	1.7336e-16
1.4977e+14	2.1638e-17	1.5237e-16
1.4992e+14	2.1191e-17	1.6385e-16
1.5008e+14	2.2488e-17	1.8235e-16
1.5023e+14	2.307e-17	1.6578e-16
1.5038e+14	2.469e-17	1.515e-16
1.5053e+14	2.6161e-17	1.6158e-16
1.5068e+14	2.6137e-17	1.6284e-16
1.5083e+14	2.6994e-17	1.6006e-16
1.5098e+14	2.6487e-17	1.7027e-16
1.5113e+14	2.1731e-17	1.6702e-16
1.5128e+14	1.9578e-17	1.5478e-16
1.5143e+14	2.3439e-17	1.6543e-16
1.5158e+14	2.4576e-17	1.7307e-16
1.5173e+14	2.1207e-17	1.5798e-16
1.5188e+14	2.141e-17	1.5963e-16
1.5203e+14	2.3389e-17	1.7166e-16
1.5218e+14	2.0872e-17	1.5189e-16
1.5233e+14	1.8891e-17	1.3468e-16
1.5248e+14	2.1456e-17	1.5283e-16
1.5263e+14	2.2797e-17	1.5542e-16
1.5278e+14	2.1808e-17	1.3249e-16
1.5293e+14	2.2582e-17	1.3788e-16
1.5308e+14	2.3335e-17	1.562e-16
1.5323e+14	2.2535e-17	1.4732e-16
1.5338e+14	2.2837e-17	1.4517e-16
1.5353e+14	2.2556e-17	1.6092e-16
1.5368e+14	2.0224e-17	1.4945e-16
1.5383e+14	2.0504e-17	1.2762e-16
1.5398e+14	2.2937e-17	1.3854e-16
1.5413e+14	2.2104e-17	1.5116e-16
1.5428e+14	2.0783e-17	1.4287e-16
1.5443e+14	2.2377e-17	1.4588e-16
1.5458e+14	2.1713e-17	1.5344e-16
1.5473e+14	1.9031e-17	1.4413e-16
1.5488e+14	2.1239e-17	1.4977e-16
1.5503e+14	2.4775e-17	1.7136e-16
1.5518e+14	2.2826e-17	1.6314e-16
1.5533e+14	2.0656e-17	1.4342e-16
1.5548e+14	2.2459e-17	1.5191e-16
1.5563e+14	2.255e-17	1.5572e-16
1.5578e+14	2.0331e-17	1.37e-16
1.5593e+14	2.0625e-17	1.3451e-16
1.5608e+14	2.1284e-17	1.4066e-16
1.5623e+14	1.9741e-17	1.2754e-16
1.5638e+14	1.927e-17	1.2834e-16
1.5653e+14	1.9782e-17	1.5095e-16
1.5669e+14	1.9104e-17	1.4515e-16
1.5684e+14	1.9772e-17	1.2192e-16
1.5699e+14	2.1348e-17	1.3109e-16
1.5714e+14	1.9703e-17	1.4962e-16
1.5729e+14	1.791e-17	1.467e-16
1.5744e+14	2.0132e-17	1.4982e-16
1.5759e+14	2.1874e-17	1.5894e-16
1.5774e+14	2.0563e-17	1.4289e-16
1.5789e+14	2.0295e-17	1.2229e-16
1.5804e+14	2.1019e-17	1.2536e-16
1.5819e+14	2.0507e-17	1.3283e-16
1.5834e+14	2.0998e-17	1.3479e-16
1.5849e+14	2.168e-17	1.39e-16
1.5864e+14	1.925e-17	1.3347e-16
1.5879e+14	1.7567e-17	1.2288e-16
1.5894e+14	1.957e-17	1.285e-16
1.5909e+14	1.9982e-17	1.3331e-16
1.5924e+14	1.829e-17	1.2374e-16
1.5939e+14	1.9737e-17	1.2814e-16
1.5954e+14	2.1639e-17	1.44e-16
1.5969e+14	2.0066e-17	1.4073e-16
1.5984e+14	1.9666e-17	1.3603e-16
1.5999e+14	2.106e-17	1.4527e-16
1.6014e+14	1.8799e-17	1.3634e-16
1.6029e+14	1.6375e-17	1.1768e-16
1.6044e+14	1.9241e-17	1.2838e-16
1.6059e+14	2.1282e-17	1.3901e-16
1.6074e+14	1.8538e-17	1.2029e-16
1.6089e+14	1.7678e-17	1.174e-16
1.6104e+14	2.0001e-17	1.3825e-16
1.6119e+14	2e-17	1.3141e-16
1.6134e+14	1.8948e-17	1.1082e-16
1.6149e+14	1.9846e-17	1.1887e-16
1.6164e+14	1.9521e-17	1.2753e-16
1.6179e+14	1.7397e-17	1.1886e-16
1.6194e+14	1.6996e-17	1.2414e-16
1.6209e+14	1.7604e-17	1.2925e-16
1.6224e+14	1.7661e-17	1.1041e-16
1.6239e+14	1.8862e-17	1.107e-16
1.6254e+14	2.0337e-17	1.4093e-16
1.6269e+14	1.9903e-17	1.4617e-16
1.6284e+14	1.9317e-17	1.3139e-16
1.6299e+14	1.948e-17	1.3846e-16
1.6314e+14	1.8744e-17	1.4048e-16
1.6329e+14	1.8289e-17	1.199e-16
1.6345e+14	1.9134e-17	1.2052e-16
1.636e+14	1.8919e-17	1.3625e-16
1.6375e+14	1.8022e-17	1.2481e-16
1.639e+14	1.8505e-17	1.1464e-16
1.6405e+14	1.8062e-17	1.3179e-16
1.642e+14	1.5922e-17	1.3246e-16
1.6435e+14	1.6104e-17	1.1269e-16
1.645e+14	1.8334e-17	1.1838e-16
1.6465e+14	1.8823e-17	1.3325e-16
1.648e+14	1.8793e-17	1.2304e-16
1.6495e+14	1.9723e-17	1.1628e-16
1.651e+14	1.8914e-17	1.2549e-16
1.6525e+14	1.6816e-17	1.1838e-16
1.654e+14	1.638e-17	1.0427e-16
1.6555e+14	1.6629e-17	1.1222e-16
1.657e+14	1.6986e-17	1.23e-16
1.6585e+14	1.8462e-17	1.1926e-16
1.66e+14	1.7974e-17	1.163e-16
1.6615e+14	1.4861e-17	1.1439e-16
1.663e+14	1.5267e-17	1.1035e-16
1.6645e+14	1.8801e-17	1.1792e-16
1.666e+14	1.8057e-17	1.2593e-16
1.6675e+14	1.5021e-17	1.1583e-16
1.669e+14	1.6209e-17	1.089e-16
1.6705e+14	1.8229e-17	1.156e-16
1.672e+14	1.7451e-17	1.1028e-16
1.6735e+14	1.7953e-17	1.0034e-16
1.675e+14	1.9527e-17	1.1308e-16
1.6765e+14	1.8292e-17	1.26e-16
1.678e+14	1.731e-17	1.1435e-16
1.6795e+14	1.8593e-17	1.0372e-16
1.681e+14	1.7888e-17	1.093e-16
1.6825e+14	1.6383e-17	1.1321e-16
1.684e+14	1.7993e-17	1.1332e-16
1.6855e+14	1.8647e-17	1.1524e-16
1.687e+14	1.6618e-17	1.1283e-16
1.6885e+14	1.7828e-17	1.1335e-16
1.69e+14	2.0618e-17	1.214e-16
1.6915e+14	1.8336e-17	1.1776e-16
1.693e+14	1.5424e-17	1.0518e-16
1.6945e+14	1.7665e-17	1.091e-16
1.696e+14	1.9441e-17	1.1972e-16
1.6975e+14	1.727e-17	1.1624e-16
1.699e+14	1.6377e-17	1.1256e-16
1.7006e+14	1.7891e-17	1.1573e-16
1.7021e+14	1.8488e-17	1.1122e-16
1.7036e+14	1.8369e-17	1.0647e-16
1.7051e+14	1.802e-17	1.1043e-16
1.7066e+14	1.735e-17	1.0818e-16
1.7081e+14	1.8403e-17	1.0501e-16
1.7096e+14	1.9556e-17	1.1731e-16
1.7111e+14	1.7224e-17	1.2419e-16
1.7126e+14	1.5411e-17	1.1279e-16
1.7141e+14	1.7714e-17	1.0945e-16
1.7156e+14	1.8435e-17	1.1471e-16
1.7171e+14	1.5846e-17	1.0774e-16
1.7186e+14	1.6029e-17	1.0612e-16
1.7201e+14	1.7815e-17	1.1925e-16
1.7216e+14	1.6608e-17	1.1663e-16
1.7231e+14	1.6668e-17	1.0349e-16
1.7246e+14	1.9871e-17	1.1085e-16
1.7261e+14	1.9872e-17	1.1858e-16
1.7276e+14	1.7286e-17	1.0763e-16
1.7291e+14	1.7612e-17	1.0714e-16
1.7306e+14	1.7878e-17	1.1505e-16
1.7321e+14	1.6001e-17	1.0369e-16
1.7336e+14	1.7074e-17	1.002e-16
1.7351e+14	1.9479e-17	1.2263e-16
1.7366e+14	1.7717e-17	1.2503e-16
1.7381e+14	1.5863e-17	1.0309e-16
1.7396e+14	1.7103e-17	1.0369e-16
1.7411e+14	1.6465e-17	1.1177e-16
1.7426e+14	1.533e-17	9.5351e-17
1.7441e+14	1.8619e-17	9.086e-17
1.7456e+14	2.0351e-17	1.122e-16
1.7471e+14	1.6228e-17	1.1513e-16
1.7486e+14	1.4179e-17	1.0412e-16
1.7501e+14	1.6644e-17	1.1065e-16
1.7516e+14	1.7047e-17	1.0984e-16
1.7531e+14	1.6308e-17	9.4082e-17
1.7546e+14	1.8198e-17	1.045e-16
1.7561e+14	1.8943e-17	1.2612e-16
1.7576e+14	1.7608e-17	1.147e-16
1.7591e+14	1.8059e-17	9.9304e-17
1.7606e+14	1.8108e-17	1.1003e-16
1.7621e+14	1.5836e-17	1.1195e-16
1.7636e+14	1.5749e-17	9.8848e-17
1.7651e+14	1.7237e-17	1.0415e-16
1.7666e+14	1.6075e-17	1.1386e-16
1.7682e+14	1.5915e-17	1.0626e-16
1.7697e+14	1.8856e-17	1.0586e-16
1.7712e+14	1.8994e-17	1.1534e-16
1.7727e+14	1.6801e-17	1.0989e-16
1.7742e+14	1.7681e-17	1.0448e-16
1.7757e+14	1.8085e-17	1.1392e-16
1.7772e+14	1.5233e-17	1.1263e-16
1.7787e+14	1.5408e-17	1.0116e-16
1.7802e+14	1.8455e-17	1.0602e-16
1.7817e+14	1.7493e-17	1.135e-16
1.7832e+14	1.49e-17	1.0582e-16
1.7847e+14	1.542e-17	1.0152e-16
1.7862e+14	1.5806e-17	1.0314e-16
1.7877e+14	1.5578e-17	9.8736e-17
1.7892e+14	1.7348e-17	1.0402e-16
1.7907e+14	1.6944e-17	1.1874e-16
1.7922e+14	1.3887e-17	1.1451e-16
1.7937e+14	1.5783e-17	1.03e-16
1.7952e+14	2.0075e-17	1.101e-16
1.7967e+14	1.7877e-17	1.1328e-16
1.7982e+14	1.4204e-17	1.0114e-16
1.7997e+14	1.6183e-17	1.0381e-16
1.8012e+14	1.7578e-17	1.1569e-16
1.8027e+14	1.5621e-17	1.0969e-16
1.8042e+14	1.6661e-17	1.0653e-16
1.8057e+14	1.8586e-17	1.1915e-16
1.8072e+14	1.6187e-17	1.1587e-16
1.8087e+14	1.5001e-17	1.0087e-16
1.8102e+14	1.8027e-17	1.0664e-16
1.8117e+14	1.8959e-17	1.1425e-16
1.8132e+14	1.7404e-17	1.018e-16
1.8147e+14	1.7597e-17	9.8669e-17
1.8162e+14	1.7669e-17	1.1327e-16
1.8177e+14	1.7216e-17	1.1826e-16
1.8192e+14	1.9101e-17	1.1917e-16
1.8207e+14	1.9624e-17	1.2781e-16
1.8222e+14	1.6371e-17	1.2242e-16
1.8237e+14	1.5491e-17	1.071e-16
1.8252e+14	1.7456e-17	1.1272e-16
1.8267e+14	1.6472e-17	1.2472e-16
1.8282e+14	1.5251e-17	1.1436e-16
1.8297e+14	1.7042e-17	9.8869e-17
1.8312e+14	1.6356e-17	9.5864e-17
1.8327e+14	1.4087e-17	9.5679e-17
1.8343e+14	1.7155e-17	1.0091e-16
1.8358e+14	2.0426e-17	1.1394e-16
1.8373e+14	1.7393e-17	1.1606e-16
1.8388e+14	1.5503e-17	1.0825e-16
1.8403e+14	1.8157e-17	1.0862e-16
1.8418e+14	1.7557e-17	1.1004e-16
1.8433e+14	1.4951e-17	1.0606e-16
1.8448e+14	1.6672e-17	1.1068e-16
1.8463e+14	1.7239e-17	1.1557e-16
1.8478e+14	1.363e-17	1.0464e-16
1.8493e+14	1.4475e-17	1.0001e-16
1.8508e+14	1.919e-17	1.1559e-16
1.8523e+14	1.7891e-17	1.2237e-16
1.8538e+14	1.329e-17	1.1101e-16
1.8553e+14	1.3854e-17	1.0616e-16
1.8568e+14	1.6853e-17	1.0922e-16
1.8583e+14	1.7803e-17	1.0717e-16
1.8598e+14	1.8125e-17	1.0715e-16
1.8613e+14	1.7398e-17	1.1069e-16
1.8628e+14	1.5605e-17	1.0765e-16
1.8643e+14	1.621e-17	1.0431e-16
1.8658e+14	1.7583e-17	1.0695e-16
1.8673e+14	1.6326e-17	1.0733e-16
1.8688e+14	1.6551e-17	1.0796e-16
1.8703e+14	1.9897e-17	1.1247e-16
1.8718e+14	1.9811e-17	1.0665e-16
1.8733e+14	1.599e-17	9.3454e-17
1.8748e+14	1.5054e-17	9.5674e-17
1.8763e+14	1.6415e-17	1.0554e-16
1.8778e+14	1.6243e-17	1.0021e-16
1.8793e+14	1.6444e-17	9.1427e-17
1.8808e+14	1.7571e-17	9.7448e-17
1.8823e+14	1.6959e-17	1.071e-16
1.8838e+14	1.6113e-17	1.0856e-16
1.8853e+14	1.6841e-17	1.0622e-16
1.8868e+14	1.7113e-17	1.0522e-16
1.8883e+14	1.7243e-17	1.0991e-16
1.8898e+14	1.8191e-17	1.1649e-16
1.8913e+14	1.6943e-17	1.1015e-16
1.8928e+14	1.44e-17	9.6451e-17
1.8943e+14	1.5637e-17	9.824e-17
1.8958e+14	1.8107e-17	1.097e-16
1.8973e+14	1.6745e-17	1.1048e-16
1.8988e+14	1.5399e-17	1.0681e-16
1.9004e+14	1.7034e-17	1.0667e-16
1.9019e+14	1.6914e-17	1.0238e-16
1.9034e+14	1.534e-17	1.0027e-16
1.9049e+14	1.7457e-17	1.0628e-16
1.9064e+14	1.9805e-17	1.0463e-16
1.9079e+14	1.6926e-17	9.8788e-17
1.9094e+14	1.3448e-17	1.0839e-16
1.9109e+14	1.4476e-17	1.1555e-16
1.9124e+14	1.6814e-17	1.0135e-16
1.9139e+14	1.7347e-17	9.4649e-17
1.9154e+14	1.7123e-17	1.0773e-16
1.9169e+14	1.6563e-17	1.1001e-16
1.9184e+14	1.5638e-17	1.0191e-16
1.9199e+14	1.5418e-17	1.0616e-16
1.9214e+14	1.6299e-17	1.0701e-16
1.9229e+14	1.7643e-17	9.438e-17
1.9244e+14	1.7667e-17	9.3417e-17
1.9259e+14	1.5023e-17	1.0111e-16
1.9274e+14	1.3202e-17	9.6586e-17
1.9289e+14	1.603e-17	9.6606e-17
1.9304e+14	1.9005e-17	1.0716e-16
1.9319e+14	1.7075e-17	1.0106e-16
1.9334e+14	1.482e-17	9.0491e-17
1.9349e+14	1.6033e-17	1.0308e-16
1.9364e+14	1.6156e-17	1.0928e-16
1.9379e+14	1.4367e-17	9.0521e-17
1.9394e+14	1.556e-17	8.6963e-17
1.9409e+14	1.8012e-17	1.0296e-16
1.9424e+14	1.7035e-17	1.006e-16
1.9439e+14	1.5237e-17	9.1817e-17
1.9454e+14	1.5601e-17	1.001e-16
1.9469e+14	1.5932e-17	9.9837e-17
1.9484e+14	1.5953e-17	8.8765e-17
1.9499e+14	1.6832e-17	9.9926e-17
1.9514e+14	1.6568e-17	1.1622e-16
1.9529e+14	1.5386e-17	1.0547e-16
1.9544e+14	1.6177e-17	9.2261e-17
1.9559e+14	1.7119e-17	9.5961e-17
1.9574e+14	1.5928e-17	9.6808e-17
1.9589e+14	1.5901e-17	9.6845e-17
1.9604e+14	1.8051e-17	1.0437e-16
1.9619e+14	1.8514e-17	9.9341e-17
1.9634e+14	1.739e-17	8.9524e-17
1.9649e+14	1.735e-17	1.0204e-16
1.9664e+14	1.6995e-17	1.1135e-16
1.968e+14	1.5526e-17	9.4197e-17
1.9695e+14	1.5332e-17	8.8114e-17
1.971e+14	1.6129e-17	1.0233e-16
1.9725e+14	1.6192e-17	9.6666e-17
1.974e+14	1.642e-17	8.0662e-17
1.9755e+14	1.6846e-17	8.8369e-17
1.977e+14	1.6488e-17	9.6848e-17
1.9785e+14	1.6616e-17	8.8658e-17
1.98e+14	1.6841e-17	9.184e-17
1.9815e+14	1.4941e-17	1.0154e-16
1.983e+14	1.3551e-17	9.1813e-17
1.9845e+14	1.5509e-17	8.4725e-17
1.986e+14	1.6597e-17	9.5517e-17
1.9875e+14	1.4391e-17	9.4773e-17
1.989e+14	1.3426e-17	8.373e-17
1.9905e+14	1.4837e-17	8.9241e-17
1.992e+14	1.5479e-17	9.5114e-17
1.9935e+14	1.6269e-17	8.5725e-17
1.995e+14	1.7916e-17	8.5713e-17
1.9965e+14	1.7241e-17	9.616e-17
1.998e+14	1.5125e-17	9.4196e-17
1.9995e+14	1.4753e-17	9.1355e-17
2.001e+14	1.4111e-17	9.8243e-17
2.0025e+14	1.2966e-17	9.445e-17
2.004e+14	1.5427e-17	8.477e-17
2.0055e+14	1.8441e-17	9.1187e-17
2.007e+14	1.6025e-17	9.7919e-17
2.0085e+14	1.3008e-17	9.1885e-17
2.01e+14	1.5107e-17	9.3708e-17
2.0115e+14	1.6709e-17	1.0027e-16
2.013e+14	1.3915e-17	9.0879e-17
2.0145e+14	1.2427e-17	8.3082e-17
2.016e+14	1.4679e-17	9.1907e-17
2.0175e+14	1.6668e-17	9.2859e-17
2.019e+14	1.6813e-17	8.1759e-17
2.0205e+14	1.5831e-17	8.2985e-17
2.022e+14	1.4599e-17	9.0147e-17
2.0235e+14	1.532e-17	8.501e-17
2.025e+14	1.6926e-17	8.0167e-17
2.0265e+14	1.5594e-17	8.5456e-17
2.028e+14	1.3558e-17	8.9023e-17
2.0295e+14	1.481e-17	8.7803e-17
2.031e+14	1.5889e-17	8.5982e-17
2.0325e+14	1.4406e-17	8.221e-17
2.0341e+14	1.4706e-17	8.047e-17
2.0356e+14	1.6473e-17	8.1408e-17
2.0371e+14	1.5095e-17	7.7468e-17
2.0386e+14	1.3245e-17	7.5119e-17
2.0401e+14	1.4498e-17	8.0637e-17
2.0416e+14	1.4902e-17	7.953e-17
2.0431e+14	1.3219e-17	7.3742e-17
2.0446e+14	1.3644e-17	8.4006e-17
2.0461e+14	1.5031e-17	9.6163e-17
2.0476e+14	1.4406e-17	8.6435e-17
2.0491e+14	1.4654e-17	7.6158e-17
2.0506e+14	1.6363e-17	8.2157e-17
2.0521e+14	1.5696e-17	8.1843e-17
2.0536e+14	1.4201e-17	7.476e-17
2.0551e+14	1.5078e-17	8.1847e-17
2.0566e+14	1.5232e-17	8.8675e-17
2.0581e+14	1.3163e-17	8.2241e-17
2.0596e+14	1.2565e-17	8.3709e-17
2.0611e+14	1.3524e-17	8.9138e-17
2.0626e+14	1.3679e-17	7.6236e-17
2.0641e+14	1.4113e-17	6.6958e-17
2.0656e+14	1.4715e-17	8.0262e-17
2.0671e+14	1.3805e-17	8.6107e-17
2.0686e+14	1.3686e-17	7.7248e-17
2.0701e+14	1.5437e-17	8.1798e-17
2.0716e+14	1.5566e-17	9.0735e-17
2.0731e+14	1.4422e-17	8.4219e-17
2.0746e+14	1.4704e-17	8.2133e-17
2.0761e+14	1.3799e-17	8.9934e-17
2.0776e+14	1.1462e-17	8.5992e-17
2.0791e+14	1.3056e-17	8.0925e-17
2.0806e+14	1.6389e-17	8.8405e-17
2.0821e+14	1.4562e-17	8.5257e-17
2.0836e+14	1.1385e-17	7.1861e-17
2.0851e+14	1.2895e-17	7.5287e-17
2.0866e+14	1.449e-17	8.064e-17
2.0881e+14	1.3272e-17	6.9585e-17
2.0896e+14	1.4202e-17	7.0213e-17
2.0911e+14	1.6249e-17	8.4644e-17
2.0926e+14	1.4296e-17	7.7027e-17
2.0941e+14	1.1898e-17	6.078e-17
2.0956e+14	1.3266e-17	6.9319e-17
2.0971e+14	1.4348e-17	7.9689e-17
2.0986e+14	1.3131e-17	7.1763e-17
2.1002e+14	1.2982e-17	7.0889e-17
2.1017e+14	1.3813e-17	7.9041e-17
2.1032e+14	1.3826e-17	7.5451e-17
2.1047e+14	1.399e-17	7.2087e-17
2.1062e+14	1.3796e-17	7.7166e-17
2.1077e+14	1.2506e-17	7.2161e-17
2.1092e+14	1.2886e-17	6.4768e-17
2.1107e+14	1.4853e-17	7.2114e-17
2.1122e+14	1.4549e-17	7.4902e-17
2.1137e+14	1.3021e-17	6.5542e-17
2.1152e+14	1.3435e-17	6.6418e-17
2.1167e+14	1.3708e-17	7.0541e-17
2.1182e+14	1.2558e-17	6.113e-17
2.1197e+14	1.271e-17	5.9297e-17
2.1212e+14	1.3452e-17	7.1368e-17
2.1227e+14	1.2517e-17	7.0054e-17
2.1242e+14	1.2145e-17	6.1294e-17
2.1257e+14	1.3037e-17	6.7367e-17
2.1272e+14	1.2253e-17	7.0781e-17
2.1287e+14	1.1224e-17	6.1615e-17
2.1302e+14	1.2743e-17	6.3079e-17
2.1317e+14	1.3512e-17	7.0296e-17
2.1332e+14	1.1408e-17	6.2852e-17
2.1347e+14	1.0369e-17	5.7667e-17
2.1362e+14	1.1601e-17	6.506e-17
2.1377e+14	1.2269e-17	6.3541e-17
2.1392e+14	1.2475e-17	5.7092e-17
2.1407e+14	1.3006e-17	6.3668e-17
2.1422e+14	1.242e-17	6.6564e-17
2.1437e+14	1.1522e-17	5.7343e-17
2.1452e+14	1.1935e-17	5.7747e-17
2.1467e+14	1.1985e-17	6.3328e-17
2.1482e+14	1.1248e-17	5.6634e-17
2.1497e+14	1.1741e-17	5.395e-17
2.1512e+14	1.2156e-17	6.1448e-17
2.1527e+14	1.0671e-17	5.7167e-17
2.1542e+14	9.8843e-18	4.9688e-17
2.1557e+14	1.0889e-17	5.889e-17
2.1572e+14	1.0887e-17	6.3173e-17
2.1587e+14	1.0025e-17	5.0742e-17
2.1602e+14	1.0482e-17	4.9035e-17
2.1617e+14	1.109e-17	5.8731e-17
2.1632e+14	1.0842e-17	5.5826e-17
2.1647e+14	1.113e-17	4.9659e-17
2.1662e+14	1.1561e-17	5.3176e-17
2.1678e+14	1.1237e-17	5.1799e-17
2.1693e+14	1.1409e-17	4.6585e-17
2.1708e+14	1.1812e-17	5.0889e-17
2.1723e+14	1.127e-17	5.3579e-17
2.1738e+14	1.1617e-17	5.029e-17
2.1753e+14	1.3226e-17	5.5052e-17
2.1768e+14	1.2809e-17	5.7711e-17
2.1783e+14	1.0762e-17	4.763e-17
2.1798e+14	1.0544e-17	4.8043e-17
2.1813e+14	1.0985e-17	6.0691e-17
2.1828e+14	9.951e-18	5.5636e-17
2.1843e+14	9.7061e-18	4.2267e-17
2.1858e+14	1.0915e-17	4.8545e-17
2.1873e+14	1.0957e-17	5.6328e-17
2.1888e+14	1.0378e-17	4.8263e-17
2.1903e+14	1.1149e-17	4.6299e-17
2.1918e+14	1.1963e-17	5.2882e-17
2.1933e+14	1.1688e-17	4.8721e-17
2.1948e+14	1.0826e-17	4.5234e-17
2.1963e+14	9.1751e-18	5.3608e-17
2.1978e+14	8.236e-18	5.4185e-17
2.1993e+14	1.008e-17	4.5745e-17
2.2008e+14	1.1686e-17	4.7072e-17
2.2023e+14	1.0146e-17	4.9856e-17
2.2038e+14	9.2058e-18	4.338e-17
2.2053e+14	1.0963e-17	4.2414e-17
2.2068e+14	1.1606e-17	4.8556e-17
2.2083e+14	1.093e-17	4.8075e-17
2.2098e+14	1.1921e-17	4.6108e-17
2.2113e+14	1.2246e-17	4.7362e-17
2.2128e+14	9.9215e-18	4.2932e-17
2.2143e+14	9.0444e-18	3.8806e-17
2.2158e+14	1.059e-17	4.1989e-17
2.2173e+14	1.0533e-17	4.0153e-17
2.2188e+14	9.3965e-18	3.6732e-17
2.2203e+14	1.0102e-17	4.6563e-17
2.2218e+14	1.0964e-17	5.2258e-17
2.2233e+14	1.0513e-17	3.9902e-17
2.2248e+14	1.0267e-17	3.5976e-17
2.2263e+14	9.8574e-18	4.7707e-17
2.2278e+14	8.8724e-18	4.6863e-17
2.2293e+14	9.2891e-18	3.6189e-17
2.2308e+14	1.0244e-17	3.7854e-17
2.2323e+14	9.3406e-18	4.0038e-17
2.2339e+14	8.6499e-18	3.3074e-17
2.2354e+14	9.7679e-18	3.4966e-17
2.2369e+14	9.8234e-18	4.2918e-17
2.2384e+14	8.6025e-18	3.9283e-17
2.2399e+14	8.8735e-18	3.4493e-17
2.2414e+14	9.5436e-18	3.757e-17
2.2429e+14	8.9855e-18	3.5634e-17
2.2444e+14	9.0061e-18	3.1943e-17
2.2459e+14	9.4216e-18	3.6367e-17
2.2474e+14	8.5605e-18	3.6037e-17
2.2489e+14	8.3195e-18	2.9886e-17
2.2504e+14	9.3862e-18	3.4927e-17
2.2519e+14	9.0979e-18	4.0856e-17
2.2534e+14	8.5251e-18	3.2406e-17
2.2549e+14	9.9711e-18	2.8301e-17
2.2564e+14	1.0469e-17	3.6426e-17
2.2579e+14	8.9528e-18	3.5725e-17
2.2594e+14	9.3305e-18	2.8361e-17
2.2609e+14	1.0449e-17	3.093e-17
2.2624e+14	8.4297e-18	3.3029e-17
2.2639e+14	6.8465e-18	2.8196e-17
2.2654e+14	8.9053e-18	3.0499e-17
2.2669e+14	9.8457e-18	3.4681e-17
2.2684e+14	8.1418e-18	2.8783e-17
2.2699e+14	8.3247e-18	2.6324e-17
2.2714e+14	9.6203e-18	3.1718e-17
2.2729e+14	8.6856e-18	2.9556e-17
2.2744e+14	8.1463e-18	2.5695e-17
2.2759e+14	9.4758e-18	3.1273e-17
2.2774e+14	9.1831e-18	3.2486e-17
2.2789e+14	7.6409e-18	2.6911e-17
2.2804e+14	7.9505e-18	2.9692e-17
2.2819e+14	8.597e-18	3.2481e-17
2.2834e+14	8.0925e-18	2.5854e-17
2.2849e+14	8.3199e-18	2.7146e-17
2.2864e+14	8.851e-18	3.5551e-17
2.2879e+14	8.4152e-18	3.0313e-17
2.2894e+14	8.8447e-18	2.2876e-17
2.2909e+14	9.8191e-18	2.9911e-17
2.2924e+14	8.8026e-18	3.2704e-17
2.2939e+14	7.8757e-18	2.4746e-17
2.2954e+14	9.3039e-18	2.5982e-17
2.2969e+14	9.7214e-18	3.0694e-17
2.2984e+14	7.9817e-18	2.4484e-17
2.2999e+14	7.9484e-18	2.2688e-17
2.3015e+14	9.4481e-18	2.9512e-17
2.303e+14	9.1192e-18	2.6949e-17
2.3045e+14	8.1097e-18	2.265e-17
2.306e+14	8.5033e-18	2.9334e-17
2.3075e+14	8.8488e-18	2.9371e-17
2.309e+14	8.4412e-18	2.0026e-17
2.3105e+14	8.1094e-18	2.2203e-17
2.312e+14	7.6353e-18	2.7559e-17
2.3135e+14	7.6692e-18	2.0891e-17
2.315e+14	8.74e-18	2.0184e-17
2.3165e+14	8.4219e-18	2.9412e-17
2.318e+14	6.3492e-18	2.6389e-17
2.3195e+14	6.2064e-18	1.896e-17
2.321e+14	8.0535e-18	2.5065e-17
2.3225e+14	8.3577e-18	2.7723e-17
2.324e+14	7.6107e-18	1.9911e-17
2.3255e+14	7.8789e-18	2.2162e-17
2.327e+14	7.9691e-18	2.8673e-17
2.3285e+14	7.7091e-18	2.2809e-17
2.33e+14	8.5125e-18	2.0489e-17
2.3315e+14	8.8096e-18	2.8014e-17
2.333e+14	7.5335e-18	2.4934e-17
2.3345e+14	7.1539e-18	1.738e-17
2.336e+14	7.9882e-18	2.3423e-17
2.3375e+14	8.0384e-18	2.7655e-17
2.339e+14	8.1091e-18	2.0632e-17
2.3405e+14	8.7583e-18	2.0304e-17
2.342e+14	8.2013e-18	2.4162e-17
2.3435e+14	7.5169e-18	1.8922e-17
2.345e+14	8.5e-18	1.78e-17
2.3465e+14	8.6133e-18	2.4625e-17
2.348e+14	7.237e-18	2.1679e-17
2.3495e+14	8.0167e-18	1.6377e-17
2.351e+14	9.802e-18	2.2984e-17
2.3525e+14	8.4302e-18	2.4644e-17
2.354e+14	6.4188e-18	1.6283e-17
2.3555e+14	7.4039e-18	1.822e-17
2.357e+14	8.4079e-18	2.4031e-17
2.3585e+14	7.4259e-18	1.7617e-17
2.36e+14	7.2187e-18	1.5491e-17
2.3615e+14	8.0092e-18	2.4055e-17
2.363e+14	7.9748e-18	2.2177e-17
2.3645e+14	8.0149e-18	1.4826e-17
2.366e+14	8.2861e-18	2.0208e-17
2.3676e+14	7.4633e-18	2.4282e-17
2.3691e+14	7.0429e-18	1.7963e-17
2.3706e+14	8.159e-18	1.8412e-17
2.3721e+14	8.5803e-18	2.2452e-17
2.3736e+14	7.951e-18	1.6643e-17
2.3751e+14	7.9314e-18	1.5269e-17
2.3766e+14	7.6804e-18	2.3455e-17
2.3781e+14	6.9894e-18	2.1773e-17
2.3796e+14	7.6139e-18	1.4892e-17
2.3811e+14	7.9633e-18	1.9012e-17
2.3826e+14	6.2686e-18	2.0933e-17
2.3841e+14	5.8835e-18	1.3972e-17
2.3856e+14	7.8603e-18	1.5536e-17
2.3871e+14	7.9115e-18	2.1281e-17
2.3886e+14	6.2428e-18	1.6581e-17
2.3901e+14	6.8756e-18	1.4526e-17
2.3916e+14	8.215e-18	2.0787e-17
2.3931e+14	7.51e-18	1.8466e-17
2.3946e+14	7.1628e-18	1.2978e-17
2.3961e+14	7.9136e-18	1.8515e-17
2.3976e+14	7.3198e-18	2.0813e-17
2.3991e+14	6.5302e-18	1.3792e-17
2.4006e+14	7.0812e-18	1.4699e-17
2.4021e+14	6.8015e-18	1.9158e-17
2.4036e+14	6.1217e-18	1.4205e-17
2.4051e+14	7.5956e-18	1.3574e-17
2.4066e+14	8.816e-18	2.0977e-17
2.4081e+14	7.5358e-18	1.8298e-17
2.4096e+14	7.0543e-18	1.2059e-17
2.4111e+14	8.2187e-18	1.7065e-17
2.4126e+14	7.7323e-18	1.859e-17
2.4141e+14	6.4905e-18	1.1404e-17
2.4156e+14	7.0697e-18	1.3901e-17
2.4171e+14	7.4702e-18	2.0055e-17
2.4186e+14	6.5375e-18	1.437e-17
2.4201e+14	6.4918e-18	1.154e-17
2.4216e+14	7.0047e-18	1.824e-17
2.4231e+14	6.6918e-18	1.6481e-17
2.4246e+14	7.0253e-18	1.07e-17
2.4261e+14	7.9095e-18	1.5585e-17
2.4276e+14	7.2775e-18	1.7722e-17
2.4291e+14	6.3433e-18	1.133e-17
2.4306e+14	6.7309e-18	1.3484e-17
2.4321e+14	6.9597e-18	1.8846e-17
2.4337e+14	6.9654e-18	1.3149e-17
2.4352e+14	7.8496e-18	1.0593e-17
2.4367e+14	7.7912e-18	1.7164e-17
2.4382e+14	6.3696e-18	1.5461e-17
2.4397e+14	6.3562e-18	1.0207e-17
2.4412e+14	7.0945e-18	1.5332e-17
2.4427e+14	6.3364e-18	1.7143e-17
2.4442e+14	6.2509e-18	1.0424e-17
2.4457e+14	7.6793e-18	1.2571e-17
2.4472e+14	7.3124e-18	1.813e-17
2.4487e+14	6.0083e-18	1.2652e-17
2.4502e+14	7.0135e-18	1.0084e-17
2.4517e+14	7.7834e-18	1.6394e-17
2.4532e+14	6.4004e-18	1.457e-17
2.4547e+14	6.6961e-18	9.4944e-18
2.4562e+14	8.5257e-18	1.4812e-17
2.4577e+14	7.5749e-18	1.6717e-17
2.4592e+14	5.969e-18	1.0107e-17
2.4607e+14	7.3416e-18	1.2249e-17
2.4622e+14	8.1117e-18	1.7581e-17
2.4637e+14	6.1851e-18	1.1947e-17
2.4652e+14	5.8179e-18	9.5048e-18
2.4667e+14	7.6103e-18	1.5877e-17
2.4682e+14	7.8898e-18	1.3732e-17
2.4697e+14	7.0877e-18	8.3897e-18
2.4712e+14	7.1603e-18	1.4155e-17
2.4727e+14	7.1779e-18	1.6877e-17
2.4742e+14	7.1872e-18	1.0351e-17
2.4757e+14	7.8871e-18	1.1723e-17
2.4772e+14	7.6322e-18	1.6586e-17
2.4787e+14	6.5659e-18	1.1327e-17
2.4802e+14	7.1217e-18	9.2637e-18
2.4817e+14	8.1739e-18	1.5475e-17
2.4832e+14	7.4571e-18	1.3224e-17
2.4847e+14	6.6423e-18	8.1415e-18
2.4862e+14	6.8201e-18	1.3799e-17
2.4877e+14	6.2201e-18	1.5767e-17
2.4892e+14	5.3797e-18	8.972e-18
2.4907e+14	6.0587e-18	1.1311e-17
2.4922e+14	6.9145e-18	1.6974e-17
2.4937e+14	6.7313e-18	1.0788e-17
2.4952e+14	6.5908e-18	7.3228e-18
2.4967e+14	6.6203e-18	1.3785e-17
2.4982e+14	6.5312e-18	1.2485e-17
2.4997e+14	7.025e-18	6.9236e-18
2.5013e+14	7.2686e-18	1.1727e-17
2.5028e+14	6.3374e-18	1.4381e-17
2.5043e+14	6.0767e-18	8.3454e-18
2.5058e+14	7.0377e-18	9.8975e-18
2.5073e+14	7.0857e-18	1.5288e-17
2.5088e+14	6.6418e-18	1.0842e-17
2.5103e+14	7.3377e-18	8.8197e-18
2.5118e+14	7.5831e-18	1.4963e-17
2.5133e+14	6.7617e-18	1.3187e-17
2.5148e+14	7.1323e-18	7.4424e-18
2.5163e+14	7.9898e-18	1.1334e-17
2.5178e+14	7.1351e-18	1.3372e-17
2.5193e+14	6.4016e-18	8.0661e-18
2.5208e+14	7.2669e-18	9.8571e-18
2.5223e+14	7.5324e-18	1.4132e-17
2.5238e+14	6.9475e-18	9.4486e-18
2.5253e+14	7.2195e-18	8.3932e-18
2.5268e+14	7.4014e-18	1.4152e-17
2.5283e+14	6.9691e-18	1.0847e-17
2.5298e+14	7.4352e-18	5.3354e-18
2.5313e+14	7.6764e-18	1.1049e-17
2.5328e+14	6.3211e-18	1.381e-17
2.5343e+14	5.9581e-18	8.0083e-18
2.5358e+14	7.3028e-18	9.7643e-18
2.5373e+14	7.2828e-18	1.4271e-17
2.5388e+14	6.2491e-18	9.095e-18
2.5403e+14	6.6054e-18	7.5163e-18
2.5418e+14	6.9469e-18	1.3893e-17
2.5433e+14	6.3865e-18	1.1997e-17
2.5448e+14	6.774e-18	7.2193e-18
2.5463e+14	7.1603e-18	1.2115e-17
2.5478e+14	6.2907e-18	1.3451e-17
2.5493e+14	6.7531e-18	7.4304e-18
2.5508e+14	8.208e-18	1.0192e-17
2.5523e+14	6.9644e-18	1.5184e-17
2.5538e+14	5.2292e-18	9.6061e-18
2.5553e+14	6.8514e-18	7.9e-18
2.5568e+14	8.3221e-18	1.4173e-17
2.5583e+14	6.8352e-18	1.1327e-17
2.5598e+14	6.18e-18	5.9722e-18
2.5613e+14	7.2023e-18	1.1651e-17
2.5628e+14	6.9738e-18	1.3282e-17
2.5643e+14	6.8948e-18	6.1754e-18
2.5658e+14	8.1813e-18	8.8068e-18
2.5674e+14	7.6252e-18	1.5173e-17
2.5689e+14	5.8724e-18	9.711e-18
2.5704e+14	6.7302e-18	6.6715e-18
2.5719e+14	8.1336e-18	1.3026e-17
2.5734e+14	7.241e-18	1.136e-17
2.5749e+14	6.893e-18	5.5952e-18
2.5764e+14	7.8731e-18	1.0212e-17
2.5779e+14	7.2337e-18	1.2481e-17
2.5794e+14	6.2123e-18	6.1678e-18
2.5809e+14	6.9783e-18	7.7347e-18
2.5824e+14	7.1039e-18	1.3009e-17
2.5839e+14	5.9869e-18	8.0498e-18
2.5854e+14	6.1992e-18	5.537e-18
2.5869e+14	6.6956e-18	1.1649e-17
2.5884e+14	5.91e-18	1.0327e-17
2.5899e+14	6.1627e-18	5.5441e-18
2.5914e+14	7.5298e-18	1.0628e-17
2.5929e+14	7.4261e-18	1.3053e-17
2.5944e+14	7.0202e-18	7.0387e-18
2.5959e+14	7.6201e-18	8.4053e-18
2.5974e+14	7.0875e-18	1.3068e-17
2.5989e+14	6.249e-18	8.1662e-18
2.6004e+14	7.6793e-18	6.302e-18
2.6019e+14	8.6543e-18	1.2606e-17
2.6034e+14	7.0804e-18	1.0841e-17
2.6049e+14	6.5582e-18	5.5554e-18
2.6064e+14	7.6535e-18	1.0442e-17
2.6079e+14	6.9913e-18	1.2945e-17
2.6094e+14	6.0754e-18	6.8932e-18
2.6109e+14	7.3884e-18	7.9554e-18
2.6124e+14	7.9933e-18	1.2655e-17
2.6139e+14	6.7946e-18	8.2972e-18
2.6154e+14	6.7579e-18	6.5499e-18
2.6169e+14	7.1893e-18	1.2375e-17
2.6184e+14	6.3052e-18	1.0568e-17
2.6199e+14	6.4722e-18	5.6065e-18
2.6214e+14	7.7668e-18	1.0111e-17
2.6229e+14	7.053e-18	1.1972e-17
2.6244e+14	5.9671e-18	6.187e-18
2.6259e+14	7.2429e-18	7.7821e-18
2.6274e+14	7.9991e-18	1.2129e-17
2.6289e+14	6.7437e-18	7.2055e-18
2.6304e+14	6.6541e-18	5.6972e-18
2.6319e+14	7.6197e-18	1.2077e-17
2.6335e+14	7.1392e-18	1.0509e-17
2.635e+14	6.5804e-18	5.7446e-18
2.6365e+14	6.9791e-18	1.0318e-17
2.638e+14	6.4884e-18	1.1583e-17
2.6395e+14	5.9091e-18	5.1159e-18
2.641e+14	6.9169e-18	7.1169e-18
2.6425e+14	7.4057e-18	1.2513e-17
2.644e+14	6.4588e-18	7.6319e-18
2.6455e+14	6.4192e-18	5.0076e-18
2.647e+14	7.0939e-18	1.064e-17
2.6485e+14	6.9716e-18	9.3055e-18
2.65e+14	7.2807e-18	4.9307e-18
2.6515e+14	8.0443e-18	9.8268e-18
2.653e+14	7.4115e-18	1.178e-17
2.6545e+14	6.6528e-18	5.7256e-18
2.656e+14	7.2714e-18	6.9931e-18
2.6575e+14	7.1817e-18	1.1395e-17
2.659e+14	6.0236e-18	6.5452e-18
2.6605e+14	6.1348e-18	4.4458e-18
2.662e+14	6.8031e-18	1.0096e-17
2.6635e+14	6.4521e-18	8.6698e-18
2.665e+14	6.5112e-18	4.5617e-18
2.6665e+14	7.043e-18	9.4468e-18
2.668e+14	6.3969e-18	1.0955e-17
2.6695e+14	5.9857e-18	5.0065e-18
2.671e+14	6.9355e-18	7.1522e-18
2.6725e+14	6.9535e-18	1.2087e-17
2.674e+14	6.0889e-18	7.0024e-18
2.6755e+14	6.7157e-18	4.933e-18
2.677e+14	7.5045e-18	1.127e-17
2.6785e+14	6.8112e-18	9.9002e-18
2.68e+14	6.698e-18	4.5935e-18
2.6815e+14	7.3729e-18	8.6795e-18
2.683e+14	6.8178e-18	1.1028e-17
2.6845e+14	6.4857e-18	5.9353e-18
2.686e+14	7.6774e-18	7.2868e-18
2.6875e+14	7.7202e-18	1.1179e-17
2.689e+14	6.3789e-18	6.5504e-18
2.6905e+14	6.5581e-18	5.2242e-18
2.692e+14	7.4866e-18	1.1015e-17
2.6935e+14	7.1958e-18	8.8964e-18
2.695e+14	7.0839e-18	3.9387e-18
2.6965e+14	7.3239e-18	8.5057e-18
2.698e+14	6.4003e-18	1.0519e-17
2.6995e+14	6e-18	5.1594e-18
2.7011e+14	7.1293e-18	7.0118e-18
2.7026e+14	6.9651e-18	1.1447e-17
2.7041e+14	5.7461e-18	6.7942e-18
2.7056e+14	6.6504e-18	5.1413e-18
2.7071e+14	8.1014e-18	1.066e-17
2.7086e+14	7.3662e-18	8.5914e-18
2.7101e+14	6.6679e-18	4.1755e-18
2.7116e+14	7.3667e-18	9.2591e-18
2.7131e+14	7.3188e-18	1.0989e-17
2.7146e+14	6.8964e-18	4.83e-18
2.7161e+14	7.5292e-18	6.3833e-18
2.7176e+14	7.4265e-18	1.116e-17
2.7191e+14	6.1875e-18	6.7766e-18
2.7206e+14	6.1577e-18	5.2135e-18
2.7221e+14	6.8344e-18	1.1075e-17
2.7236e+14	6.5248e-18	9.2515e-18
2.7251e+14	6.4664e-18	4.204e-18
2.7266e+14	7.1096e-18	8.2846e-18
2.7281e+14	7.0595e-18	1.004e-17
2.7296e+14	7.0062e-18	4.9411e-18
2.7311e+14	7.5023e-18	7.0668e-18
2.7326e+14	6.9236e-18	1.1317e-17
2.7341e+14	6.0208e-18	6.3472e-18
2.7356e+14	6.8002e-18	4.7709e-18
2.7371e+14	7.5116e-18	1.0637e-17
2.7386e+14	6.8181e-18	8.7637e-18
2.7401e+14	7.0646e-18	4.3075e-18
2.7416e+14	8.2377e-18	9.2319e-18
2.7431e+14	7.8312e-18	1.0838e-17
2.7446e+14	6.8315e-18	4.8458e-18
2.7461e+14	6.8636e-18	6.6612e-18
2.7476e+14	6.5706e-18	1.1002e-17
2.7491e+14	6.2217e-18	5.5436e-18
2.7506e+14	7.3099e-18	3.6181e-18
2.7521e+14	7.8416e-18	1.0236e-17
2.7536e+14	6.7299e-18	8.998e-18
2.7551e+14	6.8678e-18	3.9779e-18
2.7566e+14	8.3206e-18	8.4666e-18
2.7581e+14	8.0324e-18	1.0513e-17
2.7596e+14	6.6922e-18	4.3856e-18
2.7611e+14	6.4359e-18	5.4843e-18
2.7626e+14	6.4194e-18	1.0512e-17
2.7641e+14	6.3852e-18	6.6365e-18
2.7656e+14	6.9836e-18	4.5671e-18
2.7672e+14	6.7678e-18	9.6833e-18
2.7687e+14	5.91e-18	8.1382e-18
2.7702e+14	6.7886e-18	3.8578e-18
2.7717e+14	7.899e-18	8.3647e-18
2.7732e+14	6.8336e-18	1.0125e-17
2.7747e+14	6.2269e-18	4.4189e-18
2.7762e+14	7.4402e-18	5.773e-18
2.7777e+14	7.3024e-18	1.0299e-17
2.7792e+14	6.2073e-18	6.2882e-18
2.7807e+14	7.1063e-18	4.8486e-18
2.7822e+14	7.9582e-18	1.0256e-17
2.7837e+14	6.8799e-18	8.2692e-18
2.7852e+14	6.7135e-18	3.5778e-18
2.7867e+14	7.4859e-18	8.1046e-18
2.7882e+14	6.5955e-18	1.0072e-17
2.7897e+14	6.2049e-18	4.5436e-18
2.7912e+14	8.005e-18	5.9609e-18
2.7927e+14	8.2834e-18	1.0409e-17
2.7942e+14	6.6163e-18	6.1421e-18
2.7957e+14	6.8748e-18	4.2145e-18
2.7972e+14	8.0144e-18	9.2774e-18
2.7987e+14	7.2973e-18	7.7483e-18
2.8002e+14	7.0136e-18	3.9799e-18
2.8017e+14	8.0888e-18	8.6443e-18
2.8032e+14	7.7467e-18	9.9145e-18
2.8047e+14	6.8648e-18	4.2208e-18
2.8062e+14	7.6854e-18	6.2142e-18
2.8077e+14	8.0478e-18	1.0629e-17
2.8092e+14	6.9284e-18	5.6783e-18
2.8107e+14	6.7661e-18	4.0208e-18
2.8122e+14	7.2281e-18	1.0253e-17
2.8137e+14	6.8898e-18	8.7663e-18
2.8152e+14	7.401e-18	3.7774e-18
2.8167e+14	8.6007e-18	8.1085e-18
2.8182e+14	8.0938e-18	1.015e-17
2.8197e+14	7.2203e-18	4.3116e-18
2.8212e+14	7.6637e-18	5.355e-18
2.8227e+14	7.2873e-18	1.0067e-17
2.8242e+14	6.2763e-18	6.0966e-18
2.8257e+14	7.3183e-18	3.8236e-18
2.8272e+14	8.4994e-18	8.6568e-18
2.8287e+14	7.3566e-18	7.466e-18
2.8302e+14	6.6256e-18	3.7877e-18
2.8317e+14	7.5029e-18	8.2662e-18
2.8332e+14	7.4305e-18	9.8898e-18
2.8348e+14	7.123e-18	4.5877e-18
2.8363e+14	8.2629e-18	6.2699e-18
2.8378e+14	8.4616e-18	1.0647e-17
2.8393e+14	7.288e-18	6.3757e-18
2.8408e+14	7.804e-18	4.5794e-18
2.8423e+14	9.0561e-18	9.6225e-18
2.8438e+14	8.3206e-18	7.8205e-18
2.8453e+14	7.3083e-18	3.6051e-18
2.8468e+14	7.2595e-18	8.0598e-18
2.8483e+14	6.4713e-18	9.6488e-18
2.8498e+14	5.9842e-18	4.1732e-18
2.8513e+14	7.2435e-18	5.8724e-18
2.8528e+14	7.4921e-18	1.0334e-17
2.8543e+14	6e-18	5.961e-18
2.8558e+14	6.1292e-18	4.1496e-18
2.8573e+14	7.5943e-18	9.5026e-18
2.8588e+14	7.6065e-18	7.9148e-18
2.8603e+14	7.3783e-18	3.431e-18
2.8618e+14	8.1386e-18	7.5593e-18
2.8633e+14	7.7954e-18	9.3841e-18
2.8648e+14	6.4899e-18	4.4864e-18
2.8663e+14	6.5375e-18	6.3235e-18
2.8678e+14	7.3209e-18	1.0342e-17
2.8693e+14	7.4996e-18	5.6713e-18
2.8708e+14	7.5962e-18	4.1413e-18
2.8723e+14	7.3936e-18	9.7718e-18
2.8738e+14	6.78e-18	7.8975e-18
2.8753e+14	7.1096e-18	3.0468e-18
2.8768e+14	7.7421e-18	7.27e-18
2.8783e+14	7.1161e-18	9.1259e-18
2.8798e+14	6.8457e-18	3.765e-18
2.8813e+14	7.9112e-18	5.4053e-18
2.8828e+14	8.0252e-18	9.9073e-18
2.8843e+14	7.2497e-18	5.4513e-18
2.8858e+14	7.7724e-18	3.4352e-18
2.8873e+14	8.3725e-18	8.847e-18
2.8888e+14	7.7232e-18	7.4567e-18
2.8903e+14	7.784e-18	3.1508e-18
2.8918e+14	8.4719e-18	7.7636e-18
2.8933e+14	7.7573e-18	9.9173e-18
2.8948e+14	7.0821e-18	4.355e-18
2.8963e+14	7.7647e-18	5.5346e-18
2.8978e+14	7.645e-18	1.0185e-17
2.8993e+14	6.825e-18	6.0571e-18
2.9009e+14	7.4293e-18	3.5878e-18
2.9024e+14	7.8437e-18	8.4992e-18
2.9039e+14	6.7031e-18	7.4508e-18
2.9054e+14	6.5185e-18	3.3217e-18
2.9069e+14	7.3665e-18	7.3022e-18
2.9084e+14	6.875e-18	9.229e-18
2.9099e+14	6.4386e-18	4.1807e-18
2.9114e+14	7.416e-18	5.3514e-18
2.9129e+14	7.4215e-18	9.4876e-18
2.9144e+14	6.5879e-18	5.5812e-18
2.9159e+14	7.2201e-18	3.856e-18
2.9174e+14	7.5675e-18	8.9735e-18
2.9189e+14	6.3756e-18	7.7794e-18
2.9204e+14	6.4599e-18	3.7306e-18
2.9219e+14	7.4907e-18	7.7111e-18
2.9234e+14	6.9202e-18	9.3162e-18
2.9249e+14	7.0224e-18	4.0531e-18
2.9264e+14	8.8315e-18	5.3964e-18
2.9279e+14	8.1815e-18	9.8896e-18
2.9294e+14	5.927e-18	6.1662e-18
2.9309e+14	7.0489e-18	4.2008e-18
2.9324e+14	8.8759e-18	8.8244e-18
2.9339e+14	7.1085e-18	7.3302e-18
2.9354e+14	5.8578e-18	3.3075e-18
2.9369e+14	7.7291e-18	7.5059e-18
2.9384e+14	8.1973e-18	9.4171e-18
2.9399e+14	6.9243e-18	4.2418e-18
2.9414e+14	7.7552e-18	5.2145e-18
2.9429e+14	8.8637e-18	9.3286e-18
2.9444e+14	7.6882e-18	5.6946e-18
2.9459e+14	7.0527e-18	3.9695e-18
2.9474e+14	7.7692e-18	8.6184e-18
2.9489e+14	7.4298e-18	7.0572e-18
2.9504e+14	7.1047e-18	2.8031e-18
2.9519e+14	7.9156e-18	6.5003e-18
2.9534e+14	7.6025e-18	8.1959e-18
2.9549e+14	6.7846e-18	3.4436e-18
2.9564e+14	7.9003e-18	4.8282e-18
2.9579e+14	8.7444e-18	8.825e-18
2.9594e+14	7.5717e-18	4.9524e-18
2.9609e+14	7.2844e-18	3.3288e-18
2.9624e+14	8.2229e-18	8.4077e-18
2.9639e+14	7.7773e-18	7.4069e-18
2.9654e+14	7.0801e-18	3.4982e-18
2.967e+14	7.5628e-18	7.1045e-18
2.9685e+14	7.1729e-18	8.5719e-18
2.97e+14	6.2908e-18	3.7433e-18
2.9715e+14	7.2751e-18	5.0837e-18
2.973e+14	8.1672e-18	9.1323e-18
2.9745e+14	7.0631e-18	5.5467e-18
2.976e+14	6.6188e-18	3.9613e-18
2.9775e+14	7.5329e-18	8.5271e-18
2.979e+14	7.3961e-18	7.2076e-18
2.9805e+14	7.0249e-18	3.6148e-18
2.982e+14	7.9505e-18	7.3306e-18
2.9835e+14	8.2075e-18	8.2193e-18
2.985e+14	7.2702e-18	2.985e-18
2.9865e+14	7.1434e-18	4.642e-18
2.988e+14	7.4206e-18	9.0417e-18
2.9895e+14	7.3632e-18	5.3433e-18
2.991e+14	8.337e-18	3.6143e-18
2.9925e+14	9.2236e-18	8.2315e-18
2.994e+14	7.7637e-18	6.7417e-18
2.9955e+14	6.3003e-18	2.7719e-18
2.997e+14	7.1665e-18	6.5428e-18
2.9985e+14	7.7381e-18	7.9367e-18
3e+14	6.6999e-18	2.9153e-18
