#Error on normalization	O = 2.441 %	H = 2.069 %
#Frequence (s-1)	S_O (s)	S_H (s)
0	-9.9708e-16	4.9432e-15
1.3405e+11	3.0954e-15	4.9971e-15
2.681e+11	4.7909e-15	4.9972e-15
4.0214e+11	-6.2511e-17	5.0308e-15
5.3619e+11	2.0198e-15	5.4516e-15
6.7024e+11	7.5847e-15	5.9645e-15
8.0429e+11	5.2155e-15	6.1025e-15
9.3834e+11	4.5257e-15	6.0704e-15
1.0724e+12	9.4167e-15	6.0803e-15
1.2064e+12	6.7602e-15	6.1129e-15
1.3405e+12	3.9014e-15	6.4687e-15
1.4745e+12	1.5224e-14	7.0627e-15
1.6086e+12	2.3429e-14	7.214e-15
1.7426e+12	1.6402e-14	7.2313e-15
1.8767e+12	1.631e-14	8.0302e-15
2.0107e+12	2.8001e-14	8.8989e-15
2.1448e+12	2.9099e-14	8.5846e-15
2.2788e+12	2.3818e-14	7.9587e-15
2.4129e+12	2.9181e-14	8.4888e-15
2.5469e+12	3.2339e-14	9.4737e-15
2.681e+12	2.659e-14	9.617e-15
2.815e+12	3.277e-14	9.5069e-15
2.9491e+12	4.7855e-14	1.0118e-14
3.0831e+12	4.8005e-14	1.066e-14
3.2172e+12	4.299e-14	1.0133e-14
3.3512e+12	5.113e-14	9.5435e-15
3.4853e+12	5.5424e-14	1.0255e-14
3.6193e+12	4.5477e-14	1.1266e-14
3.7534e+12	4.3861e-14	1.0965e-14
3.8874e+12	5.7106e-14	1.038e-14
4.0214e+12	6.5323e-14	1.1089e-14
4.1555e+12	6.2687e-14	1.1768e-14
4.2895e+12	5.6093e-14	1.102e-14
4.4236e+12	4.8404e-14	1.0685e-14
4.5576e+12	4.9202e-14	1.2042e-14
4.6917e+12	6.2878e-14	1.2897e-14
4.8257e+12	7.1068e-14	1.2078e-14
4.9598e+12	6.4772e-14	1.1645e-14
5.0938e+12	6.1523e-14	1.2456e-14
5.2279e+12	6.7885e-14	1.2957e-14
5.3619e+12	7.2011e-14	1.2763e-14
5.496e+12	7.2828e-14	1.272e-14
5.63e+12	7.2575e-14	1.2763e-14
5.7641e+12	6.6e-14	1.2792e-14
5.8981e+12	6.2007e-14	1.3173e-14
6.0322e+12	7.1666e-14	1.3471e-14
6.1662e+12	7.8007e-14	1.3334e-14
6.3003e+12	6.7489e-14	1.3419e-14
6.4343e+12	5.8973e-14	1.3703e-14
6.5684e+12	6.2533e-14	1.3529e-14
6.7024e+12	6.3746e-14	1.3437e-14
6.8365e+12	6.3077e-14	1.388e-14
6.9705e+12	6.8511e-14	1.3921e-14
7.1046e+12	6.7231e-14	1.3524e-14
7.2386e+12	5.8683e-14	1.3877e-14
7.3727e+12	6.5574e-14	1.4618e-14
7.5067e+12	8.0235e-14	1.4527e-14
7.6408e+12	7.348e-14	1.4101e-14
7.7748e+12	5.8122e-14	1.4286e-14
7.9088e+12	6.2304e-14	1.4709e-14
8.0429e+12	7.0377e-14	1.4891e-14
8.1769e+12	6.343e-14	1.4977e-14
8.311e+12	6.1532e-14	1.5352e-14
8.445e+12	7.3325e-14	1.6468e-14
8.5791e+12	7.4847e-14	1.7436e-14
8.7131e+12	6.3115e-14	1.618e-14
8.8472e+12	5.997e-14	1.3521e-14
8.9812e+12	6.5681e-14	1.3147e-14
9.1153e+12	6.6411e-14	1.5178e-14
9.2493e+12	6.4238e-14	1.585e-14
9.3834e+12	6.3669e-14	1.4617e-14
9.5174e+12	6.1043e-14	1.4431e-14
9.6515e+12	5.872e-14	1.5599e-14
9.7855e+12	5.943e-14	1.6109e-14
9.9196e+12	5.6999e-14	1.5851e-14
1.0054e+13	5.2718e-14	1.562e-14
1.0188e+13	5.6423e-14	1.5144e-14
1.0322e+13	6.4595e-14	1.4567e-14
1.0456e+13	6.5472e-14	1.4675e-14
1.059e+13	6.0861e-14	1.5343e-14
1.0724e+13	6.0333e-14	1.5806e-14
1.0858e+13	6.5229e-14	1.5556e-14
1.0992e+13	7.0038e-14	1.4762e-14
1.1126e+13	6.9394e-14	1.4643e-14
1.126e+13	6.4156e-14	1.582e-14
1.1394e+13	6.3099e-14	1.6797e-14
1.1528e+13	6.8877e-14	1.6624e-14
1.1662e+13	7.0563e-14	1.6488e-14
1.1796e+13	6.3282e-14	1.6505e-14
1.193e+13	5.7318e-14	1.5645e-14
1.2064e+13	5.7847e-14	1.5294e-14
1.2198e+13	5.8492e-14	1.688e-14
1.2332e+13	5.66e-14	1.8003e-14
1.2466e+13	5.4257e-14	1.6839e-14
1.2601e+13	5.2639e-14	1.5717e-14
1.2735e+13	5.6112e-14	1.6163e-14
1.2869e+13	6.421e-14	1.6717e-14
1.3003e+13	6.363e-14	1.692e-14
1.3137e+13	5.1283e-14	1.7088e-14
1.3271e+13	4.5551e-14	1.6394e-14
1.3405e+13	5.2764e-14	1.5678e-14
1.3539e+13	5.5308e-14	1.6799e-14
1.3673e+13	4.7614e-14	1.7995e-14
1.3807e+13	4.3514e-14	1.6983e-14
1.3941e+13	4.4736e-14	1.5986e-14
1.4075e+13	4.3004e-14	1.6793e-14
1.4209e+13	4.3661e-14	1.715e-14
1.4343e+13	5.1873e-14	1.6587e-14
1.4477e+13	5.5648e-14	1.7184e-14
1.4611e+13	4.7762e-14	1.7752e-14
1.4745e+13	3.9018e-14	1.6439e-14
1.4879e+13	3.6929e-14	1.5679e-14
1.5013e+13	3.6824e-14	1.6878e-14
1.5147e+13	3.6031e-14	1.7235e-14
1.5282e+13	3.6333e-14	1.6314e-14
1.5416e+13	3.711e-14	1.6586e-14
1.555e+13	3.7199e-14	1.7189e-14
1.5684e+13	3.6143e-14	1.6434e-14
1.5818e+13	3.2753e-14	1.6501e-14
1.5952e+13	2.8863e-14	1.8105e-14
1.6086e+13	2.7795e-14	1.786e-14
1.622e+13	2.7218e-14	1.5468e-14
1.6354e+13	2.416e-14	1.4491e-14
1.6488e+13	2.2565e-14	1.5194e-14
1.6622e+13	2.4943e-14	1.5421e-14
1.6756e+13	2.646e-14	1.5751e-14
1.689e+13	2.5072e-14	1.6825e-14
1.7024e+13	2.4583e-14	1.6916e-14
1.7158e+13	2.5235e-14	1.6167e-14
1.7292e+13	2.429e-14	1.6611e-14
1.7426e+13	2.2979e-14	1.7451e-14
1.756e+13	2.2847e-14	1.6888e-14
1.7694e+13	2.2328e-14	1.619e-14
1.7828e+13	2.1743e-14	1.6602e-14
1.7962e+13	2.2236e-14	1.6687e-14
1.8097e+13	2.0829e-14	1.6011e-14
1.8231e+13	1.6263e-14	1.6153e-14
1.8365e+13	1.3752e-14	1.7024e-14
1.8499e+13	1.5764e-14	1.7117e-14
1.8633e+13	1.7191e-14	1.652e-14
1.8767e+13	1.5215e-14	1.6192e-14
1.8901e+13	1.3684e-14	1.6373e-14
1.9035e+13	1.4664e-14	1.7117e-14
1.9169e+13	1.5218e-14	1.793e-14
1.9303e+13	1.38e-14	1.7702e-14
1.9437e+13	1.2425e-14	1.6977e-14
1.9571e+13	1.2332e-14	1.7465e-14
1.9705e+13	1.2502e-14	1.8461e-14
1.9839e+13	1.2253e-14	1.7859e-14
1.9973e+13	1.2116e-14	1.619e-14
2.0107e+13	1.2168e-14	1.5406e-14
2.0241e+13	1.172e-14	1.5502e-14
2.0375e+13	1.09e-14	1.5702e-14
2.0509e+13	1.0513e-14	1.6113e-14
2.0643e+13	1.0182e-14	1.6527e-14
2.0777e+13	9.1096e-15	1.6619e-14
2.0912e+13	8.2835e-15	1.6777e-14
2.1046e+13	8.8854e-15	1.658e-14
2.118e+13	9.6893e-15	1.5384e-14
2.1314e+13	9.1436e-15	1.4973e-14
2.1448e+13	8.037e-15	1.6777e-14
2.1582e+13	7.5662e-15	1.8079e-14
2.1716e+13	7.4084e-15	1.6665e-14
2.185e+13	7.1848e-15	1.5248e-14
2.1984e+13	7.1215e-15	1.5994e-14
2.2118e+13	7.07e-15	1.6684e-14
2.2252e+13	6.9206e-15	1.6065e-14
2.2386e+13	6.9781e-15	1.5847e-14
2.252e+13	7.0655e-15	1.6082e-14
2.2654e+13	6.9063e-15	1.5624e-14
2.2788e+13	6.8202e-15	1.5617e-14
2.2922e+13	6.5682e-15	1.6614e-14
2.3056e+13	5.5325e-15	1.6441e-14
2.319e+13	4.6795e-15	1.4892e-14
2.3324e+13	5.3007e-15	1.4648e-14
2.3458e+13	6.349e-15	1.5849e-14
2.3592e+13	6.2658e-15	1.6051e-14
2.3727e+13	5.6146e-15	1.5193e-14
2.3861e+13	5.2709e-15	1.5176e-14
2.3995e+13	4.8793e-15	1.6203e-14
2.4129e+13	4.5424e-15	1.7085e-14
2.4263e+13	4.7325e-15	1.7084e-14
2.4397e+13	4.6802e-15	1.6249e-14
2.4531e+13	3.9447e-15	1.5581e-14
2.4665e+13	3.8034e-15	1.5957e-14
2.4799e+13	4.6284e-15	1.6351e-14
2.4933e+13	4.868e-15	1.5493e-14
2.5067e+13	4.1618e-15	1.4597e-14
2.5201e+13	3.9367e-15	1.5302e-14
2.5335e+13	4.3951e-15	1.64e-14
2.5469e+13	4.3871e-15	1.5775e-14
2.5603e+13	3.9366e-15	1.4018e-14
2.5737e+13	3.9287e-15	1.3367e-14
2.5871e+13	4.1675e-15	1.4149e-14
2.6005e+13	3.9773e-15	1.4699e-14
2.6139e+13	3.6242e-15	1.4538e-14
2.6273e+13	3.6162e-15	1.4926e-14
2.6408e+13	3.6835e-15	1.5688e-14
2.6542e+13	3.4824e-15	1.504e-14
2.6676e+13	3.3351e-15	1.3614e-14
2.681e+13	3.4869e-15	1.3969e-14
2.6944e+13	3.515e-15	1.5416e-14
2.7078e+13	3.1909e-15	1.5103e-14
2.7212e+13	3.0158e-15	1.3773e-14
2.7346e+13	3.2186e-15	1.4081e-14
2.748e+13	3.3073e-15	1.5162e-14
2.7614e+13	3.1393e-15	1.4827e-14
2.7748e+13	3.1146e-15	1.382e-14
2.7882e+13	3.1307e-15	1.3461e-14
2.8016e+13	2.8735e-15	1.3355e-14
2.815e+13	2.7729e-15	1.3444e-14
2.8284e+13	3.0933e-15	1.4027e-14
2.8418e+13	3.1028e-15	1.4205e-14
2.8552e+13	2.5515e-15	1.3648e-14
2.8686e+13	2.3401e-15	1.3415e-14
2.882e+13	2.6997e-15	1.3469e-14
2.8954e+13	2.7339e-15	1.2915e-14
2.9088e+13	2.2766e-15	1.2342e-14
2.9223e+13	2.1148e-15	1.2533e-14
2.9357e+13	2.3838e-15	1.2736e-14
2.9491e+13	2.5393e-15	1.2388e-14
2.9625e+13	2.4723e-15	1.209e-14
2.9759e+13	2.3978e-15	1.2324e-14
2.9893e+13	2.3189e-15	1.3043e-14
3.0027e+13	2.2426e-15	1.3673e-14
3.0161e+13	2.2634e-15	1.3297e-14
3.0295e+13	2.3093e-15	1.2329e-14
3.0429e+13	2.2442e-15	1.224e-14
3.0563e+13	2.079e-15	1.2746e-14
3.0697e+13	1.9835e-15	1.2707e-14
3.0831e+13	2.1778e-15	1.2913e-14
3.0965e+13	2.5386e-15	1.378e-14
3.1099e+13	2.5326e-15	1.3516e-14
3.1233e+13	2.0856e-15	1.2225e-14
3.1367e+13	1.8742e-15	1.2418e-14
3.1501e+13	2.1467e-15	1.3707e-14
3.1635e+13	2.2945e-15	1.3685e-14
3.1769e+13	2.0704e-15	1.3081e-14
3.1903e+13	1.9451e-15	1.3419e-14
3.2038e+13	2.0487e-15	1.3324e-14
3.2172e+13	2.0377e-15	1.2275e-14
3.2306e+13	1.9007e-15	1.2156e-14
3.244e+13	1.8734e-15	1.2665e-14
3.2574e+13	1.9235e-15	1.1883e-14
3.2708e+13	1.9268e-15	1.0796e-14
3.2842e+13	1.8859e-15	1.1091e-14
3.2976e+13	1.8242e-15	1.1598e-14
3.311e+13	1.8204e-15	1.1239e-14
3.3244e+13	1.9065e-15	1.0941e-14
3.3378e+13	1.8654e-15	1.088e-14
3.3512e+13	1.6207e-15	1.0554e-14
3.3646e+13	1.5362e-15	1.0845e-14
3.378e+13	1.7811e-15	1.2225e-14
3.3914e+13	2.003e-15	1.3318e-14
3.4048e+13	2.0252e-15	1.3312e-14
3.4182e+13	2.0505e-15	1.2823e-14
3.4316e+13	2.0546e-15	1.2222e-14
3.445e+13	1.8601e-15	1.1668e-14
3.4584e+13	1.6421e-15	1.1593e-14
3.4718e+13	1.6092e-15	1.171e-14
3.4853e+13	1.6125e-15	1.1314e-14
3.4987e+13	1.5561e-15	1.0701e-14
3.5121e+13	1.5761e-15	1.0601e-14
3.5255e+13	1.6131e-15	1.0903e-14
3.5389e+13	1.4951e-15	1.114e-14
3.5523e+13	1.3743e-15	1.1307e-14
3.5657e+13	1.4553e-15	1.1556e-14
3.5791e+13	1.5752e-15	1.1647e-14
3.5925e+13	1.5509e-15	1.1224e-14
3.6059e+13	1.5127e-15	1.0746e-14
3.6193e+13	1.55e-15	1.1179e-14
3.6327e+13	1.5392e-15	1.2135e-14
3.6461e+13	1.4943e-15	1.2143e-14
3.6595e+13	1.5525e-15	1.1359e-14
3.6729e+13	1.6116e-15	1.1225e-14
3.6863e+13	1.5295e-15	1.1536e-14
3.6997e+13	1.4974e-15	1.1244e-14
3.7131e+13	1.6593e-15	1.0878e-14
3.7265e+13	1.7189e-15	1.0993e-14
3.7399e+13	1.488e-15	1.084e-14
3.7534e+13	1.3293e-15	1.0547e-14
3.7668e+13	1.5253e-15	1.0989e-14
3.7802e+13	1.7688e-15	1.138e-14
3.7936e+13	1.7036e-15	1.0941e-14
3.807e+13	1.4361e-15	1.095e-14
3.8204e+13	1.2742e-15	1.1836e-14
3.8338e+13	1.3622e-15	1.1952e-14
3.8472e+13	1.5761e-15	1.1141e-14
3.8606e+13	1.6203e-15	1.0973e-14
3.874e+13	1.4531e-15	1.1358e-14
3.8874e+13	1.4275e-15	1.127e-14
3.9008e+13	1.6145e-15	1.1184e-14
3.9142e+13	1.5656e-15	1.1597e-14
3.9276e+13	1.2264e-15	1.1747e-14
3.941e+13	1.166e-15	1.1396e-14
3.9544e+13	1.4827e-15	1.1107e-14
3.9678e+13	1.6189e-15	1.0854e-14
3.9812e+13	1.4779e-15	1.0528e-14
3.9946e+13	1.4961e-15	1.0685e-14
4.008e+13	1.6529e-15	1.148e-14
4.0214e+13	1.5715e-15	1.2088e-14
4.0349e+13	1.3427e-15	1.1816e-14
4.0483e+13	1.3141e-15	1.1221e-14
4.0617e+13	1.4462e-15	1.1558e-14
4.0751e+13	1.4953e-15	1.2528e-14
4.0885e+13	1.4394e-15	1.2149e-14
4.1019e+13	1.4098e-15	1.0555e-14
4.1153e+13	1.4567e-15	1.0601e-14
4.1287e+13	1.4835e-15	1.2386e-14
4.1421e+13	1.3989e-15	1.2592e-14
4.1555e+13	1.3282e-15	1.112e-14
4.1689e+13	1.4206e-15	1.1227e-14
4.1823e+13	1.4954e-15	1.2592e-14
4.1957e+13	1.3499e-15	1.2333e-14
4.2091e+13	1.2222e-15	1.1317e-14
4.2225e+13	1.3687e-15	1.1749e-14
4.2359e+13	1.5484e-15	1.2228e-14
4.2493e+13	1.4818e-15	1.1354e-14
4.2627e+13	1.324e-15	1.0884e-14
4.2761e+13	1.289e-15	1.1599e-14
4.2895e+13	1.3488e-15	1.1989e-14
4.3029e+13	1.4623e-15	1.1934e-14
4.3164e+13	1.5888e-15	1.225e-14
4.3298e+13	1.5613e-15	1.2154e-14
4.3432e+13	1.3663e-15	1.1231e-14
4.3566e+13	1.2877e-15	1.0886e-14
4.37e+13	1.4538e-15	1.1683e-14
4.3834e+13	1.5804e-15	1.2527e-14
4.3968e+13	1.4335e-15	1.2681e-14
4.4102e+13	1.232e-15	1.2084e-14
4.4236e+13	1.2842e-15	1.1022e-14
4.437e+13	1.4566e-15	1.0596e-14
4.4504e+13	1.4196e-15	1.1342e-14
4.4638e+13	1.272e-15	1.1932e-14
4.4772e+13	1.3401e-15	1.1477e-14
4.4906e+13	1.4893e-15	1.1231e-14
4.504e+13	1.3703e-15	1.2003e-14
4.5174e+13	1.152e-15	1.2486e-14
4.5308e+13	1.2022e-15	1.1777e-14
4.5442e+13	1.3923e-15	1.0959e-14
4.5576e+13	1.4526e-15	1.1005e-14
4.571e+13	1.4552e-15	1.1351e-14
4.5845e+13	1.4277e-15	1.1402e-14
4.5979e+13	1.2512e-15	1.1561e-14
4.6113e+13	1.1234e-15	1.1959e-14
4.6247e+13	1.2572e-15	1.1922e-14
4.6381e+13	1.3535e-15	1.1423e-14
4.6515e+13	1.2083e-15	1.1295e-14
4.6649e+13	1.1817e-15	1.1514e-14
4.6783e+13	1.3752e-15	1.133e-14
4.6917e+13	1.3527e-15	1.1006e-14
4.7051e+13	1.1074e-15	1.1168e-14
4.7185e+13	1.1109e-15	1.1218e-14
4.7319e+13	1.3049e-15	1.0601e-14
4.7453e+13	1.2702e-15	1.0112e-14
4.7587e+13	1.1451e-15	1.0357e-14
4.7721e+13	1.2482e-15	1.085e-14
4.7855e+13	1.3393e-15	1.1167e-14
4.7989e+13	1.1822e-15	1.1143e-14
4.8123e+13	1.0832e-15	1.0639e-14
4.8257e+13	1.2089e-15	1.0263e-14
4.8391e+13	1.2418e-15	1.06e-14
4.8525e+13	1.1037e-15	1.0883e-14
4.866e+13	1.1071e-15	1.0539e-14
4.8794e+13	1.2409e-15	1.0362e-14
4.8928e+13	1.1926e-15	1.0372e-14
4.9062e+13	1.024e-15	9.6415e-15
4.9196e+13	1.0146e-15	8.9281e-15
4.933e+13	1.0657e-15	9.5208e-15
4.9464e+13	9.6616e-16	1.0301e-14
4.9598e+13	8.7624e-16	9.8748e-15
4.9732e+13	9.65e-16	9.2527e-15
4.9866e+13	1.0481e-15	9.3528e-15
5e+13	1.0109e-15	9.3259e-15
5.0134e+13	1.0317e-15	9.0161e-15
5.0268e+13	1.1329e-15	9.2435e-15
5.0402e+13	1.1023e-15	9.5422e-15
5.0536e+13	9.5086e-16	9.0059e-15
5.067e+13	9.0081e-16	8.2606e-15
5.0804e+13	9.8287e-16	8.219e-15
5.0938e+13	1.0617e-15	8.51e-15
5.1072e+13	1.0762e-15	8.3611e-15
5.1206e+13	1.0203e-15	7.7617e-15
5.134e+13	9.2734e-16	7.4363e-15
5.1475e+13	8.9686e-16	7.8783e-15
5.1609e+13	9.2251e-16	8.3538e-15
5.1743e+13	8.8147e-16	7.9478e-15
5.1877e+13	8.1334e-16	7.3418e-15
5.2011e+13	8.5553e-16	7.4396e-15
5.2145e+13	9.157e-16	7.4047e-15
5.2279e+13	8.4139e-16	6.6192e-15
5.2413e+13	7.5439e-16	6.2805e-15
5.2547e+13	7.9627e-16	6.841e-15
5.2681e+13	8.3432e-16	7.0655e-15
5.2815e+13	7.6638e-16	6.7241e-15
5.2949e+13	7.4492e-16	6.6353e-15
5.3083e+13	8.4841e-16	6.4902e-15
5.3217e+13	9.0784e-16	5.9497e-15
5.3351e+13	8.1873e-16	5.9658e-15
5.3485e+13	7.092e-16	6.5926e-15
5.3619e+13	7.0476e-16	6.4894e-15
5.3753e+13	7.5199e-16	5.7634e-15
5.3887e+13	7.4942e-16	5.8344e-15
5.4021e+13	7.1383e-16	6.4905e-15
5.4155e+13	7.1895e-16	6.3817e-15
5.429e+13	7.4541e-16	5.6623e-15
5.4424e+13	7.3099e-16	5.4867e-15
5.4558e+13	7.1612e-16	5.8804e-15
5.4692e+13	7.6542e-16	5.9483e-15
5.4826e+13	8.1203e-16	5.4459e-15
5.496e+13	7.7009e-16	4.9825e-15
5.5094e+13	7.0523e-16	4.9367e-15
5.5228e+13	7.0821e-16	5.0207e-15
5.5362e+13	7.1703e-16	5.053e-15
5.5496e+13	6.4045e-16	5.2308e-15
5.563e+13	5.5317e-16	5.3691e-15
5.5764e+13	5.8985e-16	5.0864e-15
5.5898e+13	6.9861e-16	4.7632e-15
5.6032e+13	7.0093e-16	4.8988e-15
5.6166e+13	6.0349e-16	5.0907e-15
5.63e+13	5.9286e-16	4.9742e-15
5.6434e+13	6.7464e-16	4.898e-15
5.6568e+13	6.6665e-16	4.8499e-15
5.6702e+13	5.9377e-16	4.5075e-15
5.6836e+13	6.4226e-16	4.3079e-15
5.6971e+13	7.3576e-16	4.5512e-15
5.7105e+13	6.7312e-16	4.5053e-15
5.7239e+13	5.6348e-16	3.9683e-15
5.7373e+13	5.9808e-16	3.801e-15
5.7507e+13	6.5315e-16	4.0826e-15
5.7641e+13	5.8528e-16	4.0849e-15
5.7775e+13	5.3084e-16	3.9548e-15
5.7909e+13	5.7206e-16	4.1498e-15
5.8043e+13	5.7102e-16	4.2032e-15
5.8177e+13	5.0572e-16	3.8244e-15
5.8311e+13	5.0295e-16	3.677e-15
5.8445e+13	5.4179e-16	4.0017e-15
5.8579e+13	5.265e-16	4.1367e-15
5.8713e+13	5.0874e-16	3.8309e-15
5.8847e+13	5.4574e-16	3.6225e-15
5.8981e+13	5.5867e-16	3.804e-15
5.9115e+13	5.0526e-16	3.9714e-15
5.9249e+13	4.6986e-16	3.7812e-15
5.9383e+13	5.0534e-16	3.6024e-15
5.9517e+13	5.5948e-16	3.8471e-15
5.9651e+13	5.7682e-16	4.0689e-15
5.9786e+13	5.6155e-16	3.7618e-15
5.992e+13	5.3405e-16	3.4341e-15
6.0054e+13	5.0023e-16	3.5731e-15
6.0188e+13	4.844e-16	3.6728e-15
6.0322e+13	5.1438e-16	3.5018e-15
6.0456e+13	5.45e-16	3.6089e-15
6.059e+13	5.1608e-16	3.8787e-15
6.0724e+13	4.8585e-16	3.7081e-15
6.0858e+13	5.2611e-16	3.458e-15
6.0992e+13	5.6074e-16	3.6367e-15
6.1126e+13	5.2538e-16	3.7548e-15
6.126e+13	5.0141e-16	3.5822e-15
6.1394e+13	5.0342e-16	3.6453e-15
6.1528e+13	4.4468e-16	3.7776e-15
6.1662e+13	3.9542e-16	3.4372e-15
6.1796e+13	4.7074e-16	3.1365e-15
6.193e+13	5.4344e-16	3.4309e-15
6.2064e+13	4.8925e-16	3.6868e-15
6.2198e+13	4.4991e-16	3.4209e-15
6.2332e+13	5.1169e-16	3.1837e-15
6.2466e+13	5.3986e-16	3.3025e-15
6.2601e+13	5.0628e-16	3.4104e-15
6.2735e+13	5.055e-16	3.3505e-15
6.2869e+13	4.9679e-16	3.3206e-15
6.3003e+13	4.5132e-16	3.3744e-15
6.3137e+13	4.8171e-16	3.3835e-15
6.3271e+13	5.5828e-16	3.2542e-15
6.3405e+13	5.2273e-16	3.1176e-15
6.3539e+13	4.3595e-16	3.1956e-15
6.3673e+13	4.5072e-16	3.3294e-15
6.3807e+13	5.0059e-16	3.2361e-15
6.3941e+13	4.8967e-16	3.1744e-15
6.4075e+13	4.8065e-16	3.3776e-15
6.4209e+13	5.001e-16	3.4067e-15
6.4343e+13	5.0113e-16	3.1063e-15
6.4477e+13	4.9645e-16	3.0218e-15
6.4611e+13	4.7409e-16	3.1931e-15
6.4745e+13	3.9342e-16	3.1415e-15
6.4879e+13	3.4585e-16	3.0232e-15
6.5013e+13	4.1303e-16	3.1487e-15
6.5147e+13	4.8313e-16	3.1868e-15
6.5282e+13	4.7692e-16	3.0456e-15
6.5416e+13	4.71e-16	3.0901e-15
6.555e+13	4.721e-16	3.1254e-15
6.5684e+13	4.3421e-16	2.857e-15
6.5818e+13	4.2864e-16	2.7495e-15
6.5952e+13	4.7652e-16	2.9905e-15
6.6086e+13	4.6918e-16	3.0084e-15
6.622e+13	4.2277e-16	2.7734e-15
6.6354e+13	4.4022e-16	2.8022e-15
6.6488e+13	4.5997e-16	2.9937e-15
6.6622e+13	4.1627e-16	3.0468e-15
6.6756e+13	4.1173e-16	3.1296e-15
6.689e+13	4.6888e-16	3.2007e-15
6.7024e+13	4.7625e-16	3.0069e-15
6.7158e+13	4.5458e-16	2.7971e-15
6.7292e+13	4.8391e-16	2.7881e-15
6.7426e+13	4.9516e-16	2.7383e-15
6.756e+13	4.4993e-16	2.7453e-15
6.7694e+13	4.5097e-16	3.077e-15
6.7828e+13	5.0711e-16	3.2995e-15
6.7962e+13	5.1332e-16	3.0511e-15
6.8097e+13	4.6148e-16	2.8242e-15
6.8231e+13	4.0709e-16	2.888e-15
6.8365e+13	3.6666e-16	2.8204e-15
6.8499e+13	3.7184e-16	2.5744e-15
6.8633e+13	4.2335e-16	2.532e-15
6.8767e+13	4.3529e-16	2.6531e-15
6.8901e+13	3.9857e-16	2.7046e-15
6.9035e+13	4.1059e-16	2.75e-15
6.9169e+13	4.6272e-16	2.866e-15
6.9303e+13	4.621e-16	3.0012e-15
6.9437e+13	4.2891e-16	3.0786e-15
6.9571e+13	4.2551e-16	2.9449e-15
6.9705e+13	4.2368e-16	2.6533e-15
6.9839e+13	3.9998e-16	2.5737e-15
6.9973e+13	3.8669e-16	2.7421e-15
7.0107e+13	3.904e-16	2.8072e-15
7.0241e+13	4.0589e-16	2.7748e-15
7.0375e+13	4.3811e-16	2.8246e-15
7.0509e+13	4.4725e-16	2.7539e-15
7.0643e+13	4.081e-16	2.5289e-15
7.0777e+13	3.8603e-16	2.5461e-15
7.0912e+13	4.208e-16	2.8022e-15
7.1046e+13	4.5286e-16	2.8825e-15
7.118e+13	4.4089e-16	2.7726e-15
7.1314e+13	4.0691e-16	2.7107e-15
7.1448e+13	3.7463e-16	2.7103e-15
7.1582e+13	3.7652e-16	2.7755e-15
7.1716e+13	4.3077e-16	2.8994e-15
7.185e+13	4.7305e-16	2.9056e-15
7.1984e+13	4.4822e-16	2.8338e-15
7.2118e+13	4.1955e-16	2.8913e-15
7.2252e+13	4.463e-16	2.9293e-15
7.2386e+13	4.6872e-16	2.8158e-15
7.252e+13	4.2927e-16	2.8264e-15
7.2654e+13	3.8041e-16	2.9688e-15
7.2788e+13	3.9462e-16	2.9239e-15
7.2922e+13	4.516e-16	2.8413e-15
7.3056e+13	4.6968e-16	2.9677e-15
7.319e+13	4.3688e-16	3.0139e-15
7.3324e+13	4.3585e-16	2.9231e-15
7.3458e+13	4.7937e-16	3.0794e-15
7.3592e+13	4.6438e-16	3.2878e-15
7.3727e+13	3.9342e-16	3.1153e-15
7.3861e+13	4.0498e-16	2.9204e-15
7.3995e+13	4.8592e-16	3.0227e-15
7.4129e+13	4.7593e-16	2.9652e-15
7.4263e+13	3.9411e-16	2.7044e-15
7.4397e+13	3.905e-16	2.8556e-15
7.4531e+13	4.3405e-16	3.2864e-15
7.4665e+13	4.1053e-16	3.2889e-15
7.4799e+13	3.712e-16	2.9683e-15
7.4933e+13	3.9246e-16	2.9074e-15
7.5067e+13	4.1524e-16	3.0863e-15
7.5201e+13	4.0463e-16	3.156e-15
7.5335e+13	4.2278e-16	3.035e-15
7.5469e+13	4.755e-16	2.8383e-15
7.5603e+13	4.9522e-16	2.7524e-15
7.5737e+13	4.6143e-16	2.8799e-15
7.5871e+13	4.0982e-16	3.0552e-15
7.6005e+13	3.7817e-16	3.108e-15
7.6139e+13	3.8691e-16	3.0855e-15
7.6273e+13	4.2228e-16	3.0406e-15
7.6408e+13	4.4857e-16	3.0171e-15
7.6542e+13	4.4979e-16	3.0905e-15
7.6676e+13	4.3956e-16	3.1271e-15
7.681e+13	4.5013e-16	3.0224e-15
7.6944e+13	4.9394e-16	3.0563e-15
7.7078e+13	5.1694e-16	3.2682e-15
7.7212e+13	4.7758e-16	3.1741e-15
7.7346e+13	4.4552e-16	2.8074e-15
7.748e+13	4.7081e-16	2.8161e-15
7.7614e+13	4.6829e-16	3.1483e-15
7.7748e+13	4.075e-16	3.1712e-15
7.7882e+13	4.0355e-16	2.9735e-15
7.8016e+13	4.7585e-16	3.0478e-15
7.815e+13	5.0567e-16	3.2753e-15
7.8284e+13	4.8158e-16	3.3511e-15
7.8418e+13	4.7603e-16	3.3363e-15
7.8552e+13	4.5978e-16	3.2878e-15
7.8686e+13	4.0913e-16	3.2389e-15
7.882e+13	4.0056e-16	3.3685e-15
7.8954e+13	4.3814e-16	3.5501e-15
7.9088e+13	4.4698e-16	3.4263e-15
7.9223e+13	4.4879e-16	3.1459e-15
7.9357e+13	4.8735e-16	3.1094e-15
7.9491e+13	5.0874e-16	3.2263e-15
7.9625e+13	4.9476e-16	3.2407e-15
7.9759e+13	4.9889e-16	3.2261e-15
7.9893e+13	5.0083e-16	3.2701e-15
8.0027e+13	4.6056e-16	3.3247e-15
8.0161e+13	4.3184e-16	3.4079e-15
8.0295e+13	4.4445e-16	3.4336e-15
8.0429e+13	4.5221e-16	3.2261e-15
8.0563e+13	4.6469e-16	2.9919e-15
8.0697e+13	5.1833e-16	3.1424e-15
8.0831e+13	5.6215e-16	3.5619e-15
8.0965e+13	5.4396e-16	3.7274e-15
8.1099e+13	4.9787e-16	3.5396e-15
8.1233e+13	4.7545e-16	3.4469e-15
8.1367e+13	5.0058e-16	3.6842e-15
8.1501e+13	5.4611e-16	3.886e-15
8.1635e+13	5.242e-16	3.7367e-15
8.1769e+13	4.3781e-16	3.5489e-15
8.1903e+13	4.3493e-16	3.657e-15
8.2038e+13	5.3642e-16	3.7685e-15
8.2172e+13	5.6771e-16	3.6042e-15
8.2306e+13	5.0537e-16	3.4922e-15
8.244e+13	5.1269e-16	3.6797e-15
8.2574e+13	5.7626e-16	3.8732e-15
8.2708e+13	5.4427e-16	3.8563e-15
8.2842e+13	4.6737e-16	3.75e-15
8.2976e+13	4.8272e-16	3.658e-15
8.311e+13	5.2353e-16	3.6572e-15
8.3244e+13	4.8673e-16	3.7899e-15
8.3378e+13	4.5547e-16	3.8733e-15
8.3512e+13	5.0752e-16	3.8236e-15
8.3646e+13	5.512e-16	3.8432e-15
8.378e+13	5.1844e-16	3.9151e-15
8.3914e+13	5.0023e-16	3.898e-15
8.4048e+13	5.6421e-16	4.0454e-15
8.4182e+13	6.147e-16	4.404e-15
8.4316e+13	5.6731e-16	4.3899e-15
8.445e+13	5.1593e-16	3.921e-15
8.4584e+13	5.5646e-16	3.7302e-15
8.4718e+13	5.9775e-16	4.0177e-15
8.4853e+13	5.5369e-16	4.296e-15
8.4987e+13	5.2647e-16	4.4449e-15
8.5121e+13	5.8655e-16	4.5373e-15
8.5255e+13	6.2418e-16	4.3936e-15
8.5389e+13	5.8339e-16	4.1471e-15
8.5523e+13	5.5303e-16	4.0967e-15
8.5657e+13	5.6429e-16	4.045e-15
8.5791e+13	5.7685e-16	3.9272e-15
8.5925e+13	5.9913e-16	4.1071e-15
8.6059e+13	6.1799e-16	4.3473e-15
8.6193e+13	5.8675e-16	4.1527e-15
8.6327e+13	5.5746e-16	4.0269e-15
8.6461e+13	5.9545e-16	4.4743e-15
8.6595e+13	6.3779e-16	4.8023e-15
8.6729e+13	6.3332e-16	4.5735e-15
8.6863e+13	6.291e-16	4.4575e-15
8.6997e+13	6.3294e-16	4.6634e-15
8.7131e+13	6.25e-16	4.6236e-15
8.7265e+13	6.3509e-16	4.3578e-15
8.7399e+13	6.4199e-16	4.315e-15
8.7534e+13	6.1113e-16	4.4805e-15
8.7668e+13	6.2596e-16	4.6903e-15
8.7802e+13	6.8986e-16	4.8178e-15
8.7936e+13	6.3942e-16	4.6558e-15
8.807e+13	5.1809e-16	4.5088e-15
8.8204e+13	5.6397e-16	4.8588e-15
8.8338e+13	7.0402e-16	5.1715e-15
8.8472e+13	6.8512e-16	4.8053e-15
8.8606e+13	6.0509e-16	4.4644e-15
8.874e+13	6.6037e-16	4.7717e-15
8.8874e+13	7.0892e-16	4.979e-15
8.9008e+13	6.2696e-16	4.737e-15
8.9142e+13	5.8334e-16	4.8606e-15
8.9276e+13	6.464e-16	5.3999e-15
8.941e+13	6.8378e-16	5.4677e-15
8.9544e+13	6.7902e-16	5.0914e-15
8.9678e+13	6.7845e-16	5.0102e-15
8.9812e+13	6.5049e-16	5.227e-15
8.9946e+13	6.3879e-16	5.3142e-15
9.008e+13	6.8659e-16	5.2309e-15
9.0214e+13	6.7751e-16	5.1173e-15
9.0349e+13	6.0998e-16	5.0956e-15
9.0483e+13	6.5566e-16	5.2349e-15
9.0617e+13	7.4588e-16	5.3645e-15
9.0751e+13	6.8969e-16	5.4141e-15
9.0885e+13	6.3309e-16	5.6391e-15
9.1019e+13	7.4198e-16	5.9351e-15
9.1153e+13	8.0308e-16	5.8306e-15
9.1287e+13	7.1097e-16	5.5011e-15
9.1421e+13	7.1938e-16	5.5518e-15
9.1555e+13	8.5196e-16	5.8734e-15
9.1689e+13	8.3904e-16	5.9566e-15
9.1823e+13	7.197e-16	5.8431e-15
9.1957e+13	7.3294e-16	5.7863e-15
9.2091e+13	7.9535e-16	5.7302e-15
9.2225e+13	7.3079e-16	5.6887e-15
9.2359e+13	6.5486e-16	5.853e-15
9.2493e+13	6.9856e-16	6.1339e-15
9.2627e+13	7.6863e-16	6.2427e-15
9.2761e+13	7.7973e-16	6.176e-15
9.2895e+13	7.6562e-16	6.1634e-15
9.3029e+13	7.5561e-16	6.2192e-15
9.3164e+13	7.6214e-16	6.1526e-15
9.3298e+13	7.9138e-16	6.0592e-15
9.3432e+13	8.1006e-16	6.2407e-15
9.3566e+13	8.122e-16	6.4656e-15
9.37e+13	8.3512e-16	6.2449e-15
9.3834e+13	8.602e-16	5.9764e-15
9.3968e+13	8.5883e-16	6.3771e-15
9.4102e+13	8.8569e-16	6.9234e-15
9.4236e+13	9.4901e-16	6.7478e-15
9.437e+13	9.3534e-16	6.4172e-15
9.4504e+13	8.229e-16	6.7282e-15
9.4638e+13	7.6699e-16	7.0666e-15
9.4772e+13	8.3682e-16	6.8668e-15
9.4906e+13	8.8156e-16	6.7806e-15
9.504e+13	8.0135e-16	7.0925e-15
9.5174e+13	7.5422e-16	7.2163e-15
9.5308e+13	8.9295e-16	7.1539e-15
9.5442e+13	1.0593e-15	7.2823e-15
9.5576e+13	1.0212e-15	7.2875e-15
9.571e+13	8.6935e-16	6.9797e-15
9.5845e+13	8.3879e-16	6.8282e-15
9.5979e+13	9.0959e-16	6.9038e-15
9.6113e+13	9.3486e-16	6.9379e-15
9.6247e+13	9.2227e-16	7.1347e-15
9.6381e+13	9.0354e-16	7.4902e-15
9.6515e+13	8.4452e-16	7.5788e-15
9.6649e+13	8.172e-16	7.6914e-15
9.6783e+13	8.9112e-16	8.1925e-15
9.6917e+13	9.3403e-16	8.1776e-15
9.7051e+13	8.7529e-16	7.125e-15
9.7185e+13	8.6716e-16	6.4095e-15
9.7319e+13	9.3365e-16	6.9665e-15
9.7453e+13	9.2851e-16	7.6853e-15
9.7587e+13	8.984e-16	7.6881e-15
9.7721e+13	9.4562e-16	7.581e-15
9.7855e+13	9.2834e-16	7.728e-15
9.7989e+13	8.0567e-16	7.7894e-15
9.8123e+13	8.309e-16	7.8293e-15
9.8257e+13	1.0216e-15	7.9928e-15
9.8391e+13	1.0627e-15	7.9669e-15
9.8525e+13	9.1848e-16	7.7718e-15
9.866e+13	8.5802e-16	7.7602e-15
9.8794e+13	9.107e-16	7.729e-15
9.8928e+13	9.1533e-16	7.3974e-15
9.9062e+13	8.9603e-16	7.1332e-15
9.9196e+13	9.3167e-16	7.2419e-15
9.933e+13	9.6153e-16	7.6208e-15
9.9464e+13	9.6233e-16	8.2812e-15
9.9598e+13	1.0014e-15	8.9126e-15
9.9732e+13	1.0643e-15	8.7265e-15
9.9866e+13	1.071e-15	7.9749e-15
1e+14	1.004e-15	7.9198e-15
1.0013e+14	9.1593e-16	8.4586e-15
1.0027e+14	8.8991e-16	8.3104e-15
1.004e+14	9.5547e-16	7.7663e-15
1.0054e+14	1.0224e-15	8.1166e-15
1.0067e+14	1.0189e-15	8.8372e-15
1.008e+14	1.0039e-15	8.6655e-15
1.0094e+14	1.0171e-15	8.1875e-15
1.0107e+14	1.0127e-15	8.3036e-15
1.0121e+14	1.0007e-15	8.2672e-15
1.0134e+14	1.012e-15	7.7063e-15
1.0147e+14	1.0062e-15	7.7303e-15
1.0161e+14	1.0039e-15	8.4312e-15
1.0174e+14	1.0705e-15	8.5352e-15
1.0188e+14	1.1095e-15	8.0439e-15
1.0201e+14	1.0379e-15	8.0044e-15
1.0214e+14	1.0305e-15	8.3157e-15
1.0228e+14	1.1755e-15	8.5025e-15
1.0241e+14	1.2307e-15	8.9438e-15
1.0255e+14	1.0886e-15	9.4639e-15
1.0268e+14	9.8028e-16	9.1856e-15
1.0282e+14	1.0009e-15	8.509e-15
1.0295e+14	1.0077e-15	8.454e-15
1.0308e+14	9.9772e-16	8.5574e-15
1.0322e+14	1.0414e-15	8.1053e-15
1.0335e+14	1.0495e-15	7.9013e-15
1.0349e+14	1.0037e-15	8.5997e-15
1.0362e+14	1.0328e-15	9.3196e-15
1.0375e+14	1.0905e-15	9.2588e-15
1.0389e+14	1.0502e-15	8.6968e-15
1.0402e+14	1.0199e-15	8.1091e-15
1.0416e+14	1.0815e-15	7.8302e-15
1.0429e+14	1.0656e-15	8.0166e-15
1.0442e+14	9.5001e-16	8.2056e-15
1.0456e+14	9.4398e-16	7.9958e-15
1.0469e+14	1.013e-15	7.8973e-15
1.0483e+14	9.6191e-16	8.2367e-15
1.0496e+14	8.9486e-16	8.3541e-15
1.0509e+14	9.5425e-16	7.9798e-15
1.0523e+14	9.6499e-16	7.7764e-15
1.0536e+14	8.742e-16	7.9377e-15
1.055e+14	9.4491e-16	8.0327e-15
1.0563e+14	1.1474e-15	8.1633e-15
1.0576e+14	1.1243e-15	8.5638e-15
1.059e+14	9.1522e-16	8.6647e-15
1.0603e+14	8.8152e-16	8.0426e-15
1.0617e+14	9.8274e-16	7.4124e-15
1.063e+14	9.3984e-16	7.4581e-15
1.0643e+14	8.4185e-16	7.6551e-15
1.0657e+14	8.8675e-16	7.3307e-15
1.067e+14	9.3846e-16	6.9148e-15
1.0684e+14	8.665e-16	6.984e-15
1.0697e+14	8.3018e-16	7.044e-15
1.071e+14	9.0628e-16	6.6418e-15
1.0724e+14	9.3128e-16	6.555e-15
1.0737e+14	8.4386e-16	7.2539e-15
1.0751e+14	7.7401e-16	7.6491e-15
1.0764e+14	8.0683e-16	7.0665e-15
1.0777e+14	9.0838e-16	6.5343e-15
1.0791e+14	9.8144e-16	6.6703e-15
1.0804e+14	9.3397e-16	6.7078e-15
1.0818e+14	8.1314e-16	6.4361e-15
1.0831e+14	7.5476e-16	6.4206e-15
1.0845e+14	7.4662e-16	6.4139e-15
1.0858e+14	7.0524e-16	6.0933e-15
1.0871e+14	7.1971e-16	6.1241e-15
1.0885e+14	8.6389e-16	6.5426e-15
1.0898e+14	9.5413e-16	6.3902e-15
1.0912e+14	8.4765e-16	5.9023e-15
1.0925e+14	6.9932e-16	6.0676e-15
1.0938e+14	6.6469e-16	6.3417e-15
1.0952e+14	6.9133e-16	5.9188e-15
1.0965e+14	7.1855e-16	5.6205e-15
1.0979e+14	7.4505e-16	5.8948e-15
1.0992e+14	7.3251e-16	5.7265e-15
1.1005e+14	6.9177e-16	5.1412e-15
1.1019e+14	6.9832e-16	5.2717e-15
1.1032e+14	7.1787e-16	5.6583e-15
1.1046e+14	6.7228e-16	5.2208e-15
1.1059e+14	6.3128e-16	4.8048e-15
1.1072e+14	6.6811e-16	5.3194e-15
1.1086e+14	6.9604e-16	5.607e-15
1.1099e+14	6.5602e-16	4.9175e-15
1.1113e+14	6.1797e-16	4.4834e-15
1.1126e+14	5.9921e-16	4.8164e-15
1.1139e+14	5.5134e-16	4.7663e-15
1.1153e+14	5.1389e-16	4.1318e-15
1.1166e+14	5.5106e-16	3.9935e-15
1.118e+14	6.1673e-16	4.3938e-15
1.1193e+14	6.2362e-16	4.4523e-15
1.1206e+14	5.5923e-16	4.2298e-15
1.122e+14	4.9481e-16	4.3093e-15
1.1233e+14	5.1344e-16	4.4551e-15
1.1247e+14	5.8958e-16	4.2502e-15
1.126e+14	6.0192e-16	3.993e-15
1.1273e+14	5.3051e-16	3.9757e-15
1.1287e+14	4.7716e-16	3.9391e-15
1.13e+14	4.6376e-16	3.7388e-15
1.1314e+14	4.4341e-16	3.5773e-15
1.1327e+14	4.4832e-16	3.478e-15
1.134e+14	4.906e-16	3.3368e-15
1.1354e+14	4.9091e-16	3.2669e-15
1.1367e+14	4.5896e-16	3.3073e-15
1.1381e+14	4.7235e-16	3.2843e-15
1.1394e+14	4.7477e-16	3.2517e-15
1.1408e+14	4.1622e-16	3.3536e-15
1.1421e+14	4.1279e-16	3.3101e-15
1.1434e+14	4.792e-16	2.9088e-15
1.1448e+14	4.5635e-16	2.6323e-15
1.1461e+14	3.7414e-16	2.8829e-15
1.1475e+14	4.1111e-16	3.2202e-15
1.1488e+14	4.9732e-16	3.1726e-15
1.1501e+14	4.6316e-16	2.9907e-15
1.1515e+14	3.907e-16	2.9862e-15
1.1528e+14	3.8901e-16	2.9888e-15
1.1542e+14	3.7897e-16	2.8482e-15
1.1555e+14	3.5859e-16	2.7233e-15
1.1568e+14	4.1736e-16	2.7026e-15
1.1582e+14	4.5326e-16	2.6815e-15
1.1595e+14	3.6102e-16	2.6176e-15
1.1609e+14	3.048e-16	2.5777e-15
1.1622e+14	3.8355e-16	2.5802e-15
1.1635e+14	4.1076e-16	2.5549e-15
1.1649e+14	3.1868e-16	2.4557e-15
1.1662e+14	2.8892e-16	2.3333e-15
1.1676e+14	3.5249e-16	2.2388e-15
1.1689e+14	3.6297e-16	2.1561e-15
1.1702e+14	3.2862e-16	2.1188e-15
1.1716e+14	3.3939e-16	2.1929e-15
1.1729e+14	3.4031e-16	2.2925e-15
1.1743e+14	2.9023e-16	2.2916e-15
1.1756e+14	2.8512e-16	2.231e-15
1.1769e+14	3.4522e-16	2.1451e-15
1.1783e+14	3.6468e-16	1.987e-15
1.1796e+14	3.2953e-16	1.8863e-15
1.181e+14	3.2228e-16	1.9779e-15
1.1823e+14	3.3896e-16	2.0431e-15
1.1836e+14	3.1678e-16	1.9049e-15
1.185e+14	2.7335e-16	1.8099e-15
1.1863e+14	2.6138e-16	1.8898e-15
1.1877e+14	2.6637e-16	1.8927e-15
1.189e+14	2.5564e-16	1.7677e-15
1.1903e+14	2.4999e-16	1.7254e-15
1.1917e+14	2.7056e-16	1.7284e-15
1.193e+14	2.8618e-16	1.6691e-15
1.1944e+14	2.7438e-16	1.6886e-15
1.1957e+14	2.667e-16	1.7869e-15
1.1971e+14	2.85e-16	1.7374e-15
1.1984e+14	3.0181e-16	1.5876e-15
1.1997e+14	2.9472e-16	1.5531e-15
1.2011e+14	2.7435e-16	1.5715e-15
1.2024e+14	2.5609e-16	1.5166e-15
1.2038e+14	2.5224e-16	1.4453e-15
1.2051e+14	2.5788e-16	1.376e-15
1.2064e+14	2.376e-16	1.3029e-15
1.2078e+14	1.9577e-16	1.3245e-15
1.2091e+14	2.0304e-16	1.4023e-15
1.2105e+14	2.6144e-16	1.3878e-15
1.2118e+14	2.7237e-16	1.3517e-15
1.2131e+14	2.2207e-16	1.3757e-15
1.2145e+14	2.0623e-16	1.3159e-15
1.2158e+14	2.3257e-16	1.1948e-15
1.2172e+14	2.3074e-16	1.2283e-15
1.2185e+14	2.199e-16	1.3074e-15
1.2198e+14	2.3698e-16	1.2076e-15
1.2212e+14	2.2637e-16	1.1123e-15
1.2225e+14	1.8171e-16	1.2116e-15
1.2239e+14	1.8841e-16	1.28e-15
1.2252e+14	2.3204e-16	1.1602e-15
1.2265e+14	2.2217e-16	1.0295e-15
1.2279e+14	1.9063e-16	9.9669e-16
1.2292e+14	2.0659e-16	1.0117e-15
1.2306e+14	2.1634e-16	1.0539e-15
1.2319e+14	1.819e-16	1.0569e-15
1.2332e+14	1.7983e-16	9.6862e-16
1.2346e+14	2.2772e-16	9.2755e-16
1.2359e+14	2.4221e-16	1.0219e-15
1.2373e+14	2.1002e-16	1.1028e-15
1.2386e+14	1.9091e-16	1.0774e-15
1.2399e+14	1.9266e-16	1.0216e-15
1.2413e+14	1.9352e-16	9.756e-16
1.2426e+14	1.9994e-16	9.5154e-16
1.244e+14	2.1009e-16	9.6695e-16
1.2453e+14	2.1008e-16	9.422e-16
1.2466e+14	2.0155e-16	8.5438e-16
1.248e+14	1.8276e-16	8.4321e-16
1.2493e+14	1.5901e-16	9.0385e-16
1.2507e+14	1.6182e-16	8.6681e-16
1.252e+14	1.8919e-16	7.8335e-16
1.2534e+14	1.9689e-16	8.1556e-16
1.2547e+14	1.8685e-16	8.6662e-16
1.256e+14	1.9315e-16	8.0076e-16
1.2574e+14	1.9821e-16	7.2163e-16
1.2587e+14	1.8147e-16	7.2711e-16
1.2601e+14	1.7586e-16	7.6541e-16
1.2614e+14	1.8832e-16	7.9669e-16
1.2627e+14	1.8181e-16	7.9793e-16
1.2641e+14	1.6438e-16	7.5097e-16
1.2654e+14	1.6671e-16	7.2603e-16
1.2668e+14	1.6774e-16	7.4849e-16
1.2681e+14	1.5072e-16	7.2746e-16
1.2694e+14	1.4755e-16	6.7885e-16
1.2708e+14	1.6577e-16	6.9233e-16
1.2721e+14	1.7336e-16	7.0544e-16
1.2735e+14	1.6321e-16	6.7153e-16
1.2748e+14	1.524e-16	6.8348e-16
1.2761e+14	1.5284e-16	7.0952e-16
1.2775e+14	1.7126e-16	6.5598e-16
1.2788e+14	1.8734e-16	6.3627e-16
1.2802e+14	1.6792e-16	6.9348e-16
1.2815e+14	1.3725e-16	6.4013e-16
1.2828e+14	1.4314e-16	5.1489e-16
1.2842e+14	1.6158e-16	5.5374e-16
1.2855e+14	1.4994e-16	6.5148e-16
1.2869e+14	1.3383e-16	5.9132e-16
1.2882e+14	1.3971e-16	5.2188e-16
1.2895e+14	1.4461e-16	5.7438e-16
1.2909e+14	1.4382e-16	5.7957e-16
1.2922e+14	1.5003e-16	5.1885e-16
1.2936e+14	1.457e-16	5.5175e-16
1.2949e+14	1.3326e-16	5.9934e-16
1.2962e+14	1.4257e-16	5.4066e-16
1.2976e+14	1.4845e-16	5.0098e-16
1.2989e+14	1.2006e-16	5.3672e-16
1.3003e+14	1.1346e-16	5.3e-16
1.3016e+14	1.6005e-16	4.9452e-16
1.3029e+14	1.7866e-16	5.0962e-16
1.3043e+14	1.3286e-16	5.2531e-16
1.3056e+14	1.0502e-16	5.1665e-16
1.307e+14	1.3066e-16	5.1916e-16
1.3083e+14	1.4818e-16	5.0383e-16
1.3097e+14	1.3554e-16	4.8384e-16
1.311e+14	1.2952e-16	5.0864e-16
1.3123e+14	1.3933e-16	4.9486e-16
1.3137e+14	1.5251e-16	4.1262e-16
1.315e+14	1.6531e-16	4.1108e-16
1.3164e+14	1.6576e-16	4.7725e-16
1.3177e+14	1.5026e-16	4.4289e-16
1.319e+14	1.377e-16	3.8272e-16
1.3204e+14	1.313e-16	4.328e-16
1.3217e+14	1.2391e-16	4.6361e-16
1.3231e+14	1.3053e-16	4.1175e-16
1.3244e+14	1.4878e-16	4.2423e-16
1.3257e+14	1.4476e-16	4.647e-16
1.3271e+14	1.2595e-16	4.0751e-16
1.3284e+14	1.3634e-16	3.7751e-16
1.3298e+14	1.6694e-16	4.4287e-16
1.3311e+14	1.7384e-16	4.3297e-16
1.3324e+14	1.5913e-16	3.6086e-16
1.3338e+14	1.4585e-16	3.9266e-16
1.3351e+14	1.3027e-16	4.4131e-16
1.3365e+14	1.1571e-16	3.8883e-16
1.3378e+14	1.2044e-16	3.547e-16
1.3391e+14	1.328e-16	3.7557e-16
1.3405e+14	1.2918e-16	3.5094e-16
1.3418e+14	1.2007e-16	3.3697e-16
1.3432e+14	1.2077e-16	3.8532e-16
1.3445e+14	1.1866e-16	3.8118e-16
1.3458e+14	1.1201e-16	3.3428e-16
1.3472e+14	1.2379e-16	3.5062e-16
1.3485e+14	1.4797e-16	3.525e-16
1.3499e+14	1.4728e-16	2.9899e-16
1.3512e+14	1.231e-16	3.2287e-16
1.3525e+14	1.1493e-16	3.7761e-16
1.3539e+14	1.2232e-16	3.1393e-16
1.3552e+14	1.1257e-16	2.5836e-16
1.3566e+14	9.8991e-17	3.3418e-16
1.3579e+14	1.1111e-16	3.7381e-16
1.3592e+14	1.1873e-16	3.135e-16
1.3606e+14	9.5587e-17	3.0431e-16
1.3619e+14	8.9812e-17	3.287e-16
1.3633e+14	1.2487e-16	2.9241e-16
1.3646e+14	1.4278e-16	2.8298e-16
1.366e+14	1.2595e-16	3.2541e-16
1.3673e+14	1.2418e-16	3.1173e-16
1.3686e+14	1.3083e-16	2.8521e-16
1.37e+14	1.0583e-16	3.1881e-16
1.3713e+14	8.4791e-17	3.1435e-16
1.3727e+14	1.009e-16	2.6162e-16
1.374e+14	1.0587e-16	2.7664e-16
1.3753e+14	8.7876e-17	3.0745e-16
1.3767e+14	1.021e-16	2.6916e-16
1.378e+14	1.3402e-16	2.5686e-16
1.3794e+14	1.2389e-16	2.8944e-16
1.3807e+14	9.7221e-17	2.6284e-16
1.382e+14	9.966e-17	2.3487e-16
1.3834e+14	1.0475e-16	2.8504e-16
1.3847e+14	9.8678e-17	2.9958e-16
1.3861e+14	1.0913e-16	2.4784e-16
1.3874e+14	1.1978e-16	2.5555e-16
1.3887e+14	1.0576e-16	2.9101e-16
1.3901e+14	1.0192e-16	2.5611e-16
1.3914e+14	1.2464e-16	2.3365e-16
1.3928e+14	1.3483e-16	2.6995e-16
1.3941e+14	1.2312e-16	2.6504e-16
1.3954e+14	1.1285e-16	2.3141e-16
1.3968e+14	1.0789e-16	2.4843e-16
1.3981e+14	1.1603e-16	2.5909e-16
1.3995e+14	1.3855e-16	2.3271e-16
1.4008e+14	1.3507e-16	2.4135e-16
1.4021e+14	1.0213e-16	2.5627e-16
1.4035e+14	9.7453e-17	2.1897e-16
1.4048e+14	1.159e-16	2.0377e-16
1.4062e+14	1.0512e-16	2.379e-16
1.4075e+14	9.9564e-17	2.3747e-16
1.4088e+14	1.3874e-16	2.1531e-16
1.4102e+14	1.5343e-16	2.3002e-16
1.4115e+14	1.1474e-16	2.354e-16
1.4129e+14	1.065e-16	2.149e-16
1.4142e+14	1.3832e-16	2.2064e-16
1.4155e+14	1.3293e-16	2.2373e-16
1.4169e+14	1.0803e-16	1.952e-16
1.4182e+14	1.1913e-16	1.984e-16
1.4196e+14	1.204e-16	2.2777e-16
1.4209e+14	8.6106e-17	2.1645e-16
1.4223e+14	8.6164e-17	2.0222e-16
1.4236e+14	1.227e-16	2.2115e-16
1.4249e+14	1.1847e-16	2.1554e-16
1.4263e+14	8.6842e-17	1.9642e-16
1.4276e+14	9.3935e-17	2.1495e-16
1.429e+14	1.1791e-16	2.1489e-16
1.4303e+14	1.1569e-16	1.7969e-16
1.4316e+14	1.1144e-16	1.9404e-16
1.433e+14	1.2107e-16	2.266e-16
1.4343e+14	1.1868e-16	1.9343e-16
1.4357e+14	1.0595e-16	1.6897e-16
1.437e+14	1.0784e-16	2.0785e-16
1.4383e+14	1.1978e-16	2.1443e-16
1.4397e+14	1.2587e-16	1.7852e-16
1.441e+14	1.3007e-16	1.8271e-16
1.4424e+14	1.3711e-16	1.9447e-16
1.4437e+14	1.3407e-16	1.7768e-16
1.445e+14	1.0951e-16	1.9279e-16
1.4464e+14	8.3024e-17	2.1458e-16
1.4477e+14	8.8479e-17	1.796e-16
1.4491e+14	1.184e-16	1.6279e-16
1.4504e+14	1.3505e-16	1.9951e-16
1.4517e+14	1.3895e-16	1.9396e-16
1.4531e+14	1.4887e-16	1.631e-16
1.4544e+14	1.4465e-16	1.9228e-16
1.4558e+14	1.2034e-16	2.1075e-16
1.4571e+14	1.1647e-16	1.6917e-16
1.4584e+14	1.299e-16	1.68e-16
1.4598e+14	1.1629e-16	2.0388e-16
1.4611e+14	9.8774e-17	1.8187e-16
1.4625e+14	1.1981e-16	1.5858e-16
1.4638e+14	1.3947e-16	1.9455e-16
1.4651e+14	1.2465e-16	2.0148e-16
1.4665e+14	1.1482e-16	1.6829e-16
1.4678e+14	1.1429e-16	1.7794e-16
1.4692e+14	9.3588e-17	1.9103e-16
1.4705e+14	9.1775e-17	1.6169e-16
1.4718e+14	1.3159e-16	1.6192e-16
1.4732e+14	1.3931e-16	1.8573e-16
1.4745e+14	9.7618e-17	1.629e-16
1.4759e+14	8.7817e-17	1.5091e-16
1.4772e+14	1.0881e-16	1.8734e-16
1.4786e+14	9.1613e-17	1.8158e-16
1.4799e+14	6.9656e-17	1.4213e-16
1.4812e+14	9.9542e-17	1.5691e-16
1.4826e+14	1.2243e-16	1.7361e-16
1.4839e+14	9.1348e-17	1.4349e-16
1.4853e+14	7.1648e-17	1.4822e-16
1.4866e+14	1.0148e-16	1.8056e-16
1.4879e+14	1.2606e-16	1.5745e-16
1.4893e+14	1.1132e-16	1.3648e-16
1.4906e+14	8.5666e-17	1.7041e-16
1.492e+14	7.8188e-17	1.7342e-16
1.4933e+14	8.872e-17	1.4306e-16
1.4946e+14	9.6308e-17	1.6219e-16
1.496e+14	9.0306e-17	1.8181e-16
1.4973e+14	9.1451e-17	1.4911e-16
1.4987e+14	1.0503e-16	1.4317e-16
1.5e+14	1.0229e-16	1.7116e-16
1.5013e+14	9.1255e-17	1.5936e-16
1.5027e+14	1.0752e-16	1.4911e-16
1.504e+14	1.2518e-16	1.7857e-16
1.5054e+14	1.0522e-16	1.7115e-16
1.5067e+14	8.5542e-17	1.3259e-16
1.508e+14	1.0076e-16	1.4122e-16
1.5094e+14	1.1486e-16	1.5561e-16
1.5107e+14	1.1111e-16	1.351e-16
1.5121e+14	1.1338e-16	1.4206e-16
1.5134e+14	1.1129e-16	1.6062e-16
1.5147e+14	9.3779e-17	1.3305e-16
1.5161e+14	9.2392e-17	1.2672e-16
1.5174e+14	1.0828e-16	1.6669e-16
1.5188e+14	1.096e-16	1.5657e-16
1.5201e+14	1.0911e-16	1.194e-16
1.5214e+14	1.2187e-16	1.4654e-16
1.5228e+14	1.1776e-16	1.6836e-16
1.5241e+14	1.0222e-16	1.2877e-16
1.5255e+14	1.1325e-16	1.2288e-16
1.5268e+14	1.2337e-16	1.5471e-16
1.5282e+14	9.857e-17	1.3743e-16
1.5295e+14	8.9061e-17	1.1883e-16
1.5308e+14	1.2593e-16	1.4791e-16
1.5322e+14	1.5148e-16	1.4641e-16
1.5335e+14	1.3154e-16	1.2117e-16
1.5349e+14	9.7917e-17	1.4775e-16
1.5362e+14	7.6654e-17	1.6173e-16
1.5375e+14	8.2898e-17	1.1715e-16
1.5389e+14	1.1935e-16	1.1372e-16
1.5402e+14	1.366e-16	1.517e-16
1.5416e+14	1.0193e-16	1.3267e-16
1.5429e+14	6.9901e-17	1.047e-16
1.5442e+14	8.0155e-17	1.3479e-16
1.5456e+14	9.1526e-17	1.4705e-16
1.5469e+14	8.18e-17	1.2527e-16
1.5483e+14	7.6533e-17	1.3804e-16
1.5496e+14	7.8493e-17	1.4161e-16
1.5509e+14	8.5103e-17	9.9134e-17
1.5523e+14	1.0793e-16	9.9694e-17
1.5536e+14	1.1868e-16	1.416e-16
1.555e+14	9.1238e-17	1.3049e-16
1.5563e+14	7.3187e-17	1.0777e-16
1.5576e+14	9.2282e-17	1.3634e-16
1.559e+14	9.4508e-17	1.4545e-16
1.5603e+14	6.6551e-17	1.1846e-16
1.5617e+14	6.6037e-17	1.2585e-16
1.563e+14	9.6113e-17	1.3848e-16
1.5643e+14	1.0998e-16	1.1767e-16
1.5657e+14	1.0735e-16	1.2497e-16
1.567e+14	1.0337e-16	1.5168e-16
1.5684e+14	8.7793e-17	1.2958e-16
1.5697e+14	7.3943e-17	1.0918e-16
1.571e+14	8.2017e-17	1.3403e-16
1.5724e+14	8.8512e-17	1.3211e-16
1.5737e+14	8.1902e-17	1.0795e-16
1.5751e+14	9.232e-17	1.31e-16
1.5764e+14	1.1678e-16	1.4631e-16
1.5777e+14	1.1895e-16	1.0815e-16
1.5791e+14	1.0261e-16	1.011e-16
1.5804e+14	9.3189e-17	1.3426e-16
1.5818e+14	9.0272e-17	1.2801e-16
1.5831e+14	9.0645e-17	1.1263e-16
1.5845e+14	9.5841e-17	1.3347e-16
1.5858e+14	9.4755e-17	1.3268e-16
1.5871e+14	8.8373e-17	1.1068e-16
1.5885e+14	9.0112e-17	1.2574e-16
1.5898e+14	8.9979e-17	1.3691e-16
1.5912e+14	8.1164e-17	1.1467e-16
1.5925e+14	8.5995e-17	1.2142e-16
1.5938e+14	1.0143e-16	1.4053e-16
1.5952e+14	9.6027e-17	1.149e-16
1.5965e+14	8.185e-17	1.0549e-16
1.5979e+14	9.1487e-17	1.3916e-16
1.5992e+14	1.0612e-16	1.3122e-16
1.6005e+14	9.8442e-17	1.0006e-16
1.6019e+14	8.8901e-17	1.2344e-16
1.6032e+14	9.6929e-17	1.3777e-16
1.6046e+14	1.0806e-16	9.8704e-17
1.6059e+14	1.096e-16	9.7585e-17
1.6072e+14	9.9869e-17	1.3349e-16
1.6086e+14	8.2996e-17	1.1869e-16
1.6099e+14	8.0694e-17	9.6463e-17
1.6113e+14	1.0257e-16	1.2131e-16
1.6126e+14	1.1682e-16	1.2579e-16
1.6139e+14	9.8786e-17	1.0542e-16
1.6153e+14	6.8746e-17	1.245e-16
1.6166e+14	5.6006e-17	1.3882e-16
1.618e+14	7.2543e-17	1.1047e-16
1.6193e+14	1.0933e-16	1.0887e-16
1.6206e+14	1.2717e-16	1.302e-16
1.622e+14	1.0162e-16	1.1377e-16
1.6233e+14	7.499e-17	1.0824e-16
1.6247e+14	8.9542e-17	1.3955e-16
1.626e+14	1.1163e-16	1.2989e-16
1.6273e+14	1.005e-16	9.7453e-17
1.6287e+14	8.0025e-17	1.1718e-16
1.63e+14	8.0815e-17	1.3203e-16
1.6314e+14	9.0803e-17	1.0313e-16
1.6327e+14	9.3904e-17	1.0981e-16
1.634e+14	9.3409e-17	1.3856e-16
1.6354e+14	9.6164e-17	1.1426e-16
1.6367e+14	1.0338e-16	9.7268e-17
1.6381e+14	1.0399e-16	1.2987e-16
1.6394e+14	9.067e-17	1.2695e-16
1.6408e+14	8.745e-17	9.67e-17
1.6421e+14	1.1014e-16	1.1805e-16
1.6434e+14	1.2249e-16	1.33e-16
1.6448e+14	1.0304e-16	9.7286e-17
1.6461e+14	9.3243e-17	9.9026e-17
1.6475e+14	1.1175e-16	1.3147e-16
1.6488e+14	1.1745e-16	1.078e-16
1.6501e+14	9.9022e-17	8.4757e-17
1.6515e+14	8.8953e-17	1.1774e-16
1.6528e+14	8.8647e-17	1.1952e-16
1.6542e+14	8.2124e-17	8.5618e-17
1.6555e+14	8.1604e-17	1.0511e-16
1.6568e+14	8.9629e-17	1.3215e-16
1.6582e+14	8.7331e-17	1.0477e-16
1.6595e+14	8.2737e-17	9.8286e-17
1.6609e+14	9.2436e-17	1.2566e-16
1.6622e+14	1.0011e-16	1.1008e-16
1.6635e+14	9.4956e-17	9.0102e-17
1.6649e+14	9.4234e-17	1.1744e-16
1.6662e+14	1.0029e-16	1.2159e-16
1.6676e+14	1.0145e-16	9.6563e-17
1.6689e+14	1.0472e-16	1.1729e-16
1.6702e+14	1.1746e-16	1.4099e-16
1.6716e+14	1.3362e-16	1.128e-16
1.6729e+14	1.4996e-16	1.0322e-16
1.6743e+14	1.5201e-16	1.2612e-16
1.6756e+14	1.2034e-16	1.1349e-16
1.6769e+14	8.2123e-17	1.002e-16
1.6783e+14	8.2169e-17	1.273e-16
1.6796e+14	1.0222e-16	1.238e-16
1.681e+14	9.8662e-17	8.8541e-17
1.6823e+14	8.1612e-17	1.0132e-16
1.6836e+14	7.687e-17	1.263e-16
1.685e+14	7.9975e-17	1.0628e-16
1.6863e+14	9.1121e-17	9.8122e-17
1.6877e+14	1.104e-16	1.1435e-16
1.689e+14	1.0952e-16	1.0028e-16
1.6903e+14	8.6891e-17	9.271e-17
1.6917e+14	8.487e-17	1.2333e-16
1.693e+14	1.0158e-16	1.2232e-16
1.6944e+14	9.3093e-17	9.3013e-17
1.6957e+14	7.1128e-17	1.0751e-16
1.6971e+14	7.4993e-17	1.2551e-16
1.6984e+14	8.5259e-17	1.0084e-16
1.6997e+14	7.8054e-17	9.729e-17
1.7011e+14	8.54e-17	1.192e-16
1.7024e+14	1.1912e-16	1.0591e-16
1.7038e+14	1.353e-16	9.8561e-17
1.7051e+14	1.1567e-16	1.3067e-16
1.7064e+14	8.9896e-17	1.2765e-16
1.7078e+14	8.0248e-17	9.2134e-17
1.7091e+14	9.0711e-17	1.0119e-16
1.7105e+14	1.1201e-16	1.164e-16
1.7118e+14	1.1293e-16	9.1176e-17
1.7131e+14	8.4557e-17	9.2486e-17
1.7145e+14	7.0498e-17	1.2293e-16
1.7158e+14	9.3411e-17	1.0915e-16
1.7172e+14	1.1331e-16	8.8991e-17
1.7185e+14	1.0677e-16	1.1437e-16
1.7198e+14	1.0244e-16	1.2128e-16
1.7212e+14	1.1124e-16	9.6349e-17
1.7225e+14	1.096e-16	1.0664e-16
1.7239e+14	9.7292e-17	1.2599e-16
1.7252e+14	9.7711e-17	1.0707e-16
1.7265e+14	1.1141e-16	9.9241e-17
1.7279e+14	1.1638e-16	1.1388e-16
1.7292e+14	9.9562e-17	1.0288e-16
1.7306e+14	7.2627e-17	9.3678e-17
1.7319e+14	6.3524e-17	1.1235e-16
1.7332e+14	7.9818e-17	1.0821e-16
1.7346e+14	9.2181e-17	9.0463e-17
1.7359e+14	8.558e-17	1.0791e-16
1.7373e+14	8.9696e-17	1.1619e-16
1.7386e+14	1.1758e-16	9.2977e-17
1.7399e+14	1.3288e-16	1.0474e-16
1.7413e+14	1.1693e-16	1.3423e-16
1.7426e+14	9.8778e-17	1.1395e-16
1.744e+14	9.5e-17	9.4884e-17
1.7453e+14	9.0373e-17	1.194e-16
1.7466e+14	8.2329e-17	1.1974e-16
1.748e+14	8.2962e-17	9.6098e-17
1.7493e+14	8.8864e-17	1.1168e-16
1.7507e+14	8.9463e-17	1.25e-16
1.752e+14	8.4405e-17	9.9051e-17
1.7534e+14	7.9063e-17	1.0034e-16
1.7547e+14	8.2061e-17	1.2778e-16
1.756e+14	9.4807e-17	1.1528e-16
1.7574e+14	9.8385e-17	9.8136e-17
1.7587e+14	8.4015e-17	1.1486e-16
1.7601e+14	7.8383e-17	1.1177e-16
1.7614e+14	9.4898e-17	9.6192e-17
1.7627e+14	1.0454e-16	1.2103e-16
1.7641e+14	9.6544e-17	1.3498e-16
1.7654e+14	9.9157e-17	1.0358e-16
1.7668e+14	1.125e-16	9.8879e-17
1.7681e+14	1.051e-16	1.2173e-16
1.7694e+14	8.4126e-17	1.0898e-16
1.7708e+14	8.3893e-17	9.7802e-17
1.7721e+14	1.0093e-16	1.2041e-16
1.7735e+14	1.102e-16	1.144e-16
1.7748e+14	1.0874e-16	8.7755e-17
1.7761e+14	1.0058e-16	1.0249e-16
1.7775e+14	8.853e-17	1.156e-16
1.7788e+14	8.9295e-17	9.368e-17
1.7802e+14	1.0501e-16	9.9841e-17
1.7815e+14	1.0789e-16	1.231e-16
1.7828e+14	9.7503e-17	1.0179e-16
1.7842e+14	1.1082e-16	8.8037e-17
1.7855e+14	1.4116e-16	1.1966e-16
1.7869e+14	1.3429e-16	1.2259e-16
1.7882e+14	9.1817e-17	9.7077e-17
1.7895e+14	8.0491e-17	1.1184e-16
1.7909e+14	1.1632e-16	1.2868e-16
1.7922e+14	1.3742e-16	1.0889e-16
1.7936e+14	1.1408e-16	1.1217e-16
1.7949e+14	9.2758e-17	1.3155e-16
1.7962e+14	1.0452e-16	1.1016e-16
1.7976e+14	1.1738e-16	1.0012e-16
1.7989e+14	1.1003e-16	1.3268e-16
1.8003e+14	1.0811e-16	1.2736e-16
1.8016e+14	1.1808e-16	9.1619e-17
1.8029e+14	1.1145e-16	1.0717e-16
1.8043e+14	9.3627e-17	1.3068e-16
1.8056e+14	9.7025e-17	1.0952e-16
1.807e+14	1.0831e-16	1.0985e-16
1.8083e+14	9.7989e-17	1.3632e-16
1.8097e+14	8.9645e-17	1.1837e-16
1.811e+14	1.0641e-16	9.5989e-17
1.8123e+14	1.1311e-16	1.2096e-16
1.8137e+14	9.1618e-17	1.2829e-16
1.815e+14	8.1813e-17	1.0416e-16
1.8164e+14	9.5132e-17	1.1391e-16
1.8177e+14	9.653e-17	1.2915e-16
1.819e+14	8.7271e-17	1.058e-16
1.8204e+14	9.3665e-17	1.0081e-16
1.8217e+14	9.844e-17	1.2459e-16
1.8231e+14	8.2227e-17	1.1815e-16
1.8244e+14	7.4611e-17	1.0767e-16
1.8257e+14	9.1548e-17	1.2959e-16
1.8271e+14	1.0057e-16	1.3097e-16
1.8284e+14	8.673e-17	1.0899e-16
1.8298e+14	7.2918e-17	1.1923e-16
1.8311e+14	7.0031e-17	1.3055e-16
1.8324e+14	7.1855e-17	1.0916e-16
1.8338e+14	7.9371e-17	1.1018e-16
1.8351e+14	9.1987e-17	1.3491e-16
1.8365e+14	1.0397e-16	1.2649e-16
1.8378e+14	1.1414e-16	1.1216e-16
1.8391e+14	1.1486e-16	1.2332e-16
1.8405e+14	9.716e-17	1.1618e-16
1.8418e+14	7.7601e-17	1.0155e-16
1.8432e+14	7.7951e-17	1.2262e-16
1.8445e+14	8.7492e-17	1.2804e-16
1.8458e+14	8.6574e-17	9.4149e-17
1.8472e+14	8.0308e-17	9.6796e-17
1.8485e+14	8.197e-17	1.3009e-16
1.8499e+14	9.586e-17	1.2098e-16
1.8512e+14	1.1694e-16	1.0465e-16
1.8525e+14	1.2388e-16	1.2397e-16
1.8539e+14	1.042e-16	1.2269e-16
1.8552e+14	8.8443e-17	1.0032e-16
1.8566e+14	1.0274e-16	1.1557e-16
1.8579e+14	1.1666e-16	1.3171e-16
1.8592e+14	1.0488e-16	1.1121e-16
1.8606e+14	9.5113e-17	1.1239e-16
1.8619e+14	9.7897e-17	1.3552e-16
1.8633e+14	8.8003e-17	1.2101e-16
1.8646e+14	8.1555e-17	1.0468e-16
1.866e+14	1.0689e-16	1.2541e-16
1.8673e+14	1.1998e-16	1.2554e-16
1.8686e+14	8.6596e-17	1.0183e-16
1.87e+14	7.2735e-17	1.1481e-16
1.8713e+14	1.1633e-16	1.3521e-16
1.8727e+14	1.3584e-16	1.2298e-16
1.874e+14	8.8584e-17	1.2594e-16
1.8753e+14	5.7965e-17	1.4661e-16
1.8767e+14	8.9437e-17	1.3309e-16
1.878e+14	1.1523e-16	1.1471e-16
1.8794e+14	9.9006e-17	1.2659e-16
1.8807e+14	8.8528e-17	1.2574e-16
1.882e+14	1.0475e-16	1.1277e-16
1.8834e+14	1.1589e-16	1.2814e-16
1.8847e+14	1.1139e-16	1.3628e-16
1.8861e+14	1.081e-16	1.1451e-16
1.8874e+14	1.09e-16	1.1401e-16
1.8887e+14	1.035e-16	1.2646e-16
1.8901e+14	8.7819e-17	1.0906e-16
1.8914e+14	7.7472e-17	1.0483e-16
1.8928e+14	9.4406e-17	1.3215e-16
1.8941e+14	1.2181e-16	1.2739e-16
1.8954e+14	1.1604e-16	1.0337e-16
1.8968e+14	9.1321e-17	1.1885e-16
1.8981e+14	1.0476e-16	1.3283e-16
1.8995e+14	1.4081e-16	1.1618e-16
1.9008e+14	1.3315e-16	1.2561e-16
1.9021e+14	9.2665e-17	1.455e-16
1.9035e+14	7.9516e-17	1.1846e-16
1.9048e+14	9.1357e-17	9.9429e-17
1.9062e+14	9.7319e-17	1.2969e-16
1.9075e+14	1.0417e-16	1.3639e-16
1.9088e+14	1.1069e-16	1.0811e-16
1.9102e+14	9.873e-17	1.1016e-16
1.9115e+14	9.1539e-17	1.2228e-16
1.9129e+14	1.1308e-16	1.0806e-16
1.9142e+14	1.2529e-16	1.0843e-16
1.9155e+14	9.9905e-17	1.2148e-16
1.9169e+14	7.5609e-17	1.0671e-16
1.9182e+14	8.1521e-17	1.0127e-16
1.9196e+14	9.555e-17	1.2587e-16
1.9209e+14	9.9891e-17	1.2429e-16
1.9223e+14	9.9651e-17	1.0599e-16
1.9236e+14	9.9436e-17	1.2124e-16
1.9249e+14	1.0142e-16	1.3085e-16
1.9263e+14	9.9042e-17	1.1197e-16
1.9276e+14	8.4972e-17	1.2043e-16
1.929e+14	8.3431e-17	1.4063e-16
1.9303e+14	1.1445e-16	1.2122e-16
1.9316e+14	1.3963e-16	1.1334e-16
1.933e+14	1.2775e-16	1.4266e-16
1.9343e+14	1.1274e-16	1.362e-16
1.9357e+14	1.1036e-16	1.0359e-16
1.937e+14	8.9056e-17	1.1777e-16
1.9383e+14	6.4159e-17	1.3881e-16
1.9397e+14	7.833e-17	1.1792e-16
1.941e+14	1.0316e-16	1.1181e-16
1.9424e+14	9.8463e-17	1.3301e-16
1.9437e+14	9.1243e-17	1.2862e-16
1.945e+14	9.5998e-17	1.19e-16
1.9464e+14	8.5095e-17	1.3167e-16
1.9477e+14	7.5525e-17	1.278e-16
1.9491e+14	9.79e-17	1.1677e-16
1.9504e+14	1.1543e-16	1.3445e-16
1.9517e+14	1.0115e-16	1.3701e-16
1.9531e+14	9.5168e-17	1.1167e-16
1.9544e+14	1.0894e-16	1.221e-16
1.9558e+14	1.0819e-16	1.486e-16
1.9571e+14	9.8867e-17	1.3066e-16
1.9584e+14	1.0022e-16	1.1493e-16
1.9598e+14	9.2187e-17	1.3342e-16
1.9611e+14	7.7999e-17	1.2749e-16
1.9625e+14	9.1626e-17	1.1037e-16
1.9638e+14	1.1683e-16	1.3618e-16
1.9651e+14	1.1796e-16	1.4978e-16
1.9665e+14	1.1243e-16	1.1838e-16
1.9678e+14	1.1682e-16	1.1811e-16
1.9692e+14	1.0781e-16	1.463e-16
1.9705e+14	8.7825e-17	1.3033e-16
1.9718e+14	8.8338e-17	1.0971e-16
1.9732e+14	1.0572e-16	1.3443e-16
1.9745e+14	1.1225e-16	1.4476e-16
1.9759e+14	9.9274e-17	1.2568e-16
1.9772e+14	7.8571e-17	1.3117e-16
1.9786e+14	7.6515e-17	1.3722e-16
1.9799e+14	1.0299e-16	1.1533e-16
1.9812e+14	1.1858e-16	1.179e-16
1.9826e+14	9.7632e-17	1.4085e-16
1.9839e+14	8.1839e-17	1.2832e-16
1.9853e+14	9.6017e-17	1.1529e-16
1.9866e+14	1.0414e-16	1.3684e-16
1.9879e+14	9.7461e-17	1.391e-16
1.9893e+14	1.0232e-16	1.2181e-16
1.9906e+14	1.0812e-16	1.3728e-16
1.992e+14	1.0519e-16	1.4805e-16
1.9933e+14	1.1769e-16	1.1966e-16
1.9946e+14	1.2716e-16	1.1552e-16
1.996e+14	9.6922e-17	1.4682e-16
1.9973e+14	7.0238e-17	1.4989e-16
1.9987e+14	8.9632e-17	1.3433e-16
2e+14	1.0336e-16	1.3612e-16
2.0013e+14	8.1215e-17	1.301e-16
2.0027e+14	7.1851e-17	1.1924e-16
2.004e+14	8.2151e-17	1.3225e-16
2.0054e+14	7.9296e-17	1.3656e-16
2.0067e+14	8.4769e-17	1.204e-16
2.008e+14	1.0683e-16	1.2872e-16
2.0094e+14	9.7202e-17	1.414e-16
2.0107e+14	7.1792e-17	1.1934e-16
2.0121e+14	9.4518e-17	1.1283e-16
2.0134e+14	1.3043e-16	1.3759e-16
2.0147e+14	1.1185e-16	1.2878e-16
2.0161e+14	7.7432e-17	1.0609e-16
2.0174e+14	8.0878e-17	1.2988e-16
2.0188e+14	9.2587e-17	1.4715e-16
2.0201e+14	8.9093e-17	1.1813e-16
2.0214e+14	9.134e-17	1.1111e-16
2.0228e+14	9.5724e-17	1.342e-16
2.0241e+14	8.9341e-17	1.2863e-16
2.0255e+14	8.7741e-17	1.2087e-16
2.0268e+14	9.3002e-17	1.4153e-16
2.0282e+14	9.1704e-17	1.3815e-16
2.0295e+14	9.3734e-17	1.1174e-16
2.0308e+14	1.0465e-16	1.1887e-16
2.0322e+14	1.0904e-16	1.3568e-16
2.0335e+14	1.0781e-16	1.2868e-16
2.0349e+14	1.0682e-16	1.319e-16
2.0362e+14	9.7329e-17	1.3935e-16
2.0375e+14	9.1651e-17	1.212e-16
2.0389e+14	1.0603e-16	1.2039e-16
2.0402e+14	1.1365e-16	1.4691e-16
2.0416e+14	9.8787e-17	1.3561e-16
2.0429e+14	9.3563e-17	1.0417e-16
2.0442e+14	1.0298e-16	1.1997e-16
2.0456e+14	1.019e-16	1.4554e-16
2.0469e+14	1.0787e-16	1.3487e-16
2.0483e+14	1.3431e-16	1.2964e-16
2.0496e+14	1.3622e-16	1.3814e-16
2.0509e+14	1.0099e-16	1.2943e-16
2.0523e+14	7.8088e-17	1.3006e-16
2.0536e+14	7.7318e-17	1.4504e-16
2.055e+14	7.2075e-17	1.2844e-16
2.0563e+14	7.6258e-17	1.0888e-16
2.0576e+14	1.0287e-16	1.3263e-16
2.059e+14	1.2411e-16	1.4734e-16
2.0603e+14	1.2904e-16	1.2867e-16
2.0617e+14	1.2499e-16	1.3309e-16
2.063e+14	1.0285e-16	1.4598e-16
2.0643e+14	7.8388e-17	1.237e-16
2.0657e+14	8.393e-17	1.167e-16
2.067e+14	9.6639e-17	1.4034e-16
2.0684e+14	8.6903e-17	1.2775e-16
2.0697e+14	8.4587e-17	1.0233e-16
2.071e+14	9.9436e-17	1.2508e-16
2.0724e+14	9.3926e-17	1.3908e-16
2.0737e+14	7.9279e-17	1.1007e-16
2.0751e+14	9.0784e-17	1.0956e-16
2.0764e+14	1.0154e-16	1.3129e-16
2.0777e+14	9.1053e-17	1.1184e-16
2.0791e+14	9.1697e-17	9.802e-17
2.0804e+14	9.9315e-17	1.288e-16
2.0818e+14	8.8829e-17	1.3608e-16
2.0831e+14	9.3727e-17	1.1468e-16
2.0845e+14	1.2133e-16	1.2306e-16
2.0858e+14	1.0988e-16	1.28e-16
2.0871e+14	6.9283e-17	1.0299e-16
2.0885e+14	7.37e-17	1.1165e-16
2.0898e+14	9.9248e-17	1.4297e-16
2.0912e+14	8.5367e-17	1.2638e-16
2.0925e+14	7.7621e-17	1.0383e-16
2.0938e+14	1.1534e-16	1.2593e-16
2.0952e+14	1.3335e-16	1.3405e-16
2.0965e+14	1.068e-16	1.1437e-16
2.0979e+14	9.9887e-17	1.2267e-16
2.0992e+14	1.2132e-16	1.3425e-16
2.1005e+14	1.1797e-16	1.1308e-16
2.1019e+14	8.9069e-17	1.0685e-16
2.1032e+14	6.9587e-17	1.2156e-16
2.1046e+14	6.8194e-17	1.1324e-16
2.1059e+14	8.5588e-17	1.1068e-16
2.1072e+14	1.1539e-16	1.3386e-16
2.1086e+14	1.3091e-16	1.2687e-16
2.1099e+14	1.2545e-16	9.9151e-17
2.1113e+14	1.1678e-16	1.1077e-16
2.1126e+14	1.0495e-16	1.2672e-16
2.1139e+14	8.9276e-17	1.0849e-16
2.1153e+14	8.8786e-17	1.0708e-16
2.1166e+14	9.9116e-17	1.2704e-16
2.118e+14	9.4968e-17	1.1829e-16
2.1193e+14	8.4167e-17	1.0609e-16
2.1206e+14	8.9528e-17	1.1845e-16
2.122e+14	1.0424e-16	1.1431e-16
2.1233e+14	1.1401e-16	1.0182e-16
2.1247e+14	1.1838e-16	1.2025e-16
2.126e+14	1.18e-16	1.27e-16
2.1273e+14	1.1871e-16	1.0265e-16
2.1287e+14	1.2474e-16	1.0881e-16
2.13e+14	1.2024e-16	1.3194e-16
2.1314e+14	1.0093e-16	1.1038e-16
2.1327e+14	9.0457e-17	8.8306e-17
2.134e+14	8.8338e-17	1.0834e-16
2.1354e+14	7.5751e-17	1.1216e-16
2.1367e+14	7.8613e-17	9.2653e-17
2.1381e+14	1.2144e-16	1.0571e-16
2.1394e+14	1.5274e-16	1.2474e-16
2.1408e+14	1.2685e-16	1.1337e-16
2.1421e+14	9.1198e-17	1.1363e-16
2.1434e+14	9.8832e-17	1.2431e-16
2.1448e+14	1.2302e-16	1.0342e-16
2.1461e+14	1.2378e-16	8.9595e-17
2.1475e+14	1.1173e-16	1.1167e-16
2.1488e+14	1.0812e-16	1.1432e-16
2.1501e+14	1.0671e-16	9.6705e-17
2.1515e+14	9.4956e-17	1.0782e-16
2.1528e+14	8.0335e-17	1.1559e-16
2.1542e+14	7.987e-17	9.3072e-17
2.1555e+14	9.1203e-17	9.2578e-17
2.1568e+14	9.8737e-17	1.0996e-16
2.1582e+14	1.0617e-16	9.4986e-17
2.1595e+14	1.201e-16	8.3619e-17
2.1609e+14	1.1894e-16	1.0502e-16
2.1622e+14	9.7457e-17	1.0353e-16
2.1635e+14	9.6074e-17	8.0981e-17
2.1649e+14	1.2443e-16	9.1325e-17
2.1662e+14	1.3382e-16	1.027e-16
2.1676e+14	1.1106e-16	8.527e-17
2.1689e+14	9.8755e-17	9.2173e-17
2.1702e+14	1.0573e-16	1.1833e-16
2.1716e+14	1.0335e-16	1.0506e-16
2.1729e+14	9.4865e-17	8.5244e-17
2.1743e+14	9.9462e-17	9.8941e-17
2.1756e+14	1.0704e-16	9.8183e-17
2.1769e+14	1.0561e-16	7.8723e-17
2.1783e+14	1.0501e-16	8.9629e-17
2.1796e+14	1.0956e-16	1.0091e-16
2.181e+14	1.0655e-16	8.0125e-17
2.1823e+14	8.7853e-17	7.8808e-17
2.1836e+14	6.8046e-17	1.007e-16
2.185e+14	7.1326e-17	9.0166e-17
2.1863e+14	8.9471e-17	7.0158e-17
2.1877e+14	8.8405e-17	8.0977e-17
2.189e+14	7.9144e-17	8.5685e-17
2.1903e+14	1.0397e-16	7.407e-17
2.1917e+14	1.381e-16	8.1935e-17
2.193e+14	1.2451e-16	8.9024e-17
2.1944e+14	9.0912e-17	7.5106e-17
2.1957e+14	9.2774e-17	7.7507e-17
2.1971e+14	1.0321e-16	9.0743e-17
2.1984e+14	8.8462e-17	7.8625e-17
2.1997e+14	8.2158e-17	7.0845e-17
2.2011e+14	9.664e-17	8.4882e-17
2.2024e+14	9.9077e-17	7.9315e-17
2.2038e+14	9.7695e-17	6.6181e-17
2.2051e+14	1.1419e-16	8.095e-17
2.2064e+14	1.1844e-16	8.3031e-17
2.2078e+14	9.4707e-17	5.9467e-17
2.2091e+14	7.5961e-17	6.7613e-17
2.2105e+14	7.1506e-17	8.9894e-17
2.2118e+14	7.0897e-17	7.1209e-17
2.2131e+14	8.5616e-17	5.6479e-17
2.2145e+14	1.0124e-16	7.9963e-17
2.2158e+14	8.5184e-17	8.3081e-17
2.2172e+14	6.7873e-17	6.348e-17
2.2185e+14	8.6275e-17	7.3417e-17
2.2198e+14	9.8184e-17	8.2192e-17
2.2212e+14	7.8295e-17	6.0239e-17
2.2225e+14	7.8925e-17	6.0129e-17
2.2239e+14	1.0857e-16	8.1639e-17
2.2252e+14	1.098e-16	7.0835e-17
2.2265e+14	8.335e-17	5.4996e-17
2.2279e+14	7.6569e-17	6.8812e-17
2.2292e+14	8.5874e-17	6.931e-17
2.2306e+14	8.8105e-17	5.2716e-17
2.2319e+14	8.867e-17	6.1026e-17
2.2332e+14	8.6421e-17	6.9291e-17
2.2346e+14	8.0059e-17	5.4441e-17
2.2359e+14	9.0422e-17	5.8038e-17
2.2373e+14	1.1019e-16	7.3783e-17
2.2386e+14	1.0441e-16	6.0884e-17
2.2399e+14	8.3462e-17	5.2376e-17
2.2413e+14	8.2442e-17	6.9824e-17
2.2426e+14	9.2798e-17	6.5483e-17
2.244e+14	9.2142e-17	4.76e-17
2.2453e+14	8.5783e-17	6.1434e-17
2.2466e+14	8.236e-17	7.1371e-17
2.248e+14	8.5232e-17	5.2207e-17
2.2493e+14	9.4614e-17	5.3606e-17
2.2507e+14	9.262e-17	6.9155e-17
2.252e+14	7.7456e-17	5.2626e-17
2.2534e+14	8.4771e-17	4.187e-17
2.2547e+14	1.1345e-16	6.5103e-17
2.256e+14	1.1372e-16	6.6747e-17
2.2574e+14	8.7678e-17	4.4563e-17
2.2587e+14	8.042e-17	5.0191e-17
2.2601e+14	8.4196e-17	6.0174e-17
2.2614e+14	7.7718e-17	4.6369e-17
2.2627e+14	8.6455e-17	4.908e-17
2.2641e+14	1.0816e-16	6.4456e-17
2.2654e+14	1.023e-16	5.1354e-17
2.2668e+14	8.6711e-17	4.057e-17
2.2681e+14	9.9269e-17	5.5669e-17
2.2694e+14	1.0763e-16	5.3194e-17
2.2708e+14	8.9418e-17	3.9577e-17
2.2721e+14	8.9469e-17	5.4142e-17
2.2735e+14	1.095e-16	6.1863e-17
2.2748e+14	9.5899e-17	4.3047e-17
2.2761e+14	6.2712e-17	4.6738e-17
2.2775e+14	6.5817e-17	6.2207e-17
2.2788e+14	8.932e-17	4.4683e-17
2.2802e+14	8.9477e-17	3.4084e-17
2.2815e+14	7.7914e-17	5.5213e-17
2.2828e+14	8.032e-17	5.3787e-17
2.2842e+14	9.24e-17	3.5265e-17
2.2855e+14	1.0088e-16	4.7766e-17
2.2869e+14	9.493e-17	5.4962e-17
2.2882e+14	7.9729e-17	3.2001e-17
2.2895e+14	8.5626e-17	3.5314e-17
2.2909e+14	1.1554e-16	5.9323e-17
2.2922e+14	1.2411e-16	4.7338e-17
2.2936e+14	9.6046e-17	3.175e-17
2.2949e+14	7.2569e-17	4.8295e-17
2.2962e+14	7.4669e-17	4.8763e-17
2.2976e+14	8.1211e-17	2.9988e-17
2.2989e+14	8.1651e-17	3.9901e-17
2.3003e+14	8.7128e-17	5.209e-17
2.3016e+14	1.0401e-16	3.674e-17
2.3029e+14	1.2008e-16	3.6092e-17
2.3043e+14	1.0926e-16	4.9537e-17
2.3056e+14	7.3561e-17	3.6478e-17
2.307e+14	6.1718e-17	2.7631e-17
2.3083e+14	8.9308e-17	4.6178e-17
2.3097e+14	1.0159e-16	4.4999e-17
2.311e+14	8.056e-17	2.8929e-17
2.3123e+14	7.9725e-17	4.1981e-17
2.3137e+14	1.0508e-16	5.0238e-17
2.315e+14	1.0511e-16	2.8635e-17
2.3164e+14	8.7503e-17	2.8e-17
2.3177e+14	9.4361e-17	4.5553e-17
2.319e+14	1.0379e-16	3.3796e-17
2.3204e+14	8.7326e-17	2.4109e-17
2.3217e+14	7.7452e-17	4.3931e-17
2.3231e+14	9.1157e-17	4.4432e-17
2.3244e+14	9.8747e-17	2.6535e-17
2.3257e+14	9.694e-17	3.6442e-17
2.3271e+14	1.0156e-16	4.4933e-17
2.3284e+14	9.6803e-17	2.648e-17
2.3298e+14	7.8801e-17	2.8492e-17
2.3311e+14	7.936e-17	4.7071e-17
2.3324e+14	9.8167e-17	3.4629e-17
2.3338e+14	9.8103e-17	2.2359e-17
2.3351e+14	7.6619e-17	3.9707e-17
2.3365e+14	6.5508e-17	3.997e-17
2.3378e+14	7.6927e-17	2.2611e-17
2.3391e+14	9.3623e-17	3.2194e-17
2.3405e+14	9.1214e-17	4.1203e-17
2.3418e+14	6.9674e-17	2.4691e-17
2.3432e+14	6.6303e-17	2.7169e-17
2.3445e+14	9.6049e-17	4.4136e-17
2.3458e+14	1.0894e-16	3.1375e-17
2.3472e+14	7.6658e-17	2.0872e-17
2.3485e+14	5.3373e-17	3.8692e-17
2.3499e+14	7.3814e-17	3.7319e-17
2.3512e+14	9.1824e-17	1.9836e-17
2.3525e+14	8.2303e-17	3.1852e-17
2.3539e+14	8.3686e-17	4.1474e-17
2.3552e+14	1.0472e-16	2.1533e-17
2.3566e+14	1.095e-16	2.1274e-17
2.3579e+14	9.6789e-17	4.0188e-17
2.3592e+14	9.313e-17	3.0456e-17
2.3606e+14	9.5596e-17	1.9774e-17
2.3619e+14	9.0947e-17	3.6494e-17
2.3633e+14	8.6111e-17	3.5817e-17
2.3646e+14	8.6e-17	1.836e-17
2.366e+14	8.7576e-17	2.8613e-17
2.3673e+14	9.4539e-17	3.8225e-17
2.3686e+14	1.033e-16	2.0704e-17
2.37e+14	1.0147e-16	2.1384e-17
2.3713e+14	9.4289e-17	3.8726e-17
2.3727e+14	9.3699e-17	2.7553e-17
2.374e+14	9.166e-17	1.6303e-17
2.3753e+14	8.2569e-17	3.2717e-17
2.3767e+14	8.0566e-17	3.2926e-17
2.378e+14	8.7942e-17	1.7639e-17
2.3794e+14	9.1043e-17	2.9239e-17
2.3807e+14	9.3721e-17	3.8268e-17
2.382e+14	1.045e-16	1.9309e-17
2.3834e+14	1.0694e-16	1.8998e-17
2.3847e+14	9.1882e-17	3.6286e-17
2.3861e+14	8.3786e-17	2.5492e-17
2.3874e+14	9.4207e-17	1.4265e-17
2.3887e+14	9.8319e-17	3.0866e-17
2.3901e+14	8.8272e-17	3.2161e-17
2.3914e+14	9.2719e-17	1.7409e-17
2.3928e+14	1.1912e-16	2.7632e-17
2.3941e+14	1.3136e-16	3.5364e-17
2.3954e+14	1.0705e-16	1.7502e-17
2.3968e+14	7.4083e-17	1.9181e-17
2.3981e+14	6.7994e-17	3.6529e-17
2.3995e+14	8.1881e-17	2.426e-17
2.4008e+14	8.6221e-17	1.262e-17
2.4021e+14	8.0985e-17	3.0097e-17
2.4035e+14	8.8154e-17	3.0794e-17
2.4048e+14	1.0004e-16	1.3337e-17
2.4062e+14	8.8593e-17	2.2475e-17
2.4075e+14	6.3597e-17	3.2461e-17
2.4088e+14	6.0175e-17	1.6208e-17
2.4102e+14	7.7387e-17	1.6772e-17
2.4115e+14	9.2789e-17	3.4155e-17
2.4129e+14	1.0999e-16	2.4207e-17
2.4142e+14	1.2892e-16	1.269e-17
2.4155e+14	1.2026e-16	2.7633e-17
2.4169e+14	8.6223e-17	2.7804e-17
2.4182e+14	7.5075e-17	1.2186e-17
2.4196e+14	9.4201e-17	2.2338e-17
2.4209e+14	9.8418e-17	3.2747e-17
2.4223e+14	8.443e-17	1.6912e-17
2.4236e+14	9.3997e-17	1.608e-17
2.4249e+14	1.2109e-16	3.1869e-17
2.4263e+14	1.1978e-16	2.3537e-17
2.4276e+14	9.1968e-17	1.4233e-17
2.429e+14	7.5604e-17	2.8277e-17
2.4303e+14	7.3126e-17	2.724e-17
2.4316e+14	6.7018e-17	1.2375e-17
2.433e+14	6.6413e-17	2.2198e-17
2.4343e+14	7.781e-17	3.1365e-17
2.4357e+14	7.7584e-17	1.6993e-17
2.437e+14	6.0644e-17	1.7716e-17
2.4383e+14	6.1086e-17	3.0665e-17
2.4397e+14	8.6773e-17	1.9195e-17
2.441e+14	9.6419e-17	1.1815e-17
2.4424e+14	7.429e-17	2.9219e-17
2.4437e+14	5.8968e-17	2.8074e-17
2.445e+14	7.1693e-17	1.1518e-17
2.4464e+14	8.7777e-17	2.053e-17
2.4477e+14	9.3126e-17	2.899e-17
2.4491e+14	9.8685e-17	1.4716e-17
2.4504e+14	1.033e-16	1.7639e-17
2.4517e+14	1.0318e-16	3.2499e-17
2.4531e+14	1.0994e-16	2.012e-17
2.4544e+14	1.1787e-16	1.039e-17
2.4558e+14	1.0622e-16	2.6078e-17
2.4571e+14	8.7405e-17	2.4533e-17
2.4584e+14	8.6065e-17	9.7542e-18
2.4598e+14	9.1953e-17	2.1887e-17
2.4611e+14	9.643e-17	3.1017e-17
2.4625e+14	1.1408e-16	1.3742e-17
2.4638e+14	1.2717e-16	1.4011e-17
2.4651e+14	1.0405e-16	2.9327e-17
2.4665e+14	7.6665e-17	1.8491e-17
2.4678e+14	8.7701e-17	9.6487e-18
2.4692e+14	1.0476e-16	2.6274e-17
2.4705e+14	9.3283e-17	2.5126e-17
2.4718e+14	8.4239e-17	8.8596e-18
2.4732e+14	9.1863e-17	1.9346e-17
2.4745e+14	8.6107e-17	2.905e-17
2.4759e+14	7.5367e-17	1.3256e-17
2.4772e+14	8.6153e-17	1.372e-17
2.4786e+14	9.1427e-17	2.8764e-17
2.4799e+14	7.2039e-17	1.8315e-17
2.4812e+14	6.3995e-17	9.4966e-18
2.4826e+14	7.3127e-17	2.5486e-17
2.4839e+14	6.5109e-17	2.4467e-17
2.4853e+14	5.5387e-17	9.0809e-18
2.4866e+14	7.5121e-17	1.9691e-17
2.4879e+14	9.0512e-17	2.8818e-17
2.4893e+14	7.4126e-17	1.2962e-17
2.4906e+14	6.7137e-17	1.3718e-17
2.492e+14	8.9098e-17	2.8535e-17
2.4933e+14	1.0012e-16	1.7643e-17
2.4946e+14	8.8548e-17	8.9575e-18
2.496e+14	8.3199e-17	2.5533e-17
2.4973e+14	8.5725e-17	2.4859e-17
2.4987e+14	8.1456e-17	9.1693e-18
2.5e+14	8.0636e-17	1.8862e-17
2.5013e+14	9.2175e-17	2.6987e-17
2.5027e+14	1.0159e-16	1.0942e-17
2.504e+14	9.7733e-17	1.2538e-17
2.5054e+14	8.7456e-17	2.796e-17
2.5067e+14	8.4638e-17	1.6319e-17
2.508e+14	9.4426e-17	6.5595e-18
2.5094e+14	1.0102e-16	2.3231e-17
2.5107e+14	8.9062e-17	2.3095e-17
2.5121e+14	7.5787e-17	7.4447e-18
2.5134e+14	8.3522e-17	1.8038e-17
2.5147e+14	9.8771e-17	2.8219e-17
2.5161e+14	1.0104e-16	1.2395e-17
2.5174e+14	9.4777e-17	1.1579e-17
2.5188e+14	8.5161e-17	2.5997e-17
2.5201e+14	7.4392e-17	1.6672e-17
2.5214e+14	8.2487e-17	8.902e-18
2.5228e+14	1.1332e-16	2.4759e-17
2.5241e+14	1.279e-16	2.3194e-17
2.5255e+14	1.0441e-16	7.1759e-18
2.5268e+14	7.6516e-17	1.73e-17
2.5282e+14	7.3934e-17	2.6595e-17
2.5295e+14	8.1486e-17	1.0931e-17
2.5308e+14	7.9798e-17	1.1666e-17
2.5322e+14	7.659e-17	2.7409e-17
2.5335e+14	8.407e-17	1.767e-17
2.5349e+14	9.5736e-17	8.3785e-18
2.5362e+14	9.7693e-17	2.3865e-17
2.5375e+14	9.4201e-17	2.3743e-17
2.5389e+14	1.0183e-16	8.8529e-18
2.5402e+14	1.1392e-16	1.8316e-17
2.5416e+14	1.0856e-16	2.6313e-17
2.5429e+14	9.6935e-17	9.8248e-18
2.5442e+14	1.0474e-16	1.0141e-17
2.5456e+14	1.1313e-16	2.6252e-17
2.5469e+14	9.3199e-17	1.7569e-17
2.5483e+14	6.9946e-17	8.2733e-18
2.5496e+14	7.3535e-17	2.2144e-17
2.5509e+14	8.1639e-17	2.0756e-17
2.5523e+14	7.6909e-17	6.075e-18
2.5536e+14	8.2601e-17	1.6424e-17
2.555e+14	9.6853e-17	2.5751e-17
2.5563e+14	8.5038e-17	1.1126e-17
2.5576e+14	5.4909e-17	1.2399e-17
2.559e+14	4.853e-17	2.7304e-17
2.5603e+14	7.054e-17	1.6588e-17
2.5617e+14	9.7069e-17	6.8728e-18
2.563e+14	1.1788e-16	2.2345e-17
2.5643e+14	1.222e-16	2.2325e-17
2.5657e+14	9.9533e-17	6.7095e-18
2.567e+14	7.5584e-17	1.4951e-17
2.5684e+14	8.2686e-17	2.3541e-17
2.5697e+14	1.0043e-16	9.3514e-18
2.571e+14	9.2193e-17	1.0493e-17
2.5724e+14	7.3999e-17	2.55e-17
2.5737e+14	7.9507e-17	1.6497e-17
2.5751e+14	9.4285e-17	8.1805e-18
2.5764e+14	9.0363e-17	2.266e-17
2.5777e+14	8.4458e-17	2.102e-17
2.5791e+14	9.9998e-17	5.3932e-18
2.5804e+14	1.1466e-16	1.437e-17
2.5818e+14	1.0289e-16	2.3263e-17
2.5831e+14	8.5968e-17	9.5402e-18
2.5845e+14	8.97e-17	1.1281e-17
2.5858e+14	9.899e-17	2.5792e-17
2.5871e+14	9.4813e-17	1.5429e-17
2.5885e+14	8.7864e-17	6.6144e-18
2.5898e+14	8.8301e-17	2.1922e-17
2.5912e+14	8.8781e-17	2.1226e-17
2.5925e+14	8.8305e-17	5.9386e-18
2.5938e+14	9.1971e-17	1.5041e-17
2.5952e+14	9.3562e-17	2.3862e-17
2.5965e+14	8.9525e-17	9.3778e-18
2.5979e+14	8.8972e-17	1.0123e-17
2.5992e+14	9.1328e-17	2.4417e-17
2.6005e+14	8.5261e-17	1.4384e-17
2.6019e+14	7.6104e-17	5.7232e-18
2.6032e+14	7.9779e-17	2.1507e-17
2.6046e+14	9.2423e-17	2.1971e-17
2.6059e+14	9.7822e-17	7.3164e-18
2.6072e+14	9.5715e-17	1.5775e-17
2.6086e+14	9.504e-17	2.3821e-17
2.6099e+14	9.1448e-17	9.5328e-18
2.6113e+14	7.8747e-17	1.1093e-17
2.6126e+14	7.1074e-17	2.5643e-17
2.6139e+14	8.2977e-17	1.4396e-17
2.6153e+14	9.7668e-17	3.8273e-18
2.6166e+14	9.1936e-17	1.8975e-17
2.618e+14	7.9314e-17	1.9889e-17
2.6193e+14	8.3734e-17	4.9064e-18
2.6206e+14	9.2117e-17	1.3303e-17
2.622e+14	8.4318e-17	2.3479e-17
2.6233e+14	7.6622e-17	1.0554e-17
2.6247e+14	8.4357e-17	9.6069e-18
2.626e+14	8.6558e-17	2.1855e-17
2.6273e+14	7.0635e-17	1.2721e-17
2.6287e+14	6.0226e-17	4.6337e-18
2.63e+14	7.1184e-17	1.8421e-17
2.6314e+14	8.8523e-17	1.7728e-17
2.6327e+14	9.5517e-17	4.0761e-18
2.634e+14	9.0951e-17	1.3398e-17
2.6354e+14	8.4304e-17	2.211e-17
2.6367e+14	8.6064e-17	8.5706e-18
2.6381e+14	9.2267e-17	9.2356e-18
2.6394e+14	9.3517e-17	2.2683e-17
2.6408e+14	9.8773e-17	1.3195e-17
2.6421e+14	1.1089e-16	4.803e-18
2.6434e+14	1.0406e-16	1.9372e-17
2.6448e+14	7.7932e-17	1.9912e-17
2.6461e+14	7.4641e-17	6.5974e-18
2.6475e+14	9.4054e-17	1.4843e-17
2.6488e+14	8.775e-17	2.2519e-17
2.6501e+14	6.3756e-17	9.2101e-18
2.6515e+14	7.1844e-17	9.9407e-18
2.6528e+14	9.1372e-17	2.2232e-17
2.6542e+14	7.354e-17	1.2488e-17
2.6555e+14	5.1098e-17	5.8071e-18
2.6568e+14	7.0892e-17	2.1083e-17
2.6582e+14	9.5168e-17	1.9581e-17
2.6595e+14	8.4531e-17	4.3857e-18
2.6609e+14	7.7681e-17	1.3164e-17
2.6622e+14	1.0153e-16	2.1782e-17
2.6635e+14	1.1079e-16	8.2091e-18
2.6649e+14	7.8301e-17	9.2939e-18
2.6662e+14	4.7114e-17	2.3426e-17
2.6676e+14	5.2673e-17	1.4236e-17
2.6689e+14	7.1969e-17	5.2597e-18
2.6702e+14	7.6593e-17	1.8499e-17
2.6716e+14	7.4877e-17	1.8242e-17
2.6729e+14	7.8586e-17	5.5841e-18
2.6743e+14	7.8792e-17	1.4558e-17
2.6756e+14	7.6882e-17	2.1342e-17
2.6769e+14	8.7751e-17	6.8266e-18
2.6783e+14	9.623e-17	8.4638e-18
2.6796e+14	7.5711e-17	2.2944e-17
2.681e+14	5.2683e-17	1.3741e-17
2.6823e+14	6.9197e-17	5.8699e-18
2.6836e+14	9.9693e-17	2.0682e-17
2.685e+14	9.9109e-17	1.9854e-17
2.6863e+14	8.7107e-17	5.0037e-18
2.6877e+14	9.5461e-17	1.405e-17
2.689e+14	1.0546e-16	2.3548e-17
2.6903e+14	1.0156e-16	9.9101e-18
2.6917e+14	9.707e-17	9.2271e-18
2.693e+14	8.7568e-17	2.2228e-17
2.6944e+14	6.9132e-17	1.3944e-17
2.6957e+14	6.7946e-17	6.2978e-18
2.6971e+14	8.1782e-17	1.9884e-17
2.6984e+14	7.5764e-17	1.8868e-17
2.6997e+14	6.5397e-17	4.879e-18
2.7011e+14	8.7745e-17	1.4084e-17
2.7024e+14	1.1235e-16	2.3526e-17
2.7038e+14	1.0137e-16	1.0173e-17
2.7051e+14	8.5385e-17	8.9851e-18
2.7064e+14	8.6406e-17	2.1244e-17
2.7078e+14	7.9219e-17	1.367e-17
2.7091e+14	7.2285e-17	7.1076e-18
2.7105e+14	9.3162e-17	2.0645e-17
2.7118e+14	1.0976e-16	1.9755e-17
2.7131e+14	9.3405e-17	6.3467e-18
2.7145e+14	8.8059e-17	1.4314e-17
2.7158e+14	1.1744e-16	2.1398e-17
2.7172e+14	1.3227e-16	8.221e-18
2.7185e+14	1.0866e-16	9.319e-18
2.7198e+14	8.3395e-17	2.1829e-17
2.7212e+14	7.8782e-17	1.1946e-17
2.7225e+14	8.7452e-17	3.9277e-18
2.7239e+14	1.0367e-16	1.8179e-17
2.7252e+14	1.1128e-16	1.8375e-17
2.7265e+14	9.3426e-17	5.3363e-18
2.7279e+14	7.143e-17	1.3654e-17
2.7292e+14	7.6056e-17	2.1484e-17
2.7306e+14	9.7195e-17	8.7861e-18
2.7319e+14	1.0847e-16	9.7924e-18
2.7332e+14	1.063e-16	2.2476e-17
2.7346e+14	9.8997e-17	1.3433e-17
2.7359e+14	9.2464e-17	5.6629e-18
2.7373e+14	9.0651e-17	1.8631e-17
2.7386e+14	8.9313e-17	1.7364e-17
2.7399e+14	8.1889e-17	4.3704e-18
2.7413e+14	7.5166e-17	1.3694e-17
2.7426e+14	8.0279e-17	2.2007e-17
2.744e+14	9.3429e-17	9.2099e-18
2.7453e+14	9.7716e-17	1.0163e-17
2.7466e+14	8.3065e-17	2.2615e-17
2.748e+14	6.6644e-17	1.3058e-17
2.7493e+14	7.7529e-17	5.6376e-18
2.7507e+14	1.0552e-16	2.0315e-17
2.752e+14	1.067e-16	2.0114e-17
2.7534e+14	7.9405e-17	5.6581e-18
2.7547e+14	6.733e-17	1.2617e-17
2.756e+14	7.7726e-17	2.042e-17
2.7574e+14	8.1288e-17	8.3926e-18
2.7587e+14	7.9515e-17	9.2276e-18
2.7601e+14	8.5527e-17	2.1219e-17
2.7614e+14	8.2025e-17	1.2241e-17
2.7627e+14	6.7674e-17	5.0185e-18
2.7641e+14	7.1613e-17	1.8264e-17
2.7654e+14	8.5797e-17	1.745e-17
2.7668e+14	7.7265e-17	5.1901e-18
2.7681e+14	6.3513e-17	1.4399e-17
2.7694e+14	7.685e-17	2.1463e-17
2.7708e+14	9.4885e-17	7.7186e-18
2.7721e+14	9.0704e-17	9.2703e-18
2.7735e+14	8.5151e-17	2.3235e-17
2.7748e+14	9.384e-17	1.4159e-17
2.7761e+14	9.8303e-17	5.3391e-18
2.7775e+14	9.0962e-17	1.8409e-17
2.7788e+14	8.3242e-17	1.8354e-17
2.7802e+14	7.9725e-17	5.3093e-18
2.7815e+14	8.4301e-17	1.3254e-17
2.7828e+14	9.8841e-17	2.1139e-17
2.7842e+14	1.0653e-16	8.6406e-18
2.7855e+14	9.6615e-17	8.8202e-18
2.7869e+14	8.6238e-17	2.0555e-17
2.7882e+14	8.5035e-17	1.1922e-17
2.7895e+14	7.7685e-17	5.2037e-18
2.7909e+14	6.1699e-17	1.8854e-17
2.7922e+14	5.8817e-17	1.7922e-17
2.7936e+14	7.9799e-17	4.4512e-18
2.7949e+14	1.0632e-16	1.2683e-17
2.7962e+14	1.1018e-16	2.089e-17
2.7976e+14	8.9115e-17	8.5965e-18
2.7989e+14	7.8816e-17	8.915e-18
2.8003e+14	1.0194e-16	2.1029e-17
2.8016e+14	1.2452e-16	1.3234e-17
2.8029e+14	1.1362e-16	6.6905e-18
2.8043e+14	9.5898e-17	1.8822e-17
2.8056e+14	9.7048e-17	1.654e-17
2.807e+14	9.1943e-17	4.4281e-18
2.8083e+14	7.1704e-17	1.5045e-17
2.8097e+14	6.9565e-17	2.2769e-17
2.811e+14	8.3946e-17	7.7908e-18
2.8123e+14	7.8716e-17	7.547e-18
2.8137e+14	6.3836e-17	2.142e-17
2.815e+14	7.2224e-17	1.3851e-17
2.8164e+14	8.7004e-17	6.1363e-18
2.8177e+14	8.2645e-17	1.9413e-17
2.819e+14	7.9111e-17	1.935e-17
2.8204e+14	8.9414e-17	5.8839e-18
2.8217e+14	9.0746e-17	1.3143e-17
2.8231e+14	8.0292e-17	2.0978e-17
2.8244e+14	7.7987e-17	8.7497e-18
2.8257e+14	7.8091e-17	9.0141e-18
2.8271e+14	7.1314e-17	2.1267e-17
2.8284e+14	7.5759e-17	1.2837e-17
2.8298e+14	9.0992e-17	4.6214e-18
2.8311e+14	8.9198e-17	1.703e-17
2.8324e+14	8.1478e-17	1.7332e-17
2.8338e+14	1.0421e-16	5.302e-18
2.8351e+14	1.3631e-16	1.298e-17
2.8365e+14	1.2886e-16	2.0453e-17
2.8378e+14	9.5762e-17	8.202e-18
2.8391e+14	7.9956e-17	8.032e-18
2.8405e+14	7.5863e-17	1.976e-17
2.8418e+14	6.8073e-17	1.2577e-17
2.8432e+14	7.6577e-17	6.3569e-18
2.8445e+14	9.7969e-17	1.8948e-17
2.8458e+14	9.0491e-17	1.8538e-17
2.8472e+14	6.0107e-17	6.7993e-18
2.8485e+14	6.0239e-17	1.4434e-17
2.8499e+14	8.966e-17	2.0505e-17
2.8512e+14	9.7445e-17	7.5733e-18
2.8525e+14	8.0333e-17	8.0449e-18
2.8539e+14	7.3286e-17	1.934e-17
2.8552e+14	7.5378e-17	1.0481e-17
2.8566e+14	7.0237e-17	4.0395e-18
2.8579e+14	6.8878e-17	1.7965e-17
2.8592e+14	7.3476e-17	1.7681e-17
2.8606e+14	6.4098e-17	4.6048e-18
2.8619e+14	4.9565e-17	1.2061e-17
2.8633e+14	5.9244e-17	1.9729e-17
2.8646e+14	8.3598e-17	8.2085e-18
2.866e+14	9.1021e-17	9.363e-18
2.8673e+14	8.4169e-17	2.169e-17
2.8686e+14	8.4736e-17	1.3551e-17
2.87e+14	9.0661e-17	5.9009e-18
2.8713e+14	8.5599e-17	1.7808e-17
2.8727e+14	6.9467e-17	1.735e-17
2.874e+14	6.1704e-17	5.7956e-18
2.8753e+14	7.5567e-17	1.396e-17
2.8767e+14	9.1448e-17	2.0597e-17
2.878e+14	8.1568e-17	7.6305e-18
2.8794e+14	6.4427e-17	8.186e-18
2.8807e+14	7.9761e-17	2.0754e-17
2.882e+14	1.1074e-16	1.2803e-17
2.8834e+14	1.0863e-16	4.6685e-18
2.8847e+14	8.1446e-17	1.609e-17
2.8861e+14	7.3137e-17	1.6118e-17
2.8874e+14	8.5146e-17	5.531e-18
2.8887e+14	9.3337e-17	1.4103e-17
2.8901e+14	9.6344e-17	2.0925e-17
2.8914e+14	9.7246e-17	8.6462e-18
2.8928e+14	9.1671e-17	9.6643e-18
2.8941e+14	8.9645e-17	2.1499e-17
2.8954e+14	9.8528e-17	1.2498e-17
2.8968e+14	1.0305e-16	4.6687e-18
2.8981e+14	9.7858e-17	1.7452e-17
2.8995e+14	9.8045e-17	1.7825e-17
2.9008e+14	1.0639e-16	6.0626e-18
2.9021e+14	1.1541e-16	1.3846e-17
2.9035e+14	1.2291e-16	2.0959e-17
2.9048e+14	1.1606e-16	8.3178e-18
2.9062e+14	8.7898e-17	8.2508e-18
2.9075e+14	7.0692e-17	2.0637e-17
2.9088e+14	8.8143e-17	1.3555e-17
2.9102e+14	1.0542e-16	5.929e-18
2.9115e+14	9.0974e-17	1.7206e-17
2.9129e+14	7.0007e-17	1.7184e-17
2.9142e+14	6.9249e-17	5.9505e-18
2.9155e+14	7.7073e-17	1.3106e-17
2.9169e+14	7.7485e-17	1.9522e-17
2.9182e+14	6.7408e-17	8.0655e-18
2.9196e+14	5.5476e-17	9.561e-18
2.9209e+14	6.7238e-17	2.1913e-17
2.9223e+14	1.0491e-16	1.4259e-17
2.9236e+14	1.2071e-16	6.7283e-18
2.9249e+14	9.3677e-17	1.783e-17
2.9263e+14	7.2791e-17	1.6971e-17
2.9276e+14	8.4726e-17	5.6452e-18
2.929e+14	9.1758e-17	1.3831e-17
2.9303e+14	7.9953e-17	2.0596e-17
2.9316e+14	8.1399e-17	7.8521e-18
2.933e+14	9.7328e-17	8.2461e-18
2.9343e+14	9.7065e-17	2.1277e-17
2.9357e+14	7.9691e-17	1.4521e-17
2.937e+14	7.0484e-17	6.3883e-18
2.9383e+14	8.3922e-17	1.6954e-17
2.9397e+14	1.1284e-16	1.7046e-17
2.941e+14	1.2939e-16	6.1348e-18
2.9424e+14	1.1641e-16	1.3213e-17
2.9437e+14	1.0126e-16	2.0163e-17
2.945e+14	1.0932e-16	9.6076e-18
2.9464e+14	1.1576e-16	1.0603e-17
2.9477e+14	1.0209e-16	2.1742e-17
2.9491e+14	9.3699e-17	1.4193e-17
2.9504e+14	9.6919e-17	7.3369e-18
2.9517e+14	9.0031e-17	1.8214e-17
2.9531e+14	8.3619e-17	1.6902e-17
2.9544e+14	9.2091e-17	5.2266e-18
2.9558e+14	8.8112e-17	1.2704e-17
2.9571e+14	6.9085e-17	1.9606e-17
2.9584e+14	7.7569e-17	8.3103e-18
2.9598e+14	1.0328e-16	8.9409e-18
2.9611e+14	9.1149e-17	2.015e-17
2.9625e+14	5.8458e-17	1.246e-17
2.9638e+14	6.5247e-17	5.6664e-18
2.9651e+14	9.7086e-17	1.7744e-17
2.9665e+14	1.0295e-16	1.8157e-17
2.9678e+14	8.8773e-17	7.0848e-18
2.9692e+14	8.0704e-17	1.411e-17
2.9705e+14	7.5333e-17	2.093e-17
2.9718e+14	7.7256e-17	9.7208e-18
2.9732e+14	1.0065e-16	9.5646e-18
2.9745e+14	1.2069e-16	2.0184e-17
2.9759e+14	1.021e-16	1.3392e-17
2.9772e+14	6.5216e-17	7.4367e-18
2.9786e+14	5.9695e-17	1.8711e-17
2.9799e+14	8.9409e-17	1.7997e-17
2.9812e+14	1.1074e-16	6.6431e-18
2.9826e+14	9.9168e-17	1.3131e-17
2.9839e+14	8.3577e-17	1.8771e-17
2.9853e+14	9.8638e-17	7.1004e-18
2.9866e+14	1.2649e-16	7.6452e-18
2.9879e+14	1.2382e-16	1.9207e-17
2.9893e+14	9.2226e-17	1.2933e-17
2.9906e+14	7.2023e-17	6.9582e-18
2.992e+14	7.7893e-17	1.81e-17
2.9933e+14	8.9432e-17	1.7774e-17
2.9946e+14	9.2662e-17	6.8432e-18
2.996e+14	9.0846e-17	1.3113e-17
2.9973e+14	8.6714e-17	1.9086e-17
2.9987e+14	7.9683e-17	8.9496e-18
3e+14	7.143e-17	9.788e-18
