#Error on normalization	O = 2.601 %	H = 2.149 %
#Frequence (s-1)	S_O (s)	S_H (s)
0	4.2521e-14	5.6704e-15
2.0619e+11	4.1947e-14	5.9915e-15
4.1237e+11	4.258e-14	6.5077e-15
6.1856e+11	4.5105e-14	6.7017e-15
8.2474e+11	4.4828e-14	6.8592e-15
1.0309e+12	4.1215e-14	7.3035e-15
1.2371e+12	4.0857e-14	7.6375e-15
1.4433e+12	4.6061e-14	7.6368e-15
1.6495e+12	5.0268e-14	7.8207e-15
1.8557e+12	4.8629e-14	8.409e-15
2.0619e+12	4.5689e-14	8.994e-15
2.268e+12	4.8561e-14	9.4153e-15
2.4742e+12	5.6198e-14	9.6419e-15
2.6804e+12	6.0618e-14	9.5419e-15
2.8866e+12	5.893e-14	9.7255e-15
3.0928e+12	5.7354e-14	1.0747e-14
3.299e+12	6.0298e-14	1.1386e-14
3.5052e+12	6.3502e-14	1.0607e-14
3.7113e+12	6.2199e-14	1.007e-14
3.9175e+12	5.8186e-14	1.1206e-14
4.1237e+12	5.5508e-14	1.2316e-14
4.3299e+12	5.5334e-14	1.1886e-14
4.5361e+12	5.6183e-14	1.1199e-14
4.7423e+12	5.6079e-14	1.1302e-14
4.9485e+12	5.5573e-14	1.1482e-14
5.1546e+12	5.7642e-14	1.1614e-14
5.3608e+12	6.2023e-14	1.2221e-14
5.567e+12	6.4596e-14	1.2856e-14
5.7732e+12	6.4828e-14	1.308e-14
5.9794e+12	6.6205e-14	1.3207e-14
6.1856e+12	6.8407e-14	1.3252e-14
6.3918e+12	6.7668e-14	1.3362e-14
6.5979e+12	6.4052e-14	1.4181e-14
6.8041e+12	6.1308e-14	1.5149e-14
7.0103e+12	6.1184e-14	1.5054e-14
7.2165e+12	6.1609e-14	1.45e-14
7.4227e+12	5.9876e-14	1.4514e-14
7.6289e+12	5.7513e-14	1.4376e-14
7.8351e+12	5.8593e-14	1.3887e-14
8.0412e+12	6.1014e-14	1.4333e-14
8.2474e+12	5.9513e-14	1.5413e-14
8.4536e+12	5.873e-14	1.5696e-14
8.6598e+12	6.5115e-14	1.5863e-14
8.866e+12	6.9108e-14	1.671e-14
9.0722e+12	6.1134e-14	1.6478e-14
9.2784e+12	5.3751e-14	1.4604e-14
9.4845e+12	5.7922e-14	1.3925e-14
9.6907e+12	6.0101e-14	1.5731e-14
9.8969e+12	5.2297e-14	1.7413e-14
1.0103e+13	5.018e-14	1.7133e-14
1.0309e+13	5.8103e-14	1.635e-14
1.0515e+13	5.9957e-14	1.6721e-14
1.0722e+13	5.5765e-14	1.7776e-14
1.0928e+13	5.8823e-14	1.8103e-14
1.1134e+13	6.1836e-14	1.7264e-14
1.134e+13	5.3856e-14	1.6217e-14
1.1546e+13	4.8989e-14	1.6e-14
1.1753e+13	5.7086e-14	1.6624e-14
1.1959e+13	6.1084e-14	1.7715e-14
1.2165e+13	5.2301e-14	1.8919e-14
1.2371e+13	4.5583e-14	1.9271e-14
1.2577e+13	4.6353e-14	1.8186e-14
1.2784e+13	4.5763e-14	1.6917e-14
1.299e+13	4.5231e-14	1.6883e-14
1.3196e+13	4.8706e-14	1.7652e-14
1.3402e+13	4.7506e-14	1.821e-14
1.3608e+13	3.8986e-14	1.8405e-14
1.3814e+13	3.4909e-14	1.8305e-14
1.4021e+13	3.8214e-14	1.809e-14
1.4227e+13	3.8969e-14	1.8191e-14
1.4433e+13	3.458e-14	1.836e-14
1.4639e+13	3.0704e-14	1.8111e-14
1.4845e+13	2.9153e-14	1.798e-14
1.5052e+13	2.9157e-14	1.8202e-14
1.5258e+13	3.0114e-14	1.7894e-14
1.5464e+13	2.9784e-14	1.7429e-14
1.567e+13	2.8692e-14	1.8218e-14
1.5876e+13	2.9675e-14	1.9317e-14
1.6082e+13	2.9717e-14	1.8839e-14
1.6289e+13	2.5616e-14	1.7923e-14
1.6495e+13	2.3405e-14	1.825e-14
1.6701e+13	2.6644e-14	1.8407e-14
1.6907e+13	2.731e-14	1.7445e-14
1.7113e+13	2.162e-14	1.751e-14
1.732e+13	1.7541e-14	1.916e-14
1.7526e+13	1.8591e-14	1.9702e-14
1.7732e+13	1.9175e-14	1.8404e-14
1.7938e+13	1.7404e-14	1.7429e-14
1.8144e+13	1.5985e-14	1.7206e-14
1.8351e+13	1.5048e-14	1.6514e-14
1.8557e+13	1.4731e-14	1.6003e-14
1.8763e+13	1.6016e-14	1.6852e-14
1.8969e+13	1.6004e-14	1.8044e-14
1.9175e+13	1.2819e-14	1.8249e-14
1.9381e+13	1.0937e-14	1.7785e-14
1.9588e+13	1.2455e-14	1.7226e-14
1.9794e+13	1.2793e-14	1.6854e-14
2e+13	1.0697e-14	1.7218e-14
2.0206e+13	1.0128e-14	1.7804e-14
2.0412e+13	1.0984e-14	1.7096e-14
2.0619e+13	1.0111e-14	1.5686e-14
2.0825e+13	8.6018e-15	1.5833e-14
2.1031e+13	8.6654e-15	1.7095e-14
2.1237e+13	8.9152e-15	1.7025e-14
2.1443e+13	8.2066e-15	1.6012e-14
2.1649e+13	7.5938e-15	1.6114e-14
2.1856e+13	7.1956e-15	1.651e-14
2.2062e+13	6.605e-15	1.5539e-14
2.2268e+13	6.3932e-15	1.4644e-14
2.2474e+13	6.2028e-15	1.5342e-14
2.268e+13	5.2655e-15	1.5979e-14
2.2887e+13	4.8035e-15	1.5323e-14
2.3093e+13	5.6385e-15	1.4896e-14
2.3299e+13	6.0469e-15	1.5385e-14
2.3505e+13	5.2572e-15	1.5517e-14
2.3711e+13	4.8042e-15	1.5169e-14
2.3918e+13	5.0072e-15	1.5168e-14
2.4124e+13	4.8142e-15	1.4938e-14
2.433e+13	4.5002e-15	1.3928e-14
2.4536e+13	4.5375e-15	1.3311e-14
2.4742e+13	4.1391e-15	1.3916e-14
2.4948e+13	3.3979e-15	1.4885e-14
2.5155e+13	3.4636e-15	1.5372e-14
2.5361e+13	3.8999e-15	1.5407e-14
2.5567e+13	3.5388e-15	1.5149e-14
2.5773e+13	3.0388e-15	1.4683e-14
2.5979e+13	3.3281e-15	1.4152e-14
2.6186e+13	3.5742e-15	1.3761e-14
2.6392e+13	3.1374e-15	1.3849e-14
2.6598e+13	2.8925e-15	1.4214e-14
2.6804e+13	3.1601e-15	1.3955e-14
2.701e+13	3.0681e-15	1.3145e-14
2.7216e+13	2.5553e-15	1.3022e-14
2.7423e+13	2.5131e-15	1.3602e-14
2.7629e+13	2.9519e-15	1.3683e-14
2.7835e+13	3.0777e-15	1.332e-14
2.8041e+13	2.817e-15	1.3327e-14
2.8247e+13	2.6861e-15	1.3414e-14
2.8454e+13	2.6891e-15	1.3284e-14
2.866e+13	2.5322e-15	1.329e-14
2.8866e+13	2.3377e-15	1.2932e-14
2.9072e+13	2.2968e-15	1.1883e-14
2.9278e+13	2.2494e-15	1.1584e-14
2.9485e+13	2.1508e-15	1.2478e-14
2.9691e+13	2.2237e-15	1.2732e-14
2.9897e+13	2.3587e-15	1.2288e-14
3.0103e+13	2.2069e-15	1.3085e-14
3.0309e+13	1.9315e-15	1.415e-14
3.0515e+13	1.9724e-15	1.2946e-14
3.0722e+13	2.2198e-15	1.1046e-14
3.0928e+13	2.2771e-15	1.1509e-14
3.1134e+13	2.1741e-15	1.2908e-14
3.134e+13	2.1026e-15	1.2463e-14
3.1546e+13	1.9786e-15	1.1367e-14
3.1753e+13	1.7895e-15	1.1573e-14
3.1959e+13	1.7628e-15	1.1854e-14
3.2165e+13	1.8954e-15	1.1077e-14
3.2371e+13	1.9087e-15	1.065e-14
3.2577e+13	1.7541e-15	1.1213e-14
3.2784e+13	1.654e-15	1.1381e-14
3.299e+13	1.6918e-15	1.0924e-14
3.3196e+13	1.742e-15	1.1126e-14
3.3402e+13	1.7202e-15	1.183e-14
3.3608e+13	1.6683e-15	1.1795e-14
3.3814e+13	1.642e-15	1.1366e-14
3.4021e+13	1.6222e-15	1.1562e-14
3.4227e+13	1.5539e-15	1.1717e-14
3.4433e+13	1.4501e-15	1.0927e-14
3.4639e+13	1.3906e-15	1.0128e-14
3.4845e+13	1.4177e-15	1.0329e-14
3.5052e+13	1.5045e-15	1.093e-14
3.5258e+13	1.5896e-15	1.1289e-14
3.5464e+13	1.6013e-15	1.1488e-14
3.567e+13	1.5235e-15	1.1263e-14
3.5876e+13	1.4336e-15	1.0695e-14
3.6082e+13	1.3903e-15	1.081e-14
3.6289e+13	1.3587e-15	1.1373e-14
3.6495e+13	1.311e-15	1.0826e-14
3.6701e+13	1.2742e-15	9.6355e-15
3.6907e+13	1.2685e-15	9.7827e-15
3.7113e+13	1.314e-15	1.0895e-14
3.732e+13	1.4143e-15	1.1173e-14
3.7526e+13	1.4634e-15	1.0823e-14
3.7732e+13	1.3699e-15	1.0816e-14
3.7938e+13	1.2654e-15	1.0834e-14
3.8144e+13	1.3137e-15	1.0783e-14
3.8351e+13	1.4245e-15	1.1087e-14
3.8557e+13	1.4521e-15	1.1077e-14
3.8763e+13	1.4582e-15	1.0348e-14
3.8969e+13	1.5058e-15	1.0197e-14
3.9175e+13	1.496e-15	1.1096e-14
3.9381e+13	1.4038e-15	1.1621e-14
3.9588e+13	1.3432e-15	1.1218e-14
3.9794e+13	1.3296e-15	1.0821e-14
4e+13	1.2897e-15	1.0745e-14
4.0206e+13	1.2436e-15	1.059e-14
4.0412e+13	1.2283e-15	1.0283e-14
4.0619e+13	1.2174e-15	9.9931e-15
4.0825e+13	1.2362e-15	1.0135e-14
4.1031e+13	1.3068e-15	1.0891e-14
4.1237e+13	1.3123e-15	1.1256e-14
4.1443e+13	1.2033e-15	1.0579e-14
4.1649e+13	1.164e-15	1.0147e-14
4.1856e+13	1.3053e-15	1.0707e-14
4.2062e+13	1.4483e-15	1.0971e-14
4.2268e+13	1.4151e-15	1.0587e-14
4.2474e+13	1.2714e-15	1.068e-14
4.268e+13	1.1839e-15	1.091e-14
4.2887e+13	1.2284e-15	1.0413e-14
4.3093e+13	1.3246e-15	1.0174e-14
4.3299e+13	1.325e-15	1.0767e-14
4.3505e+13	1.259e-15	1.1001e-14
4.3711e+13	1.3079e-15	1.074e-14
4.3918e+13	1.4126e-15	1.0809e-14
4.4124e+13	1.3175e-15	1.0717e-14
4.433e+13	1.1083e-15	1.0405e-14
4.4536e+13	1.122e-15	1.1036e-14
4.4742e+13	1.3027e-15	1.1764e-14
4.4948e+13	1.316e-15	1.0901e-14
4.5155e+13	1.1836e-15	9.9464e-15
4.5361e+13	1.1555e-15	1.0629e-14
4.5567e+13	1.2216e-15	1.1239e-14
4.5773e+13	1.2713e-15	1.082e-14
4.5979e+13	1.3506e-15	1.1213e-14
4.6186e+13	1.4327e-15	1.2176e-14
4.6392e+13	1.371e-15	1.1616e-14
4.6598e+13	1.2e-15	1.047e-14
4.6804e+13	1.0962e-15	1.045e-14
4.701e+13	1.1066e-15	1.03e-14
4.7216e+13	1.1713e-15	9.6046e-15
4.7423e+13	1.2285e-15	1.0339e-14
4.7629e+13	1.2056e-15	1.1762e-14
4.7835e+13	1.1116e-15	1.1003e-14
4.8041e+13	1.0591e-15	8.9518e-15
4.8247e+13	1.0653e-15	8.5907e-15
4.8454e+13	1.0449e-15	9.4939e-15
4.866e+13	1.0159e-15	9.5684e-15
4.8866e+13	1.0473e-15	8.9593e-15
4.9072e+13	1.0876e-15	8.6914e-15
4.9278e+13	1.0599e-15	8.731e-15
4.9485e+13	9.8099e-16	8.7544e-15
4.9691e+13	8.9887e-16	8.5624e-15
4.9897e+13	8.6183e-16	8.0919e-15
5.0103e+13	8.9141e-16	7.8092e-15
5.0309e+13	9.0534e-16	7.939e-15
5.0515e+13	8.3442e-16	7.9273e-15
5.0722e+13	7.7485e-16	7.596e-15
5.0928e+13	8.0762e-16	7.3105e-15
5.1134e+13	8.3316e-16	7.0282e-15
5.134e+13	7.7917e-16	6.8097e-15
5.1546e+13	7.2659e-16	7.0482e-15
5.1753e+13	7.24e-16	7.261e-15
5.1959e+13	7.3057e-16	6.8227e-15
5.2165e+13	7.3602e-16	6.5384e-15
5.2371e+13	7.4682e-16	6.9421e-15
5.2577e+13	7.437e-16	6.8474e-15
5.2784e+13	7.2846e-16	5.8612e-15
5.299e+13	7.064e-16	5.4109e-15
5.3196e+13	6.725e-16	5.8794e-15
5.3402e+13	6.6545e-16	6.0968e-15
5.3608e+13	7.0014e-16	5.834e-15
5.3814e+13	7.0457e-16	5.6553e-15
5.4021e+13	6.6525e-16	5.3496e-15
5.4227e+13	6.5619e-16	4.8658e-15
5.4433e+13	6.6012e-16	4.8969e-15
5.4639e+13	6.1879e-16	5.2701e-15
5.4845e+13	5.9027e-16	5.0421e-15
5.5052e+13	6.0661e-16	4.4067e-15
5.5258e+13	5.8954e-16	4.3187e-15
5.5464e+13	5.4927e-16	4.7236e-15
5.567e+13	5.5566e-16	4.9079e-15
5.5876e+13	5.5103e-16	4.8011e-15
5.6082e+13	5.0436e-16	4.7228e-15
5.6289e+13	5.1105e-16	4.5957e-15
5.6495e+13	5.3991e-16	4.2302e-15
5.6701e+13	4.7804e-16	3.898e-15
5.6907e+13	4.2234e-16	3.9537e-15
5.7113e+13	4.7557e-16	4.1311e-15
5.732e+13	4.992e-16	3.985e-15
5.7526e+13	4.4283e-16	3.8e-15
5.7732e+13	4.6101e-16	3.9988e-15
5.7938e+13	5.2007e-16	4.1005e-15
5.8144e+13	4.6284e-16	3.6418e-15
5.8351e+13	3.9472e-16	3.2912e-15
5.8557e+13	4.5162e-16	3.5625e-15
5.8763e+13	4.9486e-16	3.746e-15
5.8969e+13	4.3991e-16	3.4369e-15
5.9175e+13	4.1754e-16	3.3471e-15
5.9381e+13	4.4097e-16	3.6645e-15
5.9588e+13	4.1541e-16	3.657e-15
5.9794e+13	3.9699e-16	3.3258e-15
6e+13	4.3986e-16	3.3662e-15
6.0206e+13	4.5413e-16	3.6091e-15
6.0412e+13	4.2065e-16	3.4179e-15
6.0619e+13	4.0789e-16	3.0739e-15
6.0825e+13	3.9691e-16	3.1358e-15
6.1031e+13	3.7165e-16	3.2652e-15
6.1237e+13	3.83e-16	3.0148e-15
6.1443e+13	4.014e-16	2.8019e-15
6.1649e+13	3.8004e-16	3.0244e-15
6.1856e+13	3.8135e-16	3.2431e-15
6.2062e+13	4.1209e-16	3.1021e-15
6.2268e+13	3.8816e-16	2.9717e-15
6.2474e+13	3.4835e-16	3.0248e-15
6.268e+13	3.7085e-16	2.8925e-15
6.2887e+13	3.821e-16	2.6616e-15
6.3093e+13	3.4017e-16	2.8264e-15
6.3299e+13	3.3884e-16	3.1267e-15
6.3505e+13	3.7739e-16	2.9413e-15
6.3711e+13	3.717e-16	2.5651e-15
6.3918e+13	3.5618e-16	2.6002e-15
6.4124e+13	3.718e-16	2.7874e-15
6.433e+13	3.6203e-16	2.7313e-15
6.4536e+13	3.3723e-16	2.7074e-15
6.4742e+13	3.4686e-16	2.8624e-15
6.4948e+13	3.3648e-16	2.8653e-15
6.5155e+13	2.9973e-16	2.6937e-15
6.5361e+13	3.2858e-16	2.6206e-15
6.5567e+13	3.7931e-16	2.6355e-15
6.5773e+13	3.4928e-16	2.6576e-15
6.5979e+13	3.1735e-16	2.7122e-15
6.6186e+13	3.4682e-16	2.6766e-15
6.6392e+13	3.2787e-16	2.5547e-15
6.6598e+13	2.6792e-16	2.6039e-15
6.6804e+13	3.1102e-16	2.7187e-15
6.701e+13	3.9616e-16	2.5941e-15
6.7216e+13	3.6592e-16	2.482e-15
6.7423e+13	2.944e-16	2.6496e-15
6.7629e+13	3.0738e-16	2.7154e-15
6.7835e+13	3.3897e-16	2.5371e-15
6.8041e+13	3.1793e-16	2.5889e-15
6.8247e+13	2.8995e-16	2.8531e-15
6.8454e+13	2.8227e-16	2.8013e-15
6.866e+13	2.9061e-16	2.5133e-15
6.8866e+13	3.2244e-16	2.4293e-15
6.9072e+13	3.4246e-16	2.5083e-15
6.9278e+13	3.2512e-16	2.5947e-15
6.9485e+13	3.1856e-16	2.7331e-15
6.9691e+13	3.298e-16	2.7818e-15
6.9897e+13	3.1166e-16	2.6511e-15
7.0103e+13	2.9459e-16	2.6107e-15
7.0309e+13	3.2057e-16	2.711e-15
7.0515e+13	3.3658e-16	2.6984e-15
7.0722e+13	3.1931e-16	2.6449e-15
7.0928e+13	3.1796e-16	2.7048e-15
7.1134e+13	3.2089e-16	2.6886e-15
7.134e+13	2.9892e-16	2.6177e-15
7.1546e+13	2.9887e-16	2.7621e-15
7.1753e+13	3.2462e-16	2.8796e-15
7.1959e+13	3.1334e-16	2.6216e-15
7.2165e+13	2.8783e-16	2.3737e-15
7.2371e+13	3.0719e-16	2.5516e-15
7.2577e+13	3.3489e-16	2.8305e-15
7.2784e+13	3.3272e-16	2.8444e-15
7.299e+13	3.2506e-16	2.7003e-15
7.3196e+13	3.0995e-16	2.579e-15
7.3402e+13	2.8814e-16	2.6098e-15
7.3608e+13	3.0312e-16	2.8172e-15
7.3814e+13	3.3389e-16	2.8885e-15
7.4021e+13	3.2797e-16	2.7003e-15
7.4227e+13	3.2689e-16	2.6843e-15
7.4433e+13	3.5151e-16	2.8854e-15
7.4639e+13	3.3074e-16	2.7739e-15
7.4845e+13	2.8743e-16	2.5284e-15
7.5052e+13	3.1137e-16	2.8024e-15
7.5258e+13	3.4707e-16	3.1885e-15
7.5464e+13	3.2547e-16	2.9275e-15
7.567e+13	3.2756e-16	2.5295e-15
7.5876e+13	3.6717e-16	2.7086e-15
7.6082e+13	3.4358e-16	2.9443e-15
7.6289e+13	3.0645e-16	2.7488e-15
7.6495e+13	3.5876e-16	2.6667e-15
7.6701e+13	3.9892e-16	2.9242e-15
7.6907e+13	3.4117e-16	2.9695e-15
7.7113e+13	3.0769e-16	2.7834e-15
7.732e+13	3.4539e-16	2.8526e-15
7.7526e+13	3.4559e-16	3.0584e-15
7.7732e+13	3.159e-16	3.0582e-15
7.7938e+13	3.346e-16	3.0398e-15
7.8144e+13	3.5308e-16	3.1125e-15
7.8351e+13	3.3666e-16	2.9889e-15
7.8557e+13	3.4785e-16	2.7385e-15
7.8763e+13	3.7317e-16	2.7479e-15
7.8969e+13	3.616e-16	2.963e-15
7.9175e+13	3.5978e-16	3.1078e-15
7.9381e+13	3.8085e-16	3.2053e-15
7.9588e+13	3.6648e-16	3.2575e-15
7.9794e+13	3.5828e-16	3.1358e-15
8e+13	4.0962e-16	3.0159e-15
8.0206e+13	4.2894e-16	3.1066e-15
8.0412e+13	3.7783e-16	3.1576e-15
8.0619e+13	3.6737e-16	2.9901e-15
8.0825e+13	4.0602e-16	2.9284e-15
8.1031e+13	3.9481e-16	3.1356e-15
8.1237e+13	3.6734e-16	3.3258e-15
8.1443e+13	3.9845e-16	3.4027e-15
8.1649e+13	4.2579e-16	3.5325e-15
8.1856e+13	4.0363e-16	3.6572e-15
8.2062e+13	3.9312e-16	3.6471e-15
8.2268e+13	4.0795e-16	3.6139e-15
8.2474e+13	4.1879e-16	3.6649e-15
8.268e+13	4.4694e-16	3.7837e-15
8.2887e+13	4.7787e-16	3.9391e-15
8.3093e+13	4.6369e-16	3.9718e-15
8.3299e+13	4.545e-16	3.8054e-15
8.3505e+13	4.9321e-16	3.7814e-15
8.3711e+13	4.8923e-16	4.0472e-15
8.3918e+13	4.1914e-16	4.0913e-15
8.4124e+13	4.1628e-16	3.7388e-15
8.433e+13	5.0147e-16	3.6016e-15
8.4536e+13	5.3146e-16	3.8493e-15
8.4742e+13	4.8434e-16	3.9632e-15
8.4948e+13	4.7828e-16	3.9526e-15
8.5155e+13	5.189e-16	4.1824e-15
8.5361e+13	5.1025e-16	4.3623e-15
8.5567e+13	4.6013e-16	4.2216e-15
8.5773e+13	4.574e-16	4.1967e-15
8.5979e+13	5.0748e-16	4.3978e-15
8.6186e+13	5.3807e-16	4.3646e-15
8.6392e+13	5.2659e-16	4.2129e-15
8.6598e+13	5.209e-16	4.3736e-15
8.6804e+13	5.4409e-16	4.5903e-15
8.701e+13	5.5977e-16	4.5856e-15
8.7216e+13	5.4551e-16	4.6666e-15
8.7423e+13	5.2763e-16	4.8448e-15
8.7629e+13	5.3277e-16	4.8031e-15
8.7835e+13	5.6845e-16	4.7749e-15
8.8041e+13	6.2369e-16	5.0041e-15
8.8247e+13	6.4578e-16	5.0679e-15
8.8454e+13	6.0053e-16	4.8256e-15
8.866e+13	5.5814e-16	4.7746e-15
8.8866e+13	5.8349e-16	5.0115e-15
8.9072e+13	6.0456e-16	5.2249e-15
8.9278e+13	5.6123e-16	5.4238e-15
8.9485e+13	5.4606e-16	5.5928e-15
8.9691e+13	6.1689e-16	5.5313e-15
8.9897e+13	6.6769e-16	5.4769e-15
9.0103e+13	6.3816e-16	5.6858e-15
9.0309e+13	6.2152e-16	5.7407e-15
9.0515e+13	6.6643e-16	5.4128e-15
9.0722e+13	7.0264e-16	5.2348e-15
9.0928e+13	7.002e-16	5.4969e-15
9.1134e+13	7.0191e-16	5.8664e-15
9.134e+13	7.0987e-16	6.0583e-15
9.1546e+13	6.9291e-16	5.9603e-15
9.1753e+13	6.6857e-16	5.7073e-15
9.1959e+13	6.748e-16	5.8285e-15
9.2165e+13	6.9967e-16	6.3003e-15
9.2371e+13	7.0942e-16	6.303e-15
9.2577e+13	7.2066e-16	5.943e-15
9.2784e+13	7.7438e-16	6.2817e-15
9.299e+13	8.3618e-16	7.0239e-15
9.3196e+13	8.2062e-16	6.9008e-15
9.3402e+13	7.5055e-16	6.2699e-15
9.3608e+13	7.5845e-16	6.4118e-15
9.3814e+13	8.6431e-16	7.1638e-15
9.4021e+13	9.1488e-16	7.6655e-15
9.4227e+13	8.2932e-16	7.7806e-15
9.4433e+13	7.3611e-16	7.4671e-15
9.4639e+13	7.6411e-16	6.8384e-15
9.4845e+13	8.4781e-16	6.7447e-15
9.5052e+13	8.6102e-16	7.306e-15
9.5258e+13	8.336e-16	7.4178e-15
9.5464e+13	8.7924e-16	7.0565e-15
9.567e+13	9.5996e-16	7.3615e-15
9.5876e+13	9.2276e-16	8.0297e-15
9.6082e+13	7.8436e-16	7.8789e-15
9.6289e+13	7.4115e-16	7.3634e-15
9.6495e+13	8.3566e-16	7.508e-15
9.6701e+13	8.834e-16	7.8652e-15
9.6907e+13	8.1765e-16	7.7243e-15
9.7113e+13	8.1246e-16	7.4049e-15
9.732e+13	9.53e-16	7.351e-15
9.7526e+13	1.0694e-15	7.6783e-15
9.7732e+13	1.0249e-15	8.3155e-15
9.7938e+13	9.2485e-16	8.6193e-15
9.8144e+13	9.13e-16	8.1876e-15
9.8351e+13	9.5946e-16	7.9256e-15
9.8557e+13	9.7647e-16	8.4928e-15
9.8763e+13	9.8134e-16	8.9977e-15
9.8969e+13	1.0171e-15	8.8621e-15
9.9175e+13	1.0487e-15	8.7424e-15
9.9381e+13	1.0464e-15	8.7416e-15
9.9588e+13	1.0392e-15	8.3994e-15
9.9794e+13	1.0285e-15	8.249e-15
1e+14	9.9601e-16	8.8511e-15
1.0021e+14	9.8512e-16	9.4894e-15
1.0041e+14	1.0206e-15	9.5619e-15
1.0062e+14	1.0465e-15	9.4166e-15
1.0082e+14	1.0592e-15	9.2721e-15
1.0103e+14	1.1049e-15	9.2055e-15
1.0124e+14	1.1199e-15	9.4866e-15
1.0144e+14	1.0536e-15	9.7024e-15
1.0165e+14	1.0317e-15	9.308e-15
1.0186e+14	1.0975e-15	9.0077e-15
1.0206e+14	1.0838e-15	9.2997e-15
1.0227e+14	9.9022e-16	9.2147e-15
1.0247e+14	1.0162e-15	8.6544e-15
1.0268e+14	1.114e-15	9.0018e-15
1.0289e+14	1.0994e-15	1.0046e-14
1.0309e+14	1.0904e-15	1.015e-14
1.033e+14	1.2125e-15	9.5169e-15
1.0351e+14	1.2359e-15	9.3231e-15
1.0371e+14	1.058e-15	9.1729e-15
1.0392e+14	9.5808e-16	8.7687e-15
1.0412e+14	1.0212e-15	9.1371e-15
1.0433e+14	1.0303e-15	1.0078e-14
1.0454e+14	1.0006e-15	1.0146e-14
1.0474e+14	1.0756e-15	9.5905e-15
1.0495e+14	1.1166e-15	9.4772e-15
1.0515e+14	1.0144e-15	9.25e-15
1.0536e+14	9.4636e-16	8.421e-15
1.0557e+14	9.6838e-16	8.0528e-15
1.0577e+14	9.5869e-16	8.4829e-15
1.0598e+14	9.8429e-16	8.7028e-15
1.0619e+14	1.1033e-15	8.493e-15
1.0639e+14	1.1036e-15	8.282e-15
1.066e+14	9.2529e-16	7.9114e-15
1.068e+14	8.1314e-16	7.5339e-15
1.0701e+14	8.2057e-16	7.6989e-15
1.0722e+14	7.9489e-16	7.939e-15
1.0742e+14	7.8182e-16	7.6098e-15
1.0763e+14	8.5242e-16	7.2327e-15
1.0784e+14	8.6386e-16	7.1348e-15
1.0804e+14	7.907e-16	6.8925e-15
1.0825e+14	7.866e-16	6.8545e-15
1.0845e+14	8.054e-16	7.3811e-15
1.0866e+14	7.2192e-16	7.3418e-15
1.0887e+14	6.5328e-16	6.2479e-15
1.0907e+14	6.8787e-16	5.6743e-15
1.0928e+14	6.9419e-16	6.3047e-15
1.0948e+14	6.6405e-16	6.7623e-15
1.0969e+14	7.2218e-16	6.5016e-15
1.099e+14	7.8156e-16	6.3249e-15
1.101e+14	7.1193e-16	6.2117e-15
1.1031e+14	6.3888e-16	5.78e-15
1.1052e+14	6.7303e-16	5.547e-15
1.1072e+14	7.0178e-16	5.6286e-15
1.1093e+14	6.6352e-16	5.356e-15
1.1113e+14	6.3215e-16	4.9471e-15
1.1134e+14	6.1539e-16	5.0976e-15
1.1155e+14	5.8423e-16	5.3788e-15
1.1175e+14	5.6075e-16	5.1578e-15
1.1196e+14	5.2966e-16	4.7717e-15
1.1216e+14	4.8108e-16	4.5274e-15
1.1237e+14	4.8744e-16	4.2636e-15
1.1258e+14	5.3487e-16	4.1295e-15
1.1278e+14	5.0831e-16	4.2407e-15
1.1299e+14	4.4713e-16	4.2464e-15
1.132e+14	4.7493e-16	4.1276e-15
1.134e+14	5.2148e-16	4.1474e-15
1.1361e+14	4.8042e-16	4.0359e-15
1.1381e+14	4.4666e-16	3.6448e-15
1.1402e+14	4.8709e-16	3.5062e-15
1.1423e+14	4.8385e-16	3.6774e-15
1.1443e+14	4.0113e-16	3.5715e-15
1.1464e+14	3.5565e-16	3.3009e-15
1.1485e+14	3.6658e-16	3.3629e-15
1.1505e+14	3.6238e-16	3.4252e-15
1.1526e+14	3.6124e-16	3.1206e-15
1.1546e+14	3.9033e-16	2.9412e-15
1.1567e+14	3.8647e-16	3.1181e-15
1.1588e+14	3.3181e-16	3.1177e-15
1.1608e+14	2.9904e-16	2.8247e-15
1.1629e+14	3.0795e-16	2.6634e-15
1.1649e+14	3.1031e-16	2.6111e-15
1.167e+14	2.9796e-16	2.4153e-15
1.1691e+14	2.956e-16	2.2602e-15
1.1711e+14	2.9581e-16	2.3088e-15
1.1732e+14	2.7841e-16	2.3096e-15
1.1753e+14	2.5305e-16	2.1178e-15
1.1773e+14	2.4851e-16	1.9513e-15
1.1794e+14	2.6877e-16	2.0028e-15
1.1814e+14	2.7527e-16	2.1738e-15
1.1835e+14	2.4415e-16	2.1755e-15
1.1856e+14	2.1803e-16	1.8951e-15
1.1876e+14	2.3477e-16	1.6565e-15
1.1897e+14	2.5063e-16	1.768e-15
1.1918e+14	2.2041e-16	1.9611e-15
1.1938e+14	1.8473e-16	1.8518e-15
1.1959e+14	1.9124e-16	1.6338e-15
1.1979e+14	2.102e-16	1.6632e-15
1.2e+14	1.9881e-16	1.7909e-15
1.2021e+14	1.7301e-16	1.7028e-15
1.2041e+14	1.6694e-16	1.4922e-15
1.2062e+14	1.7814e-16	1.4255e-15
1.2082e+14	1.8205e-16	1.4737e-15
1.2103e+14	1.7071e-16	1.4258e-15
1.2124e+14	1.5718e-16	1.2891e-15
1.2144e+14	1.4865e-16	1.263e-15
1.2165e+14	1.3952e-16	1.3361e-15
1.2186e+14	1.3612e-16	1.2848e-15
1.2206e+14	1.4895e-16	1.1445e-15
1.2227e+14	1.5729e-16	1.1856e-15
1.2247e+14	1.3775e-16	1.3328e-15
1.2268e+14	1.164e-16	1.2486e-15
1.2289e+14	1.2555e-16	1.0101e-15
1.2309e+14	1.4291e-16	9.8142e-16
1.233e+14	1.3943e-16	1.1192e-15
1.2351e+14	1.2995e-16	1.1055e-15
1.2371e+14	1.2496e-16	9.4814e-16
1.2392e+14	1.0791e-16	8.7477e-16
1.2412e+14	8.8694e-17	9.2136e-16
1.2433e+14	9.5675e-17	9.837e-16
1.2454e+14	1.1337e-16	9.9323e-16
1.2474e+14	1.0856e-16	9.2396e-16
1.2495e+14	9.4316e-17	8.326e-16
1.2515e+14	9.8558e-17	8.1326e-16
1.2536e+14	1.0944e-16	8.339e-16
1.2557e+14	1.0671e-16	8.0859e-16
1.2577e+14	1.0025e-16	7.728e-16
1.2598e+14	9.9559e-17	7.7883e-16
1.2619e+14	9.2941e-17	7.7473e-16
1.2639e+14	8.0151e-17	7.3138e-16
1.266e+14	7.9884e-17	6.9769e-16
1.268e+14	9.0924e-17	6.8841e-16
1.2701e+14	9.0311e-17	6.8011e-16
1.2722e+14	7.7295e-17	6.717e-16
1.2742e+14	7.4299e-17	6.628e-16
1.2763e+14	8.2437e-17	6.5408e-16
1.2784e+14	8.2291e-17	6.5693e-16
1.2804e+14	7.4073e-17	6.4496e-16
1.2825e+14	7.1535e-17	5.9258e-16
1.2845e+14	7.0653e-17	5.5604e-16
1.2866e+14	6.4853e-17	5.7902e-16
1.2887e+14	6.4117e-17	5.9659e-16
1.2907e+14	6.881e-17	5.5757e-16
1.2928e+14	6.4116e-17	5.1071e-16
1.2948e+14	5.5404e-17	4.9552e-16
1.2969e+14	6.0942e-17	4.9115e-16
1.299e+14	7.1604e-17	4.8586e-16
1.301e+14	6.7279e-17	4.8641e-16
1.3031e+14	5.6085e-17	4.8834e-16
1.3052e+14	5.534e-17	4.8379e-16
1.3072e+14	6.061e-17	4.6139e-16
1.3093e+14	6.1259e-17	4.2211e-16
1.3113e+14	5.8049e-17	4.0483e-16
1.3134e+14	5.4925e-17	4.2665e-16
1.3155e+14	5.4687e-17	4.3963e-16
1.3175e+14	5.7515e-17	4.2215e-16
1.3196e+14	5.6549e-17	4.1575e-16
1.3216e+14	5.0077e-17	4.2364e-16
1.3237e+14	4.8699e-17	4.0513e-16
1.3258e+14	5.3849e-17	3.729e-16
1.3278e+14	5.3108e-17	3.6607e-16
1.3299e+14	4.6442e-17	3.6955e-16
1.332e+14	4.4782e-17	3.544e-16
1.334e+14	4.5449e-17	3.3036e-16
1.3361e+14	4.1547e-17	3.1458e-16
1.3381e+14	3.936e-17	3.0998e-16
1.3402e+14	4.1612e-17	3.1282e-16
1.3423e+14	4.0099e-17	3.1151e-16
1.3443e+14	3.6307e-17	3.0261e-16
1.3464e+14	3.8458e-17	2.9879e-16
1.3485e+14	4.1421e-17	3.0254e-16
1.3505e+14	3.7959e-17	3.0778e-16
1.3526e+14	3.4801e-17	3.1502e-16
1.3546e+14	3.7229e-17	3.1155e-16
1.3567e+14	3.8853e-17	2.8629e-16
1.3588e+14	3.6409e-17	2.658e-16
1.3608e+14	3.441e-17	2.6575e-16
1.3629e+14	3.4895e-17	2.5807e-16
1.3649e+14	3.6339e-17	2.4411e-16
1.367e+14	3.713e-17	2.5563e-16
1.3691e+14	3.5845e-17	2.684e-16
1.3711e+14	3.4391e-17	2.4889e-16
1.3732e+14	3.5952e-17	2.3616e-16
1.3753e+14	3.7103e-17	2.5366e-16
1.3773e+14	3.3218e-17	2.5542e-16
1.3794e+14	2.8708e-17	2.3481e-16
1.3814e+14	2.9028e-17	2.3275e-16
1.3835e+14	3.0911e-17	2.3675e-16
1.3856e+14	3.0577e-17	2.2266e-16
1.3876e+14	3.0057e-17	2.2185e-16
1.3897e+14	3.0722e-17	2.399e-16
1.3918e+14	3.1717e-17	2.345e-16
1.3938e+14	3.3558e-17	2.1004e-16
1.3959e+14	3.5426e-17	2.0151e-16
1.3979e+14	3.4369e-17	2.019e-16
1.4e+14	3.0417e-17	2.0107e-16
1.4021e+14	2.6403e-17	2.1005e-16
1.4041e+14	2.4322e-17	2.1761e-16
1.4062e+14	2.5707e-17	2.1457e-16
1.4082e+14	3.0442e-17	2.1762e-16
1.4103e+14	3.4437e-17	2.1652e-16
1.4124e+14	3.4049e-17	1.9385e-16
1.4144e+14	3.0717e-17	1.8206e-16
1.4165e+14	2.8067e-17	1.9536e-16
1.4186e+14	2.7911e-17	1.9217e-16
1.4206e+14	2.9019e-17	1.7401e-16
1.4227e+14	2.8039e-17	1.8177e-16
1.4247e+14	2.4947e-17	1.9193e-16
1.4268e+14	2.4806e-17	1.6997e-16
1.4289e+14	2.8575e-17	1.5604e-16
1.4309e+14	3.016e-17	1.7547e-16
1.433e+14	2.8003e-17	1.8647e-16
1.4351e+14	2.7258e-17	1.7602e-16
1.4371e+14	2.8029e-17	1.7192e-16
1.4392e+14	2.6378e-17	1.7215e-16
1.4412e+14	2.489e-17	1.6873e-16
1.4433e+14	2.7163e-17	1.7508e-16
1.4454e+14	2.8511e-17	1.8231e-16
1.4474e+14	2.5078e-17	1.7443e-16
1.4495e+14	2.2246e-17	1.6806e-16
1.4515e+14	2.4367e-17	1.6978e-16
1.4536e+14	2.6877e-17	1.622e-16
1.4557e+14	2.5059e-17	1.5418e-16
1.4577e+14	2.1701e-17	1.6165e-16
1.4598e+14	2.1775e-17	1.673e-16
1.4619e+14	2.4713e-17	1.6064e-16
1.4639e+14	2.562e-17	1.5601e-16
1.466e+14	2.3072e-17	1.5477e-16
1.468e+14	2.1273e-17	1.5208e-16
1.4701e+14	2.249e-17	1.5168e-16
1.4722e+14	2.337e-17	1.4625e-16
1.4742e+14	2.2003e-17	1.3779e-16
1.4763e+14	2.1228e-17	1.487e-16
1.4784e+14	2.2477e-17	1.66e-16
1.4804e+14	2.3845e-17	1.5651e-16
1.4825e+14	2.4285e-17	1.4259e-16
1.4845e+14	2.3615e-17	1.5294e-16
1.4866e+14	2.1457e-17	1.5522e-16
1.4887e+14	1.973e-17	1.3679e-16
1.4907e+14	2.0663e-17	1.3774e-16
1.4928e+14	2.2023e-17	1.5186e-16
1.4948e+14	2.0887e-17	1.3986e-16
1.4969e+14	1.9358e-17	1.2403e-16
1.499e+14	2.0287e-17	1.3438e-16
1.501e+14	2.2029e-17	1.4227e-16
1.5031e+14	2.2074e-17	1.34e-16
1.5052e+14	2.0848e-17	1.3278e-16
1.5072e+14	1.9594e-17	1.3303e-16
1.5093e+14	1.8783e-17	1.2409e-16
1.5113e+14	1.8911e-17	1.2518e-16
1.5134e+14	1.9868e-17	1.3307e-16
1.5155e+14	2.0427e-17	1.2962e-16
1.5175e+14	2.0068e-17	1.3195e-16
1.5196e+14	1.9911e-17	1.4289e-16
1.5216e+14	2.0616e-17	1.3161e-16
1.5237e+14	2.0903e-17	1.123e-16
1.5258e+14	1.9935e-17	1.197e-16
1.5278e+14	1.9491e-17	1.2855e-16
1.5299e+14	2.0875e-17	1.1851e-16
1.532e+14	2.1936e-17	1.2436e-16
1.534e+14	2.0908e-17	1.4301e-16
1.5361e+14	1.9587e-17	1.3251e-16
1.5381e+14	1.9275e-17	1.1254e-16
1.5402e+14	1.895e-17	1.2018e-16
1.5423e+14	1.8982e-17	1.2842e-16
1.5443e+14	1.9838e-17	1.17e-16
1.5464e+14	1.9192e-17	1.1378e-16
1.5485e+14	1.7339e-17	1.2166e-16
1.5505e+14	1.8516e-17	1.2076e-16
1.5526e+14	2.1395e-17	1.1979e-16
1.5546e+14	2.0129e-17	1.2315e-16
1.5567e+14	1.6977e-17	1.1768e-16
1.5588e+14	1.849e-17	1.1382e-16
1.5608e+14	2.1692e-17	1.2128e-16
1.5629e+14	2.0538e-17	1.2311e-16
1.5649e+14	1.8402e-17	1.2121e-16
1.567e+14	1.9475e-17	1.2855e-16
1.5691e+14	1.9821e-17	1.2566e-16
1.5711e+14	1.7498e-17	1.0704e-16
1.5732e+14	1.7026e-17	1.0414e-16
1.5753e+14	1.8779e-17	1.1526e-16
1.5773e+14	1.8428e-17	1.1334e-16
1.5794e+14	1.6478e-17	1.1075e-16
1.5814e+14	1.6339e-17	1.1778e-16
1.5835e+14	1.7343e-17	1.0982e-16
1.5856e+14	1.7604e-17	9.4888e-17
1.5876e+14	1.7695e-17	1.0389e-16
1.5897e+14	1.8097e-17	1.1646e-16
1.5918e+14	1.8391e-17	1.0649e-16
1.5938e+14	1.8686e-17	9.8263e-17
1.5959e+14	1.8967e-17	1.0391e-16
1.5979e+14	1.9076e-17	1.0354e-16
1.6e+14	1.9178e-17	1.0165e-16
1.6021e+14	1.8712e-17	1.0775e-16
1.6041e+14	1.7577e-17	1.0627e-16
1.6062e+14	1.7494e-17	1.0159e-16
1.6082e+14	1.8464e-17	1.104e-16
1.6103e+14	1.7876e-17	1.1391e-16
1.6124e+14	1.6013e-17	1.0014e-16
1.6144e+14	1.5719e-17	9.3363e-17
1.6165e+14	1.6338e-17	9.5984e-17
1.6186e+14	1.5921e-17	9.187e-17
1.6206e+14	1.6131e-17	9.4531e-17
1.6227e+14	1.7645e-17	1.0841e-16
1.6247e+14	1.7512e-17	1.095e-16
1.6268e+14	1.592e-17	1.0314e-16
1.6289e+14	1.6417e-17	1.0636e-16
1.6309e+14	1.8113e-17	1.0084e-16
1.633e+14	1.7596e-17	8.7454e-17
1.6351e+14	1.6285e-17	9.7029e-17
1.6371e+14	1.6933e-17	1.1146e-16
1.6392e+14	1.7818e-17	9.8952e-17
1.6412e+14	1.7114e-17	9.1772e-17
1.6433e+14	1.6798e-17	1.1027e-16
1.6454e+14	1.8098e-17	1.1258e-16
1.6474e+14	1.8873e-17	9.3682e-17
1.6495e+14	1.7498e-17	9.3238e-17
1.6515e+14	1.5425e-17	1.0169e-16
1.6536e+14	1.5125e-17	9.5283e-17
1.6557e+14	1.6859e-17	9.6911e-17
1.6577e+14	1.81e-17	1.0955e-16
1.6598e+14	1.7179e-17	1.0287e-16
1.6619e+14	1.5971e-17	8.9394e-17
1.6639e+14	1.63e-17	9.4905e-17
1.666e+14	1.6587e-17	9.9626e-17
1.668e+14	1.5493e-17	9.3419e-17
1.6701e+14	1.4786e-17	9.6737e-17
1.6722e+14	1.5413e-17	1.022e-16
1.6742e+14	1.5617e-17	9.5821e-17
1.6763e+14	1.5065e-17	9.7261e-17
1.6784e+14	1.5573e-17	1.0814e-16
1.6804e+14	1.6785e-17	1.0294e-16
1.6825e+14	1.644e-17	8.9956e-17
1.6845e+14	1.5049e-17	9.1336e-17
1.6866e+14	1.5208e-17	9.6274e-17
1.6887e+14	1.6596e-17	9.5912e-17
1.6907e+14	1.6538e-17	9.8869e-17
1.6928e+14	1.5152e-17	9.978e-17
1.6948e+14	1.5038e-17	9.5525e-17
1.6969e+14	1.6169e-17	9.6447e-17
1.699e+14	1.609e-17	9.5041e-17
1.701e+14	1.4948e-17	8.7042e-17
1.7031e+14	1.5155e-17	9.4639e-17
1.7052e+14	1.6446e-17	1.1121e-16
1.7072e+14	1.6339e-17	1.0306e-16
1.7093e+14	1.4954e-17	8.5621e-17
1.7113e+14	1.4761e-17	9.2474e-17
1.7134e+14	1.6194e-17	1.0353e-16
1.7155e+14	1.7237e-17	9.7844e-17
1.7175e+14	1.6808e-17	9.482e-17
1.7196e+14	1.6092e-17	9.6279e-17
1.7216e+14	1.6526e-17	9.0869e-17
1.7237e+14	1.7604e-17	9.6464e-17
1.7258e+14	1.7478e-17	1.118e-16
1.7278e+14	1.5957e-17	1.064e-16
1.7299e+14	1.519e-17	9.3877e-17
1.732e+14	1.6255e-17	1.0279e-16
1.734e+14	1.7498e-17	1.0837e-16
1.7361e+14	1.764e-17	9.6244e-17
1.7381e+14	1.7533e-17	9.841e-17
1.7402e+14	1.7572e-17	1.1014e-16
1.7423e+14	1.6792e-17	1.0034e-16
1.7443e+14	1.5525e-17	9.0647e-17
1.7464e+14	1.5518e-17	1.0271e-16
1.7485e+14	1.6789e-17	1.0576e-16
1.7505e+14	1.765e-17	9.2881e-17
1.7526e+14	1.7879e-17	9.324e-17
1.7546e+14	1.8496e-17	9.9598e-17
1.7567e+14	1.8892e-17	9.5398e-17
1.7588e+14	1.7822e-17	9.8164e-17
1.7608e+14	1.6392e-17	1.0678e-16
1.7629e+14	1.6484e-17	1.0005e-16
1.7649e+14	1.7589e-17	9.3061e-17
1.767e+14	1.8182e-17	1.0192e-16
1.7691e+14	1.796e-17	1.0695e-16
1.7711e+14	1.6932e-17	1.0413e-16
1.7732e+14	1.5566e-17	1.0601e-16
1.7753e+14	1.5805e-17	1.0065e-16
1.7773e+14	1.802e-17	8.9691e-17
1.7794e+14	1.9234e-17	9.7518e-17
1.7814e+14	1.8201e-17	1.0786e-16
1.7835e+14	1.7464e-17	9.5484e-17
1.7856e+14	1.769e-17	8.9262e-17
1.7876e+14	1.6833e-17	1.04e-16
1.7897e+14	1.5674e-17	1.0328e-16
1.7918e+14	1.645e-17	8.7988e-17
1.7938e+14	1.7788e-17	9.4707e-17
1.7959e+14	1.7897e-17	1.1102e-16
1.7979e+14	1.8104e-17	1.1039e-16
1.8e+14	1.8581e-17	1.0577e-16
1.8021e+14	1.7499e-17	1.0088e-16
1.8041e+14	1.5999e-17	8.8204e-17
1.8062e+14	1.6514e-17	9.035e-17
1.8082e+14	1.7999e-17	1.0958e-16
1.8103e+14	1.8885e-17	1.103e-16
1.8124e+14	1.9819e-17	9.9401e-17
1.8144e+14	2.0183e-17	1.0804e-16
1.8165e+14	1.8646e-17	1.1529e-16
1.8186e+14	1.7122e-17	1.0422e-16
1.8206e+14	1.7703e-17	1.0546e-16
1.8227e+14	1.8914e-17	1.1619e-16
1.8247e+14	1.9349e-17	1.0587e-16
1.8268e+14	1.9516e-17	9.8572e-17
1.8289e+14	1.8856e-17	1.1807e-16
1.8309e+14	1.6956e-17	1.274e-16
1.833e+14	1.5874e-17	1.1432e-16
1.8351e+14	1.6712e-17	1.134e-16
1.8371e+14	1.7988e-17	1.1975e-16
1.8392e+14	1.903e-17	1.1051e-16
1.8412e+14	1.9942e-17	1.057e-16
1.8433e+14	1.9676e-17	1.14e-16
1.8454e+14	1.8298e-17	1.124e-16
1.8474e+14	1.7564e-17	1.0827e-16
1.8495e+14	1.7609e-17	1.1659e-16
1.8515e+14	1.7601e-17	1.1618e-16
1.8536e+14	1.8168e-17	1.0416e-16
1.8557e+14	1.9233e-17	1.06e-16
1.8577e+14	1.931e-17	1.1267e-16
1.8598e+14	1.8924e-17	1.0698e-16
1.8619e+14	1.9761e-17	1.0895e-16
1.8639e+14	2.0965e-17	1.2242e-16
1.866e+14	2.0679e-17	1.2199e-16
1.868e+14	1.8999e-17	1.1275e-16
1.8701e+14	1.7227e-17	1.1212e-16
1.8722e+14	1.684e-17	1.1041e-16
1.8742e+14	1.8308e-17	1.0911e-16
1.8763e+14	1.9488e-17	1.2138e-16
1.8784e+14	1.8707e-17	1.2999e-16
1.8804e+14	1.8111e-17	1.2497e-16
1.8825e+14	1.9138e-17	1.2792e-16
1.8845e+14	1.966e-17	1.3251e-16
1.8866e+14	1.9826e-17	1.1838e-16
1.8887e+14	2.2031e-17	1.1302e-16
1.8907e+14	2.3341e-17	1.34e-16
1.8928e+14	1.9667e-17	1.4075e-16
1.8948e+14	1.5748e-17	1.2213e-16
1.8969e+14	1.7824e-17	1.1915e-16
1.899e+14	2.1775e-17	1.3389e-16
1.901e+14	2.1401e-17	1.3601e-16
1.9031e+14	1.9918e-17	1.312e-16
1.9052e+14	2.1813e-17	1.322e-16
1.9072e+14	2.3678e-17	1.2853e-16
1.9093e+14	2.2316e-17	1.2285e-16
1.9113e+14	2.1147e-17	1.2418e-16
1.9134e+14	2.2111e-17	1.238e-16
1.9155e+14	2.1767e-17	1.2471e-16
1.9175e+14	1.9402e-17	1.363e-16
1.9196e+14	1.8999e-17	1.4095e-16
1.9216e+14	2.0981e-17	1.3173e-16
1.9237e+14	2.1401e-17	1.3228e-16
1.9258e+14	1.9874e-17	1.3937e-16
1.9278e+14	1.9454e-17	1.3025e-16
1.9299e+14	1.9868e-17	1.206e-16
1.932e+14	1.9136e-17	1.2849e-16
1.934e+14	1.8718e-17	1.3411e-16
1.9361e+14	1.9928e-17	1.2998e-16
1.9381e+14	2.0616e-17	1.2978e-16
1.9402e+14	2.028e-17	1.2642e-16
1.9423e+14	2.1031e-17	1.2e-16
1.9443e+14	2.1891e-17	1.3252e-16
1.9464e+14	2.0861e-17	1.5041e-16
1.9485e+14	2.0208e-17	1.4317e-16
1.9505e+14	2.1345e-17	1.3089e-16
1.9526e+14	2.1177e-17	1.3841e-16
1.9546e+14	1.9772e-17	1.4446e-16
1.9567e+14	2.128e-17	1.4048e-16
1.9588e+14	2.4435e-17	1.4484e-16
1.9608e+14	2.4276e-17	1.4755e-16
1.9629e+14	2.1989e-17	1.371e-16
1.9649e+14	2.1583e-17	1.3621e-16
1.967e+14	2.1942e-17	1.4629e-16
1.9691e+14	2.1013e-17	1.421e-16
1.9711e+14	2.0601e-17	1.3466e-16
1.9732e+14	2.2071e-17	1.4363e-16
1.9753e+14	2.4013e-17	1.4757e-16
1.9773e+14	2.4808e-17	1.3598e-16
1.9794e+14	2.3702e-17	1.3409e-16
1.9814e+14	2.2024e-17	1.4404e-16
1.9835e+14	2.2581e-17	1.4521e-16
1.9856e+14	2.4183e-17	1.3988e-16
1.9876e+14	2.267e-17	1.3754e-16
1.9897e+14	1.9736e-17	1.3618e-16
1.9918e+14	2.0558e-17	1.3938e-16
1.9938e+14	2.3264e-17	1.463e-16
1.9959e+14	2.2713e-17	1.4502e-16
1.9979e+14	2.0535e-17	1.3851e-16
2e+14	2.0687e-17	1.3632e-16
2.0021e+14	2.2185e-17	1.3502e-16
2.0041e+14	2.2945e-17	1.3923e-16
2.0062e+14	2.261e-17	1.525e-16
2.0082e+14	2.0739e-17	1.5112e-16
2.0103e+14	1.9412e-17	1.3212e-16
2.0124e+14	2.2137e-17	1.3372e-16
2.0144e+14	2.5734e-17	1.5635e-16
2.0165e+14	2.3783e-17	1.5925e-16
2.0186e+14	1.9026e-17	1.4676e-16
2.0206e+14	1.9283e-17	1.4677e-16
2.0227e+14	2.3432e-17	1.4611e-16
2.0247e+14	2.4477e-17	1.3796e-16
2.0268e+14	2.2142e-17	1.4352e-16
2.0289e+14	2.1457e-17	1.4968e-16
2.0309e+14	2.3229e-17	1.3737e-16
2.033e+14	2.3885e-17	1.3689e-16
2.0351e+14	2.2173e-17	1.5605e-16
2.0371e+14	2.1003e-17	1.5328e-16
2.0392e+14	2.257e-17	1.3466e-16
2.0412e+14	2.4718e-17	1.4131e-16
2.0433e+14	2.4581e-17	1.5441e-16
2.0454e+14	2.3249e-17	1.445e-16
2.0474e+14	2.3134e-17	1.3771e-16
2.0495e+14	2.3767e-17	1.4471e-16
2.0515e+14	2.3663e-17	1.4021e-16
2.0536e+14	2.2855e-17	1.3289e-16
2.0557e+14	2.1946e-17	1.393e-16
2.0577e+14	2.1634e-17	1.3842e-16
2.0598e+14	2.2176e-17	1.2996e-16
2.0619e+14	2.2106e-17	1.3885e-16
2.0639e+14	2.079e-17	1.4817e-16
2.066e+14	2.0547e-17	1.3784e-16
2.068e+14	2.2032e-17	1.355e-16
2.0701e+14	2.2598e-17	1.4613e-16
2.0722e+14	2.2283e-17	1.3652e-16
2.0742e+14	2.3406e-17	1.1795e-16
2.0763e+14	2.4185e-17	1.2343e-16
2.0784e+14	2.2253e-17	1.3516e-16
2.0804e+14	2.0738e-17	1.3298e-16
2.0825e+14	2.2081e-17	1.3458e-16
2.0845e+14	2.2981e-17	1.3889e-16
2.0866e+14	2.142e-17	1.2841e-16
2.0887e+14	1.9842e-17	1.2003e-16
2.0907e+14	1.9599e-17	1.3007e-16
2.0928e+14	2.0232e-17	1.3973e-16
2.0948e+14	2.1611e-17	1.3801e-16
2.0969e+14	2.2121e-17	1.3254e-16
2.099e+14	2.0644e-17	1.2365e-16
2.101e+14	1.9935e-17	1.1848e-16
2.1031e+14	2.1066e-17	1.2714e-16
2.1052e+14	2.0609e-17	1.3287e-16
2.1072e+14	1.8855e-17	1.2352e-16
2.1093e+14	1.997e-17	1.199e-16
2.1113e+14	2.2196e-17	1.287e-16
2.1134e+14	2.1291e-17	1.3105e-16
2.1155e+14	2.0298e-17	1.2772e-16
2.1175e+14	2.2294e-17	1.2693e-16
2.1196e+14	2.2403e-17	1.189e-16
2.1216e+14	1.8703e-17	1.1017e-16
2.1237e+14	1.7753e-17	1.2026e-16
2.1258e+14	2.1002e-17	1.3346e-16
2.1278e+14	2.153e-17	1.2518e-16
2.1299e+14	1.8349e-17	1.0938e-16
2.132e+14	1.7727e-17	1.0613e-16
2.134e+14	2.0228e-17	1.1117e-16
2.1361e+14	2.1028e-17	1.1663e-16
2.1381e+14	1.9742e-17	1.1603e-16
2.1402e+14	1.8582e-17	1.0663e-16
2.1423e+14	1.7032e-17	1.0423e-16
2.1443e+14	1.5718e-17	1.1381e-16
2.1464e+14	1.7009e-17	1.115e-16
2.1485e+14	1.8691e-17	9.7676e-17
2.1505e+14	1.7296e-17	1.0067e-16
2.1526e+14	1.6226e-17	1.1066e-16
2.1546e+14	1.9218e-17	1.0102e-16
2.1567e+14	2.1489e-17	9.1449e-17
2.1588e+14	1.8844e-17	1.0119e-16
2.1608e+14	1.6143e-17	1.0454e-16
2.1629e+14	1.6872e-17	9.3274e-17
2.1649e+14	1.6985e-17	9.3575e-17
2.167e+14	1.5579e-17	1.0328e-16
2.1691e+14	1.6862e-17	1.0085e-16
2.1711e+14	1.9527e-17	9.301e-17
2.1732e+14	1.912e-17	9.1713e-17
2.1753e+14	1.7628e-17	9.2427e-17
2.1773e+14	1.8017e-17	9.465e-17
2.1794e+14	1.7674e-17	9.5996e-17
2.1814e+14	1.578e-17	8.7775e-17
2.1835e+14	1.5615e-17	8.0117e-17
2.1856e+14	1.6723e-17	8.5432e-17
2.1876e+14	1.6584e-17	9.0238e-17
2.1897e+14	1.6655e-17	8.7175e-17
2.1918e+14	1.7697e-17	8.8162e-17
2.1938e+14	1.734e-17	8.8973e-17
2.1959e+14	1.6232e-17	8.2072e-17
2.1979e+14	1.6445e-17	8.1524e-17
2.2e+14	1.6312e-17	8.6732e-17
2.2021e+14	1.5482e-17	8.0636e-17
2.2041e+14	1.6695e-17	7.4845e-17
2.2062e+14	1.8305e-17	8.1771e-17
2.2082e+14	1.6867e-17	8.0474e-17
2.2103e+14	1.5052e-17	7.0766e-17
2.2124e+14	1.5611e-17	7.8451e-17
2.2144e+14	1.5807e-17	8.7499e-17
2.2165e+14	1.5155e-17	7.2144e-17
2.2186e+14	1.6098e-17	6.104e-17
2.2206e+14	1.6445e-17	7.3964e-17
2.2227e+14	1.4391e-17	7.9223e-17
2.2247e+14	1.4037e-17	6.9607e-17
2.2268e+14	1.5848e-17	6.9702e-17
2.2289e+14	1.4885e-17	6.9698e-17
2.2309e+14	1.2539e-17	5.7067e-17
2.233e+14	1.3747e-17	5.6409e-17
2.2351e+14	1.5566e-17	6.9536e-17
2.2371e+14	1.3789e-17	6.8482e-17
2.2392e+14	1.1904e-17	6.0522e-17
2.2412e+14	1.2812e-17	6.4033e-17
2.2433e+14	1.3733e-17	6.2618e-17
2.2454e+14	1.3508e-17	5.1615e-17
2.2474e+14	1.3541e-17	5.1655e-17
2.2495e+14	1.3446e-17	5.6427e-17
2.2515e+14	1.3076e-17	5.0918e-17
2.2536e+14	1.3104e-17	4.9304e-17
2.2557e+14	1.2398e-17	5.4885e-17
2.2577e+14	1.1056e-17	5.019e-17
2.2598e+14	1.1249e-17	4.3451e-17
2.2619e+14	1.1867e-17	4.9717e-17
2.2639e+14	1.0855e-17	5.4369e-17
2.266e+14	1.0807e-17	4.9177e-17
2.268e+14	1.3024e-17	4.6702e-17
2.2701e+14	1.346e-17	4.5573e-17
2.2722e+14	1.1242e-17	4.1822e-17
2.2742e+14	1.0422e-17	4.5331e-17
2.2763e+14	1.1343e-17	4.9433e-17
2.2784e+14	1.1294e-17	4.1402e-17
2.2804e+14	1.0749e-17	3.6742e-17
2.2825e+14	1.0893e-17	4.3756e-17
2.2845e+14	1.1044e-17	4.2843e-17
2.2866e+14	1.1274e-17	3.5773e-17
2.2887e+14	1.1448e-17	4.0523e-17
2.2907e+14	1.0555e-17	4.393e-17
2.2928e+14	1.0086e-17	3.4445e-17
2.2948e+14	1.1323e-17	3.291e-17
2.2969e+14	1.143e-17	4.2129e-17
2.299e+14	9.6876e-18	4.1096e-17
2.301e+14	9.8597e-18	3.5339e-17
2.3031e+14	1.1702e-17	3.7888e-17
2.3052e+14	1.1621e-17	3.7159e-17
2.3072e+14	1.0944e-17	3.2261e-17
2.3093e+14	1.1574e-17	3.6291e-17
2.3113e+14	1.0648e-17	3.9074e-17
2.3134e+14	8.4551e-18	3.1648e-17
2.3155e+14	9.3259e-18	3.0083e-17
2.3175e+14	1.1548e-17	3.4785e-17
2.3196e+14	1.0718e-17	3.0802e-17
2.3216e+14	9.3012e-18	2.7841e-17
2.3237e+14	1.016e-17	3.4411e-17
2.3258e+14	1.0288e-17	3.3946e-17
2.3278e+14	8.9628e-18	2.692e-17
2.3299e+14	9.3314e-18	2.9822e-17
2.332e+14	1.0309e-17	3.3361e-17
2.334e+14	9.352e-18	2.8051e-17
2.3361e+14	8.7656e-18	2.879e-17
2.3381e+14	1.0108e-17	3.3818e-17
2.3402e+14	1.0663e-17	2.7432e-17
2.3423e+14	9.7039e-18	2.2029e-17
2.3443e+14	9.2833e-18	2.9038e-17
2.3464e+14	9.4476e-18	3.0873e-17
2.3485e+14	9.309e-18	2.4822e-17
2.3505e+14	9.1464e-18	2.6877e-17
2.3526e+14	8.8698e-18	2.9621e-17
2.3546e+14	8.6142e-18	2.3681e-17
2.3567e+14	9.1985e-18	2.2982e-17
2.3588e+14	9.7263e-18	2.7542e-17
2.3608e+14	9.1171e-18	2.3815e-17
2.3629e+14	8.8842e-18	2.1322e-17
2.3649e+14	9.6365e-18	2.6874e-17
2.367e+14	9.4214e-18	2.4412e-17
2.3691e+14	8.4808e-18	1.6944e-17
2.3711e+14	8.9413e-18	2.1387e-17
2.3732e+14	9.8818e-18	2.5967e-17
2.3753e+14	9.3757e-18	1.9361e-17
2.3773e+14	8.4226e-18	1.7931e-17
2.3794e+14	8.2589e-18	2.3152e-17
2.3814e+14	8.3343e-18	2e-17
2.3835e+14	8.3768e-18	1.723e-17
2.3856e+14	8.3586e-18	2.2971e-17
2.3876e+14	7.9989e-18	2.1678e-17
2.3897e+14	8.1253e-18	1.4912e-17
2.3918e+14	9.1853e-18	1.8657e-17
2.3938e+14	9.6266e-18	2.2318e-17
2.3959e+14	8.967e-18	1.6286e-17
2.3979e+14	8.747e-18	1.6937e-17
2.4e+14	9.0724e-18	2.3751e-17
2.4021e+14	8.895e-18	1.9748e-17
2.4041e+14	8.5286e-18	1.4373e-17
2.4062e+14	8.3241e-18	1.8769e-17
2.4082e+14	8.0808e-18	1.8971e-17
2.4103e+14	8.4727e-18	1.4647e-17
2.4124e+14	9.235e-18	1.9208e-17
2.4144e+14	8.6547e-18	2.1931e-17
2.4165e+14	7.4065e-18	1.4701e-17
2.4186e+14	7.6358e-18	1.4636e-17
2.4206e+14	8.5027e-18	2.0918e-17
2.4227e+14	8.4774e-18	1.6535e-17
2.4247e+14	8.5062e-18	1.1676e-17
2.4268e+14	8.808e-18	1.7531e-17
2.4289e+14	8.4018e-18	1.8297e-17
2.4309e+14	8.2895e-18	1.2351e-17
2.433e+14	8.9671e-18	1.5244e-17
2.4351e+14	8.6046e-18	1.8783e-17
2.4371e+14	7.7206e-18	1.3091e-17
2.4392e+14	8.4527e-18	1.2339e-17
2.4412e+14	9.1785e-18	1.7345e-17
2.4433e+14	8.2053e-18	1.4327e-17
2.4454e+14	8.0464e-18	1.2029e-17
2.4474e+14	9.2825e-18	1.8031e-17
2.4495e+14	8.8832e-18	1.6923e-17
2.4515e+14	7.5279e-18	1.0132e-17
2.4536e+14	8.1107e-18	1.3881e-17
2.4557e+14	8.9669e-18	1.8342e-17
2.4577e+14	8.0944e-18	1.2832e-17
2.4598e+14	7.7837e-18	1.211e-17
2.4619e+14	8.8846e-18	1.7301e-17
2.4639e+14	9.0677e-18	1.3809e-17
2.466e+14	8.3845e-18	9.9309e-18
2.468e+14	8.4177e-18	1.4835e-17
2.4701e+14	8.5156e-18	1.4784e-17
2.4722e+14	8.1181e-18	9.7567e-18
2.4742e+14	7.8471e-18	1.343e-17
2.4763e+14	7.333e-18	1.6707e-17
2.4784e+14	6.7524e-18	1.1274e-17
2.4804e+14	7.3477e-18	1.1463e-17
2.4825e+14	8.112e-18	1.6627e-17
2.4845e+14	7.5793e-18	1.2757e-17
2.4866e+14	7.3688e-18	9.4024e-18
2.4887e+14	8.3243e-18	1.4877e-17
2.4907e+14	8.3759e-18	1.4473e-17
2.4928e+14	7.6077e-18	8.9935e-18
2.4948e+14	8.0922e-18	1.2716e-17
2.4969e+14	8.9147e-18	1.5877e-17
2.499e+14	8.4341e-18	1.0088e-17
2.501e+14	7.7754e-18	1.0451e-17
2.5031e+14	7.5897e-18	1.619e-17
2.5052e+14	7.1366e-18	1.2478e-17
2.5072e+14	7.1698e-18	8.8732e-18
2.5093e+14	8.0657e-18	1.4203e-17
2.5113e+14	8.2431e-18	1.3754e-17
2.5134e+14	7.8034e-18	8.2522e-18
2.5155e+14	8.2678e-18	1.214e-17
2.5175e+14	8.8312e-18	1.5326e-17
2.5196e+14	8.42e-18	8.9629e-18
2.5216e+14	8.0949e-18	8.7108e-18
2.5237e+14	8.094e-18	1.4638e-17
2.5258e+14	7.6673e-18	1.1615e-17
2.5278e+14	7.6145e-18	8.5005e-18
2.5299e+14	8.1713e-18	1.4095e-17
2.532e+14	7.9812e-18	1.3557e-17
2.534e+14	7.4767e-18	7.291e-18
2.5361e+14	7.8275e-18	1.0505e-17
2.5381e+14	7.9569e-18	1.4115e-17
2.5402e+14	7.5665e-18	8.6188e-18
2.5423e+14	8.125e-18	8.565e-18
2.5443e+14	8.672e-18	1.4315e-17
2.5464e+14	7.6992e-18	1.1117e-17
2.5485e+14	7.2236e-18	7.3745e-18
2.5505e+14	8.2571e-18	1.2351e-17
2.5526e+14	8.3176e-18	1.2314e-17
2.5546e+14	7.4571e-18	7.0166e-18
2.5567e+14	8.0035e-18	1.024e-17
2.5588e+14	8.5489e-18	1.3312e-17
2.5608e+14	7.2918e-18	7.7488e-18
2.5629e+14	6.7436e-18	7.7393e-18
2.5649e+14	8.0919e-18	1.3322e-17
2.567e+14	8.5544e-18	1.0328e-17
2.5691e+14	7.6352e-18	6.9434e-18
2.5711e+14	7.5596e-18	1.1644e-17
2.5732e+14	8.1916e-18	1.1295e-17
2.5753e+14	8.2801e-18	6.6173e-18
2.5773e+14	8.14e-18	1.0614e-17
2.5794e+14	7.8473e-18	1.345e-17
2.5814e+14	7.3379e-18	7.2611e-18
2.5835e+14	7.5629e-18	7.4248e-18
2.5856e+14	8.1952e-18	1.3668e-17
2.5876e+14	7.9452e-18	1.079e-17
2.5897e+14	7.6641e-18	7.0353e-18
2.5918e+14	8.2686e-18	1.1655e-17
2.5938e+14	8.3614e-18	1.1522e-17
2.5959e+14	7.6784e-18	6.8265e-18
2.5979e+14	7.6865e-18	1.082e-17
2.6e+14	7.819e-18	1.4201e-17
2.6021e+14	7.0804e-18	8.4381e-18
2.6041e+14	6.9587e-18	7.8713e-18
2.6062e+14	7.9815e-18	1.2834e-17
2.6082e+14	8.4022e-18	9.6153e-18
2.6103e+14	8.2556e-18	6.4785e-18
2.6124e+14	8.6949e-18	1.1442e-17
2.6144e+14	8.7326e-18	1.0913e-17
2.6165e+14	7.8559e-18	5.7224e-18
2.6186e+14	7.7442e-18	9.5962e-18
2.6206e+14	8.4876e-18	1.3013e-17
2.6227e+14	8.4755e-18	7.1867e-18
2.6247e+14	8.065e-18	6.7215e-18
2.6268e+14	8.39e-18	1.2203e-17
2.6289e+14	8.7824e-18	9.4938e-18
2.6309e+14	8.5861e-18	6.5012e-18
2.633e+14	8.3179e-18	1.1723e-17
2.6351e+14	8.1028e-18	1.1645e-17
2.6371e+14	7.7211e-18	6.0915e-18
2.6392e+14	7.4323e-18	8.8125e-18
2.6412e+14	7.4856e-18	1.2003e-17
2.6433e+14	7.9597e-18	7.2101e-18
2.6454e+14	8.5127e-18	7.0815e-18
2.6474e+14	8.1596e-18	1.1519e-17
2.6495e+14	7.1707e-18	8.1325e-18
2.6515e+14	7.3873e-18	5.6318e-18
2.6536e+14	8.6294e-18	1.1263e-17
2.6557e+14	8.6042e-18	1.1004e-17
2.6577e+14	7.4134e-18	5.619e-18
2.6598e+14	7.1957e-18	8.9277e-18
2.6619e+14	7.9312e-18	1.209e-17
2.6639e+14	8.2472e-18	6.7266e-18
2.666e+14	8.178e-18	6.7457e-18
2.668e+14	8.1848e-18	1.2065e-17
2.6701e+14	8.2965e-18	8.7592e-18
2.6722e+14	8.6576e-18	5.2205e-18
2.6742e+14	8.7801e-18	1.0353e-17
2.6763e+14	8.165e-18	1.0788e-17
2.6784e+14	7.8785e-18	5.8411e-18
2.6804e+14	8.3861e-18	8.7899e-18
2.6825e+14	8.2173e-18	1.2067e-17
2.6845e+14	7.4764e-18	7.3051e-18
2.6866e+14	7.9137e-18	6.8868e-18
2.6887e+14	8.6508e-18	1.1027e-17
2.6907e+14	7.8061e-18	7.6736e-18
2.6928e+14	6.7643e-18	5.1334e-18
2.6948e+14	7.3984e-18	1.0632e-17
2.6969e+14	8.6753e-18	1.0611e-17
2.699e+14	9.1919e-18	5.3733e-18
2.701e+14	8.7775e-18	8.3343e-18
2.7031e+14	7.6375e-18	1.161e-17
2.7052e+14	7.0986e-18	6.9995e-18
2.7072e+14	8.0969e-18	7.0203e-18
2.7093e+14	8.5368e-18	1.1709e-17
2.7113e+14	7.123e-18	8.7043e-18
2.7134e+14	6.5935e-18	5.8714e-18
2.7155e+14	8.1146e-18	1.0607e-17
2.7175e+14	8.7895e-18	1.0445e-17
2.7196e+14	7.8529e-18	5.8597e-18
2.7216e+14	7.4805e-18	8.7889e-18
2.7237e+14	7.6e-18	1.0929e-17
2.7258e+14	7.2482e-18	5.7762e-18
2.7278e+14	7.551e-18	6.5279e-18
2.7299e+14	8.4989e-18	1.1709e-17
2.732e+14	8.5083e-18	8.3684e-18
2.734e+14	8.2194e-18	5.5942e-18
2.7361e+14	8.6673e-18	1.0904e-17
2.7381e+14	8.5905e-18	1.0624e-17
2.7402e+14	7.9206e-18	5.563e-18
2.7423e+14	8.2368e-18	9.0488e-18
2.7443e+14	8.6201e-18	1.2174e-17
2.7464e+14	7.6917e-18	6.7308e-18
2.7485e+14	7.2261e-18	6.3307e-18
2.7505e+14	8.1404e-18	1.1181e-17
2.7526e+14	8.2898e-18	8.3395e-18
2.7546e+14	7.3397e-18	5.7808e-18
2.7567e+14	7.2807e-18	1.0833e-17
2.7588e+14	8.0377e-18	1.0152e-17
2.7608e+14	8.3146e-18	4.5996e-18
2.7629e+14	8.3564e-18	7.9e-18
2.7649e+14	8.3961e-18	1.1573e-17
2.767e+14	7.9883e-18	6.919e-18
2.7691e+14	7.6192e-18	6.9047e-18
2.7711e+14	7.7726e-18	1.177e-17
2.7732e+14	7.8933e-18	8.5825e-18
2.7753e+14	7.8187e-18	5.429e-18
2.7773e+14	7.8033e-18	1.0584e-17
2.7794e+14	7.6363e-18	1.0996e-17
2.7814e+14	7.5619e-18	6.0227e-18
2.7835e+14	7.9563e-18	8.5308e-18
2.7856e+14	8.0043e-18	1.1422e-17
2.7876e+14	7.3436e-18	7.0009e-18
2.7897e+14	7.1628e-18	7.266e-18
2.7918e+14	7.7968e-18	1.1793e-17
2.7938e+14	8.2902e-18	8.396e-18
2.7959e+14	8.4392e-18	5.4429e-18
2.7979e+14	8.3277e-18	1.0512e-17
2.8e+14	7.7632e-18	1.0507e-17
2.8021e+14	7.5989e-18	5.6348e-18
2.8041e+14	8.3496e-18	8.8909e-18
2.8062e+14	8.524e-18	1.2072e-17
2.8082e+14	7.6749e-18	6.835e-18
2.8103e+14	7.5355e-18	6.3438e-18
2.8124e+14	8.1009e-18	1.1504e-17
2.8144e+14	7.8328e-18	9.2268e-18
2.8165e+14	7.4454e-18	6.1116e-18
2.8186e+14	8.0115e-18	1.0158e-17
2.8206e+14	8.1863e-18	9.8978e-18
2.8227e+14	7.4643e-18	5.4257e-18
2.8247e+14	7.4315e-18	8.7162e-18
2.8268e+14	8.0702e-18	1.1806e-17
2.8289e+14	8.1404e-18	6.776e-18
2.8309e+14	8.1586e-18	6.2096e-18
2.833e+14	8.5964e-18	1.0884e-17
2.8351e+14	8.4646e-18	8.4814e-18
2.8371e+14	8.0544e-18	5.7633e-18
2.8392e+14	8.5943e-18	1.0258e-17
2.8412e+14	9.222e-18	1.0329e-17
2.8433e+14	8.6283e-18	5.8004e-18
2.8454e+14	7.7231e-18	8.3353e-18
2.8474e+14	7.5395e-18	1.0655e-17
2.8495e+14	7.491e-18	5.8187e-18
2.8515e+14	7.2578e-18	6.1153e-18
2.8536e+14	7.4605e-18	1.1347e-17
2.8557e+14	8.1184e-18	8.9186e-18
2.8577e+14	8.4765e-18	5.8832e-18
2.8598e+14	8.2186e-18	1.0124e-17
2.8619e+14	7.9306e-18	1.0262e-17
2.8639e+14	8.2256e-18	5.9542e-18
2.866e+14	8.6669e-18	8.5345e-18
2.868e+14	8.4576e-18	1.095e-17
2.8701e+14	7.9057e-18	6.4751e-18
2.8722e+14	7.6374e-18	6.8194e-18
2.8742e+14	7.2952e-18	1.1447e-17
2.8763e+14	6.6718e-18	8.5417e-18
2.8784e+14	6.4681e-18	5.7573e-18
2.8804e+14	6.9802e-18	1.0344e-17
2.8825e+14	7.8126e-18	1.0241e-17
2.8845e+14	8.4443e-18	5.5426e-18
2.8866e+14	8.1856e-18	8.3665e-18
2.8887e+14	7.4187e-18	1.1413e-17
2.8907e+14	7.8375e-18	6.9181e-18
2.8928e+14	9.108e-18	6.4146e-18
2.8948e+14	9.001e-18	1.0495e-17
2.8969e+14	8.2535e-18	7.9374e-18
2.899e+14	9.0263e-18	5.498e-18
2.901e+14	9.5867e-18	9.9425e-18
2.9031e+14	8.2048e-18	1.009e-17
2.9052e+14	7.7142e-18	6.1403e-18
2.9072e+14	9.0877e-18	8.8804e-18
2.9093e+14	8.8761e-18	1.0979e-17
2.9113e+14	7.4144e-18	6.4251e-18
2.9134e+14	8.3147e-18	6.9794e-18
2.9155e+14	9.7724e-18	1.1357e-17
2.9175e+14	8.5366e-18	7.9334e-18
2.9196e+14	7.6288e-18	5.2397e-18
2.9216e+14	9.4787e-18	1.0427e-17
2.9237e+14	1.0432e-17	1.0646e-17
2.9258e+14	9.0023e-18	5.841e-18
2.9278e+14	8.3134e-18	8.4304e-18
2.9299e+14	8.4566e-18	1.1218e-17
2.932e+14	7.5021e-18	6.6643e-18
2.934e+14	7.1113e-18	6.623e-18
2.9361e+14	8.532e-18	1.1302e-17
2.9381e+14	9.3117e-18	8.7609e-18
2.9402e+14	8.515e-18	6.0007e-18
2.9423e+14	7.8813e-18	1.0495e-17
2.9443e+14	7.6709e-18	1.0772e-17
2.9464e+14	7.443e-18	6.4966e-18
2.9485e+14	7.8595e-18	8.9948e-18
2.9505e+14	8.6362e-18	1.1297e-17
2.9526e+14	8.984e-18	6.6406e-18
2.9546e+14	9.397e-18	6.7602e-18
2.9567e+14	9.5889e-18	1.1379e-17
2.9588e+14	8.4918e-18	8.5439e-18
2.9608e+14	7.3939e-18	5.5064e-18
2.9629e+14	7.8759e-18	9.8706e-18
2.9649e+14	8.5097e-18	1.0077e-17
2.967e+14	8.1507e-18	5.7715e-18
2.9691e+14	8.0821e-18	8.6352e-18
2.9711e+14	8.4946e-18	1.1765e-17
2.9732e+14	8.3217e-18	7.5505e-18
2.9753e+14	8.1e-18	7.1943e-18
2.9773e+14	8.3081e-18	1.1261e-17
2.9794e+14	8.03e-18	8.5781e-18
2.9814e+14	7.7662e-18	5.8994e-18
2.9835e+14	8.7498e-18	1.023e-17
2.9856e+14	9.6519e-18	1.017e-17
2.9876e+14	8.9085e-18	5.5383e-18
2.9897e+14	7.8723e-18	8.062e-18
2.9918e+14	7.9683e-18	1.109e-17
2.9938e+14	8.3732e-18	6.999e-18
2.9959e+14	8.2883e-18	6.6975e-18
2.9979e+14	8.0307e-18	1.0865e-17
3e+14	7.8867e-18	8.483e-18
