#Error on normalization	O = 0.786 %	H = 2.965 %
#Frequence (s-1)	S_O (s)	S_H (s)
0	5.6222e-16	6.7485e-17
5.1055e+10	3.6698e-16	5.8818e-17
1.0211e+11	-6.6532e-17	4.4176e-17
1.5317e+11	-3.9818e-16	4.8413e-17
2.0422e+11	-3.6064e-16	8.9321e-17
2.5528e+11	3.3776e-17	1.6171e-16
3.0633e+11	4.991e-16	2.3865e-16
3.5739e+11	6.9192e-16	2.8923e-16
4.0844e+11	4.7457e-16	2.9966e-16
4.595e+11	2.3493e-17	2.8187e-16
5.1055e+11	-3.0364e-16	2.6321e-16
5.6161e+11	-2.4358e-16	2.6549e-16
6.1266e+11	1.653e-16	2.8927e-16
6.6372e+11	6.0759e-16	3.1542e-16
7.1477e+11	7.341e-16	3.223e-16
7.6583e+11	4.3866e-16	3.0484e-16
8.1688e+11	-4.9258e-17	2.8035e-16
8.6794e+11	-3.3593e-16	2.7607e-16
9.1899e+11	-1.7239e-16	3.0796e-16
9.7005e+11	3.4008e-16	3.6695e-16
1.0211e+12	8.1653e-16	4.2377e-16
1.0722e+12	8.8538e-16	4.4906e-16
1.1232e+12	4.8749e-16	4.3413e-16
1.1743e+12	-6.3023e-17	3.9703e-16
1.2253e+12	-3.1605e-16	3.697e-16
1.2764e+12	-4.2826e-17	3.7601e-16
1.3274e+12	5.7012e-16	4.1657e-16
1.3785e+12	1.0549e-15	4.7051e-16
1.4295e+12	1.03e-15	5.113e-16
1.4806e+12	5.1329e-16	5.2382e-16
1.5317e+12	-7.7518e-17	5.1039e-16
1.5827e+12	-2.5233e-16	4.8359e-16
1.6338e+12	1.5036e-16	4.5425e-16
1.6848e+12	8.1492e-16	4.2541e-16
1.7359e+12	1.1881e-15	3.9662e-16
1.7869e+12	9.2893e-16	3.7229e-16
1.838e+12	2.0683e-16	3.6431e-16
1.889e+12	-4.0715e-16	3.8446e-16
1.9401e+12	-3.8974e-16	4.3246e-16
1.9912e+12	2.981e-16	4.9122e-16
2.0422e+12	1.1501e-15	5.3575e-16
2.0933e+12	1.5008e-15	5.5037e-16
2.1443e+12	1.0635e-15	5.4055e-16
2.1954e+12	1.8405e-16	5.2827e-16
2.2464e+12	-4.1629e-16	5.3311e-16
2.2975e+12	-2.1968e-16	5.5411e-16
2.3485e+12	6.5073e-16	5.6865e-16
2.3996e+12	1.507e-15	5.5155e-16
2.4506e+12	1.6481e-15	4.9992e-16
2.5017e+12	9.4896e-16	4.4251e-16
2.5528e+12	-5.6711e-18	4.224e-16
2.6038e+12	-3.8183e-16	4.639e-16
2.6549e+12	2.0484e-16	5.4902e-16
2.7059e+12	1.3302e-15	6.2495e-16
2.757e+12	2.0702e-15	6.4022e-16
2.808e+12	1.7595e-15	5.8395e-16
2.8591e+12	5.8579e-16	4.9683e-16
2.9101e+12	-5.0134e-16	4.426e-16
2.9612e+12	-5.4013e-16	4.598e-16
3.0123e+12	6.2061e-16	5.3109e-16
3.0633e+12	2.1225e-15	5.9612e-16
3.1144e+12	2.7431e-15	6.0023e-16
3.1654e+12	1.9079e-15	5.4132e-16
3.2165e+12	2.3804e-16	4.7564e-16
3.2675e+12	-8.7312e-16	4.7391e-16
3.3186e+12	-3.8e-16	5.5994e-16
3.3696e+12	1.4877e-15	6.8173e-16
3.4207e+12	3.298e-15	7.4297e-16
3.4717e+12	3.5226e-15	6.7623e-16
3.5228e+12	1.8352e-15	5.0234e-16
3.5739e+12	-4.8629e-16	3.2631e-16
3.6249e+12	-1.4869e-15	2.6606e-16
3.676e+12	-1.4244e-16	3.6449e-16
3.727e+12	2.654e-15	5.5326e-16
3.7781e+12	4.6435e-15	7.0135e-16
3.8291e+12	4.0087e-15	7.1594e-16
3.8802e+12	1.0419e-15	6.1802e-16
3.9312e+12	-1.7881e-15	5.2818e-16
3.9823e+12	-1.6781e-15	5.6535e-16
4.0334e+12	2.0268e-15	7.3373e-16
4.0844e+12	6.7402e-15	8.9353e-16
4.1355e+12	8.1566e-15	8.5654e-16
4.1865e+12	3.6886e-15	5.5255e-16
4.2376e+12	-4.5578e-15	1.4625e-16
4.2886e+12	-9.7275e-15	9.1241e-19
4.3397e+12	-3.7488e-15	4.8286e-16
4.3907e+12	1.7413e-14	1.7152e-15
4.4418e+12	5.0144e-14	3.4404e-15
4.4929e+12	8.3837e-14	5.0958e-15
4.5439e+12	1.0586e-13	6.0765e-15
4.595e+12	1.0801e-13	6.0394e-15
4.646e+12	9.0727e-14	5.0706e-15
4.6971e+12	6.2399e-14	3.622e-15
4.7481e+12	3.4558e-14	2.2607e-15
4.7992e+12	1.5847e-14	1.3859e-15
4.8502e+12	8.4132e-15	1.0734e-15
4.9013e+12	8.486e-15	1.1186e-15
4.9523e+12	1.0117e-14	1.2212e-15
5.0034e+12	9.2857e-15	1.1805e-15
5.0545e+12	5.7612e-15	9.8383e-16
5.1055e+12	2.0181e-15	7.5656e-16
5.1566e+12	5.6978e-16	6.3636e-16
5.2076e+12	1.9108e-15	6.6887e-16
5.2587e+12	4.4246e-15	7.901e-16
5.3097e+12	5.9497e-15	8.8973e-16
5.3608e+12	5.5188e-15	8.9541e-16
5.4118e+12	3.8995e-15	8.1576e-16
5.4629e+12	2.6941e-15	7.2037e-16
5.514e+12	2.9245e-15	6.8319e-16
5.565e+12	4.3084e-15	7.3577e-16
5.6161e+12	5.7215e-15	8.5953e-16
5.6671e+12	6.3033e-15	1.0114e-15
5.7182e+12	6.1829e-15	1.1549e-15
5.7692e+12	6.2148e-15	1.2718e-15
5.8203e+12	7.0225e-15	1.3531e-15
5.8713e+12	8.2524e-15	1.3861e-15
5.9224e+12	8.7602e-15	1.3569e-15
5.9735e+12	7.6419e-15	1.2692e-15
6.0245e+12	5.2854e-15	1.1655e-15
6.0756e+12	3.5444e-15	1.1264e-15
6.1266e+12	4.7842e-15	1.2435e-15
6.1777e+12	1.0399e-14	1.5722e-15
6.2287e+12	1.9794e-14	2.0911e-15
6.2798e+12	3.0501e-14	2.6917e-15
6.3308e+12	3.9331e-14	3.2068e-15
6.3819e+12	4.3853e-14	3.4742e-15
6.4329e+12	4.3397e-14	3.4082e-15
6.484e+12	3.9187e-14	3.0513e-15
6.5351e+12	3.372e-14	2.5738e-15
6.5861e+12	2.9764e-14	2.2117e-15
6.6372e+12	2.9347e-14	2.161e-15
6.6882e+12	3.297e-14	2.474e-15
6.7393e+12	3.9279e-14	3.0169e-15
6.7903e+12	4.5424e-14	3.5237e-15
6.8414e+12	4.8205e-14	3.7292e-15
6.8924e+12	4.5631e-14	3.5141e-15
6.9435e+12	3.8144e-14	2.9751e-15
6.9946e+12	2.8628e-14	2.3702e-15
7.0456e+12	2.0974e-14	1.9667e-15
7.0967e+12	1.789e-14	1.884e-15
7.1477e+12	1.9339e-14	2.0338e-15
7.1988e+12	2.2713e-14	2.199e-15
7.2498e+12	2.4738e-14	2.1981e-15
7.3009e+12	2.384e-14	2.0206e-15
7.3519e+12	2.1247e-14	1.8342e-15
7.403e+12	1.9957e-14	1.8575e-15
7.4541e+12	2.2279e-14	2.1877e-15
7.5051e+12	2.7803e-14	2.7125e-15
7.5562e+12	3.3449e-14	3.1744e-15
7.6072e+12	3.5701e-14	3.3489e-15
7.6583e+12	3.3428e-14	3.2059e-15
7.7093e+12	2.9095e-14	2.9363e-15
7.7604e+12	2.7281e-14	2.8204e-15
7.8114e+12	3.1483e-14	3.0329e-15
7.8625e+12	4.1565e-14	3.5283e-15
7.9135e+12	5.3836e-14	4.0917e-15
7.9646e+12	6.38e-14	4.5128e-15
8.0157e+12	6.9489e-14	4.7486e-15
8.0667e+12	7.2749e-14	4.9422e-15
8.1178e+12	7.7373e-14	5.2813e-15
8.1688e+12	8.5446e-14	5.8037e-15
8.2199e+12	9.4866e-14	6.3128e-15
8.2709e+12	1.0028e-13	6.4863e-15
8.322e+12	9.7133e-14	6.1169e-15
8.373e+12	8.5875e-14	5.3109e-15
8.4241e+12	7.3066e-14	4.4862e-15
8.4752e+12	6.7944e-14	4.1448e-15
8.5262e+12	7.6524e-14	4.5604e-15
8.5773e+12	9.7244e-14	5.5922e-15
8.6283e+12	1.2141e-13	6.7574e-15
8.6794e+12	1.3846e-13	7.5224e-15
8.7304e+12	1.4257e-13	7.62e-15
8.7815e+12	1.3625e-13	7.1858e-15
8.8325e+12	1.2819e-13	6.6282e-15
8.8836e+12	1.2713e-13	6.3326e-15
8.9346e+12	1.3571e-13	6.4069e-15
8.9857e+12	1.4869e-13	6.6358e-15
9.0368e+12	1.5665e-13	6.6623e-15
9.0878e+12	1.5251e-13	6.2566e-15
9.1389e+12	1.3632e-13	5.4796e-15
9.1899e+12	1.1517e-13	4.6371e-15
9.241e+12	9.8422e-14	4.0683e-15
9.292e+12	9.1683e-14	3.9242e-15
9.3431e+12	9.363e-14	4.0858e-15
9.3941e+12	9.7534e-14	4.2655e-15
9.4452e+12	9.6144e-14	4.2043e-15
9.4963e+12	8.638e-14	3.8272e-15
9.5473e+12	7.0808e-14	3.2601e-15
9.5984e+12	5.5302e-14	2.7179e-15
9.6494e+12	4.4914e-14	2.3591e-15
9.7005e+12	4.0918e-14	2.2052e-15
9.7515e+12	4.0785e-14	2.1661e-15
9.8026e+12	4.0631e-14	2.1282e-15
9.8536e+12	3.8049e-14	2.0337e-15
9.9047e+12	3.3346e-14	1.8978e-15
9.9558e+12	2.863e-14	1.7696e-15
1.0007e+13	2.5827e-14	1.6842e-15
1.0058e+13	2.5268e-14	1.6431e-15
1.0109e+13	2.5772e-14	1.6318e-15
1.016e+13	2.5879e-14	1.6458e-15
1.0211e+13	2.5081e-14	1.697e-15
1.0262e+13	2.4075e-14	1.7938e-15
1.0313e+13	2.3979e-14	1.9206e-15
1.0364e+13	2.5283e-14	2.0371e-15
1.0415e+13	2.7391e-14	2.1052e-15
1.0466e+13	2.9073e-14	2.1175e-15
1.0517e+13	2.9387e-14	2.1042e-15
1.0568e+13	2.8334e-14	2.1074e-15
1.0619e+13	2.6799e-14	2.1473e-15
1.0671e+13	2.5911e-14	2.2064e-15
1.0722e+13	2.6329e-14	2.2476e-15
1.0773e+13	2.7933e-14	2.2504e-15
1.0824e+13	3.0022e-14	2.2338e-15
1.0875e+13	3.1799e-14	2.2475e-15
1.0926e+13	3.2831e-14	2.3394e-15
1.0977e+13	3.3277e-14	2.5268e-15
1.1028e+13	3.3838e-14	2.7945e-15
1.1079e+13	3.5459e-14	3.1141e-15
1.113e+13	3.8832e-14	3.4616e-15
1.1181e+13	4.3846e-14	3.8118e-15
1.1232e+13	4.9299e-14	4.1158e-15
1.1283e+13	5.3195e-14	4.2926e-15
1.1334e+13	5.3716e-14	4.2615e-15
1.1385e+13	5.0446e-14	4.0063e-15
1.1436e+13	4.5079e-14	3.6254e-15
1.1487e+13	4.0921e-14	3.3149e-15
1.1538e+13	4.1209e-14	3.2709e-15
1.159e+13	4.7139e-14	3.5645e-15
1.1641e+13	5.6872e-14	4.0731e-15
1.1692e+13	6.6351e-14	4.532e-15
1.1743e+13	7.1573e-14	4.6887e-15
1.1794e+13	7.0967e-14	4.4676e-15
1.1845e+13	6.6306e-14	4.0317e-15
1.1896e+13	6.1545e-14	3.6901e-15
1.1947e+13	6.0316e-14	3.7036e-15
1.1998e+13	6.3761e-14	4.112e-15
1.2049e+13	7.0102e-14	4.7021e-15
1.21e+13	7.6126e-14	5.1409e-15
1.2151e+13	7.9426e-14	5.1879e-15
1.2202e+13	7.9797e-14	4.8476e-15
1.2253e+13	7.8888e-14	4.3609e-15
1.2304e+13	7.8544e-14	4.0422e-15
1.2355e+13	7.922e-14	4.0733e-15
1.2406e+13	7.9668e-14	4.3895e-15
1.2457e+13	7.8088e-14	4.729e-15
1.2509e+13	7.3787e-14	4.8095e-15
1.256e+13	6.804e-14	4.513e-15
1.2611e+13	6.353e-14	3.9626e-15
1.2662e+13	6.2786e-14	3.4481e-15
1.2713e+13	6.6765e-14	3.2545e-15
1.2764e+13	7.4454e-14	3.5019e-15
1.2815e+13	8.3586e-14	4.0864e-15
1.2866e+13	9.1748e-14	4.7455e-15
1.2917e+13	9.7122e-14	5.1978e-15
1.2968e+13	9.859e-14	5.2735e-15
1.3019e+13	9.5602e-14	4.9726e-15
1.307e+13	8.8288e-14	4.4369e-15
1.3121e+13	7.7873e-14	3.8666e-15
1.3172e+13	6.6866e-14	3.4317e-15
1.3223e+13	5.8464e-14	3.216e-15
1.3274e+13	5.5156e-14	3.2092e-15
1.3325e+13	5.7324e-14	3.3368e-15
1.3376e+13	6.2884e-14	3.5066e-15
1.3428e+13	6.8406e-14	3.649e-15
1.3479e+13	7.1096e-14	3.7357e-15
1.353e+13	7.0325e-14	3.7719e-15
1.3581e+13	6.762e-14	3.7715e-15
1.3632e+13	6.5195e-14	3.7353e-15
1.3683e+13	6.4183e-14	3.648e-15
1.3734e+13	6.3958e-14	3.4983e-15
1.3785e+13	6.3049e-14	3.3073e-15
1.3836e+13	6.0825e-14	3.138e-15
1.3887e+13	5.846e-14	3.0711e-15
1.3938e+13	5.8207e-14	3.1538e-15
1.3989e+13	6.1444e-14	3.3565e-15
1.404e+13	6.7036e-14	3.5707e-15
1.4091e+13	7.1501e-14	3.6606e-15
1.4142e+13	7.1142e-14	3.5427e-15
1.4193e+13	6.472e-14	3.2435e-15
1.4244e+13	5.4683e-14	2.8947e-15
1.4295e+13	4.5902e-14	2.6638e-15
1.4346e+13	4.2648e-14	2.661e-15
1.4398e+13	4.5899e-14	2.88e-15
1.4449e+13	5.2861e-14	3.2078e-15
1.45e+13	5.9002e-14	3.4942e-15
1.4551e+13	6.1101e-14	3.6346e-15
1.4602e+13	5.9114e-14	3.615e-15
1.4653e+13	5.5649e-14	3.4975e-15
1.4704e+13	5.3623e-14	3.3658e-15
1.4755e+13	5.3989e-14	3.2721e-15
1.4806e+13	5.5254e-14	3.2184e-15
1.4857e+13	5.4993e-14	3.1756e-15
1.4908e+13	5.2012e-14	3.1158e-15
1.4959e+13	4.7397e-14	3.0335e-15
1.501e+13	4.364e-14	2.9429e-15
1.5061e+13	4.2641e-14	2.8624e-15
1.5112e+13	4.4264e-14	2.8044e-15
1.5163e+13	4.6606e-14	2.7752e-15
1.5214e+13	4.7692e-14	2.7795e-15
1.5265e+13	4.7128e-14	2.8179e-15
1.5317e+13	4.6291e-14	2.8762e-15
1.5368e+13	4.6905e-14	2.9187e-15
1.5419e+13	4.9239e-14	2.9008e-15
1.547e+13	5.1556e-14	2.7994e-15
1.5521e+13	5.1405e-14	2.6409e-15
1.5572e+13	4.7811e-14	2.5009e-15
1.5623e+13	4.2519e-14	2.4657e-15
1.5674e+13	3.9094e-14	2.5776e-15
1.5725e+13	4.0382e-14	2.8008e-15
1.5776e+13	4.6211e-14	3.0375e-15
1.5827e+13	5.3206e-14	3.188e-15
1.5878e+13	5.7038e-14	3.2129e-15
1.5929e+13	5.556e-14	3.1539e-15
1.598e+13	5.0457e-14	3.0949e-15
1.6031e+13	4.6086e-14	3.0926e-15
1.6082e+13	4.625e-14	3.1285e-15
1.6133e+13	5.1242e-14	3.1203e-15
1.6184e+13	5.7396e-14	2.9875e-15
1.6236e+13	5.9561e-14	2.7218e-15
1.6287e+13	5.4768e-14	2.4084e-15
1.6338e+13	4.4471e-14	2.1788e-15
1.6389e+13	3.3733e-14	2.1271e-15
1.644e+13	2.796e-14	2.2481e-15
1.6491e+13	2.948e-14	2.4433e-15
1.6542e+13	3.6341e-14	2.5879e-15
1.6593e+13	4.4003e-14	2.612e-15
1.6644e+13	4.8546e-14	2.5383e-15
1.6695e+13	4.9046e-14	2.4531e-15
1.6746e+13	4.7547e-14	2.4374e-15
1.6797e+13	4.6929e-14	2.5102e-15
1.6848e+13	4.847e-14	2.6244e-15
1.6899e+13	5.097e-14	2.7117e-15
1.695e+13	5.1972e-14	2.7381e-15
1.7001e+13	4.9958e-14	2.7247e-15
1.7052e+13	4.573e-14	2.722e-15
1.7103e+13	4.1904e-14	2.7609e-15
1.7155e+13	4.0963e-14	2.8244e-15
1.7206e+13	4.3408e-14	2.8608e-15
1.7257e+13	4.7406e-14	2.8302e-15
1.7308e+13	5.0168e-14	2.742e-15
1.7359e+13	4.9949e-14	2.6545e-15
1.741e+13	4.7193e-14	2.6331e-15
1.7461e+13	4.4047e-14	2.7009e-15
1.7512e+13	4.2722e-14	2.818e-15
1.7563e+13	4.3993e-14	2.9074e-15
1.7614e+13	4.6876e-14	2.9076e-15
1.7665e+13	4.9585e-14	2.8147e-15
1.7716e+13	5.0888e-14	2.6839e-15
1.7767e+13	5.0825e-14	2.5908e-15
1.7818e+13	5.0355e-14	2.5833e-15
1.7869e+13	5.0404e-14	2.6554e-15
1.792e+13	5.1173e-14	2.7588e-15
1.7971e+13	5.2246e-14	2.8396e-15
1.8022e+13	5.3287e-14	2.8718e-15
1.8074e+13	5.4581e-14	2.8666e-15
1.8125e+13	5.6863e-14	2.8561e-15
1.8176e+13	6.0515e-14	2.8683e-15
1.8227e+13	6.4837e-14	2.9106e-15
1.8278e+13	6.8114e-14	2.9712e-15
1.8329e+13	6.8602e-14	3.032e-15
1.838e+13	6.5783e-14	3.0797e-15
1.8431e+13	6.0961e-14	3.1099e-15
1.8482e+13	5.6666e-14	3.1244e-15
1.8533e+13	5.5177e-14	3.1271e-15
1.8584e+13	5.7138e-14	3.1226e-15
1.8635e+13	6.1184e-14	3.1158e-15
1.8686e+13	6.4841e-14	3.1097e-15
1.8737e+13	6.6079e-14	3.1034e-15
1.8788e+13	6.4501e-14	3.0917e-15
1.8839e+13	6.1437e-14	3.0711e-15
1.889e+13	5.8947e-14	3.0459e-15
1.8941e+13	5.8473e-14	3.0307e-15
1.8993e+13	6.001e-14	3.0413e-15
1.9044e+13	6.2283e-14	3.0808e-15
1.9095e+13	6.3705e-14	3.1318e-15
1.9146e+13	6.3432e-14	3.1638e-15
1.9197e+13	6.1836e-14	3.155e-15
1.9248e+13	6.016e-14	3.1112e-15
1.9299e+13	5.9651e-14	3.0659e-15
1.935e+13	6.0744e-14	3.0567e-15
1.9401e+13	6.281e-14	3.0946e-15
1.9452e+13	6.4552e-14	3.1489e-15
1.9503e+13	6.4761e-14	3.1647e-15
1.9554e+13	6.2976e-14	3.1027e-15
1.9605e+13	5.9676e-14	2.973e-15
1.9656e+13	5.5944e-14	2.8343e-15
1.9707e+13	5.2876e-14	2.7563e-15
1.9758e+13	5.1067e-14	2.7703e-15
1.9809e+13	5.047e-14	2.8453e-15
1.986e+13	5.0624e-14	2.9103e-15
1.9912e+13	5.1021e-14	2.9074e-15
1.9963e+13	5.1358e-14	2.8365e-15
2.0014e+13	5.1495e-14	2.7545e-15
2.0065e+13	5.1256e-14	2.7286e-15
2.0116e+13	5.0302e-14	2.7774e-15
2.0167e+13	4.8292e-14	2.8467e-15
2.0218e+13	4.5265e-14	2.8434e-15
2.0269e+13	4.193e-14	2.7047e-15
2.032e+13	3.953e-14	2.4542e-15
2.0371e+13	3.9197e-14	2.1986e-15
2.0422e+13	4.1145e-14	2.0646e-15
2.0473e+13	4.4255e-14	2.1155e-15
2.0524e+13	4.649e-14	2.3064e-15
2.0575e+13	4.6005e-14	2.5091e-15
2.0626e+13	4.2324e-14	2.591e-15
2.0677e+13	3.6774e-14	2.4932e-15
2.0728e+13	3.1801e-14	2.2605e-15
2.0779e+13	2.9518e-14	2.0039e-15
2.083e+13	3.0394e-14	1.8302e-15
2.0882e+13	3.297e-14	1.783e-15
2.0933e+13	3.4809e-14	1.8333e-15
2.0984e+13	3.4059e-14	1.9136e-15
2.1035e+13	3.0582e-14	1.9659e-15
2.1086e+13	2.5895e-14	1.9678e-15
2.1137e+13	2.2033e-14	1.9271e-15
2.1188e+13	2.0156e-14	1.8581e-15
2.1239e+13	1.9911e-14	1.7659e-15
2.129e+13	1.9939e-14	1.6507e-15
2.1341e+13	1.9075e-14	1.5238e-15
2.1392e+13	1.728e-14	1.416e-15
2.1443e+13	1.5606e-14	1.3668e-15
2.1494e+13	1.5253e-14	1.4008e-15
2.1545e+13	1.6484e-14	1.5085e-15
2.1596e+13	1.829e-14	1.6487e-15
2.1647e+13	1.9069e-14	1.7684e-15
2.1698e+13	1.7817e-14	1.8281e-15
2.1749e+13	1.4893e-14	1.8146e-15
2.1801e+13	1.1774e-14	1.7373e-15
2.1852e+13	9.9693e-15	1.6163e-15
2.1903e+13	9.9356e-15	1.4746e-15
2.1954e+13	1.0809e-14	1.3377e-15
2.2005e+13	1.1143e-14	1.2345e-15
2.2056e+13	1.0058e-14	1.1906e-15
2.2107e+13	7.9094e-15	1.2147e-15
2.2158e+13	5.9801e-15	1.2879e-15
2.2209e+13	5.4554e-15	1.3685e-15
2.226e+13	6.5058e-15	1.4135e-15
2.2311e+13	8.1824e-15	1.4046e-15
2.2362e+13	9.1793e-15	1.3579e-15
2.2413e+13	8.8383e-15	1.3111e-15
2.2464e+13	7.5985e-15	1.2947e-15
2.2515e+13	6.5629e-15	1.3112e-15
2.2566e+13	6.5583e-15	1.3369e-15
2.2617e+13	7.4616e-15	1.3447e-15
2.2668e+13	8.3292e-15	1.3282e-15
2.272e+13	8.2063e-15	1.3069e-15
2.2771e+13	6.9452e-15	1.308e-15
2.2822e+13	5.3625e-15	1.3408e-15
2.2873e+13	4.6033e-15	1.3866e-15
2.2924e+13	5.2236e-15	1.4129e-15
2.2975e+13	6.7263e-15	1.4006e-15
2.3026e+13	7.9232e-15	1.3606e-15
2.3077e+13	7.8377e-15	1.325e-15
2.3128e+13	6.4384e-15	1.3192e-15
2.3179e+13	4.639e-15	1.3403e-15
2.323e+13	3.5829e-15	1.3594e-15
2.3281e+13	3.7885e-15	1.3488e-15
2.3332e+13	4.8165e-15	1.309e-15
2.3383e+13	5.6867e-15	1.2733e-15
2.3434e+13	5.677e-15	1.284e-15
2.3485e+13	4.854e-15	1.3603e-15
2.3536e+13	3.9364e-15	1.487e-15
2.3587e+13	3.6464e-15	1.6331e-15
2.3639e+13	4.1078e-15	1.7837e-15
2.369e+13	4.7853e-15	1.954e-15
2.3741e+13	4.9877e-15	2.1668e-15
2.3792e+13	4.4881e-15	2.4106e-15
2.3843e+13	3.7285e-15	2.6165e-15
2.3894e+13	3.4342e-15	2.6842e-15
2.3945e+13	3.9685e-15	2.5482e-15
2.3996e+13	4.9794e-15	2.2374e-15
2.4047e+13	5.6479e-15	1.8781e-15
2.4098e+13	5.3453e-15	1.6267e-15
2.4149e+13	4.1606e-15	1.5742e-15
2.42e+13	2.8584e-15	1.6897e-15
2.4251e+13	2.2886e-15	1.847e-15
2.4302e+13	2.723e-15	1.9168e-15
2.4353e+13	3.6516e-15	1.8582e-15
2.4404e+13	4.2055e-15	1.7394e-15
2.4455e+13	3.8602e-15	1.674e-15
2.4506e+13	2.8508e-15	1.7229e-15
2.4558e+13	1.9663e-15	1.8421e-15
2.4609e+13	1.8958e-15	1.9197e-15
2.466e+13	2.6645e-15	1.8732e-15
2.4711e+13	3.616e-15	1.7282e-15
2.4762e+13	3.9546e-15	1.6095e-15
2.4813e+13	3.3985e-15	1.6451e-15
2.4864e+13	2.4108e-15	1.8555e-15
2.4915e+13	1.8193e-15	2.119e-15
2.4966e+13	2.1362e-15	2.2494e-15
2.5017e+13	3.1334e-15	2.1336e-15
2.5068e+13	4.0198e-15	1.8262e-15
2.5119e+13	4.0778e-15	1.5261e-15
2.517e+13	3.2443e-15	1.4443e-15
2.5221e+13	2.1659e-15	1.6577e-15
2.5272e+13	1.6851e-15	2.0563e-15
2.5323e+13	2.1702e-15	2.4223e-15
2.5374e+13	3.2261e-15	2.5824e-15
2.5425e+13	4.0107e-15	2.5212e-15
2.5477e+13	3.8979e-15	2.3734e-15
2.5528e+13	2.9573e-15	2.3089e-15
2.5579e+13	1.8749e-15	2.4007e-15
2.563e+13	1.398e-15	2.5801e-15
2.5681e+13	1.7568e-15	2.7078e-15
2.5732e+13	2.5227e-15	2.6982e-15
2.5783e+13	2.9955e-15	2.5958e-15
2.5834e+13	2.7859e-15	2.5397e-15
2.5885e+13	2.1136e-15	2.6467e-15
2.5936e+13	1.5918e-15	2.908e-15
2.5987e+13	1.6949e-15	3.1872e-15
2.6038e+13	2.3589e-15	3.3247e-15
2.6089e+13	3.0423e-15	3.2692e-15
2.614e+13	3.1854e-15	3.1304e-15
2.6191e+13	2.6784e-15	3.1058e-15
2.6242e+13	1.9464e-15	3.3301e-15
2.6293e+13	1.5884e-15	3.7576e-15
2.6344e+13	1.8755e-15	4.1688e-15
2.6396e+13	2.5299e-15	4.3026e-15
2.6447e+13	2.9668e-15	4.0291e-15
2.6498e+13	2.7928e-15	3.4453e-15
2.6549e+13	2.142e-15	2.8318e-15
2.66e+13	1.5663e-15	2.4974e-15
2.6651e+13	1.5714e-15	2.6097e-15
2.6702e+13	2.1838e-15	3.1104e-15
2.6753e+13	2.9139e-15	3.7544e-15
2.6804e+13	3.1507e-15	4.2421e-15
2.6855e+13	2.665e-15	4.3661e-15
2.6906e+13	1.8076e-15	4.1006e-15
2.6957e+13	1.2333e-15	3.6012e-15
2.7008e+13	1.3748e-15	3.1242e-15
2.7059e+13	2.0934e-15	2.9059e-15
2.711e+13	2.7923e-15	3.0537e-15
2.7161e+13	2.8993e-15	3.4971e-15
2.7212e+13	2.3276e-15	4.0256e-15
2.7263e+13	1.539e-15	4.405e-15
2.7314e+13	1.1628e-15	4.5166e-15
2.7366e+13	1.4822e-15	4.4394e-15
2.7417e+13	2.208e-15	4.4132e-15
2.7468e+13	2.7197e-15	4.6873e-15
2.7519e+13	2.5758e-15	5.3446e-15
2.757e+13	1.8741e-15	6.218e-15
2.7621e+13	1.1715e-15	6.9768e-15
2.7672e+13	1.0321e-15	7.3387e-15
2.7723e+13	1.5722e-15	7.2715e-15
2.7774e+13	2.3707e-15	7.0342e-15
2.7825e+13	2.8113e-15	7.0101e-15
2.7876e+13	2.5736e-15	7.4383e-15
2.7927e+13	1.8756e-15	8.2338e-15
2.7978e+13	1.2794e-15	9.0391e-15
2.8029e+13	1.2289e-15	9.4863e-15
2.808e+13	1.7013e-15	9.4879e-15
2.8131e+13	2.2508e-15	9.3335e-15
2.8182e+13	2.3954e-15	9.5041e-15
2.8233e+13	2.0192e-15	1.0318e-14
2.8285e+13	1.4574e-15	1.1659e-14
2.8336e+13	1.2027e-15	1.3001e-14
2.8387e+13	1.4854e-15	1.3723e-14
2.8438e+13	2.0818e-15	1.3524e-14
2.8489e+13	2.5067e-15	1.2631e-14
2.854e+13	2.4254e-15	1.1669e-14
2.8591e+13	1.9365e-15	1.1267e-14
2.8642e+13	1.487e-15	1.1672e-14
2.8693e+13	1.4912e-15	1.2625e-14
2.8744e+13	1.9718e-15	1.3557e-14
2.8795e+13	2.5278e-15	1.3969e-14
2.8846e+13	2.6595e-15	1.3724e-14
2.8897e+13	2.1859e-15	1.3081e-14
2.8948e+13	1.4084e-15	1.2508e-14
2.8999e+13	8.831e-16	1.242e-14
2.905e+13	9.8335e-16	1.3024e-14
2.9101e+13	1.607e-15	1.4312e-14
2.9152e+13	2.2636e-15	1.6125e-14
2.9204e+13	2.4676e-15	1.8203e-14
2.9255e+13	2.1148e-15	2.0178e-14
2.9306e+13	1.5413e-15	2.1614e-14
2.9357e+13	1.2249e-15	2.2149e-14
2.9408e+13	1.3863e-15	2.1705e-14
2.9459e+13	1.8188e-15	2.062e-14
2.951e+13	2.0845e-15	1.9549e-14
2.9561e+13	1.9031e-15	1.9127e-14
2.9612e+13	1.4025e-15	1.9612e-14
2.9663e+13	1.0187e-15	2.0756e-14
2.9714e+13	1.1273e-15	2.2051e-14
2.9765e+13	1.7166e-15	2.3178e-14
2.9816e+13	2.38e-15	2.4327e-14
2.9867e+13	2.6397e-15	2.6079e-14
2.9918e+13	2.3374e-15	2.8882e-14
2.9969e+13	1.7671e-15	3.2503e-14
3.002e+13	1.4372e-15	3.5906e-14
3.0071e+13	1.6538e-15	3.7755e-14
3.0123e+13	2.2684e-15	3.7287e-14
3.0174e+13	2.799e-15	3.4928e-14
3.0225e+13	2.827e-15	3.2183e-14
3.0276e+13	2.3462e-15	3.0759e-14
3.0327e+13	1.7731e-15	3.1467e-14
3.0378e+13	1.6092e-15	3.3666e-14
3.0429e+13	2.0273e-15	3.5645e-14
3.048e+13	2.7213e-15	3.5758e-14
3.0531e+13	3.144e-15	3.3532e-14
3.0582e+13	2.944e-15	2.999e-14
3.0633e+13	2.2489e-15	2.6973e-14
3.0684e+13	1.5686e-15	2.591e-14
3.0735e+13	1.3962e-15	2.6918e-14
3.0786e+13	1.8286e-15	2.8829e-14
3.0837e+13	2.5049e-15	3.0118e-14
3.0888e+13	2.9051e-15	3.0019e-14
3.0939e+13	2.7592e-15	2.9042e-14
3.099e+13	2.2398e-15	2.8506e-14
3.1042e+13	1.7949e-15	2.9481e-14
3.1093e+13	1.7718e-15	3.1914e-14
3.1144e+13	2.1464e-15	3.4603e-14
3.1195e+13	2.5723e-15	3.6038e-14
3.1246e+13	2.6936e-15	3.5487e-14
3.1297e+13	2.4481e-15	3.3552e-14
3.1348e+13	2.107e-15	3.1791e-14
3.1399e+13	2.0267e-15	3.1695e-14
3.145e+13	2.3323e-15	3.3735e-14
3.1501e+13	2.8088e-15	3.7136e-14
3.1552e+13	3.093e-15	4.0459e-14
3.1603e+13	2.9982e-15	4.2541e-14
3.1654e+13	2.6883e-15	4.3115e-14
3.1705e+13	2.5435e-15	4.2734e-14
3.1756e+13	2.8233e-15	4.2167e-14
3.1807e+13	3.416e-15	4.1789e-14
3.1858e+13	3.8957e-15	4.1416e-14
3.1909e+13	3.857e-15	4.064e-14
3.1961e+13	3.2578e-15	3.9331e-14
3.2012e+13	2.4823e-15	3.7856e-14
3.2063e+13	2.0601e-15	3.6854e-14
3.2114e+13	2.2607e-15	3.6773e-14
3.2165e+13	2.8882e-15	3.7554e-14
3.2216e+13	3.4467e-15	3.8734e-14
3.2267e+13	3.5417e-15	3.9846e-14
3.2318e+13	3.1918e-15	4.0784e-14
3.2369e+13	2.7964e-15	4.1843e-14
3.242e+13	2.7868e-15	4.3405e-14
3.2471e+13	3.2518e-15	4.557e-14
3.2522e+13	3.8504e-15	4.8021e-14
3.2573e+13	4.0896e-15	5.0223e-14
3.2624e+13	3.7398e-15	5.175e-14
3.2675e+13	3.0412e-15	5.2431e-14
3.2726e+13	2.5222e-15	5.2219e-14
3.2777e+13	2.5701e-15	5.0947e-14
3.2828e+13	3.1055e-15	4.8311e-14
3.288e+13	3.6348e-15	4.4207e-14
3.2931e+13	3.6511e-15	3.922e-14
3.2982e+13	3.0635e-15	3.4787e-14
3.3033e+13	2.3008e-15	3.271e-14
3.3084e+13	1.9914e-15	3.4154e-14
3.3135e+13	2.4638e-15	3.8745e-14
3.3186e+13	3.4628e-15	4.4436e-14
3.3237e+13	4.3173e-15	4.8426e-14
3.3288e+13	4.4366e-15	4.8671e-14
3.3339e+13	3.7553e-15	4.5083e-14
3.339e+13	2.7793e-15	3.9613e-14
3.3441e+13	2.1997e-15	3.5117e-14
3.3492e+13	2.3763e-15	3.3678e-14
3.3543e+13	3.0878e-15	3.5442e-14
3.3594e+13	3.7337e-15	3.869e-14
3.3645e+13	3.814e-15	4.1052e-14
3.3696e+13	3.3064e-15	4.1043e-14
3.3747e+13	2.6521e-15	3.89e-14
3.3799e+13	2.3814e-15	3.6231e-14
3.385e+13	2.691e-15	3.4787e-14
3.3901e+13	3.3092e-15	3.5257e-14
3.3952e+13	3.7411e-15	3.6885e-14
3.4003e+13	3.6789e-15	3.8132e-14
3.4054e+13	3.2385e-15	3.7851e-14
3.4105e+13	2.8393e-15	3.6127e-14
3.4156e+13	2.8415e-15	3.4194e-14
3.4207e+13	3.2472e-15	3.3532e-14
3.4258e+13	3.7105e-15	3.4771e-14
3.4309e+13	3.8359e-15	3.7184e-14
3.436e+13	3.5101e-15	3.9104e-14
3.4411e+13	2.9895e-15	3.8986e-14
3.4462e+13	2.679e-15	3.6416e-14
3.4513e+13	2.7923e-15	3.2421e-14
3.4564e+13	3.1849e-15	2.8896e-14
3.4615e+13	3.4933e-15	2.7511e-14
3.4666e+13	3.4582e-15	2.8775e-14
3.4717e+13	3.1522e-15	3.1774e-14
3.4769e+13	2.9146e-15	3.4727e-14
3.482e+13	3.0477e-15	3.5988e-14
3.4871e+13	3.5342e-15	3.4925e-14
3.4922e+13	4.0226e-15	3.2204e-14
3.4973e+13	4.104e-15	2.9352e-14
3.5024e+13	3.659e-15	2.7886e-14
3.5075e+13	2.9809e-15	2.8482e-14
3.5126e+13	2.5635e-15	3.0641e-14
3.5177e+13	2.7131e-15	3.3005e-14
3.5228e+13	3.2956e-15	3.4116e-14
3.5279e+13	3.8265e-15	3.3201e-14
3.533e+13	3.8392e-15	3.0547e-14
3.5381e+13	3.2432e-15	2.7268e-14
3.5432e+13	2.391e-15	2.464e-14
3.5483e+13	1.8054e-15	2.341e-14
3.5534e+13	1.7868e-15	2.3482e-14
3.5585e+13	2.2115e-15	2.4141e-14
3.5636e+13	2.6677e-15	2.4627e-14
3.5688e+13	2.806e-15	2.4651e-14
3.5739e+13	2.6105e-15	2.45e-14
3.579e+13	2.3753e-15	2.4698e-14
3.5841e+13	2.4198e-15	2.5497e-14
3.5892e+13	2.7939e-15	2.6596e-14
3.5943e+13	3.2242e-15	2.7328e-14
3.5994e+13	3.3476e-15	2.7168e-14
3.6045e+13	3.0329e-15	2.6186e-14
3.6096e+13	2.5126e-15	2.507e-14
3.6147e+13	2.2083e-15	2.4668e-14
3.6198e+13	2.385e-15	2.5364e-14
3.6249e+13	2.9223e-15	2.6758e-14
3.63e+13	3.3954e-15	2.7909e-14
3.6351e+13	3.4089e-15	2.7995e-14
3.6402e+13	2.9151e-15	2.6914e-14
3.6453e+13	2.2582e-15	2.5384e-14
3.6504e+13	1.905e-15	2.4433e-14
3.6555e+13	2.0778e-15	2.4643e-14
3.6607e+13	2.5836e-15	2.5706e-14
3.6658e+13	2.9772e-15	2.6624e-14
3.6709e+13	2.9229e-15	2.645e-14
3.676e+13	2.463e-15	2.5013e-14
3.6811e+13	1.9765e-15	2.3118e-14
3.6862e+13	1.866e-15	2.2023e-14
3.6913e+13	2.2275e-15	2.2561e-14
3.6964e+13	2.7707e-15	2.4517e-14
3.7015e+13	3.0519e-15	2.6714e-14
3.7066e+13	2.8269e-15	2.7756e-14
3.7117e+13	2.2401e-15	2.6936e-14
3.7168e+13	1.702e-15	2.4685e-14
3.7219e+13	1.5617e-15	2.2274e-14
3.727e+13	1.8412e-15	2.0997e-14
3.7321e+13	2.2428e-15	2.1387e-14
3.7372e+13	2.4104e-15	2.2979e-14
3.7423e+13	2.2223e-15	2.4722e-14
3.7474e+13	1.8744e-15	2.5708e-14
3.7526e+13	1.6931e-15	2.5701e-14
3.7577e+13	1.8453e-15	2.5133e-14
3.7628e+13	2.1921e-15	2.4656e-14
3.7679e+13	2.4094e-15	2.4602e-14
3.773e+13	2.2702e-15	2.4759e-14
3.7781e+13	1.8471e-15	2.458e-14
3.7832e+13	1.4629e-15	2.365e-14
3.7883e+13	1.4275e-15	2.2046e-14
3.7934e+13	1.7822e-15	2.0353e-14
3.7985e+13	2.2649e-15	1.9337e-14
3.8036e+13	2.5271e-15	1.9509e-14
3.8087e+13	2.4205e-15	2.085e-14
3.8138e+13	2.1125e-15	2.2838e-14
3.8189e+13	1.9328e-15	2.4721e-14
3.824e+13	2.0812e-15	2.587e-14
3.8291e+13	2.4445e-15	2.6029e-14
3.8342e+13	2.683e-15	2.5378e-14
3.8393e+13	2.5211e-15	2.441e-14
3.8445e+13	1.9992e-15	2.3699e-14
3.8496e+13	1.4709e-15	2.3636e-14
3.8547e+13	1.3326e-15	2.4231e-14
3.8598e+13	1.7007e-15	2.509e-14
3.8649e+13	2.2994e-15	2.5591e-14
3.87e+13	2.6618e-15	2.5213e-14
3.8751e+13	2.49e-15	2.3857e-14
3.8802e+13	1.8913e-15	2.1954e-14
3.8853e+13	1.2981e-15	2.0262e-14
3.8904e+13	1.1328e-15	1.9449e-14
3.8955e+13	1.4811e-15	1.9689e-14
3.9006e+13	2.0324e-15	2.0565e-14
3.9057e+13	2.332e-15	2.1338e-14
3.9108e+13	2.1419e-15	2.1427e-14
3.9159e+13	1.6218e-15	2.0774e-14
3.921e+13	1.1915e-15	1.9834e-14
3.9261e+13	1.1896e-15	1.9214e-14
3.9312e+13	1.606e-15	1.921e-14
3.9364e+13	2.1009e-15	1.961e-14
3.9415e+13	2.2881e-15	1.9889e-14
3.9466e+13	2.0487e-15	1.9671e-14
3.9517e+13	1.621e-15	1.9076e-14
3.9568e+13	1.3983e-15	1.8683e-14
3.9619e+13	1.6033e-15	1.91e-14
3.967e+13	2.1064e-15	2.046e-14
3.9721e+13	2.5316e-15	2.2219e-14
3.9772e+13	2.5598e-15	2.3454e-14
3.9823e+13	2.1813e-15	2.346e-14
3.9874e+13	1.694e-15	2.2233e-14
3.9925e+13	1.4564e-15	2.0487e-14
3.9976e+13	1.6003e-15	1.918e-14
4.0027e+13	1.9374e-15	1.8871e-14
4.0078e+13	2.129e-15	1.9367e-14
4.0129e+13	1.9715e-15	1.99e-14
4.018e+13	1.561e-15	1.9709e-14
4.0231e+13	1.2042e-15	1.8607e-14
4.0283e+13	1.1572e-15	1.7135e-14
4.0334e+13	1.4134e-15	1.6204e-14
4.0385e+13	1.7158e-15	1.6472e-14
4.0436e+13	1.7817e-15	1.7896e-14
4.0487e+13	1.5465e-15	1.9747e-14
4.0538e+13	1.2211e-15	2.1059e-14
4.0589e+13	1.1148e-15	2.1199e-14
4.064e+13	1.3713e-15	2.0193e-14
4.0691e+13	1.8382e-15	1.8629e-14
4.0742e+13	2.1833e-15	1.7257e-14
4.0793e+13	2.1603e-15	1.6571e-14
4.0844e+13	1.8076e-15	1.6627e-14
4.0895e+13	1.4165e-15	1.7144e-14
4.0946e+13	1.2938e-15	1.7772e-14
4.0997e+13	1.517e-15	1.8309e-14
4.1048e+13	1.8805e-15	1.8769e-14
4.1099e+13	2.0748e-15	1.9284e-14
4.115e+13	1.9471e-15	1.9977e-14
4.1201e+13	1.6268e-15	2.0871e-14
4.1253e+13	1.4121e-15	2.1878e-14
4.1304e+13	1.5151e-15	2.2827e-14
4.1355e+13	1.8802e-15	2.3513e-14
4.1406e+13	2.2279e-15	2.376e-14
4.1457e+13	2.2876e-15	2.3483e-14
4.1508e+13	2.0261e-15	2.2763e-14
4.1559e+13	1.6765e-15	2.1854e-14
4.161e+13	1.5443e-15	2.1107e-14
4.1661e+13	1.7483e-15	2.0815e-14
4.1712e+13	2.1151e-15	2.1066e-14
4.1763e+13	2.3185e-15	2.171e-14
4.1814e+13	2.1513e-15	2.2462e-14
4.1865e+13	1.7058e-15	2.3081e-14
4.1916e+13	1.3097e-15	2.3485e-14
4.1967e+13	1.2643e-15	2.3728e-14
4.2018e+13	1.5966e-15	2.3851e-14
4.2069e+13	2.0293e-15	2.3764e-14
4.212e+13	2.1969e-15	2.326e-14
4.2172e+13	1.9383e-15	2.2196e-14
4.2223e+13	1.4294e-15	2.069e-14
4.2274e+13	1.0486e-15	1.918e-14
4.2325e+13	1.0817e-15	1.8249e-14
4.2376e+13	1.502e-15	1.8299e-14
4.2427e+13	1.9975e-15	1.9305e-14
4.2478e+13	2.22e-15	2.0812e-14
4.2529e+13	2.0545e-15	2.2189e-14
4.258e+13	1.6936e-15	2.2982e-14
4.2631e+13	1.4652e-15	2.311e-14
4.2682e+13	1.5608e-15	2.2806e-14
4.2733e+13	1.8866e-15	2.2387e-14
4.2784e+13	2.1552e-15	2.2034e-14
4.2835e+13	2.1339e-15	2.176e-14
4.2886e+13	1.8421e-15	2.1557e-14
4.2937e+13	1.5339e-15	2.154e-14
4.2988e+13	1.4839e-15	2.1936e-14
4.3039e+13	1.7563e-15	2.2878e-14
4.3091e+13	2.1498e-15	2.4187e-14
4.3142e+13	2.3614e-15	2.535e-14
4.3193e+13	2.2338e-15	2.5792e-14
4.3244e+13	1.8817e-15	2.5279e-14
4.3295e+13	1.5939e-15	2.4169e-14
4.3346e+13	1.5954e-15	2.3263e-14
4.3397e+13	1.8665e-15	2.3317e-14
4.3448e+13	2.1676e-15	2.4518e-14
4.3499e+13	2.244e-15	2.6296e-14
4.355e+13	2.0395e-15	2.7629e-14
4.3601e+13	1.7404e-15	2.769e-14
4.3652e+13	1.6144e-15	2.6381e-14
4.3703e+13	1.7822e-15	2.4419e-14
4.3754e+13	2.113e-15	2.2896e-14
4.3805e+13	2.3322e-15	2.26e-14
4.3856e+13	2.2508e-15	2.3561e-14
4.3907e+13	1.9256e-15	2.5089e-14
4.3958e+13	1.6152e-15	2.626e-14
4.401e+13	1.5684e-15	2.6499e-14
4.4061e+13	1.8193e-15	2.5865e-14
4.4112e+13	2.1599e-15	2.4891e-14
4.4163e+13	2.3115e-15	2.4145e-14
4.4214e+13	2.1539e-15	2.3834e-14
4.4265e+13	1.8215e-15	2.3741e-14
4.4316e+13	1.5887e-15	2.3486e-14
4.4367e+13	1.6403e-15	2.2874e-14
4.4418e+13	1.9199e-15	2.2064e-14
4.4469e+13	2.1804e-15	2.1441e-14
4.452e+13	2.1943e-15	2.1301e-14
4.4571e+13	1.9456e-15	2.1616e-14
4.4622e+13	1.642e-15	2.2043e-14
4.4673e+13	1.5367e-15	2.2166e-14
4.4724e+13	1.7101e-15	2.1789e-14
4.4775e+13	1.9962e-15	2.1052e-14
4.4826e+13	2.1202e-15	2.0311e-14
4.4877e+13	1.9334e-15	1.9878e-14
4.4929e+13	1.5485e-15	1.9814e-14
4.498e+13	1.2581e-15	1.9924e-14
4.5031e+13	1.2969e-15	1.9925e-14
4.5082e+13	1.6435e-15	1.966e-14
4.5133e+13	2.0284e-15	1.9204e-14
4.5184e+13	2.1462e-15	1.8792e-14
4.5235e+13	1.9042e-15	1.8659e-14
4.5286e+13	1.5007e-15	1.8895e-14
4.5337e+13	1.2687e-15	1.9416e-14
4.5388e+13	1.4064e-15	2.0039e-14
4.5439e+13	1.8157e-15	2.0594e-14
4.549e+13	2.1793e-15	2.0987e-14
4.5541e+13	2.217e-15	2.1194e-14
4.5592e+13	1.9126e-15	2.122e-14
4.5643e+13	1.5252e-15	2.1067e-14
4.5694e+13	1.3768e-15	2.0737e-14
4.5745e+13	1.5866e-15	2.026e-14
4.5796e+13	1.9725e-15	1.9704e-14
4.5848e+13	2.1992e-15	1.9164e-14
4.5899e+13	2.0553e-15	1.8727e-14
4.595e+13	1.6311e-15	1.845e-14
4.6001e+13	1.2511e-15	1.8344e-14
4.6052e+13	1.2129e-15	1.8374e-14
4.6103e+13	1.5426e-15	1.8461e-14
4.6154e+13	1.9683e-15	1.8495e-14
4.6205e+13	2.134e-15	1.8373e-14
4.6256e+13	1.8854e-15	1.806e-14
4.6307e+13	1.3972e-15	1.7633e-14
4.6358e+13	1.039e-15	1.7281e-14
4.6409e+13	1.0864e-15	1.7209e-14
4.646e+13	1.5059e-15	1.7502e-14
4.6511e+13	1.9834e-15	1.8022e-14
4.6562e+13	2.1701e-15	1.8443e-14
4.6613e+13	1.9491e-15	1.8424e-14
4.6664e+13	1.5127e-15	1.7833e-14
4.6715e+13	1.1978e-15	1.6875e-14
4.6767e+13	1.2178e-15	1.6014e-14
4.6818e+13	1.5078e-15	1.571e-14
4.6869e+13	1.7999e-15	1.6126e-14
4.692e+13	1.8552e-15	1.6987e-14
4.6971e+13	1.6579e-15	1.7712e-14
4.7022e+13	1.4122e-15	1.7753e-14
4.7073e+13	1.3545e-15	1.6924e-14
4.7124e+13	1.5446e-15	1.5535e-14
4.7175e+13	1.8128e-15	1.4222e-14
4.7226e+13	1.9076e-15	1.3588e-14
4.7277e+13	1.7153e-15	1.3866e-14
4.7328e+13	1.3655e-15	1.48e-14
4.7379e+13	1.1313e-15	1.5814e-14
4.743e+13	1.2039e-15	1.635e-14
4.7481e+13	1.5309e-15	1.6166e-14
4.7532e+13	1.8526e-15	1.5435e-14
4.7583e+13	1.9106e-15	1.4603e-14
4.7634e+13	1.6574e-15	1.4119e-14
4.7686e+13	1.2955e-15	1.4193e-14
4.7737e+13	1.1137e-15	1.4709e-14
4.7788e+13	1.2549e-15	1.5333e-14
4.7839e+13	1.6037e-15	1.5701e-14
4.789e+13	1.8856e-15	1.5615e-14
4.7941e+13	1.8929e-15	1.5112e-14
4.7992e+13	1.6515e-15	1.4422e-14
4.8043e+13	1.3924e-15	1.3835e-14
4.8094e+13	1.3547e-15	1.3574e-14
4.8145e+13	1.5853e-15	1.3718e-14
4.8196e+13	1.9019e-15	1.4217e-14
4.8247e+13	2.0476e-15	1.4959e-14
4.8298e+13	1.9083e-15	1.584e-14
4.8349e+13	1.6088e-15	1.6791e-14
4.84e+13	1.409e-15	1.7747e-14
4.8451e+13	1.4856e-15	1.8597e-14
4.8502e+13	1.7821e-15	1.917e-14
4.8553e+13	2.0538e-15	1.9286e-14
4.8604e+13	2.0716e-15	1.8863e-14
4.8656e+13	1.8146e-15	1.8017e-14
4.8707e+13	1.4919e-15	1.7062e-14
4.8758e+13	1.3721e-15	1.6404e-14
4.8809e+13	1.5608e-15	1.6358e-14
4.886e+13	1.9119e-15	1.6998e-14
4.8911e+13	2.1473e-15	1.8125e-14
4.8962e+13	2.0881e-15	1.9381e-14
4.9013e+13	1.8065e-15	2.0427e-14
4.9064e+13	1.5697e-15	2.1079e-14
4.9115e+13	1.6191e-15	2.1343e-14
4.9166e+13	1.9648e-15	2.1348e-14
4.9217e+13	2.3671e-15	2.1245e-14
4.9268e+13	2.5241e-15	2.1168e-14
4.9319e+13	2.3167e-15	2.1232e-14
4.937e+13	1.9118e-15	2.1551e-14
4.9421e+13	1.6354e-15	2.2187e-14
4.9472e+13	1.7163e-15	2.3067e-14
4.9523e+13	2.1037e-15	2.3933e-14
4.9575e+13	2.5058e-15	2.4426e-14
4.9626e+13	2.6203e-15	2.4293e-14
4.9677e+13	2.3714e-15	2.36e-14
4.9728e+13	1.9668e-15	2.2786e-14
4.9779e+13	1.7308e-15	2.2453e-14
4.983e+13	1.8487e-15	2.2995e-14
4.9881e+13	2.228e-15	2.4303e-14
4.9932e+13	2.5831e-15	2.5769e-14
4.9983e+13	2.6693e-15	2.6633e-14
5.0034e+13	2.4755e-15	2.6469e-14
5.0085e+13	2.2212e-15	2.5474e-14
5.0136e+13	2.1659e-15	2.4358e-14
5.0187e+13	2.3925e-15	2.3874e-14
5.0238e+13	2.741e-15	2.4324e-14
5.0289e+13	2.9459e-15	2.5387e-14
5.034e+13	2.8593e-15	2.6391e-14
5.0391e+13	2.5748e-15	2.6825e-14
5.0442e+13	2.35e-15	2.671e-14
5.0494e+13	2.3921e-15	2.6546e-14
5.0545e+13	2.6838e-15	2.6867e-14
5.0596e+13	2.9951e-15	2.7779e-14
5.0647e+13	3.0704e-15	2.8837e-14
5.0698e+13	2.839e-15	2.9391e-14
5.0749e+13	2.4755e-15	2.9137e-14
5.08e+13	2.26e-15	2.8418e-14
5.0851e+13	2.3493e-15	2.799e-14
5.0902e+13	2.6457e-15	2.839e-14
5.0953e+13	2.8701e-15	2.9387e-14
5.1004e+13	2.7829e-15	3e-14
5.1055e+13	2.379e-15	2.9157e-14
5.1106e+13	1.9017e-15	2.6582e-14
5.1157e+13	1.6663e-15	2.324e-14
5.1208e+13	1.8291e-15	2.0928e-14
5.1259e+13	2.2801e-15	2.1191e-14
5.131e+13	2.7323e-15	2.425e-14
5.1361e+13	2.9321e-15	2.8708e-14
5.1413e+13	2.8264e-15	3.2289e-14
5.1464e+13	2.5662e-15	3.3181e-14
5.1515e+13	2.3634e-15	3.1113e-14
5.1566e+13	2.3259e-15	2.7445e-14
5.1617e+13	2.3997e-15	2.4245e-14
5.1668e+13	2.4487e-15	2.2968e-14
5.1719e+13	2.3889e-15	2.3648e-14
5.177e+13	2.2591e-15	2.5096e-14
5.1821e+13	2.175e-15	2.5906e-14
5.1872e+13	2.218e-15	2.5504e-14
5.1923e+13	2.363e-15	2.4481e-14
5.1974e+13	2.5058e-15	2.4023e-14
5.2025e+13	2.561e-15	2.4899e-14
5.2076e+13	2.5369e-15	2.6803e-14
5.2127e+13	2.5191e-15	2.8532e-14
5.2178e+13	2.5786e-15	2.8879e-14
5.2229e+13	2.6924e-15	2.7533e-14
5.228e+13	2.7519e-15	2.534e-14
5.2332e+13	2.6589e-15	2.3693e-14
5.2383e+13	2.4247e-15	2.3544e-14
5.2434e+13	2.181e-15	2.4734e-14
5.2485e+13	2.0842e-15	2.6161e-14
5.2536e+13	2.1888e-15	2.6629e-14
5.2587e+13	2.3989e-15	2.5741e-14
5.2638e+13	2.5423e-15	2.4174e-14
5.2689e+13	2.5096e-15	2.313e-14
5.274e+13	2.343e-15	2.3398e-14
5.2791e+13	2.1961e-15	2.4719e-14
5.2842e+13	2.1988e-15	2.5951e-14
5.2893e+13	2.3417e-15	2.5898e-14
5.2944e+13	2.4816e-15	2.4212e-14
5.2995e+13	2.4684e-15	2.1686e-14
5.3046e+13	2.2859e-15	1.9743e-14
5.3097e+13	2.0802e-15	1.9473e-14
5.3148e+13	2.0433e-15	2.0916e-14
5.3199e+13	2.243e-15	2.3081e-14
5.3251e+13	2.5448e-15	2.4664e-14
5.3302e+13	2.7047e-15	2.493e-14
5.3353e+13	2.5665e-15	2.4135e-14
5.3404e+13	2.2052e-15	2.323e-14
5.3455e+13	1.8886e-15	2.3094e-14
5.3506e+13	1.8736e-15	2.3884e-14
5.3557e+13	2.1933e-15	2.4961e-14
5.3608e+13	2.6089e-15	2.5392e-14
5.3659e+13	2.7794e-15	2.4656e-14
5.371e+13	2.524e-15	2.3007e-14
5.3761e+13	1.9747e-15	2.1275e-14
5.3812e+13	1.4922e-15	2.0277e-14
5.3863e+13	1.401e-15	2.0288e-14
5.3914e+13	1.7469e-15	2.0938e-14
5.3965e+13	2.2638e-15	2.1567e-14
5.4016e+13	2.5788e-15	2.1727e-14
5.4067e+13	2.4962e-15	2.1464e-14
5.4118e+13	2.1394e-15	2.1174e-14
5.417e+13	1.8419e-15	2.1204e-14
5.4221e+13	1.8743e-15	2.1528e-14
5.4272e+13	2.227e-15	2.1748e-14
5.4323e+13	2.6168e-15	2.1417e-14
5.4374e+13	2.7143e-15	2.0417e-14
5.4425e+13	2.4066e-15	1.9097e-14
5.4476e+13	1.8892e-15	1.8061e-14
5.4527e+13	1.5153e-15	1.7771e-14
5.4578e+13	1.5242e-15	1.8241e-14
5.4629e+13	1.8647e-15	1.9052e-14
5.468e+13	2.2481e-15	1.9646e-14
5.4731e+13	2.383e-15	1.9683e-14
5.4782e+13	2.1995e-15	1.9219e-14
5.4833e+13	1.8872e-15	1.8593e-14
5.4884e+13	1.7233e-15	1.8155e-14
5.4935e+13	1.8408e-15	1.8038e-14
5.4986e+13	2.1256e-15	1.8127e-14
5.5037e+13	2.3236e-15	1.8213e-14
5.5088e+13	2.2627e-15	1.8169e-14
5.514e+13	1.9998e-15	1.8018e-14
5.5191e+13	1.7713e-15	1.7846e-14
5.5242e+13	1.7878e-15	1.7662e-14
5.5293e+13	2.0471e-15	1.7349e-14
5.5344e+13	2.3244e-15	1.6755e-14
5.5395e+13	2.3522e-15	1.5855e-14
5.5446e+13	2.0456e-15	1.484e-14
5.5497e+13	1.5847e-15	1.4042e-14
5.5548e+13	1.2843e-15	1.3722e-14
5.5599e+13	1.3497e-15	1.3873e-14
5.565e+13	1.7146e-15	1.4179e-14
5.5701e+13	2.0906e-15	1.4185e-14
5.5752e+13	2.1895e-15	1.3558e-14
5.5803e+13	1.9429e-15	1.2297e-14
5.5854e+13	1.5455e-15	1.0746e-14
5.5905e+13	1.2941e-15	9.4246e-15
5.5956e+13	1.3546e-15	8.7717e-15
5.6007e+13	1.643e-15	8.9578e-15
5.6059e+13	1.9106e-15	9.842e-15
5.611e+13	1.9547e-15	1.1064e-14
5.6161e+13	1.7788e-15	1.2198e-14
5.6212e+13	1.5747e-15	1.2887e-14
5.6263e+13	1.548e-15	1.2931e-14
5.6314e+13	1.7389e-15	1.2324e-14
5.6365e+13	1.9892e-15	1.1256e-14
5.6416e+13	2.0808e-15	1.0069e-14
5.6467e+13	1.9264e-15	9.1453e-15
5.6518e+13	1.6497e-15	8.7621e-15
5.6569e+13	1.4846e-15	8.9582e-15
5.662e+13	1.579e-15	9.5093e-15
5.6671e+13	1.8675e-15	1.0043e-14
5.6722e+13	2.1226e-15	1.0248e-14
5.6773e+13	2.1438e-15	1.0055e-14
5.6824e+13	1.9277e-15	9.6752e-15
5.6875e+13	1.6736e-15	9.4537e-15
5.6926e+13	1.6168e-15	9.641e-15
5.6978e+13	1.8262e-15	1.0223e-14
5.7029e+13	2.1353e-15	1.0931e-14
5.708e+13	2.2718e-15	1.1425e-14
5.7131e+13	2.0832e-15	1.1518e-14
5.7182e+13	1.676e-15	1.1287e-14
5.7233e+13	1.3484e-15	1.0986e-14
5.7284e+13	1.3638e-15	1.0836e-14
5.7335e+13	1.7412e-15	1.0839e-14
5.7386e+13	2.2311e-15	1.0775e-14
5.7437e+13	2.4983e-15	1.037e-14
5.7488e+13	2.3715e-15	9.5374e-15
5.7539e+13	1.964e-15	8.4818e-15
5.759e+13	1.5759e-15	7.6035e-15
5.7641e+13	1.4574e-15	7.2419e-15
5.7692e+13	1.6245e-15	7.4459e-15
5.7743e+13	1.8664e-15	7.9358e-15
5.7794e+13	1.9342e-15	8.2923e-15
5.7845e+13	1.7491e-15	8.2412e-15
5.7897e+13	1.4633e-15	7.8359e-15
5.7948e+13	1.3267e-15	7.405e-15
5.7999e+13	1.4735e-15	7.3031e-15
5.805e+13	1.8051e-15	7.6449e-15
5.8101e+13	2.0673e-15	8.2147e-15
5.8152e+13	2.055e-15	8.6191e-15
5.8203e+13	1.7803e-15	8.5726e-15
5.8254e+13	1.4643e-15	8.1104e-15
5.8305e+13	1.3619e-15	7.5709e-15
5.8356e+13	1.5603e-15	7.3586e-15
5.8407e+13	1.9127e-15	7.656e-15
5.8458e+13	2.1573e-15	8.2889e-15
5.8509e+13	2.1233e-15	8.8437e-15
5.856e+13	1.8588e-15	8.9516e-15
5.8611e+13	1.5823e-15	8.5387e-15
5.8662e+13	1.5053e-15	7.8696e-15
5.8713e+13	1.6714e-15	7.3599e-15
5.8764e+13	1.9394e-15	7.2971e-15
5.8816e+13	2.1141e-15	7.6684e-15
5.8867e+13	2.1094e-15	8.2068e-15
5.8918e+13	2.0066e-15	8.6043e-15
5.8969e+13	1.9667e-15	8.7245e-15
5.902e+13	2.0774e-15	8.6601e-15
5.9071e+13	2.2689e-15	8.6047e-15
5.9122e+13	2.372e-15	8.6581e-15
5.9173e+13	2.2659e-15	8.7263e-15
5.9224e+13	1.9898e-15	8.6027e-15
5.9275e+13	1.7195e-15	8.1648e-15
5.9326e+13	1.6284e-15	7.5259e-15
5.9377e+13	1.7479e-15	7.0068e-15
5.9428e+13	1.9455e-15	6.932e-15
5.9479e+13	2.0379e-15	7.3897e-15
5.953e+13	1.9459e-15	8.1376e-15
5.9581e+13	1.7578e-15	8.7359e-15
5.9632e+13	1.6509e-15	8.8253e-15
5.9683e+13	1.7346e-15	8.3618e-15
5.9735e+13	1.952e-15	7.6454e-15
5.9786e+13	2.1223e-15	7.122e-15
5.9837e+13	2.0934e-15	7.0984e-15
5.9888e+13	1.874e-15	7.5613e-15
5.9939e+13	1.6346e-15	8.2152e-15
5.999e+13	1.5699e-15	8.6959e-15
6.0041e+13	1.7365e-15	8.798e-15
6.0092e+13	2.0007e-15	8.5627e-15
6.0143e+13	2.1438e-15	8.186e-15
6.0194e+13	2.0406e-15	7.8405e-15
6.0245e+13	1.7645e-15	7.5591e-15
6.0296e+13	1.5317e-15	7.2644e-15
6.0347e+13	1.5257e-15	6.9015e-15
6.0398e+13	1.7467e-15	6.5487e-15
6.0449e+13	2.0094e-15	6.3999e-15
6.05e+13	2.0929e-15	6.6206e-15
6.0551e+13	1.9218e-15	7.1889e-15
6.0602e+13	1.6305e-15	7.856e-15
6.0654e+13	1.4555e-15	8.2779e-15
6.0705e+13	1.545e-15	8.2367e-15
6.0756e+13	1.8381e-15	7.7983e-15
6.0807e+13	2.1146e-15	7.2869e-15
6.0858e+13	2.1729e-15	7.0821e-15
6.0909e+13	1.991e-15	7.3705e-15
6.096e+13	1.739e-15	8.0175e-15
6.1011e+13	1.6338e-15	8.6443e-15
6.1062e+13	1.7573e-15	8.8604e-15
6.1113e+13	1.9887e-15	8.4998e-15
6.1164e+13	2.1083e-15	7.7149e-15
6.1215e+13	1.9864e-15	6.8784e-15
6.1266e+13	1.6988e-15	6.3665e-15
6.1317e+13	1.4712e-15	6.3594e-15
6.1368e+13	1.4924e-15	6.7696e-15
6.1419e+13	1.7517e-15	7.3194e-15
6.147e+13	2.0349e-15	7.7019e-15
6.1521e+13	2.0896e-15	7.7269e-15
6.1572e+13	1.8294e-15	7.3859e-15
6.1624e+13	1.4124e-15	6.8242e-15
6.1675e+13	1.1267e-15	6.2586e-15
6.1726e+13	1.1714e-15	5.8859e-15
6.1777e+13	1.5042e-15	5.8153e-15
6.1828e+13	1.876e-15	6.0395e-15
6.1879e+13	2.0236e-15	6.445e-15
6.193e+13	1.868e-15	6.8613e-15
6.1981e+13	1.5625e-15	7.1329e-15
6.2032e+13	1.3592e-15	7.1878e-15
6.2083e+13	1.4036e-15	7.0661e-15
6.2134e+13	1.6259e-15	6.8895e-15
6.2185e+13	1.8103e-15	6.785e-15
6.2236e+13	1.7808e-15	6.8077e-15
6.2287e+13	1.5482e-15	6.912e-15
6.2338e+13	1.297e-15	6.9884e-15
6.2389e+13	1.2281e-15	6.9398e-15
6.244e+13	1.388e-15	6.7428e-15
6.2491e+13	1.6281e-15	6.4543e-15
6.2543e+13	1.728e-15	6.1659e-15
6.2594e+13	1.5796e-15	5.947e-15
6.2645e+13	1.2808e-15	5.821e-15
6.2696e+13	1.0597e-15	5.783e-15
6.2747e+13	1.0903e-15	5.8319e-15
6.2798e+13	1.3504e-15	5.9751e-15
6.2849e+13	1.6366e-15	6.1962e-15
6.29e+13	1.7261e-15	6.4203e-15
6.2951e+13	1.554e-15	6.5249e-15
6.3002e+13	1.2642e-15	6.4141e-15
6.3053e+13	1.0941e-15	6.1118e-15
6.3104e+13	1.1856e-15	5.7953e-15
6.3155e+13	1.4755e-15	5.7171e-15
6.3206e+13	1.7483e-15	6.0419e-15
6.3257e+13	1.8056e-15	6.7045e-15
6.3308e+13	1.6159e-15	7.4002e-15
6.3359e+13	1.3272e-15	7.7413e-15
6.341e+13	1.1405e-15	7.495e-15
6.3462e+13	1.1522e-15	6.7493e-15
6.3513e+13	1.2932e-15	5.8839e-15
6.3564e+13	1.4061e-15	5.3511e-15
6.3615e+13	1.3875e-15	5.4006e-15
6.3666e+13	1.2729e-15	5.9302e-15
6.3717e+13	1.1949e-15	6.5604e-15
6.3768e+13	1.2563e-15	6.8852e-15
6.3819e+13	1.4322e-15	6.7301e-15
6.387e+13	1.5873e-15	6.2483e-15
6.3921e+13	1.5941e-15	5.8007e-15
6.3972e+13	1.4497e-15	5.7098e-15
6.4023e+13	1.2875e-15	6.0601e-15
6.4074e+13	1.269e-15	6.6684e-15
6.4125e+13	1.4441e-15	7.226e-15
6.4176e+13	1.6993e-15	7.495e-15
6.4227e+13	1.8401e-15	7.4236e-15
6.4278e+13	1.7466e-15	7.1178e-15
6.4329e+13	1.473e-15	6.7218e-15
6.4381e+13	1.2101e-15	6.3151e-15
6.4432e+13	1.1362e-15	5.9011e-15
6.4483e+13	1.2779e-15	5.4765e-15
6.4534e+13	1.4909e-15	5.0997e-15
6.4585e+13	1.5778e-15	4.8861e-15
6.4636e+13	1.4465e-15	4.9277e-15
6.4687e+13	1.1822e-15	5.2076e-15
6.4738e+13	9.7629e-16	5.5909e-15
6.4789e+13	9.7189e-16	5.9089e-15
6.484e+13	1.153e-15	6.0732e-15
6.4891e+13	1.364e-15	6.1255e-15
6.4942e+13	1.44e-15	6.1781e-15
6.4993e+13	1.3379e-15	6.292e-15
6.5044e+13	1.162e-15	6.3981e-15
6.5095e+13	1.0672e-15	6.3392e-15
6.5146e+13	1.1266e-15	6.0109e-15
6.5197e+13	1.2752e-15	5.4924e-15
6.5248e+13	1.3752e-15	5.0486e-15
6.53e+13	1.3431e-15	4.977e-15
6.5351e+13	1.225e-15	5.3934e-15
6.5402e+13	1.1541e-15	6.1154e-15
6.5453e+13	1.2258e-15	6.7417e-15
6.5504e+13	1.4002e-15	6.8945e-15
6.5555e+13	1.5227e-15	6.466e-15
6.5606e+13	1.4518e-15	5.6996e-15
6.5657e+13	1.19e-15	5.044e-15
6.5708e+13	9.0282e-16	4.8737e-15
6.5759e+13	8.014e-16	5.2623e-15
6.581e+13	9.7645e-16	5.9547e-15
6.5861e+13	1.318e-15	6.548e-15
6.5912e+13	1.591e-15	6.7485e-15
6.5963e+13	1.6108e-15	6.5302e-15
6.6014e+13	1.3832e-15	6.1016e-15
6.6065e+13	1.0954e-15	5.7269e-15
6.6116e+13	9.6656e-16	5.5422e-15
6.6167e+13	1.0756e-15	5.4957e-15
6.6219e+13	1.3058e-15	5.4361e-15
6.627e+13	1.4462e-15	5.2632e-15
6.6321e+13	1.3682e-15	5.016e-15
6.6372e+13	1.1297e-15	4.8366e-15
6.6423e+13	9.2481e-16	4.8496e-15
6.6474e+13	9.1993e-16	5.0586e-15
6.6525e+13	1.1138e-15	5.3442e-15
6.6576e+13	1.3371e-15	5.5587e-15
6.6627e+13	1.3928e-15	5.6385e-15
6.6678e+13	1.2218e-15	5.6413e-15
6.6729e+13	9.5599e-16	5.6827e-15
6.678e+13	8.1315e-16	5.8257e-15
6.6831e+13	9.1871e-16	6.0161e-15
6.6882e+13	1.2001e-15	6.1176e-15
6.6933e+13	1.4421e-15	6.0212e-15
6.6984e+13	1.4591e-15	5.7415e-15
6.7035e+13	1.2451e-15	5.4232e-15
6.7086e+13	9.7792e-16	5.2494e-15
6.7138e+13	8.7412e-16	5.3178e-15
6.7189e+13	1.0122e-15	5.5748e-15
6.724e+13	1.2688e-15	5.8556e-15
6.7291e+13	1.4211e-15	5.9983e-15
6.7342e+13	1.3316e-15	5.949e-15
6.7393e+13	1.0651e-15	5.7881e-15
6.7444e+13	8.399e-16	5.6634e-15
6.7495e+13	8.5269e-16	5.6856e-15
6.7546e+13	1.1168e-15	5.8593e-15
6.7597e+13	1.4464e-15	6.09e-15
6.7648e+13	1.6001e-15	6.252e-15
6.7699e+13	1.4687e-15	6.2617e-15
6.775e+13	1.1583e-15	6.1124e-15
6.7801e+13	9.0163e-16	5.8576e-15
6.7852e+13	8.7319e-16	5.5718e-15
6.7903e+13	1.0554e-15	5.3195e-15
6.7954e+13	1.2625e-15	5.1474e-15
6.8005e+13	1.2985e-15	5.0859e-15
6.8057e+13	1.1181e-15	5.144e-15
6.8108e+13	8.5952e-16	5.2972e-15
6.8159e+13	7.2575e-16	5.4834e-15
6.821e+13	8.1493e-16	5.6242e-15
6.8261e+13	1.0402e-15	5.6662e-15
6.8312e+13	1.2041e-15	5.6125e-15
6.8363e+13	1.1643e-15	5.5171e-15
6.8414e+13	9.5224e-16	5.4394e-15
6.8465e+13	7.4579e-16	5.3932e-15
6.8516e+13	7.2047e-16	5.335e-15
6.8567e+13	9.0199e-16	5.209e-15
6.8618e+13	1.1438e-15	5.0188e-15
6.8669e+13	1.2483e-15	4.8636e-15
6.872e+13	1.1327e-15	4.8969e-15
6.8771e+13	9.0052e-16	5.2195e-15
6.8822e+13	7.5955e-16	5.7786e-15
6.8873e+13	8.5121e-16	6.3534e-15
6.8924e+13	1.1309e-15	6.6563e-15
6.8975e+13	1.3977e-15	6.4975e-15
6.9027e+13	1.451e-15	5.9083e-15
6.9078e+13	1.2477e-15	5.1383e-15
6.9129e+13	9.3437e-16	4.5204e-15
6.918e+13	7.3016e-16	4.2874e-15
6.9231e+13	7.5605e-16	4.4555e-15
6.9282e+13	9.4823e-16	4.8442e-15
6.9333e+13	1.1219e-15	5.2116e-15
6.9384e+13	1.129e-15	5.4056e-15
6.9435e+13	9.7737e-16	5.4308e-15
6.9486e+13	8.1624e-16	5.3979e-15
6.9537e+13	8.0196e-16	5.4072e-15
6.9588e+13	9.6056e-16	5.4614e-15
6.9639e+13	1.1623e-15	5.4723e-15
6.969e+13	1.2299e-15	5.3485e-15
6.9741e+13	1.089e-15	5.0893e-15
6.9792e+13	8.3503e-16	4.807e-15
6.9843e+13	6.5807e-16	4.6577e-15
6.9894e+13	6.8824e-16	4.7337e-15
6.9946e+13	8.8863e-16	4.9984e-15
6.9997e+13	1.0857e-15	5.3118e-15
7.0048e+13	1.113e-15	5.5238e-15
7.0099e+13	9.493e-16	5.5649e-15
7.015e+13	7.3755e-16	5.4682e-15
7.0201e+13	6.6697e-16	5.3171e-15
7.0252e+13	8.1546e-16	5.1709e-15
7.0303e+13	1.082e-15	5.0345e-15
7.0354e+13	1.2659e-15	4.8943e-15
7.0405e+13	1.2285e-15	4.7804e-15
7.0456e+13	1.0061e-15	4.7858e-15
7.0507e+13	7.8074e-16	5.0068e-15
7.0558e+13	7.3267e-16	5.4412e-15
7.0609e+13	8.9432e-16	5.9272e-15
7.066e+13	1.1251e-15	6.197e-15
7.0711e+13	1.227e-15	6.0324e-15
7.0762e+13	1.1058e-15	5.4287e-15
7.0813e+13	8.4772e-16	4.6449e-15
7.0865e+13	6.4844e-16	4.0844e-15
7.0916e+13	6.5473e-16	4.0639e-15
7.0967e+13	8.4791e-16	4.6147e-15
7.1018e+13	1.0637e-15	5.4511e-15
7.1069e+13	1.13e-15	6.1357e-15
7.112e+13	1.0084e-15	6.3414e-15
7.1171e+13	8.2287e-16	6.0404e-15
7.1222e+13	7.5236e-16	5.5016e-15
7.1273e+13	8.7873e-16	5.1001e-15
7.1324e+13	1.1148e-15	5.0738e-15
7.1375e+13	1.2733e-15	5.387e-15
7.1426e+13	1.2195e-15	5.7855e-15
7.1477e+13	9.824e-16	5.9909e-15
7.1528e+13	7.3279e-16	5.8897e-15
7.1579e+13	6.4693e-16	5.5869e-15
7.163e+13	7.6693e-16	5.2995e-15
7.1681e+13	9.7206e-16	5.181e-15
7.1732e+13	1.0825e-15	5.2164e-15
7.1784e+13	1.0088e-15	5.2622e-15
7.1835e+13	8.2288e-16	5.1931e-15
7.1886e+13	6.9437e-16	5.0312e-15
7.1937e+13	7.4495e-16	4.9475e-15
7.1988e+13	9.4388e-16	5.1256e-15
7.2039e+13	1.1311e-15	5.5902e-15
7.209e+13	1.1493e-15	6.1366e-15
7.2141e+13	9.745e-16	6.4309e-15
7.2192e+13	7.3808e-16	6.2246e-15
7.2243e+13	6.1963e-16	5.5353e-15
7.2294e+13	7.0028e-16	4.6629e-15
7.2345e+13	8.9673e-16	4.0184e-15
7.2396e+13	1.0308e-15	3.8774e-15
7.2447e+13	9.7699e-16	4.2201e-15
7.2498e+13	7.6724e-16	4.7652e-15
7.2549e+13	5.6513e-16	5.1669e-15
7.26e+13	5.319e-16	5.2387e-15
7.2651e+13	6.937e-16	5.0505e-15
7.2703e+13	9.1959e-16	4.8438e-15
7.2754e+13	1.0282e-15	4.8366e-15
7.2805e+13	9.3527e-16	5.063e-15
7.2856e+13	7.216e-16	5.3579e-15
7.2907e+13	5.6488e-16	5.4886e-15
7.2958e+13	5.9312e-16	5.3284e-15
7.3009e+13	7.7955e-16	4.9448e-15
7.306e+13	9.6542e-16	4.5432e-15
7.3111e+13	9.9141e-16	4.3181e-15
7.3162e+13	8.2908e-16	4.3243e-15
7.3213e+13	6.0457e-16	4.4615e-15
7.3264e+13	4.956e-16	4.5725e-15
7.3315e+13	5.8675e-16	4.5725e-15
7.3366e+13	8.0194e-16	4.5074e-15
7.3417e+13	9.6835e-16	4.4995e-15
7.3468e+13	9.5806e-16	4.6296e-15
7.3519e+13	7.9026e-16	4.8515e-15
7.357e+13	6.1098e-16	5.0103e-15
7.3622e+13	5.6888e-16	4.9539e-15
7.3673e+13	6.9171e-16	4.6556e-15
7.3724e+13	8.66e-16	4.2551e-15
7.3775e+13	9.3595e-16	3.9846e-15
7.3826e+13	8.3756e-16	4.0276e-15
7.3877e+13	6.5506e-16	4.4052e-15
7.3928e+13	5.5123e-16	4.9626e-15
7.3979e+13	6.2939e-16	5.4591e-15
7.403e+13	8.4251e-16	5.7007e-15
7.4081e+13	1.0269e-15	5.6312e-15
7.4132e+13	1.035e-15	5.3377e-15
7.4183e+13	8.5763e-16	4.9825e-15
7.4234e+13	6.3494e-16	4.7132e-15
7.4285e+13	5.441e-16	4.6029e-15
7.4336e+13	6.5503e-16	4.6409e-15
7.4387e+13	8.7211e-16	4.7619e-15
7.4438e+13	1.0108e-15	4.8879e-15
7.4489e+13	9.4766e-16	4.9638e-15
7.4541e+13	7.2154e-16	4.9794e-15
7.4592e+13	5.0391e-16	4.9739e-15
7.4643e+13	4.6141e-16	5.0184e-15
7.4694e+13	6.2266e-16	5.1755e-15
7.4745e+13	8.5731e-16	5.4523e-15
7.4796e+13	9.8353e-16	5.7777e-15
7.4847e+13	9.1584e-16	6.029e-15
7.4898e+13	7.3261e-16	6.1049e-15
7.4949e+13	6.0879e-16	5.9987e-15
7.5e+13	6.6963e-16	5.8152e-15
7.5051e+13	8.8535e-16	5.7016e-15
7.5102e+13	1.0926e-15	5.7311e-15
7.5153e+13	1.125e-15	5.823e-15
7.5204e+13	9.468e-16	5.7745e-15
7.5255e+13	6.8116e-16	5.4063e-15
7.5306e+13	5.129e-16	4.7304e-15
7.5357e+13	5.45e-16	4.0127e-15
7.5408e+13	7.2518e-16	3.6574e-15
7.5459e+13	8.9844e-16	3.9633e-15
7.5511e+13	9.3805e-16	4.9031e-15
7.5562e+13	8.4519e-16	6.0859e-15
7.5613e+13	7.3649e-16	6.9506e-15
7.5664e+13	7.3441e-16	7.0833e-15
7.5715e+13	8.558e-16	6.4593e-15
7.5766e+13	9.9413e-16	5.4481e-15
7.5817e+13	1.0106e-15	4.5776e-15
7.5868e+13	8.5694e-16	4.2123e-15
7.5919e+13	6.2439e-16	4.3597e-15
7.597e+13	4.7636e-16	4.7243e-15
7.6021e+13	5.176e-16	4.9564e-15
7.6072e+13	7.0841e-16	4.9059e-15
7.6123e+13	8.9515e-16	4.7019e-15
7.6174e+13	9.3328e-16	4.6103e-15
7.6225e+13	8.0203e-16	4.7923e-15
7.6276e+13	6.1734e-16	5.1554e-15
7.6327e+13	5.3308e-16	5.4136e-15
7.6378e+13	6.1329e-16	5.3125e-15
7.643e+13	7.8115e-16	4.8423e-15
7.6481e+13	8.8641e-16	4.2738e-15
7.6532e+13	8.3413e-16	3.9804e-15
7.6583e+13	6.6657e-16	4.1753e-15
7.6634e+13	5.2913e-16	4.7576e-15
7.6685e+13	5.4824e-16	5.3799e-15
7.6736e+13	7.2293e-16	5.6892e-15
7.6787e+13	9.2159e-16	5.5642e-15
7.6838e+13	9.8815e-16	5.1786e-15
7.6889e+13	8.7079e-16	4.8559e-15
7.694e+13	6.6645e-16	4.8287e-15
7.6991e+13	5.4318e-16	5.0857e-15
7.7042e+13	6.0327e-16	5.4098e-15
7.7093e+13	7.9936e-16	5.5639e-15
7.7144e+13	9.7294e-16	5.4712e-15
7.7195e+13	9.8379e-16	5.2518e-15
7.7246e+13	8.2407e-16	5.0972e-15
7.7297e+13	6.2327e-16	5.0972e-15
7.7349e+13	5.4041e-16	5.1647e-15
7.74e+13	6.3293e-16	5.1237e-15
7.7451e+13	8.1101e-16	4.8873e-15
7.7502e+13	9.1512e-16	4.5729e-15
7.7553e+13	8.5203e-16	4.4503e-15
7.7604e+13	6.7542e-16	4.7486e-15
7.7655e+13	5.4283e-16	5.4637e-15
7.7706e+13	5.8337e-16	6.3201e-15
7.7757e+13	7.8594e-16	6.9266e-15
7.7808e+13	1.0021e-15	7.0235e-15
7.7859e+13	1.0639e-15	6.6461e-15
7.791e+13	9.2139e-16	6.0895e-15
7.7961e+13	6.8646e-16	5.7041e-15
7.8012e+13	5.4512e-16	5.6702e-15
7.8063e+13	6.0833e-16	5.9076e-15
7.8114e+13	8.2223e-16	6.1723e-15
7.8165e+13	1.0116e-15	6.2519e-15
7.8216e+13	1.0218e-15	6.1109e-15
7.8268e+13	8.4365e-16	5.885e-15
7.8319e+13	6.2054e-16	5.7492e-15
7.837e+13	5.3101e-16	5.7753e-15
7.8421e+13	6.4395e-16	5.8931e-15
7.8472e+13	8.6397e-16	5.9743e-15
7.8523e+13	1.0112e-15	5.9562e-15
7.8574e+13	9.6935e-16	5.8936e-15
7.8625e+13	7.8038e-16	5.8943e-15
7.8676e+13	6.0776e-16	5.9962e-15
7.8727e+13	5.9939e-16	6.0986e-15
7.8778e+13	7.6342e-16	6.0192e-15
7.8829e+13	9.5976e-16	5.6405e-15
7.888e+13	1.015e-15	5.0322e-15
7.8931e+13	8.664e-16	4.4416e-15
7.8982e+13	6.1598e-16	4.1443e-15
7.9033e+13	4.4965e-16	4.2584e-15
7.9084e+13	4.8659e-16	4.6591e-15
7.9135e+13	6.8223e-16	5.0631e-15
7.9187e+13	8.6478e-16	5.2248e-15
7.9238e+13	8.759e-16	5.1029e-15
7.9289e+13	7.0103e-16	4.8791e-15
7.934e+13	4.8247e-16	4.8165e-15
7.9391e+13	4.043e-16	5.0661e-15
7.9442e+13	5.4229e-16	5.5619e-15
7.9493e+13	8.0112e-16	6.0757e-15
7.9544e+13	9.896e-16	6.3825e-15
7.9595e+13	9.7285e-16	6.4086e-15
7.9646e+13	7.7799e-16	6.2568e-15
7.9697e+13	5.6873e-16	6.1024e-15
7.9748e+13	5.1124e-16	6.0502e-15
7.9799e+13	6.4133e-16	6.0665e-15
7.985e+13	8.4062e-16	6.0316e-15
7.9901e+13	9.3863e-16	5.86e-15
7.9952e+13	8.547e-16	5.5846e-15
8.0003e+13	6.6261e-16	5.3354e-15
8.0054e+13	5.2563e-16	5.235e-15
8.0106e+13	5.5791e-16	5.2989e-15
8.0157e+13	7.2814e-16	5.4268e-15
8.0208e+13	8.859e-16	5.4897e-15
8.0259e+13	8.8848e-16	5.4417e-15
8.031e+13	7.2226e-16	5.3582e-15
8.0361e+13	5.1688e-16	5.3681e-15
8.0412e+13	4.3957e-16	5.5321e-15
8.0463e+13	5.564e-16	5.7722e-15
8.0514e+13	7.7586e-16	5.917e-15
8.0565e+13	9.2261e-16	5.8363e-15
8.0616e+13	8.8188e-16	5.5608e-15
8.0667e+13	6.9563e-16	5.2867e-15
8.0718e+13	5.3043e-16	5.2476e-15
8.0769e+13	5.4155e-16	5.5419e-15
8.082e+13	7.4385e-16	6.0438e-15
8.0871e+13	9.9535e-16	6.4711e-15
8.0922e+13	1.1083e-15	6.5697e-15
8.0973e+13	9.9855e-16	6.2877e-15
8.1025e+13	7.529e-16	5.8129e-15
8.1076e+13	5.5928e-16	5.4471e-15
8.1127e+13	5.5692e-16	5.4021e-15
8.1178e+13	7.2711e-16	5.6612e-15
8.1229e+13	9.1205e-16	5.9995e-15
8.128e+13	9.4544e-16	6.1469e-15
8.1331e+13	7.8795e-16	5.9772e-15
8.1382e+13	5.5842e-16	5.5949e-15
8.1433e+13	4.3701e-16	5.2641e-15
8.1484e+13	5.1995e-16	5.2339e-15
8.1535e+13	7.4373e-16	5.5799e-15
8.1586e+13	9.3807e-16	6.16e-15
8.1637e+13	9.6228e-16	6.7051e-15
8.1688e+13	8.1364e-16	6.974e-15
8.1739e+13	6.2191e-16	6.877e-15
8.179e+13	5.3894e-16	6.5012e-15
8.1841e+13	6.1675e-16	6.0445e-15
8.1892e+13	7.7372e-16	5.7105e-15
8.1943e+13	8.7261e-16	5.6278e-15
8.1995e+13	8.4056e-16	5.8198e-15
8.2046e+13	7.2886e-16	6.2192e-15
8.2097e+13	6.6296e-16	6.7023e-15
8.2148e+13	7.2779e-16	7.1266e-15
8.2199e+13	8.8811e-16	7.3687e-15
8.225e+13	1.0136e-15	7.3637e-15
8.2301e+13	9.891e-16	7.132e-15
8.2352e+13	8.1654e-16	6.7784e-15
8.2403e+13	6.2079e-16	6.4504e-15
8.2454e+13	5.508e-16	6.2729e-15
8.2505e+13	6.5676e-16	6.2916e-15
8.2556e+13	8.4588e-16	6.4614e-15
8.2607e+13	9.56e-16	6.683e-15
8.2658e+13	8.8865e-16	6.8641e-15
8.2709e+13	6.9216e-16	6.9624e-15
8.276e+13	5.248e-16	6.9879e-15
8.2811e+13	5.263e-16	6.9732e-15
8.2862e+13	7.021e-16	6.9426e-15
8.2914e+13	9.1634e-16	6.9072e-15
8.2965e+13	1.0008e-15	6.882e-15
8.3016e+13	8.9202e-16	6.8995e-15
8.3067e+13	6.8446e-16	6.9954e-15
8.3118e+13	5.5482e-16	7.1709e-15
8.3169e+13	6.1854e-16	7.3653e-15
8.322e+13	8.3497e-16	7.4752e-15
8.3271e+13	1.0393e-15	7.4196e-15
8.3322e+13	1.0759e-15	7.2114e-15
8.3373e+13	9.2482e-16	6.9732e-15
8.3424e+13	7.1783e-16	6.87e-15
8.3475e+13	6.3053e-16	6.9939e-15
8.3526e+13	7.3768e-16	7.2789e-15
8.3577e+13	9.5006e-16	7.5191e-15
8.3628e+13	1.085e-15	7.4916e-15
8.3679e+13	1.0145e-15	7.1107e-15
8.373e+13	7.7113e-16	6.5039e-15
8.3781e+13	5.2553e-16	5.9476e-15
8.3833e+13	4.5364e-16	5.6974e-15
8.3884e+13	5.9929e-16	5.8252e-15
8.3935e+13	8.4248e-16	6.181e-15
8.3986e+13	9.9754e-16	6.5109e-15
8.4037e+13	9.612e-16	6.651e-15
8.4088e+13	7.9151e-16	6.6546e-15
8.4139e+13	6.5567e-16	6.751e-15
8.419e+13	6.9101e-16	7.1541e-15
8.4241e+13	8.9225e-16	7.855e-15
8.4292e+13	1.1153e-15	8.5583e-15
8.4343e+13	1.1925e-15	8.8334e-15
8.4394e+13	1.0652e-15	8.3998e-15
8.4445e+13	8.2759e-16	7.36e-15
8.4496e+13	6.4972e-16	6.2075e-15
8.4547e+13	6.4468e-16	5.5783e-15
8.4598e+13	7.8752e-16	5.8818e-15
8.4649e+13	9.475e-16	7.0408e-15
8.47e+13	1.0016e-15	8.5125e-15
8.4752e+13	9.3274e-16	9.5903e-15
8.4803e+13	8.3409e-16	9.8078e-15
8.4854e+13	8.2027e-16	9.1988e-15
8.4905e+13	9.2532e-16	8.2547e-15
8.4956e+13	1.0742e-15	7.6125e-15
8.5007e+13	1.1504e-15	7.6715e-15
8.5058e+13	1.0997e-15	8.3785e-15
8.5109e+13	9.7888e-16	9.3056e-15
8.516e+13	9.0797e-16	9.9534e-15
8.5211e+13	9.6455e-16	1.0074e-14
8.5262e+13	1.1124e-15	9.8025e-15
8.5313e+13	1.2268e-15	9.5251e-15
8.5364e+13	1.1977e-15	9.5807e-15
8.5415e+13	1.0257e-15	1.0012e-14
8.5466e+13	8.2833e-16	1.0532e-14
8.5517e+13	7.4914e-16	1.0727e-14
8.5568e+13	8.422e-16	1.0358e-14
8.5619e+13	1.0278e-15	9.5446e-15
8.5671e+13	1.1564e-15	8.7143e-15
8.5722e+13	1.1301e-15	8.3343e-15
8.5773e+13	9.8144e-16	8.6126e-15
8.5824e+13	8.4426e-16	9.3621e-15
8.5875e+13	8.4169e-16	1.0119e-14
8.5926e+13	9.8264e-16	1.0441e-14
8.5977e+13	1.154e-15	1.0187e-14
8.6028e+13	1.2152e-15	9.5982e-15
8.6079e+13	1.1175e-15	9.127e-15
8.613e+13	9.4769e-16	9.1356e-15
8.6181e+13	8.5855e-16	9.6593e-15
8.6232e+13	9.4184e-16	1.0394e-14
8.6283e+13	1.1486e-15	1.091e-14
8.6334e+13	1.3242e-15	1.0942e-14
8.6385e+13	1.3322e-15	1.0562e-14
8.6436e+13	1.166e-15	1.0114e-14
8.6487e+13	9.577e-16	9.9598e-15
8.6538e+13	8.7297e-16	1.0221e-14
8.659e+13	9.7813e-16	1.0684e-14
8.6641e+13	1.1855e-15	1.0948e-14
8.6692e+13	1.3231e-15	1.072e-14
8.6743e+13	1.2731e-15	1.0041e-14
8.6794e+13	1.0672e-15	9.2947e-15
8.6845e+13	8.6225e-16	8.9735e-15
8.6896e+13	8.1523e-16	9.3539e-15
8.6947e+13	9.5794e-16	1.0293e-14
8.6998e+13	1.1727e-15	1.1292e-14
8.7049e+13	1.2872e-15	1.1788e-14
8.71e+13	1.2117e-15	1.1499e-14
8.7151e+13	1.0087e-15	1.0597e-14
8.7202e+13	8.391e-16	9.6017e-15
8.7253e+13	8.3194e-16	9.0532e-15
8.7304e+13	9.8255e-16	9.188e-15
8.7355e+13	1.1607e-15	9.8064e-15
8.7406e+13	1.2198e-15	1.0416e-14
8.7457e+13	1.1155e-15	1.055e-14
8.7509e+13	9.3888e-16	1.0056e-14
8.756e+13	8.3755e-16	9.1765e-15
8.7611e+13	8.9293e-16	8.382e-15
8.7662e+13	1.0543e-15	8.082e-15
8.7713e+13	1.183e-15	8.391e-15
8.7764e+13	1.1675e-15	9.0946e-15
8.7815e+13	1.015e-15	9.8117e-15
8.7866e+13	8.4357e-16	1.0235e-14
8.7917e+13	7.841e-16	1.0293e-14
8.7968e+13	8.7462e-16	1.0149e-14
8.8019e+13	1.034e-15	1.0066e-14
8.807e+13	1.135e-15	1.0232e-14
8.8121e+13	1.1123e-15	1.0669e-14
8.8172e+13	1.0156e-15	1.1248e-14
8.8223e+13	9.6124e-16	1.1777e-14
8.8274e+13	1.0265e-15	1.2087e-14
8.8325e+13	1.176e-15	1.2067e-14
8.8376e+13	1.2851e-15	1.1664e-14
8.8428e+13	1.2435e-15	1.0886e-14
8.8479e+13	1.0526e-15	9.8245e-15
8.853e+13	8.3302e-16	8.6837e-15
8.8581e+13	7.3483e-16	7.7546e-15
8.8632e+13	8.1886e-16	7.3185e-15
8.8683e+13	1.0079e-15	7.5074e-15
8.8734e+13	1.1473e-15	8.2073e-15
8.8785e+13	1.1278e-15	9.0838e-15
8.8836e+13	9.7041e-16	9.7359e-15
8.8887e+13	8.0576e-16	9.8997e-15
8.8938e+13	7.6509e-16	9.5778e-15
8.8989e+13	8.723e-16	9.0147e-15
8.904e+13	1.0254e-15	8.5355e-15
8.9091e+13	1.082e-15	8.3542e-15
8.9142e+13	9.7786e-16	8.477e-15
8.9193e+13	7.8133e-16	8.7506e-15
8.9244e+13	6.3876e-16	9.0028e-15
8.9295e+13	6.5606e-16	9.162e-15
8.9346e+13	8.1347e-16	9.2663e-15
8.9398e+13	9.8326e-16	9.3694e-15
8.9449e+13	1.0349e-15	9.4359e-15
8.95e+13	9.4077e-16	9.3297e-15
8.9551e+13	7.9593e-16	8.9202e-15
8.9602e+13	7.3583e-16	8.2292e-15
8.9653e+13	8.2143e-16	7.4916e-15
8.9704e+13	9.8676e-16	7.0554e-15
8.9755e+13	1.0928e-15	7.1706e-15
8.9806e+13	1.0433e-15	7.8082e-15
8.9857e+13	8.6623e-16	8.6497e-15
8.9908e+13	6.939e-16	9.2708e-15
8.9959e+13	6.5595e-16	9.4047e-15
9.001e+13	7.7386e-16	9.1025e-15
9.0061e+13	9.4295e-16	8.676e-15
9.0112e+13	1.0175e-15	8.4628e-15
9.0163e+13	9.3002e-16	8.5818e-15
9.0214e+13	7.4692e-16	8.8588e-15
9.0265e+13	6.1593e-16	8.976e-15
9.0317e+13	6.4675e-16	8.731e-15
9.0368e+13	8.2208e-16	8.2062e-15
9.0419e+13	1.0103e-15	7.7149e-15
9.047e+13	1.069e-15	7.5585e-15
9.0521e+13	9.5551e-16	7.7818e-15
9.0572e+13	7.5694e-16	8.1221e-15
9.0623e+13	6.1757e-16	8.2082e-15
9.0674e+13	6.2534e-16	7.8702e-15
9.0725e+13	7.4893e-16	7.324e-15
9.0776e+13	8.7324e-16	7.067e-15
9.0827e+13	8.9936e-16	7.5328e-15
9.0878e+13	8.2409e-16	8.737e-15
9.0929e+13	7.3411e-16	1.0176e-14
9.098e+13	7.2351e-16	1.1082e-14
9.1031e+13	8.0747e-16	1.0884e-14
9.1082e+13	9.0675e-16	9.5836e-15
9.1133e+13	9.1622e-16	7.7816e-15
9.1184e+13	7.9877e-16	6.3407e-15
9.1236e+13	6.2349e-16	5.8863e-15
9.1287e+13	5.1393e-16	6.4687e-15
9.1338e+13	5.4798e-16	7.5869e-15
9.1389e+13	6.9259e-16	8.5362e-15
9.144e+13	8.2872e-16	8.8335e-15
9.1491e+13	8.4684e-16	8.4517e-15
9.1542e+13	7.3474e-16	7.7397e-15
9.1593e+13	5.8501e-16	7.1279e-15
9.1644e+13	5.1627e-16	6.8431e-15
9.1695e+13	5.7389e-16	6.8182e-15
9.1746e+13	6.9288e-16	6.8204e-15
9.1797e+13	7.5423e-16	6.6631e-15
9.1848e+13	6.8732e-16	6.3349e-15
9.1899e+13	5.3241e-16	5.9648e-15
9.195e+13	4.0972e-16	5.6859e-15
9.2001e+13	4.1954e-16	5.5291e-15
9.2052e+13	5.5631e-16	5.4335e-15
9.2103e+13	7.091e-16	5.3497e-15
9.2155e+13	7.5014e-16	5.3264e-15
9.2206e+13	6.3968e-16	5.4901e-15
9.2257e+13	4.6036e-16	5.9236e-15
9.2308e+13	3.5174e-16	6.547e-15
9.2359e+13	3.9717e-16	7.115e-15
9.241e+13	5.5546e-16	7.3525e-15
9.2461e+13	6.9374e-16	7.1386e-15
9.2512e+13	6.9529e-16	6.5963e-15
9.2563e+13	5.5471e-16	6.0119e-15
9.2614e+13	3.8255e-16	5.6362e-15
9.2665e+13	3.1547e-16	5.5151e-15
9.2716e+13	4.054e-16	5.4772e-15
9.2767e+13	5.7793e-16	5.2907e-15
9.2818e+13	6.937e-16	4.8678e-15
9.2869e+13	6.6205e-16	4.3575e-15
9.292e+13	5.139e-16	4.0507e-15
9.2971e+13	3.745e-16	4.1649e-15
9.3022e+13	3.595e-16	4.6716e-15
9.3074e+13	4.8015e-16	5.2994e-15
9.3125e+13	6.3541e-16	5.713e-15
9.3176e+13	6.9669e-16	5.7388e-15
9.3227e+13	6.1416e-16	5.4678e-15
9.3278e+13	4.5673e-16	5.1652e-15
9.3329e+13	3.5303e-16	5.0584e-15
9.338e+13	3.8305e-16	5.1677e-15
9.3431e+13	5.1117e-16	5.3055e-15
9.3482e+13	6.1633e-16	5.2401e-15
9.3533e+13	5.9413e-16	4.8914e-15
9.3584e+13	4.4566e-16	4.4051e-15
9.3635e+13	2.7836e-16	4.0465e-15
9.3686e+13	2.1764e-16	3.9984e-15
9.3737e+13	3.0258e-16	4.219e-15
9.3788e+13	4.5282e-16	4.4715e-15
9.3839e+13	5.3525e-16	4.5046e-15
9.389e+13	4.7551e-16	4.2436e-15
9.3941e+13	3.2149e-16	3.8487e-15
9.3993e+13	2.0467e-16	3.5926e-15
9.4044e+13	2.3008e-16	3.6525e-15
9.4095e+13	3.8572e-16	3.9718e-15
9.4146e+13	5.4786e-16	4.2945e-15
9.4197e+13	5.8021e-16	4.348e-15
9.4248e+13	4.4668e-16	4.0362e-15
9.4299e+13	2.4479e-16	3.5051e-15
9.435e+13	1.3011e-16	3.0378e-15
9.4401e+13	1.9167e-16	2.8624e-15
9.4452e+13	3.7913e-16	3.0122e-15
9.4503e+13	5.419e-16	3.3296e-15
9.4554e+13	5.4928e-16	3.5957e-15
9.4605e+13	3.9498e-16	3.6766e-15
9.4656e+13	2.0103e-16	3.5813e-15
9.4707e+13	1.1798e-16	3.4054e-15
9.4758e+13	2.0265e-16	3.2257e-15
9.4809e+13	3.7277e-16	3.0438e-15
9.486e+13	4.7557e-16	2.8219e-15
9.4912e+13	4.1408e-16	2.5678e-15
9.4963e+13	2.2791e-16	2.3812e-15
9.5014e+13	6.2207e-17	2.4026e-15
9.5065e+13	4.98e-17	2.6947e-15
9.5116e+13	2.0248e-16	3.1514e-15
9.5167e+13	4.0008e-16	3.5223e-15
9.5218e+13	4.8654e-16	3.5561e-15
9.5269e+13	3.9514e-16	3.1714e-15
9.532e+13	2.0156e-16	2.5333e-15
9.5371e+13	6.208e-17	1.9694e-15
9.5422e+13	8.7624e-17	1.7756e-15
9.5473e+13	2.5566e-16	2.0358e-15
9.5524e+13	4.3055e-16	2.5765e-15
9.5575e+13	4.7447e-16	3.0816e-15
9.5626e+13	3.5786e-16	3.2888e-15
9.5677e+13	1.8024e-16	3.1337e-15
9.5728e+13	8.6111e-17	2.758e-15
9.5779e+13	1.4641e-16	2.3896e-15
9.583e+13	3.026e-16	2.1903e-15
9.5882e+13	4.1797e-16	2.1736e-15
9.5933e+13	3.921e-16	2.2359e-15
9.5984e+13	2.4348e-16	2.2582e-15
9.6035e+13	9.2635e-17	2.1958e-15
9.6086e+13	6.103e-17	2.0929e-15
9.6137e+13	1.7032e-16	2.0279e-15
9.6188e+13	3.2538e-16	2.0421e-15
9.6239e+13	3.9446e-16	2.1113e-15
9.629e+13	3.1934e-16	2.1763e-15
9.6341e+13	1.6366e-16	2.1981e-15
9.6392e+13	5.9413e-17	2.1885e-15
9.6443e+13	9.6306e-17	2.1904e-15
9.6494e+13	2.4602e-16	2.2297e-15
9.6545e+13	3.8468e-16	2.2817e-15
9.6596e+13	3.9518e-16	2.2837e-15
9.6647e+13	2.6483e-16	2.1853e-15
9.6698e+13	9.7123e-17	1.9956e-15
9.6749e+13	2.7359e-17	1.7886e-15
9.6801e+13	1.1132e-16	1.6605e-15
9.6852e+13	2.7871e-16	1.6684e-15
9.6903e+13	3.9014e-16	1.7937e-15
9.6954e+13	3.5098e-16	1.9549e-15
9.7005e+13	1.8893e-16	2.0573e-15
9.7056e+13	3.1451e-17	2.0453e-15
9.7107e+13	1.8071e-18	1.9241e-15
9.7158e+13	1.1892e-16	1.7457e-15
9.7209e+13	2.8314e-16	1.5754e-15
9.726e+13	3.5903e-16	1.4648e-15
9.7311e+13	2.8678e-16	1.4415e-15
9.7362e+13	1.3038e-16	1.5112e-15
9.7413e+13	2.3445e-17	1.6603e-15
9.7464e+13	5.7848e-17	1.8536e-15
9.7515e+13	2.0733e-16	2.0355e-15
9.7566e+13	3.4921e-16	2.1444e-15
9.7617e+13	3.6597e-16	2.1387e-15
9.7668e+13	2.4273e-16	2.0207e-15
9.772e+13	7.9802e-17	1.8374e-15
9.7771e+13	9.9649e-18	1.6552e-15
9.7822e+13	8.8671e-17	1.5225e-15
9.7873e+13	2.48e-16	1.4451e-15
9.7924e+13	3.5259e-16	1.3931e-15
9.7975e+13	3.1163e-16	1.3329e-15
9.8026e+13	1.546e-16	1.2591e-15
9.8077e+13	8.1358e-18	1.2016e-15
9.8128e+13	-7.3336e-18	1.203e-15
9.8179e+13	1.2358e-16	1.2837e-15
9.823e+13	2.982e-16	1.423e-15
9.8281e+13	3.7919e-16	1.5702e-15
9.8332e+13	3.061e-16	1.6767e-15
9.8383e+13	1.4357e-16	1.7231e-15
9.8434e+13	2.7064e-17	1.7226e-15
9.8485e+13	5.108e-17	1.7001e-15
9.8536e+13	1.9206e-16	1.6683e-15
9.8587e+13	3.2909e-16	1.6215e-15
9.8639e+13	3.449e-16	1.5518e-15
9.869e+13	2.2349e-16	1.4702e-15
9.8741e+13	6.3583e-17	1.4108e-15
9.8792e+13	-3.1101e-18	1.4084e-15
9.8843e+13	7.8583e-17	1.4674e-15
9.8894e+13	2.4069e-16	1.5483e-15
9.8945e+13	3.4723e-16	1.5882e-15
9.8996e+13	3.0603e-16	1.5455e-15
9.9047e+13	1.4539e-16	1.4353e-15
9.9098e+13	-7.8101e-18	1.3256e-15
9.9149e+13	-3.0991e-17	1.2932e-15
9.92e+13	9.4266e-17	1.3671e-15
9.9251e+13	2.6704e-16	1.5023e-15
9.9302e+13	3.4894e-16	1.6036e-15
9.9353e+13	2.7608e-16	1.5872e-15
9.9404e+13	1.0978e-16	1.4363e-15
9.9455e+13	-1.4773e-17	1.2129e-15
9.9506e+13	6.3654e-19	1.017e-15
9.9558e+13	1.3803e-16	9.2343e-16
9.9609e+13	2.7984e-16	9.3927e-16
9.966e+13	3.069e-16	1.0107e-15
9.9711e+13	1.9652e-16	1.0695e-15
9.9762e+13	4.0349e-17	1.0836e-15
9.9813e+13	-3.2144e-17	1.074e-15
9.9864e+13	3.9383e-17	1.0905e-15
9.9915e+13	1.9685e-16	1.1657e-15
9.9966e+13	3.1238e-16	1.2863e-15
1.0002e+14	2.9399e-16	1.3999e-15
1.0007e+14	1.6081e-16	1.4526e-15
1.0012e+14	2.6039e-17	1.4259e-15
1.0017e+14	2.1729e-18	1.346e-15
1.0022e+14	1.0758e-16	1.2624e-15
1.0027e+14	2.5163e-16	1.2123e-15
1.0032e+14	3.1058e-16	1.2001e-15
1.0037e+14	2.31e-16	1.2044e-15
1.0043e+14	7.4889e-17	1.2019e-15
1.0048e+14	-3.1119e-17	1.188e-15
1.0053e+14	-4.8356e-19	1.1756e-15
1.0058e+14	1.4117e-16	1.1766e-15
1.0063e+14	2.7649e-16	1.184e-15
1.0068e+14	2.9271e-16	1.1728e-15
1.0073e+14	1.7463e-16	1.1215e-15
1.0078e+14	1.7477e-17	1.0368e-15
1.0083e+14	-5.092e-17	9.6045e-16
1.0088e+14	2.5238e-17	9.4738e-16
1.0094e+14	1.8436e-16	1.029e-15
1.0099e+14	2.9837e-16	1.1858e-15
1.0104e+14	2.7776e-16	1.3505e-15
1.0109e+14	1.4412e-16	1.4415e-15
1.0114e+14	1.0739e-17	1.4081e-15
1.0119e+14	-1.2166e-17	1.2574e-15
1.0124e+14	9.1153e-17	1.0501e-15
1.0129e+14	2.2951e-16	8.6689e-16
1.0134e+14	2.8139e-16	7.687e-16
1.014e+14	1.9694e-16	7.7158e-16
1.0145e+14	4.05e-17	8.4746e-16
1.015e+14	-6.1755e-17	9.4515e-16
1.0155e+14	-2.6106e-17	1.0165e-15
1.016e+14	1.1882e-16	1.0345e-15
1.0165e+14	2.5464e-16	9.9794e-16
1.017e+14	2.7004e-16	9.2544e-16
1.0175e+14	1.5235e-16	8.457e-16
1.018e+14	-1.7921e-18	7.8763e-16
1.0186e+14	-6.567e-17	7.7208e-16
1.0191e+14	1.349e-17	8.0572e-16
1.0196e+14	1.7118e-16	8.783e-16
1.0201e+14	2.7863e-16	9.652e-16
1.0206e+14	2.4862e-16	1.0359e-15
1.0211e+14	1.0682e-16	1.0654e-15
1.0216e+14	-2.976e-17	1.0432e-15
1.0221e+14	-4.952e-17	9.7637e-16
1.0226e+14	6.1735e-17	8.8547e-16
1.0231e+14	2.0932e-16	7.9534e-16
1.0237e+14	2.6806e-16	7.2613e-16
1.0242e+14	1.8591e-16	6.871e-16
1.0247e+14	2.7097e-17	6.7497e-16
1.0252e+14	-8.0637e-17	6.7665e-16
1.0257e+14	-5.1272e-17	6.7587e-16
1.0262e+14	8.8621e-17	6.6184e-16
1.0267e+14	2.2193e-16	6.3656e-16
1.0272e+14	2.3778e-16	6.1606e-16
1.0277e+14	1.2323e-16	6.2255e-16
1.0283e+14	-2.5966e-17	6.6961e-16
1.0288e+14	-8.4464e-17	7.4871e-16
1.0293e+14	-1.2887e-18	8.271e-16
1.0298e+14	1.5723e-16	8.6204e-16
1.0303e+14	2.6125e-16	8.2563e-16
1.0308e+14	2.2396e-16	7.2542e-16
1.0313e+14	7.3402e-17	6.0583e-16
1.0318e+14	-6.9771e-17	5.2633e-16
1.0323e+14	-9.0454e-17	5.2758e-16
1.0328e+14	2.7062e-17	6.0658e-16
1.0334e+14	1.8653e-16	7.1758e-16
1.0339e+14	2.5864e-16	7.9941e-16
1.0344e+14	1.8659e-16	8.1219e-16
1.0349e+14	3.1793e-17	7.5954e-16
1.0354e+14	-7.7454e-17	6.8221e-16
1.0359e+14	-5.1777e-17	6.2828e-16
1.0364e+14	8.6026e-17	6.2125e-16
1.0369e+14	2.204e-16	6.4794e-16
1.0374e+14	2.388e-16	6.7353e-16
1.038e+14	1.247e-16	6.7133e-16
1.0385e+14	-2.8569e-17	6.4453e-16
1.039e+14	-9.4622e-17	6.2393e-16
1.0395e+14	-1.7955e-17	6.4339e-16
1.04e+14	1.4035e-16	7.1171e-16
1.0405e+14	2.5266e-16	8.0185e-16
1.041e+14	2.2915e-16	8.6594e-16
1.0415e+14	9.0809e-17	8.6558e-16
1.042e+14	-4.881e-17	7.9625e-16
1.0425e+14	-7.7438e-17	6.8929e-16
1.0431e+14	2.3893e-17	5.911e-16
1.0436e+14	1.6638e-16	5.3486e-16
1.0441e+14	2.2797e-16	5.242e-16
1.0446e+14	1.549e-16	5.3805e-16
1.0451e+14	6.4078e-18	5.5069e-16
1.0456e+14	-9.4372e-17	5.5081e-16
1.0461e+14	-6.242e-17	5.4603e-16
1.0466e+14	7.8438e-17	5.5165e-16
1.0471e+14	2.1462e-16	5.7413e-16
1.0477e+14	2.359e-16	6.0292e-16
1.0482e+14	1.2587e-16	6.1705e-16
1.0487e+14	-2.4881e-17	6.0074e-16
1.0492e+14	-9.3452e-17	5.5612e-16
1.0497e+14	-2.5634e-17	5.0321e-16
1.0502e+14	1.2001e-16	4.6738e-16
1.0507e+14	2.2109e-16	4.6339e-16
1.0512e+14	1.927e-16	4.8689e-16
1.0517e+14	5.7459e-17	5.1863e-16
1.0522e+14	-7.3496e-17	5.3767e-16
1.0528e+14	-9.2517e-17	5.3405e-16
1.0533e+14	1.5558e-17	5.1333e-16
1.0538e+14	1.61e-16	4.9117e-16
1.0543e+14	2.2349e-16	4.8299e-16
1.0548e+14	1.5166e-16	4.9562e-16
1.0553e+14	5.5552e-18	5.2528e-16
1.0558e+14	-9.3084e-17	5.6138e-16
1.0563e+14	-6.161e-17	5.9239e-16
1.0568e+14	7.4895e-17	6.1006e-16
1.0574e+14	2.0397e-16	6.105e-16
1.0579e+14	2.184e-16	5.9341e-16
1.0584e+14	1.048e-16	5.6117e-16
1.0589e+14	-4.5035e-17	5.1888e-16
1.0594e+14	-1.0942e-16	4.7467e-16
1.0599e+14	-3.6721e-17	4.3915e-16
1.0604e+14	1.1237e-16	4.23e-16
1.0609e+14	2.1502e-16	4.3312e-16
1.0614e+14	1.8756e-16	4.6887e-16
1.0619e+14	5.4322e-17	5.2028e-16
1.0625e+14	-7.2701e-17	5.7016e-16
1.063e+14	-8.655e-17	6.0009e-16
1.0635e+14	2.6147e-17	5.987e-16
1.064e+14	1.7384e-16	5.683e-16
1.0645e+14	2.3538e-16	5.2558e-16
1.065e+14	1.5987e-16	4.9437e-16
1.0655e+14	8.8281e-18	4.9295e-16
1.066e+14	-9.4377e-17	5.223e-16
1.0665e+14	-6.6009e-17	5.6303e-16
1.0671e+14	6.9067e-17	5.8449e-16
1.0676e+14	1.9785e-16	5.6232e-16
1.0681e+14	2.1234e-16	4.9453e-16
1.0686e+14	9.8607e-17	4.057e-16
1.0691e+14	-5.1461e-17	3.3531e-16
1.0696e+14	-1.155e-16	3.1608e-16
1.0701e+14	-4.1173e-17	3.5515e-16
1.0706e+14	1.1088e-16	4.2976e-16
1.0711e+14	2.168e-16	5.0032e-16
1.0716e+14	1.911e-16	5.3279e-16
1.0722e+14	5.6385e-17	5.1644e-16
1.0727e+14	-7.5803e-17	4.6652e-16
1.0732e+14	-9.7199e-17	4.1147e-16
1.0737e+14	8.1195e-18	3.7423e-16
1.0742e+14	1.5105e-16	3.6045e-16
1.0747e+14	2.114e-16	3.6014e-16
1.0752e+14	1.374e-16	3.5982e-16
1.0757e+14	-1.1423e-17	3.5498e-16
1.0762e+14	-1.1315e-16	3.5349e-16
1.0768e+14	-8.3939e-17	3.6805e-16
1.0773e+14	5.2847e-17	4.0427e-16
1.0778e+14	1.8578e-16	4.5358e-16
1.0783e+14	2.0688e-16	4.9651e-16
1.0788e+14	1.002e-16	5.1389e-16
1.0793e+14	-4.5509e-17	4.9793e-16
1.0798e+14	-1.1025e-16	4.5592e-16
1.0803e+14	-4.1733e-17	4.048e-16
1.0808e+14	1.0181e-16	3.612e-16
1.0813e+14	2.0001e-16	3.339e-16
1.0819e+14	1.701e-16	3.2267e-16
1.0824e+14	3.5397e-17	3.2245e-16
1.0829e+14	-9.3645e-17	3.2832e-16
1.0834e+14	-1.1051e-16	3.3747e-16
1.0839e+14	-5.4276e-19	3.4793e-16
1.0844e+14	1.4673e-16	3.5669e-16
1.0849e+14	2.1101e-16	3.6005e-16
1.0854e+14	1.4009e-16	3.5634e-16
1.0859e+14	-7.3508e-18	3.4834e-16
1.0865e+14	-1.1007e-16	3.4263e-16
1.087e+14	-8.3947e-17	3.455e-16
1.0875e+14	4.9005e-17	3.5816e-16
1.088e+14	1.7906e-16	3.7516e-16
1.0885e+14	1.9924e-16	3.8732e-16
1.089e+14	9.3329e-17	3.8761e-16
1.0895e+14	-5.1064e-17	3.757e-16
1.09e+14	-1.1487e-16	3.5796e-16
1.0905e+14	-4.5716e-17	3.4336e-16
1.091e+14	9.9006e-17	3.38e-16
1.0916e+14	1.996e-16	3.4225e-16
1.0921e+14	1.7274e-16	3.517e-16
1.0926e+14	4.0104e-17	3.6057e-16
1.0931e+14	-8.953e-17	3.647e-16
1.0936e+14	-1.0987e-16	3.6232e-16
1.0941e+14	-4.5144e-18	3.5316e-16
1.0946e+14	1.3967e-16	3.3771e-16
1.0951e+14	2.0414e-16	3.1776e-16
1.0956e+14	1.3612e-16	2.9761e-16
1.0962e+14	-8.3122e-18	2.8392e-16
1.0967e+14	-1.1066e-16	2.8307e-16
1.0972e+14	-8.7618e-17	2.9717e-16
1.0977e+14	4.0667e-17	3.216e-16
1.0982e+14	1.6777e-16	3.4652e-16
1.0987e+14	1.8905e-16	3.6216e-16
1.0992e+14	8.7915e-17	3.6472e-16
1.0997e+14	-5.0891e-17	3.5889e-16
1.1002e+14	-1.1159e-16	3.5494e-16
1.1007e+14	-4.3121e-17	3.6204e-16
1.1013e+14	9.8687e-17	3.8199e-16
1.1018e+14	1.9729e-16	4.0758e-16
1.1023e+14	1.7163e-16	4.2644e-16
1.1028e+14	4.2909e-17	4.2812e-16
1.1033e+14	-8.3021e-17	4.0994e-16
1.1038e+14	-1.0304e-16	3.7832e-16
1.1043e+14	-1.6844e-18	3.4521e-16
1.1048e+14	1.3637e-16	3.2192e-16
1.1053e+14	1.9655e-16	3.1399e-16
1.1059e+14	1.2906e-16	3.1958e-16
1.1064e+14	-1.0042e-17	3.3144e-16
1.1069e+14	-1.0536e-16	3.4122e-16
1.1074e+14	-7.7675e-17	3.4347e-16
1.1079e+14	5.0429e-17	3.3756e-16
1.1084e+14	1.7306e-16	3.2694e-16
1.1089e+14	1.884e-16	3.1638e-16
1.1094e+14	8.2849e-17	3.0905e-16
1.1099e+14	-5.7547e-17	3.0505e-16
1.1104e+14	-1.1786e-16	3.0251e-16
1.111e+14	-4.886e-17	3.0022e-16
1.1115e+14	9.2475e-17	2.9996e-16
1.112e+14	1.9001e-16	3.0614e-16
1.1125e+14	1.6413e-16	3.2232e-16
1.113e+14	3.7149e-17	3.4675e-16
1.1135e+14	-8.5375e-17	3.7048e-16
1.114e+14	-1.0199e-16	3.8074e-16
1.1145e+14	7.9646e-19	3.6852e-16
1.115e+14	1.3744e-16	3.3583e-16
1.1156e+14	1.9404e-16	2.9706e-16
1.1161e+14	1.2262e-16	2.7197e-16
1.1166e+14	-1.9078e-17	2.7378e-16
1.1171e+14	-1.1503e-16	3.0004e-16
1.1176e+14	-8.6588e-17	3.3302e-16
1.1181e+14	4.251e-17	3.5044e-16
1.1186e+14	1.6554e-16	3.4012e-16
1.1191e+14	1.8065e-16	3.0847e-16
1.1196e+14	7.4845e-17	2.7644e-16
1.1201e+14	-6.5161e-17	2.6516e-16
1.1207e+14	-1.2427e-16	2.8092e-16
1.1212e+14	-5.3748e-17	3.1035e-16
1.1217e+14	8.8601e-17	3.2958e-16
1.1222e+14	1.8597e-16	3.213e-16
1.1227e+14	1.5866e-16	2.8753e-16
1.1232e+14	2.9672e-17	2.4876e-16
1.1237e+14	-9.4326e-17	2.2968e-16
1.1242e+14	-1.1084e-16	2.4158e-16
1.1247e+14	-5.981e-18	2.7418e-16
1.1253e+14	1.3407e-16	3.0289e-16
1.1258e+14	1.9399e-16	3.0637e-16
1.1263e+14	1.2426e-16	2.8193e-16
1.1268e+14	-1.8123e-17	2.4745e-16
1.1273e+14	-1.1647e-16	2.2868e-16
1.1278e+14	-9.0317e-17	2.4091e-16
1.1283e+14	3.8545e-17	2.7834e-16
1.1288e+14	1.6418e-16	3.1831e-16
1.1293e+14	1.8366e-16	3.3725e-16
1.1299e+14	8.1568e-17	3.2648e-16
1.1304e+14	-5.7756e-17	2.9715e-16
1.1309e+14	-1.1994e-16	2.7126e-16
1.1314e+14	-5.4785e-17	2.661e-16
1.1319e+14	8.2733e-17	2.8325e-16
1.1324e+14	1.7822e-16	3.0951e-16
1.1329e+14	1.5247e-16	3.2767e-16
1.1334e+14	2.6879e-17	3.2878e-16
1.1339e+14	-9.4385e-17	3.168e-16
1.1344e+14	-1.1045e-16	3.0349e-16
1.135e+14	-7.1432e-18	2.9828e-16
1.1355e+14	1.3113e-16	3.0139e-16
1.136e+14	1.9078e-16	3.0475e-16
1.1365e+14	1.2254e-16	2.9921e-16
1.137e+14	-1.8082e-17	2.8186e-16
1.1375e+14	-1.1651e-16	2.5801e-16
1.138e+14	-9.3308e-17	2.3698e-16
1.1385e+14	3.0728e-17	2.257e-16
1.139e+14	1.522e-16	2.2517e-16
1.1396e+14	1.7067e-16	2.3171e-16
1.1401e+14	7.1454e-17	2.4107e-16
1.1406e+14	-6.2496e-17	2.5137e-16
1.1411e+14	-1.1944e-16	2.6267e-16
1.1416e+14	-5.138e-17	2.7423e-16
1.1421e+14	8.6086e-17	2.8279e-16
1.1426e+14	1.7957e-16	2.8382e-16
1.1431e+14	1.515e-16	2.7508e-16
1.1436e+14	2.4332e-17	2.5924e-16
1.1441e+14	-9.7731e-17	2.4316e-16
1.1447e+14	-1.1443e-16	2.3397e-16
1.1452e+14	-1.2047e-17	2.3501e-16
1.1457e+14	1.2527e-16	2.4459e-16
1.1462e+14	1.8476e-16	2.5832e-16
1.1467e+14	1.1783e-16	2.726e-16
1.1472e+14	-1.9918e-17	2.8632e-16
1.1477e+14	-1.146e-16	2.9943e-16
1.1482e+14	-8.7852e-17	3.1017e-16
1.1487e+14	3.8554e-17	3.142e-16
1.1493e+14	1.6062e-16	3.069e-16
1.1498e+14	1.7767e-16	2.8767e-16
1.1503e+14	7.5232e-17	2.6229e-16
1.1508e+14	-6.3118e-17	2.409e-16
1.1513e+14	-1.2444e-16	2.3239e-16
1.1518e+14	-5.9222e-17	2.3889e-16
1.1523e+14	7.8151e-17	2.5448e-16
1.1528e+14	1.7439e-16	2.6904e-16
1.1533e+14	1.5058e-16	2.7454e-16
1.1538e+14	2.6909e-17	2.6917e-16
1.1544e+14	-9.4362e-17	2.5691e-16
1.1549e+14	-1.1338e-16	2.4334e-16
1.1554e+14	-1.4972e-17	2.3167e-16
1.1559e+14	1.191e-16	2.2186e-16
1.1564e+14	1.7784e-16	2.1305e-16
1.1569e+14	1.1269e-16	2.0631e-16
1.1574e+14	-2.2405e-17	2.049e-16
1.1579e+14	-1.1556e-16	2.1143e-16
1.1584e+14	-8.9299e-17	2.2462e-16
1.159e+14	3.5535e-17	2.3889e-16
1.1595e+14	1.5686e-16	2.4785e-16
1.16e+14	1.754e-16	2.4897e-16
1.1605e+14	7.6354e-17	2.4574e-16
1.161e+14	-5.8568e-17	2.4488e-16
1.1615e+14	-1.1856e-16	2.5079e-16
1.162e+14	-5.4911e-17	2.6155e-16
1.1625e+14	7.9113e-17	2.7007e-16
1.163e+14	1.7247e-16	2.6984e-16
1.1635e+14	1.4801e-16	2.6054e-16
1.1641e+14	2.5968e-17	2.4903e-16
1.1646e+14	-9.2963e-17	2.4417e-16
1.1651e+14	-1.109e-16	2.4964e-16
1.1656e+14	-1.3565e-17	2.6047e-16
1.1661e+14	1.1809e-16	2.6644e-16
1.1666e+14	1.7486e-16	2.603e-16
1.1671e+14	1.0961e-16	2.4416e-16
1.1676e+14	-2.3716e-17	2.2888e-16
1.1681e+14	-1.1463e-16	2.2622e-16
1.1687e+14	-8.737e-17	2.3962e-16
1.1692e+14	3.6401e-17	2.6074e-16
1.1697e+14	1.552e-16	2.749e-16
1.1702e+14	1.713e-16	2.7172e-16
1.1707e+14	7.1274e-17	2.5315e-16
1.1712e+14	-6.2753e-17	2.3258e-16
1.1717e+14	-1.2063e-16	2.2559e-16
1.1722e+14	-5.4789e-17	2.3879e-16
1.1727e+14	8.0667e-17	2.6506e-16
1.1732e+14	1.7451e-16	2.8846e-16
1.1738e+14	1.4994e-16	2.9521e-16
1.1743e+14	2.7647e-17	2.826e-16
1.1748e+14	-9.1393e-17	2.5972e-16
1.1753e+14	-1.0928e-16	2.4004e-16
1.1758e+14	-1.1828e-17	2.318e-16
1.1763e+14	1.1982e-16	2.3337e-16
1.1768e+14	1.7624e-16	2.3652e-16
1.1773e+14	1.1009e-16	2.3422e-16
1.1778e+14	-2.4759e-17	2.266e-16
1.1784e+14	-1.1741e-16	2.2048e-16
1.1789e+14	-9.1278e-17	2.233e-16
1.1794e+14	3.2859e-17	2.3659e-16
1.1799e+14	1.5382e-16	2.5429e-16
1.1804e+14	1.7313e-16	2.6699e-16
1.1809e+14	7.5882e-17	2.6861e-16
1.1814e+14	-5.7275e-17	2.6033e-16
1.1819e+14	-1.1659e-16	2.4898e-16
1.1824e+14	-5.3494e-17	2.416e-16
1.1829e+14	7.9645e-17	2.4072e-16
1.1835e+14	1.7287e-16	2.4371e-16
1.184e+14	1.492e-16	2.462e-16
1.1845e+14	2.7911e-17	2.4614e-16
1.185e+14	-9.1609e-17	2.4509e-16
1.1855e+14	-1.1176e-16	2.4597e-16
1.186e+14	-1.6919e-17	2.4958e-16
1.1865e+14	1.1405e-16	2.533e-16
1.187e+14	1.7312e-16	2.5301e-16
1.1875e+14	1.1216e-16	2.467e-16
1.1881e+14	-1.7724e-17	2.3642e-16
1.1886e+14	-1.0874e-16	2.2673e-16
1.1891e+14	-8.5667e-17	2.211e-16
1.1896e+14	3.2091e-17	2.1908e-16
1.1901e+14	1.4668e-16	2.1697e-16
1.1906e+14	1.6283e-16	2.1126e-16
1.1911e+14	6.6657e-17	2.0217e-16
1.1916e+14	-6.2745e-17	1.9405e-16
1.1921e+14	-1.1864e-16	1.9232e-16
1.1926e+14	-5.4807e-17	1.9922e-16
1.1932e+14	7.6171e-17	2.1186e-16
1.1937e+14	1.6619e-16	2.24e-16
1.1942e+14	1.4077e-16	2.302e-16
1.1947e+14	2.0569e-17	2.2899e-16
1.1952e+14	-9.5534e-17	2.2293e-16
1.1957e+14	-1.1189e-16	2.1586e-16
1.1962e+14	-1.4916e-17	2.1008e-16
1.1967e+14	1.1561e-16	2.0573e-16
1.1972e+14	1.7219e-16	2.0248e-16
1.1978e+14	1.0813e-16	2.0139e-16
1.1983e+14	-2.4024e-17	2.047e-16
1.1988e+14	-1.1571e-16	2.1323e-16
1.1993e+14	-9.1661e-17	2.2395e-16
1.1998e+14	2.8224e-17	2.3037e-16
1.2003e+14	1.4536e-16	2.2656e-16
1.2008e+14	1.6366e-16	2.1204e-16
1.2013e+14	6.8525e-17	1.9365e-16
1.2018e+14	-6.1346e-17	1.8208e-16
1.2023e+14	-1.1895e-16	1.8495e-16
1.2029e+14	-5.7118e-17	2.0117e-16
1.2034e+14	7.2752e-17	2.2102e-16
1.2039e+14	1.6327e-16	2.3228e-16
1.2044e+14	1.3966e-16	2.2832e-16
1.2049e+14	2.1376e-17	2.1246e-16
1.2054e+14	-9.4021e-17	1.955e-16
1.2059e+14	-1.113e-16	1.882e-16
1.2064e+14	-1.6038e-17	1.9415e-16
1.2069e+14	1.1355e-16	2.0805e-16
1.2075e+14	1.7111e-16	2.2013e-16
1.208e+14	1.0968e-16	2.2331e-16
1.2085e+14	-1.9806e-17	2.1765e-16
1.209e+14	-1.1064e-16	2.0923e-16
1.2095e+14	-8.8348e-17	2.0501e-16
1.21e+14	2.8089e-17	2.0783e-16
1.2105e+14	1.4216e-16	2.1516e-16
1.211e+14	1.5961e-16	2.2201e-16
1.2115e+14	6.6168e-17	2.2498e-16
1.212e+14	-6.0787e-17	2.242e-16
1.2126e+14	-1.1627e-16	2.2183e-16
1.2131e+14	-5.4434e-17	2.1927e-16
1.2136e+14	7.3548e-17	2.1571e-16
1.2141e+14	1.6172e-16	2.0954e-16
1.2146e+14	1.3684e-16	2.0101e-16
1.2151e+14	1.8903e-17	1.9339e-16
1.2156e+14	-9.5226e-17	1.9103e-16
1.2161e+14	-1.1159e-16	1.958e-16
1.2166e+14	-1.6617e-17	2.0478e-16
1.2172e+14	1.1165e-16	2.1179e-16
1.2177e+14	1.6776e-16	2.1178e-16
1.2182e+14	1.0572e-16	2.0487e-16
1.2187e+14	-2.3242e-17	1.9644e-16
1.2192e+14	-1.1285e-16	1.9305e-16
1.2197e+14	-8.937e-17	1.9709e-16
1.2202e+14	2.7723e-17	2.0446e-16
1.2207e+14	1.4185e-16	2.0754e-16
1.2212e+14	1.5892e-16	2.0117e-16
1.2217e+14	6.4799e-17	1.8734e-16
1.2223e+14	-6.3103e-17	1.7443e-16
1.2228e+14	-1.1967e-16	1.7148e-16
1.2233e+14	-5.8618e-17	1.814e-16
1.2238e+14	6.9497e-17	1.9828e-16
1.2243e+14	1.5905e-16	2.1095e-16
1.2248e+14	1.3639e-16	2.1039e-16
1.2253e+14	2.044e-17	1.9583e-16
1.2258e+14	-9.3072e-17	1.7535e-16
1.2263e+14	-1.1057e-16	1.6075e-16
1.2269e+14	-1.7727e-17	1.602e-16
1.2274e+14	1.0887e-16	1.7385e-16
1.2279e+14	1.6497e-16	1.945e-16
1.2284e+14	1.0456e-16	2.125e-16
1.2289e+14	-2.2249e-17	2.2096e-16
1.2294e+14	-1.1075e-16	2.1832e-16
1.2299e+14	-8.7997e-17	2.0745e-16
1.2304e+14	2.7005e-17	1.93e-16
1.2309e+14	1.3907e-16	1.7919e-16
1.2314e+14	1.5536e-16	1.6913e-16
1.232e+14	6.1978e-17	1.6485e-16
1.2325e+14	-6.4573e-17	1.6717e-16
1.233e+14	-1.204e-16	1.7508e-16
1.2335e+14	-5.9817e-17	1.8544e-16
1.234e+14	6.7095e-17	1.9402e-16
1.2345e+14	1.558e-16	1.9769e-16
1.235e+14	1.3346e-16	1.9625e-16
1.2355e+14	1.8836e-17	1.9239e-16
1.236e+14	-9.3318e-17	1.8962e-16
1.2366e+14	-1.1045e-16	1.8958e-16
1.2371e+14	-1.8491e-17	1.9101e-16
1.2376e+14	1.0664e-16	1.9108e-16
1.2381e+14	1.6172e-16	1.8813e-16
1.2386e+14	1.0137e-16	1.833e-16
1.2391e+14	-2.4548e-17	1.7966e-16
1.2396e+14	-1.1216e-16	1.7945e-16
1.2401e+14	-8.922e-17	1.8179e-16
1.2406e+14	2.5235e-17	1.8305e-16
1.2412e+14	1.366e-16	1.7964e-16
1.2417e+14	1.5266e-16	1.7114e-16
1.2422e+14	5.9668e-17	1.6107e-16
1.2427e+14	-6.6274e-17	1.5436e-16
1.2432e+14	-1.2178e-16	1.5374e-16
1.2437e+14	-6.1243e-17	1.5782e-16
1.2442e+14	6.5728e-17	1.6258e-16
1.2447e+14	1.5517e-16	1.6507e-16
1.2452e+14	1.3431e-16	1.6594e-16
1.2457e+14	2.1239e-17	1.6863e-16
1.2463e+14	-9.0279e-17	1.7559e-16
1.2468e+14	-1.0823e-16	1.8493e-16
1.2473e+14	-1.8131e-17	1.9075e-16
1.2478e+14	1.0524e-16	1.875e-16
1.2483e+14	1.5973e-16	1.7516e-16
1.2488e+14	1.0016e-16	1.6081e-16
1.2493e+14	-2.4443e-17	1.5459e-16
1.2498e+14	-1.1134e-16	1.6244e-16
1.2503e+14	-8.8878e-17	1.8102e-16
1.2509e+14	2.4373e-17	1.9901e-16
1.2514e+14	1.3494e-16	2.044e-16
1.2519e+14	1.5149e-16	1.9281e-16
1.2524e+14	6.0189e-17	1.7087e-16
1.2529e+14	-6.3901e-17	1.5191e-16
1.2534e+14	-1.1859e-16	1.4717e-16
1.2539e+14	-5.87e-17	1.5864e-16
1.2544e+14	6.6767e-17	1.7865e-16
1.2549e+14	1.5502e-16	1.9595e-16
1.2554e+14	1.3404e-16	2.0339e-16
1.256e+14	2.1733e-17	2.0164e-16
1.2565e+14	-8.91e-17	1.9649e-16
1.257e+14	-1.0735e-16	1.9277e-16
1.2575e+14	-1.8627e-17	1.9023e-16
1.258e+14	1.0309e-16	1.8473e-16
1.2585e+14	1.5672e-16	1.7343e-16
1.259e+14	9.7548e-17	1.5908e-16
1.2595e+14	-2.5804e-17	1.493e-16
1.26e+14	-1.1154e-16	1.5088e-16
1.2606e+14	-8.8673e-17	1.6371e-16
1.2611e+14	2.4327e-17	1.7947e-16
1.2616e+14	1.3468e-16	1.868e-16
1.2621e+14	1.5166e-16	1.794e-16
1.2626e+14	6.1303e-17	1.6079e-16
1.2631e+14	-6.2096e-17	1.4206e-16
1.2636e+14	-1.1719e-16	1.3394e-16
1.2641e+14	-5.8991e-17	1.3914e-16
1.2646e+14	6.4187e-17	1.5083e-16
1.2651e+14	1.506e-16	1.5819e-16
1.2657e+14	1.2889e-16	1.5484e-16
1.2662e+14	1.6799e-17	1.4358e-16
1.2667e+14	-9.3549e-17	1.3397e-16
1.2672e+14	-1.1156e-16	1.3485e-16
1.2677e+14	-2.2677e-17	1.4753e-16
1.2682e+14	9.9789e-17	1.6499e-16
1.2687e+14	1.5521e-16	1.7735e-16
1.2692e+14	9.8513e-17	1.7906e-16
1.2697e+14	-2.2862e-17	1.7244e-16
1.2703e+14	-1.0831e-16	1.6478e-16
1.2708e+14	-8.7125e-17	1.6206e-16
1.2713e+14	2.3172e-17	1.6415e-16
1.2718e+14	1.3136e-16	1.6558e-16
1.2723e+14	1.4777e-16	1.6069e-16
1.2728e+14	5.823e-17	1.4889e-16
1.2733e+14	-6.4204e-17	1.3555e-16
1.2738e+14	-1.1941e-16	1.2793e-16
1.2743e+14	-6.2527e-17	1.2951e-16
1.2748e+14	5.9269e-17	1.3734e-16
1.2754e+14	1.458e-16	1.4455e-16
1.2759e+14	1.2639e-16	1.459e-16
1.2764e+14	1.7903e-17	1.4166e-16
1.2769e+14	-8.9518e-17	1.3697e-16
1.2774e+14	-1.0697e-16	1.3729e-16
1.2779e+14	-2.0119e-17	1.4374e-16
1.2784e+14	9.9193e-17	1.5241e-16
1.2789e+14	1.5241e-16	1.5776e-16
1.2794e+14	9.5733e-17	1.5744e-16
1.28e+14	-2.3789e-17	1.5422e-16
1.2805e+14	-1.0713e-16	1.5354e-16
1.281e+14	-8.5109e-17	1.5876e-16
1.2815e+14	2.4424e-17	1.6809e-16
1.282e+14	1.3127e-16	1.7584e-16
1.2825e+14	1.4723e-16	1.7699e-16
1.283e+14	5.8854e-17	1.7117e-16
1.2835e+14	-6.1445e-17	1.6291e-16
1.284e+14	-1.1501e-16	1.5776e-16
1.2845e+14	-5.8174e-17	1.5765e-16
1.2851e+14	6.182e-17	1.5939e-16
1.2856e+14	1.4586e-16	1.5743e-16
1.2861e+14	1.2464e-16	1.4888e-16
1.2866e+14	1.5698e-17	1.3635e-16
1.2871e+14	-9.1192e-17	1.2637e-16
1.2876e+14	-1.0809e-16	1.2436e-16
1.2881e+14	-2.137e-17	1.3031e-16
1.2886e+14	9.711e-17	1.3862e-16
1.2891e+14	1.4937e-16	1.4225e-16
1.2897e+14	9.2122e-17	1.3802e-16
1.2902e+14	-2.7597e-17	1.2885e-16
1.2907e+14	-1.1122e-16	1.2127e-16
1.2912e+14	-8.9926e-17	1.2028e-16
1.2917e+14	1.8671e-17	1.257e-16
1.2922e+14	1.2514e-16	1.3271e-16
1.2927e+14	1.42e-16	1.3597e-16
1.2932e+14	5.5775e-17	1.3397e-16
1.2937e+14	-6.2015e-17	1.2985e-16
1.2942e+14	-1.1394e-16	1.2852e-16
1.2948e+14	-5.7045e-17	1.3236e-16
1.2953e+14	6.1776e-17	1.3921e-16
1.2958e+14	1.4454e-16	1.4421e-16
1.2963e+14	1.2301e-16	1.438e-16
1.2968e+14	1.4986e-17	1.3853e-16
1.2973e+14	-9.0463e-17	1.3241e-16
1.2978e+14	-1.0648e-16	1.2948e-16
1.2983e+14	-2.0071e-17	1.3063e-16
1.2988e+14	9.7263e-17	1.3333e-16
1.2994e+14	1.4855e-16	1.3437e-16
1.2999e+14	9.1425e-17	1.3312e-16
1.3004e+14	-2.6885e-17	1.324e-16
1.3009e+14	-1.0848e-16	1.3597e-16
1.3014e+14	-8.556e-17	1.4482e-16
1.3019e+14	2.3553e-17	1.555e-16
1.3024e+14	1.2938e-16	1.6207e-16
1.3029e+14	1.4488e-16	1.6038e-16
1.3034e+14	5.7146e-17	1.5131e-16
1.3039e+14	-6.2016e-17	1.4022e-16
1.3045e+14	-1.1512e-16	1.3308e-16
1.305e+14	-5.9189e-17	1.3215e-16
1.3055e+14	5.9007e-17	1.3473e-16
1.306e+14	1.4162e-16	1.3573e-16
1.3065e+14	1.2037e-16	1.3198e-16
1.307e+14	1.2672e-17	1.2475e-16
1.3075e+14	-9.2827e-17	1.185e-16
1.308e+14	-1.094e-16	1.1705e-16
1.3085e+14	-2.3665e-17	1.2046e-16
1.3091e+14	9.3507e-17	1.2513e-16
1.3096e+14	1.4552e-16	1.2704e-16
1.3101e+14	8.9698e-17	1.2521e-16
1.3106e+14	-2.7653e-17	1.2252e-16
1.3111e+14	-1.0953e-16	1.2303e-16
1.3116e+14	-8.8299e-17	1.282e-16
1.3121e+14	1.8583e-17	1.3523e-16
1.3126e+14	1.2303e-16	1.3904e-16
1.3131e+14	1.3905e-16	1.3651e-16
1.3136e+14	5.3636e-17	1.2919e-16
1.3142e+14	-6.2531e-17	1.2247e-16
1.3147e+14	-1.1346e-16	1.2141e-16
1.3152e+14	-5.7035e-17	1.2668e-16
1.3157e+14	6.0201e-17	1.3388e-16
1.3162e+14	1.4146e-16	1.3685e-16
1.3167e+14	1.1953e-16	1.3251e-16
1.3172e+14	1.2219e-17	1.2327e-16
1.3177e+14	-9.2259e-17	1.1524e-16
1.3182e+14	-1.0794e-16	1.1366e-16
1.3188e+14	-2.1943e-17	1.1901e-16
1.3193e+14	9.494e-17	1.2699e-16
1.3198e+14	1.4652e-16	1.3206e-16
1.3203e+14	9.0403e-17	1.3176e-16
1.3208e+14	-2.7152e-17	1.2831e-16
1.3213e+14	-1.094e-16	1.2635e-16
1.3218e+14	-8.8771e-17	1.2892e-16
1.3223e+14	1.7608e-17	1.3493e-16
1.3228e+14	1.2216e-16	1.4012e-16
1.3233e+14	1.3908e-16	1.4055e-16
1.3239e+14	5.4961e-17	1.3562e-16
1.3244e+14	-6.0361e-17	1.2824e-16
1.3249e+14	-1.1158e-16	1.2211e-16
1.3254e+14	-5.6542e-17	1.1865e-16
1.3259e+14	5.9039e-17	1.1622e-16
1.3264e+14	1.3943e-16	1.123e-16
1.3269e+14	1.1793e-16	1.0647e-16
1.3274e+14	1.1964e-17	1.0164e-16
1.3279e+14	-9.1233e-17	1.0206e-16
1.3285e+14	-1.0655e-16	1.0977e-16
1.329e+14	-2.1152e-17	1.2244e-16
1.3295e+14	9.4892e-17	1.3447e-16
1.33e+14	1.4631e-16	1.4074e-16
1.3305e+14	9.1068e-17	1.4005e-16
1.331e+14	-2.5101e-17	1.3557e-16
1.3315e+14	-1.0643e-16	1.3201e-16
1.332e+14	-8.6033e-17	1.3189e-16
1.3325e+14	1.9083e-17	1.34e-16
1.333e+14	1.2216e-16	1.3502e-16
1.3336e+14	1.383e-16	1.3295e-16
1.3341e+14	5.438e-17	1.2913e-16
1.3346e+14	-6.0175e-17	1.271e-16
1.3351e+14	-1.1078e-16	1.2932e-16
1.3356e+14	-5.5693e-17	1.3456e-16
1.3361e+14	5.9574e-17	1.3842e-16
1.3366e+14	1.3982e-16	1.3678e-16
1.3371e+14	1.1866e-16	1.2942e-16
1.3376e+14	1.3267e-17	1.2053e-16
1.3382e+14	-8.9778e-17	1.1577e-16
1.3387e+14	-1.0583e-16	1.1776e-16
1.3392e+14	-2.1887e-17	1.2397e-16
1.3397e+14	9.2775e-17	1.2863e-16
1.3402e+14	1.4374e-16	1.2739e-16
1.3407e+14	8.924e-17	1.2094e-16
1.3412e+14	-2.5466e-17	1.1473e-16
1.3417e+14	-1.0551e-16	1.1472e-16
1.3422e+14	-8.4641e-17	1.2258e-16
1.3428e+14	2.0154e-17	1.3406e-16
1.3433e+14	1.2266e-16	1.4181e-16
1.3438e+14	1.3848e-16	1.4062e-16
1.3443e+14	5.4531e-17	1.3087e-16
1.3448e+14	-6.0209e-17	1.1793e-16
1.3453e+14	-1.1156e-16	1.0807e-16
1.3458e+14	-5.7655e-17	1.0427e-16
1.3463e+14	5.6665e-17	1.0511e-16
1.3468e+14	1.3696e-16	1.0721e-16
1.3473e+14	1.1702e-16	1.0861e-16
1.3479e+14	1.3397e-17	1.1015e-16
1.3484e+14	-8.8387e-17	1.1377e-16
1.3489e+14	-1.0438e-16	1.1949e-16
1.3494e+14	-2.1403e-17	1.2422e-16
1.3499e+14	9.2179e-17	1.2386e-16
1.3504e+14	1.4283e-16	1.1703e-16
1.3509e+14	8.8914e-17	1.0722e-16
1.3514e+14	-2.5077e-17	1.009e-16
1.3519e+14	-1.0531e-16	1.0284e-16
1.3525e+14	-8.594e-17	1.1203e-16
1.353e+14	1.6712e-17	1.2198e-16
1.3535e+14	1.1779e-16	1.2533e-16
1.354e+14	1.3398e-16	1.196e-16
1.3545e+14	5.216e-17	1.0937e-16
1.355e+14	-5.9906e-17	1.0303e-16
1.3555e+14	-1.0961e-16	1.064e-16
1.356e+14	-5.5982e-17	1.1807e-16
1.3565e+14	5.6532e-17	1.3026e-16
1.357e+14	1.348e-16	1.3459e-16
1.3576e+14	1.1391e-16	1.2842e-16
1.3581e+14	1.0833e-17	1.1677e-16
1.3586e+14	-8.952e-17	1.0832e-16
1.3591e+14	-1.0427e-16	1.0871e-16
1.3596e+14	-2.0943e-17	1.1631e-16
1.3601e+14	9.2183e-17	1.239e-16
1.3606e+14	1.4224e-16	1.2467e-16
1.3611e+14	8.8246e-17	1.1776e-16
1.3616e+14	-2.5201e-17	1.088e-16
1.3622e+14	-1.0467e-16	1.0511e-16
1.3627e+14	-8.4855e-17	1.0942e-16
1.3632e+14	1.7703e-17	1.1748e-16
1.3637e+14	1.1833e-16	1.2146e-16
1.3642e+14	1.3403e-16	1.1664e-16
1.3647e+14	5.1875e-17	1.058e-16
1.3652e+14	-6.0432e-17	9.7657e-17
1.3657e+14	-1.1037e-16	1.0021e-16
1.3662e+14	-5.683e-17	1.1417e-16
1.3667e+14	5.6012e-17	1.3158e-16
1.3673e+14	1.3516e-16	1.4111e-16
1.3678e+14	1.1537e-16	1.3597e-16
1.3683e+14	1.2868e-17	1.1875e-16
1.3688e+14	-8.8114e-17	9.9486e-17
1.3693e+14	-1.047e-16	8.8518e-17
1.3698e+14	-2.3566e-17	8.9618e-17
1.3703e+14	8.8244e-17	9.8248e-17
1.3708e+14	1.3864e-16	1.0592e-16
1.3713e+14	8.6318e-17	1.0691e-16
1.3719e+14	-2.533e-17	1.0217e-16
1.3724e+14	-1.0416e-16	9.7664e-17
1.3729e+14	-8.5257e-17	9.8989e-17
1.3734e+14	1.5676e-17	1.0682e-16
1.3739e+14	1.1541e-16	1.1663e-16
1.3744e+14	1.319e-16	1.2267e-16
1.3749e+14	5.1909e-17	1.2246e-16
1.3754e+14	-5.8262e-17	1.1832e-16
1.3759e+14	-1.0757e-16	1.1477e-16
1.3764e+14	-5.5362e-17	1.1441e-16
1.377e+14	5.5145e-17	1.1592e-16
1.3775e+14	1.3262e-16	1.158e-16
1.378e+14	1.1301e-16	1.1212e-16
1.3785e+14	1.2353e-17	1.0688e-16
1.379e+14	-8.6441e-17	1.0465e-16
1.3795e+14	-1.0202e-16	1.0846e-16
1.38e+14	-2.1612e-17	1.1658e-16
1.3805e+14	8.8464e-17	1.2311e-16
1.381e+14	1.3757e-16	1.2236e-16
1.3816e+14	8.5458e-17	1.1355e-16
1.3821e+14	-2.4597e-17	1.0208e-16
1.3826e+14	-1.0157e-16	9.5946e-17
1.3831e+14	-8.1814e-17	9.9868e-17
1.3836e+14	1.8473e-17	1.1168e-16
1.3841e+14	1.1661e-16	1.2372e-16
1.3846e+14	1.3164e-16	1.2838e-16
1.3851e+14	5.1115e-17	1.2347e-16
1.3856e+14	-5.8693e-17	1.1357e-16
1.3861e+14	-1.074e-16	1.0619e-16
1.3867e+14	-5.5027e-17	1.0607e-16
1.3872e+14	5.5077e-17	1.1181e-16
1.3877e+14	1.3201e-16	1.1748e-16
1.3882e+14	1.1228e-16	1.1754e-16
1.3887e+14	1.2102e-17	1.1132e-16
1.3892e+14	-8.5974e-17	1.0336e-16
1.3897e+14	-1.0113e-16	9.9627e-17
1.3902e+14	-2.0906e-17	1.027e-16
1.3907e+14	8.8567e-17	1.0968e-16
1.3913e+14	1.3704e-16	1.1448e-16
1.3918e+14	8.4472e-17	1.125e-16
1.3923e+14	-2.5995e-17	1.0418e-16
1.3928e+14	-1.0364e-16	9.4552e-17
1.3933e+14	-8.4831e-17	8.9522e-17
1.3938e+14	1.466e-17	9.1664e-17
1.3943e+14	1.1283e-16	9.8731e-17
1.3948e+14	1.2908e-16	1.057e-16
1.3953e+14	5.0553e-17	1.0856e-16
1.3958e+14	-5.7452e-17	1.0685e-16
1.3964e+14	-1.0551e-16	1.0337e-16
1.3969e+14	-5.3869e-17	1.016e-16
1.3974e+14	5.4811e-17	1.0313e-16
1.3979e+14	1.3075e-16	1.0687e-16
1.3984e+14	1.1118e-16	1.1038e-16
1.3989e+14	1.2127e-17	1.1171e-16
1.3994e+14	-8.4816e-17	1.1049e-16
1.3999e+14	-9.9788e-17	1.075e-16
1.4004e+14	-2.0526e-17	1.0368e-16
1.401e+14	8.7528e-17	9.9595e-17
1.4015e+14	1.3519e-16	9.5652e-17
1.402e+14	8.3049e-17	9.2575e-17
1.4025e+14	-2.6095e-17	9.122e-17
1.403e+14	-1.025e-16	9.1755e-17
1.4035e+14	-8.3455e-17	9.3067e-17
1.404e+14	1.5129e-17	9.3255e-17
1.4045e+14	1.1191e-16	9.1143e-17
1.405e+14	1.2719e-16	8.7608e-17
1.4055e+14	4.8561e-17	8.535e-17
1.4061e+14	-5.9014e-17	8.6907e-17
1.4066e+14	-1.0688e-16	9.2347e-17
1.4071e+14	-5.5796e-17	9.862e-17
1.4076e+14	5.1799e-17	1.015e-16
1.4081e+14	1.2694e-16	9.8869e-17
1.4086e+14	1.0763e-16	9.2866e-17
1.4091e+14	9.9881e-18	8.8811e-17
1.4096e+14	-8.5072e-17	9.1454e-17
1.4101e+14	-9.8715e-17	1.0116e-16
1.4107e+14	-1.9323e-17	1.1303e-16
1.4112e+14	8.7817e-17	1.1998e-16
1.4117e+14	1.3431e-16	1.1761e-16
1.4122e+14	8.1573e-17	1.0744e-16
1.4127e+14	-2.7241e-17	9.5926e-17
1.4132e+14	-1.027e-16	9.0031e-17
1.4137e+14	-8.2726e-17	9.2469e-17
1.4142e+14	1.6286e-17	1.0021e-16
1.4147e+14	1.1293e-16	1.0716e-16
1.4152e+14	1.278e-16	1.088e-16
1.4158e+14	4.8863e-17	1.0529e-16
1.4163e+14	-5.8716e-17	1.0069e-16
1.4168e+14	-1.0627e-16	9.9294e-17
1.4173e+14	-5.4657e-17	1.0205e-16
1.4178e+14	5.3535e-17	1.0606e-16
1.4183e+14	1.2913e-16	1.073e-16
1.4188e+14	1.0984e-16	1.0422e-16
1.4193e+14	1.1522e-17	9.9228e-17
1.4198e+14	-8.4931e-17	9.6773e-17
1.4204e+14	-1.0022e-16	9.9679e-17
1.4209e+14	-2.1914e-17	1.0669e-16
1.4214e+14	8.5424e-17	1.1321e-16
1.4219e+14	1.3348e-16	1.1471e-16
1.4224e+14	8.294e-17	1.0993e-16
1.4229e+14	-2.4277e-17	1.016e-16
1.4234e+14	-9.965e-17	9.4277e-17
1.4239e+14	-8.1054e-17	9.1136e-17
1.4244e+14	1.612e-17	9.2345e-17
1.4249e+14	1.1177e-16	9.5933e-17
1.4255e+14	1.2719e-16	9.9967e-17
1.426e+14	4.9858e-17	1.039e-16
1.4265e+14	-5.633e-17	1.0798e-16
1.427e+14	-1.0388e-16	1.1156e-16
1.4275e+14	-5.3833e-17	1.1241e-16
1.428e+14	5.218e-17	1.0813e-16
1.4285e+14	1.264e-16	9.8719e-17
1.429e+14	1.0739e-16	8.7854e-17
1.4295e+14	1.0678e-17	8.1304e-17
1.4301e+14	-8.407e-17	8.3047e-17
1.4306e+14	-9.8787e-17	9.2041e-17
1.4311e+14	-2.1379e-17	1.0242e-16
1.4316e+14	8.433e-17	1.0741e-16
1.4321e+14	1.3124e-16	1.0423e-16
1.4326e+14	8.0779e-17	9.6139e-17
1.4331e+14	-2.5379e-17	8.9929e-17
1.4336e+14	-9.9717e-17	9.0502e-17
1.4341e+14	-8.1064e-17	9.6859e-17
1.4346e+14	1.5011e-17	1.0273e-16
1.4352e+14	1.0912e-16	1.0156e-16
1.4357e+14	1.2358e-16	9.2063e-17
1.4362e+14	4.6488e-17	7.9784e-17
1.4367e+14	-5.8472e-17	7.3293e-17
1.4372e+14	-1.046e-16	7.7693e-17
1.4377e+14	-5.3708e-17	9.0491e-17
1.4382e+14	5.2372e-17	1.0316e-16
1.4387e+14	1.2624e-16	1.0733e-16
1.4392e+14	1.0698e-16	1.0103e-16
1.4398e+14	1.0393e-17	9.0019e-17
1.4403e+14	-8.3977e-17	8.3322e-17
1.4408e+14	-9.8371e-17	8.6302e-17
1.4413e+14	-2.0843e-17	9.6607e-17
1.4418e+14	8.49e-17	1.0607e-16
1.4423e+14	1.3194e-16	1.0701e-16
1.4428e+14	8.1668e-17	9.7949e-17
1.4433e+14	-2.4539e-17	8.4416e-17
1.4438e+14	-9.9484e-17	7.4419e-17
1.4443e+14	-8.1969e-17	7.2285e-17
1.4449e+14	1.2934e-17	7.5834e-17
1.4454e+14	1.0651e-16	7.8967e-17
1.4459e+14	1.2142e-16	7.7357e-17
1.4464e+14	4.5484e-17	7.2444e-17
1.4469e+14	-5.8386e-17	7.0379e-17
1.4474e+14	-1.0415e-16	7.6704e-17
1.4479e+14	-5.3691e-17	9.1116e-17
1.4484e+14	5.1731e-17	1.0667e-16
1.4489e+14	1.2543e-16	1.1435e-16
1.4495e+14	1.0674e-16	1.0954e-16
1.45e+14	1.095e-17	9.5588e-17
1.4505e+14	-8.3263e-17	8.1616e-17
1.451e+14	-9.8627e-17	7.6227e-17
1.4515e+14	-2.28e-17	8.1867e-17
1.452e+14	8.1635e-17	9.3827e-17
1.4525e+14	1.2886e-16	1.0433e-16
1.453e+14	8.0523e-17	1.0827e-16
1.4535e+14	-2.2834e-17	1.0631e-16
1.4541e+14	-9.5414e-17	1.0318e-16
1.4546e+14	-7.7059e-17	1.032e-16
1.4551e+14	1.7125e-17	1.0669e-16
1.4556e+14	1.093e-16	1.1008e-16
1.4561e+14	1.232e-16	1.0927e-16
1.4566e+14	4.7077e-17	1.0328e-16
1.4571e+14	-5.6541e-17	9.4983e-17
1.4576e+14	-1.0242e-16	8.8715e-17
1.4581e+14	-5.287e-17	8.6811e-17
1.4586e+14	5.1202e-17	8.8114e-17
1.4592e+14	1.2405e-16	8.955e-17
1.4597e+14	1.0575e-16	8.9202e-17
1.4602e+14	1.1584e-17	8.8102e-17
1.4607e+14	-8.0666e-17	8.9142e-17
1.4612e+14	-9.4901e-17	9.413e-17
1.4617e+14	-1.9462e-17	1.0164e-16
1.4622e+14	8.3282e-17	1.077e-16
1.4627e+14	1.2841e-16	1.0881e-16
1.4632e+14	7.849e-17	1.0482e-16
1.4638e+14	-2.5485e-17	9.917e-17
1.4643e+14	-9.7897e-17	9.6141e-17
1.4648e+14	-7.9042e-17	9.7449e-17
1.4653e+14	1.5665e-17	1.0095e-16
1.4658e+14	1.0838e-16	1.0262e-16
1.4663e+14	1.2296e-16	1.0008e-16
1.4668e+14	4.7604e-17	9.4734e-17
1.4673e+14	-5.5456e-17	9.0546e-17
1.4678e+14	-1.0134e-16	9.0515e-17
1.4683e+14	-5.2438e-17	9.3802e-17
1.4689e+14	5.0663e-17	9.6124e-17
1.4694e+14	1.2272e-16	9.3279e-17
1.4699e+14	1.0417e-16	8.5007e-17
1.4704e+14	1.0196e-17	7.5886e-17
1.4709e+14	-8.1761e-17	7.227e-17
1.4714e+14	-9.5899e-17	7.7475e-17
1.4719e+14	-2.0522e-17	8.8978e-17
1.4724e+14	8.2317e-17	9.9926e-17
1.4729e+14	1.2793e-16	1.0391e-16
1.4735e+14	7.8747e-17	9.9371e-17
1.474e+14	-2.4788e-17	9.037e-17
1.4745e+14	-9.756e-17	8.3149e-17
1.475e+14	-7.9874e-17	8.1436e-17
1.4755e+14	1.3471e-17	8.4115e-17
1.476e+14	1.0551e-16	8.6984e-17
1.4765e+14	1.2059e-16	8.6885e-17
1.477e+14	4.6647e-17	8.463e-17
1.4775e+14	-5.4984e-17	8.4214e-17
1.478e+14	-1.003e-16	8.8994e-17
1.4786e+14	-5.1936e-17	9.8111e-17
1.4791e+14	5.007e-17	1.0633e-16
1.4796e+14	1.2135e-16	1.077e-16
1.4801e+14	1.0286e-16	1.0018e-16
1.4806e+14	9.583e-18	8.7605e-17
1.4811e+14	-8.1805e-17	7.7127e-17
1.4816e+14	-9.6115e-17	7.4119e-17
1.4821e+14	-2.1618e-17	7.835e-17
1.4826e+14	8.0303e-17	8.4397e-17
1.4832e+14	1.2572e-16	8.5922e-17
1.4837e+14	7.7283e-17	8.0488e-17
1.4842e+14	-2.512e-17	7.122e-17
1.4847e+14	-9.7264e-17	6.4208e-17
1.4852e+14	-7.9994e-17	6.382e-17
1.4857e+14	1.2137e-17	6.9618e-17
1.4862e+14	1.0301e-16	7.7117e-17
1.4867e+14	1.1774e-16	8.1489e-17
1.4872e+14	4.4411e-17	8.1115e-17
1.4877e+14	-5.6266e-17	7.824e-17
1.4883e+14	-1.0109e-16	7.6512e-17
1.4888e+14	-5.3049e-17	7.7745e-17
1.4893e+14	4.8224e-17	8.0649e-17
1.4898e+14	1.1915e-16	8.2421e-17
1.4903e+14	1.0118e-16	8.1567e-17
1.4908e+14	9.0166e-18	7.9333e-17
1.4913e+14	-8.1483e-17	7.8443e-17
1.4918e+14	-9.5887e-17	8.0311e-17
1.4923e+14	-2.2476e-17	8.3329e-17
1.4929e+14	7.8175e-17	8.3929e-17
1.4934e+14	1.232e-16	7.971e-17
1.4939e+14	7.5751e-17	7.2005e-17
1.4944e+14	-2.4712e-17	6.5526e-17
1.4949e+14	-9.5064e-17	6.5115e-17
1.4954e+14	-7.7118e-17	7.2045e-17
1.4959e+14	1.4395e-17	8.2837e-17
1.4964e+14	1.0402e-16	9.1629e-17
1.4969e+14	1.1783e-16	9.4292e-17
1.4974e+14	4.4385e-17	9.1098e-17
1.498e+14	-5.5871e-17	8.5938e-17
1.4985e+14	-1.0046e-16	8.2892e-17
1.499e+14	-5.2864e-17	8.3066e-17
1.4995e+14	4.7473e-17	8.4272e-17
1.5e+14	1.1774e-16	8.3648e-17
