#Error on normalization	O = 7.086 %	H = -0.192 %
#Frequence (s-1)	S_O (s)	S_H (s)
0	1.2523e-15	3.5295e-16
1.1407e+11	-4.0581e-16	5.7534e-17
2.2814e+11	-1.0178e-15	-1.4692e-16
3.4221e+11	1.0861e-15	1.1244e-16
4.5627e+11	4.2646e-16	8.2208e-17
5.7034e+11	-1.267e-15	-1.4556e-16
6.8441e+11	5.9322e-16	4.6104e-17
7.9848e+11	1.2539e-15	1.5694e-16
9.1255e+11	-1.113e-15	-1.0279e-16
1.0266e+12	-1.287e-16	-3.4697e-17
1.1407e+12	2.1636e-15	2.0889e-16
1.2548e+12	-5.0253e-17	-1.9535e-18
1.3688e+12	-8.9583e-16	-1.0589e-16
1.4829e+12	2.3644e-15	2.0178e-16
1.597e+12	1.3203e-15	1.2413e-16
1.711e+12	-1.5536e-15	-1.4936e-16
1.8251e+12	2.2161e-15	1.4552e-16
1.9392e+12	3.8891e-15	2.9874e-16
2.0532e+12	-1.6118e-15	-1.2028e-16
2.1673e+12	2.9817e-16	-2.7294e-18
2.2814e+12	7.3937e-15	4.8885e-16
2.3954e+12	1.7107e-15	1.0756e-16
2.5095e+12	-2.3806e-15	-1.6428e-16
2.6236e+12	1.3858e-14	8.1132e-16
2.7376e+12	2.1996e-14	1.2292e-15
2.8517e+12	1.3039e-14	6.6389e-16
2.9658e+12	4.4808e-14	2.4372e-15
3.0798e+12	1.2067e-13	6.5304e-15
3.1939e+12	1.3638e-13	7.3058e-15
3.308e+12	5.5326e-14	3.0355e-15
3.4221e+12	-1.05e-14	-4.4378e-16
3.5361e+12	8.3416e-15	4.5272e-16
3.6502e+12	3.5696e-14	1.9828e-15
3.7643e+12	1.5609e-14	1.0811e-15
3.8783e+12	3.5665e-15	3.3076e-16
3.9924e+12	3.3742e-14	1.9009e-15
4.1065e+12	5.8476e-14	3.5612e-15
4.2205e+12	5.3618e-14	3.4048e-15
4.3346e+12	5.0886e-14	2.849e-15
4.4487e+12	6.0877e-14	3.1059e-15
4.5627e+12	6.2921e-14	3.2752e-15
4.6768e+12	5.3661e-14	2.7984e-15
4.7909e+12	4.5523e-14	2.34e-15
4.9049e+12	5.0737e-14	2.6435e-15
5.019e+12	8.7176e-14	4.5762e-15
5.1331e+12	1.5163e-13	8.19e-15
5.2471e+12	1.9639e-13	1.0961e-14
5.3612e+12	1.8777e-13	1.0531e-14
5.4753e+12	1.5936e-13	8.6318e-15
5.5894e+12	1.5384e-13	8.0532e-15
5.7034e+12	1.5629e-13	7.9854e-15
5.8175e+12	1.3822e-13	6.7849e-15
5.9316e+12	1.1782e-13	5.7286e-15
6.0456e+12	1.2424e-13	6.0987e-15
6.1597e+12	1.4332e-13	6.6183e-15
6.2738e+12	1.4109e-13	6.1347e-15
6.3878e+12	1.0995e-13	4.9673e-15
6.5019e+12	6.7298e-14	3.3344e-15
6.616e+12	3.4157e-14	1.699e-15
6.73e+12	2.4888e-14	1.2305e-15
6.8441e+12	3.6186e-14	1.8697e-15
6.9582e+12	4.8074e-14	2.3067e-15
7.0722e+12	4.9877e-14	2.3111e-15
7.1863e+12	5.0429e-14	2.4927e-15
7.3004e+12	5.4206e-14	2.6898e-15
7.4144e+12	5.4701e-14	2.7097e-15
7.5285e+12	5.9174e-14	3.1494e-15
7.6426e+12	8.6379e-14	4.4415e-15
7.7567e+12	1.3088e-13	6.3437e-15
7.8707e+12	1.6258e-13	8.1343e-15
7.9848e+12	1.6888e-13	8.8608e-15
8.0989e+12	1.6509e-13	8.4094e-15
8.2129e+12	1.5971e-13	7.7529e-15
8.327e+12	1.469e-13	7.38e-15
8.4411e+12	1.3733e-13	7.1517e-15
8.5551e+12	1.4927e-13	7.3517e-15
8.6692e+12	1.6182e-13	7.537e-15
8.7833e+12	1.3654e-13	6.3409e-15
8.8973e+12	9.3047e-14	4.5295e-15
9.0114e+12	8.6433e-14	4.4357e-15
9.1255e+12	1.0718e-13	5.3469e-15
9.2395e+12	1.0011e-13	4.7819e-15
9.3536e+12	7.3042e-14	3.6119e-15
9.4677e+12	7.172e-14	3.8328e-15
9.5817e+12	7.8176e-14	4.0265e-15
9.6958e+12	5.9995e-14	2.9658e-15
9.8099e+12	5.7734e-14	3.0274e-15
9.924e+12	9.682e-14	5.014e-15
1.0038e+13	1.1438e-13	5.7668e-15
1.0152e+13	8.8051e-14	4.5836e-15
1.0266e+13	9.5068e-14	4.9431e-15
1.038e+13	1.5231e-13	7.4997e-15
1.0494e+13	1.7229e-13	8.6319e-15
1.0608e+13	1.3528e-13	7.2422e-15
1.0722e+13	1.1489e-13	6.104e-15
1.0837e+13	1.2042e-13	6.1159e-15
1.0951e+13	1.032e-13	5.642e-15
1.1065e+13	8.4775e-14	5.0651e-15
1.1179e+13	1.0628e-13	5.9097e-15
1.1293e+13	1.2479e-13	6.7188e-15
1.1407e+13	1.0005e-13	5.5833e-15
1.1521e+13	8.0366e-14	4.4755e-15
1.1635e+13	1.0145e-13	5.5564e-15
1.1749e+13	1.1707e-13	6.6588e-15
1.1863e+13	9.5027e-14	5.5494e-15
1.1977e+13	7.1642e-14	4.223e-15
1.2091e+13	7.6387e-14	4.7167e-15
1.2205e+13	8.8365e-14	5.5449e-15
1.2319e+13	8.0505e-14	5.0498e-15
1.2433e+13	5.4705e-14	3.7721e-15
1.2548e+13	3.2033e-14	2.6642e-15
1.2662e+13	2.7062e-14	2.2591e-15
1.2776e+13	3.1233e-14	2.6218e-15
1.289e+13	2.8539e-14	2.7702e-15
1.3004e+13	2.2008e-14	2.2338e-15
1.3118e+13	2.2199e-14	2.1488e-15
1.3232e+13	2.3971e-14	2.6745e-15
1.3346e+13	2.0377e-14	2.5368e-15
1.346e+13	1.7895e-14	2.1398e-15
1.3574e+13	1.9471e-14	2.6304e-15
1.3688e+13	1.8098e-14	2.9178e-15
1.3802e+13	1.3849e-14	2.141e-15
1.3916e+13	1.296e-14	1.8277e-15
1.403e+13	1.4354e-14	2.435e-15
1.4144e+13	1.4523e-14	2.5551e-15
1.4259e+13	1.4377e-14	2.3211e-15
1.4373e+13	1.3543e-14	2.5699e-15
1.4487e+13	1.0763e-14	2.5661e-15
1.4601e+13	8.5143e-15	2.2265e-15
1.4715e+13	8.1786e-15	2.5766e-15
1.4829e+13	7.9781e-15	2.9575e-15
1.4943e+13	7.8909e-15	2.5293e-15
1.5057e+13	8.1001e-15	2.516e-15
1.5171e+13	7.1576e-15	3.2407e-15
1.5285e+13	6.5029e-15	3.3754e-15
1.5399e+13	7.8234e-15	3.2551e-15
1.5513e+13	7.7942e-15	3.6467e-15
1.5627e+13	5.1761e-15	3.4778e-15
1.5741e+13	4.5834e-15	2.9461e-15
1.5856e+13	6.538e-15	3.6901e-15
1.597e+13	6.5654e-15	4.6127e-15
1.6084e+13	5.1749e-15	4.112e-15
1.6198e+13	5.4745e-15	3.9421e-15
1.6312e+13	5.823e-15	5.0909e-15
1.6426e+13	4.7882e-15	5.6158e-15
1.654e+13	4.4071e-15	5.4098e-15
1.6654e+13	4.5596e-15	5.8747e-15
1.6768e+13	3.9979e-15	6.2244e-15
1.6882e+13	4.3855e-15	6.1827e-15
1.6996e+13	5.7278e-15	7.0186e-15
1.711e+13	5.2119e-15	7.5944e-15
1.7224e+13	3.6111e-15	6.8689e-15
1.7338e+13	3.6562e-15	7.2583e-15
1.7452e+13	4.1715e-15	8.8751e-15
1.7567e+13	3.5375e-15	8.7823e-15
1.7681e+13	3.0938e-15	8.4636e-15
1.7795e+13	3.2722e-15	1.0347e-14
1.7909e+13	3.286e-15	1.1031e-14
1.8023e+13	3.6994e-15	9.6526e-15
1.8137e+13	4.1567e-15	1.1663e-14
1.8251e+13	3.3771e-15	1.6334e-14
1.8365e+13	2.7321e-15	1.7167e-14
1.8479e+13	3.4827e-15	1.5848e-14
1.8593e+13	3.6419e-15	1.8052e-14
1.8707e+13	2.7726e-15	2.2522e-14
1.8821e+13	3.164e-15	2.7787e-14
1.8935e+13	4.2382e-15	3.4649e-14
1.9049e+13	3.8553e-15	3.7161e-14
1.9163e+13	3.1601e-15	3.1138e-14
1.9278e+13	3.3745e-15	2.6022e-14
1.9392e+13	3.1977e-15	2.8932e-14
1.9506e+13	2.7988e-15	3.2599e-14
1.962e+13	3.3889e-15	3.2321e-14
1.9734e+13	3.6762e-15	3.2893e-14
1.9848e+13	3.019e-15	3.5673e-14
1.9962e+13	3.4171e-15	3.9974e-14
2.0076e+13	4.674e-15	4.735e-14
2.019e+13	4.4866e-15	5.1214e-14
2.0304e+13	3.6108e-15	4.4747e-14
2.0418e+13	3.9548e-15	3.9397e-14
2.0532e+13	4.3939e-15	4.4926e-14
2.0646e+13	3.7147e-15	4.7114e-14
2.076e+13	3.1121e-15	3.7511e-14
2.0875e+13	3.2782e-15	3.3557e-14
2.0989e+13	3.5523e-15	4.2072e-14
2.1103e+13	3.7392e-15	4.5632e-14
2.1217e+13	3.7998e-15	4.0987e-14
2.1331e+13	3.6188e-15	4.3202e-14
2.1445e+13	3.6847e-15	4.984e-14
2.1559e+13	3.9289e-15	4.6631e-14
2.1673e+13	3.5401e-15	3.8227e-14
2.1787e+13	2.974e-15	3.7004e-14
2.1901e+13	3.2223e-15	3.9926e-14
2.2015e+13	3.6616e-15	3.9261e-14
2.2129e+13	3.4518e-15	3.5626e-14
2.2243e+13	3.0761e-15	3.2021e-14
2.2357e+13	2.9041e-15	3.103e-14
2.2471e+13	2.7523e-15	3.4169e-14
2.2586e+13	2.7655e-15	3.6876e-14
2.27e+13	2.8589e-15	3.517e-14
2.2814e+13	2.767e-15	3.3707e-14
2.2928e+13	2.9047e-15	3.4944e-14
2.3042e+13	3.2422e-15	3.3434e-14
2.3156e+13	2.9696e-15	2.9397e-14
2.327e+13	2.5089e-15	2.9292e-14
2.3384e+13	2.8043e-15	3.156e-14
2.3498e+13	3.046e-15	3.0911e-14
2.3612e+13	2.5176e-15	2.9947e-14
2.3726e+13	2.3125e-15	3.1109e-14
2.384e+13	2.6727e-15	3.0139e-14
2.3954e+13	2.4915e-15	2.6678e-14
2.4068e+13	2.1439e-15	2.5962e-14
2.4183e+13	2.5023e-15	2.7904e-14
2.4297e+13	2.6487e-15	2.8102e-14
2.4411e+13	2.0789e-15	2.6232e-14
2.4525e+13	1.9201e-15	2.464e-14
2.4639e+13	2.2279e-15	2.4567e-14
2.4753e+13	2.0569e-15	2.6141e-14
2.4867e+13	1.8149e-15	2.7134e-14
2.4981e+13	2.071e-15	2.5422e-14
2.5095e+13	2.1607e-15	2.398e-14
2.5209e+13	1.9213e-15	2.5535e-14
2.5323e+13	1.9359e-15	2.6221e-14
2.5437e+13	2.0599e-15	2.4134e-14
2.5551e+13	2.1212e-15	2.4832e-14
2.5665e+13	2.3852e-15	2.9072e-14
2.5779e+13	2.3815e-15	2.8722e-14
2.5894e+13	1.8159e-15	2.2594e-14
2.6008e+13	1.6884e-15	2.0251e-14
2.6122e+13	2.1964e-15	2.4151e-14
2.6236e+13	2.1424e-15	2.509e-14
2.635e+13	1.5897e-15	2.0241e-14
2.6464e+13	1.6537e-15	1.8596e-14
2.6578e+13	2.0334e-15	2.3554e-14
2.6692e+13	1.9435e-15	2.6476e-14
2.6806e+13	1.7708e-15	2.2799e-14
2.692e+13	1.8119e-15	1.9204e-14
2.7034e+13	1.7552e-15	2.0004e-14
2.7148e+13	1.7512e-15	2.1086e-14
2.7262e+13	1.8773e-15	2.0483e-14
2.7376e+13	1.7269e-15	2.13e-14
2.749e+13	1.5776e-15	2.3552e-14
2.7605e+13	1.8951e-15	2.4348e-14
2.7719e+13	2.0538e-15	2.3305e-14
2.7833e+13	1.6527e-15	2.0972e-14
2.7947e+13	1.4797e-15	1.8425e-14
2.8061e+13	1.8041e-15	1.9435e-14
2.8175e+13	1.949e-15	2.4216e-14
2.8289e+13	1.7934e-15	2.6276e-14
2.8403e+13	1.655e-15	2.3457e-14
2.8517e+13	1.4799e-15	2.1012e-14
2.8631e+13	1.3534e-15	2.0054e-14
2.8745e+13	1.511e-15	1.8311e-14
2.8859e+13	1.7493e-15	1.9282e-14
2.8973e+13	1.9139e-15	2.4283e-14
2.9087e+13	2.0956e-15	2.5878e-14
2.9202e+13	2.0401e-15	2.229e-14
2.9316e+13	1.684e-15	2.1112e-14
2.943e+13	1.6037e-15	2.2557e-14
2.9544e+13	1.8605e-15	2.0615e-14
2.9658e+13	1.8496e-15	1.8559e-14
2.9772e+13	1.614e-15	2.1565e-14
2.9886e+13	1.6102e-15	2.417e-14
3e+13	1.722e-15	2.2164e-14
3.0114e+13	1.7798e-15	2.0926e-14
3.0228e+13	1.8945e-15	2.2776e-14
3.0342e+13	1.9118e-15	2.3996e-14
3.0456e+13	1.7788e-15	2.4513e-14
3.057e+13	1.8149e-15	2.5361e-14
3.0684e+13	1.915e-15	2.4357e-14
3.0798e+13	1.7984e-15	2.2868e-14
3.0913e+13	1.8024e-15	2.4062e-14
3.1027e+13	2.0467e-15	2.4566e-14
3.1141e+13	2.028e-15	2.1621e-14
3.1255e+13	1.8238e-15	2.0346e-14
3.1369e+13	1.8893e-15	2.3048e-14
3.1483e+13	1.9177e-15	2.4572e-14
3.1597e+13	1.6707e-15	2.334e-14
3.1711e+13	1.6272e-15	2.2626e-14
3.1825e+13	1.7496e-15	2.2291e-14
3.1939e+13	1.5602e-15	2.0751e-14
3.2053e+13	1.3633e-15	1.9209e-14
3.2167e+13	1.4865e-15	1.8451e-14
3.2281e+13	1.4935e-15	1.8405e-14
3.2395e+13	1.2953e-15	1.9189e-14
3.251e+13	1.2316e-15	1.844e-14
3.2624e+13	1.1525e-15	1.5402e-14
3.2738e+13	1.0997e-15	1.5689e-14
3.2852e+13	1.4963e-15	2.0978e-14
3.2966e+13	1.8441e-15	2.3325e-14
3.308e+13	1.4757e-15	1.9884e-14
3.3194e+13	1.0771e-15	1.7445e-14
3.3308e+13	1.191e-15	1.7027e-14
3.3422e+13	1.1143e-15	1.3915e-14
3.3536e+13	7.7171e-16	1.1219e-14
3.365e+13	8.629e-16	1.3192e-14
3.3764e+13	1.0159e-15	1.4258e-14
3.3878e+13	6.9737e-16	1.083e-14
3.3992e+13	5.7652e-16	8.7636e-15
3.4106e+13	8.5318e-16	9.7158e-15
3.4221e+13	7.538e-16	8.6482e-15
3.4335e+13	4.5428e-16	6.5351e-15
3.4449e+13	6.0939e-16	7.498e-15
3.4563e+13	7.41e-16	8.5665e-15
3.4677e+13	4.8363e-16	6.6265e-15
3.4791e+13	4.562e-16	5.4906e-15
3.4905e+13	6.7755e-16	7.1839e-15
3.5019e+13	5.866e-16	8.048e-15
3.5133e+13	4.4144e-16	6.8147e-15
3.5247e+13	5.6234e-16	5.8981e-15
3.5361e+13	5.4347e-16	5.7264e-15
3.5475e+13	3.6293e-16	5.2677e-15
3.5589e+13	3.9652e-16	4.8186e-15
3.5703e+13	4.3724e-16	4.6542e-15
3.5817e+13	3.2006e-16	4.4023e-15
3.5932e+13	3.5966e-16	4.0824e-15
3.6046e+13	4.3691e-16	3.7008e-15
3.616e+13	2.8461e-16	3.3048e-15
3.6274e+13	2.6158e-16	3.4372e-15
3.6388e+13	4.5826e-16	3.9041e-15
3.6502e+13	4.1322e-16	3.8439e-15
3.6616e+13	2.627e-16	3.5306e-15
3.673e+13	3.8392e-16	3.5893e-15
3.6844e+13	4.3729e-16	3.5139e-15
3.6958e+13	2.6512e-16	3.0847e-15
3.7072e+13	3.0045e-16	2.9614e-15
3.7186e+13	4.4153e-16	3.076e-15
3.73e+13	3.3129e-16	3.0135e-15
3.7414e+13	2.908e-16	3.1172e-15
3.7529e+13	4.5744e-16	3.3461e-15
3.7643e+13	3.9404e-16	3.1696e-15
3.7757e+13	2.2961e-16	3.0377e-15
3.7871e+13	3.6941e-16	3.4211e-15
3.7985e+13	4.7128e-16	3.5665e-15
3.8099e+13	2.999e-16	3.1914e-15
3.8213e+13	2.8751e-16	3.0727e-15
3.8327e+13	4.2559e-16	3.1966e-15
3.8441e+13	3.3201e-16	3.0079e-15
3.8555e+13	2.3574e-16	2.8512e-15
3.8669e+13	3.6485e-16	3.0467e-15
3.8783e+13	3.9558e-16	3.1752e-15
3.8897e+13	3.1495e-16	3.1794e-15
3.9011e+13	3.9149e-16	3.2554e-15
3.9125e+13	4.2933e-16	3.1411e-15
3.924e+13	3.0474e-16	2.9244e-15
3.9354e+13	3.1057e-16	3.0564e-15
3.9468e+13	3.9242e-16	3.2007e-15
3.9582e+13	3.2278e-16	2.9257e-15
3.9696e+13	3.2562e-16	2.7504e-15
3.981e+13	4.615e-16	3.0117e-15
3.9924e+13	4.232e-16	3.2249e-15
4.0038e+13	3.2916e-16	3.2025e-15
4.0152e+13	4.1614e-16	3.1881e-15
4.0266e+13	4.2621e-16	3.1876e-15
4.038e+13	3.226e-16	3.2108e-15
4.0494e+13	4.2571e-16	3.2965e-15
4.0608e+13	5.4023e-16	3.252e-15
4.0722e+13	3.9402e-16	3.2054e-15
4.0837e+13	3.4378e-16	3.4583e-15
4.0951e+13	4.8916e-16	3.5877e-15
4.1065e+13	4.1273e-16	3.2212e-15
4.1179e+13	2.3497e-16	2.9495e-15
4.1293e+13	3.3299e-16	3.0878e-15
4.1407e+13	4.5224e-16	3.1873e-15
4.1521e+13	3.9139e-16	3.314e-15
4.1635e+13	4.2406e-16	3.6931e-15
4.1749e+13	4.9391e-16	3.7523e-15
4.1863e+13	3.9586e-16	3.41e-15
4.1977e+13	3.9452e-16	3.5114e-15
4.2091e+13	5.4745e-16	4.0046e-15
4.2205e+13	5.095e-16	4.1158e-15
4.2319e+13	3.993e-16	4.0155e-15
4.2433e+13	4.8071e-16	4.0009e-15
4.2548e+13	4.7797e-16	3.6208e-15
4.2662e+13	3.2472e-16	3.1203e-15
4.2776e+13	3.9919e-16	3.4216e-15
4.289e+13	5.9456e-16	4.3673e-15
4.3004e+13	5.8628e-16	5.1399e-15
4.3118e+13	5.7623e-16	5.4562e-15
4.3232e+13	6.5455e-16	5.1649e-15
4.3346e+13	5.7084e-16	4.5106e-15
4.346e+13	5.1187e-16	4.557e-15
4.3574e+13	7.0392e-16	5.3873e-15
4.3688e+13	7.7115e-16	5.6145e-15
4.3802e+13	6.0378e-16	5.0395e-15
4.3916e+13	6.203e-16	5.0487e-15
4.403e+13	7.6438e-16	5.9151e-15
4.4144e+13	7.3156e-16	6.5434e-15
4.4259e+13	7.4078e-16	6.5833e-15
4.4373e+13	9.1742e-16	6.8413e-15
4.4487e+13	1.001e-15	7.9363e-15
4.4601e+13	1.025e-15	8.9154e-15
4.4715e+13	1.0547e-15	8.0542e-15
4.4829e+13	8.9571e-16	6.4914e-15
4.4943e+13	8.3411e-16	7.7526e-15
4.5057e+13	1.1853e-15	1.0796e-14
4.5171e+13	1.3032e-15	1.0286e-14
4.5285e+13	8.8301e-16	7.066e-15
4.5399e+13	8.6725e-16	7.8668e-15
4.5513e+13	1.4574e-15	1.2227e-14
4.5627e+13	1.6113e-15	1.3185e-14
4.5741e+13	1.2906e-15	1.0923e-14
4.5856e+13	1.33e-15	1.0788e-14
4.597e+13	1.4832e-15	1.17e-14
4.6084e+13	1.3167e-15	1.0974e-14
4.6198e+13	1.4472e-15	1.2159e-14
4.6312e+13	1.933e-15	1.5983e-14
4.6426e+13	1.8834e-15	1.6385e-14
4.654e+13	1.4988e-15	1.3558e-14
4.6654e+13	1.742e-15	1.4779e-14
4.6768e+13	2.3102e-15	1.9357e-14
4.6882e+13	2.4013e-15	2.0381e-14
4.6996e+13	2.2979e-15	1.9045e-14
4.711e+13	2.4471e-15	2.0388e-14
4.7224e+13	2.5617e-15	2.1929e-14
4.7338e+13	2.472e-15	2.0364e-14
4.7452e+13	2.3949e-15	1.9146e-14
4.7567e+13	2.3622e-15	2.0417e-14
4.7681e+13	2.3845e-15	2.1415e-14
4.7795e+13	2.5793e-15	2.1704e-14
4.7909e+13	2.7078e-15	2.2215e-14
4.8023e+13	2.4647e-15	2.0808e-14
4.8137e+13	2.2088e-15	1.8628e-14
4.8251e+13	2.4822e-15	2.1182e-14
4.8365e+13	2.9975e-15	2.6386e-14
4.8479e+13	2.997e-15	2.5899e-14
4.8593e+13	2.5295e-15	2.1302e-14
4.8707e+13	2.4267e-15	2.169e-14
4.8821e+13	2.8299e-15	2.5939e-14
4.8935e+13	2.8936e-15	2.5563e-14
4.9049e+13	2.4131e-15	2.1582e-14
4.9163e+13	2.2805e-15	2.1637e-14
4.9278e+13	2.7453e-15	2.5393e-14
4.9392e+13	2.924e-15	2.6306e-14
4.9506e+13	2.4735e-15	2.2674e-14
4.962e+13	2.0297e-15	1.836e-14
4.9734e+13	1.9395e-15	1.6902e-14
4.9848e+13	1.9979e-15	1.8264e-14
4.9962e+13	2.0503e-15	1.9046e-14
5.0076e+13	2.0064e-15	1.7244e-14
5.019e+13	1.913e-15	1.6173e-14
5.0304e+13	2.0284e-15	1.8517e-14
5.0418e+13	2.1914e-15	2.0206e-14
5.0532e+13	1.9372e-15	1.7676e-14
5.0646e+13	1.5366e-15	1.4856e-14
5.076e+13	1.5412e-15	1.5235e-14
5.0875e+13	1.6224e-15	1.5428e-14
5.0989e+13	1.3722e-15	1.3061e-14
5.1103e+13	1.2308e-15	1.1507e-14
5.1217e+13	1.4075e-15	1.2428e-14
5.1331e+13	1.4063e-15	1.2889e-14
5.1445e+13	1.1871e-15	1.1693e-14
5.1559e+13	1.1549e-15	1.0823e-14
5.1673e+13	1.2182e-15	1.105e-14
5.1787e+13	1.171e-15	1.1381e-14
5.1901e+13	1.1397e-15	1.0932e-14
5.2015e+13	1.0376e-15	9.201e-15
5.2129e+13	7.6317e-16	7.1714e-15
5.2243e+13	7.211e-16	7.2642e-15
5.2357e+13	1.0439e-15	9.5469e-15
5.2471e+13	1.2103e-15	1.0955e-14
5.2586e+13	1.0614e-15	1.0055e-14
5.27e+13	9.3259e-16	8.489e-15
5.2814e+13	8.1933e-16	7.297e-15
5.2928e+13	6.1697e-16	6.1603e-15
5.3042e+13	5.5635e-16	5.4807e-15
5.3156e+13	6.3924e-16	5.5485e-15
5.327e+13	5.8956e-16	5.3666e-15
5.3384e+13	4.8629e-16	4.6209e-15
5.3498e+13	5.2103e-16	4.4206e-15
5.3612e+13	5.584e-16	4.9318e-15
5.3726e+13	5.0742e-16	4.8588e-15
5.384e+13	4.4746e-16	3.8145e-15
5.3954e+13	3.6745e-16	3.0784e-15
5.4068e+13	3.4653e-16	3.5916e-15
5.4183e+13	4.9262e-16	4.5245e-15
5.4297e+13	5.5812e-16	4.4872e-15
5.4411e+13	3.8825e-16	3.5946e-15
5.4525e+13	3.2225e-16	3.1721e-15
5.4639e+13	4.5342e-16	3.4846e-15
5.4753e+13	4.246e-16	3.4961e-15
5.4867e+13	2.7629e-16	3.0041e-15
5.4981e+13	3.2527e-16	2.889e-15
5.5095e+13	4.1437e-16	3.2064e-15
5.5209e+13	3.3416e-16	3.1652e-15
5.5323e+13	2.943e-16	2.7474e-15
5.5437e+13	3.551e-16	2.5727e-15
5.5551e+13	3.2966e-16	2.7128e-15
5.5665e+13	2.8943e-16	2.8102e-15
5.5779e+13	3.2175e-16	2.6767e-15
5.5894e+13	2.7564e-16	2.3286e-15
5.6008e+13	2.0414e-16	2.0248e-15
5.6122e+13	2.7391e-16	2.0433e-15
5.6236e+13	3.1573e-16	2.1607e-15
5.635e+13	2.1781e-16	2.0457e-15
5.6464e+13	2.0298e-16	1.9557e-15
5.6578e+13	2.8435e-16	2.1357e-15
5.6692e+13	2.5841e-16	2.1914e-15
5.6806e+13	1.9954e-16	1.9013e-15
5.692e+13	2.2067e-16	1.6963e-15
5.7034e+13	2.0962e-16	1.7859e-15
5.7148e+13	1.8873e-16	1.8639e-15
5.7262e+13	2.5191e-16	1.8217e-15
5.7376e+13	2.5189e-16	1.7862e-15
5.749e+13	1.5561e-16	1.6809e-15
5.7605e+13	1.6585e-16	1.4738e-15
5.7719e+13	2.2671e-16	1.3967e-15
5.7833e+13	1.7078e-16	1.5135e-15
5.7947e+13	1.4878e-16	1.6039e-15
5.8061e+13	2.3163e-16	1.5681e-15
5.8175e+13	2.0949e-16	1.484e-15
5.8289e+13	1.2246e-16	1.4031e-15
5.8403e+13	1.674e-16	1.3692e-15
5.8517e+13	2.1487e-16	1.4044e-15
5.8631e+13	1.524e-16	1.4237e-15
5.8745e+13	1.5257e-16	1.3872e-15
5.8859e+13	2.096e-16	1.3796e-15
5.8973e+13	1.6753e-16	1.3956e-15
5.9087e+13	1.3289e-16	1.3386e-15
5.9202e+13	1.8573e-16	1.2551e-15
5.9316e+13	1.705e-16	1.255e-15
5.943e+13	1.1539e-16	1.3022e-15
5.9544e+13	1.6274e-16	1.3206e-15
5.9658e+13	1.8982e-16	1.308e-15
5.9772e+13	1.2466e-16	1.2541e-15
5.9886e+13	1.3739e-16	1.1916e-15
6e+13	2.0344e-16	1.2338e-15
6.0114e+13	1.6823e-16	1.3428e-15
6.0228e+13	1.3722e-16	1.3312e-15
6.0342e+13	1.9e-16	1.2198e-15
6.0456e+13	1.8261e-16	1.1903e-15
6.057e+13	1.359e-16	1.2185e-15
6.0684e+13	1.7614e-16	1.2068e-15
6.0798e+13	1.9975e-16	1.2435e-15
6.0913e+13	1.476e-16	1.3231e-15
6.1027e+13	1.5454e-16	1.2514e-15
6.1141e+13	1.8833e-16	1.0939e-15
6.1255e+13	1.4375e-16	1.1133e-15
6.1369e+13	1.2939e-16	1.2147e-15
6.1483e+13	1.731e-16	1.1448e-15
6.1597e+13	1.429e-16	1.038e-15
6.1711e+13	1.1588e-16	1.1076e-15
6.1825e+13	1.9298e-16	1.204e-15
6.1939e+13	2.0693e-16	1.1731e-15
6.2053e+13	1.2288e-16	1.1239e-15
6.2167e+13	1.3529e-16	1.1169e-15
6.2281e+13	1.9365e-16	1.1087e-15
6.2395e+13	1.4668e-16	1.1325e-15
6.251e+13	1.1897e-16	1.163e-15
6.2624e+13	1.7436e-16	1.1333e-15
6.2738e+13	1.6888e-16	1.1655e-15
6.2852e+13	1.4385e-16	1.3e-15
6.2966e+13	1.9204e-16	1.2678e-15
6.308e+13	1.7517e-16	1.0345e-15
6.3194e+13	9.5021e-17	9.8196e-16
6.3308e+13	1.4323e-16	1.1876e-15
6.3422e+13	2.2463e-16	1.3063e-15
6.3536e+13	1.6912e-16	1.26e-15
6.365e+13	1.3244e-16	1.2254e-15
6.3764e+13	1.8953e-16	1.1701e-15
6.3878e+13	1.6975e-16	1.0799e-15
6.3992e+13	1.2536e-16	1.1293e-15
6.4106e+13	1.8965e-16	1.2318e-15
6.4221e+13	2.0234e-16	1.136e-15
6.4335e+13	1.1273e-16	1.0128e-15
6.4449e+13	1.3497e-16	1.1504e-15
6.4563e+13	2.2314e-16	1.3327e-15
6.4677e+13	1.8455e-16	1.2714e-15
6.4791e+13	1.4611e-16	1.1783e-15
6.4905e+13	2.1521e-16	1.2949e-15
6.5019e+13	2.2077e-16	1.4137e-15
6.5133e+13	1.5702e-16	1.3171e-15
6.5247e+13	1.7409e-16	1.1719e-15
6.5361e+13	1.9332e-16	1.1789e-15
6.5475e+13	1.4903e-16	1.2525e-15
6.5589e+13	1.7451e-16	1.2625e-15
6.5703e+13	2.382e-16	1.2667e-15
6.5817e+13	2.0723e-16	1.3247e-15
6.5932e+13	1.783e-16	1.347e-15
6.6046e+13	2.1263e-16	1.2935e-15
6.616e+13	1.8427e-16	1.2627e-15
6.6274e+13	1.3802e-16	1.2865e-15
6.6388e+13	1.9628e-16	1.3169e-15
6.6502e+13	2.3842e-16	1.3812e-15
6.6616e+13	1.9038e-16	1.4518e-15
6.673e+13	1.8878e-16	1.3869e-15
6.6844e+13	2.2358e-16	1.2577e-15
6.6958e+13	1.9507e-16	1.3056e-15
6.7072e+13	1.9515e-16	1.4556e-15
6.7186e+13	2.5494e-16	1.4558e-15
6.73e+13	2.4137e-16	1.3842e-15
6.7414e+13	1.9264e-16	1.4013e-15
6.7529e+13	2.1561e-16	1.384e-15
6.7643e+13	2.2198e-16	1.2996e-15
6.7757e+13	1.8856e-16	1.3339e-15
6.7871e+13	2.2287e-16	1.4202e-15
6.7985e+13	2.5298e-16	1.3644e-15
6.8099e+13	2.0212e-16	1.3205e-15
6.8213e+13	2.1435e-16	1.4639e-15
6.8327e+13	2.9021e-16	1.6016e-15
6.8441e+13	2.5096e-16	1.572e-15
6.8555e+13	1.737e-16	1.4822e-15
6.8669e+13	2.1338e-16	1.421e-15
6.8783e+13	2.4818e-16	1.4244e-15
6.8897e+13	2.0731e-16	1.5054e-15
6.9011e+13	2.1801e-16	1.5095e-15
6.9125e+13	2.4907e-16	1.4015e-15
6.924e+13	2.1668e-16	1.4739e-15
6.9354e+13	2.3053e-16	1.7367e-15
6.9468e+13	2.88e-16	1.7638e-15
6.9582e+13	2.4573e-16	1.538e-15
6.9696e+13	2.0037e-16	1.4858e-15
6.981e+13	2.709e-16	1.6008e-15
6.9924e+13	2.932e-16	1.5873e-15
7.0038e+13	2.2052e-16	1.55e-15
7.0152e+13	2.334e-16	1.6391e-15
7.0266e+13	2.8807e-16	1.6583e-15
7.038e+13	2.453e-16	1.5624e-15
7.0494e+13	2.2083e-16	1.5567e-15
7.0608e+13	2.6866e-16	1.6131e-15
7.0722e+13	2.4901e-16	1.5962e-15
7.0837e+13	2.1046e-16	1.5775e-15
7.0951e+13	2.6414e-16	1.5976e-15
7.1065e+13	2.7994e-16	1.589e-15
7.1179e+13	2.1251e-16	1.5729e-15
7.1293e+13	2.1601e-16	1.5366e-15
7.1407e+13	2.5368e-16	1.4383e-15
7.1521e+13	2.1373e-16	1.4282e-15
7.1635e+13	2.0668e-16	1.5541e-15
7.1749e+13	2.6219e-16	1.5667e-15
7.1863e+13	2.3936e-16	1.4627e-15
7.1977e+13	1.9906e-16	1.5168e-15
7.2091e+13	2.536e-16	1.6245e-15
7.2205e+13	2.7042e-16	1.5239e-15
7.2319e+13	2.0269e-16	1.3919e-15
7.2433e+13	1.9881e-16	1.3988e-15
7.2548e+13	2.2887e-16	1.3717e-15
7.2662e+13	2.0051e-16	1.3509e-15
7.2776e+13	2.1298e-16	1.502e-15
7.289e+13	2.582e-16	1.5668e-15
7.3004e+13	2.0163e-16	1.3818e-15
7.3118e+13	1.5165e-16	1.2986e-15
7.3232e+13	2.2457e-16	1.4218e-15
7.3346e+13	2.5571e-16	1.4663e-15
7.346e+13	2.0712e-16	1.4923e-15
7.3574e+13	2.3887e-16	1.6349e-15
7.3688e+13	2.692e-16	1.6046e-15
7.3802e+13	1.8421e-16	1.3872e-15
7.3916e+13	1.6631e-16	1.4145e-15
7.403e+13	2.5589e-16	1.617e-15
7.4144e+13	2.4218e-16	1.598e-15
7.4259e+13	1.8021e-16	1.5277e-15
7.4373e+13	2.338e-16	1.6324e-15
7.4487e+13	2.5689e-16	1.6141e-15
7.4601e+13	1.7989e-16	1.435e-15
7.4715e+13	1.9978e-16	1.4804e-15
7.4829e+13	2.8539e-16	1.6664e-15
7.4943e+13	2.5737e-16	1.6528e-15
7.5057e+13	2.1977e-16	1.5911e-15
7.5171e+13	2.5817e-16	1.6364e-15
7.5285e+13	2.2533e-16	1.5644e-15
7.5399e+13	1.5681e-16	1.4238e-15
7.5513e+13	2.0397e-16	1.4913e-15
7.5627e+13	2.4689e-16	1.6023e-15
7.5741e+13	1.9432e-16	1.5382e-15
7.5856e+13	2.0279e-16	1.5318e-15
7.597e+13	2.6386e-16	1.6634e-15
7.6084e+13	2.2808e-16	1.6376e-15
7.6198e+13	1.8561e-16	1.4686e-15
7.6312e+13	2.2696e-16	1.4407e-15
7.6426e+13	2.2422e-16	1.5051e-15
7.654e+13	1.7872e-16	1.4979e-15
7.6654e+13	2.0962e-16	1.5145e-15
7.6768e+13	2.3573e-16	1.5798e-15
7.6882e+13	1.9233e-16	1.5405e-15
7.6996e+13	1.9761e-16	1.445e-15
7.711e+13	2.3351e-16	1.4589e-15
7.7224e+13	1.942e-16	1.5154e-15
7.7338e+13	1.732e-16	1.4926e-15
7.7452e+13	2.2262e-16	1.4768e-15
7.7567e+13	2.1453e-16	1.5573e-15
7.7681e+13	1.7607e-16	1.641e-15
7.7795e+13	2.2131e-16	1.633e-15
7.7909e+13	2.5062e-16	1.5904e-15
7.8023e+13	2.0134e-16	1.5985e-15
7.8137e+13	2.0514e-16	1.6358e-15
7.8251e+13	2.5244e-16	1.649e-15
7.8365e+13	2.2896e-16	1.6545e-15
7.8479e+13	2.0571e-16	1.6581e-15
7.8593e+13	2.3577e-16	1.6108e-15
7.8707e+13	2.2067e-16	1.543e-15
7.8821e+13	1.8917e-16	1.5476e-15
7.8935e+13	2.2682e-16	1.5851e-15
7.9049e+13	2.4072e-16	1.5587e-15
7.9163e+13	1.9749e-16	1.5279e-15
7.9278e+13	2.1432e-16	1.5982e-15
7.9392e+13	2.5892e-16	1.7531e-15
7.9506e+13	2.4494e-16	1.9229e-15
7.962e+13	2.5715e-16	2.0015e-15
7.9734e+13	2.9533e-16	1.8674e-15
7.9848e+13	2.3408e-16	1.6202e-15
7.9962e+13	1.6306e-16	1.5505e-15
8.0076e+13	2.2119e-16	1.7417e-15
8.019e+13	2.8561e-16	2.0052e-15
8.0304e+13	2.6411e-16	2.1298e-15
8.0418e+13	2.5398e-16	1.9979e-15
8.0532e+13	2.5228e-16	1.7655e-15
8.0646e+13	2.2279e-16	1.8226e-15
8.076e+13	2.5796e-16	2.1053e-15
8.0875e+13	3.0948e-16	2.0508e-15
8.0989e+13	2.4277e-16	1.7233e-15
8.1103e+13	1.9834e-16	1.8271e-15
8.1217e+13	2.9514e-16	2.2589e-15
8.1331e+13	3.2407e-16	2.236e-15
8.1445e+13	2.297e-16	1.857e-15
8.1559e+13	2.3459e-16	1.7972e-15
8.1673e+13	2.9997e-16	1.9567e-15
8.1787e+13	2.5125e-16	1.9605e-15
8.1901e+13	2.2394e-16	1.9964e-15
8.2015e+13	3.0743e-16	2.125e-15
8.2129e+13	3.1015e-16	2.0879e-15
8.2243e+13	2.3817e-16	2.0545e-15
8.2357e+13	2.6833e-16	2.1981e-15
8.2471e+13	3.0863e-16	2.1608e-15
8.2586e+13	2.6405e-16	1.9892e-15
8.27e+13	2.8967e-16	2.2174e-15
8.2814e+13	3.7378e-16	2.5838e-15
8.2928e+13	3.4248e-16	2.4791e-15
8.3042e+13	2.9149e-16	2.2956e-15
8.3156e+13	3.4736e-16	2.5244e-15
8.327e+13	3.6658e-16	2.6906e-15
8.3384e+13	3.1607e-16	2.542e-15
8.3498e+13	3.4474e-16	2.5288e-15
8.3612e+13	3.8378e-16	2.5607e-15
8.3726e+13	3.1414e-16	2.2779e-15
8.384e+13	2.7307e-16	2.1534e-15
8.3954e+13	3.3235e-16	2.5462e-15
8.4068e+13	3.6076e-16	2.875e-15
8.4183e+13	3.5666e-16	2.8532e-15
8.4297e+13	3.8956e-16	2.8559e-15
8.4411e+13	3.8895e-16	2.8866e-15
8.4525e+13	3.6032e-16	2.8463e-15
8.4639e+13	3.9966e-16	2.9906e-15
8.4753e+13	4.1723e-16	3.0457e-15
8.4867e+13	3.3593e-16	2.6056e-15
8.4981e+13	3.2604e-16	2.4613e-15
8.5095e+13	4.3884e-16	3.2162e-15
8.5209e+13	4.7043e-16	3.7126e-15
8.5323e+13	3.9227e-16	3.218e-15
8.5437e+13	3.8091e-16	2.9441e-15
8.5551e+13	4.4397e-16	3.4642e-15
8.5665e+13	4.6613e-16	3.6235e-15
8.5779e+13	4.3869e-16	3.0758e-15
8.5894e+13	3.9556e-16	2.7413e-15
8.6008e+13	3.6662e-16	2.8367e-15
8.6122e+13	4.1251e-16	3.1232e-15
8.6236e+13	5.0709e-16	3.7655e-15
8.635e+13	5.3632e-16	4.2604e-15
8.6464e+13	4.9847e-16	3.8452e-15
8.6578e+13	4.8899e-16	3.3334e-15
8.6692e+13	5.1987e-16	3.7609e-15
8.6806e+13	5.4106e-16	4.3082e-15
8.692e+13	5.4633e-16	4.1868e-15
8.7034e+13	5.5256e-16	4.1695e-15
8.7148e+13	5.5765e-16	4.4335e-15
8.7262e+13	5.5789e-16	4.2206e-15
8.7376e+13	5.7788e-16	4.1027e-15
8.749e+13	6.3256e-16	4.8199e-15
8.7605e+13	6.4028e-16	5.0292e-15
8.7719e+13	5.3204e-16	3.9213e-15
8.7833e+13	4.6239e-16	3.432e-15
8.7947e+13	5.9321e-16	4.6647e-15
8.8061e+13	7.4039e-16	5.7267e-15
8.8175e+13	6.8388e-16	5.3457e-15
8.8289e+13	5.8509e-16	4.7228e-15
8.8403e+13	6.2098e-16	4.765e-15
8.8517e+13	6.5502e-16	5.0538e-15
8.8631e+13	6.4364e-16	5.4881e-15
8.8745e+13	7.6218e-16	6.2977e-15
8.8859e+13	9.6466e-16	7.1683e-15
8.8973e+13	1.0344e-15	7.6092e-15
8.9087e+13	9.7416e-16	7.2964e-15
8.9202e+13	9.0043e-16	6.355e-15
8.9316e+13	8.615e-16	5.8664e-15
8.943e+13	9.0668e-16	6.5542e-15
8.9544e+13	9.7088e-16	7.2493e-15
8.9658e+13	8.9882e-16	6.8538e-15
8.9772e+13	7.9303e-16	6.3489e-15
8.9886e+13	8.4049e-16	6.6581e-15
9e+13	9.0563e-16	7.0841e-15
9.0114e+13	8.8634e-16	7.3205e-15
9.0228e+13	9.7374e-16	7.8287e-15
9.0342e+13	1.1345e-15	8.2111e-15
9.0456e+13	1.1445e-15	8.3176e-15
9.057e+13	1.1472e-15	9.0867e-15
9.0684e+13	1.2683e-15	9.9797e-15
9.0798e+13	1.2244e-15	9.3604e-15
9.0913e+13	1.0491e-15	8.3179e-15
9.1027e+13	1.1426e-15	8.9076e-15
9.1141e+13	1.3047e-15	9.5515e-15
9.1255e+13	1.0919e-15	8.0936e-15
9.1369e+13	8.4312e-16	6.661e-15
9.1483e+13	9.9157e-16	7.7603e-15
9.1597e+13	1.2076e-15	9.5948e-15
9.1711e+13	1.215e-15	9.8702e-15
9.1825e+13	1.2554e-15	9.628e-15
9.1939e+13	1.3532e-15	1.0247e-14
9.2053e+13	1.3318e-15	1.087e-14
9.2167e+13	1.3099e-15	1.0485e-14
9.2281e+13	1.3617e-15	9.851e-15
9.2395e+13	1.4105e-15	1.057e-14
9.251e+13	1.5728e-15	1.2528e-14
9.2624e+13	1.7359e-15	1.3e-14
9.2738e+13	1.504e-15	1.0696e-14
9.2852e+13	1.1889e-15	9.1345e-15
9.2966e+13	1.4454e-15	1.1278e-14
9.308e+13	1.8768e-15	1.3997e-14
9.3194e+13	1.7742e-15	1.3754e-14
9.3308e+13	1.5281e-15	1.2609e-14
9.3422e+13	1.6422e-15	1.3018e-14
9.3536e+13	1.7557e-15	1.3677e-14
9.365e+13	1.7434e-15	1.4122e-14
9.3764e+13	1.9408e-15	1.5366e-14
9.3878e+13	2.0672e-15	1.5687e-14
9.3992e+13	1.8102e-15	1.3907e-14
9.4106e+13	1.7274e-15	1.3266e-14
9.4221e+13	2.0511e-15	1.5093e-14
9.4335e+13	2.1251e-15	1.572e-14
9.4449e+13	1.8658e-15	1.4313e-14
9.4563e+13	1.8715e-15	1.4383e-14
9.4677e+13	2.0514e-15	1.5914e-14
9.4791e+13	1.9734e-15	1.5775e-14
9.4905e+13	1.881e-15	1.4523e-14
9.5019e+13	2.009e-15	1.4429e-14
9.5133e+13	2.0242e-15	1.4675e-14
9.5247e+13	1.8275e-15	1.4081e-14
9.5361e+13	1.7384e-15	1.3628e-14
9.5475e+13	1.8583e-15	1.4061e-14
9.5589e+13	2.0682e-15	1.5226e-14
9.5703e+13	2.2252e-15	1.6706e-14
9.5817e+13	2.1467e-15	1.7042e-14
9.5932e+13	1.9544e-15	1.5642e-14
9.6046e+13	2.0008e-15	1.4712e-14
9.616e+13	2.1424e-15	1.5549e-14
9.6274e+13	2.0314e-15	1.6461e-14
9.6388e+13	1.9454e-15	1.6665e-14
9.6502e+13	2.1456e-15	1.6814e-14
9.6616e+13	2.1772e-15	1.6057e-14
9.673e+13	1.8788e-15	1.4439e-14
9.6844e+13	1.8532e-15	1.4665e-14
9.6958e+13	2.2562e-15	1.7074e-14
9.7072e+13	2.5405e-15	1.871e-14
9.7186e+13	2.5123e-15	1.8748e-14
9.73e+13	2.3459e-15	1.8103e-14
9.7414e+13	2.0366e-15	1.6167e-14
9.7529e+13	1.7626e-15	1.3889e-14
9.7643e+13	1.8983e-15	1.4352e-14
9.7757e+13	2.275e-15	1.6962e-14
9.7871e+13	2.4196e-15	1.8367e-14
9.7985e+13	2.3362e-15	1.8407e-14
9.8099e+13	2.2304e-15	1.8138e-14
9.8213e+13	2.0933e-15	1.6776e-14
9.8327e+13	2.0187e-15	1.5361e-14
9.8441e+13	2.1198e-15	1.6066e-14
9.8555e+13	2.1552e-15	1.7034e-14
9.8669e+13	1.96e-15	1.5767e-14
9.8783e+13	1.7953e-15	1.4269e-14
9.8897e+13	1.8373e-15	1.4691e-14
9.9011e+13	1.9785e-15	1.6089e-14
9.9125e+13	2.1299e-15	1.7551e-14
9.924e+13	2.1523e-15	1.8033e-14
9.9354e+13	1.9643e-15	1.6491e-14
9.9468e+13	1.9174e-15	1.5981e-14
9.9582e+13	2.2329e-15	1.9103e-14
9.9696e+13	2.4332e-15	2.0968e-14
9.981e+13	2.2978e-15	1.8561e-14
9.9924e+13	2.348e-15	1.8145e-14
1.0004e+14	2.5635e-15	2.1327e-14
1.0015e+14	2.2808e-15	2.0267e-14
1.0027e+14	1.7806e-15	1.5448e-14
1.0038e+14	1.8993e-15	1.5845e-14
1.0049e+14	2.2696e-15	1.9337e-14
1.0061e+14	2.1445e-15	1.805e-14
1.0072e+14	2.0067e-15	1.6478e-14
1.0084e+14	2.3295e-15	2.0124e-14
1.0095e+14	2.4059e-15	2.1582e-14
1.0106e+14	1.9756e-15	1.7251e-14
1.0118e+14	1.8608e-15	1.5789e-14
1.0129e+14	2.1582e-15	1.881e-14
1.0141e+14	2.1575e-15	1.867e-14
1.0152e+14	2.0009e-15	1.6653e-14
1.0163e+14	2.1646e-15	1.8268e-14
1.0175e+14	2.2008e-15	1.8889e-14
1.0186e+14	1.8422e-15	1.497e-14
1.0198e+14	1.7762e-15	1.3671e-14
1.0209e+14	2.1376e-15	1.7309e-14
1.0221e+14	2.1977e-15	1.8386e-14
1.0232e+14	1.9442e-15	1.5944e-14
1.0243e+14	1.9539e-15	1.6069e-14
1.0255e+14	2.0512e-15	1.7688e-14
1.0266e+14	1.8382e-15	1.6084e-14
1.0278e+14	1.6255e-15	1.3511e-14
1.0289e+14	1.6292e-15	1.3101e-14
1.03e+14	1.5014e-15	1.2318e-14
1.0312e+14	1.2344e-15	1.0098e-14
1.0323e+14	1.2328e-15	9.8475e-15
1.0335e+14	1.4713e-15	1.2296e-14
1.0346e+14	1.6122e-15	1.4054e-14
1.0357e+14	1.5781e-15	1.326e-14
1.0369e+14	1.4357e-15	1.1277e-14
1.038e+14	1.2685e-15	1.0212e-14
1.0392e+14	1.2434e-15	1.0722e-14
1.0403e+14	1.3183e-15	1.124e-14
1.0414e+14	1.2478e-15	1.0269e-14
1.0426e+14	1.1127e-15	9.206e-15
1.0437e+14	1.1871e-15	9.9485e-15
1.0449e+14	1.3236e-15	1.1083e-14
1.046e+14	1.2067e-15	1.0206e-14
1.0471e+14	9.6095e-16	8.1623e-15
1.0483e+14	8.8881e-16	7.4626e-15
1.0494e+14	9.564e-16	8.1084e-15
1.0506e+14	9.3745e-16	7.9388e-15
1.0517e+14	7.8585e-16	6.4061e-15
1.0529e+14	6.7782e-16	5.5415e-15
1.054e+14	7.6523e-16	6.5861e-15
1.0551e+14	9.3305e-16	7.8891e-15
1.0563e+14	9.5602e-16	7.7425e-15
1.0574e+14	8.5919e-16	6.9026e-15
1.0586e+14	7.9284e-16	6.3803e-15
1.0597e+14	7.1715e-16	5.6876e-15
1.0608e+14	6.1137e-16	4.9401e-15
1.062e+14	6.3587e-16	5.2586e-15
1.0631e+14	7.5411e-16	6.1469e-15
1.0643e+14	7.1726e-16	5.9342e-15
1.0654e+14	5.6505e-16	4.7744e-15
1.0665e+14	5.4425e-16	4.1973e-15
1.0677e+14	6.2407e-16	4.5413e-15
1.0688e+14	6.3178e-16	4.9703e-15
1.07e+14	5.8571e-16	4.8837e-15
1.0711e+14	5.4052e-16	4.2737e-15
1.0722e+14	4.7475e-16	3.6247e-15
1.0734e+14	4.3761e-16	3.5024e-15
1.0745e+14	4.7321e-16	3.8471e-15
1.0757e+14	5.0654e-16	4.1454e-15
1.0768e+14	4.8724e-16	4.061e-15
1.0779e+14	4.3108e-16	3.5074e-15
1.0791e+14	3.4181e-16	2.7882e-15
1.0802e+14	2.8137e-16	2.5219e-15
1.0814e+14	3.1891e-16	2.704e-15
1.0825e+14	3.6389e-16	2.7046e-15
1.0837e+14	3.2487e-16	2.4875e-15
1.0848e+14	2.8378e-16	2.4339e-15
1.0859e+14	2.8629e-16	2.3635e-15
1.0871e+14	2.6422e-16	2.1305e-15
1.0882e+14	2.3623e-16	2.0575e-15
1.0894e+14	2.4525e-16	2.0345e-15
1.0905e+14	2.3747e-16	1.8447e-15
1.0916e+14	2.3374e-16	1.998e-15
1.0928e+14	2.9577e-16	2.4992e-15
1.0939e+14	3.1279e-16	2.3765e-15
1.0951e+14	2.2215e-16	1.7017e-15
1.0962e+14	1.9095e-16	1.6057e-15
1.0973e+14	2.5543e-16	1.9724e-15
1.0985e+14	2.4526e-16	1.8935e-15
1.0996e+14	1.8092e-16	1.6058e-15
1.1008e+14	1.9313e-16	1.6013e-15
1.1019e+14	2.0014e-16	1.5254e-15
1.103e+14	1.3932e-16	1.3133e-15
1.1042e+14	1.3211e-16	1.3219e-15
1.1053e+14	1.7108e-16	1.3138e-15
1.1065e+14	1.4773e-16	1.1538e-15
1.1076e+14	1.3628e-16	1.2966e-15
1.1087e+14	1.8855e-16	1.5502e-15
1.1099e+14	1.7823e-16	1.3323e-15
1.111e+14	1.1661e-16	1.0428e-15
1.1122e+14	1.3341e-16	1.1504e-15
1.1133e+14	1.608e-16	1.1627e-15
1.1144e+14	1.1677e-16	9.476e-16
1.1156e+14	1.0954e-16	1.048e-15
1.1167e+14	1.4873e-16	1.2417e-15
1.1179e+14	1.1968e-16	1.0128e-15
1.119e+14	8.5306e-17	8.0698e-16
1.1202e+14	1.308e-16	9.9733e-16
1.1213e+14	1.4357e-16	1.0693e-15
1.1224e+14	9.0577e-17	8.5561e-16
1.1236e+14	9.3195e-17	7.9964e-16
1.1247e+14	1.2596e-16	8.8427e-16
1.1259e+14	9.7186e-17	8.2507e-16
1.127e+14	7.4451e-17	7.1965e-16
1.1281e+14	9.4236e-17	6.5878e-16
1.1293e+14	7.9349e-17	6.0176e-16
1.1304e+14	5.5873e-17	6.58e-16
1.1316e+14	8.0603e-17	7.5507e-16
1.1327e+14	8.5905e-17	6.7251e-16
1.1338e+14	6.0605e-17	5.96e-16
1.135e+14	7.8926e-17	6.9929e-16
1.1361e+14	9.435e-17	6.742e-16
1.1373e+14	5.393e-17	4.7718e-16
1.1384e+14	4.6105e-17	4.9282e-16
1.1395e+14	8.3656e-17	6.3678e-16
1.1407e+14	7.0652e-17	5.6032e-16
1.1418e+14	4.0842e-17	4.4558e-16
1.143e+14	6.4349e-17	5.1797e-16
1.1441e+14	7.5277e-17	5.6997e-16
1.1452e+14	5.2654e-17	5.4087e-16
1.1464e+14	6.5354e-17	5.6913e-16
1.1475e+14	7.6884e-17	5.3873e-16
1.1487e+14	4.2364e-17	4.1699e-16
1.1498e+14	4.0937e-17	4.3521e-16
1.151e+14	7.5895e-17	5.2916e-16
1.1521e+14	5.6866e-17	4.6272e-16
1.1532e+14	2.5056e-17	3.7002e-16
1.1544e+14	4.823e-17	4.0543e-16
1.1555e+14	5.5496e-17	4.2368e-16
1.1567e+14	2.7305e-17	3.9823e-16
1.1578e+14	4.0213e-17	4.249e-16
1.1589e+14	6.1195e-17	4.1472e-16
1.1601e+14	3.5491e-17	3.6291e-16
1.1612e+14	3.2168e-17	4.0848e-16
1.1624e+14	6.2156e-17	4.45e-16
1.1635e+14	4.6756e-17	3.5384e-16
1.1646e+14	2.2085e-17	3.2712e-16
1.1658e+14	4.6655e-17	4.1161e-16
1.1669e+14	5.2634e-17	3.9869e-16
1.1681e+14	2.4719e-17	3.4207e-16
1.1692e+14	3.759e-17	3.9548e-16
1.1703e+14	5.907e-17	4.1603e-16
1.1715e+14	3.4455e-17	3.4736e-16
1.1726e+14	2.713e-17	3.6344e-16
1.1738e+14	5.051e-17	4.113e-16
1.1749e+14	3.6949e-17	3.5833e-16
1.176e+14	2.0416e-17	3.4463e-16
1.1772e+14	4.6681e-17	4.0861e-16
1.1783e+14	4.8068e-17	3.7365e-16
1.1795e+14	1.7846e-17	3.0456e-16
1.1806e+14	3.0102e-17	3.4698e-16
1.1817e+14	5.0955e-17	3.6751e-16
1.1829e+14	3.0548e-17	3.1664e-16
1.184e+14	2.9722e-17	3.4727e-16
1.1852e+14	5.2741e-17	3.9259e-16
1.1863e+14	3.4979e-17	3.3875e-16
1.1875e+14	1.9829e-17	3.4044e-16
1.1886e+14	4.9548e-17	4.1623e-16
1.1897e+14	4.919e-17	3.6659e-16
1.1909e+14	1.7175e-17	2.7432e-16
1.192e+14	3.2478e-17	3.2596e-16
1.1932e+14	5.4026e-17	3.8771e-16
1.1943e+14	2.8754e-17	3.6247e-16
1.1954e+14	2.6483e-17	3.807e-16
1.1966e+14	5.4421e-17	4.0496e-16
1.1977e+14	3.8929e-17	3.43e-16
1.1989e+14	2.0156e-17	3.37e-16
1.2e+14	4.7095e-17	4.0125e-16
1.2011e+14	4.7422e-17	3.5428e-16
1.2023e+14	1.6321e-17	2.8602e-16
1.2034e+14	3.1893e-17	3.5881e-16
1.2046e+14	5.3068e-17	4.0318e-16
1.2057e+14	2.6517e-17	3.316e-16
1.2068e+14	2.5728e-17	3.4432e-16
1.208e+14	5.8497e-17	4.2633e-16
1.2091e+14	4.3029e-17	3.9459e-16
1.2103e+14	1.8453e-17	3.3959e-16
1.2114e+14	4.544e-17	3.7023e-16
1.2125e+14	5.2205e-17	3.6288e-16
1.2137e+14	2.0165e-17	3.1344e-16
1.2148e+14	2.8953e-17	3.4508e-16
1.216e+14	5.2126e-17	3.8829e-16
1.2171e+14	3.1474e-17	3.6503e-16
1.2183e+14	2.6163e-17	3.663e-16
1.2194e+14	5.2973e-17	3.944e-16
1.2205e+14	4.3308e-17	3.7429e-16
1.2217e+14	2.35e-17	3.5417e-16
1.2228e+14	4.3133e-17	3.5343e-16
1.224e+14	4.6772e-17	3.2494e-16
1.2251e+14	2.5349e-17	3.3557e-16
1.2262e+14	4.0068e-17	3.9857e-16
1.2274e+14	5.4692e-17	3.7946e-16
1.2285e+14	2.6864e-17	3.1775e-16
1.2297e+14	2.4325e-17	3.5764e-16
1.2308e+14	5.2955e-17	3.9928e-16
1.2319e+14	3.9288e-17	3.4543e-16
1.2331e+14	1.7902e-17	3.3332e-16
1.2342e+14	4.1798e-17	3.7317e-16
1.2354e+14	4.9176e-17	3.3569e-16
1.2365e+14	2.5313e-17	3.0809e-16
1.2376e+14	3.356e-17	3.6361e-16
1.2388e+14	4.5846e-17	3.4333e-16
1.2399e+14	2.3167e-17	2.635e-16
1.2411e+14	2.4881e-17	3.0433e-16
1.2422e+14	5.0236e-17	3.5876e-16
1.2433e+14	3.3488e-17	2.8718e-16
1.2445e+14	1.5974e-17	2.6225e-16
1.2456e+14	4.2253e-17	3.4146e-16
1.2468e+14	4.4378e-17	3.3749e-16
1.2479e+14	1.7424e-17	2.8122e-16
1.249e+14	3.1386e-17	3.09e-16
1.2502e+14	4.9121e-17	3.2099e-16
1.2513e+14	2.4737e-17	2.7672e-16
1.2525e+14	2.3106e-17	2.9954e-16
1.2536e+14	4.7994e-17	3.2577e-16
1.2548e+14	3.1657e-17	2.6911e-16
1.2559e+14	1.4184e-17	2.7348e-16
1.257e+14	3.9023e-17	3.3815e-16
1.2582e+14	3.6693e-17	2.8245e-16
1.2593e+14	7.2616e-18	2.0547e-16
1.2605e+14	2.5932e-17	2.6805e-16
1.2616e+14	4.8148e-17	3.021e-16
1.2627e+14	1.9864e-17	2.2248e-16
1.2639e+14	1.3642e-17	2.18e-16
1.265e+14	4.1551e-17	2.7306e-16
1.2662e+14	2.8909e-17	2.3572e-16
1.2673e+14	1.0982e-17	2.1304e-16
1.2684e+14	3.8456e-17	2.7442e-16
1.2696e+14	4.0914e-17	2.5542e-16
1.2707e+14	7.9634e-18	1.7794e-16
1.2719e+14	1.888e-17	2.0951e-16
1.273e+14	4.1893e-17	2.6411e-16
1.2741e+14	1.8868e-17	2.2934e-16
1.2753e+14	1.1714e-17	2.1152e-16
1.2764e+14	3.7107e-17	2.33e-16
1.2776e+14	2.599e-17	2.0943e-16
1.2787e+14	6.3789e-18	1.997e-16
1.2798e+14	2.8009e-17	2.3191e-16
1.281e+14	3.165e-17	2.0964e-16
1.2821e+14	6.44e-18	1.7806e-16
1.2833e+14	1.8558e-17	2.1672e-16
1.2844e+14	3.5803e-17	2.1798e-16
1.2856e+14	1.1699e-17	1.6381e-16
1.2867e+14	9.3119e-18	1.8994e-16
1.2878e+14	3.6431e-17	2.372e-16
1.289e+14	2.2562e-17	1.8973e-16
1.2901e+14	2.1553e-18	1.6574e-16
1.2913e+14	2.6742e-17	2.1344e-16
1.2924e+14	3.2219e-17	1.9251e-16
1.2935e+14	5.2265e-18	1.4524e-16
1.2947e+14	1.5904e-17	1.9064e-16
1.2958e+14	3.5021e-17	2.0931e-16
1.297e+14	1.229e-17	1.4001e-16
1.2981e+14	7.5762e-18	1.3475e-16
1.2992e+14	3.2526e-17	1.7807e-16
1.3004e+14	1.9533e-17	1.4274e-16
1.3015e+14	-3.8015e-19	1.1921e-16
1.3027e+14	2.2944e-17	1.7082e-16
1.3038e+14	2.8335e-17	1.6507e-16
1.3049e+14	1.5929e-18	1.1475e-16
1.3061e+14	1.0495e-17	1.391e-16
1.3072e+14	2.8953e-17	1.5714e-16
1.3084e+14	8.4772e-18	1.0986e-16
1.3095e+14	4.2521e-18	1.1768e-16
1.3106e+14	2.7109e-17	1.6131e-16
1.3118e+14	1.493e-17	1.2612e-16
1.3129e+14	-1.7705e-18	9.7659e-17
1.3141e+14	2.1212e-17	1.3989e-16
1.3152e+14	2.4243e-17	1.3449e-16
1.3163e+14	-7.3027e-19	9.3125e-17
1.3175e+14	1.2137e-17	1.2537e-16
1.3186e+14	3.0348e-17	1.5153e-16
1.3198e+14	6.4031e-18	1.087e-16
1.3209e+14	1.4732e-18	1.0873e-16
1.3221e+14	2.693e-17	1.4237e-16
1.3232e+14	1.5913e-17	1.071e-16
1.3243e+14	-2.454e-18	8.0507e-17
1.3255e+14	1.9642e-17	1.2144e-16
1.3266e+14	2.3779e-17	1.1802e-16
1.3278e+14	-1.5481e-18	7.5768e-17
1.3289e+14	8.7559e-18	9.6587e-17
1.33e+14	2.6263e-17	1.1503e-16
1.3312e+14	4.451e-18	7.8814e-17
1.3323e+14	6.1491e-19	8.6856e-17
1.3335e+14	2.4917e-17	1.2092e-16
1.3346e+14	1.2921e-17	8.4539e-17
1.3357e+14	-5.6044e-18	5.7977e-17
1.3369e+14	1.6726e-17	1.0157e-16
1.338e+14	2.2228e-17	1.0716e-16
1.3392e+14	-1.5987e-18	7.1526e-17
1.3403e+14	8.2775e-18	8.7068e-17
1.3414e+14	2.4697e-17	1.0022e-16
1.3426e+14	3.1915e-18	7.0083e-17
1.3437e+14	-8.9044e-20	8.4347e-17
1.3449e+14	2.4241e-17	1.1658e-16
1.346e+14	1.3054e-17	7.9343e-17
1.3471e+14	-4.7618e-18	5.4768e-17
1.3483e+14	1.6213e-17	9.5148e-17
1.3494e+14	1.9869e-17	9.4574e-17
1.3506e+14	-4.0537e-18	5.7013e-17
1.3517e+14	6.5563e-18	7.3822e-17
1.3529e+14	2.3618e-17	8.9433e-17
1.354e+14	3.0947e-18	6.2077e-17
1.3551e+14	-2.8867e-20	7.4346e-17
1.3563e+14	2.2701e-17	1.0067e-16
1.3574e+14	1.051e-17	6.3611e-17
1.3586e+14	-6.1266e-18	4.486e-17
1.3597e+14	1.5807e-17	8.4012e-17
1.3608e+14	1.8526e-17	7.5793e-17
1.362e+14	-6.1468e-18	4.0723e-17
1.3631e+14	5.3596e-18	7.2251e-17
1.3643e+14	2.2999e-17	9.3678e-17
1.3654e+14	1.2235e-18	5.2438e-17
1.3665e+14	-2.9556e-18	5.1829e-17
1.3677e+14	2.1015e-17	8.6638e-17
1.3688e+14	1.0542e-17	6.5624e-17
1.37e+14	-6.5511e-18	4.8106e-17
1.3711e+14	1.4261e-17	8.1176e-17
1.3722e+14	1.7982e-17	7.6601e-17
1.3734e+14	-4.8752e-18	4.7577e-17
1.3745e+14	6.7692e-18	7.5959e-17
1.3757e+14	2.4e-17	9.3739e-17
1.3768e+14	2.7198e-18	5.5321e-17
1.3779e+14	-1.6215e-18	5.5471e-17
1.3791e+14	2.0957e-17	8.6709e-17
1.3802e+14	1.0022e-17	6.4864e-17
1.3814e+14	-6.1615e-18	4.8204e-17
1.3825e+14	1.497e-17	8.0197e-17
1.3837e+14	1.7957e-17	7.4759e-17
1.3848e+14	-5.6425e-18	4.2299e-17
1.3859e+14	5.3861e-18	6.1995e-17
1.3871e+14	2.2031e-17	7.7041e-17
1.3882e+14	8.9391e-19	4.833e-17
1.3894e+14	-2.3791e-18	5.6643e-17
1.3905e+14	2.1147e-17	8.58e-17
1.3916e+14	9.999e-18	6.1843e-17
1.3928e+14	-7.0047e-18	4.7004e-17
1.3939e+14	1.445e-17	7.7651e-17
1.3951e+14	1.902e-17	7.1079e-17
1.3962e+14	-3.8965e-18	4.4358e-17
1.3973e+14	6.2085e-18	6.791e-17
1.3985e+14	2.2068e-17	7.7273e-17
1.3996e+14	6.9891e-19	4.327e-17
1.4008e+14	-3.0943e-18	5.3755e-17
1.4019e+14	2.0652e-17	8.3413e-17
1.403e+14	1.083e-17	5.3879e-17
1.4042e+14	-6.2854e-18	3.7798e-17
1.4053e+14	1.3407e-17	7.6178e-17
1.4065e+14	1.79e-17	7.6109e-17
1.4076e+14	-3.463e-18	4.8696e-17
1.4087e+14	6.7211e-18	7.1856e-17
1.4099e+14	2.2132e-17	8.5076e-17
1.411e+14	2.0624e-18	5.1539e-17
1.4122e+14	-1.1631e-18	5.68e-17
1.4133e+14	2.0579e-17	8.4626e-17
1.4144e+14	9.696e-18	5.8456e-17
1.4156e+14	-5.8011e-18	4.1738e-17
1.4167e+14	1.4991e-17	7.525e-17
1.4179e+14	1.8944e-17	7.4597e-17
1.419e+14	-2.692e-18	4.7686e-17
1.4202e+14	7.0512e-18	6.3557e-17
1.4213e+14	2.1059e-17	6.8508e-17
1.4224e+14	9.2294e-19	3.7722e-17
1.4236e+14	-4.1912e-19	5.2456e-17
1.4247e+14	2.2106e-17	8.6735e-17
1.4259e+14	1.0427e-17	6.4952e-17
1.427e+14	-4.9348e-18	5.0818e-17
1.4281e+14	1.6065e-17	7.8218e-17
1.4293e+14	1.8059e-17	6.6336e-17
1.4304e+14	-4.8583e-18	3.8667e-17
1.4316e+14	7.526e-18	6.6744e-17
1.4327e+14	2.4286e-17	8.1217e-17
1.4338e+14	2.4971e-18	4.8383e-17
1.435e+14	-1.674e-18	5.6531e-17
1.4361e+14	2.1148e-17	8.5535e-17
1.4373e+14	1.0288e-17	5.8952e-17
1.4384e+14	-6.3322e-18	4.3375e-17
1.4395e+14	1.4673e-17	7.5259e-17
1.4407e+14	1.9003e-17	6.6651e-17
1.4418e+14	-4.0032e-18	3.6575e-17
1.443e+14	5.3451e-18	6.4246e-17
1.4441e+14	2.1564e-17	8.2203e-17
1.4452e+14	2.2155e-18	4.7044e-17
1.4464e+14	-1.2443e-18	4.9012e-17
1.4475e+14	2.0619e-17	8.0103e-17
1.4487e+14	1.0283e-17	5.8183e-17
1.4498e+14	-5.708e-18	3.7598e-17
1.451e+14	1.4082e-17	6.6173e-17
1.4521e+14	1.7715e-17	6.7221e-17
1.4532e+14	-4.4406e-18	4.138e-17
1.4544e+14	4.8581e-18	5.7736e-17
1.4555e+14	2.0288e-17	7.3755e-17
1.4567e+14	1.5115e-18	5.4196e-17
1.4578e+14	-1.4519e-18	5.7766e-17
1.4589e+14	1.9041e-17	6.8375e-17
1.4601e+14	7.7917e-18	3.8922e-17
1.4612e+14	-6.9466e-18	3.3763e-17
1.4624e+14	1.4059e-17	6.9755e-17
1.4635e+14	1.7717e-17	6.3278e-17
1.4646e+14	-3.91e-18	3.9902e-17
1.4658e+14	6.3945e-18	6.665e-17
1.4669e+14	2.1238e-17	7.5669e-17
1.4681e+14	6.5234e-19	3.9052e-17
1.4692e+14	-2.6172e-18	4.4281e-17
1.4703e+14	1.9647e-17	7.155e-17
1.4715e+14	9.818e-18	4.8289e-17
1.4726e+14	-5.5077e-18	3.7442e-17
1.4738e+14	1.3931e-17	7.0177e-17
1.4749e+14	1.6503e-17	6.1723e-17
1.476e+14	-5.4644e-18	3.2204e-17
1.4772e+14	5.3842e-18	5.6926e-17
1.4783e+14	2.1653e-17	7.3177e-17
1.4795e+14	2.0578e-18	4.3837e-17
1.4806e+14	-1.7877e-18	5.0344e-17
1.4817e+14	1.92e-17	7.6158e-17
1.4829e+14	8.5776e-18	4.9528e-17
1.484e+14	-6.9135e-18	3.4146e-17
1.4852e+14	1.3135e-17	6.7072e-17
1.4863e+14	1.6627e-17	6.2623e-17
1.4875e+14	-5.6898e-18	3.2166e-17
1.4886e+14	3.8316e-18	5.1596e-17
1.4897e+14	2.0009e-17	6.5619e-17
1.4909e+14	1.1999e-18	3.5178e-17
1.492e+14	-2.9251e-18	3.8593e-17
1.4932e+14	1.8005e-17	6.6551e-17
1.4943e+14	9.1494e-18	4.9137e-17
1.4954e+14	-5.2292e-18	3.8989e-17
1.4966e+14	1.3751e-17	7.002e-17
1.4977e+14	1.6972e-17	6.6097e-17
1.4989e+14	-3.7896e-18	4.0178e-17
1.5e+14	5.9018e-18	5.9936e-17
1.5011e+14	2.0262e-17	6.9235e-17
1.5023e+14	7.1566e-19	3.5829e-17
1.5034e+14	-2.4101e-18	4.081e-17
1.5046e+14	1.9178e-17	7.1667e-17
1.5057e+14	9.8819e-18	5.3174e-17
1.5068e+14	-5.4738e-18	3.5681e-17
1.508e+14	1.251e-17	5.8796e-17
1.5091e+14	1.5308e-17	5.3134e-17
1.5103e+14	-5.4306e-18	2.9165e-17
1.5114e+14	4.0975e-18	5.0084e-17
1.5125e+14	1.877e-17	6.2436e-17
1.5137e+14	5.3669e-19	3.4583e-17
1.5148e+14	-1.965e-18	4.1341e-17
1.516e+14	1.8648e-17	6.9537e-17
1.5171e+14	8.8029e-18	5.0658e-17
1.5183e+14	-5.5181e-18	3.673e-17
1.5194e+14	1.3477e-17	6.4008e-17
1.5205e+14	1.6307e-17	6.1639e-17
1.5217e+14	-4.7299e-18	3.7496e-17
1.5228e+14	4.162e-18	5.2765e-17
1.524e+14	1.7797e-17	6.0518e-17
1.5251e+14	-7.4524e-19	3.4998e-17
1.5262e+14	-2.5101e-18	4.402e-17
1.5274e+14	1.8582e-17	6.8283e-17
1.5285e+14	8.5813e-18	4.6965e-17
1.5297e+14	-5.5363e-18	3.6132e-17
1.5308e+14	1.3873e-17	6.1967e-17
1.5319e+14	1.6197e-17	5.1742e-17
1.5331e+14	-5.6651e-18	2.7286e-17
1.5342e+14	3.7793e-18	5.1861e-17
1.5354e+14	1.8744e-17	6.2519e-17
1.5365e+14	9.0396e-20	3.0759e-17
1.5376e+14	-2.9856e-18	3.9418e-17
1.5388e+14	1.7725e-17	6.905e-17
1.5399e+14	8.0543e-18	4.3756e-17
1.5411e+14	-6.6455e-18	2.4709e-17
1.5422e+14	1.2152e-17	5.6062e-17
1.5433e+14	1.5235e-17	5.6664e-17
1.5445e+14	-5.9096e-18	2.7401e-17
1.5456e+14	3.1311e-18	4.1189e-17
1.5468e+14	1.8113e-17	5.6611e-17
1.5479e+14	1.6512e-19	3.4915e-17
1.549e+14	-3.115e-18	3.9743e-17
1.5502e+14	1.7096e-17	6.3245e-17
1.5513e+14	7.8826e-18	4.4098e-17
1.5525e+14	-7.0526e-18	2.8279e-17
1.5536e+14	1.0228e-17	4.9283e-17
1.5548e+14	1.3498e-17	4.6146e-17
1.5559e+14	-5.3242e-18	3.047e-17
1.557e+14	4.4721e-18	5.2983e-17
1.5582e+14	1.7945e-17	5.8699e-17
1.5593e+14	-6.8327e-19	2.6889e-17
1.5605e+14	-3.3944e-18	3.5268e-17
1.5616e+14	1.6717e-17	6.5399e-17
1.5627e+14	7.2294e-18	4.6121e-17
1.5639e+14	-6.9201e-18	2.8562e-17
1.565e+14	1.1115e-17	4.9386e-17
1.5662e+14	1.4086e-17	4.2927e-17
1.5673e+14	-5.3509e-18	2.1893e-17
1.5684e+14	4.0143e-18	4.4579e-17
1.5696e+14	1.7264e-17	5.6511e-17
1.5707e+14	-8.3668e-19	2.9418e-17
1.5719e+14	-2.5663e-18	3.6628e-17
1.573e+14	1.7577e-17	6.2545e-17
1.5741e+14	7.2309e-18	4.172e-17
1.5753e+14	-7.0271e-18	2.8665e-17
1.5764e+14	1.1793e-17	5.6458e-17
1.5776e+14	1.4789e-17	5.1532e-17
1.5787e+14	-5.7674e-18	2.6054e-17
1.5798e+14	2.9568e-18	4.6381e-17
1.581e+14	1.6988e-17	6.0583e-17
1.5821e+14	3.884e-20	3.4649e-17
1.5833e+14	-1.5095e-18	4.0234e-17
1.5844e+14	1.7727e-17	6.3853e-17
1.5856e+14	6.2909e-18	3.8077e-17
1.5867e+14	-8.1058e-18	1.9675e-17
1.5878e+14	1.1664e-17	5.1578e-17
1.589e+14	1.5262e-17	5.8486e-17
1.5901e+14	-5.822e-18	3.7152e-17
1.5913e+14	2.7418e-18	5.1009e-17
1.5924e+14	1.7574e-17	5.9767e-17
1.5935e+14	1.8114e-19	3.122e-17
1.5947e+14	-3.2453e-18	3.2405e-17
1.5958e+14	1.628e-17	5.7104e-17
1.597e+14	7.6987e-18	4.1779e-17
1.5981e+14	-6.0647e-18	2.8146e-17
1.5992e+14	1.0896e-17	5.0666e-17
1.6004e+14	1.3186e-17	4.8417e-17
1.6015e+14	-5.7458e-18	2.8013e-17
1.6027e+14	4.3332e-18	4.4409e-17
1.6038e+14	1.797e-17	5.4047e-17
1.6049e+14	-3.9068e-19	3.2104e-17
1.6061e+14	-2.9984e-18	4.1692e-17
1.6072e+14	1.6831e-17	6.4296e-17
1.6084e+14	6.8379e-18	3.998e-17
1.6095e+14	-7.7642e-18	2.4923e-17
1.6106e+14	1.0607e-17	5.3515e-17
1.6118e+14	1.4472e-17	5.2779e-17
1.6129e+14	-5.2194e-18	2.8063e-17
1.6141e+14	3.1346e-18	4.3537e-17
1.6152e+14	1.6805e-17	5.6737e-17
1.6163e+14	-4.9615e-19	3.5402e-17
1.6175e+14	-3.2222e-18	4.1044e-17
1.6186e+14	1.6008e-17	6.0147e-17
1.6198e+14	6.5255e-18	3.5605e-17
1.6209e+14	-7.3234e-18	2.351e-17
1.6221e+14	1.0918e-17	5.5928e-17
1.6232e+14	1.445e-17	5.4887e-17
1.6243e+14	-5.237e-18	2.6468e-17
1.6255e+14	3.1886e-18	4.2625e-17
1.6266e+14	1.7076e-17	5.9111e-17
1.6278e+14	3.7857e-20	3.3837e-17
1.6289e+14	-2.6821e-18	3.5271e-17
1.63e+14	1.6798e-17	6.4562e-17
1.6312e+14	7.8212e-18	5.237e-17
1.6323e+14	-6.3322e-18	3.3078e-17
1.6335e+14	1.1177e-17	5.1288e-17
1.6346e+14	1.494e-17	5.3637e-17
1.6357e+14	-4.3369e-18	3.6479e-17
1.6369e+14	3.4918e-18	5.0926e-17
1.638e+14	1.7018e-17	5.9696e-17
1.6392e+14	3.4686e-19	3.1744e-17
1.6403e+14	-3.0059e-18	2.7736e-17
1.6414e+14	1.5335e-17	4.9159e-17
1.6426e+14	7.0577e-18	4.0802e-17
1.6437e+14	-5.7337e-18	3.3081e-17
1.6449e+14	1.1061e-17	5.3241e-17
1.646e+14	1.3352e-17	4.8935e-17
1.6471e+14	-5.4757e-18	2.8707e-17
1.6483e+14	3.7378e-18	4.4899e-17
1.6494e+14	1.7399e-17	5.776e-17
1.6506e+14	1.9319e-20	3.6533e-17
1.6517e+14	-3.4274e-18	3.6006e-17
1.6529e+14	1.5477e-17	5.276e-17
1.654e+14	7.3044e-18	3.8596e-17
1.6551e+14	-6.3708e-18	3.001e-17
1.6563e+14	9.8263e-18	5.079e-17
1.6574e+14	1.3088e-17	4.7754e-17
1.6586e+14	-4.5896e-18	3.1791e-17
1.6597e+14	4.0976e-18	5.0435e-17
1.6608e+14	1.6838e-17	6.0082e-17
1.662e+14	-7.7504e-20	3.6038e-17
1.6631e+14	-2.9275e-18	3.6443e-17
1.6643e+14	1.5503e-17	5.2933e-17
1.6654e+14	7.301e-18	3.7908e-17
1.6665e+14	-5.157e-18	3.396e-17
1.6677e+14	1.1737e-17	6.0918e-17
1.6688e+14	1.4031e-17	5.5464e-17
1.67e+14	-5.1807e-18	3.081e-17
1.6711e+14	2.9963e-18	4.6967e-17
1.6722e+14	1.6626e-17	6.2588e-17
1.6734e+14	6.1942e-19	4.1573e-17
1.6745e+14	-2.7487e-18	3.6615e-17
1.6757e+14	1.4825e-17	4.9225e-17
1.6768e+14	7.218e-18	3.8603e-17
1.6779e+14	-4.4077e-18	3.7824e-17
1.6791e+14	1.189e-17	5.9851e-17
1.6802e+14	1.3874e-17	5.2006e-17
1.6814e+14	-4.0889e-18	3.3573e-17
1.6825e+14	4.3099e-18	5.1356e-17
1.6837e+14	1.5998e-17	5.8666e-17
1.6848e+14	-8.5993e-19	3.5749e-17
1.6859e+14	-2.6463e-18	4.0893e-17
1.6871e+14	1.5783e-17	5.7607e-17
1.6882e+14	7.0106e-18	3.909e-17
1.6894e+14	-5.1791e-18	3.5265e-17
1.6905e+14	1.1841e-17	6.2751e-17
1.6916e+14	1.3519e-17	5.2825e-17
1.6928e+14	-5.5336e-18	2.5129e-17
1.6939e+14	3.7914e-18	4.4635e-17
1.6951e+14	1.7705e-17	6.3438e-17
1.6962e+14	7.1164e-19	4.2765e-17
1.6973e+14	-3.1808e-18	4.1498e-17
1.6985e+14	1.4977e-17	5.9776e-17
1.6996e+14	7.389e-18	4.6788e-17
1.7008e+14	-5.6444e-18	3.5256e-17
1.7019e+14	9.884e-18	5.0683e-17
1.703e+14	1.3268e-17	4.8007e-17
1.7042e+14	-3.246e-18	3.8262e-17
1.7053e+14	4.7215e-18	5.5839e-17
1.7065e+14	1.5821e-17	5.5394e-17
1.7076e+14	-3.9816e-19	2.9594e-17
1.7087e+14	-1.8116e-18	4.0646e-17
1.7099e+14	1.6221e-17	6.3336e-17
1.711e+14	7.3247e-18	4.4786e-17
1.7122e+14	-5.3345e-18	3.7322e-17
1.7133e+14	1.0844e-17	6.2189e-17
1.7144e+14	1.371e-17	5.5411e-17
1.7156e+14	-2.8311e-18	3.5979e-17
1.7167e+14	6.1327e-18	5.746e-17
1.7179e+14	1.7543e-17	6.7453e-17
1.719e+14	7.7389e-19	4.2449e-17
1.7202e+14	-9.5989e-19	4.819e-17
1.7213e+14	1.6761e-17	6.7675e-17
1.7224e+14	7.5126e-18	4.6218e-17
1.7236e+14	-4.4609e-18	3.7172e-17
1.7247e+14	1.2675e-17	6.4868e-17
1.7259e+14	1.4507e-17	5.8945e-17
1.727e+14	-4.2987e-18	3.4661e-17
1.7281e+14	4.2533e-18	5.3614e-17
1.7293e+14	1.7169e-17	6.6651e-17
1.7304e+14	1.3745e-18	4.4742e-17
1.7316e+14	-9.1398e-20	5.3114e-17
1.7327e+14	1.8349e-17	7.498e-17
1.7338e+14	9.1546e-18	5.0422e-17
1.735e+14	-4.4582e-18	3.5818e-17
1.7361e+14	1.1447e-17	6.432e-17
1.7373e+14	1.412e-17	6.109e-17
1.7384e+14	-3.4655e-18	3.4451e-17
1.7395e+14	5.1652e-18	5.3134e-17
1.7407e+14	1.7771e-17	6.9156e-17
1.7418e+14	1.5403e-18	4.1856e-17
1.743e+14	-1.0444e-18	4.1895e-17
1.7441e+14	1.6593e-17	6.954e-17
1.7452e+14	8.1707e-18	5.6702e-17
1.7464e+14	-4.0261e-18	4.2389e-17
1.7475e+14	1.2392e-17	6.8998e-17
1.7487e+14	1.4711e-17	7.2892e-17
1.7498e+14	-3.1255e-18	4.975e-17
1.751e+14	5.956e-18	6.3795e-17
1.7521e+14	1.9301e-17	8.1528e-17
1.7532e+14	3.0874e-18	6.0166e-17
1.7544e+14	2.1755e-20	5.6615e-17
1.7555e+14	1.7831e-17	7.8321e-17
1.7567e+14	9.5124e-18	6.57e-17
1.7578e+14	-3.8794e-18	4.581e-17
1.7589e+14	1.1996e-17	6.1768e-17
1.7601e+14	1.6177e-17	6.9572e-17
1.7612e+14	-5.3604e-19	5.8262e-17
1.7624e+14	6.2984e-18	6.7102e-17
1.7635e+14	1.7459e-17	7.114e-17
1.7646e+14	2.1987e-18	5.1591e-17
1.7658e+14	4.7423e-19	5.5408e-17
1.7669e+14	1.7724e-17	7.2877e-17
1.7681e+14	9.1496e-18	6.0209e-17
1.7692e+14	-3.2047e-18	5.6307e-17
1.7703e+14	1.2797e-17	8.0257e-17
1.7715e+14	1.5876e-17	7.3783e-17
1.7726e+14	-1.0795e-18	5.1085e-17
1.7738e+14	6.8516e-18	6.9475e-17
1.7749e+14	1.9169e-17	8.4893e-17
1.776e+14	4.0937e-18	6.0981e-17
1.7772e+14	1.1591e-18	5.5935e-17
1.7783e+14	1.6828e-17	7.2945e-17
1.7795e+14	8.6251e-18	6.3469e-17
1.7806e+14	-1.302e-18	6.1512e-17
1.7817e+14	1.6116e-17	8.8923e-17
1.7829e+14	1.8132e-17	8.4969e-17
1.784e+14	-7.1623e-20	5.9023e-17
1.7852e+14	7.9247e-18	7.2452e-17
1.7863e+14	1.9884e-17	8.5352e-17
1.7875e+14	3.3585e-18	5.9656e-17
1.7886e+14	4.6708e-19	5.8036e-17
1.7897e+14	1.8429e-17	8.6921e-17
1.7909e+14	1.1043e-17	8.1119e-17
1.792e+14	-1.5066e-18	6.3083e-17
1.7932e+14	1.3615e-17	7.8398e-17
1.7943e+14	1.6537e-17	8.6417e-17
1.7954e+14	-3.4969e-19	7.2752e-17
1.7966e+14	7.1947e-18	7.8048e-17
1.7977e+14	1.9412e-17	8.5955e-17
1.7989e+14	4.6898e-18	7.2958e-17
1.8e+14	1.988e-18	7.3558e-17
1.8011e+14	1.8342e-17	8.5102e-17
1.8023e+14	1.1193e-17	7.6291e-17
1.8034e+14	7.0982e-19	7.6575e-17
1.8046e+14	1.6109e-17	9.5412e-17
1.8057e+14	1.7467e-17	8.5286e-17
1.8068e+14	1.0174e-19	6.4635e-17
1.808e+14	8.187e-18	7.9493e-17
1.8091e+14	1.9947e-17	8.8026e-17
1.8103e+14	4.2094e-18	6.6782e-17
1.8114e+14	1.2794e-18	6.9114e-17
1.8125e+14	1.7494e-17	8.4627e-17
1.8137e+14	9.6459e-18	6.6776e-17
1.8148e+14	-7.9603e-19	6.0414e-17
1.816e+14	1.5872e-17	9.134e-17
1.8171e+14	1.7956e-17	9.4965e-17
1.8183e+14	4.6436e-20	7.4245e-17
1.8194e+14	7.8846e-18	8.8723e-17
1.8205e+14	1.9949e-17	1.0043e-16
1.8217e+14	3.6088e-18	6.7934e-17
1.8228e+14	4.2613e-19	5.5717e-17
1.824e+14	1.9424e-17	8.8962e-17
1.8251e+14	1.4917e-17	1.0642e-16
1.8262e+14	3.1499e-18	9.8173e-17
1.8274e+14	1.5234e-17	9.1843e-17
1.8285e+14	1.5727e-17	7.7878e-17
1.8297e+14	-5.8774e-20	6.8228e-17
1.8308e+14	9.3363e-18	8.663e-17
1.8319e+14	2.1724e-17	9.8394e-17
1.8331e+14	6.6405e-18	8.6517e-17
1.8342e+14	4.3462e-18	9.0031e-17
1.8354e+14	2.1316e-17	1.0112e-16
1.8365e+14	1.3606e-17	8.8478e-17
1.8376e+14	1.356e-18	8.4628e-17
1.8388e+14	1.6301e-17	1.0455e-16
1.8399e+14	1.9852e-17	1.0818e-16
1.8411e+14	4.2426e-18	1.0254e-16
1.8422e+14	1.1321e-17	1.1082e-16
1.8433e+14	2.1722e-17	9.9026e-17
1.8445e+14	6.0065e-18	7.2249e-17
1.8456e+14	3.3202e-18	8.4532e-17
1.8468e+14	2.0544e-17	1.0976e-16
1.8479e+14	1.4759e-17	1.0149e-16
1.849e+14	3.9876e-18	9.93e-17
1.8502e+14	1.7589e-17	1.15e-16
1.8513e+14	1.8984e-17	9.9297e-17
1.8525e+14	3.1819e-18	7.8853e-17
1.8536e+14	1.1156e-17	1.0058e-16
1.8548e+14	2.2341e-17	1.1494e-16
1.8559e+14	7.8673e-18	9.6822e-17
1.857e+14	5.7221e-18	9.7569e-17
1.8582e+14	2.1126e-17	1.0812e-16
1.8593e+14	1.3612e-17	9.5551e-17
1.8605e+14	3.7014e-18	9.8857e-17
1.8616e+14	1.7688e-17	1.1346e-16
1.8627e+14	1.6666e-17	8.3902e-17
1.8639e+14	-6.235e-20	6.0102e-17
1.865e+14	1.0803e-17	9.7686e-17
1.8662e+14	2.3368e-17	1.1464e-16
1.8673e+14	6.5983e-18	7.894e-17
1.8684e+14	4.4703e-18	8.5859e-17
1.8696e+14	2.3223e-17	1.2765e-16
1.8707e+14	1.4843e-17	1.1135e-16
1.8719e+14	-2.4691e-19	7.6247e-17
1.873e+14	1.4043e-17	9.2435e-17
1.8741e+14	1.9609e-17	1.099e-16
1.8753e+14	5.1706e-18	1e-16
1.8764e+14	1.1842e-17	1.0465e-16
1.8776e+14	2.2337e-17	1.0895e-16
1.8787e+14	7.1821e-18	9.2686e-17
1.8798e+14	4.2473e-18	9.7235e-17
1.881e+14	2.0845e-17	1.1206e-16
1.8821e+14	1.4593e-17	9.3994e-17
1.8833e+14	3.382e-18	8.5096e-17
1.8844e+14	1.7376e-17	1.1148e-16
1.8856e+14	2.008e-17	1.1473e-16
1.8867e+14	4.8238e-18	9.8415e-17
1.8878e+14	1.2384e-17	1.1423e-16
1.889e+14	2.328e-17	1.2311e-16
1.8901e+14	8.1297e-18	9.4676e-17
1.8913e+14	5.4391e-18	9.2709e-17
1.8924e+14	2.257e-17	1.217e-16
1.8935e+14	1.6905e-17	1.1738e-16
1.8947e+14	5.3299e-18	9.8771e-17
1.8958e+14	1.783e-17	1.0651e-16
1.897e+14	1.9893e-17	1.0828e-16
1.8981e+14	5.7259e-18	1.0187e-16
1.8992e+14	1.4178e-17	1.1851e-16
1.9004e+14	2.4943e-17	1.2205e-16
1.9015e+14	1.0065e-17	9.569e-17
1.9027e+14	7.6591e-18	9.8661e-17
1.9038e+14	2.3069e-17	1.2523e-16
1.9049e+14	1.4804e-17	1.169e-16
1.9061e+14	3.1644e-18	1.0215e-16
1.9072e+14	1.8007e-17	1.169e-16
1.9084e+14	2.1101e-17	1.1937e-16
1.9095e+14	5.3647e-18	1.0878e-16
1.9106e+14	1.2329e-17	1.2345e-16
1.9118e+14	2.3329e-17	1.267e-16
1.9129e+14	8.8179e-18	9.6118e-17
1.9141e+14	5.9948e-18	9.2715e-17
1.9152e+14	2.1702e-17	1.1828e-16
1.9163e+14	1.4891e-17	1.143e-16
1.9175e+14	4.1538e-18	1.0198e-16
1.9186e+14	1.8625e-17	1.1462e-16
1.9198e+14	2.1125e-17	1.1382e-16
1.9209e+14	5.432e-18	1.0251e-16
1.9221e+14	1.3335e-17	1.2281e-16
1.9232e+14	2.5573e-17	1.3762e-16
1.9243e+14	1.0875e-17	1.137e-16
1.9255e+14	6.3852e-18	1.032e-16
1.9266e+14	2.1665e-17	1.1741e-16
1.9278e+14	1.6336e-17	1.1412e-16
1.9289e+14	6.1443e-18	1.1444e-16
1.93e+14	1.9693e-17	1.3722e-16
1.9312e+14	2.2344e-17	1.3512e-16
1.9323e+14	7.4686e-18	1.1557e-16
1.9335e+14	1.4202e-17	1.2877e-16
1.9346e+14	2.4215e-17	1.379e-16
1.9357e+14	8.9928e-18	1.0671e-16
1.9369e+14	5.3178e-18	9.2336e-17
1.938e+14	2.0863e-17	1.0918e-16
1.9392e+14	1.4761e-17	1.0208e-16
1.9403e+14	3.3514e-18	8.6672e-17
1.9414e+14	1.6769e-17	1.0513e-16
1.9426e+14	2.1098e-17	1.2196e-16
1.9437e+14	7.0243e-18	1.1392e-16
1.9449e+14	1.2007e-17	1.1319e-16
1.946e+14	2.1731e-17	1.1626e-16
1.9471e+14	9.881e-18	1.0613e-16
1.9483e+14	7.79e-18	1.0577e-16
1.9494e+14	2.0541e-17	1.133e-16
1.9506e+14	1.3631e-17	1.0653e-16
1.9517e+14	5.6935e-18	1.0666e-16
1.9529e+14	1.9492e-17	1.1623e-16
1.954e+14	1.8996e-17	1.0006e-16
1.9551e+14	3.0532e-18	8.4317e-17
1.9563e+14	1.1852e-17	1.0833e-16
1.9574e+14	2.3543e-17	1.229e-16
1.9586e+14	8.9324e-18	9.833e-17
1.9597e+14	5.5086e-18	9.095e-17
1.9608e+14	2.0427e-17	1.0753e-16
1.962e+14	1.3799e-17	1.0065e-16
1.9631e+14	3.1218e-18	9.1056e-17
1.9643e+14	1.6778e-17	1.0835e-16
1.9654e+14	1.9883e-17	1.1494e-16
1.9665e+14	5.2382e-18	1.0161e-16
1.9677e+14	1.0738e-17	1.0065e-16
1.9688e+14	2.0167e-17	1.0021e-16
1.97e+14	8.1088e-18	9.1931e-17
1.9711e+14	8.1606e-18	1.0552e-16
1.9722e+14	2.3277e-17	1.2242e-16
1.9734e+14	1.5244e-17	1.0909e-16
1.9745e+14	4.2411e-18	1.0164e-16
1.9757e+14	1.7288e-17	1.1536e-16
1.9768e+14	1.8192e-17	1.0565e-16
1.9779e+14	2.7516e-18	8.8011e-17
1.9791e+14	1.1142e-17	1.0609e-16
1.9802e+14	2.3224e-17	1.1912e-16
1.9814e+14	9.152e-18	9.926e-17
1.9825e+14	5.6996e-18	9.9709e-17
1.9837e+14	2.145e-17	1.2171e-16
1.9848e+14	1.6218e-17	1.1203e-16
1.9859e+14	4.898e-18	9.1252e-17
1.9871e+14	1.633e-17	9.7619e-17
1.9882e+14	1.8721e-17	1.0324e-16
1.9894e+14	5.0095e-18	9.8698e-17
1.9905e+14	1.1264e-17	1.0705e-16
1.9916e+14	2.1085e-17	1.0864e-16
1.9928e+14	8.5386e-18	9.423e-17
1.9939e+14	6.3074e-18	9.8094e-17
1.9951e+14	1.9691e-17	1.0905e-16
1.9962e+14	1.2811e-17	9.6641e-17
1.9973e+14	3.3569e-18	9.154e-17
1.9985e+14	1.6412e-17	1.0583e-16
1.9996e+14	1.8182e-17	1.0058e-16
2.0008e+14	4.1695e-18	9.0085e-17
2.0019e+14	1.0816e-17	1.0561e-16
2.003e+14	1.9862e-17	1.0804e-16
2.0042e+14	6.6599e-18	8.6724e-17
2.0053e+14	5.7028e-18	9.2008e-17
2.0065e+14	1.9913e-17	1.0472e-16
2.0076e+14	1.1298e-17	7.9708e-17
2.0087e+14	4.5166e-19	6.6673e-17
2.0099e+14	1.5157e-17	9.5797e-17
2.011e+14	1.8848e-17	1.0163e-16
2.0122e+14	3.849e-18	7.4787e-17
2.0133e+14	8.8959e-18	7.4983e-17
2.0144e+14	1.9149e-17	9.1576e-17
2.0156e+14	8.1778e-18	9.008e-17
2.0167e+14	6.9769e-18	9.3841e-17
2.0179e+14	1.957e-17	1.0087e-16
2.019e+14	1.085e-17	8.2961e-17
2.0202e+14	4.4241e-19	7.1706e-17
2.0213e+14	1.4127e-17	8.9167e-17
2.0224e+14	1.6951e-17	9.3926e-17
2.0236e+14	2.9447e-18	8.2026e-17
2.0247e+14	8.7707e-18	8.4792e-17
2.0259e+14	1.7993e-17	8.5329e-17
2.027e+14	6.2937e-18	7.8617e-17
2.0281e+14	5.9381e-18	9.5846e-17
2.0293e+14	1.9085e-17	1.0833e-16
2.0304e+14	1.0338e-17	8.1992e-17
2.0316e+14	1.3843e-18	7.2413e-17
2.0327e+14	1.6876e-17	1.0048e-16
2.0338e+14	1.8223e-17	9.635e-17
2.035e+14	6.9133e-19	6.1641e-17
2.0361e+14	6.1085e-18	6.5098e-17
2.0373e+14	1.7905e-17	8.7517e-17
2.0384e+14	6.5534e-18	8.1934e-17
2.0395e+14	4.0316e-18	7.7355e-17
2.0407e+14	1.7319e-17	8.687e-17
2.0418e+14	1.0792e-17	7.9706e-17
2.043e+14	1.11e-18	7.0054e-17
2.0441e+14	1.3597e-17	7.6376e-17
2.0452e+14	1.5231e-17	7.1789e-17
2.0464e+14	9.0289e-19	6.1817e-17
2.0475e+14	6.9381e-18	7.1948e-17
2.0487e+14	1.6364e-17	7.3744e-17
2.0498e+14	3.8433e-18	5.5979e-17
2.051e+14	1.9838e-18	5.8447e-17
2.0521e+14	1.5609e-17	7.1811e-17
2.0532e+14	9.3119e-18	6.359e-17
2.0544e+14	3.375e-19	6.3147e-17
2.0555e+14	1.2603e-17	7.8639e-17
2.0567e+14	1.3406e-17	6.6817e-17
2.0578e+14	-2.5584e-20	4.8377e-17
2.0589e+14	7.7035e-18	6.5574e-17
2.0601e+14	1.6601e-17	7.5282e-17
2.0612e+14	2.6085e-18	5.4918e-17
2.0624e+14	1.557e-18	5.8608e-17
2.0635e+14	1.638e-17	7.7125e-17
2.0646e+14	8.3389e-18	5.7472e-17
2.0658e+14	-2.478e-18	3.8286e-17
2.0669e+14	1.1687e-17	5.9554e-17
2.0681e+14	1.4653e-17	6.9311e-17
2.0692e+14	-6.3491e-19	5.1781e-17
2.0703e+14	4.9787e-18	5.3549e-17
2.0715e+14	1.5814e-17	6.239e-17
2.0726e+14	3.9367e-18	5.0431e-17
2.0738e+14	1.2841e-18	4.959e-17
2.0749e+14	1.4645e-17	6.3012e-17
2.076e+14	8.2176e-18	5.5662e-17
2.0772e+14	-1.9251e-18	4.6868e-17
2.0783e+14	1.0097e-17	5.6878e-17
2.0795e+14	1.2426e-17	5.2499e-17
2.0806e+14	-6.259e-19	3.9588e-17
2.0817e+14	6.0211e-18	5.4132e-17
2.0829e+14	1.5519e-17	6.6156e-17
2.084e+14	2.9523e-18	4.9342e-17
2.0852e+14	9.6337e-19	4.4768e-17
2.0863e+14	1.456e-17	5.8245e-17
2.0875e+14	7.8781e-18	5.2725e-17
2.0886e+14	-2.2087e-18	4.4384e-17
2.0897e+14	9.6045e-18	5.259e-17
2.0909e+14	1.1068e-17	4.6804e-17
2.092e+14	-2.6473e-18	3.2902e-17
2.0932e+14	4.0525e-18	4.3727e-17
2.0943e+14	1.3927e-17	5.198e-17
2.0954e+14	1.7539e-18	3.732e-17
2.0966e+14	9.3075e-20	3.7698e-17
2.0977e+14	1.3613e-17	5.0577e-17
2.0989e+14	6.2881e-18	4.0248e-17
2.1e+14	-4.1998e-18	3.2102e-17
2.1011e+14	8.4377e-18	4.7707e-17
2.1023e+14	1.1233e-17	4.8485e-17
2.1034e+14	-2.3564e-18	3.3559e-17
2.1046e+14	3.5035e-18	3.8945e-17
2.1057e+14	1.3187e-17	4.448e-17
2.1068e+14	1.0872e-18	2.9869e-17
2.108e+14	-1.4757e-18	2.8445e-17
2.1091e+14	1.1472e-17	3.9339e-17
2.1103e+14	5.3638e-18	3.1558e-17
2.1114e+14	-3.9229e-18	2.6796e-17
2.1125e+14	8.2125e-18	4.0225e-17
2.1137e+14	1.032e-17	3.6983e-17
2.1148e+14	-3.01e-18	2.3761e-17
2.116e+14	2.8946e-18	3.5525e-17
2.1171e+14	1.2233e-17	4.6395e-17
2.1183e+14	3.783e-19	3.3905e-17
2.1194e+14	-1.9229e-18	3.1555e-17
2.1205e+14	1.0657e-17	3.9744e-17
2.1217e+14	4.6609e-18	3.0103e-17
2.1228e+14	-3.8372e-18	2.4618e-17
2.124e+14	8.285e-18	3.6962e-17
2.1251e+14	9.6237e-18	3.3378e-17
2.1262e+14	-3.8943e-18	2.0367e-17
2.1274e+14	2.0981e-18	2.8863e-17
2.1285e+14	1.1003e-17	3.4489e-17
2.1297e+14	-9.4878e-19	2.2104e-17
2.1308e+14	-2.4115e-18	2.425e-17
2.1319e+14	1.0868e-17	3.3923e-17
2.1331e+14	4.7586e-18	2.422e-17
2.1342e+14	-4.1457e-18	2.195e-17
2.1354e+14	7.5556e-18	3.5685e-17
2.1365e+14	8.6179e-18	2.7887e-17
2.1376e+14	-4.4182e-18	1.3128e-17
2.1388e+14	2.5815e-18	2.5994e-17
2.1399e+14	1.1713e-17	3.3753e-17
2.1411e+14	-9.9088e-19	1.909e-17
2.1422e+14	-2.9037e-18	2.1821e-17
2.1433e+14	1.0547e-17	3.4175e-17
2.1445e+14	4.1174e-18	2.2439e-17
2.1456e+14	-5.6354e-18	1.6188e-17
2.1468e+14	6.1495e-18	3.057e-17
2.1479e+14	8.3861e-18	2.5966e-17
2.149e+14	-4.1147e-18	1.2677e-17
2.1502e+14	2.2083e-18	2.5613e-17
2.1513e+14	1.0942e-17	3.1825e-17
2.1525e+14	-1.2236e-18	1.3894e-17
2.1536e+14	-2.8251e-18	1.5303e-17
2.1548e+14	1.0213e-17	2.8802e-17
2.1559e+14	3.5614e-18	1.6307e-17
2.157e+14	-5.8928e-18	8.3129e-18
2.1582e+14	6.0423e-18	2.4614e-17
2.1593e+14	8.0481e-18	2.3e-17
2.1605e+14	-4.6879e-18	9.2807e-18
2.1616e+14	1.58e-18	2.1534e-17
2.1627e+14	1.0441e-17	2.9419e-17
2.1639e+14	-1.397e-18	1.1921e-17
2.165e+14	-2.6468e-18	1.2907e-17
2.1662e+14	1.0499e-17	2.9541e-17
2.1673e+14	3.7236e-18	2.0583e-17
2.1684e+14	-5.8512e-18	1.0969e-17
2.1696e+14	6.0033e-18	2.4209e-17
2.1707e+14	7.7247e-18	2.2531e-17
2.1719e+14	-5.4332e-18	7.6788e-18
2.173e+14	8.8687e-19	1.6104e-17
2.1741e+14	1.0355e-17	2.3545e-17
2.1753e+14	-1.2623e-18	9.8504e-18
2.1764e+14	-3.0087e-18	1.2285e-17
2.1776e+14	9.9021e-18	2.6975e-17
2.1787e+14	3.493e-18	1.784e-17
2.1798e+14	-5.9686e-18	1.0342e-17
2.181e+14	5.7102e-18	2.428e-17
2.1821e+14	7.7148e-18	2.1635e-17
2.1833e+14	-5.0971e-18	6.7073e-18
2.1844e+14	8.37e-19	1.6332e-17
2.1856e+14	9.6877e-18	2.4106e-17
2.1867e+14	-2.1225e-18	8.3794e-18
2.1878e+14	-3.8889e-18	8.1474e-18
2.189e+14	9.181e-18	2.2572e-17
2.1901e+14	3.355e-18	1.4784e-17
2.1913e+14	-5.7276e-18	6.874e-18
2.1924e+14	5.6491e-18	1.9649e-17
2.1935e+14	7.3596e-18	1.9023e-17
2.1947e+14	-5.2962e-18	7.9658e-18
2.1958e+14	8.2471e-19	1.8535e-17
2.197e+14	9.7991e-18	2.465e-17
2.1981e+14	-1.8377e-18	8.3798e-18
2.1992e+14	-3.7372e-18	8.4181e-18
2.2004e+14	8.9302e-18	2.1467e-17
2.2015e+14	3.0311e-18	1.1863e-17
2.2027e+14	-5.8248e-18	4.2013e-18
2.2038e+14	5.653e-18	1.8026e-17
2.2049e+14	7.4327e-18	1.6497e-17
2.2061e+14	-5.1536e-18	3.3453e-18
2.2072e+14	7.5326e-19	1.3488e-17
2.2084e+14	9.4551e-18	2.1004e-17
2.2095e+14	-2.149e-18	5.9599e-18
2.2106e+14	-3.9838e-18	6.8135e-18
2.2118e+14	8.565e-18	2.0985e-17
2.2129e+14	2.5661e-18	1.186e-17
2.2141e+14	-6.3846e-18	3.9972e-18
2.2152e+14	5.0721e-18	1.9129e-17
2.2163e+14	7.2352e-18	1.9554e-17
2.2175e+14	-4.9694e-18	5.1486e-18
2.2186e+14	7.0463e-19	1.23e-17
2.2198e+14	9.2402e-18	2.063e-17
2.2209e+14	-1.8165e-18	8.8745e-18
2.2221e+14	-3.4006e-18	9.3323e-18
2.2232e+14	8.5193e-18	2.0581e-17
2.2243e+14	2.2517e-18	1.1656e-17
2.2255e+14	-6.181e-18	5.3223e-18
2.2266e+14	5.2725e-18	1.7942e-17
2.2278e+14	6.7548e-18	1.4362e-17
2.2289e+14	-5.4623e-18	7.5135e-19
2.23e+14	8.7035e-19	1.2188e-17
2.2312e+14	9.5122e-18	2.1829e-17
2.2323e+14	-1.9196e-18	7.3872e-18
2.2335e+14	-3.4218e-18	6.1878e-18
2.2346e+14	8.8452e-18	1.9004e-17
2.2357e+14	2.4915e-18	1.1015e-17
2.2369e+14	-6.2317e-18	2.6285e-18
2.238e+14	5.1461e-18	1.437e-17
2.2392e+14	6.5016e-18	1.432e-17
2.2403e+14	-5.9766e-18	4.186e-18
2.2414e+14	4.0756e-19	1.437e-17
2.2426e+14	9.2933e-18	2.1104e-17
2.2437e+14	-2.2747e-18	6.2634e-18
2.2449e+14	-3.9634e-18	5.2297e-18
2.246e+14	8.7197e-18	1.6795e-17
2.2471e+14	2.8076e-18	9.2415e-18
2.2483e+14	-6.1624e-18	4.4997e-18
2.2494e+14	5.0335e-18	1.878e-17
2.2506e+14	6.8616e-18	1.6724e-17
2.2517e+14	-5.4815e-18	2.5999e-18
2.2529e+14	2.7979e-19	1.1015e-17
2.254e+14	8.9686e-18	1.8625e-17
2.2551e+14	-2.0773e-18	5.1091e-18
2.2563e+14	-3.6511e-18	5.1142e-18
2.2574e+14	8.6488e-18	1.8e-17
2.2586e+14	2.7364e-18	1.0684e-17
2.2597e+14	-6.0044e-18	3.4174e-18
2.2608e+14	5.1156e-18	1.5069e-17
2.262e+14	6.9111e-18	1.4213e-17
2.2631e+14	-5.2844e-18	3.3294e-18
2.2643e+14	3.0282e-19	1.2659e-17
2.2654e+14	8.6455e-18	1.9663e-17
2.2665e+14	-2.3884e-18	7.0193e-18
2.2677e+14	-3.8501e-18	8.0667e-18
2.2688e+14	8.309e-18	1.9987e-17
2.27e+14	2.3438e-18	1.122e-17
2.2711e+14	-6.171e-18	3.589e-18
2.2722e+14	5.0937e-18	1.5086e-17
2.2734e+14	6.7801e-18	1.3729e-17
2.2745e+14	-5.506e-18	2.0412e-18
2.2757e+14	3.0888e-19	1.014e-17
2.2768e+14	9.0481e-18	1.6869e-17
2.2779e+14	-2.0364e-18	5.6089e-18
2.2791e+14	-4.0556e-18	6.7226e-18
2.2802e+14	7.9625e-18	1.661e-17
2.2814e+14	2.5063e-18	8.678e-18
2.2825e+14	-5.9075e-18	5.5813e-18
2.2837e+14	4.9028e-18	1.8441e-17
2.2848e+14	6.7149e-18	1.3928e-17
2.2859e+14	-4.9833e-18	1.5856e-18
2.2871e+14	6.8472e-19	1.1848e-17
2.2882e+14	8.8766e-18	1.6747e-17
2.2894e+14	-2.0637e-18	1.8972e-18
2.2905e+14	-3.7121e-18	5.6696e-18
2.2916e+14	8.1127e-18	2.0639e-17
2.2928e+14	2.4166e-18	1.0763e-17
2.2939e+14	-5.9318e-18	2.101e-18
2.2951e+14	4.7218e-18	1.4834e-17
2.2962e+14	6.2704e-18	1.3349e-17
2.2973e+14	-5.2247e-18	9.77e-19
2.2985e+14	7.3534e-19	1.1193e-17
2.2996e+14	8.7783e-18	1.9777e-17
2.3008e+14	-2.2916e-18	7.2012e-18
2.3019e+14	-3.6837e-18	7.4981e-18
2.303e+14	8.2625e-18	1.7812e-17
2.3042e+14	2.2895e-18	7.2852e-18
2.3053e+14	-6.2122e-18	5.6877e-19
2.3065e+14	4.6504e-18	1.4217e-17
2.3076e+14	6.2913e-18	1.2083e-17
2.3087e+14	-5.4725e-18	-6.5525e-19
2.3099e+14	3.291e-19	1.0183e-17
2.311e+14	8.6366e-18	1.8724e-17
2.3122e+14	-2.1746e-18	5.1498e-18
2.3133e+14	-3.649e-18	6.4222e-18
2.3144e+14	8.2237e-18	1.9675e-17
2.3156e+14	2.4101e-18	9.178e-18
2.3167e+14	-5.9772e-18	-4.6507e-19
2.3179e+14	4.9358e-18	1.3586e-17
2.319e+14	6.7236e-18	1.4845e-17
2.3202e+14	-5.1151e-18	1.281e-18
2.3213e+14	2.6443e-19	7.9829e-18
2.3224e+14	8.3792e-18	1.6245e-17
2.3236e+14	-2.2737e-18	4.6648e-18
2.3247e+14	-3.8124e-18	4.7659e-18
2.3259e+14	7.8592e-18	1.7426e-17
2.327e+14	2.2274e-18	1.0912e-17
2.3281e+14	-5.9595e-18	3.6754e-18
2.3293e+14	4.6826e-18	1.4596e-17
2.3304e+14	6.2707e-18	1.3322e-17
2.3316e+14	-5.2298e-18	9.339e-19
2.3327e+14	4.854e-19	8.1122e-18
2.3338e+14	8.4817e-18	1.5641e-17
2.335e+14	-2.4495e-18	5.1954e-18
2.3361e+14	-4.1042e-18	5.9322e-18
2.3373e+14	7.632e-18	1.6035e-17
2.3384e+14	2.1873e-18	7.8061e-18
2.3395e+14	-5.7634e-18	2.2647e-18
2.3407e+14	5.1258e-18	1.4202e-17
2.3418e+14	6.8609e-18	1.165e-17
2.343e+14	-4.8524e-18	-4.3556e-19
2.3441e+14	4.3267e-19	9.1176e-18
2.3452e+14	8.3654e-18	1.7137e-17
2.3464e+14	-2.2914e-18	5.0619e-18
2.3475e+14	-3.9379e-18	5.5409e-18
2.3487e+14	7.6271e-18	1.692e-17
2.3498e+14	2.3099e-18	8.7944e-18
2.351e+14	-5.5177e-18	2.4734e-18
2.3521e+14	5.083e-18	1.5157e-17
2.3532e+14	6.5116e-18	1.4015e-17
2.3544e+14	-5.2063e-18	1.0028e-18
2.3555e+14	1.4464e-19	7.8083e-18
2.3567e+14	8.1695e-18	1.4503e-17
2.3578e+14	-2.3336e-18	2.9619e-18
2.3589e+14	-4.0232e-18	4.009e-18
2.3601e+14	7.3852e-18	1.6172e-17
2.3612e+14	2.1134e-18	9.4429e-18
2.3624e+14	-5.7794e-18	3.0362e-18
2.3635e+14	4.4267e-18	1.4025e-17
2.3646e+14	5.8315e-18	1.326e-17
2.3658e+14	-5.2647e-18	2.8503e-18
2.3669e+14	4.9118e-19	9.6431e-18
2.3681e+14	8.3643e-18	1.3573e-17
2.3692e+14	-2.1565e-18	2.3279e-18
2.3703e+14	-3.5875e-18	7.0177e-18
2.3715e+14	7.7793e-18	1.9583e-17
2.3726e+14	2.1871e-18	8.9053e-18
2.3738e+14	-5.8054e-18	3.8142e-19
2.3749e+14	4.5058e-18	1.2826e-17
2.376e+14	5.9044e-18	1.2577e-17
2.3772e+14	-5.29e-18	9.9236e-19
2.3783e+14	4.2807e-19	8.5155e-18
2.3795e+14	8.2911e-18	1.4468e-17
2.3806e+14	-2.2365e-18	2.8375e-18
2.3817e+14	-3.5574e-18	5.7185e-18
2.3829e+14	8.0116e-18	1.8557e-17
2.384e+14	2.469e-18	9.4999e-18
2.3852e+14	-5.6559e-18	1.4554e-18
2.3863e+14	4.6078e-18	1.3744e-17
2.3875e+14	5.9861e-18	1.3548e-17
2.3886e+14	-5.5278e-18	1.6085e-18
2.3897e+14	-1.2961e-19	9.2732e-18
2.3909e+14	8.0143e-18	1.6596e-17
2.392e+14	-1.9706e-18	4.7254e-18
2.3932e+14	-3.2889e-18	4.7695e-18
2.3943e+14	7.8918e-18	1.7182e-17
2.3954e+14	2.2437e-18	1.2325e-17
2.3966e+14	-5.6628e-18	7.0476e-18
2.3977e+14	4.8172e-18	1.6755e-17
2.3989e+14	6.265e-18	1.3554e-17
2.4e+14	-5.3532e-18	2.1942e-18
2.4011e+14	-2.9524e-20	1.0697e-17
2.4023e+14	8.2458e-18	1.6412e-17
2.4034e+14	-1.8276e-18	3.1398e-18
2.4046e+14	-3.6755e-18	3.5886e-18
2.4057e+14	7.3078e-18	1.5694e-17
2.4068e+14	2.1057e-18	8.5005e-18
2.408e+14	-5.6303e-18	1.233e-18
2.4091e+14	4.5249e-18	1.1512e-17
2.4103e+14	6.0758e-18	1.0554e-17
2.4114e+14	-5.0472e-18	6.5663e-19
2.4125e+14	2.6221e-19	9.1202e-18
2.4137e+14	8.1943e-18	1.5279e-17
2.4148e+14	-1.8914e-18	4.3986e-18
2.416e+14	-3.7074e-18	6.9863e-18
2.4171e+14	7.0786e-18	1.8053e-17
2.4183e+14	1.8662e-18	8.0849e-18
2.4194e+14	-5.6714e-18	2.1421e-19
2.4205e+14	4.5449e-18	1.2253e-17
2.4217e+14	6.1559e-18	1.2373e-17
2.4228e+14	-4.8409e-18	2.3475e-18
2.424e+14	3.3687e-19	1.1314e-17
2.4251e+14	8.0272e-18	1.7862e-17
2.4262e+14	-2.0088e-18	5.0108e-18
2.4274e+14	-3.6733e-18	4.7078e-18
2.4285e+14	7.1388e-18	1.56e-17
2.4297e+14	1.9991e-18	8.2847e-18
2.4308e+14	-5.4981e-18	2.5667e-18
2.4319e+14	4.6063e-18	1.4011e-17
2.4331e+14	6.3178e-18	1.1677e-17
2.4342e+14	-4.3919e-18	1.5778e-19
2.4354e+14	6.1768e-19	9.962e-18
2.4365e+14	7.8212e-18	1.7298e-17
2.4376e+14	-2.1961e-18	3.3958e-18
2.4388e+14	-3.46e-18	3.2039e-18
2.4399e+14	7.3595e-18	1.658e-17
2.4411e+14	1.9212e-18	9.0633e-18
2.4422e+14	-5.6435e-18	1.0247e-21
2.4433e+14	4.4429e-18	1.2849e-17
2.4445e+14	5.8119e-18	1.6395e-17
2.4456e+14	-5.1909e-18	4.3422e-18
2.4468e+14	1.5099e-19	7.7225e-18
2.4479e+14	8.0481e-18	1.5196e-17
2.449e+14	-1.735e-18	6.6468e-18
2.4502e+14	-3.3202e-18	4.8302e-18
2.4513e+14	7.3799e-18	1.3606e-17
2.4525e+14	2.234e-18	1.0189e-17
2.4536e+14	-5.2989e-18	6.2071e-18
2.4548e+14	4.4502e-18	1.2998e-17
2.4559e+14	5.794e-18	9.4915e-18
2.457e+14	-4.9315e-18	2.0041e-18
2.4582e+14	3.2486e-19	1.1527e-17
2.4593e+14	7.8743e-18	1.556e-17
2.4605e+14	-1.9313e-18	2.9166e-18
2.4616e+14	-3.3272e-18	4.2556e-18
2.4627e+14	7.3708e-18	1.5e-17
2.4639e+14	2.113e-18	7.5763e-18
2.465e+14	-5.465e-18	2.0447e-18
2.4662e+14	4.2914e-18	1.3072e-17
2.4673e+14	5.7184e-18	1.2035e-17
2.4684e+14	-4.9486e-18	2.0706e-18
2.4696e+14	1.3206e-19	9.3391e-18
2.4707e+14	7.4481e-18	1.4239e-17
2.4719e+14	-2.3004e-18	3.2127e-18
2.473e+14	-3.474e-18	4.8792e-18
2.4741e+14	7.2837e-18	1.5073e-17
2.4753e+14	1.992e-18	7.2648e-18
2.4764e+14	-5.4693e-18	1.8019e-18
2.4776e+14	4.505e-18	1.2921e-17
2.4787e+14	6.0134e-18	1.198e-17
2.4798e+14	-4.7317e-18	2.4064e-18
2.481e+14	3.3369e-19	9.6708e-18
2.4821e+14	7.7298e-18	1.3919e-17
2.4833e+14	-2.0528e-18	3.3169e-18
2.4844e+14	-3.275e-18	6.9021e-18
2.4856e+14	7.6493e-18	1.7899e-17
2.4867e+14	2.3505e-18	8.825e-18
2.4878e+14	-5.6343e-18	2.1252e-18
2.489e+14	3.9653e-18	1.2427e-17
2.4901e+14	5.6967e-18	1.0004e-17
2.4913e+14	-4.9432e-18	-4.0368e-19
2.4924e+14	-5.4189e-20	7.5283e-18
2.4935e+14	7.7228e-18	1.1763e-17
2.4947e+14	-1.516e-18	3.6414e-19
2.4958e+14	-3.2492e-18	4.8222e-18
2.497e+14	6.8604e-18	1.7099e-17
2.4981e+14	1.9692e-18	7.3701e-18
2.4992e+14	-5.16e-18	7.1193e-19
2.5004e+14	4.3167e-18	1.3034e-17
2.5015e+14	5.6359e-18	1.0478e-17
2.5027e+14	-4.7558e-18	-1.4697e-18
2.5038e+14	3.0086e-19	9.583e-18
2.5049e+14	7.6763e-18	1.8637e-17
2.5061e+14	-1.7391e-18	5.2381e-18
2.5072e+14	-3.1741e-18	4.0739e-18
2.5084e+14	7.0812e-18	1.5613e-17
2.5095e+14	2.064e-18	7.1326e-18
2.5106e+14	-5.1609e-18	-1.3858e-18
2.5118e+14	4.2728e-18	1.1156e-17
2.5129e+14	5.6195e-18	1.3332e-17
2.5141e+14	-4.6669e-18	2.9723e-18
2.5152e+14	2.9502e-19	1.0832e-17
2.5163e+14	7.3684e-18	1.906e-17
2.5175e+14	-2.0973e-18	7.278e-18
2.5186e+14	-3.2491e-18	5.1969e-18
2.5198e+14	7.1713e-18	1.5866e-17
2.5209e+14	2.0306e-18	9.5203e-18
2.5221e+14	-5.3319e-18	1.2574e-18
2.5232e+14	4.0918e-18	1.0622e-17
2.5243e+14	5.3994e-18	1.1727e-17
2.5255e+14	-5.0076e-18	2.4766e-18
2.5266e+14	1.9331e-20	8.8035e-18
2.5278e+14	7.4731e-18	1.4666e-17
2.5289e+14	-1.721e-18	3.8912e-18
2.53e+14	-3.0486e-18	3.8119e-18
2.5312e+14	7.1587e-18	1.4671e-17
2.5323e+14	2.1459e-18	8.8535e-18
2.5335e+14	-5.1025e-18	2.2185e-18
2.5346e+14	4.232e-18	1.1832e-17
2.5357e+14	5.6574e-18	1.1333e-17
2.5369e+14	-4.4961e-18	2.3996e-19
2.538e+14	3.1489e-19	5.917e-18
2.5392e+14	7.2296e-18	1.3488e-17
2.5403e+14	-2.1171e-18	5.2948e-18
2.5414e+14	-3.2572e-18	4.9861e-18
2.5426e+14	6.9301e-18	1.3502e-17
2.5437e+14	1.761e-18	7.4643e-18
2.5449e+14	-5.3521e-18	2.3535e-18
2.546e+14	4.2795e-18	1.257e-17
2.5471e+14	5.6944e-18	1.3607e-17
2.5483e+14	-4.6943e-18	5.537e-18
2.5494e+14	2.1501e-19	1.0479e-17
2.5506e+14	7.5172e-18	1.2866e-17
2.5517e+14	-1.8914e-18	2.1843e-18
2.5529e+14	-3.5379e-18	4.1049e-18
2.554e+14	6.6481e-18	1.3799e-17
2.5551e+14	2.0258e-18	6.5486e-18
2.5563e+14	-5.0569e-18	1.7253e-18
2.5574e+14	4.0566e-18	1.3068e-17
2.5586e+14	5.4447e-18	1.3149e-17
2.5597e+14	-4.5294e-18	4.4665e-18
2.5608e+14	3.7203e-19	1.1773e-17
2.562e+14	7.4401e-18	1.6018e-17
2.5631e+14	-1.8401e-18	3.6894e-18
2.5643e+14	-3.3694e-18	3.5994e-18
2.5654e+14	6.5781e-18	1.3919e-17
2.5665e+14	1.7932e-18	7.8579e-18
2.5677e+14	-5.2176e-18	2.4407e-18
2.5688e+14	3.9557e-18	1.2347e-17
2.57e+14	5.5092e-18	1.1205e-17
2.5711e+14	-4.2073e-18	1.0913e-18
2.5722e+14	5.6952e-19	7.3155e-18
2.5734e+14	7.2241e-18	1.2084e-17
2.5745e+14	-2.1057e-18	1.0574e-18
2.5757e+14	-3.349e-18	1.4961e-18
2.5768e+14	6.6958e-18	1.2454e-17
2.5779e+14	1.8469e-18	8.3632e-18
2.5791e+14	-5.1223e-18	4.4157e-18
2.5802e+14	4.0619e-18	1.3445e-17
2.5814e+14	5.4763e-18	1.1172e-17
2.5825e+14	-4.3206e-18	2.1004e-18
2.5837e+14	5.5811e-19	9.8753e-18
2.5848e+14	7.3978e-18	1.4555e-17
2.5859e+14	-1.7502e-18	3.388e-18
2.5871e+14	-2.9017e-18	5.1678e-18
2.5882e+14	7.0128e-18	1.6646e-17
2.5894e+14	1.8688e-18	1.0342e-17
2.5905e+14	-5.2548e-18	3.6929e-18
2.5916e+14	4.0059e-18	1.1907e-17
2.5928e+14	5.3581e-18	9.6908e-18
2.5939e+14	-4.7675e-18	4.3525e-19
2.5951e+14	8.6411e-20	8.8974e-18
2.5962e+14	7.4046e-18	1.5163e-17
2.5973e+14	-1.5931e-18	4.1989e-18
2.5985e+14	-3.2635e-18	4.1482e-18
2.5996e+14	6.4447e-18	1.4045e-17
2.6008e+14	1.8455e-18	8.0448e-18
2.6019e+14	-4.9352e-18	3.0106e-18
2.603e+14	4.0652e-18	1.3149e-17
2.6042e+14	5.295e-18	1.2134e-17
2.6053e+14	-4.6819e-18	2.1761e-18
2.6065e+14	4.4999e-20	8.5681e-18
2.6076e+14	7.1638e-18	1.3717e-17
2.6087e+14	-1.617e-18	3.4283e-18
2.6099e+14	-2.9568e-18	4.4116e-18
2.611e+14	6.8079e-18	1.4822e-17
2.6122e+14	2.159e-18	8.9872e-18
2.6133e+14	-4.6443e-18	3.2554e-18
2.6144e+14	4.3361e-18	1.1736e-17
2.6156e+14	5.631e-18	9.8968e-18
2.6167e+14	-4.3196e-18	8.1758e-19
2.6179e+14	1.6596e-19	7.9097e-18
2.619e+14	6.9736e-18	1.2836e-17
2.6202e+14	-1.8982e-18	3.6287e-18
2.6213e+14	-3.1743e-18	7.0277e-18
2.6224e+14	6.7031e-18	1.7433e-17
2.6236e+14	2.0968e-18	8.7575e-18
2.6247e+14	-4.9606e-18	2.185e-18
2.6259e+14	3.7177e-18	1.2954e-17
2.627e+14	5.2132e-18	1.1523e-17
2.6281e+14	-4.271e-18	-1.2879e-20
2.6293e+14	2.9727e-19	7.0913e-18
2.6304e+14	6.9497e-18	1.4981e-17
2.6316e+14	-1.8985e-18	5.5217e-18
2.6327e+14	-3.155e-18	4.6514e-18
2.6338e+14	6.6323e-18	1.3199e-17
2.635e+14	2.1161e-18	7.2275e-18
2.6361e+14	-4.7277e-18	3.274e-18
2.6373e+14	4.0338e-18	1.3821e-17
2.6384e+14	5.5563e-18	1.1162e-17
2.6395e+14	-3.9805e-18	-5.9729e-19
2.6407e+14	3.5427e-19	7.1966e-18
2.6418e+14	6.9559e-18	1.49e-17
2.643e+14	-1.6345e-18	3.5587e-18
2.6441e+14	-2.9581e-18	2.1362e-18
2.6452e+14	6.3206e-18	1.3499e-17
2.6464e+14	1.6343e-18	9.0352e-18
2.6475e+14	-4.9225e-18	2.1021e-18
2.6487e+14	3.8956e-18	1.1375e-17
2.6498e+14	5.2399e-18	1.2866e-17
2.651e+14	-4.1763e-18	3.2452e-18
2.6521e+14	4.438e-19	7.5569e-18
2.6532e+14	7.0461e-18	1.4222e-17
2.6544e+14	-1.7362e-18	7.1305e-18
2.6555e+14	-3.1281e-18	7.2639e-18
2.6567e+14	6.2567e-18	1.5545e-17
2.6578e+14	1.7075e-18	9.7198e-18
2.6589e+14	-4.8649e-18	3.3286e-18
2.6601e+14	3.8067e-18	1.1175e-17
2.6612e+14	5.1577e-18	1.1985e-17
2.6624e+14	-4.0669e-18	4.8556e-18
2.6635e+14	5.9812e-19	9.9108e-18
2.6646e+14	7.0834e-18	1.3351e-17
2.6658e+14	-1.6366e-18	4.0101e-18
2.6669e+14	-2.825e-18	5.0397e-18
2.6681e+14	6.5518e-18	1.4538e-17
2.6692e+14	1.838e-18	9.1583e-18
2.6703e+14	-4.7242e-18	2.8796e-18
2.6715e+14	4.0529e-18	1.0113e-17
2.6726e+14	5.2501e-18	1.0415e-17
2.6738e+14	-4.3129e-18	3.6059e-18
2.6749e+14	2.6004e-19	8.6167e-18
2.676e+14	6.9179e-18	1.252e-17
2.6772e+14	-1.7503e-18	5.8098e-18
2.6783e+14	-2.9894e-18	7.787e-18
2.6795e+14	6.5545e-18	1.3185e-17
2.6806e+14	2.0022e-18	4.56e-18
2.6817e+14	-4.7804e-18	1.1387e-18
2.6829e+14	3.7748e-18	1.1714e-17
2.684e+14	5.1679e-18	1.0929e-17
2.6852e+14	-4.2091e-18	3.1018e-18
2.6863e+14	2.1245e-19	9.1106e-18
2.6875e+14	6.8059e-18	1.1097e-17
2.6886e+14	-1.715e-18	8.5243e-19
2.6897e+14	-3.0211e-18	4.9564e-18
2.6909e+14	6.2865e-18	1.6557e-17
2.692e+14	1.7235e-18	9.8438e-18
2.6932e+14	-4.8851e-18	3.4473e-18
2.6943e+14	3.8387e-18	1.1659e-17
2.6954e+14	5.3525e-18	1.0032e-17
2.6966e+14	-4.0721e-18	1.3463e-18
2.6977e+14	2.4718e-19	8.1656e-18
2.6989e+14	6.9876e-18	1.3139e-17
2.7e+14	-1.4158e-18	4.1994e-18
2.7011e+14	-2.9423e-18	5.7316e-18
2.7023e+14	6.391e-18	1.4061e-17
2.7034e+14	2.3013e-18	7.2832e-18
2.7046e+14	-4.3486e-18	3.76e-18
2.7057e+14	3.7059e-18	1.4178e-17
2.7068e+14	5.0925e-18	1.2035e-17
2.708e+14	-3.9283e-18	2.402e-18
2.7091e+14	2.3026e-19	1.019e-17
2.7103e+14	6.5463e-18	1.5518e-17
2.7114e+14	-1.616e-18	3.6144e-18
2.7125e+14	-2.8368e-18	2.4864e-18
2.7137e+14	6.1195e-18	1.2497e-17
2.7148e+14	1.7243e-18	7.9748e-18
2.716e+14	-4.5959e-18	2.3562e-18
2.7171e+14	3.7431e-18	9.7645e-18
2.7183e+14	5.0338e-18	9.0916e-18
2.7194e+14	-4.0032e-18	3.0655e-18
2.7205e+14	3.1124e-19	1.1911e-17
2.7217e+14	6.7249e-18	1.6984e-17
2.7228e+14	-1.3644e-18	6.0798e-18
2.724e+14	-2.5542e-18	5.2291e-18
2.7251e+14	6.3024e-18	1.312e-17
2.7262e+14	1.8679e-18	7.0556e-18
2.7274e+14	-4.3604e-18	3.0696e-18
2.7285e+14	3.9652e-18	1.3125e-17
2.7297e+14	5.2098e-18	1.2508e-17
2.7308e+14	-3.6356e-18	3.3377e-18
2.7319e+14	8.4849e-19	8.6216e-18
2.7331e+14	6.9852e-18	1.3292e-17
2.7342e+14	-1.5883e-18	5.3993e-18
2.7354e+14	-2.9275e-18	6.6596e-18
2.7365e+14	6.1311e-18	1.258e-17
2.7376e+14	1.8691e-18	3.5176e-18
2.7388e+14	-4.3663e-18	-2.8387e-19
2.7399e+14	3.8895e-18	1.142e-17
2.7411e+14	5.0005e-18	1.0299e-17
2.7422e+14	-4.1033e-18	1.7374e-19
2.7433e+14	2.2209e-19	6.9805e-18
2.7445e+14	6.5484e-18	1.3007e-17
2.7456e+14	-1.6991e-18	3.446e-18
2.7468e+14	-2.8789e-18	3.9713e-18
2.7479e+14	6.2914e-18	1.3892e-17
2.749e+14	2.1986e-18	8.8511e-18
2.7502e+14	-4.0366e-18	3.3729e-18
2.7513e+14	4.0377e-18	1.1029e-17
2.7525e+14	5.0597e-18	9.8295e-18
2.7536e+14	-4.0394e-18	2.6075e-18
2.7548e+14	2.5314e-19	1.0456e-17
2.7559e+14	6.6054e-18	1.5319e-17
2.757e+14	-1.5595e-18	4.7764e-18
2.7582e+14	-2.7451e-18	4.3068e-18
2.7593e+14	6.3882e-18	1.2388e-17
2.7605e+14	2.2049e-18	6.6107e-18
2.7616e+14	-4.3269e-18	3.2723e-18
2.7627e+14	3.6022e-18	1.3824e-17
2.7639e+14	5.0129e-18	1.2904e-17
2.765e+14	-3.7539e-18	3.4221e-18
2.7662e+14	2.6725e-19	9.3976e-18
2.7673e+14	6.4008e-18	1.4401e-17
2.7684e+14	-1.4701e-18	5.2033e-18
2.7696e+14	-2.5798e-18	6.1223e-18
2.7707e+14	6.1523e-18	1.4763e-17
2.7719e+14	1.922e-18	7.6185e-18
2.773e+14	-4.1622e-18	1.222e-18
2.7741e+14	3.8932e-18	9.7235e-18
2.7753e+14	4.9836e-18	9.8819e-18
2.7764e+14	-3.9237e-18	2.9959e-18
2.7776e+14	2.7243e-19	9.8792e-18
2.7787e+14	6.5361e-18	1.3673e-17
2.7798e+14	-1.4194e-18	3.7638e-18
2.781e+14	-2.7288e-18	6.19e-18
2.7821e+14	5.9052e-18	1.6851e-17
2.7833e+14	1.7894e-18	9.7139e-18
2.7844e+14	-4.1754e-18	1.8882e-18
2.7856e+14	3.8537e-18	9.8203e-18
2.7867e+14	4.9921e-18	1.0093e-17
2.7878e+14	-3.742e-18	2.5114e-18
2.789e+14	4.1556e-19	8.953e-18
2.7901e+14	6.4061e-18	1.3883e-17
2.7913e+14	-1.6302e-18	4.2945e-18
2.7924e+14	-2.7219e-18	4.0488e-18
2.7935e+14	6.0382e-18	1.2201e-17
2.7947e+14	1.7346e-18	6.75e-18
2.7958e+14	-4.4578e-18	3.034e-18
2.797e+14	3.6334e-18	1.2777e-17
2.7981e+14	5.0108e-18	1.1875e-17
2.7992e+14	-3.6247e-18	3.3099e-18
2.8004e+14	5.5756e-19	1.0353e-17
2.8015e+14	6.7137e-18	1.5509e-17
2.8027e+14	-1.2644e-18	4.7203e-18
2.8038e+14	-2.6494e-18	3.8611e-18
2.8049e+14	5.8496e-18	1.3061e-17
2.8061e+14	1.606e-18	8.2397e-18
2.8072e+14	-4.5433e-18	3.9215e-18
2.8084e+14	3.4521e-18	1.3825e-17
2.8095e+14	4.8888e-18	1.3486e-17
2.8106e+14	-3.6586e-18	3.3746e-18
2.8118e+14	3.9314e-19	8.4137e-18
2.8129e+14	6.5684e-18	1.453e-17
2.8141e+14	-1.0551e-18	5.532e-18
2.8152e+14	-2.3121e-18	3.9063e-18
2.8163e+14	5.9253e-18	1.2136e-17
2.8175e+14	1.6402e-18	8.2088e-18
2.8186e+14	-4.1921e-18	3.556e-18
2.8198e+14	3.9116e-18	1.1597e-17
2.8209e+14	5.0642e-18	1.2111e-17
2.8221e+14	-3.7518e-18	4.5344e-18
2.8232e+14	3.0507e-19	8.88e-18
2.8243e+14	6.5617e-18	1.3036e-17
2.8255e+14	-1.1946e-18	5.5721e-18
2.8266e+14	-2.6819e-18	6.17e-18
2.8278e+14	5.6308e-18	1.2974e-17
2.8289e+14	1.6488e-18	6.8512e-18
2.83e+14	-4.154e-18	2.5196e-18
2.8312e+14	3.7742e-18	1.1213e-17
2.8323e+14	5.0164e-18	1.163e-17
2.8335e+14	-3.6326e-18	5.095e-18
2.8346e+14	2.222e-19	1.025e-17
2.8357e+14	6.1724e-18	1.2461e-17
2.8369e+14	-1.5404e-18	2.8758e-18
2.838e+14	-2.6584e-18	4.3242e-18
2.8392e+14	6.16e-18	1.2806e-17
2.8403e+14	2.4494e-18	6.8112e-18
2.8414e+14	-3.7815e-18	2.5646e-18
2.8426e+14	3.4531e-18	1.1795e-17
2.8437e+14	4.7222e-18	1.1271e-17
2.8449e+14	-3.3924e-18	3.1094e-18
2.846e+14	5.5274e-19	8.7279e-18
2.8471e+14	6.3307e-18	1.2944e-17
2.8483e+14	-1.219e-18	4.7359e-18
2.8494e+14	-2.3123e-18	7.2805e-18
2.8506e+14	6.0162e-18	1.6664e-17
2.8517e+14	2.03e-18	9.1922e-18
2.8529e+14	-3.9109e-18	1.7215e-18
2.854e+14	3.553e-18	1.0226e-17
2.8551e+14	4.7454e-18	1.1831e-17
2.8563e+14	-3.4437e-18	4.1936e-18
2.8574e+14	4.1148e-19	7.8695e-18
2.8586e+14	6.0391e-18	1.1346e-17
2.8597e+14	-1.4691e-18	3.7627e-18
2.8608e+14	-2.4459e-18	5.1688e-18
2.862e+14	5.7182e-18	1.3096e-17
2.8631e+14	1.5451e-18	7.9129e-18
2.8643e+14	-4.1303e-18	4.4189e-18
2.8654e+14	3.8139e-18	1.3069e-17
2.8665e+14	5.1136e-18	1.1733e-17
2.8677e+14	-3.3917e-18	3.1481e-18
2.8688e+14	1.8756e-19	8.0121e-18
2.87e+14	5.8927e-18	1.1504e-17
2.8711e+14	-1.3802e-18	3.685e-18
2.8722e+14	-2.2907e-18	7.0052e-18
2.8734e+14	5.8676e-18	1.6083e-17
2.8745e+14	1.8449e-18	8.2433e-18
2.8757e+14	-3.819e-18	2.4326e-18
2.8768e+14	3.6444e-18	1.3145e-17
2.8779e+14	4.4712e-18	1.4017e-17
2.8791e+14	-3.7264e-18	3.9656e-18
2.8802e+14	6.7003e-19	8.0628e-18
2.8814e+14	6.6974e-18	1.3776e-17
2.8825e+14	-9.7132e-19	5.4613e-18
2.8837e+14	-2.2542e-18	4.6571e-18
2.8848e+14	5.9291e-18	1.3472e-17
2.8859e+14	1.8913e-18	9.7139e-18
2.8871e+14	-4.0103e-18	4.2723e-18
2.8882e+14	3.426e-18	1.157e-17
2.8894e+14	4.4791e-18	1.2274e-17
2.8905e+14	-3.7449e-18	3.9839e-18
2.8916e+14	3.5786e-19	6.5573e-18
2.8928e+14	6.2856e-18	1.1357e-17
2.8939e+14	-1.2621e-18	6.7865e-18
2.8951e+14	-2.4136e-18	7.985e-18
2.8962e+14	5.9545e-18	1.3028e-17
2.8973e+14	2.0052e-18	6.7326e-18
2.8985e+14	-4.0967e-18	3.7604e-18
2.8996e+14	3.3064e-18	1.2761e-17
2.9008e+14	4.7535e-18	1.2452e-17
2.9019e+14	-3.3813e-18	4.9094e-18
2.903e+14	2.382e-19	9.0496e-18
2.9042e+14	5.9896e-18	1.1494e-17
2.9053e+14	-1.2328e-18	3.4785e-18
2.9065e+14	-2.3788e-18	6.252e-18
2.9076e+14	5.7175e-18	1.5498e-17
2.9087e+14	1.9257e-18	9.4205e-18
2.9099e+14	-3.8606e-18	3.471e-18
2.911e+14	3.4693e-18	1.1822e-17
2.9122e+14	4.7646e-18	1.3053e-17
2.9133e+14	-3.3909e-18	5.106e-18
2.9144e+14	8.9519e-20	7.9952e-18
2.9156e+14	5.8481e-18	1.2342e-17
2.9167e+14	-9.7795e-19	6.6002e-18
2.9179e+14	-1.9684e-18	6.5879e-18
2.919e+14	5.7674e-18	1.1964e-17
2.9202e+14	1.7976e-18	8.3248e-18
2.9213e+14	-3.7972e-18	6.6118e-18
2.9224e+14	3.546e-18	1.2054e-17
2.9236e+14	4.7536e-18	8.1203e-18
2.9247e+14	-3.178e-18	2.7908e-18
2.9259e+14	4.9626e-19	1.0973e-17
2.927e+14	5.9724e-18	1.2706e-17
2.9281e+14	-1.3184e-18	1.4901e-18
2.9293e+14	-2.5061e-18	3.5511e-18
2.9304e+14	5.3786e-18	1.3728e-17
2.9316e+14	1.7558e-18	8.1722e-18
2.9327e+14	-3.6238e-18	2.6683e-18
2.9338e+14	3.5877e-18	1.0645e-17
2.935e+14	4.6204e-18	1.0308e-17
2.9361e+14	-3.2089e-18	2.2116e-18
2.9373e+14	6.1199e-19	6.9556e-18
2.9384e+14	6.0342e-18	1.212e-17
2.9395e+14	-1.2975e-18	5.738e-18
2.9407e+14	-2.3609e-18	5.614e-18
2.9418e+14	5.585e-18	1.0366e-17
2.943e+14	1.7987e-18	4.8227e-18
2.9441e+14	-3.7777e-18	3.425e-18
2.9452e+14	3.469e-18	1.2171e-17
2.9464e+14	4.7333e-18	9.2125e-18
2.9475e+14	-2.9579e-18	7.5409e-19
2.9487e+14	8.3234e-19	7.2531e-18
2.9498e+14	6.2958e-18	1.1689e-17
2.951e+14	-9.1343e-19	3.4219e-18
2.9521e+14	-2.0673e-18	5.2772e-18
2.9532e+14	5.6143e-18	1.3848e-17
2.9544e+14	1.7244e-18	7.7391e-18
2.9555e+14	-3.845e-18	2.657e-18
2.9567e+14	3.2264e-18	1.1137e-17
2.9578e+14	4.2311e-18	1.15e-17
2.9589e+14	-3.4947e-18	4.6245e-18
2.9601e+14	4.875e-19	9.8087e-18
2.9612e+14	6.1396e-18	1.2998e-17
2.9624e+14	-1.0257e-18	4.4204e-18
2.9635e+14	-2.2481e-18	6.0933e-18
2.9646e+14	5.3843e-18	1.4863e-17
2.9658e+14	1.5539e-18	9.0521e-18
2.9669e+14	-3.8335e-18	3.3279e-18
2.9681e+14	3.5154e-18	1.0846e-17
2.9692e+14	4.6884e-18	1.0995e-17
2.9703e+14	-3.2487e-18	4.0415e-18
2.9715e+14	3.2695e-19	9.0848e-18
2.9726e+14	5.8866e-18	1.3029e-17
2.9738e+14	-1.0041e-18	5.2408e-18
2.9749e+14	-1.9299e-18	5.9822e-18
2.976e+14	5.8995e-18	1.3328e-17
2.9772e+14	2.0975e-18	7.8681e-18
2.9783e+14	-3.6152e-18	3.459e-18
2.9795e+14	3.3052e-18	1.1414e-17
2.9806e+14	4.4306e-18	1.143e-17
2.9817e+14	-3.3309e-18	4.4945e-18
2.9829e+14	1.9458e-19	9.472e-18
2.984e+14	5.5681e-18	1.34e-17
2.9852e+14	-1.4083e-18	5.5273e-18
2.9863e+14	-2.365e-18	5.0865e-18
2.9875e+14	5.5503e-18	1.0752e-17
2.9886e+14	1.9928e-18	5.4077e-18
2.9897e+14	-3.621e-18	2.8883e-18
2.9909e+14	3.2069e-18	1.2084e-17
2.992e+14	4.4084e-18	1.1803e-17
2.9932e+14	-3.1662e-18	3.8564e-18
2.9943e+14	3.6217e-19	7.6988e-18
2.9954e+14	5.7757e-18	1.1548e-17
2.9966e+14	-1.0148e-18	5.7479e-18
2.9977e+14	-2.1121e-18	7.5921e-18
2.9989e+14	5.3788e-18	1.2936e-17
3e+14	1.8492e-18	5.4676e-18
