#Error on normalization	O = 2.333 %	H = 1.950 %
#Frequence (s-1)	S_O (s)	S_H (s)
0	6.0249e-16	4.2964e-16
1.5106e+11	-2.0521e-16	5.3832e-16
3.0211e+11	-7.0128e-17	6.9279e-16
4.5317e+11	1.9029e-15	8.4113e-16
6.0423e+11	3.162e-15	1.1441e-15
7.5529e+11	5.3307e-15	1.4169e-15
9.0634e+11	9.2839e-15	1.5401e-15
1.0574e+12	1.1588e-14	1.8538e-15
1.2085e+12	1.4254e-14	2.3555e-15
1.3595e+12	2.0128e-14	2.6271e-15
1.5106e+12	2.3938e-14	2.7635e-15
1.6616e+12	2.848e-14	3.2098e-15
1.8127e+12	4.6637e-14	4.0608e-15
1.9637e+12	7.1609e-14	5.1529e-15
2.1148e+12	8.2225e-14	6.1213e-15
2.2659e+12	7.9943e-14	6.5051e-15
2.4169e+12	7.8407e-14	6.3994e-15
2.568e+12	7.5106e-14	6.2751e-15
2.719e+12	7.1115e-14	6.195e-15
2.8701e+12	8.0281e-14	6.1692e-15
3.0211e+12	9.7307e-14	6.5848e-15
3.1722e+12	1.0743e-13	7.6247e-15
3.3233e+12	1.2095e-13	9.0499e-15
3.4743e+12	1.4329e-13	1.0224e-14
3.6254e+12	1.4857e-13	1.0132e-14
3.7764e+12	1.3124e-13	8.8621e-15
3.9275e+12	1.2241e-13	8.1929e-15
4.0785e+12	1.2687e-13	8.6956e-15
4.2296e+12	1.1864e-13	8.7322e-15
4.3807e+12	1.0005e-13	7.8896e-15
4.5317e+12	9.3152e-14	7.514e-15
4.6828e+12	9.7423e-14	7.6647e-15
4.8338e+12	1.0665e-13	7.8438e-15
4.9849e+12	1.2043e-13	8.7065e-15
5.136e+12	1.2275e-13	9.6913e-15
5.287e+12	1.0854e-13	9.3307e-15
5.4381e+12	1.0977e-13	9.0164e-15
5.5891e+12	1.3781e-13	1.0504e-14
5.7402e+12	1.5389e-13	1.1619e-14
5.8912e+12	1.3865e-13	1.0524e-14
6.0423e+12	1.1896e-13	9.4503e-15
6.1934e+12	1.1111e-13	9.7608e-15
6.3444e+12	1.093e-13	9.9228e-15
6.4955e+12	1.1436e-13	9.791e-15
6.6465e+12	1.201e-13	1.0201e-14
6.7976e+12	1.129e-13	1.0286e-14
6.9486e+12	1.0595e-13	1.0007e-14
7.0997e+12	1.1583e-13	1.0649e-14
7.2508e+12	1.2254e-13	1.1285e-14
7.4018e+12	1.1196e-13	1.0563e-14
7.5529e+12	1.0709e-13	9.9611e-15
7.7039e+12	1.1282e-13	1.0467e-14
7.855e+12	1.0406e-13	1.0753e-14
8.006e+12	8.6326e-14	1.0694e-14
8.1571e+12	8.6154e-14	1.1076e-14
8.3082e+12	9.3247e-14	1.1172e-14
8.4592e+12	8.5581e-14	1.0868e-14
8.6103e+12	7.4685e-14	1.1115e-14
8.7613e+12	7.3974e-14	1.1222e-14
8.9124e+12	7.3188e-14	1.0696e-14
9.0634e+12	6.8008e-14	1.0905e-14
9.2145e+12	6.4879e-14	1.1335e-14
9.3656e+12	6.0673e-14	1.0267e-14
9.5166e+12	5.3857e-14	9.3662e-15
9.6677e+12	5.1143e-14	1.041e-14
9.8187e+12	4.8966e-14	1.1361e-14
9.9698e+12	4.1491e-14	1.1282e-14
1.0121e+13	3.733e-14	1.1781e-14
1.0272e+13	3.9422e-14	1.1955e-14
1.0423e+13	3.6438e-14	1.0663e-14
1.0574e+13	2.8805e-14	1.0478e-14
1.0725e+13	2.6675e-14	1.2117e-14
1.0876e+13	2.6283e-14	1.2639e-14
1.1027e+13	2.2055e-14	1.2237e-14
1.1178e+13	2.1057e-14	1.3034e-14
1.1329e+13	2.4054e-14	1.3495e-14
1.148e+13	2.2846e-14	1.273e-14
1.1631e+13	2.0077e-14	1.3054e-14
1.1782e+13	2.12e-14	1.3999e-14
1.1934e+13	2.0404e-14	1.3754e-14
1.2085e+13	1.602e-14	1.4549e-14
1.2236e+13	1.5045e-14	1.7122e-14
1.2387e+13	1.5707e-14	1.7885e-14
1.2538e+13	1.2885e-14	1.7081e-14
1.2689e+13	1.144e-14	1.8054e-14
1.284e+13	1.3005e-14	1.9231e-14
1.2991e+13	1.103e-14	1.8571e-14
1.3142e+13	7.8129e-15	1.8728e-14
1.3293e+13	9.9667e-15	1.9908e-14
1.3444e+13	1.2272e-14	1.9319e-14
1.3595e+13	9.4556e-15	1.8812e-14
1.3746e+13	7.3173e-15	2.0624e-14
1.3897e+13	8.1728e-15	2.1721e-14
1.4048e+13	7.4385e-15	2.1301e-14
1.4199e+13	6.433e-15	2.2195e-14
1.435e+13	7.9153e-15	2.3037e-14
1.4502e+13	8.0741e-15	2.2436e-14
1.4653e+13	6.1269e-15	2.4114e-14
1.4804e+13	6.3045e-15	2.727e-14
1.4955e+13	7.4518e-15	2.6108e-14
1.5106e+13	6.5591e-15	2.2944e-14
1.5257e+13	5.9657e-15	2.3773e-14
1.5408e+13	6.4152e-15	2.5662e-14
1.5559e+13	5.3772e-15	2.5338e-14
1.571e+13	4.4445e-15	2.6922e-14
1.5861e+13	5.4315e-15	3.0131e-14
1.6012e+13	5.333e-15	2.9696e-14
1.6163e+13	3.8252e-15	2.8454e-14
1.6314e+13	4.1496e-15	3.0908e-14
1.6465e+13	5.0348e-15	3.1685e-14
1.6616e+13	4.1413e-15	2.7666e-14
1.6767e+13	3.7944e-15	2.6252e-14
1.6918e+13	4.6675e-15	3.0387e-14
1.7069e+13	4.2875e-15	3.3555e-14
1.7221e+13	3.7886e-15	3.3094e-14
1.7372e+13	4.8119e-15	3.195e-14
1.7523e+13	4.7288e-15	3.0724e-14
1.7674e+13	3.1581e-15	2.933e-14
1.7825e+13	3.2982e-15	2.9049e-14
1.7976e+13	4.2754e-15	2.8637e-14
1.8127e+13	3.4026e-15	2.6485e-14
1.8278e+13	2.5193e-15	2.4604e-14
1.8429e+13	3.2616e-15	2.4739e-14
1.858e+13	3.6749e-15	2.609e-14
1.8731e+13	3.3545e-15	2.8019e-14
1.8882e+13	3.4173e-15	2.9101e-14
1.9033e+13	3.0946e-15	2.7064e-14
1.9184e+13	2.4916e-15	2.3759e-14
1.9335e+13	3.0036e-15	2.3675e-14
1.9486e+13	3.4822e-15	2.6423e-14
1.9637e+13	2.7891e-15	2.7627e-14
1.9789e+13	2.6387e-15	2.6034e-14
1.994e+13	3.1397e-15	2.4588e-14
2.0091e+13	2.5647e-15	2.572e-14
2.0242e+13	2.1147e-15	2.7724e-14
2.0393e+13	3.0492e-15	2.6924e-14
2.0544e+13	3.1728e-15	2.4042e-14
2.0695e+13	1.9785e-15	2.3504e-14
2.0846e+13	1.8927e-15	2.4972e-14
2.0997e+13	2.6216e-15	2.4333e-14
2.1148e+13	2.3716e-15	2.2686e-14
2.1299e+13	2.0809e-15	2.3268e-14
2.145e+13	2.3923e-15	2.378e-14
2.1601e+13	2.1348e-15	2.2373e-14
2.1752e+13	1.8506e-15	2.2411e-14
2.1903e+13	2.4068e-15	2.409e-14
2.2054e+13	2.4753e-15	2.3359e-14
2.2205e+13	1.9439e-15	2.0927e-14
2.2356e+13	2.2922e-15	2.0165e-14
2.2508e+13	2.6909e-15	2.0448e-14
2.2659e+13	2.065e-15	2.1175e-14
2.281e+13	1.8896e-15	2.3146e-14
2.2961e+13	2.3989e-15	2.3492e-14
2.3112e+13	2.037e-15	2.0432e-14
2.3263e+13	1.5904e-15	1.8465e-14
2.3414e+13	2.1857e-15	1.9716e-14
2.3565e+13	2.2945e-15	2.0602e-14
2.3716e+13	1.6021e-15	2.0785e-14
2.3867e+13	1.799e-15	2.2016e-14
2.4018e+13	2.23e-15	2.1428e-14
2.4169e+13	1.6194e-15	1.8308e-14
2.432e+13	1.4292e-15	1.7818e-14
2.4471e+13	2.2222e-15	2.0495e-14
2.4622e+13	2.2959e-15	2.1558e-14
2.4773e+13	1.8556e-15	2.1116e-14
2.4924e+13	2.107e-15	2.1538e-14
2.5076e+13	2.1324e-15	2.0964e-14
2.5227e+13	1.607e-15	1.9145e-14
2.5378e+13	1.7829e-15	1.9153e-14
2.5529e+13	2.0924e-15	2.0089e-14
2.568e+13	1.5408e-15	1.937e-14
2.5831e+13	1.3665e-15	1.8463e-14
2.5982e+13	1.85e-15	1.802e-14
2.6133e+13	1.5194e-15	1.626e-14
2.6284e+13	9.8551e-16	1.4854e-14
2.6435e+13	1.4997e-15	1.5864e-14
2.6586e+13	1.7935e-15	1.6486e-14
2.6737e+13	1.2286e-15	1.5231e-14
2.6888e+13	1.2147e-15	1.4702e-14
2.7039e+13	1.5241e-15	1.4845e-14
2.719e+13	1.0902e-15	1.392e-14
2.7341e+13	9.4297e-16	1.359e-14
2.7492e+13	1.5422e-15	1.4449e-14
2.7644e+13	1.5147e-15	1.3991e-14
2.7795e+13	1.095e-15	1.2828e-14
2.7946e+13	1.3831e-15	1.3184e-14
2.8097e+13	1.4908e-15	1.3427e-14
2.8248e+13	9.6971e-16	1.2542e-14
2.8399e+13	1.0473e-15	1.2696e-14
2.855e+13	1.4431e-15	1.323e-14
2.8701e+13	1.0981e-15	1.2037e-14
2.8852e+13	8.8868e-16	1.1206e-14
2.9003e+13	1.2842e-15	1.2062e-14
2.9154e+13	1.1186e-15	1.1615e-14
2.9305e+13	6.4879e-16	9.715e-15
2.9456e+13	9.2184e-16	9.6931e-15
2.9607e+13	1.1451e-15	1.1088e-14
2.9758e+13	8.1498e-16	1.132e-14
2.9909e+13	9.1149e-16	1.0692e-14
3.006e+13	1.1626e-15	9.6904e-15
3.0211e+13	7.4914e-16	8.1659e-15
3.0363e+13	5.932e-16	7.8232e-15
3.0514e+13	1.0348e-15	8.706e-15
3.0665e+13	8.6319e-16	8.0085e-15
3.0816e+13	3.8419e-16	6.4156e-15
3.0967e+13	6.9153e-16	6.9523e-15
3.1118e+13	9.5679e-16	7.9622e-15
3.1269e+13	5.815e-16	6.9345e-15
3.142e+13	6.1024e-16	6.2525e-15
3.1571e+13	9.4545e-16	7.3325e-15
3.1722e+13	6.5864e-16	7.3986e-15
3.1873e+13	4.1908e-16	5.9968e-15
3.2024e+13	7.1522e-16	5.5116e-15
3.2175e+13	6.4146e-16	5.7476e-15
3.2326e+13	3.5301e-16	5.5032e-15
3.2477e+13	6.5056e-16	5.5385e-15
3.2628e+13	8.2644e-16	5.9473e-15
3.2779e+13	4.7898e-16	5.86e-15
3.2931e+13	5.3326e-16	5.7257e-15
3.3082e+13	7.9579e-16	5.6757e-15
3.3233e+13	4.8179e-16	4.924e-15
3.3384e+13	3.3399e-16	4.317e-15
3.3535e+13	7.2771e-16	4.8098e-15
3.3686e+13	6.6684e-16	5.1112e-15
3.3837e+13	3.2947e-16	4.6675e-15
3.3988e+13	5.9318e-16	4.7492e-15
3.4139e+13	7.8459e-16	5.1261e-15
3.429e+13	4.3806e-16	4.7362e-15
3.4441e+13	4.4359e-16	4.2626e-15
3.4592e+13	6.9021e-16	4.1785e-15
3.4743e+13	4.1435e-16	3.8383e-15
3.4894e+13	2.6331e-16	3.7109e-15
3.5045e+13	6.1335e-16	4.2176e-15
3.5196e+13	5.4906e-16	4.195e-15
3.5347e+13	2.1732e-16	3.655e-15
3.5498e+13	4.5737e-16	3.9107e-15
3.565e+13	6.6654e-16	4.3335e-15
3.5801e+13	3.8223e-16	3.9035e-15
3.5952e+13	4.1281e-16	3.7257e-15
3.6103e+13	6.7025e-16	4.1775e-15
3.6254e+13	4.3659e-16	3.9915e-15
3.6405e+13	2.9919e-16	3.5241e-15
3.6556e+13	6.3195e-16	3.8151e-15
3.6707e+13	5.9417e-16	3.9531e-15
3.6858e+13	2.7981e-16	3.4264e-15
3.7009e+13	4.4757e-16	3.3105e-15
3.716e+13	5.8746e-16	3.4985e-15
3.7311e+13	3.1931e-16	3.2852e-15
3.7462e+13	3.7221e-16	3.4142e-15
3.7613e+13	6.1924e-16	3.9673e-15
3.7764e+13	4.0358e-16	3.8195e-15
3.7915e+13	2.9967e-16	3.4731e-15
3.8066e+13	6.2889e-16	3.9033e-15
3.8218e+13	5.8358e-16	4.0749e-15
3.8369e+13	2.9456e-16	3.4374e-15
3.852e+13	4.9422e-16	3.22e-15
3.8671e+13	6.4902e-16	3.4903e-15
3.8822e+13	3.7429e-16	3.4248e-15
3.8973e+13	4.149e-16	3.5905e-15
3.9124e+13	6.8877e-16	4.173e-15
3.9275e+13	5.1515e-16	4.0716e-15
3.9426e+13	3.7543e-16	3.568e-15
3.9577e+13	6.2763e-16	3.7737e-15
3.9728e+13	6.0342e-16	4.1094e-15
3.9879e+13	4.0023e-16	3.9388e-15
4.003e+13	5.9191e-16	3.9409e-15
4.0181e+13	6.5923e-16	4.0176e-15
4.0332e+13	3.549e-16	3.5495e-15
4.0483e+13	4.3009e-16	3.2987e-15
4.0634e+13	7.1844e-16	3.7805e-15
4.0785e+13	5.3169e-16	4.0619e-15
4.0937e+13	3.9098e-16	3.8881e-15
4.1088e+13	6.5894e-16	3.8825e-15
4.1239e+13	6.4426e-16	3.8963e-15
4.139e+13	4.2201e-16	3.7445e-15
4.1541e+13	5.8644e-16	3.8281e-15
4.1692e+13	6.8492e-16	4.0431e-15
4.1843e+13	4.6433e-16	4.164e-15
4.1994e+13	5.5503e-16	4.3688e-15
4.2145e+13	7.5422e-16	4.3342e-15
4.2296e+13	5.3123e-16	4.0896e-15
4.2447e+13	4.9882e-16	4.6404e-15
4.2598e+13	8.4631e-16	5.4095e-15
4.2749e+13	7.4648e-16	4.7887e-15
4.29e+13	4.7031e-16	4.1232e-15
4.3051e+13	7.8584e-16	5.3275e-15
4.3202e+13	9.9903e-16	6.2557e-15
4.3353e+13	6.2911e-16	5.0375e-15
4.3505e+13	5.8291e-16	4.3289e-15
4.3656e+13	9.3033e-16	5.6053e-15
4.3807e+13	8.6068e-16	6.3174e-15
4.3958e+13	7.275e-16	5.8805e-15
4.4109e+13	1.0031e-15	6.332e-15
4.426e+13	1.0493e-15	7.1498e-15
4.4411e+13	8.2096e-16	6.86e-15
4.4562e+13	9.6013e-16	6.5927e-15
4.4713e+13	1.1133e-15	7.0128e-15
4.4864e+13	9.1967e-16	7.0631e-15
4.5015e+13	1.0335e-15	7.3734e-15
4.5166e+13	1.4299e-15	8.8805e-15
4.5317e+13	1.3567e-15	9.7971e-15
4.5468e+13	1.1358e-15	9.1494e-15
4.5619e+13	1.3511e-15	9.1333e-15
4.577e+13	1.5635e-15	1.0619e-14
4.5921e+13	1.532e-15	1.1508e-14
4.6073e+13	1.5741e-15	1.0912e-14
4.6224e+13	1.5455e-15	1.0452e-14
4.6375e+13	1.4568e-15	1.1438e-14
4.6526e+13	1.758e-15	1.3229e-14
4.6677e+13	2.0292e-15	1.3943e-14
4.6828e+13	1.677e-15	1.2971e-14
4.6979e+13	1.4578e-15	1.2682e-14
4.713e+13	1.9658e-15	1.5112e-14
4.7281e+13	2.3921e-15	1.8049e-14
4.7432e+13	2.33e-15	1.8401e-14
4.7583e+13	2.375e-15	1.7528e-14
4.7734e+13	2.6515e-15	1.8904e-14
4.7885e+13	2.892e-15	2.2314e-14
4.8036e+13	3.0791e-15	2.411e-14
4.8187e+13	3.0115e-15	2.271e-14
4.8338e+13	2.7423e-15	2.1056e-14
4.8489e+13	2.8747e-15	2.1847e-14
4.864e+13	3.1872e-15	2.293e-14
4.8792e+13	2.9615e-15	2.2033e-14
4.8943e+13	2.7861e-15	2.2295e-14
4.9094e+13	3.2461e-15	2.5404e-14
4.9245e+13	3.2821e-15	2.5633e-14
4.9396e+13	2.522e-15	2.0609e-14
4.9547e+13	2.3305e-15	1.8138e-14
4.9698e+13	2.855e-15	2.1735e-14
4.9849e+13	2.7813e-15	2.3126e-14
5e+13	2.2273e-15	1.8608e-14
5.0151e+13	2.1789e-15	1.5813e-14
5.0302e+13	2.2712e-15	1.7406e-14
5.0453e+13	1.9322e-15	1.6788e-14
5.0604e+13	1.6301e-15	1.304e-14
5.0755e+13	1.5968e-15	1.1821e-14
5.0906e+13	1.4892e-15	1.2555e-14
5.1057e+13	1.3005e-15	1.0728e-14
5.1208e+13	1.121e-15	8.0103e-15
5.136e+13	9.1749e-16	7.8326e-15
5.1511e+13	8.9682e-16	8.2942e-15
5.1662e+13	1.0116e-15	7.299e-15
5.1813e+13	8.7332e-16	6.429e-15
5.1964e+13	6.5669e-16	6.2097e-15
5.2115e+13	6.9105e-16	5.2456e-15
5.2266e+13	6.3992e-16	4.0999e-15
5.2417e+13	4.1612e-16	4.1172e-15
5.2568e+13	4.918e-16	4.5768e-15
5.2719e+13	6.8984e-16	4.4986e-15
5.287e+13	5.3838e-16	4.1481e-15
5.3021e+13	3.7568e-16	3.6669e-15
5.3172e+13	4.7242e-16	3.1431e-15
5.3323e+13	4.5033e-16	3.1945e-15
5.3474e+13	3.4495e-16	3.5558e-15
5.3625e+13	4.3913e-16	3.2071e-15
5.3776e+13	4.2985e-16	2.5177e-15
5.3927e+13	2.5494e-16	2.5695e-15
5.4079e+13	3.3778e-16	2.9085e-15
5.423e+13	4.5183e-16	2.5805e-15
5.4381e+13	2.2876e-16	2.0431e-15
5.4532e+13	1.4147e-16	2.0081e-15
5.4683e+13	3.6125e-16	2.1239e-15
5.4834e+13	3.2295e-16	2.0305e-15
5.4985e+13	1.29e-16	1.9536e-15
5.5136e+13	2.4181e-16	1.8658e-15
5.5287e+13	3.021e-16	1.5829e-15
5.5438e+13	9.9985e-17	1.4031e-15
5.5589e+13	1.3546e-16	1.541e-15
5.574e+13	3.1718e-16	1.6532e-15
5.5891e+13	1.8946e-16	1.5469e-15
5.6042e+13	9.2805e-17	1.4533e-15
5.6193e+13	2.6339e-16	1.4342e-15
5.6344e+13	2.3414e-16	1.3585e-15
5.6495e+13	6.2656e-17	1.2725e-15
5.6647e+13	1.724e-16	1.2359e-15
5.6798e+13	2.5732e-16	1.1948e-15
5.6949e+13	9.9489e-17	1.1844e-15
5.71e+13	1.2279e-16	1.2205e-15
5.7251e+13	2.5855e-16	1.1908e-15
5.7402e+13	1.3158e-16	1.1232e-15
5.7553e+13	5.9504e-17	1.1205e-15
5.7704e+13	2.2044e-16	1.087e-15
5.7855e+13	1.8433e-16	1.0143e-15
5.8006e+13	4.9496e-17	1.0961e-15
5.8157e+13	1.8843e-16	1.2338e-15
5.8308e+13	2.5664e-16	1.1625e-15
5.8459e+13	7.724e-17	1.0364e-15
5.861e+13	1.0046e-16	1.0632e-15
5.8761e+13	2.3564e-16	1.0431e-15
5.8912e+13	1.0871e-16	9.2668e-16
5.9063e+13	5.3893e-17	9.6096e-16
5.9215e+13	2.2535e-16	1.0354e-15
5.9366e+13	1.7149e-16	9.2287e-16
5.9517e+13	2.0002e-17	8.5827e-16
5.9668e+13	1.611e-16	9.5353e-16
5.9819e+13	2.2065e-16	8.8792e-16
5.997e+13	2.2618e-17	7.1356e-16
6.0121e+13	6.389e-17	7.9374e-16
6.0272e+13	2.4411e-16	9.6549e-16
6.0423e+13	1.222e-16	9.3157e-16
6.0574e+13	3.527e-17	8.9201e-16
6.0725e+13	2.0704e-16	9.5998e-16
6.0876e+13	1.8479e-16	9.2334e-16
6.1027e+13	3.3368e-17	8.4292e-16
6.1178e+13	1.5069e-16	8.7171e-16
6.1329e+13	2.1998e-16	8.5144e-16
6.148e+13	5.2735e-17	7.92e-16
6.1631e+13	9.3219e-17	9.0117e-16
6.1782e+13	2.4819e-16	9.9621e-16
6.1934e+13	1.1629e-16	8.8357e-16
6.2085e+13	3.5825e-17	8.3288e-16
6.2236e+13	2.0805e-16	9.1458e-16
6.2387e+13	1.7433e-16	8.5273e-16
6.2538e+13	1.3776e-17	7.6113e-16
6.2689e+13	1.4044e-16	8.641e-16
6.284e+13	2.2647e-16	9.0609e-16
6.2991e+13	5.3695e-17	7.8422e-16
6.3142e+13	7.3895e-17	8.0474e-16
6.3293e+13	2.286e-16	8.9574e-16
6.3444e+13	1.062e-16	7.7549e-16
6.3595e+13	1.3366e-17	6.6346e-16
6.3746e+13	1.7348e-16	7.5601e-16
6.3897e+13	1.5792e-16	7.9026e-16
6.4048e+13	1.6295e-17	7.1599e-16
6.4199e+13	1.3598e-16	7.4024e-16
6.435e+13	2.1493e-16	7.6304e-16
6.4502e+13	4.9455e-17	7.0841e-16
6.4653e+13	7.2824e-17	7.7229e-16
6.4804e+13	2.2621e-16	8.6124e-16
6.4955e+13	1.0869e-16	7.5206e-16
6.5106e+13	1.9113e-17	6.6311e-16
6.5257e+13	1.7889e-16	7.5106e-16
6.5408e+13	1.6505e-16	7.566e-16
6.5559e+13	1.6266e-17	6.6883e-16
6.571e+13	1.2091e-16	7.1562e-16
6.5861e+13	2.0117e-16	7.6485e-16
6.6012e+13	4.8389e-17	6.951e-16
6.6163e+13	6.835e-17	7.2176e-16
6.6314e+13	2.1276e-16	8.0695e-16
6.6465e+13	1.0429e-16	7.2464e-16
6.6616e+13	2.52e-17	6.5403e-16
6.6767e+13	1.7723e-16	7.428e-16
6.6918e+13	1.5086e-16	7.264e-16
6.7069e+13	-4.4085e-18	5.9093e-16
6.7221e+13	9.5136e-17	6.099e-16
6.7372e+13	1.7568e-16	6.7781e-16
6.7523e+13	3.2017e-17	6.1663e-16
6.7674e+13	5.907e-17	6.1326e-16
6.7825e+13	1.9983e-16	6.8511e-16
6.7976e+13	7.9723e-17	6.2529e-16
6.8127e+13	-4.9746e-18	5.8157e-16
6.8278e+13	1.6357e-16	7.0812e-16
6.8429e+13	1.6133e-16	7.2785e-16
6.858e+13	4.9321e-18	5.7311e-16
6.8731e+13	9.1373e-17	5.6778e-16
6.8882e+13	1.8295e-16	6.9849e-16
6.9033e+13	5.1454e-17	6.9902e-16
6.9184e+13	5.9153e-17	6.4436e-16
6.9335e+13	1.9021e-16	6.7858e-16
6.9486e+13	9.8252e-17	6.9737e-16
6.9637e+13	1.9866e-17	6.6184e-16
6.9789e+13	1.4703e-16	6.292e-16
6.994e+13	1.2547e-16	5.7227e-16
7.0091e+13	-2.2399e-18	5.4606e-16
7.0242e+13	9.8662e-17	6.165e-16
7.0393e+13	1.7196e-16	6.41e-16
7.0544e+13	3.5094e-17	5.8388e-16
7.0695e+13	5.3242e-17	6.1885e-16
7.0846e+13	1.7822e-16	6.7887e-16
7.0997e+13	7.5305e-17	5.9983e-16
7.1148e+13	8.0344e-18	5.5761e-16
7.1299e+13	1.5283e-16	6.6201e-16
7.145e+13	1.318e-16	6.746e-16
7.1601e+13	-3.0685e-18	5.7302e-16
7.1752e+13	9.7172e-17	5.8489e-16
7.1903e+13	1.6871e-16	6.3689e-16
7.2054e+13	2.221e-17	5.7705e-16
7.2205e+13	3.4993e-17	5.4689e-16
7.2356e+13	1.6682e-16	5.9077e-16
7.2508e+13	6.856e-17	5.6072e-16
7.2659e+13	-6.1417e-18	5.2384e-16
7.281e+13	1.3499e-16	5.8111e-16
7.2961e+13	1.2403e-16	5.9481e-16
7.3112e+13	-4.5489e-18	5.4208e-16
7.3263e+13	8.8339e-17	5.5931e-16
7.3414e+13	1.5478e-16	5.8786e-16
7.3565e+13	1.4131e-17	5.6589e-16
7.3716e+13	3.4297e-17	6.0999e-16
7.3867e+13	1.7043e-16	6.6342e-16
7.4018e+13	7.411e-17	5.8869e-16
7.4169e+13	-2.9909e-18	5.4498e-16
7.432e+13	1.3515e-16	6.3253e-16
7.4471e+13	1.2508e-16	6.4376e-16
7.4622e+13	-2.4255e-18	5.7239e-16
7.4773e+13	9.2525e-17	6.1699e-16
7.4924e+13	1.6494e-16	6.7299e-16
7.5076e+13	2.4064e-17	5.9917e-16
7.5227e+13	3.5997e-17	5.7795e-16
7.5378e+13	1.7418e-16	6.6338e-16
7.5529e+13	8.9386e-17	6.6581e-16
7.568e+13	1.0674e-17	6.3153e-16
7.5831e+13	1.3801e-16	6.8846e-16
7.5982e+13	1.2747e-16	6.9787e-16
7.6133e+13	1.3592e-18	6.2025e-16
7.6284e+13	9.0913e-17	6.3983e-16
7.6435e+13	1.6919e-16	7.254e-16
7.6586e+13	4.5517e-17	7.3724e-16
7.6737e+13	5.9846e-17	7.6377e-16
7.6888e+13	1.8526e-16	8.277e-16
7.7039e+13	9.2833e-17	7.7304e-16
7.719e+13	1.188e-17	6.6495e-16
7.7341e+13	1.387e-16	6.8081e-16
7.7492e+13	1.3671e-16	7.3406e-16
7.7644e+13	1.958e-17	7.2046e-16
7.7795e+13	1.041e-16	7.3895e-16
7.7946e+13	1.7405e-16	8.006e-16
7.8097e+13	4.8513e-17	8.0136e-16
7.8248e+13	5.5086e-17	7.6618e-16
7.8399e+13	1.6918e-16	7.5437e-16
7.855e+13	8.411e-17	7.5404e-16
7.8701e+13	2.5891e-17	7.8919e-16
7.8852e+13	1.6326e-16	8.4517e-16
7.9003e+13	1.5267e-16	8.3922e-16
7.9154e+13	2.5898e-17	8.2442e-16
7.9305e+13	1.1116e-16	8.8025e-16
7.9456e+13	1.84e-16	8.8804e-16
7.9607e+13	5.3964e-17	8.0331e-16
7.9758e+13	5.851e-17	8.0549e-16
7.9909e+13	1.8533e-16	9.0725e-16
8.006e+13	1.1017e-16	9.295e-16
8.0211e+13	3.8573e-17	9.0467e-16
8.0363e+13	1.6302e-16	9.6563e-16
8.0514e+13	1.6738e-16	1.0278e-15
8.0665e+13	5.6144e-17	9.9639e-16
8.0816e+13	1.2773e-16	9.5647e-16
8.0967e+13	1.8582e-16	9.6439e-16
8.1118e+13	6.6783e-17	9.797e-16
8.1269e+13	8.0993e-17	9.8624e-16
8.142e+13	1.9755e-16	9.9863e-16
8.1571e+13	1.2098e-16	1.0625e-15
8.1722e+13	6.7869e-17	1.1851e-15
8.1873e+13	1.9458e-16	1.209e-15
8.2024e+13	1.7052e-16	1.0619e-15
8.2175e+13	4.2509e-17	1.0004e-15
8.2326e+13	1.4141e-16	1.1647e-15
8.2477e+13	2.3799e-16	1.2795e-15
8.2628e+13	1.2064e-16	1.1966e-15
8.2779e+13	1.098e-16	1.1324e-15
8.2931e+13	2.1579e-16	1.1702e-15
8.3082e+13	1.4282e-16	1.1951e-15
8.3233e+13	8.1887e-17	1.2218e-15
8.3384e+13	1.9976e-16	1.2576e-15
8.3535e+13	1.8828e-16	1.2247e-15
8.3686e+13	7.2914e-17	1.2156e-15
8.3837e+13	1.5384e-16	1.2925e-15
8.3988e+13	2.2299e-16	1.2896e-15
8.4139e+13	1.1161e-16	1.2702e-15
8.429e+13	1.3541e-16	1.4699e-15
8.4441e+13	2.6052e-16	1.6409e-15
8.4592e+13	1.778e-16	1.4835e-15
8.4743e+13	1.1271e-16	1.3822e-15
8.4894e+13	2.4792e-16	1.6166e-15
8.5045e+13	2.4522e-16	1.7358e-15
8.5196e+13	1.2337e-16	1.5979e-15
8.5347e+13	2.174e-16	1.6796e-15
8.5498e+13	3.1138e-16	1.9426e-15
8.565e+13	1.9051e-16	1.9519e-15
8.5801e+13	1.8756e-16	1.8893e-15
8.5952e+13	3.129e-16	2.0074e-15
8.6103e+13	2.2627e-16	1.9762e-15
8.6254e+13	1.2524e-16	1.7851e-15
8.6405e+13	2.526e-16	1.8862e-15
8.6556e+13	2.9039e-16	2.1164e-15
8.6707e+13	1.812e-16	2.0876e-15
8.6858e+13	2.4665e-16	2.138e-15
8.7009e+13	3.3697e-16	2.4346e-15
8.716e+13	2.2996e-16	2.4175e-15
8.7311e+13	2.1777e-16	2.1016e-15
8.7462e+13	3.5062e-16	2.1147e-15
8.7613e+13	3.0069e-16	2.2804e-15
8.7764e+13	1.9427e-16	2.1502e-15
8.7915e+13	2.812e-16	2.1631e-15
8.8066e+13	3.2285e-16	2.512e-15
8.8218e+13	2.3438e-16	2.4954e-15
8.8369e+13	2.7481e-16	2.1469e-15
8.852e+13	3.5029e-16	2.2861e-15
8.8671e+13	2.7616e-16	2.687e-15
8.8822e+13	2.6492e-16	2.6054e-15
8.8973e+13	3.6239e-16	2.4385e-15
8.9124e+13	3.4487e-16	2.7226e-15
8.9275e+13	3.2029e-16	2.9495e-15
8.9426e+13	4.1458e-16	2.825e-15
8.9577e+13	3.9872e-16	2.817e-15
8.9728e+13	2.93e-16	2.9646e-15
8.9879e+13	3.5489e-16	2.9921e-15
9.003e+13	4.3143e-16	3.119e-15
9.0181e+13	3.5781e-16	3.388e-15
9.0332e+13	3.7043e-16	3.3775e-15
9.0483e+13	4.5687e-16	3.1538e-15
9.0634e+13	3.6625e-16	3.1122e-15
9.0785e+13	2.9554e-16	3.2018e-15
9.0937e+13	4.4019e-16	3.3657e-15
9.1088e+13	5.0098e-16	3.7123e-15
9.1239e+13	4.1583e-16	3.9802e-15
9.139e+13	4.8678e-16	4.0756e-15
9.1541e+13	6.0342e-16	4.3324e-15
9.1692e+13	5.1478e-16	4.3926e-15
9.1843e+13	4.2594e-16	3.72e-15
9.1994e+13	4.7387e-16	3.2164e-15
9.2145e+13	4.8003e-16	3.8108e-15
9.2296e+13	4.859e-16	4.5886e-15
9.2447e+13	5.8766e-16	4.7175e-15
9.2598e+13	5.9578e-16	4.9055e-15
9.2749e+13	5.1603e-16	5.3645e-15
9.29e+13	5.8337e-16	5.4088e-15
9.3051e+13	6.8354e-16	5.3055e-15
9.3202e+13	6.2128e-16	5.4627e-15
9.3353e+13	5.6601e-16	5.2273e-15
9.3505e+13	6.091e-16	4.7492e-15
9.3656e+13	6.0663e-16	5.0875e-15
9.3807e+13	5.9661e-16	5.6301e-15
9.3958e+13	6.4288e-16	5.2223e-15
9.4109e+13	6.3789e-16	4.9453e-15
9.426e+13	6.57e-16	5.9194e-15
9.4411e+13	8.0402e-16	6.8269e-15
9.4562e+13	8.3584e-16	6.6265e-15
9.4713e+13	6.7503e-16	6.3021e-15
9.4864e+13	6.5785e-16	6.4204e-15
9.5015e+13	8.2063e-16	6.5257e-15
9.5166e+13	8.7013e-16	6.7808e-15
9.5317e+13	8.4301e-16	7.3261e-15
9.5468e+13	8.9114e-16	7.5003e-15
9.5619e+13	8.8905e-16	7.2639e-15
9.577e+13	8.2785e-16	7.2871e-15
9.5921e+13	8.726e-16	7.5729e-15
9.6073e+13	9.5906e-16	7.8834e-15
9.6224e+13	9.9455e-16	8.3683e-15
9.6375e+13	1.058e-15	8.8123e-15
9.6526e+13	1.1004e-15	9.0019e-15
9.6677e+13	1.0887e-15	9.4783e-15
9.6828e+13	1.2104e-15	1.0286e-14
9.6979e+13	1.377e-15	1.0528e-14
9.713e+13	1.2742e-15	1.019e-14
9.7281e+13	1.0934e-15	1.0217e-14
9.7432e+13	1.1836e-15	1.066e-14
9.7583e+13	1.3216e-15	1.0873e-14
9.7734e+13	1.2942e-15	1.0898e-14
9.7885e+13	1.3384e-15	1.0983e-14
9.8036e+13	1.4244e-15	1.0752e-14
9.8187e+13	1.2866e-15	1.0056e-14
9.8338e+13	1.1691e-15	9.7477e-15
9.8489e+13	1.3376e-15	1.0504e-14
9.864e+13	1.437e-15	1.13e-14
9.8792e+13	1.2784e-15	1.0823e-14
9.8943e+13	1.2599e-15	1.0273e-14
9.9094e+13	1.4814e-15	1.155e-14
9.9245e+13	1.5693e-15	1.306e-14
9.9396e+13	1.465e-15	1.2276e-14
9.9547e+13	1.4129e-15	1.103e-14
9.9698e+13	1.4255e-15	1.2067e-14
9.9849e+13	1.4337e-15	1.3655e-14
1e+14	1.5244e-15	1.3694e-14
1.0015e+14	1.6503e-15	1.3471e-14
1.003e+14	1.5962e-15	1.3325e-14
1.0045e+14	1.4476e-15	1.2437e-14
1.006e+14	1.5773e-15	1.2968e-14
1.0076e+14	1.9304e-15	1.5527e-14
1.0091e+14	1.9506e-15	1.573e-14
1.0106e+14	1.5909e-15	1.3328e-14
1.0121e+14	1.5305e-15	1.4013e-14
1.0136e+14	1.9015e-15	1.7113e-14
1.0151e+14	2.0274e-15	1.6532e-14
1.0166e+14	1.8162e-15	1.4127e-14
1.0181e+14	1.8385e-15	1.5366e-14
1.0196e+14	2.0159e-15	1.7372e-14
1.0211e+14	1.9774e-15	1.6496e-14
1.0227e+14	2.0603e-15	1.6403e-14
1.0242e+14	2.3744e-15	1.8136e-14
1.0257e+14	2.3178e-15	1.7558e-14
1.0272e+14	2.0515e-15	1.6388e-14
1.0287e+14	2.3258e-15	1.8908e-14
1.0302e+14	2.6852e-15	2.1254e-14
1.0317e+14	2.312e-15	1.9148e-14
1.0332e+14	1.8355e-15	1.6958e-14
1.0347e+14	2.021e-15	1.8269e-14
1.0363e+14	2.3037e-15	1.9787e-14
1.0378e+14	2.2223e-15	1.952e-14
1.0393e+14	2.2226e-15	1.9294e-14
1.0408e+14	2.4061e-15	1.9808e-14
1.0423e+14	2.4482e-15	2.0865e-14
1.0438e+14	2.4296e-15	2.1979e-14
1.0453e+14	2.4519e-15	2.132e-14
1.0468e+14	2.4015e-15	1.9519e-14
1.0483e+14	2.3947e-15	1.9617e-14
1.0498e+14	2.3973e-15	2.0233e-14
1.0514e+14	2.1539e-15	1.8677e-14
1.0529e+14	2.043e-15	1.8534e-14
1.0544e+14	2.472e-15	2.1991e-14
1.0559e+14	2.7868e-15	2.3154e-14
1.0574e+14	2.5395e-15	2.0004e-14
1.0589e+14	2.4454e-15	1.9036e-14
1.0604e+14	2.7244e-15	2.1372e-14
1.0619e+14	2.6832e-15	2.1388e-14
1.0634e+14	2.4188e-15	1.9636e-14
1.065e+14	2.4805e-15	2.0159e-14
1.0665e+14	2.4854e-15	2.0722e-14
1.068e+14	2.1738e-15	1.9144e-14
1.0695e+14	2.192e-15	1.8771e-14
1.071e+14	2.5497e-15	2.0063e-14
1.0725e+14	2.4984e-15	1.9459e-14
1.074e+14	2.1474e-15	1.7642e-14
1.0755e+14	2.0844e-15	1.7362e-14
1.077e+14	2.1778e-15	1.7656e-14
1.0785e+14	2.2355e-15	1.7855e-14
1.0801e+14	2.4161e-15	1.9051e-14
1.0816e+14	2.4647e-15	1.9356e-14
1.0831e+14	2.1248e-15	1.7059e-14
1.0846e+14	1.8759e-15	1.5511e-14
1.0861e+14	2.0155e-15	1.6827e-14
1.0876e+14	2.0959e-15	1.7544e-14
1.0891e+14	1.9201e-15	1.5693e-14
1.0906e+14	1.8273e-15	1.4057e-14
1.0921e+14	1.9352e-15	1.4372e-14
1.0937e+14	2.0442e-15	1.5251e-14
1.0952e+14	1.9985e-15	1.5316e-14
1.0967e+14	1.8157e-15	1.4418e-14
1.0982e+14	1.7496e-15	1.3486e-14
1.0997e+14	1.9202e-15	1.3658e-14
1.1012e+14	1.952e-15	1.414e-14
1.1027e+14	1.6598e-15	1.3347e-14
1.1042e+14	1.4712e-15	1.2052e-14
1.1057e+14	1.5158e-15	1.1571e-14
1.1073e+14	1.4206e-15	1.1018e-14
1.1088e+14	1.2495e-15	9.9101e-15
1.1103e+14	1.2925e-15	9.5423e-15
1.1118e+14	1.2997e-15	9.7756e-15
1.1133e+14	1.1051e-15	9.1876e-15
1.1148e+14	1.045e-15	8.2623e-15
1.1163e+14	1.12e-15	8.1266e-15
1.1178e+14	1.0202e-15	8.1472e-15
1.1193e+14	8.9313e-16	7.6282e-15
1.1208e+14	9.0779e-16	6.9801e-15
1.1224e+14	8.2851e-16	6.4087e-15
1.1239e+14	7.1085e-16	6.0964e-15
1.1254e+14	8.3687e-16	6.4911e-15
1.1269e+14	9.5996e-16	6.8913e-15
1.1284e+14	8.013e-16	6.215e-15
1.1299e+14	6.4753e-16	5.168e-15
1.1314e+14	6.562e-16	4.908e-15
1.1329e+14	6.0419e-16	4.9367e-15
1.1344e+14	5.2033e-16	4.4931e-15
1.136e+14	5.404e-16	3.9649e-15
1.1375e+14	5.2347e-16	3.7754e-15
1.139e+14	4.4998e-16	3.7505e-15
1.1405e+14	4.5827e-16	3.6617e-15
1.142e+14	4.4311e-16	3.3751e-15
1.1435e+14	3.4974e-16	3.009e-15
1.145e+14	3.5128e-16	2.871e-15
1.1465e+14	3.7077e-16	2.7848e-15
1.148e+14	2.5545e-16	2.4725e-15
1.1495e+14	2.1889e-16	2.3519e-15
1.1511e+14	3.2922e-16	2.564e-15
1.1526e+14	3.0065e-16	2.4172e-15
1.1541e+14	1.836e-16	1.9123e-15
1.1556e+14	2.3135e-16	1.8296e-15
1.1571e+14	2.7135e-16	2.0112e-15
1.1586e+14	1.6568e-16	1.8367e-15
1.1601e+14	1.6581e-16	1.6582e-15
1.1616e+14	2.6511e-16	1.8145e-15
1.1631e+14	2.1795e-16	1.7933e-15
1.1647e+14	1.4905e-16	1.4862e-15
1.1662e+14	2.0051e-16	1.3815e-15
1.1677e+14	1.8263e-16	1.4369e-15
1.1692e+14	1.0737e-16	1.3716e-15
1.1707e+14	1.5674e-16	1.3162e-15
1.1722e+14	1.8507e-16	1.3006e-15
1.1737e+14	1.0114e-16	1.2128e-15
1.1752e+14	1.2322e-16	1.2095e-15
1.1767e+14	2.0472e-16	1.2768e-15
1.1782e+14	1.3499e-16	1.1794e-15
1.1798e+14	8.1602e-17	1.086e-15
1.1813e+14	1.6308e-16	1.1735e-15
1.1828e+14	1.5216e-16	1.164e-15
1.1843e+14	7.4345e-17	1.0494e-15
1.1858e+14	1.378e-16	1.1181e-15
1.1873e+14	1.799e-16	1.1609e-15
1.1888e+14	8.2955e-17	9.7614e-16
1.1903e+14	8.4868e-17	9.5684e-16
1.1918e+14	1.7404e-16	1.1806e-15
1.1934e+14	1.2868e-16	1.2059e-15
1.1949e+14	8.1578e-17	1.0673e-15
1.1964e+14	1.5343e-16	1.0612e-15
1.1979e+14	1.4061e-16	1.0483e-15
1.1994e+14	6.5775e-17	9.823e-16
1.2009e+14	1.2426e-16	1.0501e-15
1.2024e+14	1.6252e-16	1.0465e-15
1.2039e+14	7.0605e-17	8.342e-16
1.2054e+14	7.3424e-17	8.0318e-16
1.2069e+14	1.5341e-16	9.8944e-16
1.2085e+14	1.0224e-16	9.7867e-16
1.21e+14	6.0613e-17	8.7256e-16
1.2115e+14	1.4008e-16	9.49e-16
1.213e+14	1.2556e-16	9.5787e-16
1.2145e+14	4.1105e-17	8.1578e-16
1.216e+14	9.8373e-17	8.3977e-16
1.2175e+14	1.5258e-16	9.3031e-16
1.219e+14	7.3711e-17	8.2536e-16
1.2205e+14	6.6765e-17	7.485e-16
1.2221e+14	1.3163e-16	8.2567e-16
1.2236e+14	8.3225e-17	8.252e-16
1.2251e+14	4.9199e-17	7.9216e-16
1.2266e+14	1.2507e-16	8.552e-16
1.2281e+14	1.1203e-16	8.2753e-16
1.2296e+14	4.3407e-17	7.3737e-16
1.2311e+14	1.0605e-16	8.036e-16
1.2326e+14	1.4257e-16	8.2143e-16
1.2341e+14	4.8336e-17	6.4259e-16
1.2356e+14	4.7347e-17	6.02e-16
1.2372e+14	1.2425e-16	7.2955e-16
1.2387e+14	7.6962e-17	6.9825e-16
1.2402e+14	4.0135e-17	6.3873e-16
1.2417e+14	1.1929e-16	7.5895e-16
1.2432e+14	1.0681e-16	7.7757e-16
1.2447e+14	2.5912e-17	6.2306e-16
1.2462e+14	7.5788e-17	6.0059e-16
1.2477e+14	1.1736e-16	6.5267e-16
1.2492e+14	4.0489e-17	6.0909e-16
1.2508e+14	5.0362e-17	6.5091e-16
1.2523e+14	1.2717e-16	7.4387e-16
1.2538e+14	7.3725e-17	6.3264e-16
1.2553e+14	2.5288e-17	5.0552e-16
1.2568e+14	9.3998e-17	5.6176e-16
1.2583e+14	8.4393e-17	5.4081e-16
1.2598e+14	1.5144e-17	4.2801e-16
1.2613e+14	6.8559e-17	5.0153e-16
1.2628e+14	1.0436e-16	5.8571e-16
1.2644e+14	2.4276e-17	4.6503e-16
1.2659e+14	3.4302e-17	4.1925e-16
1.2674e+14	1.0697e-16	5.063e-16
1.2689e+14	4.7826e-17	4.3985e-16
1.2704e+14	2.1797e-18	3.5134e-16
1.2719e+14	8.076e-17	4.4576e-16
1.2734e+14	7.4417e-17	4.5498e-16
1.2749e+14	-1.8984e-18	3.2398e-16
1.2764e+14	4.8845e-17	3.6005e-16
1.2779e+14	9.2891e-17	4.5095e-16
1.2795e+14	1.5449e-17	3.5051e-16
1.281e+14	1.5195e-17	2.8785e-16
1.2825e+14	8.4006e-17	3.7113e-16
1.284e+14	3.5195e-17	3.4573e-16
1.2855e+14	-5.883e-18	2.6614e-16
1.287e+14	6.5603e-17	3.1898e-16
1.2885e+14	5.9223e-17	3.3035e-16
1.29e+14	-8.2386e-18	2.5394e-16
1.2915e+14	4.2727e-17	2.9974e-16
1.2931e+14	7.8815e-17	3.4883e-16
1.2946e+14	-6.9015e-19	2.3234e-16
1.2961e+14	2.5818e-18	1.8425e-16
1.2976e+14	7.4116e-17	2.7569e-16
1.2991e+14	2.8616e-17	2.6144e-16
1.3006e+14	-1.0263e-17	1.9668e-16
1.3021e+14	5.7587e-17	2.3931e-16
1.3036e+14	4.6019e-17	2.28e-16
1.3051e+14	-2.2915e-17	1.4638e-16
1.3066e+14	2.8343e-17	1.94e-16
1.3082e+14	6.7412e-17	2.502e-16
1.3097e+14	-4.2549e-18	1.6849e-16
1.3112e+14	3.4854e-18	1.5538e-16
1.3127e+14	6.9201e-17	2.324e-16
1.3142e+14	1.6641e-17	1.8157e-16
1.3157e+14	-2.052e-17	1.2032e-16
1.3172e+14	5.3207e-17	1.973e-16
1.3187e+14	4.3597e-17	1.9782e-16
1.3202e+14	-2.7023e-17	9.656e-17
1.3218e+14	2.2056e-17	1.278e-16
1.3233e+14	5.9146e-17	1.9335e-16
1.3248e+14	-1.3782e-17	1.322e-16
1.3263e+14	-5.5778e-18	1.2261e-16
1.3278e+14	6.1985e-17	1.8524e-16
1.3293e+14	1.1049e-17	1.2805e-16
1.3308e+14	-2.5847e-17	7.4489e-17
1.3323e+14	4.7193e-17	1.5406e-16
1.3338e+14	3.714e-17	1.5263e-16
1.3353e+14	-3.268e-17	6.2686e-17
1.3369e+14	1.8703e-17	1.0822e-16
1.3384e+14	5.7673e-17	1.6482e-16
1.3399e+14	-1.6496e-17	8.0753e-17
1.3414e+14	-1.0863e-17	6.8269e-17
1.3429e+14	5.7074e-17	1.5006e-16
1.3444e+14	8.0589e-18	1.0208e-16
1.3459e+14	-2.9129e-17	3.8019e-17
1.3474e+14	4.3863e-17	1.1477e-16
1.3489e+14	3.6349e-17	1.2804e-16
1.3505e+14	-3.2963e-17	4.1529e-17
1.352e+14	1.5455e-17	7.0493e-17
1.3535e+14	5.3793e-17	1.2378e-16
1.355e+14	-1.7853e-17	5.9239e-17
1.3565e+14	-1.1253e-17	5.6029e-17
1.358e+14	5.6634e-17	1.2991e-16
1.3595e+14	8.3701e-18	8.5236e-17
1.361e+14	-3.0454e-17	3.272e-17
1.3625e+14	3.916e-17	1.0254e-16
1.364e+14	3.2275e-17	1.0333e-16
1.3656e+14	-3.347e-17	2.6976e-17
1.3671e+14	1.5757e-17	7.2373e-17
1.3686e+14	5.2633e-17	1.2e-16
1.3701e+14	-1.9908e-17	4.0211e-17
1.3716e+14	-1.4102e-17	3.4426e-17
1.3731e+14	5.3734e-17	1.1068e-16
1.3746e+14	7.0389e-18	6.1778e-17
1.3761e+14	-3.1378e-17	7.6296e-18
1.3776e+14	3.6823e-17	8.5049e-17
1.3792e+14	2.9953e-17	9.2222e-17
1.3807e+14	-3.4658e-17	1.4557e-17
1.3822e+14	1.447e-17	5.8676e-17
1.3837e+14	5.1669e-17	1.1001e-16
1.3852e+14	-1.9358e-17	3.3946e-17
1.3867e+14	-1.3828e-17	2.9479e-17
1.3882e+14	5.1977e-17	1.0635e-16
1.3897e+14	4.5532e-18	5.5256e-17
1.3912e+14	-3.284e-17	-2.3313e-18
1.3927e+14	3.7224e-17	7.8984e-17
1.3943e+14	3.1842e-17	9.3496e-17
1.3958e+14	-3.4148e-17	1.2303e-17
1.3973e+14	1.2115e-17	4.79e-17
1.3988e+14	4.9774e-17	1.0219e-16
1.4003e+14	-1.9134e-17	3.0782e-17
1.4018e+14	-1.4794e-17	1.7992e-17
1.4033e+14	4.9571e-17	9.1236e-17
1.4048e+14	4.4712e-18	5.4566e-17
1.4063e+14	-3.1407e-17	4.4606e-18
1.4079e+14	3.6676e-17	7.2438e-17
1.4094e+14	3.0616e-17	7.8202e-17
1.4109e+14	-3.3994e-17	4.4946e-18
1.4124e+14	1.1829e-17	4.4293e-17
1.4139e+14	4.843e-17	9.5269e-17
1.4154e+14	-1.9715e-17	2.5837e-17
1.4169e+14	-1.4708e-17	1.6152e-17
1.4184e+14	4.9773e-17	8.6474e-17
1.4199e+14	5.3767e-18	5.067e-17
1.4215e+14	-3.1157e-17	7.2375e-18
1.423e+14	3.5197e-17	7.5044e-17
1.4245e+14	3.0059e-17	7.472e-17
1.426e+14	-3.2804e-17	5.17e-19
1.4275e+14	1.1427e-17	4.2625e-17
1.429e+14	4.6311e-17	9.0939e-17
1.4305e+14	-2.0194e-17	1.9645e-17
1.432e+14	-1.3989e-17	1.6065e-17
1.4335e+14	4.9258e-17	9.3928e-17
1.435e+14	4.5195e-18	5.656e-17
1.4366e+14	-3.1363e-17	4.3932e-18
1.4381e+14	3.4481e-17	6.9313e-17
1.4396e+14	2.9128e-17	7.6183e-17
1.4411e+14	-3.2687e-17	6.2717e-18
1.4426e+14	1.2155e-17	4.2257e-17
1.4441e+14	4.7357e-17	8.6333e-17
1.4456e+14	-1.8826e-17	1.9795e-17
1.4471e+14	-1.4248e-17	1.7256e-17
1.4486e+14	4.6476e-17	8.7027e-17
1.4502e+14	2.2105e-18	4.5874e-17
1.4517e+14	-3.0705e-17	-1.1286e-18
1.4532e+14	3.6702e-17	6.5719e-17
1.4547e+14	3.0337e-17	6.8253e-17
1.4562e+14	-3.3429e-17	1.658e-19
1.4577e+14	1.0634e-17	4.8478e-17
1.4592e+14	4.688e-17	1.0191e-16
1.4607e+14	-1.8617e-17	3.0278e-17
1.4622e+14	-1.4471e-17	1.673e-17
1.4637e+14	4.7492e-17	8.4469e-17
1.4653e+14	4.9633e-18	4.7211e-17
1.4668e+14	-3.0478e-17	-1.216e-18
1.4683e+14	3.3261e-17	6.416e-17
1.4698e+14	2.8772e-17	7.2736e-17
1.4713e+14	-3.1354e-17	5.4979e-18
1.4728e+14	1.1783e-17	4.1554e-17
1.4743e+14	4.6606e-17	8.7917e-17
1.4758e+14	-1.7163e-17	2.5253e-17
1.4773e+14	-1.311e-17	2.0698e-17
1.4789e+14	4.6176e-17	8.8026e-17
1.4804e+14	3.7923e-18	4.9815e-17
1.4819e+14	-2.9924e-17	1.3763e-18
1.4834e+14	3.2958e-17	6.3396e-17
1.4849e+14	2.7928e-17	7.0981e-17
1.4864e+14	-3.0491e-17	6.6001e-18
1.4879e+14	1.2267e-17	4.0636e-17
1.4894e+14	4.4398e-17	8.1524e-17
1.4909e+14	-1.956e-17	1.7942e-17
1.4924e+14	-1.3425e-17	1.3306e-17
1.494e+14	4.6738e-17	7.8764e-17
1.4955e+14	4.3802e-18	4.5517e-17
1.497e+14	-2.8916e-17	6.982e-18
1.4985e+14	3.3912e-17	6.9811e-17
1.5e+14	2.8171e-17	7.0641e-17
1.5015e+14	-3.1052e-17	6.0612e-18
1.503e+14	1.0896e-17	4.5662e-17
1.5045e+14	4.293e-17	8.633e-17
1.506e+14	-2.0228e-17	1.7347e-17
1.5076e+14	-1.369e-17	1.1796e-17
1.5091e+14	4.6356e-17	8.1423e-17
1.5106e+14	4.1801e-18	4.8637e-17
1.5121e+14	-2.9207e-17	4.4513e-18
1.5136e+14	3.3258e-17	6.472e-17
1.5151e+14	2.8081e-17	7.0302e-17
1.5166e+14	-3.0435e-17	7.3827e-18
1.5181e+14	1.1336e-17	4.0854e-17
1.5196e+14	4.3944e-17	8.0693e-17
1.5211e+14	-1.7697e-17	2.1218e-17
1.5227e+14	-1.1429e-17	1.9891e-17
1.5242e+14	4.6674e-17	8.2303e-17
1.5257e+14	3.7398e-18	4.5471e-17
1.5272e+14	-2.9215e-17	5.5165e-18
1.5287e+14	3.3274e-17	6.6497e-17
1.5302e+14	2.7964e-17	6.6998e-17
1.5317e+14	-3.0556e-17	2.3069e-18
1.5332e+14	1.0954e-17	3.7517e-17
1.5347e+14	4.3419e-17	7.7284e-17
1.5363e+14	-1.8357e-17	1.8124e-17
1.5378e+14	-1.2482e-17	1.9516e-17
1.5393e+14	4.6171e-17	8.1827e-17
1.5408e+14	4.501e-18	4.0372e-17
1.5423e+14	-2.8725e-17	-2.2914e-18
1.5438e+14	3.2811e-17	6.1474e-17
1.5453e+14	2.8378e-17	6.6377e-17
1.5468e+14	-2.9134e-17	4.4184e-18
1.5483e+14	1.1349e-17	4.0993e-17
1.5498e+14	4.2912e-17	7.939e-17
1.5514e+14	-1.8361e-17	1.5345e-17
1.5529e+14	-1.2293e-17	1.4751e-17
1.5544e+14	4.6572e-17	8.2648e-17
1.5559e+14	5.9679e-18	4.5711e-17
1.5574e+14	-2.7336e-17	-1.3096e-18
1.5589e+14	3.2751e-17	5.7717e-17
1.5604e+14	2.7734e-17	6.4368e-17
1.5619e+14	-3.0167e-17	1.8098e-18
1.5634e+14	9.2559e-18	3.3311e-17
1.565e+14	4.1569e-17	7.3772e-17
1.5665e+14	-1.7624e-17	1.5711e-17
1.568e+14	-1.2069e-17	9.6021e-18
1.5695e+14	4.4744e-17	6.7668e-17
1.571e+14	3.9932e-18	3.5432e-17
1.5725e+14	-2.924e-17	3.9851e-19
1.574e+14	2.9728e-17	6.0513e-17
1.5755e+14	2.5495e-17	6.199e-17
1.577e+14	-2.9721e-17	-3.4946e-19
1.5785e+14	1.0533e-17	3.2938e-17
1.5801e+14	4.1833e-17	7.2876e-17
1.5816e+14	-1.8336e-17	1.6284e-17
1.5831e+14	-1.408e-17	1.1724e-17
1.5846e+14	4.2393e-17	6.7506e-17
1.5861e+14	4.1084e-18	3.4475e-17
1.5876e+14	-2.6975e-17	1.6391e-18
1.5891e+14	3.0833e-17	5.884e-17
1.5906e+14	2.488e-17	5.3397e-17
1.5921e+14	-3.0651e-17	-9.5082e-18
1.5937e+14	8.7369e-18	2.7743e-17
1.5952e+14	3.9166e-17	6.6864e-17
1.5967e+14	-1.9359e-17	8.8769e-18
1.5982e+14	-1.261e-17	1.0408e-17
1.5997e+14	4.3955e-17	7.1358e-17
1.6012e+14	3.9602e-18	3.2198e-17
1.6027e+14	-2.8151e-17	-8.3624e-18
1.6042e+14	2.9976e-17	5.2487e-17
1.6057e+14	2.4553e-17	5.4125e-17
1.6073e+14	-3.108e-17	-1.062e-17
1.6088e+14	8.6673e-18	2.2475e-17
1.6103e+14	4.0565e-17	6.4118e-17
1.6118e+14	-1.8001e-17	7.7591e-18
1.6133e+14	-1.3962e-17	5.0202e-18
1.6148e+14	4.124e-17	6.6139e-17
1.6163e+14	3.1195e-18	3.4201e-17
1.6178e+14	-2.7786e-17	-4.1047e-18
1.6193e+14	2.9622e-17	5.2226e-17
1.6208e+14	2.4543e-17	5.2652e-17
1.6224e+14	-3.0496e-17	-9.661e-18
1.6239e+14	7.5037e-18	2.3961e-17
1.6254e+14	3.7829e-17	6.632e-17
1.6269e+14	-1.9625e-17	1.0879e-17
1.6284e+14	-1.4307e-17	4.1342e-18
1.6299e+14	4.0819e-17	6.0556e-17
1.6314e+14	2.8089e-18	3.0215e-17
1.6329e+14	-2.8124e-17	-5.9623e-18
1.6344e+14	2.8199e-17	4.8544e-17
1.636e+14	2.2638e-17	5.1255e-17
1.6375e+14	-3.1322e-17	-4.5256e-18
1.639e+14	8.038e-18	2.7357e-17
1.6405e+14	3.9148e-17	6.0533e-17
1.642e+14	-1.8537e-17	3.4652e-18
1.6435e+14	-1.4559e-17	4.0981e-18
1.645e+14	3.9644e-17	6.4258e-17
1.6465e+14	1.8809e-18	3.1376e-17
1.648e+14	-2.8687e-17	-5.1637e-18
1.6495e+14	2.8587e-17	5.2051e-17
1.6511e+14	2.4854e-17	5.2749e-17
1.6526e+14	-2.9286e-17	-9.754e-18
1.6541e+14	7.6442e-18	2.0988e-17
1.6556e+14	3.8424e-17	6.0942e-17
1.6571e+14	-1.756e-17	6.8579e-18
1.6586e+14	-1.4153e-17	1.8914e-18
1.6601e+14	3.8497e-17	5.8999e-17
1.6616e+14	1.6613e-18	2.9777e-17
1.6631e+14	-2.8256e-17	-7.0965e-18
1.6647e+14	2.7099e-17	4.4851e-17
1.6662e+14	2.2545e-17	4.7535e-17
1.6677e+14	-3.0121e-17	-6.7379e-18
1.6692e+14	7.3801e-18	2.5664e-17
1.6707e+14	3.7894e-17	6.1465e-17
1.6722e+14	-1.7584e-17	7.1773e-18
1.6737e+14	-1.4499e-17	4.6344e-18
1.6752e+14	3.6957e-17	6.1337e-17
1.6767e+14	7.9235e-19	3.1767e-17
1.6782e+14	-2.7178e-17	-2.6082e-18
1.6798e+14	2.8947e-17	5.115e-17
1.6813e+14	2.4381e-17	5.235e-17
1.6828e+14	-2.8915e-17	-5.3019e-18
1.6843e+14	6.4539e-18	2.4963e-17
1.6858e+14	3.5744e-17	6.2754e-17
1.6873e+14	-1.7629e-17	1.2566e-17
1.6888e+14	-1.2015e-17	1.0691e-17
1.6903e+14	3.9295e-17	6.4891e-17
1.6918e+14	1.846e-18	3.3717e-17
1.6934e+14	-2.6925e-17	-3.1022e-18
1.6949e+14	2.8247e-17	4.5562e-17
1.6964e+14	2.3142e-17	4.545e-17
1.6979e+14	-2.8928e-17	-5.8055e-18
1.6994e+14	8.3359e-18	3.1087e-17
1.7009e+14	3.789e-17	6.8617e-17
1.7024e+14	-1.6987e-17	1.4267e-17
1.7039e+14	-1.2522e-17	9.9532e-18
1.7054e+14	3.9242e-17	6.3978e-17
1.7069e+14	2.447e-18	3.319e-17
1.7085e+14	-2.666e-17	-2.0657e-18
1.71e+14	2.8252e-17	5.0293e-17
1.7115e+14	2.3069e-17	5.2611e-17
1.713e+14	-3.0118e-17	-1.6656e-18
1.7145e+14	6.6296e-18	3.0221e-17
1.716e+14	3.7856e-17	6.7179e-17
1.7175e+14	-1.6553e-17	1.4549e-17
1.719e+14	-1.4335e-17	9.4355e-18
1.7205e+14	3.7339e-17	6.3393e-17
1.7221e+14	3.4638e-18	3.5623e-17
1.7236e+14	-2.5235e-17	7.6575e-19
1.7251e+14	2.8122e-17	5.0093e-17
1.7266e+14	2.4503e-17	5.2761e-17
1.7281e+14	-2.6839e-17	1.7864e-18
1.7296e+14	7.6453e-18	3.4092e-17
1.7311e+14	3.7323e-17	7.0379e-17
1.7326e+14	-1.4344e-17	1.9088e-17
1.7341e+14	-1.0689e-17	1.3511e-17
1.7356e+14	3.8382e-17	6.4268e-17
1.7372e+14	2.2774e-18	3.5407e-17
1.7387e+14	-2.6942e-17	2.2252e-18
1.7402e+14	2.5885e-17	5.3745e-17
1.7417e+14	2.3034e-17	5.9088e-17
1.7432e+14	-2.6286e-17	8.1231e-18
1.7447e+14	8.0962e-18	3.4194e-17
1.7462e+14	3.5811e-17	6.3814e-17
1.7477e+14	-1.6424e-17	1.2561e-17
1.7492e+14	-1.1968e-17	1.0232e-17
1.7508e+14	3.7988e-17	6.1865e-17
1.7523e+14	3.2399e-18	3.2719e-17
1.7538e+14	-2.504e-17	-3.4893e-19
1.7553e+14	2.6744e-17	5.0856e-17
1.7568e+14	2.2001e-17	5.5868e-17
1.7583e+14	-2.8142e-17	4.4784e-18
1.7598e+14	6.8286e-18	3.0275e-17
1.7613e+14	3.6029e-17	6.3173e-17
1.7628e+14	-1.5424e-17	1.7971e-17
1.7644e+14	-1.2155e-17	1.7162e-17
1.7659e+14	3.6515e-17	6.4867e-17
1.7674e+14	2.1957e-18	3.3133e-17
1.7689e+14	-2.5501e-17	-2.4442e-19
1.7704e+14	2.6502e-17	4.9964e-17
1.7719e+14	2.3366e-17	5.6178e-17
1.7734e+14	-2.5281e-17	9.1378e-18
1.7749e+14	8.3301e-18	3.6084e-17
1.7764e+14	3.5522e-17	6.5718e-17
1.7779e+14	-1.569e-17	1.8746e-17
1.7795e+14	-1.1524e-17	1.8469e-17
1.781e+14	3.7522e-17	6.6606e-17
1.7825e+14	4.3863e-18	3.7656e-17
1.784e+14	-2.2419e-17	9.514e-18
1.7855e+14	2.8136e-17	6.0909e-17
1.787e+14	2.3006e-17	6.2744e-17
1.7885e+14	-2.5732e-17	1.2705e-17
1.79e+14	8.9308e-18	4.152e-17
1.7915e+14	3.6825e-17	7.3057e-17
1.7931e+14	-1.4393e-17	2.353e-17
1.7946e+14	-1.0807e-17	1.9149e-17
1.7961e+14	3.7766e-17	6.7457e-17
1.7976e+14	4.3682e-18	4.1552e-17
1.7991e+14	-2.3155e-17	1.1865e-17
1.8006e+14	2.732e-17	5.7122e-17
1.8021e+14	2.3863e-17	5.6302e-17
1.8036e+14	-2.406e-17	7.9441e-18
1.8051e+14	8.7919e-18	3.7079e-17
1.8066e+14	3.5623e-17	7.0115e-17
1.8082e+14	-1.4249e-17	2.7629e-17
1.8097e+14	-1.0403e-17	2.7537e-17
1.8112e+14	3.6616e-17	7.0043e-17
1.8127e+14	3.1906e-18	3.7626e-17
1.8142e+14	-2.3176e-17	9.8098e-18
1.8157e+14	2.6824e-17	5.8826e-17
1.8172e+14	2.2436e-17	5.7316e-17
1.8187e+14	-2.4807e-17	8.1308e-18
1.8202e+14	8.947e-18	3.8202e-17
1.8218e+14	3.5918e-17	7.0563e-17
1.8233e+14	-1.333e-17	2.8293e-17
1.8248e+14	-8.6235e-18	3.3006e-17
1.8263e+14	3.8071e-17	7.9262e-17
1.8278e+14	3.7499e-18	4.4098e-17
1.8293e+14	-2.2802e-17	1.2271e-17
1.8308e+14	2.7179e-17	6.1583e-17
1.8323e+14	2.2121e-17	6.2079e-17
1.8338e+14	-2.5491e-17	1.422e-17
1.8353e+14	9.2535e-18	4.5827e-17
1.8369e+14	3.7084e-17	7.6968e-17
1.8384e+14	-1.3495e-17	2.8084e-17
1.8399e+14	-1.0582e-17	2.7328e-17
1.8414e+14	3.7071e-17	7.6013e-17
1.8429e+14	5.0986e-18	4.7027e-17
1.8444e+14	-2.0971e-17	1.9063e-17
1.8459e+14	2.8825e-17	7.086e-17
1.8474e+14	2.4876e-17	7.2578e-17
1.8489e+14	-2.2535e-17	2.1988e-17
1.8505e+14	1.0437e-17	5.0783e-17
1.852e+14	3.728e-17	8.4626e-17
1.8535e+14	-1.297e-17	3.9168e-17
1.855e+14	-1.0162e-17	3.5696e-17
1.8565e+14	3.7608e-17	7.9408e-17
1.858e+14	5.9937e-18	4.9211e-17
1.8595e+14	-2.1572e-17	2.1887e-17
1.861e+14	2.6625e-17	7.3793e-17
1.8625e+14	2.4047e-17	7.7165e-17
1.864e+14	-2.2112e-17	2.9497e-17
1.8656e+14	9.2494e-18	5.8632e-17
1.8671e+14	3.6195e-17	8.9092e-17
1.8686e+14	-1.0369e-17	3.9898e-17
1.8701e+14	-6.367e-18	3.6505e-17
1.8716e+14	3.8071e-17	8.3622e-17
1.8731e+14	4.0785e-18	5.442e-17
1.8746e+14	-2.2851e-17	2.3901e-17
1.8761e+14	2.6262e-17	7.3857e-17
1.8776e+14	2.4624e-17	7.755e-17
1.8792e+14	-1.977e-17	2.8067e-17
1.8807e+14	1.2267e-17	5.6918e-17
1.8822e+14	3.7603e-17	9.4105e-17
1.8837e+14	-1.1065e-17	5.0195e-17
1.8852e+14	-7.4945e-18	4.3292e-17
1.8867e+14	3.8767e-17	8.8271e-17
1.8882e+14	7.1415e-18	6.4177e-17
1.8897e+14	-1.9386e-17	3.5231e-17
1.8912e+14	2.8504e-17	8.1854e-17
1.8927e+14	2.6042e-17	8.8212e-17
1.8943e+14	-1.9203e-17	4.1666e-17
1.8958e+14	1.1371e-17	6.0393e-17
1.8973e+14	3.6595e-17	8.4805e-17
1.8988e+14	-1.0785e-17	4.281e-17
1.9003e+14	-7.1567e-18	4.6557e-17
1.9018e+14	3.8426e-17	9.8293e-17
1.9033e+14	7.6357e-18	7.7505e-17
1.9048e+14	-1.8049e-17	4.814e-17
1.9063e+14	2.8953e-17	8.7606e-17
1.9079e+14	2.6049e-17	8.9334e-17
1.9094e+14	-1.7755e-17	5.0301e-17
1.9109e+14	1.4407e-17	8.0482e-17
1.9124e+14	4.0316e-17	1.0855e-16
1.9139e+14	-7.1083e-18	6.2186e-17
1.9154e+14	-4.2946e-18	5.6522e-17
1.9169e+14	4.0529e-17	9.7555e-17
1.9184e+14	9.447e-18	7.31e-17
1.9199e+14	-1.7447e-17	4.8302e-17
1.9215e+14	2.7882e-17	9.0472e-17
1.923e+14	2.5289e-17	8.9352e-17
1.9245e+14	-1.7152e-17	4.8284e-17
1.926e+14	1.467e-17	7.8335e-17
1.9275e+14	3.9573e-17	1.055e-16
1.929e+14	-7.7569e-18	6.1258e-17
1.9305e+14	-5.3028e-18	6.2049e-17
1.932e+14	3.8354e-17	1.0607e-16
1.9335e+14	7.968e-18	7.8224e-17
1.935e+14	-1.6217e-17	5.0358e-17
1.9366e+14	3.0692e-17	9.2736e-17
1.9381e+14	2.6977e-17	9.2187e-17
1.9396e+14	-1.8202e-17	5.1088e-17
1.9411e+14	1.1194e-17	7.9242e-17
1.9426e+14	3.569e-17	1.0093e-16
1.9441e+14	-9.9364e-18	5.3368e-17
1.9456e+14	-5.0804e-18	5.9319e-17
1.9471e+14	4.0577e-17	1.1132e-16
1.9486e+14	1.0975e-17	8.7635e-17
1.9502e+14	-1.4046e-17	6.4443e-17
1.9517e+14	3.1948e-17	1.1199e-16
1.9532e+14	2.86e-17	1.0728e-16
1.9547e+14	-1.6282e-17	5.6694e-17
1.9562e+14	1.2835e-17	8.6825e-17
1.9577e+14	3.8293e-17	1.1861e-16
1.9592e+14	-6.0309e-18	6.9996e-17
1.9607e+14	-2.4398e-18	6.467e-17
1.9622e+14	4.0692e-17	1.0979e-16
1.9637e+14	1.0266e-17	8.164e-17
1.9653e+14	-1.49e-17	5.1218e-17
1.9668e+14	3.0431e-17	1.005e-16
1.9683e+14	2.7684e-17	1.0937e-16
1.9698e+14	-1.5507e-17	6.4192e-17
1.9713e+14	1.3729e-17	8.3595e-17
1.9728e+14	3.7824e-17	1.0654e-16
1.9743e+14	-7.2585e-18	6.2784e-17
1.9758e+14	-3.4422e-18	6.8463e-17
1.9773e+14	4.0464e-17	1.2236e-16
1.9789e+14	1.0951e-17	9.7752e-17
1.9804e+14	-1.4071e-17	6.4276e-17
1.9819e+14	3.0785e-17	1.0701e-16
1.9834e+14	2.788e-17	1.1041e-16
1.9849e+14	-1.5394e-17	6.4268e-17
1.9864e+14	1.4166e-17	9.3856e-17
1.9879e+14	4.0024e-17	1.3513e-16
1.9894e+14	-3.9728e-18	9.5117e-17
1.9909e+14	-2.0871e-18	8.1288e-17
1.9924e+14	3.9835e-17	1.1908e-16
1.994e+14	1.0871e-17	9.7625e-17
1.9955e+14	-1.4148e-17	6.5802e-17
1.997e+14	2.9165e-17	1.0116e-16
1.9985e+14	2.7003e-17	1.0983e-16
2e+14	-1.3717e-17	7.7774e-17
2.0015e+14	1.6117e-17	1.005e-16
2.003e+14	4.1236e-17	1.2051e-16
2.0045e+14	-1.9046e-18	7.82e-17
2.006e+14	-1.4976e-19	7.8147e-17
2.0076e+14	4.0023e-17	1.1982e-16
2.0091e+14	1.174e-17	9.6133e-17
2.0106e+14	-1.1085e-17	7.1524e-17
2.0121e+14	3.1083e-17	1.1301e-16
2.0136e+14	2.6381e-17	1.1443e-16
2.0151e+14	-1.3581e-17	7.4429e-17
2.0166e+14	1.7511e-17	1.002e-16
2.0181e+14	4.0535e-17	1.2715e-16
2.0196e+14	-3.9786e-18	9.0522e-17
2.0211e+14	7.4351e-19	9.7673e-17
2.0227e+14	4.3067e-17	1.4281e-16
2.0242e+14	1.1726e-17	1.1237e-16
2.0257e+14	-1.423e-17	7.9139e-17
2.0272e+14	2.9832e-17	1.1845e-16
2.0287e+14	2.7589e-17	1.1619e-16
2.0302e+14	-1.4372e-17	6.6771e-17
2.0317e+14	1.4262e-17	9.0447e-17
2.0332e+14	3.8653e-17	1.2522e-16
2.0347e+14	-4.5196e-18	8.7861e-17
2.0363e+14	-1.0455e-18	8.3281e-17
2.0378e+14	4.2202e-17	1.2853e-16
2.0393e+14	1.5023e-17	1.1321e-16
2.0408e+14	-9.5216e-18	8.586e-17
2.0423e+14	3.2394e-17	1.1904e-16
2.0438e+14	2.9662e-17	1.204e-16
2.0453e+14	-1.1387e-17	8.1563e-17
2.0468e+14	1.6046e-17	1.0141e-16
2.0483e+14	3.9296e-17	1.2667e-16
2.0498e+14	-2.8398e-18	9.6052e-17
2.0514e+14	7.6854e-21	1.0159e-16
2.0529e+14	4.0048e-17	1.3843e-16
2.0544e+14	1.2394e-17	1.1149e-16
2.0559e+14	-9.0211e-18	9.063e-17
2.0574e+14	3.4255e-17	1.3392e-16
2.0589e+14	3.0107e-17	1.3258e-16
2.0604e+14	-1.0715e-17	9.2943e-17
2.0619e+14	1.8951e-17	1.2207e-16
2.0634e+14	4.2083e-17	1.4553e-16
2.065e+14	-2.8446e-18	9.7015e-17
2.0665e+14	-8.8772e-19	9.5397e-17
2.068e+14	4.0676e-17	1.4141e-16
2.0695e+14	1.2169e-17	1.1309e-16
2.071e+14	-1.2566e-17	7.8772e-17
2.0725e+14	3.0655e-17	1.2493e-16
2.074e+14	2.9695e-17	1.3901e-16
2.0755e+14	-1.0712e-17	9.4811e-17
2.077e+14	1.6972e-17	1.0452e-16
2.0785e+14	4.066e-17	1.2725e-16
2.0801e+14	-2.9877e-18	9.3464e-17
2.0816e+14	-2.1265e-18	9.5492e-17
2.0831e+14	3.9978e-17	1.3849e-16
2.0846e+14	1.4985e-17	1.1508e-16
2.0861e+14	-8.9572e-18	8.1297e-17
2.0876e+14	3.2243e-17	1.1634e-16
2.0891e+14	3.1247e-17	1.2582e-16
2.0906e+14	-9.8636e-18	8.762e-17
2.0921e+14	1.3712e-17	9.7596e-17
2.0937e+14	3.6754e-17	1.1654e-16
2.0952e+14	-1.8777e-18	8.6828e-17
2.0967e+14	7.9212e-19	9.2648e-17
2.0982e+14	3.9666e-17	1.3121e-16
2.0997e+14	1.3626e-17	1.0477e-16
2.1012e+14	-1.0193e-17	6.9707e-17
2.1027e+14	2.7788e-17	9.7153e-17
2.1042e+14	2.6196e-17	1.0602e-16
2.1057e+14	-8.8082e-18	8.6385e-17
2.1073e+14	1.8825e-17	1.1175e-16
2.1088e+14	3.9366e-17	1.2379e-16
2.1103e+14	-8.0354e-19	8.4422e-17
2.1118e+14	3.6476e-18	9.5696e-17
2.1133e+14	4.176e-17	1.4189e-16
2.1148e+14	1.3392e-17	1.1703e-16
2.1163e+14	-8.6414e-18	8.7794e-17
2.1178e+14	3.2496e-17	1.2302e-16
2.1193e+14	2.9292e-17	1.2727e-16
2.1208e+14	-1.0231e-17	9.3825e-17
2.1224e+14	1.5499e-17	1.1234e-16
2.1239e+14	3.7136e-17	1.2942e-16
2.1254e+14	-2.1204e-18	9.7591e-17
2.1269e+14	1.6023e-18	1.0517e-16
2.1284e+14	3.8934e-17	1.3405e-16
2.1299e+14	1.211e-17	9.8762e-17
2.1314e+14	-6.9131e-18	8.2966e-17
2.1329e+14	3.463e-17	1.3474e-16
2.1344e+14	2.8604e-17	1.3192e-16
2.136e+14	-1.2112e-17	8.3544e-17
2.1375e+14	1.5622e-17	1.0381e-16
2.139e+14	3.7159e-17	1.2382e-16
2.1405e+14	-5.7656e-18	8.1215e-17
2.142e+14	-2.4202e-18	8.9026e-17
2.1435e+14	3.977e-17	1.3821e-16
2.145e+14	1.452e-17	1.0701e-16
2.1465e+14	-9.4883e-18	6.7332e-17
2.148e+14	2.9284e-17	1.0495e-16
2.1495e+14	2.6864e-17	1.1261e-16
2.1511e+14	-1.1091e-17	7.4274e-17
2.1526e+14	1.578e-17	9.8973e-17
2.1541e+14	3.869e-17	1.2995e-16
2.1556e+14	-9.1871e-19	8.902e-17
2.1571e+14	9.5638e-19	7.5859e-17
2.1586e+14	3.7989e-17	1.099e-16
2.1601e+14	1.0807e-17	9.0865e-17
2.1616e+14	-1.164e-17	6.7386e-17
2.1631e+14	2.8082e-17	1.0519e-16
2.1647e+14	2.5615e-17	1.0751e-16
2.1662e+14	-1.2296e-17	6.3844e-17
2.1677e+14	1.4145e-17	7.8399e-17
2.1692e+14	3.6297e-17	1.0403e-16
2.1707e+14	-3.5457e-18	7.144e-17
2.1722e+14	-1.3141e-18	6.9196e-17
2.1737e+14	3.6796e-17	1.0796e-16
2.1752e+14	1.0837e-17	9.0719e-17
2.1767e+14	-1.1845e-17	6.355e-17
2.1782e+14	2.6837e-17	9.1968e-17
2.1798e+14	2.4676e-17	9.3899e-17
2.1813e+14	-1.2659e-17	6.1437e-17
2.1828e+14	1.2483e-17	7.8626e-17
2.1843e+14	3.29e-17	9.318e-17
2.1858e+14	-7.2173e-18	5.4881e-17
2.1873e+14	-4.6703e-18	5.6998e-17
2.1888e+14	3.3788e-17	9.4961e-17
2.1903e+14	8.6556e-18	7.0474e-17
2.1918e+14	-1.3467e-17	4.3152e-17
2.1934e+14	2.5372e-17	7.9238e-17
2.1949e+14	2.4089e-17	8.5567e-17
2.1964e+14	-1.2399e-17	5.2066e-17
2.1979e+14	1.2347e-17	6.9427e-17
2.1994e+14	3.2483e-17	8.6696e-17
2.2009e+14	-7.3342e-18	4.7338e-17
2.2024e+14	-5.8497e-18	4.14e-17
2.2039e+14	3.0959e-17	7.2421e-17
2.2054e+14	6.5035e-18	5.2898e-17
2.2069e+14	-1.384e-17	3.8052e-17
2.2085e+14	2.4433e-17	7.6945e-17
2.21e+14	2.0885e-17	7.1852e-17
2.2115e+14	-1.6561e-17	2.9111e-17
2.213e+14	9.0603e-18	5.1706e-17
2.2145e+14	3.0528e-17	7.8961e-17
2.216e+14	-8.402e-18	4.0842e-17
2.2175e+14	-6.4699e-18	3.1414e-17
2.219e+14	3.066e-17	6.4011e-17
2.2205e+14	6.0806e-18	4.6881e-17
2.2221e+14	-1.5055e-17	2.7407e-17
2.2236e+14	2.2994e-17	6.1829e-17
2.2251e+14	2.0272e-17	6.1652e-17
2.2266e+14	-1.7048e-17	2.4687e-17
2.2281e+14	7.9429e-18	4.2918e-17
2.2296e+14	3.0275e-17	6.3959e-17
2.2311e+14	-6.9794e-18	3.0374e-17
2.2326e+14	-5.1291e-18	3.1103e-17
2.2341e+14	3.1128e-17	6.7737e-17
2.2356e+14	6.5077e-18	4.7842e-17
2.2372e+14	-1.5283e-17	2.3517e-17
2.2387e+14	2.1713e-17	5.3126e-17
2.2402e+14	1.993e-17	5.1189e-17
2.2417e+14	-1.627e-17	1.7507e-17
2.2432e+14	6.9401e-18	3.9757e-17
2.2447e+14	2.7271e-17	6.0984e-17
2.2462e+14	-9.0949e-18	2.5156e-17
2.2477e+14	-6.0278e-18	2.3668e-17
2.2492e+14	2.9733e-17	5.8055e-17
2.2508e+14	4.9046e-18	3.6522e-17
2.2523e+14	-1.6431e-17	1.2709e-17
2.2538e+14	2.0263e-17	4.5218e-17
2.2553e+14	1.844e-17	4.7616e-17
2.2568e+14	-1.6734e-17	1.6706e-17
2.2583e+14	6.808e-18	3.6456e-17
2.2598e+14	2.6445e-17	5.2266e-17
2.2613e+14	-1.0175e-17	1.5507e-17
2.2628e+14	-7.2034e-18	1.8158e-17
2.2644e+14	2.805e-17	5.4815e-17
2.2659e+14	3.4502e-18	3.2635e-17
2.2674e+14	-1.6784e-17	1.0501e-17
2.2689e+14	2.0464e-17	4.4972e-17
2.2704e+14	1.8397e-17	4.2759e-17
2.2719e+14	-1.715e-17	4.4577e-18
2.2734e+14	6.2e-18	2.4e-17
2.2749e+14	2.6261e-17	4.5205e-17
2.2764e+14	-9.7399e-18	1.0146e-17
2.2779e+14	-7.4495e-18	1.0371e-17
2.2795e+14	2.6337e-17	4.5831e-17
2.281e+14	1.7587e-18	2.3377e-17
2.2825e+14	-1.7266e-17	8.3668e-19
2.284e+14	2.0114e-17	3.7665e-17
2.2855e+14	1.7204e-17	3.8591e-17
2.287e+14	-1.8468e-17	-9.0238e-19
2.2885e+14	5.4339e-18	1.7401e-17
2.29e+14	2.5644e-17	4.3411e-17
2.2915e+14	-1.053e-17	1.2725e-17
2.2931e+14	-7.9027e-18	1.0814e-17
2.2946e+14	2.6706e-17	4.5364e-17
2.2961e+14	2.2864e-18	2.6724e-17
2.2976e+14	-1.7702e-17	2.3701e-18
2.2991e+14	1.8956e-17	3.1063e-17
2.3006e+14	1.6467e-17	3.17e-17
2.3021e+14	-1.869e-17	5.155e-19
2.3036e+14	5.3465e-18	2.057e-17
2.3051e+14	2.5932e-17	4.0165e-17
2.3066e+14	-1.0447e-17	7.5757e-18
2.3082e+14	-9.093e-18	8.8193e-18
2.3097e+14	2.5417e-17	4.1956e-17
2.3112e+14	2.6005e-18	1.9559e-17
2.3127e+14	-1.7172e-17	-1.9355e-18
2.3142e+14	1.8034e-17	3.303e-17
2.3157e+14	1.5638e-17	3.4445e-17
2.3172e+14	-1.8283e-17	5.5221e-19
2.3187e+14	5.3357e-18	2.128e-17
2.3202e+14	2.5169e-17	4.2449e-17
2.3218e+14	-1.0216e-17	6.587e-18
2.3233e+14	-8.2437e-18	3.6069e-18
2.3248e+14	2.5099e-17	3.853e-17
2.3263e+14	1.6378e-18	2.1042e-17
2.3278e+14	-1.7445e-17	9.2221e-19
2.3293e+14	1.8131e-17	3.466e-17
2.3308e+14	1.5715e-17	3.501e-17
2.3323e+14	-1.808e-17	-1.9065e-18
2.3338e+14	4.9127e-18	1.5091e-17
2.3353e+14	2.3626e-17	3.8214e-17
2.3369e+14	-1.171e-17	8.7832e-18
2.3384e+14	-8.7453e-18	8.0704e-18
2.3399e+14	2.517e-17	3.96e-17
2.3414e+14	2.0491e-18	1.87e-17
2.3429e+14	-1.6492e-17	-3.2874e-18
2.3444e+14	1.906e-17	2.8632e-17
2.3459e+14	1.5888e-17	2.8261e-17
2.3474e+14	-1.825e-17	-7.6197e-18
2.3489e+14	5.36e-18	1.1401e-17
2.3505e+14	2.4802e-17	3.7724e-17
2.352e+14	-1.0474e-17	1.083e-17
2.3535e+14	-7.8294e-18	8.9725e-18
2.355e+14	2.5678e-17	3.8635e-17
2.3565e+14	1.5882e-18	1.9718e-17
2.358e+14	-1.8152e-17	3.508e-20
2.3595e+14	1.7349e-17	3.0295e-17
2.361e+14	1.4895e-17	2.881e-17
2.3625e+14	-1.9397e-17	-4.4484e-18
2.364e+14	4.0581e-18	1.4937e-17
2.3656e+14	2.4773e-17	3.6363e-17
2.3671e+14	-9.903e-18	5.7673e-18
2.3686e+14	-8.6934e-18	5.2537e-18
2.3701e+14	2.4517e-17	3.6803e-17
2.3716e+14	2.3989e-18	1.6717e-17
2.3731e+14	-1.6765e-17	-4.954e-18
2.3746e+14	1.7472e-17	2.5289e-17
2.3761e+14	1.5374e-17	2.5242e-17
2.3776e+14	-1.7923e-17	-6.8823e-18
2.3792e+14	3.8696e-18	1.3089e-17
2.3807e+14	2.2559e-17	3.4809e-17
2.3822e+14	-1.1178e-17	3.0624e-18
2.3837e+14	-8.5222e-18	1.331e-19
2.3852e+14	2.4001e-17	3.1499e-17
2.3867e+14	1.1514e-18	1.4275e-17
2.3882e+14	-1.7292e-17	-5.8448e-18
2.3897e+14	1.7332e-17	2.4001e-17
2.3912e+14	1.4593e-17	2.6203e-17
2.3927e+14	-1.8823e-17	-2.6016e-18
2.3943e+14	4.0347e-18	1.533e-17
2.3958e+14	2.3738e-17	3.2463e-17
2.3973e+14	-1.0334e-17	1.3461e-18
2.3988e+14	-8.6858e-18	1.3962e-18
2.4003e+14	2.3982e-17	3.1338e-17
2.4018e+14	1.9346e-18	1.2345e-17
2.4033e+14	-1.7166e-17	-4.731e-18
2.4048e+14	1.6327e-17	2.6667e-17
2.4063e+14	1.4461e-17	2.431e-17
2.4079e+14	-1.7568e-17	-7.146e-18
2.4094e+14	4.6861e-18	1.5087e-17
2.4109e+14	2.3448e-17	3.5472e-17
2.4124e+14	-1.0189e-17	1.7169e-18
2.4139e+14	-8.5139e-18	3.4873e-19
2.4154e+14	2.3308e-17	3.3381e-17
2.4169e+14	1.5199e-18	1.495e-17
2.4184e+14	-1.6771e-17	-5.5734e-18
2.4199e+14	1.6314e-17	2.6252e-17
2.4215e+14	1.4137e-17	2.8319e-17
2.423e+14	-1.6916e-17	-4.0128e-18
2.4245e+14	5.5867e-18	1.2175e-17
2.426e+14	2.2932e-17	3.1333e-17
2.4275e+14	-1.1736e-17	1.4089e-18
2.429e+14	-9.7548e-18	-2.6672e-20
2.4305e+14	2.2575e-17	2.9693e-17
2.432e+14	1.1427e-18	1.2668e-17
2.4335e+14	-1.6457e-17	-3.8021e-18
2.435e+14	1.716e-17	2.6905e-17
2.4366e+14	1.4438e-17	2.5072e-17
2.4381e+14	-1.7818e-17	-6.4232e-18
2.4396e+14	4.3262e-18	1.3824e-17
2.4411e+14	2.2561e-17	3.39e-17
2.4426e+14	-1.1162e-17	1.8364e-18
2.4441e+14	-8.6538e-18	-5.979e-19
2.4456e+14	2.4272e-17	2.9988e-17
2.4471e+14	2.5883e-18	1.3431e-17
2.4486e+14	-1.6852e-17	-4.3321e-18
2.4502e+14	1.5687e-17	2.3927e-17
2.4517e+14	1.4154e-17	2.0618e-17
2.4532e+14	-1.7362e-17	-9.6639e-18
2.4547e+14	3.9622e-18	1.3172e-17
2.4562e+14	2.278e-17	3.427e-17
2.4577e+14	-9.2563e-18	1.415e-18
2.4592e+14	-7.8693e-18	-1.4724e-18
2.4607e+14	2.23e-17	2.9217e-17
2.4622e+14	8.1245e-19	1.204e-17
2.4637e+14	-1.644e-17	-5.643e-18
2.4653e+14	1.6655e-17	2.5501e-17
2.4668e+14	1.5023e-17	2.524e-17
2.4683e+14	-1.5622e-17	-5.7524e-18
2.4698e+14	5.4092e-18	1.4727e-17
2.4713e+14	2.2031e-17	3.6189e-17
2.4728e+14	-1.1159e-17	4.9181e-18
2.4743e+14	-8.7253e-18	1.0382e-18
2.4758e+14	2.2657e-17	2.9314e-17
2.4773e+14	1.3924e-18	1.0842e-17
2.4789e+14	-1.6152e-17	-7.905e-18
2.4804e+14	1.6229e-17	2.2573e-17
2.4819e+14	1.3476e-17	2.4893e-17
2.4834e+14	-1.7704e-17	-2.0687e-18
2.4849e+14	4.2057e-18	1.7318e-17
2.4864e+14	2.2217e-17	3.2529e-17
2.4879e+14	-1.0616e-17	-1.3933e-18
2.4894e+14	-8.5655e-18	-3.7953e-19
2.4909e+14	2.2941e-17	3.295e-17
2.4924e+14	1.7475e-18	1.3821e-17
2.494e+14	-1.6541e-17	-6.4787e-18
2.4955e+14	1.5856e-17	2.5489e-17
2.497e+14	1.4344e-17	2.6665e-17
2.4985e+14	-1.7022e-17	-6.2076e-18
2.5e+14	3.0827e-18	1.1677e-17
2.5015e+14	2.1052e-17	3.3409e-17
2.503e+14	-1.0142e-17	3.7748e-18
2.5045e+14	-8.1301e-18	1.2244e-18
2.506e+14	2.2232e-17	3.0428e-17
2.5076e+14	1.4016e-18	1.0705e-17
2.5091e+14	-1.6361e-17	-1.0257e-17
2.5106e+14	1.5088e-17	2.1785e-17
2.5121e+14	1.3231e-17	2.6569e-17
2.5136e+14	-1.6906e-17	-3.7484e-18
2.5151e+14	3.9783e-18	1.1729e-17
2.5166e+14	2.182e-17	3.0427e-17
2.5181e+14	-9.3391e-18	7.5048e-19
2.5196e+14	-7.4207e-18	-1.0076e-19
2.5211e+14	2.268e-17	3.2176e-17
2.5227e+14	2.2261e-18	1.5652e-17
2.5242e+14	-1.527e-17	-5.8484e-18
2.5257e+14	1.5496e-17	2.2611e-17
2.5272e+14	1.3206e-17	2.4764e-17
2.5287e+14	-1.6591e-17	-7.9446e-18
2.5302e+14	4.2388e-18	5.0446e-18
2.5317e+14	2.1725e-17	2.5816e-17
2.5332e+14	-9.228e-18	1.7927e-18
2.5347e+14	-7.1906e-18	2.6014e-18
2.5363e+14	2.2522e-17	3.2594e-17
2.5378e+14	2.0569e-18	1.5567e-17
2.5393e+14	-1.5082e-17	-5.9695e-18
2.5408e+14	1.5683e-17	2.0764e-17
2.5423e+14	1.3352e-17	2.4577e-17
2.5438e+14	-1.6272e-17	-2.3847e-18
2.5453e+14	4.4036e-18	1.2527e-17
2.5468e+14	2.1426e-17	2.9576e-17
2.5483e+14	-9.9733e-18	2.5786e-18
2.5498e+14	-8.3727e-18	2.8815e-18
2.5514e+14	2.1376e-17	3.2007e-17
2.5529e+14	1.5623e-18	1.444e-17
2.5544e+14	-1.5349e-17	-5.9136e-18
2.5559e+14	1.5234e-17	2.1946e-17
2.5574e+14	1.3498e-17	2.5533e-17
2.5589e+14	-1.5574e-17	-2.5114e-18
2.5604e+14	4.1777e-18	1.1178e-17
2.5619e+14	2.0388e-17	2.807e-17
2.5634e+14	-1.0075e-17	1.7864e-18
2.565e+14	-7.6144e-18	1.4315e-18
2.5665e+14	2.1569e-17	2.9358e-17
2.568e+14	1.5054e-18	1.3276e-17
2.5695e+14	-1.466e-17	-5.0419e-18
2.571e+14	1.5941e-17	2.0759e-17
2.5725e+14	1.3157e-17	2.0765e-17
2.574e+14	-1.6598e-17	-6.4607e-18
2.5755e+14	3.2128e-18	1.1553e-17
2.577e+14	1.9607e-17	3.1086e-17
2.5785e+14	-1.0673e-17	3.9809e-18
2.5801e+14	-7.8758e-18	1.1172e-18
2.5816e+14	2.1748e-17	2.7345e-17
2.5831e+14	1.9625e-18	1.1643e-17
2.5846e+14	-1.4455e-17	-5.6236e-18
2.5861e+14	1.555e-17	2.07e-17
2.5876e+14	1.2724e-17	2.2324e-17
2.5891e+14	-1.6021e-17	-2.6937e-18
2.5906e+14	5.1742e-18	1.3843e-17
2.5921e+14	2.1962e-17	2.8837e-17
2.5937e+14	-9.5704e-18	6.8087e-19
2.5952e+14	-8.4328e-18	9.0126e-19
2.5967e+14	2.0773e-17	2.7932e-17
2.5982e+14	1.2763e-18	1.0123e-17
2.5997e+14	-1.536e-17	-6.2391e-18
2.6012e+14	1.4798e-17	2.3726e-17
2.6027e+14	1.2986e-17	2.5195e-17
2.6042e+14	-1.5896e-17	-4.1004e-18
2.6057e+14	3.7214e-18	1.022e-17
2.6073e+14	2.0317e-17	2.669e-17
2.6088e+14	-9.5854e-18	2.8937e-19
2.6103e+14	-7.6309e-18	2.3944e-18
2.6118e+14	2.1231e-17	3.3131e-17
2.6133e+14	1.8228e-18	1.7663e-17
2.6148e+14	-1.4599e-17	-1.5723e-18
2.6163e+14	1.5289e-17	2.3133e-17
2.6178e+14	1.3528e-17	2.1836e-17
2.6193e+14	-1.519e-17	-7.6278e-18
2.6208e+14	3.8614e-18	7.6731e-18
2.6224e+14	1.9944e-17	2.6318e-17
2.6239e+14	-9.9356e-18	1.5919e-18
2.6254e+14	-8.1877e-18	2.7114e-18
2.6269e+14	2.0793e-17	3.1456e-17
2.6284e+14	2.4335e-18	1.5022e-17
2.6299e+14	-1.3842e-17	-4.9632e-18
2.6314e+14	1.465e-17	2.0163e-17
2.6329e+14	1.2392e-17	2.268e-17
2.6344e+14	-1.5433e-17	-2.7384e-18
2.636e+14	3.7542e-18	1.2291e-17
2.6375e+14	1.9646e-17	2.8749e-17
2.639e+14	-8.8572e-18	3.7461e-18
2.6405e+14	-5.6433e-18	4.5107e-18
2.642e+14	2.2543e-17	3.1594e-17
2.6435e+14	2.1836e-18	1.5638e-17
2.645e+14	-1.5121e-17	-1.757e-18
2.6465e+14	1.3636e-17	2.3367e-17
2.648e+14	1.2313e-17	2.2646e-17
2.6495e+14	-1.4623e-17	-5.6265e-18
2.6511e+14	4.7833e-18	8.4197e-18
2.6526e+14	2.0372e-17	2.548e-17
2.6541e+14	-8.655e-18	2.1204e-18
2.6556e+14	-6.3548e-18	2.9134e-18
2.6571e+14	2.1109e-17	2.7243e-17
2.6586e+14	1.267e-18	1.0076e-17
2.6601e+14	-1.4865e-17	-4.4332e-18
2.6616e+14	1.4269e-17	2.2932e-17
2.6631e+14	1.2521e-17	2.1005e-17
2.6647e+14	-1.4903e-17	-7.2143e-18
2.6662e+14	4.0006e-18	9.8413e-18
2.6677e+14	1.9228e-17	2.7434e-17
2.6692e+14	-9.4221e-18	1.806e-18
2.6707e+14	-6.2606e-18	4.3676e-18
2.6722e+14	2.1462e-17	3.3521e-17
2.6737e+14	1.0862e-18	1.4983e-17
2.6752e+14	-1.5191e-17	-6.2365e-18
2.6767e+14	1.4705e-17	2.0248e-17
2.6782e+14	1.3302e-17	2.4128e-17
2.6798e+14	-1.4796e-17	-1.7864e-18
2.6813e+14	4.167e-18	1.2663e-17
2.6828e+14	2.0577e-17	2.9424e-17
2.6843e+14	-8.344e-18	2.704e-18
2.6858e+14	-6.9969e-18	-1.0878e-18
2.6873e+14	2.082e-17	2.3631e-17
2.6888e+14	2.2424e-18	1.0067e-17
2.6903e+14	-1.4468e-17	-5.0374e-18
2.6918e+14	1.3363e-17	1.9309e-17
2.6934e+14	1.2079e-17	1.8767e-17
2.6949e+14	-1.4787e-17	-6.1544e-18
2.6964e+14	3.5151e-18	1.034e-17
2.6979e+14	1.913e-17	2.567e-17
2.6994e+14	-8.7161e-18	-1.2725e-18
2.7009e+14	-6.7306e-18	-1.2089e-18
2.7024e+14	2.0141e-17	2.6424e-17
2.7039e+14	1.3733e-18	1.186e-17
2.7054e+14	-1.4189e-17	-4.637e-18
2.7069e+14	1.4493e-17	2.0404e-17
2.7085e+14	1.3573e-17	2.0862e-17
2.71e+14	-1.3119e-17	-4.2822e-18
2.7115e+14	4.5828e-18	1.1389e-17
2.713e+14	1.9299e-17	2.6431e-17
2.7145e+14	-8.7549e-18	7.4069e-19
2.716e+14	-6.7499e-18	3.0383e-18
2.7175e+14	1.9976e-17	3.0867e-17
2.719e+14	1.3932e-18	1.388e-17
2.7205e+14	-1.4178e-17	-2.8375e-18
2.7221e+14	1.3559e-17	2.5751e-17
2.7236e+14	1.1872e-17	2.6535e-17
2.7251e+14	-1.4321e-17	-4.4318e-18
2.7266e+14	4.3067e-18	8.0853e-18
2.7281e+14	1.9388e-17	2.7316e-17
2.7296e+14	-8.7473e-18	4.4528e-18
2.7311e+14	-7.0176e-18	3.4672e-18
2.7326e+14	1.9416e-17	2.9369e-17
2.7341e+14	9.2133e-19	1.4206e-17
2.7356e+14	-1.3975e-17	-3.8438e-18
2.7372e+14	1.4711e-17	2.0972e-17
2.7387e+14	1.3266e-17	2.3009e-17
2.7402e+14	-1.4188e-17	-3.5417e-18
2.7417e+14	2.8895e-18	9.7118e-18
2.7432e+14	1.828e-17	2.7057e-17
2.7447e+14	-8.2391e-18	3.0541e-18
2.7462e+14	-6.0498e-18	1.1886e-18
2.7477e+14	1.9546e-17	2.8004e-17
2.7492e+14	5.9921e-19	1.6691e-17
2.7508e+14	-1.425e-17	4.6012e-20
2.7523e+14	1.4287e-17	2.1551e-17
2.7538e+14	1.3066e-17	2.1874e-17
2.7553e+14	-1.3288e-17	-3.2767e-18
2.7568e+14	4.7502e-18	8.8629e-18
2.7583e+14	1.9628e-17	2.4057e-17
2.7598e+14	-8.6377e-18	2.4577e-18
2.7613e+14	-7.2974e-18	3.1735e-18
2.7628e+14	1.9693e-17	2.6482e-17
2.7644e+14	2.3064e-18	1.1017e-17
2.7659e+14	-1.3292e-17	-3.6473e-18
2.7674e+14	1.3458e-17	2.2027e-17
2.7689e+14	1.1445e-17	2.3541e-17
2.7704e+14	-1.5371e-17	-9.7099e-19
2.7719e+14	2.6313e-18	1.3756e-17
2.7734e+14	1.951e-17	3.042e-17
2.7749e+14	-6.6243e-18	6.3063e-18
2.7764e+14	-6.3018e-18	2.9599e-18
2.7779e+14	1.851e-17	2.5387e-17
2.7795e+14	1.2852e-18	1.2647e-17
2.781e+14	-1.3144e-17	-5.9162e-19
2.7825e+14	1.4079e-17	2.2719e-17
2.784e+14	1.3349e-17	2.2154e-17
2.7855e+14	-1.2126e-17	-1.7135e-18
2.787e+14	4.2568e-18	1.235e-17
2.7885e+14	1.8135e-17	2.5771e-17
2.79e+14	-8.3104e-18	1.5516e-18
2.7915e+14	-6.1958e-18	2.9402e-18
2.7931e+14	1.9541e-17	2.8186e-17
2.7946e+14	2.1632e-18	1.2874e-17
2.7961e+14	-1.2888e-17	-2.8539e-18
2.7976e+14	1.2824e-17	2.2134e-17
2.7991e+14	1.0654e-17	2.3576e-17
2.8006e+14	-1.4269e-17	-1.8038e-18
2.8021e+14	4.2991e-18	1.0133e-17
2.8036e+14	1.9688e-17	2.4689e-17
2.8051e+14	-7.0918e-18	2.8691e-18
2.8066e+14	-6.1485e-18	4.3247e-18
2.8082e+14	1.8959e-17	2.8838e-17
2.8097e+14	1.4827e-18	1.4921e-17
2.8112e+14	-1.3584e-17	4.5601e-19
2.8127e+14	1.2629e-17	2.3256e-17
2.8142e+14	1.1177e-17	2.1784e-17
2.8157e+14	-1.4294e-17	-2.7143e-18
2.8172e+14	2.9693e-18	1.2245e-17
2.8187e+14	1.84e-17	2.6992e-17
2.8202e+14	-7.5271e-18	2.0419e-18
2.8218e+14	-6.526e-18	5.6786e-19
2.8233e+14	1.9081e-17	2.4199e-17
2.8248e+14	3.2705e-18	1.053e-17
2.8263e+14	-1.1268e-17	-3.4746e-18
2.8278e+14	1.423e-17	2.0257e-17
2.8293e+14	1.3272e-17	2.0698e-17
2.8308e+14	-1.1712e-17	-1.4928e-18
2.8323e+14	3.5931e-18	1.4072e-17
2.8338e+14	1.723e-17	2.6712e-17
2.8353e+14	-7.7802e-18	1.4969e-19
2.8369e+14	-6.0668e-18	1.5163e-18
2.8384e+14	1.8332e-17	2.9868e-17
2.8399e+14	2.1735e-18	1.6146e-17
2.8414e+14	-1.1629e-17	-2.6634e-18
2.8429e+14	1.296e-17	1.8078e-17
2.8444e+14	1.055e-17	1.9042e-17
2.8459e+14	-1.3573e-17	-2.9783e-18
2.8474e+14	3.5371e-18	1.2759e-17
2.8489e+14	1.7533e-17	2.8167e-17
2.8505e+14	-7.7043e-18	2.9917e-18
2.852e+14	-5.8436e-18	3.882e-19
2.8535e+14	1.8194e-17	2.5382e-17
2.855e+14	1.3162e-18	1.5156e-17
2.8565e+14	-1.2242e-17	1.4386e-18
2.858e+14	1.339e-17	2.1568e-17
2.8595e+14	1.1526e-17	1.8684e-17
2.861e+14	-1.2849e-17	-5.082e-18
2.8625e+14	3.912e-18	1.0288e-17
2.864e+14	1.773e-17	2.4708e-17
2.8656e+14	-7.9221e-18	-3.7662e-19
2.8671e+14	-6.5137e-18	-1.1317e-18
2.8686e+14	1.8006e-17	2.4108e-17
2.8701e+14	2.2296e-18	1.0909e-17
2.8716e+14	-1.1332e-17	-4.5017e-18
2.8731e+14	1.3136e-17	1.9541e-17
2.8746e+14	1.0729e-17	2.2282e-17
2.8761e+14	-1.3326e-17	-1.0059e-18
2.8776e+14	3.5397e-18	1.1475e-17
2.8792e+14	1.7665e-17	2.6548e-17
2.8807e+14	-6.9572e-18	4.6557e-18
2.8822e+14	-5.2554e-18	3.466e-18
2.8837e+14	1.8154e-17	2.5718e-17
2.8852e+14	1.6783e-18	1.1798e-17
2.8867e+14	-1.1305e-17	-3.6453e-18
2.8882e+14	1.3551e-17	1.8522e-17
2.8897e+14	1.0785e-17	2.101e-17
2.8912e+14	-1.3204e-17	4.2084e-19
2.8927e+14	4.0613e-18	1.3703e-17
2.8943e+14	1.7429e-17	2.6749e-17
2.8958e+14	-8.5823e-18	4.7533e-18
2.8973e+14	-6.4093e-18	5.505e-18
2.8988e+14	1.912e-17	2.7838e-17
2.9003e+14	3.0063e-18	1.3495e-17
2.9018e+14	-1.1783e-17	2.4116e-19
2.9033e+14	1.2949e-17	2.3677e-17
2.9048e+14	1.2315e-17	2.268e-17
2.9063e+14	-1.148e-17	-1.5804e-18
2.9079e+14	3.7471e-18	1.2695e-17
2.9094e+14	1.7314e-17	2.7046e-17
2.9109e+14	-6.5382e-18	2.0932e-18
2.9124e+14	-5.039e-18	7.3449e-19
2.9139e+14	1.7607e-17	2.6362e-17
2.9154e+14	1.2636e-18	1.4454e-17
2.9169e+14	-1.1432e-17	-2.2319e-18
2.9184e+14	1.3698e-17	1.8859e-17
2.9199e+14	1.1748e-17	2.1791e-17
2.9215e+14	-1.2492e-17	8.9667e-19
2.923e+14	3.2554e-18	1.3818e-17
2.9245e+14	1.7076e-17	2.8383e-17
2.926e+14	-6.6974e-18	6.29e-18
2.9275e+14	-4.6875e-18	3.1641e-18
2.929e+14	1.8658e-17	2.422e-17
2.9305e+14	2.1517e-18	1.4181e-17
2.932e+14	-1.2052e-17	2.9488e-18
2.9335e+14	1.173e-17	2.289e-17
2.935e+14	1.0345e-17	2.0564e-17
2.9366e+14	-1.2301e-17	-5.5248e-19
2.9381e+14	4.05e-18	1.5258e-17
2.9396e+14	1.7349e-17	2.9373e-17
2.9411e+14	-7.2622e-18	5.8816e-18
2.9426e+14	-6.0527e-18	4.1723e-18
2.9441e+14	1.7231e-17	2.5681e-17
2.9456e+14	1.6526e-18	1.2343e-17
2.9471e+14	-1.1856e-17	-1.378e-18
2.9486e+14	1.1882e-17	2.0476e-17
2.9502e+14	1.063e-17	2.1203e-17
2.9517e+14	-1.1889e-17	-2.2697e-19
2.9532e+14	3.8243e-18	1.2125e-17
2.9547e+14	1.6693e-17	2.37e-17
2.9562e+14	-7.3463e-18	1.4083e-18
2.9577e+14	-5.8074e-18	2.5618e-18
2.9592e+14	1.7005e-17	2.4879e-17
2.9607e+14	1.4765e-18	1.1024e-17
2.9622e+14	-1.095e-17	-1.6144e-18
2.9637e+14	1.3853e-17	2.1743e-17
2.9653e+14	1.2626e-17	2.2308e-17
2.9668e+14	-1.116e-17	1.4524e-18
2.9683e+14	3.0985e-18	1.6058e-17
2.9698e+14	1.6189e-17	2.7149e-17
2.9713e+14	-6.1871e-18	1.6603e-18
2.9728e+14	-3.7426e-18	3.4656e-18
2.9743e+14	1.8797e-17	2.9508e-17
2.9758e+14	3.0128e-18	1.4181e-17
2.9773e+14	-1.0043e-17	-3.827e-18
2.9789e+14	1.3078e-17	1.9101e-17
2.9804e+14	1.0787e-17	2.2439e-17
2.9819e+14	-1.1949e-17	2.7868e-19
2.9834e+14	3.988e-18	1.3415e-17
2.9849e+14	1.7115e-17	2.8502e-17
2.9864e+14	-6.9011e-18	5.405e-18
2.9879e+14	-5.9097e-18	2.2785e-18
2.9894e+14	1.6653e-17	2.4329e-17
2.9909e+14	1.5264e-18	1.2329e-17
2.9924e+14	-1.1507e-17	-1.4131e-18
2.994e+14	1.1696e-17	2.0994e-17
2.9955e+14	1.0413e-17	2.1727e-17
2.997e+14	-1.1709e-17	-1.911e-18
2.9985e+14	3.7e-18	1.1244e-17
3e+14	1.693e-17	2.7376e-17
