#Error on normalization	O = 1.636 %	H = 2.485 %
#Frequence (s-1)	S_O (s)	S_H (s)
0	4.2574e-16	6.1576e-16
1.3393e+11	1.9684e-16	2.9681e-16
2.6786e+11	-7.1733e-17	-2.0707e-18
4.0179e+11	5.8109e-16	2.0959e-16
5.3571e+11	1.3612e-15	2.7687e-16
6.6964e+11	7.4691e-16	7.3813e-17
8.0357e+11	9.3074e-16	2.0572e-16
9.375e+11	2.8487e-15	4.18e-16
1.0714e+12	2.6882e-15	2.4815e-16
1.2054e+12	1.8579e-15	2.414e-16
1.3393e+12	4.5365e-15	5.7669e-16
1.4732e+12	5.9281e-15	5.6597e-16
1.6071e+12	4.8772e-15	4.5566e-16
1.7411e+12	9.3393e-15	8.7062e-16
1.875e+12	1.3349e-14	1.0205e-15
2.0089e+12	1.0175e-14	6.6825e-16
2.1429e+12	2.1361e-14	1.4827e-15
2.2768e+12	5.117e-14	3.3397e-15
2.4107e+12	5.7479e-14	3.595e-15
2.5446e+12	3.665e-14	2.4697e-15
2.6786e+12	4.4976e-14	3.1148e-15
2.8125e+12	7.9138e-14	5.011e-15
2.9464e+12	7.3016e-14	4.6371e-15
3.0804e+12	4.0032e-14	2.7089e-15
3.2143e+12	5.2541e-14	2.9752e-15
3.3482e+12	9.5331e-14	5.1207e-15
3.4821e+12	1.0583e-13	6.0636e-15
3.6161e+12	9.8004e-14	5.7888e-15
3.75e+12	1.0916e-13	6.0904e-15
3.8839e+12	1.2171e-13	6.8036e-15
4.0179e+12	1.2298e-13	7.1332e-15
4.1518e+12	1.3195e-13	7.3789e-15
4.2857e+12	1.4499e-13	7.7338e-15
4.4196e+12	1.5019e-13	8.0582e-15
4.5536e+12	1.5682e-13	8.3663e-15
4.6875e+12	1.5587e-13	8.0787e-15
4.8214e+12	1.3002e-13	6.7519e-15
4.9554e+12	1.0425e-13	5.4842e-15
5.0893e+12	1.0005e-13	5.1486e-15
5.2232e+12	9.3304e-14	4.9542e-15
5.3571e+12	8.1179e-14	4.7426e-15
5.4911e+12	9.3886e-14	5.5035e-15
5.625e+12	1.1781e-13	6.6593e-15
5.7589e+12	1.1855e-13	6.8143e-15
5.8929e+12	1.1524e-13	6.8011e-15
6.0268e+12	1.3652e-13	8.1151e-15
6.1607e+12	1.657e-13	1.0003e-14
6.2946e+12	1.8497e-13	1.105e-14
6.4286e+12	1.9447e-13	1.1166e-14
6.5625e+12	1.8353e-13	1.0516e-14
6.6964e+12	1.5348e-13	9.1431e-15
6.8304e+12	1.3132e-13	7.7931e-15
6.9643e+12	1.2423e-13	7.1437e-15
7.0982e+12	1.1949e-13	7.093e-15
7.2321e+12	1.1921e-13	7.356e-15
7.3661e+12	1.2218e-13	7.5721e-15
7.5e+12	1.1901e-13	7.5824e-15
7.6339e+12	1.2097e-13	7.936e-15
7.7679e+12	1.2716e-13	8.4207e-15
7.9018e+12	1.0835e-13	7.7541e-15
8.0357e+12	8.424e-14	6.7844e-15
8.1696e+12	1.0793e-13	7.8438e-15
8.3036e+12	1.4422e-13	9.5211e-15
8.4375e+12	1.2065e-13	8.5868e-15
8.5714e+12	7.8347e-14	6.7931e-15
8.7054e+12	9.2877e-14	7.6352e-15
8.8393e+12	1.2287e-13	9.1237e-15
8.9732e+12	1.0617e-13	8.2337e-15
9.1071e+12	8.2312e-14	7.1635e-15
9.2411e+12	8.924e-14	7.9309e-15
9.375e+12	8.7249e-14	8.1988e-15
9.5089e+12	5.9789e-14	7.0734e-15
9.6429e+12	4.4026e-14	6.6607e-15
9.7768e+12	4.5535e-14	6.8212e-15
9.9107e+12	4.0823e-14	6.1941e-15
1.0045e+13	3.3542e-14	5.8232e-15
1.0179e+13	3.2731e-14	6.1004e-15
1.0312e+13	3.0065e-14	5.6137e-15
1.0446e+13	2.6773e-14	5.2748e-15
1.058e+13	2.8862e-14	6.5724e-15
1.0714e+13	2.7915e-14	7.432e-15
1.0848e+13	2.2365e-14	6.5584e-15
1.0982e+13	2.1972e-14	6.5458e-15
1.1116e+13	2.2929e-14	7.8889e-15
1.125e+13	1.8374e-14	7.8276e-15
1.1384e+13	1.6054e-14	6.8587e-15
1.1518e+13	1.8013e-14	7.5883e-15
1.1652e+13	1.5888e-14	8.8135e-15
1.1786e+13	1.2575e-14	8.5669e-15
1.192e+13	1.3739e-14	8.3708e-15
1.2054e+13	1.2967e-14	9.1435e-15
1.2188e+13	9.4944e-15	9.4027e-15
1.2321e+13	1.1488e-14	9.4967e-15
1.2455e+13	1.5128e-14	1.0691e-14
1.2589e+13	1.2429e-14	1.1491e-14
1.2723e+13	9.0088e-15	1.0843e-14
1.2857e+13	9.8626e-15	1.0867e-14
1.2991e+13	9.6832e-15	1.229e-14
1.3125e+13	7.7513e-15	1.2904e-14
1.3259e+13	8.1778e-15	1.2651e-14
1.3393e+13	8.952e-15	1.404e-14
1.3527e+13	8.191e-15	1.6862e-14
1.3661e+13	8.2501e-15	1.8122e-14
1.3795e+13	7.9782e-15	1.729e-14
1.3929e+13	5.9718e-15	1.6993e-14
1.4062e+13	5.6152e-15	1.8262e-14
1.4196e+13	6.9659e-15	1.9121e-14
1.433e+13	6.5453e-15	1.8985e-14
1.4464e+13	5.7413e-15	2.0283e-14
1.4598e+13	6.1394e-15	2.345e-14
1.4732e+13	5.1723e-15	2.5197e-14
1.4866e+13	3.9435e-15	2.4693e-14
1.5e+13	5.4825e-15	2.5525e-14
1.5134e+13	6.7263e-15	2.8645e-14
1.5268e+13	5.4632e-15	3.0261e-14
1.5402e+13	5.2385e-15	2.912e-14
1.5536e+13	6.0694e-15	2.8991e-14
1.567e+13	4.8772e-15	3.2083e-14
1.5804e+13	3.888e-15	3.5375e-14
1.5938e+13	5.05e-15	3.5065e-14
1.6071e+13	5.1654e-15	3.2223e-14
1.6205e+13	4.1195e-15	3.1874e-14
1.6339e+13	4.7282e-15	3.534e-14
1.6473e+13	5.178e-15	3.7424e-14
1.6607e+13	3.9142e-15	3.5733e-14
1.6741e+13	3.9065e-15	3.5969e-14
1.6875e+13	5.1395e-15	4.0951e-14
1.7009e+13	4.7236e-15	4.4047e-14
1.7143e+13	3.9323e-15	4.0944e-14
1.7277e+13	4.3963e-15	3.6735e-14
1.7411e+13	4.3163e-15	3.6214e-14
1.7545e+13	3.8824e-15	3.7934e-14
1.7679e+13	4.4335e-15	3.8706e-14
1.7812e+13	4.0709e-15	3.6254e-14
1.7946e+13	2.6849e-15	3.1635e-14
1.808e+13	3.1781e-15	3.0704e-14
1.8214e+13	4.2624e-15	3.4561e-14
1.8348e+13	3.1998e-15	3.495e-14
1.8482e+13	2.4083e-15	2.9831e-14
1.8616e+13	3.4733e-15	2.8593e-14
1.875e+13	3.5076e-15	3.2554e-14
1.8884e+13	2.4581e-15	3.2221e-14
1.9018e+13	2.758e-15	2.7968e-14
1.9152e+13	3.1676e-15	2.7986e-14
1.9286e+13	2.5396e-15	2.9917e-14
1.942e+13	2.7588e-15	2.8813e-14
1.9554e+13	3.3116e-15	2.9335e-14
1.9688e+13	2.3962e-15	3.1838e-14
1.9821e+13	1.8748e-15	2.9275e-14
1.9955e+13	2.9017e-15	2.5879e-14
2.0089e+13	3.1693e-15	3.0022e-14
2.0223e+13	2.439e-15	3.3292e-14
2.0357e+13	2.3754e-15	2.7218e-14
2.0491e+13	2.3757e-15	2.3152e-14
2.0625e+13	2.1568e-15	2.8156e-14
2.0759e+13	2.6819e-15	2.9425e-14
2.0893e+13	2.7082e-15	2.2768e-14
2.1027e+13	1.6602e-15	2.1789e-14
2.1161e+13	1.944e-15	2.8316e-14
2.1295e+13	3.1745e-15	2.9801e-14
2.1429e+13	2.6039e-15	2.6244e-14
2.1562e+13	1.7999e-15	2.7023e-14
2.1696e+13	2.883e-15	2.967e-14
2.183e+13	3.2281e-15	2.7647e-14
2.1964e+13	1.8922e-15	2.4947e-14
2.2098e+13	1.8718e-15	2.5989e-14
2.2232e+13	2.7972e-15	2.7092e-14
2.2366e+13	2.2514e-15	2.6066e-14
2.25e+13	1.7507e-15	2.5506e-14
2.2634e+13	2.5234e-15	2.5717e-14
2.2768e+13	2.5141e-15	2.5169e-14
2.2902e+13	1.7997e-15	2.4179e-14
2.3036e+13	2.0808e-15	2.2765e-14
2.317e+13	2.2438e-15	2.1068e-14
2.3304e+13	1.7221e-15	2.1784e-14
2.3438e+13	2.1894e-15	2.5279e-14
2.3571e+13	2.8505e-15	2.6707e-14
2.3705e+13	2.0986e-15	2.4047e-14
2.3839e+13	1.695e-15	2.1751e-14
2.3973e+13	2.4788e-15	2.22e-14
2.4107e+13	2.359e-15	2.2655e-14
2.4241e+13	1.6242e-15	2.258e-14
2.4375e+13	2.0147e-15	2.378e-14
2.4509e+13	2.2452e-15	2.4036e-14
2.4643e+13	1.4838e-15	2.1374e-14
2.4777e+13	1.5523e-15	2.0517e-14
2.4911e+13	2.2055e-15	2.4042e-14
2.5045e+13	1.725e-15	2.5201e-14
2.5179e+13	1.2152e-15	2.0614e-14
2.5312e+13	1.7876e-15	1.811e-14
2.5446e+13	2.0877e-15	2.1788e-14
2.558e+13	1.9324e-15	2.4475e-14
2.5714e+13	2.2599e-15	2.2465e-14
2.5848e+13	2.2094e-15	2.0628e-14
2.5982e+13	1.455e-15	2.028e-14
2.6116e+13	1.4472e-15	1.9196e-14
2.625e+13	1.9999e-15	1.9914e-14
2.6384e+13	1.8746e-15	2.2901e-14
2.6518e+13	1.6137e-15	2.2088e-14
2.6652e+13	1.6709e-15	1.7774e-14
2.6786e+13	1.4303e-15	1.7531e-14
2.692e+13	1.3322e-15	2.0223e-14
2.7054e+13	1.6988e-15	1.9076e-14
2.7188e+13	1.5515e-15	1.712e-14
2.7321e+13	1.221e-15	1.9283e-14
2.7455e+13	1.6794e-15	1.9965e-14
2.7589e+13	1.8213e-15	1.573e-14
2.7723e+13	1.1524e-15	1.373e-14
2.7857e+13	1.2474e-15	1.6147e-14
2.7991e+13	1.7815e-15	1.6204e-14
2.8125e+13	1.2578e-15	1.3797e-14
2.8259e+13	8.9179e-16	1.4635e-14
2.8393e+13	1.5764e-15	1.6469e-14
2.8527e+13	1.4974e-15	1.4295e-14
2.8661e+13	7.1266e-16	1.1692e-14
2.8795e+13	1.1161e-15	1.322e-14
2.8929e+13	1.6848e-15	1.5402e-14
2.9062e+13	9.8863e-16	1.3978e-14
2.9196e+13	6.449e-16	1.0858e-14
2.933e+13	1.2093e-15	9.7453e-15
2.9464e+13	1.0734e-15	1.118e-14
2.9598e+13	7.2035e-16	1.2854e-14
2.9732e+13	1.2193e-15	1.2458e-14
2.9866e+13	1.2696e-15	1.0726e-14
3e+13	6.2514e-16	1.0159e-14
3.0134e+13	8.2447e-16	1.0577e-14
3.0268e+13	1.2529e-15	1.0022e-14
3.0402e+13	7.6281e-16	8.9067e-15
3.0536e+13	5.7399e-16	8.3872e-15
3.067e+13	1.0186e-15	7.6258e-15
3.0804e+13	7.7459e-16	6.5479e-15
3.0938e+13	4.4655e-16	6.7671e-15
3.1071e+13	9.3274e-16	7.8574e-15
3.1205e+13	9.2773e-16	7.8663e-15
3.1339e+13	3.2196e-16	7.1739e-15
3.1473e+13	6.4016e-16	7.1626e-15
3.1607e+13	1.1452e-15	7.2808e-15
3.1741e+13	6.3933e-16	6.8412e-15
3.1875e+13	4.2765e-16	6.6003e-15
3.2009e+13	9.4162e-16	6.8487e-15
3.2143e+13	7.6619e-16	6.95e-15
3.2277e+13	3.7145e-16	6.7898e-15
3.2411e+13	8.052e-16	6.4854e-15
3.2545e+13	9.1683e-16	5.8556e-15
3.2679e+13	3.5854e-16	5.2374e-15
3.2812e+13	4.802e-16	5.1347e-15
3.2946e+13	8.5216e-16	5.1753e-15
3.308e+13	4.7675e-16	5.0389e-15
3.3214e+13	3.8497e-16	5.2737e-15
3.3348e+13	8.5493e-16	5.8371e-15
3.3482e+13	6.5133e-16	5.6275e-15
3.3616e+13	2.7798e-16	4.56e-15
3.375e+13	6.9312e-16	4.028e-15
3.3884e+13	8.3587e-16	4.4851e-15
3.4018e+13	3.7963e-16	4.7962e-15
3.4152e+13	5.0465e-16	4.5308e-15
3.4286e+13	7.8567e-16	4.4629e-15
3.442e+13	3.7062e-16	4.5645e-15
3.4554e+13	2.5939e-16	4.135e-15
3.4688e+13	6.9423e-16	3.6859e-15
3.4821e+13	5.4264e-16	4.01e-15
3.4955e+13	2.5212e-16	4.3548e-15
3.5089e+13	6.1709e-16	3.9937e-15
3.5223e+13	6.7009e-16	3.7477e-15
3.5357e+13	2.5076e-16	4.0438e-15
3.5491e+13	4.5096e-16	4.0685e-15
3.5625e+13	7.3888e-16	3.7705e-15
3.5759e+13	3.2994e-16	3.7624e-15
3.5893e+13	2.3565e-16	3.6326e-15
3.6027e+13	6.3583e-16	3.0986e-15
3.6161e+13	4.5512e-16	3.111e-15
3.6295e+13	2.0102e-16	3.7894e-15
3.6429e+13	5.9252e-16	3.9217e-15
3.6562e+13	6.2027e-16	3.4133e-15
3.6696e+13	1.8507e-16	3.2652e-15
3.683e+13	3.9879e-16	3.4506e-15
3.6964e+13	7.066e-16	3.4025e-15
3.7098e+13	3.3301e-16	3.3386e-15
3.7232e+13	2.772e-16	3.463e-15
3.7366e+13	6.7397e-16	3.518e-15
3.75e+13	4.5536e-16	3.5497e-15
3.7634e+13	1.7957e-16	3.6382e-15
3.7768e+13	5.7873e-16	3.4909e-15
3.7902e+13	6.088e-16	3.1456e-15
3.8036e+13	1.4642e-16	2.9596e-15
3.817e+13	3.4028e-16	2.9404e-15
3.8304e+13	6.8117e-16	3.056e-15
3.8438e+13	3.4435e-16	3.3655e-15
3.8571e+13	2.5537e-16	3.4997e-15
3.8705e+13	6.0904e-16	3.2578e-15
3.8839e+13	4.3463e-16	3.2066e-15
3.8973e+13	2.343e-16	3.535e-15
3.9107e+13	6.4427e-16	3.6069e-15
3.9241e+13	6.6919e-16	3.3519e-15
3.9375e+13	2.5422e-16	3.4028e-15
3.9509e+13	4.7211e-16	3.696e-15
3.9643e+13	7.2712e-16	3.592e-15
3.9777e+13	2.8765e-16	3.1882e-15
3.9911e+13	2.4804e-16	3.2292e-15
4.0045e+13	7.6342e-16	3.8647e-15
4.0179e+13	6.121e-16	4.2953e-15
4.0312e+13	2.2858e-16	3.9146e-15
4.0446e+13	5.2056e-16	3.34e-15
4.058e+13	6.5384e-16	3.5065e-15
4.0714e+13	3.6764e-16	4.1795e-15
4.0848e+13	5.8766e-16	4.4972e-15
4.0982e+13	8.3962e-16	4.2735e-15
4.1116e+13	4.0632e-16	3.8209e-15
4.125e+13	2.7598e-16	3.5615e-15
4.1384e+13	7.3212e-16	3.9566e-15
4.1518e+13	6.9501e-16	4.6243e-15
4.1652e+13	4.1404e-16	4.6016e-15
4.1786e+13	6.6121e-16	4.23e-15
4.192e+13	7.557e-16	4.4376e-15
4.2054e+13	4.4586e-16	4.5473e-15
4.2188e+13	5.2805e-16	3.9846e-15
4.2321e+13	7.2621e-16	4.1347e-15
4.2455e+13	5.2626e-16	5.3284e-15
4.2589e+13	5.919e-16	5.6805e-15
4.2723e+13	9.0675e-16	5.0088e-15
4.2857e+13	6.8788e-16	4.9965e-15
4.2991e+13	4.6062e-16	5.3107e-15
4.3125e+13	7.6393e-16	4.8006e-15
4.3259e+13	7.7325e-16	4.5402e-15
4.3393e+13	4.9156e-16	5.309e-15
4.3527e+13	7.7849e-16	5.8067e-15
4.3661e+13	1.0614e-15	5.7556e-15
4.3795e+13	7.3354e-16	6.161e-15
4.3929e+13	6.9452e-16	6.5669e-15
4.4062e+13	1.0417e-15	6.3353e-15
4.4196e+13	8.905e-16	6.412e-15
4.433e+13	7.3114e-16	7.0455e-15
4.4464e+13	1.1332e-15	7.2783e-15
4.4598e+13	1.2013e-15	7.3529e-15
4.4732e+13	8.804e-16	7.9505e-15
4.4866e+13	1.0974e-15	8.2961e-15
4.5e+13	1.3045e-15	7.7901e-15
4.5134e+13	8.8206e-16	7.3896e-15
4.5268e+13	8.8804e-16	8.0659e-15
4.5402e+13	1.4853e-15	9.4648e-15
4.5536e+13	1.4125e-15	1.0132e-14
4.567e+13	9.4117e-16	9.3756e-15
4.5804e+13	1.1758e-15	9.1833e-15
4.5938e+13	1.6172e-15	1.1357e-14
4.6071e+13	1.6292e-15	1.3419e-14
4.6205e+13	1.6679e-15	1.2732e-14
4.6339e+13	1.7631e-15	1.1869e-14
4.6473e+13	1.683e-15	1.331e-14
4.6607e+13	1.811e-15	1.4352e-14
4.6741e+13	1.9872e-15	1.3379e-14
4.6875e+13	1.7484e-15	1.3407e-14
4.7009e+13	1.7301e-15	1.5387e-14
4.7143e+13	2.2323e-15	1.6605e-14
4.7277e+13	2.3288e-15	1.6613e-14
4.7411e+13	2.1035e-15	1.7313e-14
4.7545e+13	2.5177e-15	1.9078e-14
4.7679e+13	3.0115e-15	2.0903e-14
4.7812e+13	2.7022e-15	2.1235e-14
4.7946e+13	2.3436e-15	1.9461e-14
4.808e+13	2.5726e-15	1.8777e-14
4.8214e+13	2.8116e-15	2.1582e-14
4.8348e+13	2.7856e-15	2.3199e-14
4.8482e+13	2.671e-15	2.0168e-14
4.8616e+13	2.4981e-15	1.8485e-14
4.875e+13	2.6113e-15	2.1916e-14
4.8884e+13	3.0279e-15	2.3977e-14
4.9018e+13	3.0019e-15	2.1944e-14
4.9152e+13	2.729e-15	2.2379e-14
4.9286e+13	3.0602e-15	2.5914e-14
4.942e+13	3.2729e-15	2.5173e-14
4.9554e+13	2.5097e-15	1.9848e-14
4.9688e+13	1.9042e-15	1.6588e-14
4.9821e+13	2.1998e-15	1.6905e-14
4.9955e+13	2.396e-15	1.8219e-14
5.0089e+13	2.3321e-15	2.0028e-14
5.0223e+13	2.6453e-15	2.1389e-14
5.0357e+13	2.6742e-15	2.0175e-14
5.0491e+13	1.9909e-15	1.7041e-14
5.0625e+13	1.6396e-15	1.4315e-14
5.0759e+13	1.8256e-15	1.3136e-14
5.0893e+13	1.7527e-15	1.3756e-14
5.1027e+13	1.6271e-15	1.4621e-14
5.1161e+13	1.7012e-15	1.3178e-14
5.1295e+13	1.3851e-15	1.0453e-14
5.1429e+13	9.6155e-16	9.4026e-15
5.1562e+13	1.1058e-15	9.1932e-15
5.1696e+13	1.174e-15	8.03e-15
5.183e+13	8.0843e-16	7.3941e-15
5.1964e+13	8.2507e-16	7.7697e-15
5.2098e+13	1.0699e-15	7.2451e-15
5.2232e+13	8.0278e-16	6.3824e-15
5.2366e+13	5.9883e-16	6.4806e-15
5.25e+13	8.1124e-16	5.8261e-15
5.2634e+13	6.6506e-16	4.2761e-15
5.2768e+13	3.758e-16	4.4855e-15
5.2902e+13	6.4282e-16	5.4837e-15
5.3036e+13	7.3762e-16	4.4171e-15
5.317e+13	2.9975e-16	3.0783e-15
5.3304e+13	3.0946e-16	3.6087e-15
5.3438e+13	6.2618e-16	3.7288e-15
5.3571e+13	3.7056e-16	2.5984e-15
5.3705e+13	1.7369e-16	2.6069e-15
5.3839e+13	5.0633e-16	3.2528e-15
5.3973e+13	4.3608e-16	2.4555e-15
5.4107e+13	4.5274e-17	1.5891e-15
5.4241e+13	2.5134e-16	2.0107e-15
5.4375e+13	4.7654e-16	2.1876e-15
5.4509e+13	1.4981e-16	1.8256e-15
5.4643e+13	1.3116e-16	2.1049e-15
5.4777e+13	4.4828e-16	2.3018e-15
5.4911e+13	2.5452e-16	1.7702e-15
5.5045e+13	3.4556e-17	1.6529e-15
5.5179e+13	3.1661e-16	1.9082e-15
5.5312e+13	3.2026e-16	1.6204e-15
5.5446e+13	2.8708e-17	1.5015e-15
5.558e+13	2.0528e-16	1.8155e-15
5.5714e+13	3.5569e-16	1.4325e-15
5.5848e+13	3.1462e-17	8.5383e-16
5.5982e+13	4.7563e-17	1.242e-15
5.6116e+13	3.6553e-16	1.558e-15
5.625e+13	1.6069e-16	1.062e-15
5.6384e+13	-4.9929e-17	9.8677e-16
5.6518e+13	2.6062e-16	1.375e-15
5.6652e+13	2.8024e-16	1.1215e-15
5.6786e+13	-3.8227e-17	7.9201e-16
5.692e+13	1.1491e-16	1.0605e-15
5.7054e+13	3.1043e-16	1.09e-15
5.7188e+13	4.0728e-17	8.3992e-16
5.7321e+13	3.3464e-17	1.0471e-15
5.7455e+13	3.1239e-16	1.155e-15
5.7589e+13	1.3781e-16	8.1981e-16
5.7723e+13	-3.5425e-17	9.1635e-16
5.7857e+13	2.5144e-16	1.2244e-15
5.7991e+13	2.4213e-16	8.8985e-16
5.8125e+13	-6.2937e-17	6.2228e-16
5.8259e+13	1.0724e-16	9.3299e-16
5.8393e+13	2.966e-16	9.0274e-16
5.8527e+13	1.4403e-17	6.0482e-16
5.8661e+13	2.0448e-18	8.8322e-16
5.8795e+13	2.8891e-16	1.0952e-15
5.8929e+13	1.2626e-16	7.1934e-16
5.9062e+13	-5.3e-17	7.0588e-16
5.9196e+13	2.2147e-16	1.0586e-15
5.933e+13	2.221e-16	8.2103e-16
5.9464e+13	-6.6174e-17	5.0256e-16
5.9598e+13	1.0393e-16	8.0218e-16
5.9732e+13	2.9059e-16	9.1754e-16
5.9866e+13	8.4466e-18	6.0523e-16
6e+13	-1.199e-17	6.8069e-16
6.0134e+13	2.7284e-16	9.015e-16
6.0268e+13	1.1731e-16	6.8471e-16
6.0402e+13	-6.6209e-17	6.1654e-16
6.0536e+13	2.1287e-16	9.1454e-16
6.067e+13	2.4543e-16	8.9409e-16
6.0804e+13	-3.838e-17	6.7227e-16
6.0938e+13	9.215e-17	7.5437e-16
6.1071e+13	2.7643e-16	8.2446e-16
6.1205e+13	3.9771e-17	7.4021e-16
6.1339e+13	2.2857e-17	8.3736e-16
6.1473e+13	2.7156e-16	8.864e-16
6.1607e+13	1.199e-16	6.9843e-16
6.1741e+13	-4.219e-17	7.2053e-16
6.1875e+13	2.1836e-16	8.9748e-16
6.2009e+13	2.3908e-16	8.1169e-16
6.2143e+13	-1.0865e-17	7.7465e-16
6.2277e+13	1.3811e-16	9.6642e-16
6.2411e+13	2.9475e-16	9.0695e-16
6.2545e+13	3.5936e-17	7.1804e-16
6.2679e+13	2.3485e-17	8.4289e-16
6.2812e+13	2.7589e-16	8.9959e-16
6.2946e+13	1.2204e-16	6.9233e-16
6.308e+13	-3.8237e-17	7.5549e-16
6.3214e+13	2.2406e-16	9.6817e-16
6.3348e+13	2.4397e-16	8.4289e-16
6.3482e+13	-1.008e-17	7.5364e-16
6.3616e+13	1.2775e-16	9.1066e-16
6.375e+13	2.7759e-16	8.1059e-16
6.3884e+13	3.2732e-17	6.551e-16
6.4018e+13	4.6368e-17	9.3901e-16
6.4152e+13	3.111e-16	1.0901e-15
6.4286e+13	1.4338e-16	7.5505e-16
6.442e+13	-3.9818e-17	6.7893e-16
6.4554e+13	2.1849e-16	9.6295e-16
6.4688e+13	2.4814e-16	9.2875e-16
6.4821e+13	-9.6249e-18	7.6082e-16
6.4955e+13	1.2363e-16	8.9145e-16
6.5089e+13	2.9149e-16	9.2757e-16
6.5223e+13	5.0746e-17	7.4893e-16
6.5357e+13	2.7776e-17	7.8446e-16
6.5491e+13	2.7358e-16	8.785e-16
6.5625e+13	1.3794e-16	7.6016e-16
6.5759e+13	-2.1616e-17	7.7853e-16
6.5893e+13	2.2615e-16	9.6203e-16
6.6027e+13	2.5183e-16	8.9509e-16
6.6161e+13	-1.0895e-17	7.1719e-16
6.6295e+13	9.1446e-17	7.2273e-16
6.6429e+13	2.508e-16	7.3959e-16
6.6562e+13	4.6293e-17	7.5605e-16
6.6696e+13	3.6408e-17	8.7599e-16
6.683e+13	2.5353e-16	8.095e-16
6.6964e+13	1.109e-16	5.8682e-16
6.7098e+13	-2.8727e-17	6.8589e-16
6.7232e+13	2.1797e-16	9.3147e-16
6.7366e+13	2.3245e-16	8.4583e-16
6.75e+13	-1.9123e-17	6.9681e-16
6.7634e+13	9.8673e-17	7.6692e-16
6.7768e+13	2.5647e-16	7.6999e-16
6.7902e+13	4.2445e-17	7.1884e-16
6.8036e+13	2.5766e-17	8.3486e-16
6.817e+13	2.471e-16	8.3909e-16
6.8304e+13	1.1461e-16	6.4031e-16
6.8438e+13	-3.6617e-17	6.452e-16
6.8571e+13	1.8401e-16	7.911e-16
6.8705e+13	2.0512e-16	7.3066e-16
6.8839e+13	-1.6011e-17	6.609e-16
6.8973e+13	1.0194e-16	7.3153e-16
6.9107e+13	2.4081e-16	6.9187e-16
6.9241e+13	3.3181e-17	6.4008e-16
6.9375e+13	2.9973e-17	7.6967e-16
6.9509e+13	2.4513e-16	7.7925e-16
6.9643e+13	1.1102e-16	6.1457e-16
6.9777e+13	-3.2283e-17	6.4056e-16
6.9911e+13	1.7616e-16	7.2648e-16
7.0045e+13	1.7696e-16	6.0052e-16
7.0179e+13	-3.929e-17	5.6709e-16
7.0312e+13	9.2323e-17	7.1434e-16
7.0446e+13	2.2401e-16	6.6196e-16
7.058e+13	1.6708e-18	5.2551e-16
7.0714e+13	2.3254e-20	6.3272e-16
7.0848e+13	2.2908e-16	7.2531e-16
7.0982e+13	1.0426e-16	6.3553e-16
7.1116e+13	-3.9691e-17	6.4612e-16
7.125e+13	1.6984e-16	7.1395e-16
7.1384e+13	1.8016e-16	6.4153e-16
7.1518e+13	-3.4196e-17	6.3092e-16
7.1652e+13	8.6282e-17	7.1132e-16
7.1786e+13	2.1837e-16	6.4059e-16
7.192e+13	1.0062e-17	5.8122e-16
7.2054e+13	5.2469e-18	6.9022e-16
7.2188e+13	2.1843e-16	6.7654e-16
7.2321e+13	9.7772e-17	5.6548e-16
7.2455e+13	-3.5051e-17	6.6203e-16
7.2589e+13	1.6259e-16	7.3433e-16
7.2723e+13	1.5995e-16	5.8633e-16
7.2857e+13	-4.1182e-17	5.9629e-16
7.2991e+13	9.4511e-17	7.6422e-16
7.3125e+13	2.2054e-16	6.818e-16
7.3259e+13	3.9281e-18	5.5835e-16
7.3393e+13	5.2447e-18	7.0363e-16
7.3527e+13	2.2555e-16	7.6472e-16
7.3661e+13	9.8874e-17	6.174e-16
7.3795e+13	-4.4594e-17	6.2957e-16
7.3929e+13	1.5608e-16	7.177e-16
7.4062e+13	1.6785e-16	6.3612e-16
7.4196e+13	-3.1397e-17	6.285e-16
7.433e+13	9.1128e-17	7.3243e-16
7.4464e+13	2.1414e-16	6.5018e-16
7.4598e+13	5.1415e-18	5.6241e-16
7.4732e+13	2.1785e-18	7.0899e-16
7.4866e+13	2.1561e-16	7.7431e-16
7.5e+13	1.0103e-16	6.6564e-16
7.5134e+13	-2.7589e-17	6.9594e-16
7.5268e+13	1.713e-16	7.6571e-16
7.5402e+13	1.7667e-16	6.7193e-16
7.5536e+13	-2.6737e-17	6.5511e-16
7.567e+13	8.9733e-17	7.4889e-16
7.5804e+13	2.1657e-16	6.9668e-16
7.5938e+13	2.0198e-17	6.4394e-16
7.6071e+13	1.288e-17	7.4076e-16
7.6205e+13	2.0824e-16	7.1528e-16
7.6339e+13	8.8354e-17	5.8392e-16
7.6473e+13	-3.9433e-17	6.3634e-16
7.6607e+13	1.5304e-16	7.1997e-16
7.6741e+13	1.6276e-16	6.8153e-16
7.6875e+13	-2.4294e-17	7.545e-16
7.7009e+13	9.2842e-17	8.62e-16
7.7143e+13	2.0855e-16	7.5168e-16
7.7277e+13	1.4315e-17	6.7967e-16
7.7411e+13	1.4939e-17	7.9884e-16
7.7545e+13	2.1078e-16	7.8599e-16
7.7679e+13	9.4935e-17	6.8896e-16
7.7812e+13	-2.6724e-17	7.8239e-16
7.7946e+13	1.5882e-16	8.0764e-16
7.808e+13	1.5849e-16	6.4069e-16
7.8214e+13	-2.5837e-17	6.7965e-16
7.8348e+13	9.7963e-17	8.599e-16
7.8482e+13	2.154e-16	7.8434e-16
7.8616e+13	2.2663e-17	6.8057e-16
7.875e+13	2.4267e-17	7.9593e-16
7.8884e+13	2.1988e-16	8.1209e-16
7.9018e+13	1.0855e-16	7.1701e-16
7.9152e+13	-6.4818e-18	8.2072e-16
7.9286e+13	1.7977e-16	9.1605e-16
7.942e+13	1.7481e-16	7.9848e-16
7.9554e+13	-1.6649e-17	7.8236e-16
7.9688e+13	1.0183e-16	8.8939e-16
7.9821e+13	2.2214e-16	8.3519e-16
7.9955e+13	3.2141e-17	7.9196e-16
8.0089e+13	2.5272e-17	9.0885e-16
8.0223e+13	2.1571e-16	8.9538e-16
8.0357e+13	1.1307e-16	7.8756e-16
8.0491e+13	1.185e-19	8.6945e-16
8.0625e+13	1.7688e-16	9.4009e-16
8.0759e+13	1.7313e-16	8.3874e-16
8.0893e+13	-1.2248e-17	8.491e-16
8.1027e+13	9.8343e-17	9.5469e-16
8.1161e+13	2.1736e-16	9.1247e-16
8.1295e+13	4.544e-17	8.9872e-16
8.1429e+13	4.31e-17	1.0163e-15
8.1562e+13	2.196e-16	1.0316e-15
8.1696e+13	1.2248e-16	1.0367e-15
8.183e+13	2.9391e-17	1.179e-15
8.1964e+13	2.0521e-16	1.1566e-15
8.2098e+13	1.9663e-16	9.7997e-16
8.2232e+13	2.9145e-17	1.0583e-15
8.2366e+13	1.4785e-16	1.1938e-15
8.25e+13	2.4075e-16	1.0255e-15
8.2634e+13	5.0831e-17	9.3995e-16
8.2768e+13	6.9507e-17	1.1737e-15
8.2902e+13	2.6752e-16	1.2723e-15
8.3036e+13	1.5492e-16	1.1704e-15
8.317e+13	3.412e-17	1.2212e-15
8.3304e+13	2.0586e-16	1.2773e-15
8.3438e+13	2.0369e-16	1.1509e-15
8.3571e+13	3.078e-17	1.1412e-15
8.3705e+13	1.5258e-16	1.289e-15
8.3839e+13	2.6749e-16	1.283e-15
8.3973e+13	7.5091e-17	1.1695e-15
8.4107e+13	5.6854e-17	1.1584e-15
8.4241e+13	2.4693e-16	1.2291e-15
8.4375e+13	1.6837e-16	1.3509e-15
8.4509e+13	5.6885e-17	1.4325e-15
8.4643e+13	2.1114e-16	1.3367e-15
8.4777e+13	2.256e-16	1.2863e-15
8.4911e+13	8.0511e-17	1.4768e-15
8.5045e+13	1.856e-16	1.584e-15
8.5179e+13	2.8569e-16	1.487e-15
8.5312e+13	1.2891e-16	1.5314e-15
8.5446e+13	1.3937e-16	1.6807e-15
8.558e+13	3.1435e-16	1.6856e-15
8.5714e+13	2.2359e-16	1.7267e-15
8.5848e+13	1.1101e-16	1.8148e-15
8.5982e+13	2.4335e-16	1.6597e-15
8.6116e+13	2.3962e-16	1.5171e-15
8.625e+13	1.0871e-16	1.7161e-15
8.6384e+13	2.3485e-16	1.912e-15
8.6518e+13	3.5183e-16	1.9564e-15
8.6652e+13	2.0972e-16	2.1147e-15
8.6786e+13	1.9975e-16	2.1563e-15
8.692e+13	3.2947e-16	1.9273e-15
8.7054e+13	2.3503e-16	1.9148e-15
8.7188e+13	1.4832e-16	2.0365e-15
8.7321e+13	2.755e-16	1.8285e-15
8.7455e+13	2.6919e-16	1.8358e-15
8.7589e+13	1.7389e-16	2.3837e-15
8.7723e+13	2.9691e-16	2.486e-15
8.7857e+13	3.4627e-16	1.9966e-15
8.7991e+13	1.7694e-16	2.0101e-15
8.8125e+13	2.099e-16	2.3675e-15
8.8259e+13	3.6541e-16	2.2315e-15
8.8393e+13	2.7158e-16	2.1756e-15
8.8527e+13	2.2024e-16	2.6016e-15
8.8661e+13	3.8442e-16	2.6206e-15
8.8795e+13	3.5354e-16	2.2578e-15
8.8929e+13	2.1017e-16	2.3882e-15
8.9062e+13	3.3036e-16	2.6495e-15
8.9196e+13	4.2161e-16	2.5725e-15
8.933e+13	2.9587e-16	2.7826e-15
8.9464e+13	3.3814e-16	3.214e-15
8.9598e+13	4.6749e-16	3.1738e-15
8.9732e+13	3.4783e-16	3.0719e-15
8.9866e+13	2.8973e-16	3.2325e-15
9e+13	4.53e-16	3.0767e-15
9.0134e+13	4.3478e-16	2.9559e-15
9.0268e+13	3.2416e-16	3.478e-15
9.0402e+13	4.5419e-16	3.7019e-15
9.0536e+13	5.1007e-16	3.2318e-15
9.067e+13	3.4275e-16	3.2213e-15
9.0804e+13	3.6374e-16	3.5802e-15
9.0938e+13	5.1368e-16	3.4979e-15
9.1071e+13	4.9227e-16	3.8897e-15
9.1205e+13	5.291e-16	4.9037e-15
9.1339e+13	6.3319e-16	4.6764e-15
9.1473e+13	4.7575e-16	3.5751e-15
9.1607e+13	3.6025e-16	3.8388e-15
9.1741e+13	5.6681e-16	4.6343e-15
9.1875e+13	5.8843e-16	4.1317e-15
9.2009e+13	3.7191e-16	3.7852e-15
9.2143e+13	4.7905e-16	4.6753e-15
9.2277e+13	6.6119e-16	4.8723e-15
9.2411e+13	4.8075e-16	4.077e-15
9.2545e+13	4.4282e-16	4.284e-15
9.2679e+13	7.0857e-16	5.1558e-15
9.2812e+13	6.4777e-16	5.0916e-15
9.2946e+13	4.2243e-16	4.8462e-15
9.308e+13	6.0695e-16	5.402e-15
9.3214e+13	7.9205e-16	5.8897e-15
9.3348e+13	6.1951e-16	5.7518e-15
9.3482e+13	5.544e-16	5.2978e-15
9.3616e+13	6.2566e-16	4.6744e-15
9.375e+13	5.2273e-16	4.6354e-15
9.3884e+13	5.819e-16	5.8344e-15
9.4018e+13	8.7519e-16	7.0335e-15
9.4152e+13	8.5137e-16	7.0192e-15
9.4286e+13	6.5976e-16	6.5083e-15
9.442e+13	7.4684e-16	6.0678e-15
9.4554e+13	7.2929e-16	5.4702e-15
9.4688e+13	5.0012e-16	5.4724e-15
9.4821e+13	6.5947e-16	6.525e-15
9.4955e+13	9.8072e-16	7.2098e-15
9.5089e+13	8.4218e-16	6.8682e-15
9.5223e+13	7.0827e-16	6.8977e-15
9.5357e+13	9.8294e-16	7.9123e-15
9.5491e+13	1.0758e-15	8.8195e-15
9.5625e+13	9.0222e-16	8.9205e-15
9.5759e+13	1.0027e-15	8.5982e-15
9.5893e+13	1.1604e-15	8.5111e-15
9.6027e+13	1.0353e-15	8.8762e-15
9.6161e+13	9.9895e-16	9.0406e-15
9.6295e+13	1.0999e-15	8.5806e-15
9.6429e+13	1.0233e-15	8.4503e-15
9.6562e+13	1.0344e-15	9.2392e-15
9.6696e+13	1.2446e-15	9.8718e-15
9.683e+13	1.1863e-15	9.8221e-15
9.6964e+13	1.0281e-15	1.0043e-14
9.7098e+13	1.2614e-15	1.08e-14
9.7232e+13	1.4543e-15	1.138e-14
9.7366e+13	1.2452e-15	1.159e-14
9.75e+13	1.1982e-15	1.1584e-14
9.7634e+13	1.4439e-15	1.1576e-14
9.7768e+13	1.4654e-15	1.2013e-14
9.7902e+13	1.3724e-15	1.2477e-14
9.8036e+13	1.4828e-15	1.2091e-14
9.817e+13	1.5404e-15	1.1802e-14
9.8304e+13	1.5122e-15	1.2955e-14
9.8438e+13	1.642e-15	1.4231e-14
9.8571e+13	1.6491e-15	1.3951e-14
9.8705e+13	1.3984e-15	1.3235e-14
9.8839e+13	1.3917e-15	1.3452e-14
9.8973e+13	1.6404e-15	1.3707e-14
9.9107e+13	1.6292e-15	1.3124e-14
9.9241e+13	1.4862e-15	1.2614e-14
9.9375e+13	1.5981e-15	1.3284e-14
9.9509e+13	1.7453e-15	1.4615e-14
9.9643e+13	1.6893e-15	1.478e-14
9.9777e+13	1.6028e-15	1.3478e-14
9.9911e+13	1.6231e-15	1.3176e-14
1.0004e+14	1.7832e-15	1.4879e-14
1.0018e+14	2.014e-15	1.5958e-14
1.0031e+14	2.0422e-15	1.5558e-14
1.0045e+14	1.8897e-15	1.6084e-14
1.0058e+14	1.8926e-15	1.7104e-14
1.0071e+14	1.9516e-15	1.6262e-14
1.0085e+14	1.8638e-15	1.5531e-14
1.0098e+14	1.9568e-15	1.7304e-14
1.0112e+14	2.2881e-15	1.9015e-14
1.0125e+14	2.4041e-15	1.9199e-14
1.0138e+14	2.3839e-15	2.0172e-14
1.0152e+14	2.5142e-15	2.1236e-14
1.0165e+14	2.4562e-15	2.011e-14
1.0179e+14	2.1855e-15	1.901e-14
1.0192e+14	2.2535e-15	1.9457e-14
1.0205e+14	2.4717e-15	1.8955e-14
1.0219e+14	2.3685e-15	1.832e-14
1.0232e+14	2.3577e-15	2.0183e-14
1.0246e+14	2.619e-15	2.1459e-14
1.0259e+14	2.5839e-15	2.0041e-14
1.0272e+14	2.4046e-15	2.014e-14
1.0286e+14	2.544e-15	2.1816e-14
1.0299e+14	2.5224e-15	2.0557e-14
1.0312e+14	2.2423e-15	1.9326e-14
1.0326e+14	2.4574e-15	2.2385e-14
1.0339e+14	2.8463e-15	2.4119e-14
1.0353e+14	2.6359e-15	2.133e-14
1.0366e+14	2.5157e-15	2.1015e-14
1.0379e+14	2.9282e-15	2.4106e-14
1.0393e+14	2.8437e-15	2.307e-14
1.0406e+14	2.259e-15	1.9178e-14
1.042e+14	2.3377e-15	1.938e-14
1.0433e+14	2.7451e-15	2.1494e-14
1.0446e+14	2.602e-15	2.1352e-14
1.046e+14	2.5316e-15	2.1906e-14
1.0473e+14	2.8728e-15	2.3847e-14
1.0487e+14	2.7977e-15	2.3348e-14
1.05e+14	2.4375e-15	2.1517e-14
1.0513e+14	2.5762e-15	2.1614e-14
1.0527e+14	2.8854e-15	2.2461e-14
1.054e+14	2.9739e-15	2.3155e-14
1.0554e+14	3.1018e-15	2.4215e-14
1.0567e+14	3.0351e-15	2.3685e-14
1.058e+14	2.7096e-15	2.1962e-14
1.0594e+14	2.8259e-15	2.2613e-14
1.0607e+14	3.04e-15	2.3391e-14
1.0621e+14	2.4549e-15	2.0164e-14
1.0634e+14	1.9654e-15	1.7487e-14
1.0647e+14	2.5049e-15	1.994e-14
1.0661e+14	2.9201e-15	2.2497e-14
1.0674e+14	2.59e-15	2.1438e-14
1.0688e+14	2.5218e-15	2.0171e-14
1.0701e+14	2.5835e-15	1.9307e-14
1.0714e+14	2.0358e-15	1.7029e-14
1.0728e+14	1.8157e-15	1.6213e-14
1.0741e+14	2.4234e-15	1.8125e-14
1.0754e+14	2.568e-15	1.8708e-14
1.0768e+14	2.1055e-15	1.7489e-14
1.0781e+14	2.136e-15	1.7277e-14
1.0795e+14	2.2834e-15	1.6745e-14
1.0808e+14	1.923e-15	1.5052e-14
1.0821e+14	1.8582e-15	1.5091e-14
1.0835e+14	2.1529e-15	1.5798e-14
1.0848e+14	1.9211e-15	1.4089e-14
1.0862e+14	1.6753e-15	1.3053e-14
1.0875e+14	2.0606e-15	1.4976e-14
1.0888e+14	2.1057e-15	1.5056e-14
1.0902e+14	1.5321e-15	1.1896e-14
1.0915e+14	1.4195e-15	1.0584e-14
1.0929e+14	1.6425e-15	1.1544e-14
1.0942e+14	1.4083e-15	1.1034e-14
1.0955e+14	1.2247e-15	9.8742e-15
1.0969e+14	1.409e-15	9.8323e-15
1.0982e+14	1.2773e-15	9.2388e-15
1.0996e+14	1.0074e-15	8.2909e-15
1.1009e+14	1.1639e-15	8.6781e-15
1.1022e+14	1.1763e-15	8.6048e-15
1.1036e+14	8.2411e-16	7.0545e-15
1.1049e+14	8.5302e-16	6.6388e-15
1.1062e+14	1.0413e-15	7.1702e-15
1.1076e+14	6.9795e-16	5.9209e-15
1.1089e+14	4.1344e-16	4.3469e-15
1.1103e+14	6.707e-16	5.0125e-15
1.1116e+14	7.804e-16	6.088e-15
1.1129e+14	5.9985e-16	5.7124e-15
1.1143e+14	6.5488e-16	5.1504e-15
1.1156e+14	7.1369e-16	4.9605e-15
1.117e+14	5.2212e-16	4.6022e-15
1.1183e+14	5.0807e-16	4.5476e-15
1.1196e+14	6.1741e-16	4.6002e-15
1.121e+14	4.7277e-16	3.9242e-15
1.1223e+14	3.9042e-16	3.3575e-15
1.1237e+14	5.1649e-16	3.5005e-15
1.125e+14	4.1979e-16	3.2327e-15
1.1263e+14	2.5949e-16	2.6793e-15
1.1277e+14	4.0525e-16	2.963e-15
1.129e+14	4.6016e-16	3.2601e-15
1.1304e+14	2.6992e-16	2.7798e-15
1.1317e+14	3.0176e-16	2.6242e-15
1.133e+14	4.0761e-16	2.8176e-15
1.1344e+14	2.1237e-16	2.2526e-15
1.1357e+14	1.1588e-16	1.6723e-15
1.1371e+14	2.8726e-16	1.945e-15
1.1384e+14	2.5283e-16	1.9892e-15
1.1397e+14	1.1244e-16	1.5195e-15
1.1411e+14	2.2434e-16	1.5682e-15
1.1424e+14	2.5284e-16	1.7446e-15
1.1438e+14	7.4533e-17	1.351e-15
1.1451e+14	1.2188e-16	1.2372e-15
1.1464e+14	2.5693e-16	1.597e-15
1.1478e+14	1.3414e-16	1.4874e-15
1.1491e+14	8.6236e-17	1.1827e-15
1.1504e+14	2.2258e-16	1.3041e-15
1.1518e+14	1.4351e-16	1.2522e-15
1.1531e+14	1.9566e-17	9.5719e-16
1.1545e+14	1.6603e-16	1.113e-15
1.1558e+14	2.0762e-16	1.2861e-15
1.1571e+14	3.9173e-17	9.8323e-16
1.1585e+14	9.0262e-17	9.1667e-16
1.1598e+14	2.0858e-16	1.1483e-15
1.1612e+14	6.983e-17	9.4354e-16
1.1625e+14	2.3003e-17	6.826e-16
1.1638e+14	1.7037e-16	8.8129e-16
1.1652e+14	1.0903e-16	9.2111e-16
1.1665e+14	-4.5389e-18	6.9089e-16
1.1679e+14	1.2903e-16	7.9075e-16
1.1692e+14	1.6024e-16	9.1972e-16
1.1705e+14	8.0776e-18	7.2523e-16
1.1719e+14	7.1874e-17	7.4429e-16
1.1732e+14	1.8078e-16	9.353e-16
1.1746e+14	4.3516e-17	7.6908e-16
1.1759e+14	1.6826e-17	6.5928e-16
1.1772e+14	1.6962e-16	8.9762e-16
1.1786e+14	9.941e-17	8.7382e-16
1.1799e+14	-1.0143e-17	6.6298e-16
1.1812e+14	1.3267e-16	8.1135e-16
1.1826e+14	1.5856e-16	8.8034e-16
1.1839e+14	-8.3965e-19	6.1201e-16
1.1853e+14	6.9994e-17	6.6897e-16
1.1866e+14	1.8783e-16	9.3042e-16
1.1879e+14	4.6654e-17	7.5565e-16
1.1893e+14	1.288e-17	5.954e-16
1.1906e+14	1.687e-16	8.2355e-16
1.192e+14	1.0126e-16	8.17e-16
1.1933e+14	-1.8664e-17	6.0098e-16
1.1946e+14	1.1764e-16	7.5848e-16
1.196e+14	1.5699e-16	9.0283e-16
1.1973e+14	6.5562e-18	6.9124e-16
1.1987e+14	6.2154e-17	6.7925e-16
1.2e+14	1.6845e-16	8.3147e-16
1.2013e+14	3.7524e-17	6.5805e-16
1.2027e+14	8.9811e-18	5.7248e-16
1.204e+14	1.5653e-16	8.1299e-16
1.2054e+14	9.1838e-17	7.4963e-16
1.2067e+14	-1.8689e-17	4.9892e-16
1.208e+14	1.1172e-16	6.7764e-16
1.2094e+14	1.4414e-16	8.5489e-16
1.2107e+14	3.919e-18	6.5956e-16
1.2121e+14	7.0192e-17	6.8848e-16
1.2134e+14	1.7638e-16	9.1919e-16
1.2147e+14	4.5645e-17	7.6038e-16
1.2161e+14	1.6557e-17	5.8454e-16
1.2174e+14	1.5804e-16	7.8692e-16
1.2188e+14	9.4865e-17	8.2323e-16
1.2201e+14	-5.1576e-18	6.3964e-16
1.2214e+14	1.2543e-16	7.4991e-16
1.2228e+14	1.4599e-16	8.6509e-16
1.2241e+14	-1.3917e-18	6.8006e-16
1.2254e+14	6.5662e-17	6.8799e-16
1.2268e+14	1.7359e-16	8.7917e-16
1.2281e+14	4.4517e-17	7.5637e-16
1.2295e+14	1.7207e-17	6.2187e-16
1.2308e+14	1.5964e-16	7.7592e-16
1.2321e+14	9.5706e-17	7.5114e-16
1.2335e+14	-9.1408e-18	5.6917e-16
1.2348e+14	1.1754e-16	6.9212e-16
1.2362e+14	1.439e-16	7.9665e-16
1.2375e+14	2.3699e-18	6.0437e-16
1.2388e+14	6.0096e-17	6.0708e-16
1.2402e+14	1.5568e-16	7.7448e-16
1.2415e+14	2.9944e-17	6.0999e-16
1.2429e+14	1.1645e-17	4.4518e-16
1.2442e+14	1.5333e-16	6.3594e-16
1.2455e+14	8.5078e-17	7.0079e-16
1.2469e+14	-2.0354e-17	5.3991e-16
1.2482e+14	1.0557e-16	5.8977e-16
1.2496e+14	1.2998e-16	6.6247e-16
1.2509e+14	-1.2822e-17	5.0832e-16
1.2522e+14	4.4995e-17	5.0242e-16
1.2536e+14	1.4512e-16	6.3698e-16
1.2549e+14	2.3703e-17	5.2672e-16
1.2562e+14	-1.9054e-18	4.19e-16
1.2576e+14	1.288e-16	5.4098e-16
1.2589e+14	6.4826e-17	5.1745e-16
1.2603e+14	-2.8131e-17	3.8775e-16
1.2616e+14	9.83e-17	5.0783e-16
1.2629e+14	1.1517e-16	5.7561e-16
1.2643e+14	-2.8968e-17	3.8457e-16
1.2656e+14	3.1237e-17	3.7745e-16
1.267e+14	1.2994e-16	5.2293e-16
1.2683e+14	5.4881e-18	4.0352e-16
1.2696e+14	-1.7702e-17	2.9173e-16
1.271e+14	1.2355e-16	4.4266e-16
1.2723e+14	6.6285e-17	4.4287e-16
1.2737e+14	-3.8985e-17	2.7531e-16
1.275e+14	7.0844e-17	3.4066e-16
1.2763e+14	9.4921e-17	4.3136e-16
1.2777e+14	-3.0567e-17	3.045e-16
1.279e+14	2.8768e-17	2.9738e-16
1.2804e+14	1.1869e-16	4.1517e-16
1.2817e+14	1.3081e-18	3.2635e-16
1.283e+14	-1.7229e-17	2.4159e-16
1.2844e+14	1.0965e-16	3.5277e-16
1.2857e+14	4.5176e-17	3.3893e-16
1.2871e+14	-4.566e-17	2.2945e-16
1.2884e+14	7.3589e-17	3.1552e-16
1.2897e+14	8.8478e-17	3.5297e-16
1.2911e+14	-4.5751e-17	1.9913e-16
1.2924e+14	1.5247e-17	2.1581e-16
1.2938e+14	1.0797e-16	3.3802e-16
1.2951e+14	-9.65e-18	2.3486e-16
1.2964e+14	-2.774e-17	1.6522e-16
1.2978e+14	1.0161e-16	2.9915e-16
1.2991e+14	3.9121e-17	2.7021e-16
1.3004e+14	-5.3422e-17	1.2819e-16
1.3018e+14	6.2813e-17	2.1449e-16
1.3031e+14	7.9914e-17	2.8624e-16
1.3045e+14	-4.9287e-17	1.5251e-16
1.3058e+14	1.1506e-17	1.5057e-16
1.3071e+14	1.0123e-16	2.5361e-16
1.3085e+14	-1.6326e-17	1.6282e-16
1.3098e+14	-3.4497e-17	1.074e-16
1.3112e+14	9.3388e-17	2.3416e-16
1.3125e+14	3.2594e-17	2.0588e-16
1.3138e+14	-5.7953e-17	8.2346e-17
1.3152e+14	5.6767e-17	1.7404e-16
1.3165e+14	7.4449e-17	2.3675e-16
1.3179e+14	-5.1787e-17	1.0377e-16
1.3192e+14	6.7538e-18	1.0643e-16
1.3205e+14	9.2909e-17	2.053e-16
1.3219e+14	-2.1563e-17	1.1115e-16
1.3232e+14	-3.7075e-17	5.5472e-17
1.3246e+14	8.7004e-17	1.8275e-16
1.3259e+14	2.477e-17	1.6729e-16
1.3272e+14	-6.1851e-17	5.8417e-17
1.3286e+14	5.329e-17	1.3688e-16
1.3299e+14	6.7615e-17	1.7439e-16
1.3312e+14	-5.8364e-17	4.7058e-17
1.3326e+14	3.4231e-18	7.8098e-17
1.3339e+14	9.1195e-17	1.9116e-16
1.3353e+14	-2.3941e-17	9.6315e-17
1.3366e+14	-4.1511e-17	3.844e-17
1.3379e+14	8.162e-17	1.5516e-16
1.3393e+14	2.1327e-17	1.2346e-16
1.3406e+14	-6.4614e-17	1.5591e-17
1.342e+14	4.8038e-17	1.1472e-16
1.3433e+14	6.2537e-17	1.6554e-16
1.3446e+14	-6.0046e-17	2.9881e-17
1.346e+14	1.7911e-18	4.9657e-17
1.3473e+14	8.7415e-17	1.6608e-16
1.3487e+14	-2.6547e-17	7.7246e-17
1.35e+14	-4.2265e-17	1.6166e-17
1.3513e+14	8.0094e-17	1.3528e-16
1.3527e+14	1.9404e-17	1.151e-16
1.354e+14	-6.5748e-17	2.7742e-18
1.3554e+14	4.7051e-17	8.3613e-17
1.3567e+14	6.191e-17	1.3679e-16
1.358e+14	-6.0936e-17	1.8843e-17
1.3594e+14	-1.2626e-18	3.5848e-17
1.3607e+14	8.4329e-17	1.3872e-16
1.3621e+14	-2.7003e-17	5.5784e-17
1.3634e+14	-4.3483e-17	5.1909e-18
1.3647e+14	7.6249e-17	1.1821e-16
1.3661e+14	1.7293e-17	9.206e-17
1.3674e+14	-6.5917e-17	-1.5065e-17
1.3688e+14	4.4806e-17	7.0818e-17
1.3701e+14	6.0224e-17	1.2945e-16
1.3714e+14	-5.8694e-17	1.7404e-17
1.3728e+14	-3.5161e-19	2.6301e-17
1.3741e+14	8.0792e-17	1.162e-16
1.3754e+14	-2.9582e-17	3.9115e-17
1.3768e+14	-4.3306e-17	6.992e-20
1.3781e+14	7.5316e-17	1.0881e-16
1.3795e+14	1.5802e-17	8.0382e-17
1.3808e+14	-6.5493e-17	-1.3797e-17
1.3821e+14	4.5196e-17	7.6016e-17
1.3835e+14	5.9279e-17	1.2172e-16
1.3848e+14	-5.9323e-17	5.7733e-18
1.3862e+14	-5.2654e-19	2.52e-17
1.3875e+14	8.0729e-17	1.1853e-16
1.3888e+14	-2.9019e-17	3.4618e-17
1.3902e+14	-4.3469e-17	-5.8751e-18
1.3915e+14	7.3973e-17	1.0808e-16
1.3929e+14	1.5967e-17	7.8992e-17
1.3942e+14	-6.4019e-17	-2.3148e-17
1.3955e+14	4.4856e-17	6.3604e-17
1.3969e+14	5.8119e-17	1.1493e-16
1.3982e+14	-5.9162e-17	2.3594e-18
1.3996e+14	-1.1863e-18	2.0157e-17
1.4009e+14	7.8457e-17	1.1657e-16
1.4022e+14	-3.0096e-17	3.6556e-17
1.4036e+14	-4.3455e-17	-1.0586e-17
1.4049e+14	7.3026e-17	9.7614e-17
1.4062e+14	1.4676e-17	7.7035e-17
1.4076e+14	-6.5621e-17	-1.9112e-17
1.4089e+14	4.1973e-17	5.8098e-17
1.4103e+14	5.6092e-17	1.0257e-16
1.4116e+14	-5.9186e-17	-4.2283e-18
1.4129e+14	-2.0829e-18	1.7892e-17
1.4143e+14	7.6744e-17	1.1378e-16
1.4156e+14	-2.9881e-17	3.4519e-17
1.417e+14	-4.3364e-17	-1.5489e-17
1.4183e+14	7.0733e-17	8.8297e-17
1.4196e+14	1.3549e-17	7.213e-17
1.421e+14	-6.4124e-17	-1.9228e-17
1.4223e+14	4.2471e-17	5.3765e-17
1.4237e+14	5.5519e-17	9.8581e-17
1.425e+14	-5.8328e-17	-8.8582e-19
1.4263e+14	-1.376e-18	1.7577e-17
1.4277e+14	7.6346e-17	1.0513e-16
1.429e+14	-2.8662e-17	3.2911e-17
1.4304e+14	-4.1089e-17	-7.8412e-18
1.4317e+14	7.0884e-17	8.9049e-17
1.433e+14	1.2628e-17	6.6198e-17
1.4344e+14	-6.4017e-17	-1.8782e-17
1.4357e+14	4.2331e-17	5.7329e-17
1.4371e+14	5.4738e-17	9.6394e-17
1.4384e+14	-5.8033e-17	-3.2876e-18
1.4397e+14	-1.0503e-20	2.0486e-17
1.4411e+14	7.7688e-17	1.0731e-16
1.4424e+14	-2.7778e-17	3.0256e-17
1.4438e+14	-4.0942e-17	-1.0718e-17
1.4451e+14	7.1343e-17	9.0996e-17
1.4464e+14	1.4491e-17	7.254e-17
1.4478e+14	-6.3034e-17	-1.3117e-17
1.4491e+14	4.0711e-17	5.9219e-17
1.4504e+14	5.3242e-17	9.7458e-17
1.4518e+14	-5.8264e-17	-1.3783e-18
1.4531e+14	-1.3876e-18	2.0353e-17
1.4545e+14	7.5863e-17	1.0565e-16
1.4558e+14	-2.8037e-17	2.9658e-17
1.4571e+14	-4.1783e-17	-1.1812e-17
1.4585e+14	6.9246e-17	9.0312e-17
1.4598e+14	1.4388e-17	7.4651e-17
1.4612e+14	-6.1797e-17	-1.5512e-17
1.4625e+14	4.0545e-17	4.8368e-17
1.4638e+14	5.4005e-17	9.1812e-17
1.4652e+14	-5.5639e-17	3.7391e-18
1.4665e+14	-1.2326e-18	2.0021e-17
1.4679e+14	7.4239e-17	9.7055e-17
1.4692e+14	-2.6307e-17	3.1145e-17
1.4705e+14	-3.8694e-17	-1.1063e-18
1.4719e+14	6.9373e-17	9.1202e-17
1.4732e+14	1.4377e-17	6.8958e-17
1.4746e+14	-6.0013e-17	-1.1334e-17
1.4759e+14	4.0301e-17	5.722e-17
1.4772e+14	5.1912e-17	9.2368e-17
1.4786e+14	-5.5471e-17	6.4043e-19
1.4799e+14	-1.029e-19	2.1239e-17
1.4812e+14	7.3118e-17	9.8981e-17
1.4826e+14	-2.7992e-17	2.8957e-17
1.4839e+14	-3.8928e-17	-6.982e-18
1.4853e+14	6.9736e-17	8.4265e-17
1.4866e+14	1.4937e-17	6.4966e-17
1.4879e+14	-5.9206e-17	-1.1593e-17
1.4893e+14	4.1096e-17	5.624e-17
1.4906e+14	5.3257e-17	8.9641e-17
1.492e+14	-5.4437e-17	-2.298e-19
1.4933e+14	-1.2097e-18	2.1716e-17
1.4946e+14	7.2254e-17	9.8416e-17
1.496e+14	-2.5468e-17	2.9854e-17
1.4973e+14	-3.615e-17	-2.4863e-18
1.4987e+14	6.924e-17	8.9223e-17
1.5e+14	1.3855e-17	6.6797e-17
1.5013e+14	-5.872e-17	-1.2965e-17
1.5027e+14	4.0932e-17	5.473e-17
1.504e+14	5.2002e-17	9.0688e-17
1.5054e+14	-5.4877e-17	1.3215e-18
1.5067e+14	-5.7891e-19	2.227e-17
1.508e+14	7.359e-17	1.0302e-16
1.5094e+14	-2.4433e-17	3.7964e-17
1.5107e+14	-3.7686e-17	-2.7643e-18
1.5121e+14	6.6532e-17	7.927e-17
1.5134e+14	1.3996e-17	6.2529e-17
1.5147e+14	-5.7404e-17	-7.4753e-18
1.5161e+14	3.9787e-17	5.7719e-17
1.5174e+14	5.1394e-17	8.8374e-17
1.5188e+14	-5.2679e-17	-4.4087e-19
1.5201e+14	-4.4241e-19	1.7084e-17
1.5214e+14	7.0367e-17	9.0802e-17
1.5228e+14	-2.5376e-17	2.7642e-17
1.5241e+14	-3.542e-17	-5.0941e-18
1.5254e+14	6.7726e-17	8.0746e-17
1.5268e+14	1.3707e-17	6.39e-17
1.5281e+14	-5.7849e-17	-9.6683e-18
1.5295e+14	3.8126e-17	4.9481e-17
1.5308e+14	4.9348e-17	8.2572e-17
1.5321e+14	-5.2806e-17	5.3237e-18
1.5335e+14	4.014e-19	2.641e-17
1.5348e+14	7.0627e-17	9.3597e-17
1.5362e+14	-2.5451e-17	2.972e-17
1.5375e+14	-3.6476e-17	1.0925e-18
1.5388e+14	6.5886e-17	8.2911e-17
1.5402e+14	1.3763e-17	5.9663e-17
1.5415e+14	-5.5935e-17	-1.0509e-17
1.5429e+14	3.9073e-17	5.5185e-17
1.5442e+14	4.9501e-17	8.5923e-17
1.5455e+14	-5.2372e-17	6.3074e-19
1.5469e+14	-3.0222e-19	1.9282e-17
1.5482e+14	6.923e-17	9.1373e-17
1.5496e+14	-2.5566e-17	2.8906e-17
1.5509e+14	-3.7036e-17	-7.2626e-18
1.5522e+14	6.3461e-17	7.0303e-17
1.5536e+14	1.2186e-17	5.3552e-17
1.5549e+14	-5.6312e-17	-1.4067e-17
1.5562e+14	3.7527e-17	4.3546e-17
1.5576e+14	4.8781e-17	7.3557e-17
1.5589e+14	-5.0183e-17	-8.171e-19
1.5603e+14	9.3148e-19	1.9675e-17
1.5616e+14	6.7847e-17	8.2086e-17
1.5629e+14	-2.5326e-17	1.8231e-17
1.5643e+14	-3.4767e-17	-1.0069e-17
1.5656e+14	6.3913e-17	7.0374e-17
1.567e+14	1.1738e-17	5.327e-17
1.5683e+14	-5.482e-17	-1.0977e-17
1.5696e+14	3.8758e-17	4.7938e-17
1.571e+14	4.7115e-17	7.3789e-17
1.5723e+14	-5.3156e-17	-4.3328e-18
1.5737e+14	-1.3984e-18	1.5078e-17
1.575e+14	6.6153e-17	7.8184e-17
1.5763e+14	-2.6812e-17	1.6839e-17
1.5777e+14	-3.6295e-17	-1.1178e-17
1.579e+14	6.2743e-17	6.5545e-17
1.5804e+14	1.1097e-17	4.7625e-17
1.5817e+14	-5.6443e-17	-1.239e-17
1.583e+14	3.623e-17	4.8914e-17
1.5844e+14	4.6925e-17	7.4318e-17
1.5857e+14	-5.0828e-17	-2.845e-18
1.5871e+14	-3.7367e-19	1.7092e-17
1.5884e+14	6.5645e-17	7.8699e-17
1.5897e+14	-2.639e-17	1.7591e-17
1.5911e+14	-3.633e-17	-9.3411e-18
1.5924e+14	6.0865e-17	6.498e-17
1.5938e+14	9.9838e-18	4.3646e-17
1.5951e+14	-5.6368e-17	-1.7161e-17
1.5964e+14	3.4986e-17	4.3426e-17
1.5978e+14	4.5201e-17	6.7049e-17
1.5991e+14	-5.1543e-17	-9.4371e-18
1.6004e+14	-1.7666e-18	1.4242e-17
1.6018e+14	6.4274e-17	7.8906e-17
1.6031e+14	-2.5226e-17	1.7442e-17
1.6045e+14	-3.5537e-17	-1.1881e-17
1.6058e+14	5.837e-17	6.2135e-17
1.6071e+14	8.5601e-18	4.3263e-17
1.6085e+14	-5.4224e-17	-1.6683e-17
1.6098e+14	3.5627e-17	4.2745e-17
1.6112e+14	4.2522e-17	6.7482e-17
1.6125e+14	-5.2945e-17	-7.84e-18
1.6138e+14	-1.0235e-18	1.1903e-17
1.6152e+14	6.3759e-17	7.2116e-17
1.6165e+14	-2.6864e-17	1.196e-17
1.6179e+14	-3.5743e-17	-1.389e-17
1.6192e+14	5.9659e-17	6.1726e-17
1.6205e+14	9.8655e-18	4.3798e-17
1.6219e+14	-5.3867e-17	-1.7209e-17
1.6232e+14	3.5199e-17	3.885e-17
1.6246e+14	4.268e-17	6.3383e-17
1.6259e+14	-5.1983e-17	-9.3831e-18
1.6272e+14	-9.3125e-19	9.8201e-18
1.6286e+14	6.2938e-17	7.0207e-17
1.6299e+14	-2.6929e-17	1.5718e-17
1.6312e+14	-3.5221e-17	-8.2459e-18
1.6326e+14	5.9709e-17	5.981e-17
1.6339e+14	9.5322e-18	3.634e-17
1.6353e+14	-5.4884e-17	-2.1881e-17
1.6366e+14	3.3702e-17	3.6589e-17
1.6379e+14	4.2777e-17	6.0402e-17
1.6393e+14	-5.0622e-17	-9.9844e-18
1.6406e+14	-1.6076e-18	1.2506e-17
1.642e+14	6.0494e-17	7.0103e-17
1.6433e+14	-2.8108e-17	9.8668e-18
1.6446e+14	-3.5868e-17	-1.4642e-17
1.646e+14	5.806e-17	5.8919e-17
1.6473e+14	9.1744e-18	4.1139e-17
1.6487e+14	-5.3227e-17	-1.6239e-17
1.65e+14	3.4125e-17	3.8886e-17
1.6513e+14	4.1294e-17	5.9712e-17
1.6527e+14	-5.1419e-17	-1.1342e-17
1.654e+14	-1.1447e-18	1.1148e-17
1.6554e+14	6.1424e-17	6.8739e-17
1.6567e+14	-2.6656e-17	9.1606e-18
1.658e+14	-3.4745e-17	-1.4157e-17
1.6594e+14	5.7877e-17	5.9972e-17
1.6607e+14	8.6449e-18	4.0028e-17
1.6621e+14	-5.3336e-17	-2.1145e-17
1.6634e+14	3.4195e-17	3.5107e-17
1.6647e+14	4.2129e-17	6.1943e-17
1.6661e+14	-5.0053e-17	-9.0516e-18
1.6674e+14	-1.1958e-18	7.3149e-18
1.6688e+14	5.9982e-17	6.6838e-17
1.6701e+14	-2.7484e-17	1.6352e-17
1.6714e+14	-3.4651e-17	-7.0968e-18
1.6728e+14	5.8408e-17	5.9933e-17
1.6741e+14	9.8038e-18	4.0868e-17
1.6754e+14	-5.2555e-17	-1.6703e-17
1.6768e+14	3.3934e-17	3.4749e-17
1.6781e+14	4.2543e-17	5.7993e-17
1.6795e+14	-4.8852e-17	-7.4236e-18
1.6808e+14	-1.3078e-18	1.1915e-17
1.6821e+14	5.9607e-17	6.6137e-17
1.6835e+14	-2.6048e-17	1.1701e-17
1.6848e+14	-3.3859e-17	-1.1246e-17
1.6862e+14	5.6531e-17	5.7011e-17
1.6875e+14	8.275e-18	4.0868e-17
1.6888e+14	-5.21e-17	-1.3937e-17
1.6902e+14	3.4084e-17	3.6033e-17
1.6915e+14	4.2094e-17	5.8536e-17
1.6929e+14	-4.8479e-17	-3.8367e-18
1.6942e+14	-9.0411e-19	1.4673e-17
1.6955e+14	5.9757e-17	6.4814e-17
1.6969e+14	-2.4882e-17	1.3112e-17
1.6982e+14	-3.2756e-17	-4.7877e-18
1.6996e+14	5.6043e-17	5.961e-17
1.7009e+14	7.9179e-18	3.8145e-17
1.7022e+14	-5.126e-17	-1.2622e-17
1.7036e+14	3.418e-17	4.1576e-17
1.7049e+14	4.0938e-17	5.8705e-17
1.7062e+14	-4.9383e-17	-9.6384e-18
1.7076e+14	-1.5596e-18	1.0866e-17
1.7089e+14	5.86e-17	6.4388e-17
1.7103e+14	-2.6213e-17	1.1702e-17
1.7116e+14	-3.3705e-17	-6.3564e-18
1.7129e+14	5.6113e-17	6.2263e-17
1.7143e+14	9.021e-18	4.3411e-17
1.7156e+14	-5.0942e-17	-1.14e-17
1.717e+14	3.3109e-17	3.7863e-17
1.7183e+14	4.0787e-17	5.7484e-17
1.7196e+14	-4.8272e-17	-4.0723e-18
1.721e+14	-1.5634e-18	1.7505e-17
1.7223e+14	5.7931e-17	6.6008e-17
1.7237e+14	-2.5539e-17	1.0839e-17
1.725e+14	-3.2919e-17	-5.1803e-18
1.7263e+14	5.5892e-17	6.3514e-17
1.7277e+14	9.3547e-18	4.1034e-17
1.729e+14	-5.0379e-17	-1.4926e-17
1.7304e+14	3.2294e-17	3.796e-17
1.7317e+14	4.0213e-17	5.9147e-17
1.733e+14	-4.7331e-17	-6.7092e-18
1.7344e+14	-1.1135e-18	1.2684e-17
1.7357e+14	5.7856e-17	6.7117e-17
1.7371e+14	-2.4269e-17	1.7245e-17
1.7384e+14	-3.2001e-17	-1.9693e-18
1.7397e+14	5.4613e-17	6.3038e-17
1.7411e+14	8.3942e-18	4.3401e-17
1.7424e+14	-4.975e-17	-1.0419e-17
1.7438e+14	3.221e-17	3.9958e-17
1.7451e+14	3.9572e-17	6.1137e-17
1.7464e+14	-4.637e-17	-1.5502e-18
1.7478e+14	4.6008e-19	1.7517e-17
1.7491e+14	5.8358e-17	6.9593e-17
1.7504e+14	-2.393e-17	1.9582e-17
1.7518e+14	-3.1133e-17	-7.3676e-19
1.7531e+14	5.5559e-17	6.1645e-17
1.7545e+14	9.4042e-18	4.2987e-17
1.7558e+14	-4.9222e-17	-7.6168e-18
1.7571e+14	3.1804e-17	4.3822e-17
1.7585e+14	3.9594e-17	6.6535e-17
1.7598e+14	-4.5652e-17	6.6939e-18
1.7612e+14	8.5697e-20	2.4517e-17
1.7625e+14	5.7539e-17	7.2606e-17
1.7638e+14	-2.3041e-17	2.2903e-17
1.7652e+14	-2.9925e-17	5.3838e-18
1.7665e+14	5.4947e-17	6.6631e-17
1.7679e+14	8.4206e-18	4.4558e-17
1.7692e+14	-4.9035e-17	-6.8977e-18
1.7705e+14	3.2476e-17	4.5255e-17
1.7719e+14	4.0572e-17	6.6983e-17
1.7732e+14	-4.4427e-17	5.1948e-18
1.7746e+14	5.3041e-19	2.3825e-17
1.7759e+14	5.7493e-17	7.5419e-17
1.7772e+14	-2.2931e-17	2.5696e-17
1.7786e+14	-3.0796e-17	2.9944e-18
1.7799e+14	5.3544e-17	6.2852e-17
1.7812e+14	8.7993e-18	4.654e-17
1.7826e+14	-4.8068e-17	-2.5157e-18
1.7839e+14	3.1608e-17	4.4528e-17
1.7853e+14	3.9993e-17	6.3615e-17
1.7866e+14	-4.2916e-17	5.0885e-18
1.7879e+14	1.2411e-18	2.5704e-17
1.7893e+14	5.6573e-17	7.6763e-17
1.7906e+14	-2.2601e-17	2.6886e-17
1.792e+14	-2.9733e-17	2.8414e-18
1.7933e+14	5.3086e-17	6.1788e-17
1.7946e+14	8.7574e-18	4.8681e-17
1.796e+14	-4.6269e-17	1.8039e-18
1.7973e+14	3.2182e-17	4.6262e-17
1.7987e+14	3.8153e-17	6.4789e-17
1.8e+14	-4.4371e-17	7.8371e-18
1.8013e+14	1.1528e-18	2.3611e-17
1.8027e+14	5.6503e-17	6.8607e-17
1.804e+14	-2.2805e-17	2.3464e-17
1.8054e+14	-2.9649e-17	8.5561e-18
1.8067e+14	5.3421e-17	6.8419e-17
1.808e+14	9.4685e-18	5.1558e-17
1.8094e+14	-4.5588e-17	3.425e-18
1.8107e+14	3.2504e-17	4.7195e-17
1.8121e+14	3.9112e-17	6.5563e-17
1.8134e+14	-4.2868e-17	1.1387e-17
1.8147e+14	1.4347e-18	2.8901e-17
1.8161e+14	5.605e-17	7.281e-17
1.8174e+14	-2.2157e-17	2.8814e-17
1.8188e+14	-2.9065e-17	1.5797e-17
1.8201e+14	5.2532e-17	7.1466e-17
1.8214e+14	9.0575e-18	4.8375e-17
1.8228e+14	-4.4419e-17	2.0573e-18
1.8241e+14	3.3419e-17	5.3959e-17
1.8254e+14	3.9425e-17	7.5839e-17
1.8268e+14	-4.1813e-17	1.7094e-17
1.8281e+14	2.9242e-18	3.029e-17
1.8295e+14	5.7475e-17	7.7226e-17
1.8308e+14	-2.0054e-17	3.7797e-17
1.8321e+14	-2.6731e-17	2.2483e-17
1.8335e+14	5.3835e-17	7.4946e-17
1.8348e+14	9.6917e-18	5.6468e-17
1.8362e+14	-4.3593e-17	1.366e-17
1.8375e+14	3.4466e-17	5.7827e-17
1.8388e+14	4.0492e-17	7.2081e-17
1.8402e+14	-4.1665e-17	1.7745e-17
1.8415e+14	1.3689e-18	3.7579e-17
1.8429e+14	5.588e-17	8.3595e-17
1.8442e+14	-2.0015e-17	4.2178e-17
1.8455e+14	-2.6383e-17	2.6531e-17
1.8469e+14	5.3449e-17	7.4445e-17
1.8482e+14	9.6576e-18	5.2301e-17
1.8496e+14	-4.3488e-17	1.6306e-17
1.8509e+14	3.4009e-17	7.0699e-17
1.8522e+14	4.1349e-17	8.5614e-17
1.8536e+14	-3.8762e-17	2.3941e-17
1.8549e+14	3.4597e-18	3.7358e-17
1.8562e+14	5.5954e-17	8.1393e-17
1.8576e+14	-2.0129e-17	4.314e-17
1.8589e+14	-2.6227e-17	3.4531e-17
1.8603e+14	5.36e-17	8.7179e-17
1.8616e+14	1.0872e-17	6.29e-17
1.8629e+14	-4.1831e-17	2.0567e-17
1.8643e+14	3.396e-17	6.9628e-17
1.8656e+14	4.0165e-17	8.4737e-17
1.867e+14	-3.9366e-17	3.0884e-17
1.8683e+14	3.0907e-18	5.2094e-17
1.8696e+14	5.586e-17	9.0834e-17
1.871e+14	-1.9005e-17	3.7139e-17
1.8723e+14	-2.4943e-17	2.2707e-17
1.8737e+14	5.4063e-17	8.4849e-17
1.875e+14	1.1846e-17	6.7683e-17
1.8763e+14	-4.0476e-17	2.1283e-17
1.8777e+14	3.3936e-17	6.8499e-17
1.879e+14	4.0101e-17	8.9652e-17
1.8804e+14	-3.7341e-17	3.7029e-17
1.8817e+14	5.09e-18	5.2198e-17
1.883e+14	5.5468e-17	9.0565e-17
1.8844e+14	-1.9593e-17	4.3016e-17
1.8857e+14	-2.3186e-17	3.0351e-17
1.8871e+14	5.6672e-17	9.0605e-17
1.8884e+14	1.2636e-17	7.4068e-17
1.8897e+14	-4.1391e-17	2.6494e-17
1.8911e+14	3.3462e-17	6.8175e-17
1.8924e+14	4.0413e-17	8.6159e-17
1.8938e+14	-3.8337e-17	3.338e-17
1.8951e+14	3.0488e-18	4.7579e-17
1.8964e+14	5.576e-17	8.912e-17
1.8978e+14	-1.7503e-17	4.9632e-17
1.8991e+14	-2.3777e-17	3.7756e-17
1.9004e+14	5.4316e-17	9.0851e-17
1.9018e+14	1.343e-17	7.4208e-17
1.9031e+14	-3.8974e-17	3.276e-17
1.9045e+14	3.2945e-17	7.1395e-17
1.9058e+14	3.9204e-17	8.1768e-17
1.9071e+14	-3.654e-17	3.4842e-17
1.9085e+14	5.4948e-18	6.4144e-17
1.9098e+14	5.6793e-17	1.1109e-16
1.9112e+14	-1.5979e-17	6.583e-17
1.9125e+14	-2.2176e-17	4.8477e-17
1.9138e+14	5.394e-17	9.8824e-17
1.9152e+14	1.283e-17	7.9563e-17
1.9165e+14	-3.8029e-17	3.8818e-17
1.9179e+14	3.3667e-17	8.2198e-17
1.9192e+14	3.9355e-17	9.4157e-17
1.9205e+14	-3.5283e-17	4.2588e-17
1.9219e+14	6.7634e-18	6.6606e-17
1.9232e+14	5.6401e-17	1.0973e-16
1.9246e+14	-1.6443e-17	5.9469e-17
1.9259e+14	-2.1426e-17	4.0899e-17
1.9272e+14	5.4719e-17	9.9643e-17
1.9286e+14	1.343e-17	8.8208e-17
1.9299e+14	-3.6464e-17	4.418e-17
1.9312e+14	3.6165e-17	8.5865e-17
1.9326e+14	4.1874e-17	1.0911e-16
1.9339e+14	-3.377e-17	6.2983e-17
1.9353e+14	6.476e-18	7.252e-17
1.9366e+14	5.5632e-17	1.0579e-16
1.9379e+14	-1.5262e-17	6.9004e-17
1.9393e+14	-1.8879e-17	6.1262e-17
1.9406e+14	5.596e-17	1.0666e-16
1.942e+14	1.3372e-17	8.1811e-17
1.9433e+14	-3.5663e-17	4.6379e-17
1.9446e+14	3.799e-17	9.8916e-17
1.946e+14	4.2828e-17	1.1532e-16
1.9473e+14	-3.4242e-17	5.98e-17
1.9487e+14	6.5926e-18	7.4155e-17
1.95e+14	5.7659e-17	1.1512e-16
1.9513e+14	-1.3771e-17	7.5131e-17
1.9527e+14	-2.0328e-17	6.3101e-17
1.954e+14	5.445e-17	1.1699e-16
1.9554e+14	1.5341e-17	1.0522e-16
1.9567e+14	-3.2828e-17	7.0291e-17
1.958e+14	3.8085e-17	1.1244e-16
1.9594e+14	4.2334e-17	1.2225e-16
1.9607e+14	-3.2839e-17	6.6715e-17
1.9621e+14	7.8999e-18	8.1864e-17
1.9634e+14	5.8157e-17	1.2716e-16
1.9647e+14	-1.1487e-17	9.5679e-17
1.9661e+14	-1.6445e-17	8.3401e-17
1.9674e+14	5.686e-17	1.2435e-16
1.9688e+14	1.5726e-17	1.0281e-16
1.9701e+14	-3.3028e-17	6.738e-17
1.9714e+14	3.7713e-17	1.0705e-16
1.9728e+14	4.2272e-17	1.1584e-16
1.9741e+14	-3.1552e-17	7.4239e-17
1.9754e+14	9.9978e-18	1.0197e-16
1.9768e+14	5.8962e-17	1.3174e-16
1.9781e+14	-1.303e-17	7.5683e-17
1.9795e+14	-1.8556e-17	6.9577e-17
1.9808e+14	5.7064e-17	1.3679e-16
1.9821e+14	1.8069e-17	1.2237e-16
1.9835e+14	-3.1382e-17	8.0557e-17
1.9848e+14	3.8489e-17	1.2747e-16
1.9862e+14	4.401e-17	1.396e-16
1.9875e+14	-3.0245e-17	7.4687e-17
1.9888e+14	9.501e-18	8.768e-17
1.9902e+14	5.9898e-17	1.4153e-16
1.9915e+14	-9.7325e-18	1.043e-16
1.9929e+14	-1.7745e-17	7.4313e-17
1.9942e+14	5.4653e-17	1.1936e-16
1.9955e+14	1.7238e-17	1.2068e-16
1.9969e+14	-3.1233e-17	8.8591e-17
1.9982e+14	3.5799e-17	1.1243e-16
1.9996e+14	4.1949e-17	1.1891e-16
2.0009e+14	-2.7541e-17	8.6227e-17
2.0022e+14	1.2113e-17	1.132e-16
2.0036e+14	5.8327e-17	1.4467e-16
2.0049e+14	-1.0589e-17	1.0419e-16
2.0062e+14	-1.4694e-17	1.0146e-16
2.0076e+14	5.7086e-17	1.466e-16
2.0089e+14	1.6805e-17	1.1291e-16
2.0103e+14	-3.0566e-17	7.1813e-17
2.0116e+14	3.9288e-17	1.2572e-16
2.0129e+14	4.4624e-17	1.4545e-16
2.0143e+14	-2.828e-17	9.1031e-17
2.0156e+14	1.0169e-17	1.0404e-16
2.017e+14	5.8356e-17	1.4413e-16
2.0183e+14	-9.1314e-18	1.042e-16
2.0196e+14	-1.4391e-17	8.9299e-17
2.021e+14	5.6222e-17	1.3512e-16
2.0223e+14	1.6072e-17	1.1034e-16
2.0237e+14	-3.2179e-17	6.2274e-17
2.025e+14	3.6076e-17	1.0397e-16
2.0263e+14	4.1909e-17	1.2897e-16
2.0277e+14	-2.955e-17	8.5254e-17
2.029e+14	9.0866e-18	9.7907e-17
2.0304e+14	5.7846e-17	1.3972e-16
2.0317e+14	-8.6169e-18	1.0952e-16
2.033e+14	-1.4921e-17	9.4747e-17
2.0344e+14	5.4817e-17	1.3282e-16
2.0357e+14	1.7227e-17	1.1313e-16
2.0371e+14	-2.8559e-17	7.7552e-17
2.0384e+14	3.9202e-17	1.1966e-16
2.0397e+14	4.5009e-17	1.3853e-16
2.0411e+14	-2.5624e-17	9.3668e-17
2.0424e+14	1.115e-17	1.0301e-16
2.0438e+14	5.7442e-17	1.3622e-16
2.0451e+14	-8.6835e-18	1.0167e-16
2.0464e+14	-1.4754e-17	8.9394e-17
2.0478e+14	5.3855e-17	1.3682e-16
2.0491e+14	1.7256e-17	1.3377e-16
2.0504e+14	-2.7081e-17	1.0391e-16
2.0518e+14	3.8682e-17	1.2625e-16
2.0531e+14	4.3028e-17	1.2707e-16
2.0545e+14	-2.4966e-17	9.2674e-17
2.0558e+14	1.3027e-17	1.1521e-16
2.0571e+14	5.6394e-17	1.3731e-16
2.0585e+14	-1.0699e-17	9.0516e-17
2.0598e+14	-1.3877e-17	8.4235e-17
2.0612e+14	5.5959e-17	1.3424e-16
2.0625e+14	1.766e-17	1.2212e-16
2.0638e+14	-2.7454e-17	9.3464e-17
2.0652e+14	3.8727e-17	1.2673e-16
2.0665e+14	4.2421e-17	1.2696e-16
2.0679e+14	-2.6356e-17	8.581e-17
2.0692e+14	1.2721e-17	1.1436e-16
2.0705e+14	5.7718e-17	1.5015e-16
2.0719e+14	-9.954e-18	1.0924e-16
2.0732e+14	-1.5379e-17	9.8369e-17
2.0746e+14	5.4214e-17	1.3956e-16
2.0759e+14	1.8777e-17	1.2494e-16
2.0772e+14	-2.4059e-17	1.0484e-16
2.0786e+14	4.1304e-17	1.4364e-16
2.0799e+14	4.3471e-17	1.3607e-16
2.0812e+14	-2.5566e-17	8.674e-17
2.0826e+14	1.2768e-17	1.1028e-16
2.0839e+14	5.6086e-17	1.3045e-16
2.0853e+14	-1.1288e-17	7.8581e-17
2.0866e+14	-1.4114e-17	8.81e-17
2.0879e+14	5.5974e-17	1.5194e-16
2.0893e+14	1.7072e-17	1.2099e-16
2.0906e+14	-2.8207e-17	7.8062e-17
2.092e+14	3.9587e-17	1.317e-16
2.0933e+14	4.451e-17	1.425e-16
2.0946e+14	-2.6212e-17	7.9674e-17
2.096e+14	1.0534e-17	9.9094e-17
2.0973e+14	5.7105e-17	1.484e-16
2.0987e+14	-7.9806e-18	1.049e-16
2.1e+14	-1.4866e-17	7.8818e-17
2.1013e+14	5.129e-17	1.1981e-16
2.1027e+14	1.4622e-17	1.0622e-16
2.104e+14	-2.7883e-17	7.7117e-17
2.1054e+14	3.7891e-17	1.1765e-16
2.1067e+14	4.0634e-17	1.1888e-16
2.108e+14	-2.803e-17	6.7999e-17
2.1094e+14	1.1408e-17	9.9281e-17
2.1107e+14	5.7053e-17	1.4192e-16
2.1121e+14	-1.0392e-17	8.838e-17
2.1134e+14	-1.6029e-17	7.3947e-17
2.1147e+14	5.4453e-17	1.3762e-16
2.1161e+14	1.8241e-17	1.1972e-16
2.1174e+14	-2.9689e-17	6.2082e-17
2.1188e+14	3.2904e-17	9.7812e-17
2.1201e+14	3.8909e-17	1.2385e-16
2.1214e+14	-2.725e-17	8.0485e-17
2.1228e+14	1.0449e-17	9.5799e-17
2.1241e+14	5.6116e-17	1.3766e-16
2.1254e+14	-8.9116e-18	9.495e-17
2.1268e+14	-1.5274e-17	7.2313e-17
2.1281e+14	5.3055e-17	1.2453e-16
2.1295e+14	1.7486e-17	1.1618e-16
2.1308e+14	-2.9776e-17	6.7709e-17
2.1321e+14	3.2739e-17	9.8422e-17
2.1335e+14	4.1387e-17	1.2528e-16
2.1348e+14	-2.3586e-17	8.4057e-17
2.1362e+14	8.9647e-18	8.3654e-17
2.1375e+14	5.123e-17	1.1609e-16
2.1388e+14	-9.3453e-18	9.2227e-17
2.1402e+14	-1.2721e-17	8.2095e-17
2.1415e+14	5.1841e-17	1.1834e-16
2.1429e+14	1.4772e-17	1.0051e-16
2.1442e+14	-2.9204e-17	6.2912e-17
2.1455e+14	3.248e-17	9.1346e-17
2.1469e+14	3.6324e-17	1.0032e-16
2.1482e+14	-2.8127e-17	6.0339e-17
2.1496e+14	9.6387e-18	7.7484e-17
2.1509e+14	5.301e-17	1.1042e-16
2.1522e+14	-1.126e-17	7.2409e-17
2.1536e+14	-1.649e-17	6.0798e-17
2.1549e+14	4.9903e-17	1.0741e-16
2.1562e+14	1.4314e-17	9.214e-17
2.1576e+14	-3.0198e-17	5.0302e-17
2.1589e+14	3.1634e-17	8.2731e-17
2.1603e+14	3.69e-17	1.0189e-16
2.1616e+14	-2.8173e-17	6.2252e-17
2.1629e+14	6.9019e-18	6.9465e-17
2.1643e+14	5.0016e-17	9.8626e-17
2.1656e+14	-1.1862e-17	6.5595e-17
2.167e+14	-1.6706e-17	5.2867e-17
2.1683e+14	4.7857e-17	9.2558e-17
2.1696e+14	1.2097e-17	8.1343e-17
2.171e+14	-3.0927e-17	5.1668e-17
2.1723e+14	3.1568e-17	8.3459e-17
2.1737e+14	3.6651e-17	8.9121e-17
2.175e+14	-2.8888e-17	4.2766e-17
2.1763e+14	5.4509e-18	5.4302e-17
2.1777e+14	4.8441e-17	8.7045e-17
2.179e+14	-1.3261e-17	5.3166e-17
2.1804e+14	-1.8894e-17	3.9641e-17
2.1817e+14	4.53e-17	7.897e-17
2.183e+14	1.0651e-17	6.6658e-17
2.1844e+14	-3.2242e-17	3.7333e-17
2.1857e+14	2.9156e-17	7.24e-17
2.1871e+14	3.4896e-17	8.1646e-17
2.1884e+14	-2.937e-17	3.5179e-17
2.1897e+14	3.9789e-18	4.3818e-17
2.1911e+14	4.6378e-17	7.7719e-17
2.1924e+14	-1.3304e-17	5.068e-17
2.1938e+14	-1.8044e-17	4.0374e-17
2.1951e+14	4.4761e-17	7.4008e-17
2.1964e+14	1.0297e-17	5.5037e-17
2.1978e+14	-3.1406e-17	2.3935e-17
2.1991e+14	2.8476e-17	5.7691e-17
2.2004e+14	3.2066e-17	6.5551e-17
2.2018e+14	-3.1372e-17	2.3126e-17
2.2031e+14	3.4078e-18	3.7126e-17
2.2045e+14	4.4829e-17	6.7303e-17
2.2058e+14	-1.6189e-17	3.0869e-17
2.2071e+14	-2.0266e-17	1.9734e-17
2.2085e+14	4.3713e-17	6.295e-17
2.2098e+14	8.7647e-18	5.0936e-17
2.2112e+14	-3.4182e-17	1.8201e-17
2.2125e+14	2.6132e-17	5.0337e-17
2.2138e+14	3.126e-17	6.0828e-17
2.2152e+14	-3.2371e-17	1.6811e-17
2.2165e+14	1.4489e-18	2.3374e-17
2.2179e+14	4.4439e-17	5.2685e-17
2.2192e+14	-1.4682e-17	2.3928e-17
2.2205e+14	-2.0657e-17	1.3708e-17
2.2219e+14	4.0693e-17	4.8252e-17
2.2232e+14	6.8445e-18	3.4068e-17
2.2246e+14	-3.4269e-17	8.0455e-18
2.2259e+14	2.5346e-17	4.0466e-17
2.2272e+14	3.0061e-17	4.5099e-17
2.2286e+14	-3.2428e-17	4.4351e-18
2.2299e+14	1.2741e-18	2.1005e-17
2.2312e+14	4.3002e-17	5.1159e-17
2.2326e+14	-1.6244e-17	1.6333e-17
2.2339e+14	-2.16e-17	6.7553e-18
2.2353e+14	4.0427e-17	4.6593e-17
2.2366e+14	7.3629e-18	3.2013e-17
2.2379e+14	-3.4366e-17	2.0377e-18
2.2393e+14	2.3507e-17	3.4015e-17
2.2406e+14	2.8466e-17	3.9908e-17
2.242e+14	-3.2338e-17	-8.2228e-19
2.2433e+14	1.2166e-18	1.7099e-17
2.2446e+14	4.2178e-17	5.0027e-17
2.246e+14	-1.6104e-17	1.4781e-17
2.2473e+14	-2.0939e-17	2.164e-18
2.2487e+14	3.9948e-17	4.1352e-17
2.25e+14	6.7448e-18	2.8127e-17
2.2513e+14	-3.3846e-17	-1.7183e-18
2.2527e+14	2.424e-17	3.149e-17
2.254e+14	2.8861e-17	4.2288e-17
2.2554e+14	-3.2001e-17	4.9906e-18
2.2567e+14	7.5461e-19	1.9652e-17
2.258e+14	4.0684e-17	4.6547e-17
2.2594e+14	-1.7431e-17	9.1751e-18
2.2607e+14	-2.1781e-17	-1.3171e-18
2.2621e+14	3.9145e-17	4.0542e-17
2.2634e+14	6.4192e-18	2.8124e-17
2.2647e+14	-3.3694e-17	-3.2585e-18
2.2661e+14	2.3889e-17	2.7151e-17
2.2674e+14	2.7944e-17	3.5795e-17
2.2688e+14	-3.2883e-17	-2.1618e-18
2.2701e+14	1.5392e-19	1.3443e-17
2.2714e+14	4.1062e-17	4.3485e-17
2.2728e+14	-1.593e-17	1.0684e-17
2.2741e+14	-2.0905e-17	2.6566e-18
2.2754e+14	3.8602e-17	4.2278e-17
2.2768e+14	6.0106e-18	2.5912e-17
2.2781e+14	-3.3551e-17	-4.9582e-18
2.2795e+14	2.3579e-17	3.0191e-17
2.2808e+14	2.7836e-17	3.9181e-17
2.2821e+14	-3.2224e-17	-5.2958e-18
2.2835e+14	-3.5107e-19	7.7899e-18
2.2848e+14	3.8585e-17	4.407e-17
2.2862e+14	-1.8073e-17	1.3687e-17
2.2875e+14	-2.1339e-17	-1.4769e-18
2.2888e+14	3.8637e-17	3.5213e-17
2.2902e+14	5.3857e-18	2.5287e-17
2.2915e+14	-3.4698e-17	-3.6975e-18
2.2929e+14	2.262e-17	2.6414e-17
2.2942e+14	2.764e-17	3.7325e-17
2.2955e+14	-3.2153e-17	-1.0756e-19
2.2969e+14	-5.7435e-19	1.044e-17
2.2982e+14	3.8974e-17	3.8949e-17
2.2996e+14	-1.6982e-17	1.0165e-17
2.3009e+14	-2.1477e-17	1.7322e-18
2.3022e+14	3.7427e-17	3.8237e-17
2.3036e+14	5.7317e-18	2.3336e-17
2.3049e+14	-3.3119e-17	-8.8122e-18
2.3062e+14	2.2836e-17	2.0082e-17
2.3076e+14	2.7062e-17	3.2229e-17
2.3089e+14	-3.1597e-17	-1.6914e-18
2.3103e+14	3.3553e-19	9.6865e-18
2.3116e+14	3.9487e-17	3.6171e-17
2.3129e+14	-1.5808e-17	7.8618e-18
2.3143e+14	-1.9993e-17	8.9798e-19
2.3156e+14	3.7905e-17	3.6153e-17
2.317e+14	5.7302e-18	2.2442e-17
2.3183e+14	-3.3144e-17	-3.6728e-18
2.3196e+14	2.198e-17	2.7039e-17
2.321e+14	2.601e-17	3.3558e-17
2.3223e+14	-3.1657e-17	-3.8889e-18
2.3237e+14	1.1036e-19	9.8166e-18
2.325e+14	3.8021e-17	3.7675e-17
2.3263e+14	-1.7259e-17	8.0471e-18
2.3277e+14	-2.0849e-17	1.2474e-18
2.329e+14	3.6708e-17	3.6622e-17
2.3304e+14	4.6145e-18	1.937e-17
2.3317e+14	-3.3089e-17	-1.0443e-17
2.333e+14	2.2496e-17	2.1126e-17
2.3344e+14	2.5969e-17	3.0865e-17
2.3357e+14	-3.1825e-17	-5.0144e-18
2.3371e+14	2.5211e-19	8.8955e-18
2.3384e+14	3.7991e-17	3.6809e-17
2.3397e+14	-1.7813e-17	6.1069e-18
2.3411e+14	-2.1575e-17	-2.6455e-18
2.3424e+14	3.6298e-17	3.2691e-17
2.3438e+14	4.4157e-18	1.8171e-17
2.3451e+14	-3.347e-17	-9.0075e-18
2.3464e+14	2.2318e-17	2.2464e-17
2.3478e+14	2.6377e-17	2.9913e-17
2.3491e+14	-3.1774e-17	-7.6187e-18
2.3504e+14	-2.9855e-19	7.6809e-18
2.3518e+14	3.8553e-17	3.8275e-17
2.3531e+14	-1.6147e-17	6.6827e-18
2.3545e+14	-2.1265e-17	-5.9789e-18
2.3558e+14	3.5461e-17	2.9311e-17
2.3571e+14	4.9354e-18	1.8932e-17
2.3585e+14	-3.2528e-17	-8.1723e-18
2.3598e+14	2.1297e-17	1.8829e-17
2.3612e+14	2.5023e-17	2.6212e-17
2.3625e+14	-3.14e-17	-7.0887e-18
2.3638e+14	-6.2956e-20	7.881e-18
2.3652e+14	3.7354e-17	3.5076e-17
2.3665e+14	-1.691e-17	5.4474e-18
2.3679e+14	-2.1018e-17	-2.9822e-18
2.3692e+14	3.5331e-17	3.052e-17
2.3705e+14	4.5338e-18	1.5632e-17
2.3719e+14	-3.2519e-17	-1.1247e-17
2.3732e+14	2.124e-17	1.8795e-17
2.3746e+14	2.4981e-17	2.6954e-17
2.3759e+14	-3.0988e-17	-7.6761e-18
2.3772e+14	-3.1516e-20	5.6203e-18
2.3786e+14	3.6804e-17	3.1927e-17
2.3799e+14	-1.6712e-17	3.8538e-18
2.3812e+14	-2.0171e-17	-1.5926e-18
2.3826e+14	3.5355e-17	3.2905e-17
2.3839e+14	4.0203e-18	1.7076e-17
2.3853e+14	-3.2327e-17	-1.031e-17
2.3866e+14	2.1789e-17	1.9315e-17
2.3879e+14	2.5075e-17	2.6859e-17
2.3893e+14	-3.1057e-17	-6.4867e-18
2.3906e+14	3.5933e-20	9.1039e-18
2.392e+14	3.6628e-17	3.4592e-17
2.3933e+14	-1.7224e-17	2.6114e-18
2.3946e+14	-2.0285e-17	-5.5864e-18
2.396e+14	3.6268e-17	2.9344e-17
2.3973e+14	5.0926e-18	1.643e-17
2.3987e+14	-3.2637e-17	-6.9234e-18
2.4e+14	2.0658e-17	2.4765e-17
2.4013e+14	2.5167e-17	3.0237e-17
2.4027e+14	-3.0029e-17	-6.3263e-18
2.404e+14	-2.2823e-20	8.3814e-18
2.4054e+14	3.5607e-17	3.383e-17
2.4067e+14	-1.7877e-17	1.4139e-18
2.408e+14	-2.0978e-17	-5.2026e-18
2.4094e+14	3.5056e-17	3.232e-17
2.4107e+14	4.437e-18	1.8062e-17
2.4121e+14	-3.2348e-17	-9.653e-18
2.4134e+14	2.0942e-17	2.06e-17
2.4147e+14	2.4926e-17	2.7955e-17
2.4161e+14	-3.0749e-17	-7.3385e-18
2.4174e+14	-5.9056e-19	7.7406e-18
2.4188e+14	3.6566e-17	3.3747e-17
2.4201e+14	-1.5709e-17	1.3042e-18
2.4214e+14	-2.0053e-17	-4.8266e-18
2.4228e+14	3.4389e-17	3.4458e-17
2.4241e+14	4.3707e-18	1.9515e-17
2.4254e+14	-3.1526e-17	-1.1773e-17
2.4268e+14	2.1377e-17	1.8004e-17
2.4281e+14	2.5325e-17	2.8058e-17
2.4295e+14	-3.0215e-17	-7.5228e-18
2.4308e+14	-1.1768e-18	6.3698e-18
2.4321e+14	3.5361e-17	3.5631e-17
2.4335e+14	-1.5915e-17	4.8395e-18
2.4348e+14	-2.0072e-17	-6.8146e-18
2.4362e+14	3.3514e-17	2.8423e-17
2.4375e+14	3.9682e-18	1.6766e-17
2.4388e+14	-3.1173e-17	-1.1773e-17
2.4402e+14	2.0728e-17	1.6991e-17
2.4415e+14	2.3921e-17	2.8207e-17
2.4429e+14	-3.0489e-17	-5.9988e-18
2.4442e+14	-4.8797e-19	4.0786e-18
2.4455e+14	3.5794e-17	3.0527e-17
2.4469e+14	-1.5786e-17	3.5921e-18
2.4482e+14	-2.0136e-17	-4.5157e-18
2.4496e+14	3.3233e-17	3.0016e-17
2.4509e+14	3.9771e-18	1.9283e-17
2.4522e+14	-3.0918e-17	-6.8062e-18
2.4536e+14	2.0701e-17	2.0082e-17
2.4549e+14	2.4039e-17	2.7934e-17
2.4562e+14	-2.9972e-17	-5.5178e-18
2.4576e+14	-4.4114e-19	6.0447e-18
2.4589e+14	3.5452e-17	3.0964e-17
2.4603e+14	-1.5356e-17	3.0063e-18
2.4616e+14	-1.9086e-17	-3.7086e-18
2.4629e+14	3.3972e-17	3.1536e-17
2.4643e+14	4.3755e-18	2.0096e-17
2.4656e+14	-3.0934e-17	-6.1616e-18
2.467e+14	2.0058e-17	2.0961e-17
2.4683e+14	2.3724e-17	2.8392e-17
2.4696e+14	-2.9195e-17	-5.7766e-18
2.471e+14	4.3281e-19	5.5915e-18
2.4723e+14	3.5342e-17	3.1332e-17
2.4737e+14	-1.6348e-17	4.7574e-18
2.475e+14	-2.0333e-17	-1.6019e-18
2.4763e+14	3.3421e-17	3.2528e-17
2.4777e+14	4.856e-18	1.9963e-17
2.479e+14	-3.0733e-17	-6.6947e-18
2.4804e+14	1.9319e-17	2.0116e-17
2.4817e+14	2.3545e-17	2.7049e-17
2.483e+14	-2.8371e-17	-7.3079e-18
2.4844e+14	6.7555e-19	5.0048e-18
2.4857e+14	3.4965e-17	3.2504e-17
2.4871e+14	-1.6039e-17	5.6741e-18
2.4884e+14	-1.991e-17	-4.2083e-18
2.4897e+14	3.298e-17	2.7376e-17
2.4911e+14	4.4726e-18	1.6378e-17
2.4924e+14	-3.0447e-17	-8.3958e-18
2.4938e+14	1.9498e-17	1.7684e-17
2.4951e+14	2.3344e-17	2.46e-17
2.4964e+14	-2.8901e-17	-7.4715e-18
2.4978e+14	-3.1483e-19	6.1739e-18
2.4991e+14	3.4494e-17	3.3075e-17
2.5004e+14	-1.5245e-17	5.4217e-18
2.5018e+14	-1.9311e-17	-5.2507e-18
2.5031e+14	3.2433e-17	2.6603e-17
2.5045e+14	4.0438e-18	1.8069e-17
2.5058e+14	-3.04e-17	-5.3045e-18
2.5071e+14	1.9175e-17	1.9025e-17
2.5085e+14	2.3325e-17	2.5216e-17
2.5098e+14	-2.8179e-17	-5.6224e-18
2.5112e+14	-4.7127e-19	5.9292e-18
2.5125e+14	3.3397e-17	2.8734e-17
2.5138e+14	-1.5047e-17	2.2276e-18
2.5152e+14	-1.7856e-17	-4.252e-18
2.5165e+14	3.3146e-17	2.6954e-17
2.5179e+14	4.3681e-18	1.509e-17
2.5192e+14	-2.9094e-17	-7.5108e-18
2.5205e+14	2.0431e-17	1.9866e-17
2.5219e+14	2.3075e-17	2.6983e-17
2.5232e+14	-2.9168e-17	-3.4735e-18
2.5246e+14	-8.0841e-19	9.0972e-18
2.5259e+14	3.3773e-17	3.0895e-17
2.5272e+14	-1.4774e-17	1.6847e-18
2.5286e+14	-1.8195e-17	-5.7456e-18
2.5299e+14	3.2431e-17	2.6085e-17
2.5312e+14	3.5331e-18	1.3564e-17
2.5326e+14	-3.0129e-17	-1.081e-17
2.5339e+14	1.9791e-17	1.6141e-17
2.5353e+14	2.3613e-17	2.4405e-17
2.5366e+14	-2.8359e-17	-5.4239e-18
2.5379e+14	-8.8476e-19	6.8625e-18
2.5393e+14	3.3703e-17	2.9715e-17
2.5406e+14	-1.4274e-17	3.1114e-18
2.542e+14	-1.8462e-17	-3.5485e-18
2.5433e+14	3.1657e-17	2.6861e-17
2.5446e+14	4.1925e-18	1.5365e-17
2.546e+14	-2.8971e-17	-5.3744e-18
2.5473e+14	1.9039e-17	2.1179e-17
2.5487e+14	2.2032e-17	2.4109e-17
2.55e+14	-2.8442e-17	-8.2206e-18
2.5513e+14	-1.849e-19	6.2899e-18
2.5527e+14	3.3613e-17	2.9131e-17
2.554e+14	-1.5034e-17	-2.3962e-19
2.5554e+14	-1.9418e-17	-5.2366e-18
2.5567e+14	3.1086e-17	2.9832e-17
2.558e+14	4.7617e-18	1.7149e-17
2.5594e+14	-2.8059e-17	-8.8316e-18
2.5607e+14	1.9205e-17	1.7949e-17
2.5621e+14	2.2548e-17	2.4922e-17
2.5634e+14	-2.7027e-17	-8.1893e-18
2.5647e+14	1.2843e-19	3.0631e-18
2.5661e+14	3.2531e-17	2.737e-17
2.5674e+14	-1.5001e-17	5.531e-19
2.5688e+14	-1.8059e-17	-6.528e-18
2.5701e+14	3.1442e-17	2.6736e-17
2.5714e+14	3.9778e-18	1.6871e-17
2.5728e+14	-2.8458e-17	-7.374e-18
2.5741e+14	1.9043e-17	1.692e-17
2.5754e+14	2.2065e-17	2.2833e-17
2.5768e+14	-2.709e-17	-7.4946e-18
2.5781e+14	7.1022e-19	6.3651e-18
2.5795e+14	3.2777e-17	3.1367e-17
2.5808e+14	-1.544e-17	3.8625e-18
2.5821e+14	-1.8472e-17	-5.8212e-18
2.5835e+14	3.1542e-17	2.5021e-17
2.5848e+14	4.3361e-18	1.578e-17
2.5862e+14	-2.8147e-17	-7.136e-18
2.5875e+14	1.9433e-17	1.7282e-17
2.5888e+14	2.2275e-17	2.5124e-17
2.5902e+14	-2.801e-17	-3.1025e-18
2.5915e+14	-1.0511e-18	6.9009e-18
2.5929e+14	3.2013e-17	2.6337e-17
2.5942e+14	-1.5025e-17	1.4067e-18
2.5955e+14	-1.8562e-17	-1.9976e-18
2.5969e+14	3.1163e-17	2.7567e-17
2.5982e+14	5.0823e-18	1.3363e-17
2.5996e+14	-2.7406e-17	-8.1707e-18
2.6009e+14	1.877e-17	1.9788e-17
2.6022e+14	2.1972e-17	2.5855e-17
2.6036e+14	-2.6578e-17	-3.4858e-18
2.6049e+14	3.6511e-19	1.1697e-17
2.6062e+14	3.2414e-17	3.4125e-17
2.6076e+14	-1.4473e-17	3.4231e-18
2.6089e+14	-1.7881e-17	-6.3489e-18
2.6103e+14	3.0896e-17	2.4346e-17
2.6116e+14	4.1894e-18	1.4597e-17
2.6129e+14	-2.8116e-17	-5.8938e-18
2.6143e+14	1.8366e-17	1.9645e-17
2.6156e+14	2.189e-17	2.2866e-17
2.617e+14	-2.6885e-17	-7.8439e-18
2.6183e+14	-7.6849e-19	7.6016e-18
2.6196e+14	3.1706e-17	3.0738e-17
2.621e+14	-1.3518e-17	1.6931e-18
2.6223e+14	-1.6824e-17	-3.9384e-18
2.6237e+14	3.0582e-17	2.9355e-17
2.625e+14	3.8205e-18	1.5024e-17
2.6263e+14	-2.7616e-17	-1.1657e-17
2.6277e+14	1.8652e-17	1.6105e-17
2.629e+14	2.1751e-17	2.5638e-17
2.6304e+14	-2.6647e-17	-5.4015e-18
2.6317e+14	-4.6191e-19	6.5735e-18
2.633e+14	3.159e-17	3.0981e-17
2.6344e+14	-1.378e-17	2.3757e-18
2.6357e+14	-1.7314e-17	-8.0773e-18
2.6371e+14	2.9941e-17	2.5089e-17
2.6384e+14	3.813e-18	1.8722e-17
2.6397e+14	-2.7406e-17	-4.8014e-18
2.6411e+14	1.7869e-17	1.7061e-17
2.6424e+14	2.0758e-17	2.3043e-17
2.6438e+14	-2.6444e-17	-6.1197e-18
2.6451e+14	1.1046e-20	5.3588e-18
2.6464e+14	3.1022e-17	2.8111e-17
2.6478e+14	-1.4543e-17	2.8778e-18
2.6491e+14	-1.7151e-17	-4.5186e-18
2.6504e+14	3.0609e-17	2.4206e-17
2.6518e+14	4.18e-18	1.2265e-17
2.6531e+14	-2.7517e-17	-9.0227e-18
2.6545e+14	1.767e-17	1.9209e-17
2.6558e+14	2.1069e-17	2.6868e-17
2.6571e+14	-2.5633e-17	-5.4691e-18
2.6585e+14	7.2716e-19	4.4282e-18
2.6598e+14	3.1466e-17	2.9087e-17
2.6612e+14	-1.4303e-17	5.0275e-18
2.6625e+14	-1.7275e-17	-2.9584e-18
2.6638e+14	3.0453e-17	2.7466e-17
2.6652e+14	4.5705e-18	1.8096e-17
2.6665e+14	-2.6795e-17	-6.9031e-18
2.6679e+14	1.8399e-17	1.3649e-17
2.6692e+14	2.1738e-17	2.1077e-17
2.6705e+14	-2.5754e-17	-3.8202e-18
2.6719e+14	-2.3981e-19	8.8811e-18
2.6732e+14	3.1406e-17	2.8704e-17
2.6746e+14	-1.3147e-17	1.6046e-18
2.6759e+14	-1.7134e-17	-4.9594e-18
2.6772e+14	2.9302e-17	2.482e-17
2.6786e+14	4.139e-18	1.297e-17
2.6799e+14	-2.6922e-17	-9.2092e-18
2.6812e+14	1.6978e-17	1.8169e-17
2.6826e+14	2.0446e-17	2.6653e-17
2.6839e+14	-2.5442e-17	-4.7904e-18
2.6853e+14	-2.3063e-20	3.6593e-18
2.6866e+14	3.0599e-17	2.7173e-17
2.6879e+14	-1.3387e-17	4.6124e-18
2.6893e+14	-1.6579e-17	-3.0695e-18
2.6906e+14	2.9452e-17	2.4459e-17
2.692e+14	4.2427e-18	1.3983e-17
2.6933e+14	-2.6192e-17	-7.399e-18
2.6946e+14	1.7767e-17	1.7101e-17
2.696e+14	2.1147e-17	2.3799e-17
2.6973e+14	-2.474e-17	-5.7821e-18
2.6987e+14	-1.6459e-19	4.1023e-18
2.7e+14	2.9738e-17	2.7007e-17
2.7013e+14	-1.3605e-17	4.592e-18
2.7027e+14	-1.6516e-17	-2.0089e-18
2.704e+14	2.8492e-17	2.5526e-17
2.7054e+14	3.2501e-18	1.433e-17
2.7067e+14	-2.5687e-17	-7.5381e-18
2.708e+14	1.8715e-17	1.6531e-17
2.7094e+14	2.0958e-17	2.3533e-17
2.7107e+14	-2.5372e-17	-4.6518e-18
2.7121e+14	1.5997e-19	5.8683e-18
2.7134e+14	3.0733e-17	2.7797e-17
2.7147e+14	-1.3265e-17	4.729e-18
2.7161e+14	-1.7001e-17	-1.4096e-18
2.7174e+14	2.8432e-17	2.5809e-17
2.7188e+14	3.8974e-18	1.2949e-17
2.7201e+14	-2.581e-17	-9.437e-18
2.7214e+14	1.7556e-17	1.6699e-17
2.7228e+14	2.0627e-17	2.5599e-17
2.7241e+14	-2.4439e-17	-3.637e-18
2.7254e+14	5.7298e-19	5.3313e-18
2.7268e+14	3.012e-17	2.873e-17
2.7281e+14	-1.3644e-17	7.481e-18
2.7295e+14	-1.6638e-17	-8.4008e-19
2.7308e+14	2.9159e-17	2.2996e-17
2.7321e+14	4.3994e-18	1.091e-17
2.7335e+14	-2.6438e-17	-7.8857e-18
2.7348e+14	1.6147e-17	2.0163e-17
2.7362e+14	2.0221e-17	2.8734e-17
2.7375e+14	-2.3916e-17	-1.955e-18
2.7388e+14	3.3353e-19	4.6545e-18
2.7402e+14	2.9743e-17	2.6332e-17
2.7415e+14	-1.2711e-17	5.618e-18
2.7429e+14	-1.587e-17	-7.1569e-19
2.7442e+14	2.8409e-17	2.5398e-17
2.7455e+14	3.9455e-18	1.4645e-17
2.7469e+14	-2.5557e-17	-6.2738e-18
2.7482e+14	1.6792e-17	1.7196e-17
2.7496e+14	2.0248e-17	2.4634e-17
2.7509e+14	-2.3563e-17	-2.5433e-18
2.7522e+14	4.6633e-19	5.934e-18
2.7536e+14	2.9172e-17	2.5353e-17
2.7549e+14	-1.2921e-17	3.1271e-18
2.7562e+14	-1.5697e-17	-1.7729e-18
2.7576e+14	2.7916e-17	2.5417e-17
2.7589e+14	3.4522e-18	1.3992e-17
2.7603e+14	-2.5061e-17	-7.3662e-18
2.7616e+14	1.7097e-17	1.6531e-17
2.7629e+14	1.9352e-17	2.4047e-17
2.7643e+14	-2.4311e-17	-3.6888e-18
2.7656e+14	1.1215e-18	4.9275e-18
2.767e+14	3.0328e-17	2.5978e-17
2.7683e+14	-1.2615e-17	4.5963e-18
2.7696e+14	-1.602e-17	-2.8482e-18
2.771e+14	2.803e-17	2.1422e-17
2.7723e+14	3.8421e-18	1.181e-17
2.7737e+14	-2.5498e-17	-5.4105e-18
2.775e+14	1.6297e-17	1.8917e-17
2.7763e+14	1.9669e-17	2.5086e-17
2.7777e+14	-2.3728e-17	-8.4073e-19
2.779e+14	3.6708e-20	9.0808e-18
2.7804e+14	2.8752e-17	2.6487e-17
2.7817e+14	-1.2377e-17	2.7221e-18
2.783e+14	-1.5127e-17	-3.4639e-19
2.7844e+14	2.7404e-17	2.7644e-17
2.7857e+14	2.7968e-18	1.4148e-17
2.7871e+14	-2.5034e-17	-8.3145e-18
2.7884e+14	1.7631e-17	1.5843e-17
2.7897e+14	2.0441e-17	2.2629e-17
2.7911e+14	-2.3678e-17	-4.8165e-18
2.7924e+14	-2.2714e-19	6.5624e-18
2.7938e+14	2.8556e-17	2.8919e-17
2.7951e+14	-1.2386e-17	6.6853e-18
2.7964e+14	-1.5327e-17	7.3102e-19
2.7978e+14	2.7075e-17	2.7072e-17
2.7991e+14	2.9921e-18	1.4263e-17
2.8004e+14	-2.4633e-17	-7.1131e-18
2.8018e+14	1.7323e-17	1.9464e-17
2.8031e+14	1.9911e-17	2.7918e-17
2.8045e+14	-2.3323e-17	-3.4735e-18
2.8058e+14	7.6822e-19	2.4628e-18
2.8071e+14	2.9206e-17	2.6183e-17
2.8085e+14	-1.2407e-17	8.2637e-18
2.8098e+14	-1.553e-17	8.8765e-19
2.8112e+14	2.7645e-17	2.3941e-17
2.8125e+14	4.5121e-18	1.3115e-17
2.8138e+14	-2.3683e-17	-5.8829e-18
2.8152e+14	1.6544e-17	1.7859e-17
2.8165e+14	1.8496e-17	2.402e-17
2.8179e+14	-2.4038e-17	-4.1067e-18
2.8192e+14	4.7627e-19	5.6384e-18
2.8205e+14	2.88e-17	2.8835e-17
2.8219e+14	-1.2915e-17	8.2735e-18
2.8232e+14	-1.6169e-17	2.468e-19
2.8246e+14	2.7147e-17	2.5914e-17
2.8259e+14	4.4872e-18	1.7781e-17
2.8272e+14	-2.3767e-17	-3.3571e-18
2.8286e+14	1.634e-17	1.5405e-17
2.8299e+14	1.9313e-17	2.1529e-17
2.8312e+14	-2.2555e-17	-2.2777e-18
2.8326e+14	5.9057e-19	7.3311e-18
2.8339e+14	2.7796e-17	2.5948e-17
2.8353e+14	-1.2673e-17	4.8168e-18
2.8366e+14	-1.4699e-17	-3.0067e-19
2.8379e+14	2.7643e-17	2.4246e-17
2.8393e+14	3.6153e-18	1.3114e-17
2.8406e+14	-2.4634e-17	-5.3068e-18
2.842e+14	1.5871e-17	1.8683e-17
2.8433e+14	1.8659e-17	2.3927e-17
2.8446e+14	-2.3361e-17	-4.5079e-18
2.846e+14	2.7983e-19	5.3698e-18
2.8473e+14	2.8047e-17	2.7819e-17
2.8487e+14	-1.2658e-17	6.1079e-18
2.85e+14	-1.5211e-17	-2.7392e-18
2.8513e+14	2.7478e-17	2.2676e-17
2.8527e+14	4.1946e-18	1.5411e-17
2.854e+14	-2.3851e-17	-3.6279e-18
2.8554e+14	1.7125e-17	1.8243e-17
2.8567e+14	2.0643e-17	2.7633e-17
2.858e+14	-2.2339e-17	4.3428e-18
2.8594e+14	-5.2677e-19	1.0334e-17
2.8607e+14	2.7659e-17	2.4936e-17
2.8621e+14	-1.1517e-17	2.6385e-18
2.8634e+14	-1.4685e-17	-1.9617e-18
2.8647e+14	2.6642e-17	2.4453e-17
2.8661e+14	3.549e-18	1.6596e-17
2.8674e+14	-2.4554e-17	-1.6288e-18
2.8688e+14	1.5492e-17	1.8049e-17
2.8701e+14	1.9638e-17	2.1876e-17
2.8714e+14	-2.1838e-17	-2.6116e-18
2.8728e+14	-8.303e-20	7.8547e-18
2.8741e+14	2.7826e-17	2.5105e-17
2.8754e+14	-1.0687e-17	1.7705e-18
2.8768e+14	-1.4242e-17	-2.5798e-18
2.8781e+14	2.6257e-17	2.5256e-17
2.8795e+14	4.3439e-18	1.6068e-17
2.8808e+14	-2.2787e-17	-4.3719e-18
2.8821e+14	1.5484e-17	1.6105e-17
2.8835e+14	1.8232e-17	2.1715e-17
2.8848e+14	-2.2203e-17	-2.8393e-18
2.8862e+14	-9.5589e-20	7.78e-18
2.8875e+14	2.6664e-17	2.6024e-17
2.8888e+14	-1.1624e-17	9.8012e-19
2.8902e+14	-1.4066e-17	-6.9097e-18
2.8915e+14	2.595e-17	2.1371e-17
2.8929e+14	3.2965e-18	1.6495e-17
2.8942e+14	-2.2828e-17	-1.7576e-18
2.8955e+14	1.6557e-17	1.7839e-17
2.8969e+14	1.8856e-17	2.2862e-17
2.8982e+14	-2.2369e-17	-2.8442e-18
2.8996e+14	-2.0692e-19	4.6262e-18
2.9009e+14	2.6764e-17	2.2161e-17
2.9022e+14	-1.1836e-17	1.6157e-18
2.9036e+14	-1.4529e-17	-2.2231e-18
2.9049e+14	2.5864e-17	2.4455e-17
2.9062e+14	3.4562e-18	1.5424e-17
2.9076e+14	-2.3248e-17	-4.6068e-18
2.9089e+14	1.5776e-17	1.5514e-17
2.9103e+14	1.878e-17	2.1397e-17
2.9116e+14	-2.1757e-17	-3.057e-18
2.9129e+14	5.4722e-19	6.4838e-18
2.9143e+14	2.7939e-17	2.5655e-17
2.9156e+14	-1.0573e-17	4.9871e-18
2.917e+14	-1.4239e-17	3.5925e-19
2.9183e+14	2.6039e-17	2.781e-17
2.9196e+14	4.9314e-18	2.0627e-17
2.921e+14	-2.2134e-17	8.1735e-19
2.9223e+14	1.4634e-17	1.9191e-17
2.9237e+14	1.734e-17	2.3338e-17
2.925e+14	-2.1542e-17	-2.4932e-18
2.9263e+14	6.0372e-19	5.8299e-18
2.9277e+14	2.6441e-17	2.5934e-17
2.929e+14	-1.1888e-17	8.5092e-18
2.9304e+14	-1.4417e-17	4.6571e-18
2.9317e+14	2.5691e-17	2.7634e-17
2.933e+14	4.009e-18	1.5666e-17
2.9344e+14	-2.2572e-17	-3.7502e-18
2.9357e+14	1.5106e-17	1.7923e-17
2.9371e+14	1.8144e-17	2.3206e-17
2.9384e+14	-2.1156e-17	-2.9692e-18
2.9397e+14	4.4038e-19	6.3046e-18
2.9411e+14	2.6578e-17	2.6288e-17
2.9424e+14	-1.0996e-17	5.4984e-18
2.9438e+14	-1.3777e-17	1.3331e-20
2.9451e+14	2.5444e-17	2.666e-17
2.9464e+14	3.8134e-18	1.7792e-17
2.9478e+14	-2.2019e-17	-3.4018e-18
2.9491e+14	1.5993e-17	1.7221e-17
2.9504e+14	1.8874e-17	2.559e-17
2.9518e+14	-2.0997e-17	1.4057e-18
2.9531e+14	-1.1914e-19	9.6722e-18
2.9545e+14	2.606e-17	2.9039e-17
2.9558e+14	-1.1119e-17	6.2366e-18
2.9571e+14	-1.4387e-17	-4.5265e-18
2.9585e+14	2.4424e-17	2.0523e-17
2.9598e+14	3.6712e-18	1.6842e-17
2.9612e+14	-2.16e-17	-1.2978e-18
2.9625e+14	1.5637e-17	1.616e-17
2.9638e+14	1.8285e-17	2.2317e-17
2.9652e+14	-2.0714e-17	-1.1747e-18
2.9665e+14	4.3958e-19	5.7665e-18
2.9679e+14	2.6298e-17	2.4171e-17
2.9692e+14	-1.0678e-17	5.9691e-18
2.9705e+14	-1.3838e-17	8.1516e-19
2.9719e+14	2.4416e-17	2.5606e-17
2.9732e+14	3.3377e-18	1.7475e-17
2.9746e+14	-2.1747e-17	-3.8982e-18
2.9759e+14	1.5675e-17	1.4143e-17
2.9772e+14	1.8458e-17	2.3714e-17
2.9786e+14	-2.0723e-17	2.2316e-18
2.9799e+14	-3.1949e-19	8.0255e-18
2.9812e+14	2.5118e-17	2.6505e-17
2.9826e+14	-1.1302e-17	1.0309e-17
2.9839e+14	-1.3565e-17	2.758e-18
2.9853e+14	2.5346e-17	2.1805e-17
2.9866e+14	4.2674e-18	1.3911e-17
2.9879e+14	-2.1843e-17	-2.1031e-18
2.9893e+14	1.4649e-17	1.6659e-17
2.9906e+14	1.7845e-17	2.2616e-17
2.992e+14	-2.061e-17	3.4027e-19
2.9933e+14	-1.6122e-20	6.9858e-18
2.9946e+14	2.5982e-17	2.4239e-17
2.996e+14	-1.0229e-17	7.8381e-18
2.9973e+14	-1.4013e-17	2.866e-18
2.9987e+14	2.3903e-17	2.3414e-17
3e+14	4.3407e-18	1.4503e-17
