#Error on normalization	O = 1.791 %	H = 1.998 %
#Frequence (s-1)	S_O (s)	S_H (s)
0	4.7621e-16	1.2646e-15
1.2014e+11	-2.0985e-16	1.2341e-15
2.4029e+11	-4.5232e-16	1.1615e-15
3.6043e+11	4.1637e-16	1.1528e-15
4.8058e+11	1.4876e-16	1.2767e-15
6.0072e+11	-5.1227e-16	1.3603e-15
7.2087e+11	2.097e-16	1.2544e-15
8.4101e+11	4.4078e-16	1.1353e-15
9.6115e+11	-4.0139e-16	1.1776e-15
1.0813e+12	-4.8378e-17	1.2557e-15
1.2014e+12	6.3616e-16	1.2356e-15
1.3216e+12	-5.7966e-17	1.176e-15
1.4417e+12	-1.1722e-16	1.1565e-15
1.5619e+12	8.2497e-16	1.2298e-15
1.682e+12	3.6355e-16	1.3934e-15
1.8022e+12	-2.4351e-16	1.4586e-15
1.9223e+12	7.9469e-16	1.3083e-15
2.0425e+12	9.2316e-16	1.193e-15
2.1626e+12	-1.339e-16	1.3054e-15
2.2827e+12	6.8428e-16	1.4254e-15
2.4029e+12	1.8121e-15	1.409e-15
2.523e+12	8.4246e-16	1.428e-15
2.6432e+12	8.3534e-16	1.4875e-15
2.7633e+12	2.2877e-15	1.4469e-15
2.8835e+12	1.4213e-15	1.4542e-15
3.0036e+12	5.739e-16	1.6284e-15
3.1237e+12	3.5855e-15	1.7253e-15
3.2439e+12	5.6811e-15	1.699e-15
3.364e+12	4.1904e-15	1.8607e-15
3.4842e+12	5.766e-15	2.1718e-15
3.6043e+12	1.197e-14	2.3112e-15
3.7245e+12	1.7156e-14	2.4141e-15
3.8446e+12	2.2386e-14	2.7551e-15
3.9648e+12	2.9685e-14	3.044e-15
4.0849e+12	3.0797e-14	2.9142e-15
4.205e+12	2.1894e-14	2.5758e-15
4.3252e+12	1.3729e-14	2.3746e-15
4.4453e+12	1.2726e-14	2.3002e-15
4.5655e+12	1.1808e-14	2.2176e-15
4.6856e+12	7.3759e-15	2.0901e-15
4.8058e+12	5.4352e-15	1.9753e-15
4.9259e+12	8.4261e-15	2.0303e-15
5.0461e+12	1.133e-14	2.2801e-15
5.1662e+12	1.0535e-14	2.4468e-15
5.2863e+12	7.8366e-15	2.3688e-15
5.4065e+12	6.295e-15	2.2869e-15
5.5266e+12	6.1273e-15	2.3964e-15
5.6468e+12	7.0279e-15	2.5563e-15
5.7669e+12	1.1737e-14	2.6262e-15
5.8871e+12	1.958e-14	2.6492e-15
6.0072e+12	2.1199e-14	2.6559e-15
6.1274e+12	1.2484e-14	2.5966e-15
6.2475e+12	4.9456e-15	2.4681e-15
6.3676e+12	7.7224e-15	2.428e-15
6.4878e+12	1.3366e-14	2.6691e-15
6.6079e+12	1.3643e-14	3.0028e-15
6.7281e+12	1.1109e-14	2.9584e-15
6.8482e+12	9.0008e-15	2.6735e-15
6.9684e+12	8.4215e-15	2.8533e-15
7.0885e+12	1.21e-14	3.3993e-15
7.2087e+12	1.6651e-14	3.4406e-15
7.3288e+12	1.6246e-14	3.145e-15
7.4489e+12	1.9847e-14	3.6661e-15
7.5691e+12	3.7651e-14	4.9546e-15
7.6892e+12	5.3635e-14	5.6347e-15
7.8094e+12	4.7161e-14	5.1964e-15
7.9295e+12	3.1123e-14	4.5108e-15
8.0497e+12	3.168e-14	4.4048e-15
8.1698e+12	4.677e-14	5.0049e-15
8.2899e+12	5.6283e-14	5.8161e-15
8.4101e+12	5.307e-14	5.9063e-15
8.5302e+12	4.3636e-14	5.0808e-15
8.6504e+12	3.9167e-14	4.5565e-15
8.7705e+12	5.0483e-14	5.1423e-15
8.8907e+12	7.1382e-14	5.922e-15
9.0108e+12	7.9099e-14	6.1059e-15
9.131e+12	7.0218e-14	6.2825e-15
9.2511e+12	6.9124e-14	6.6941e-15
9.3712e+12	8.4152e-14	6.6591e-15
9.4914e+12	9.3256e-14	6.3276e-15
9.6115e+12	8.6882e-14	6.4357e-15
9.7317e+12	8.1846e-14	6.5142e-15
9.8518e+12	8.347e-14	5.9163e-15
9.972e+12	7.7702e-14	5.5058e-15
1.0092e+13	6.4362e-14	5.9514e-15
1.0212e+13	5.8509e-14	6.2485e-15
1.0332e+13	6.166e-14	5.8219e-15
1.0453e+13	6.3767e-14	5.611e-15
1.0573e+13	6.3516e-14	5.8895e-15
1.0693e+13	6.2904e-14	5.7805e-15
1.0813e+13	5.7491e-14	5.2826e-15
1.0933e+13	4.7411e-14	5.1194e-15
1.1053e+13	4.0286e-14	5.1044e-15
1.1173e+13	3.6916e-14	4.8388e-15
1.1294e+13	3.1695e-14	4.7211e-15
1.1414e+13	2.6077e-14	4.8397e-15
1.1534e+13	2.569e-14	4.7133e-15
1.1654e+13	2.864e-14	4.5914e-15
1.1774e+13	2.8592e-14	4.9458e-15
1.1894e+13	2.4783e-14	5.1847e-15
1.2014e+13	2.1762e-14	4.8121e-15
1.2135e+13	2.1771e-14	4.5333e-15
1.2255e+13	2.1945e-14	4.7532e-15
1.2375e+13	2.0727e-14	4.8574e-15
1.2495e+13	2.2188e-14	4.7134e-15
1.2615e+13	2.7679e-14	4.7913e-15
1.2735e+13	3.0742e-14	4.8924e-15
1.2855e+13	2.9305e-14	4.7373e-15
1.2976e+13	3.0779e-14	4.9374e-15
1.3096e+13	3.7028e-14	5.7411e-15
1.3216e+13	4.1038e-14	6.2386e-15
1.3336e+13	4.1121e-14	5.9639e-15
1.3456e+13	3.9288e-14	5.6217e-15
1.3576e+13	3.2717e-14	5.6544e-15
1.3696e+13	2.5308e-14	5.7605e-15
1.3817e+13	2.8975e-14	5.8614e-15
1.3937e+13	3.9727e-14	6.0447e-15
1.4057e+13	4.1134e-14	5.9768e-15
1.4177e+13	3.5967e-14	5.5957e-15
1.4297e+13	3.8835e-14	5.5505e-15
1.4417e+13	4.4301e-14	6.0131e-15
1.4537e+13	4.0256e-14	6.2686e-15
1.4658e+13	3.6537e-14	6.1646e-15
1.4778e+13	4.5798e-14	6.3712e-15
1.4898e+13	5.7442e-14	6.7977e-15
1.5018e+13	5.6389e-14	6.7009e-15
1.5138e+13	4.6467e-14	6.387e-15
1.5258e+13	4.0277e-14	6.5823e-15
1.5378e+13	4.1888e-14	6.7109e-15
1.5499e+13	4.5421e-14	6.1762e-15
1.5619e+13	4.4249e-14	5.9429e-15
1.5739e+13	4.0567e-14	6.5425e-15
1.5859e+13	4.1164e-14	6.8139e-15
1.5979e+13	4.4791e-14	6.4679e-15
1.6099e+13	4.7174e-14	6.7621e-15
1.6219e+13	5.2522e-14	7.6331e-15
1.634e+13	6.2404e-14	7.8231e-15
1.646e+13	6.6565e-14	7.6436e-15
1.658e+13	6.0813e-14	7.9195e-15
1.67e+13	5.4444e-14	7.8096e-15
1.682e+13	5.1267e-14	6.9118e-15
1.694e+13	4.6185e-14	6.6769e-15
1.706e+13	3.9887e-14	7.4609e-15
1.7181e+13	3.6554e-14	7.7667e-15
1.7301e+13	3.5887e-14	7.3183e-15
1.7421e+13	3.8418e-14	7.1588e-15
1.7541e+13	4.3818e-14	7.228e-15
1.7661e+13	4.5017e-14	7.0763e-15
1.7781e+13	4.0243e-14	7.3175e-15
1.7901e+13	3.9005e-14	8.1298e-15
1.8022e+13	4.4287e-14	8.5331e-15
1.8142e+13	4.7216e-14	8.1973e-15
1.8262e+13	4.3484e-14	7.8586e-15
1.8382e+13	3.7412e-14	7.9376e-15
1.8502e+13	3.434e-14	8.1596e-15
1.8622e+13	3.8404e-14	8.0698e-15
1.8742e+13	4.6543e-14	7.5893e-15
1.8863e+13	4.8031e-14	7.38e-15
1.8983e+13	4.2877e-14	7.9113e-15
1.9103e+13	4.3685e-14	8.5203e-15
1.9223e+13	5.06e-14	8.7357e-15
1.9343e+13	5.1633e-14	9.1391e-15
1.9463e+13	4.7652e-14	9.6865e-15
1.9584e+13	4.7038e-14	9.5943e-15
1.9704e+13	4.7191e-14	9.3293e-15
1.9824e+13	4.5997e-14	9.7248e-15
1.9944e+13	4.9375e-14	9.9746e-15
2.0064e+13	5.3971e-14	9.3919e-15
2.0184e+13	5.0251e-14	8.9705e-15
2.0304e+13	4.3066e-14	9.179e-15
2.0425e+13	4.3423e-14	9.3022e-15
2.0545e+13	5.0316e-14	9.4897e-15
2.0665e+13	5.5926e-14	1.0158e-14
2.0785e+13	5.36e-14	1.0511e-14
2.0905e+13	4.2601e-14	1.0281e-14
2.1025e+13	3.7486e-14	1.0418e-14
2.1145e+13	5.1269e-14	1.09e-14
2.1266e+13	6.624e-14	1.1034e-14
2.1386e+13	6.0097e-14	1.1232e-14
2.1506e+13	5.0123e-14	1.1574e-14
2.1626e+13	6.1347e-14	1.1079e-14
2.1746e+13	7.5768e-14	1.0291e-14
2.1866e+13	6.6945e-14	1.0845e-14
2.1986e+13	5.0831e-14	1.2085e-14
2.2107e+13	5.3345e-14	1.2214e-14
2.2227e+13	6.455e-14	1.1722e-14
2.2347e+13	6.3456e-14	1.205e-14
2.2467e+13	5.4653e-14	1.2836e-14
2.2587e+13	5.3101e-14	1.3017e-14
2.2707e+13	5.6888e-14	1.2669e-14
2.2827e+13	5.4107e-14	1.2546e-14
2.2948e+13	4.5158e-14	1.3022e-14
2.3068e+13	4.2781e-14	1.3644e-14
2.3188e+13	4.9149e-14	1.3824e-14
2.3308e+13	4.9531e-14	1.3966e-14
2.3428e+13	3.8191e-14	1.4438e-14
2.3548e+13	2.9732e-14	1.4214e-14
2.3668e+13	3.2352e-14	1.3138e-14
2.3789e+13	3.5458e-14	1.3172e-14
2.3909e+13	3.342e-14	1.4546e-14
2.4029e+13	3.3203e-14	1.4805e-14
2.4149e+13	3.5185e-14	1.3785e-14
2.4269e+13	3.3002e-14	1.3879e-14
2.4389e+13	2.829e-14	1.496e-14
2.4509e+13	2.5668e-14	1.526e-14
2.463e+13	2.3782e-14	1.5468e-14
2.475e+13	2.1962e-14	1.6298e-14
2.487e+13	2.2094e-14	1.6177e-14
2.499e+13	2.2481e-14	1.5279e-14
2.511e+13	2.1587e-14	1.597e-14
2.523e+13	2.1686e-14	1.7722e-14
2.535e+13	2.2409e-14	1.8126e-14
2.5471e+13	2.0966e-14	1.7826e-14
2.5591e+13	1.8924e-14	1.8491e-14
2.5711e+13	1.8731e-14	1.9199e-14
2.5831e+13	1.8565e-14	1.8996e-14
2.5951e+13	1.683e-14	1.8545e-14
2.6071e+13	1.4595e-14	1.7841e-14
2.6191e+13	1.2722e-14	1.688e-14
2.6312e+13	1.2357e-14	1.7036e-14
2.6432e+13	1.4068e-14	1.8063e-14
2.6552e+13	1.4757e-14	1.7881e-14
2.6672e+13	1.2356e-14	1.7152e-14
2.6792e+13	1.0416e-14	1.8303e-14
2.6912e+13	1.1569e-14	2.0395e-14
2.7032e+13	1.3396e-14	2.1142e-14
2.7153e+13	1.4036e-14	2.1289e-14
2.7273e+13	1.3642e-14	2.1755e-14
2.7393e+13	1.1704e-14	2.1315e-14
2.7513e+13	9.505e-15	2.0523e-14
2.7633e+13	9.6179e-15	2.155e-14
2.7753e+13	1.0464e-14	2.3091e-14
2.7873e+13	9.2976e-15	2.2559e-14
2.7994e+13	8.1727e-15	2.1721e-14
2.8114e+13	9.2042e-15	2.3009e-14
2.8234e+13	1.0087e-14	2.4224e-14
2.8354e+13	9.3783e-15	2.3327e-14
2.8474e+13	8.6753e-15	2.2704e-14
2.8594e+13	8.5244e-15	2.3634e-14
2.8714e+13	8.4633e-15	2.3459e-14
2.8835e+13	8.5827e-15	2.1645e-14
2.8955e+13	8.2034e-15	2.1398e-14
2.9075e+13	7.2542e-15	2.3557e-14
2.9195e+13	7.3864e-15	2.5282e-14
2.9315e+13	8.1807e-15	2.4961e-14
2.9435e+13	7.5274e-15	2.3757e-14
2.9555e+13	6.4965e-15	2.3344e-14
2.9676e+13	6.9021e-15	2.4374e-14
2.9796e+13	7.1661e-15	2.5609e-14
2.9916e+13	6.5698e-15	2.5221e-14
3.0036e+13	7.0505e-15	2.4212e-14
3.0156e+13	7.953e-15	2.5048e-14
3.0276e+13	7.198e-15	2.6516e-14
3.0396e+13	6.2518e-15	2.5626e-14
3.0517e+13	6.5478e-15	2.3653e-14
3.0637e+13	6.3099e-15	2.3647e-14
3.0757e+13	5.3972e-15	2.4618e-14
3.0877e+13	5.712e-15	2.4419e-14
3.0997e+13	6.353e-15	2.4093e-14
3.1117e+13	5.8019e-15	2.4668e-14
3.1237e+13	5.4666e-15	2.4931e-14
3.1358e+13	5.9368e-15	2.4696e-14
3.1478e+13	5.7285e-15	2.5122e-14
3.1598e+13	5.349e-15	2.5941e-14
3.1718e+13	6.0945e-15	2.6289e-14
3.1838e+13	6.6713e-15	2.6178e-14
3.1958e+13	6.0575e-15	2.5497e-14
3.2078e+13	5.5776e-15	2.4541e-14
3.2199e+13	5.7349e-15	2.4524e-14
3.2319e+13	5.6461e-15	2.5067e-14
3.2439e+13	5.3804e-15	2.4602e-14
3.2559e+13	5.3686e-15	2.3918e-14
3.2679e+13	5.3248e-15	2.435e-14
3.2799e+13	5.0977e-15	2.4429e-14
3.292e+13	4.6934e-15	2.3272e-14
3.304e+13	4.163e-15	2.2805e-14
3.316e+13	4.0724e-15	2.3252e-14
3.328e+13	4.4241e-15	2.2757e-14
3.34e+13	4.4198e-15	2.2118e-14
3.352e+13	4.2841e-15	2.3133e-14
3.364e+13	4.4836e-15	2.457e-14
3.3761e+13	4.2344e-15	2.4968e-14
3.3881e+13	3.8709e-15	2.4608e-14
3.4001e+13	4.8542e-15	2.2994e-14
3.4121e+13	5.7812e-15	2.0732e-14
3.4241e+13	4.5405e-15	2.1241e-14
3.4361e+13	3.2407e-15	2.4178e-14
3.4481e+13	4.0015e-15	2.423e-14
3.4602e+13	4.4955e-15	2.1215e-14
3.4722e+13	3.5847e-15	2.0905e-14
3.4842e+13	3.7651e-15	2.3656e-14
3.4962e+13	4.8615e-15	2.4218e-14
3.5082e+13	4.3098e-15	2.1986e-14
3.5202e+13	3.1742e-15	2.0465e-14
3.5322e+13	3.58e-15	2.0306e-14
3.5443e+13	4.2008e-15	2.0774e-14
3.5563e+13	3.9712e-15	2.2171e-14
3.5683e+13	4.0501e-15	2.2962e-14
3.5803e+13	4.1856e-15	2.1317e-14
3.5923e+13	3.5749e-15	1.9172e-14
3.6043e+13	3.438e-15	1.8725e-14
3.6163e+13	4.0601e-15	1.8835e-14
3.6284e+13	3.9173e-15	1.8953e-14
3.6404e+13	3.3421e-15	2.0323e-14
3.6524e+13	3.4969e-15	2.1728e-14
3.6644e+13	3.4685e-15	2.1143e-14
3.6764e+13	2.9017e-15	2.0397e-14
3.6884e+13	3.1464e-15	2.1655e-14
3.7004e+13	3.7514e-15	2.2818e-14
3.7125e+13	3.3047e-15	2.1891e-14
3.7245e+13	2.806e-15	2.0886e-14
3.7365e+13	3.2905e-15	2.1352e-14
3.7485e+13	3.5222e-15	2.1454e-14
3.7605e+13	3.0529e-15	2.0144e-14
3.7725e+13	2.9776e-15	1.9129e-14
3.7845e+13	3.139e-15	1.9369e-14
3.7966e+13	2.8562e-15	1.9904e-14
3.8086e+13	2.7449e-15	2.0272e-14
3.8206e+13	3.0389e-15	2.06e-14
3.8326e+13	2.9935e-15	2.039e-14
3.8446e+13	2.7201e-15	1.9936e-14
3.8566e+13	2.7761e-15	2.0675e-14
3.8686e+13	2.8888e-15	2.2183e-14
3.8807e+13	2.8394e-15	2.2282e-14
3.8927e+13	2.8304e-15	2.1159e-14
3.9047e+13	2.7659e-15	2.0912e-14
3.9167e+13	2.6904e-15	2.1241e-14
3.9287e+13	2.848e-15	2.0607e-14
3.9407e+13	2.9036e-15	1.9919e-14
3.9527e+13	2.6923e-15	2.0243e-14
3.9648e+13	2.7033e-15	2.0123e-14
3.9768e+13	2.754e-15	1.8947e-14
3.9888e+13	2.3642e-15	1.8449e-14
4.0008e+13	2.2019e-15	1.9037e-14
4.0128e+13	2.6244e-15	1.9536e-14
4.0248e+13	2.6276e-15	1.9979e-14
4.0368e+13	2.1692e-15	2.0374e-14
4.0489e+13	2.3807e-15	1.975e-14
4.0609e+13	2.8839e-15	1.8962e-14
4.0729e+13	2.59e-15	1.9664e-14
4.0849e+13	2.1726e-15	2.0549e-14
4.0969e+13	2.4642e-15	2.002e-14
4.1089e+13	2.6906e-15	1.9572e-14
4.1209e+13	2.4008e-15	1.9926e-14
4.133e+13	2.2597e-15	1.9414e-14
4.145e+13	2.3296e-15	1.8793e-14
4.157e+13	2.2157e-15	2.0368e-14
4.169e+13	2.1844e-15	2.2386e-14
4.181e+13	2.3811e-15	2.197e-14
4.193e+13	2.4033e-15	2.088e-14
4.205e+13	2.2496e-15	2.1472e-14
4.2171e+13	2.2165e-15	2.1752e-14
4.2291e+13	2.2275e-15	1.9847e-14
4.2411e+13	2.1679e-15	1.7962e-14
4.2531e+13	2.0829e-15	1.8238e-14
4.2651e+13	1.9709e-15	1.9314e-14
4.2771e+13	1.9864e-15	1.9223e-14
4.2891e+13	2.2195e-15	1.8629e-14
4.3012e+13	2.292e-15	1.9394e-14
4.3132e+13	2.0543e-15	2.1094e-14
4.3252e+13	1.9454e-15	2.1478e-14
4.3372e+13	2.0568e-15	2.0818e-14
4.3492e+13	2.0637e-15	2.1605e-14
4.3612e+13	2.0537e-15	2.2944e-14
4.3732e+13	2.1835e-15	2.1538e-14
4.3853e+13	2.2109e-15	1.8837e-14
4.3973e+13	2.1136e-15	1.9277e-14
4.4093e+13	2.0858e-15	2.2042e-14
4.4213e+13	1.9722e-15	2.2883e-14
4.4333e+13	1.7401e-15	2.1599e-14
4.4453e+13	1.7216e-15	2.0451e-14
4.4573e+13	1.8557e-15	1.9561e-14
4.4694e+13	1.8374e-15	1.8955e-14
4.4814e+13	1.7878e-15	1.9638e-14
4.4934e+13	1.7932e-15	2.0539e-14
4.5054e+13	1.6962e-15	1.9954e-14
4.5174e+13	1.6843e-15	1.9103e-14
4.5294e+13	1.8779e-15	1.9582e-14
4.5414e+13	1.8717e-15	2.0392e-14
4.5535e+13	1.6691e-15	2.0487e-14
4.5655e+13	1.7781e-15	2.0339e-14
4.5775e+13	2.0447e-15	2.0022e-14
4.5895e+13	1.9886e-15	1.9215e-14
4.6015e+13	1.8014e-15	1.8391e-14
4.6135e+13	1.7207e-15	1.7995e-14
4.6256e+13	1.5967e-15	1.8019e-14
4.6376e+13	1.5678e-15	1.8569e-14
4.6496e+13	1.741e-15	1.9351e-14
4.6616e+13	1.7187e-15	1.9797e-14
4.6736e+13	1.5234e-15	2.0063e-14
4.6856e+13	1.6295e-15	2.0125e-14
4.6976e+13	1.7999e-15	1.9234e-14
4.7097e+13	1.6142e-15	1.7827e-14
4.7217e+13	1.4602e-15	1.735e-14
4.7337e+13	1.5687e-15	1.7693e-14
4.7457e+13	1.5375e-15	1.7813e-14
4.7577e+13	1.4323e-15	1.7698e-14
4.7697e+13	1.5817e-15	1.7356e-14
4.7817e+13	1.6767e-15	1.6651e-14
4.7938e+13	1.5251e-15	1.6798e-14
4.8058e+13	1.4728e-15	1.8201e-14
4.8178e+13	1.4801e-15	1.8484e-14
4.8298e+13	1.3259e-15	1.6676e-14
4.8418e+13	1.2807e-15	1.5423e-14
4.8538e+13	1.3604e-15	1.5949e-14
4.8658e+13	1.2315e-15	1.6371e-14
4.8779e+13	1.183e-15	1.6324e-14
4.8899e+13	1.4897e-15	1.7041e-14
4.9019e+13	1.5875e-15	1.7563e-14
4.9139e+13	1.3227e-15	1.6663e-14
4.9259e+13	1.3326e-15	1.598e-14
4.9379e+13	1.5568e-15	1.6787e-14
4.9499e+13	1.4567e-15	1.7348e-14
4.962e+13	1.2886e-15	1.6194e-14
4.974e+13	1.3501e-15	1.4298e-14
4.986e+13	1.29e-15	1.309e-14
4.998e+13	1.1265e-15	1.3067e-14
5.01e+13	1.1957e-15	1.3892e-14
5.022e+13	1.2479e-15	1.4639e-14
5.034e+13	1.1343e-15	1.4919e-14
5.0461e+13	1.2329e-15	1.515e-14
5.0581e+13	1.4128e-15	1.498e-14
5.0701e+13	1.2645e-15	1.3887e-14
5.0821e+13	1.1204e-15	1.3281e-14
5.0941e+13	1.2586e-15	1.4394e-14
5.1061e+13	1.2526e-15	1.526e-14
5.1181e+13	1.0527e-15	1.383e-14
5.1302e+13	1.0765e-15	1.178e-14
5.1422e+13	1.1851e-15	1.1427e-14
5.1542e+13	1.0903e-15	1.2011e-14
5.1662e+13	1.0086e-15	1.2081e-14
5.1782e+13	1.0308e-15	1.2157e-14
5.1902e+13	1.009e-15	1.2862e-14
5.2022e+13	1.0626e-15	1.3461e-14
5.2143e+13	1.1847e-15	1.334e-14
5.2263e+13	1.1169e-15	1.2792e-14
5.2383e+13	1.0046e-15	1.2292e-14
5.2503e+13	1.0693e-15	1.2132e-14
5.2623e+13	1.0727e-15	1.2154e-14
5.2743e+13	9.8457e-16	1.1741e-14
5.2863e+13	1.06e-15	1.0882e-14
5.2984e+13	1.0845e-15	1.0391e-14
5.3104e+13	9.0327e-16	1.0427e-14
5.3224e+13	9.4557e-16	1.0438e-14
5.3344e+13	1.1829e-15	1.0622e-14
5.3464e+13	1.0764e-15	1.1226e-14
5.3584e+13	8.2757e-16	1.1202e-14
5.3704e+13	8.9675e-16	1.0088e-14
5.3825e+13	9.7362e-16	9.4641e-15
5.3945e+13	8.6939e-16	1.008e-14
5.4065e+13	9.4409e-16	1.0299e-14
5.4185e+13	1.0563e-15	9.5009e-15
5.4305e+13	8.845e-16	9.3355e-15
5.4425e+13	8.0098e-16	1.007e-14
5.4545e+13	9.4455e-16	9.9368e-15
5.4666e+13	8.6315e-16	8.8578e-15
5.4786e+13	7.2348e-16	8.4812e-15
5.4906e+13	9.4768e-16	8.7721e-15
5.5026e+13	1.0778e-15	8.5801e-15
5.5146e+13	7.9625e-16	8.338e-15
5.5266e+13	6.9568e-16	8.8368e-15
5.5386e+13	9.2253e-16	9.2725e-15
5.5507e+13	9.4241e-16	8.894e-15
5.5627e+13	7.9716e-16	8.3652e-15
5.5747e+13	8.1582e-16	8.2822e-15
5.5867e+13	8.3032e-16	8.4177e-15
5.5987e+13	7.9544e-16	8.5401e-15
5.6107e+13	9.0836e-16	8.4743e-15
5.6227e+13	9.502e-16	8.1075e-15
5.6348e+13	7.7928e-16	7.9336e-15
5.6468e+13	7.5135e-16	8.3298e-15
5.6588e+13	8.8859e-16	8.6772e-15
5.6708e+13	8.6726e-16	8.5316e-15
5.6828e+13	8.0574e-16	8.3971e-15
5.6948e+13	8.592e-16	8.346e-15
5.7068e+13	7.9979e-16	7.7866e-15
5.7189e+13	6.8185e-16	7.0262e-15
5.7309e+13	7.5128e-16	6.9171e-15
5.7429e+13	8.0196e-16	7.2096e-15
5.7549e+13	7.0807e-16	7.1951e-15
5.7669e+13	7.4817e-16	7.0471e-15
5.7789e+13	8.4908e-16	7.0782e-15
5.7909e+13	7.4996e-16	7.0862e-15
5.803e+13	6.935e-16	7.1532e-15
5.815e+13	8.1283e-16	7.4536e-15
5.827e+13	7.7576e-16	7.4242e-15
5.839e+13	6.3704e-16	6.7963e-15
5.851e+13	7.1854e-16	6.4774e-15
5.863e+13	8.1575e-16	6.9029e-15
5.8751e+13	7.418e-16	7.1207e-15
5.8871e+13	7.6794e-16	6.6746e-15
5.8991e+13	8.516e-16	6.3965e-15
5.9111e+13	7.183e-16	6.6365e-15
5.9231e+13	6.1222e-16	6.8069e-15
5.9351e+13	7.4013e-16	6.7871e-15
5.9471e+13	7.7938e-16	6.8657e-15
5.9592e+13	6.7466e-16	6.8291e-15
5.9712e+13	7.1708e-16	6.5843e-15
5.9832e+13	7.9665e-16	6.5438e-15
5.9952e+13	7.2331e-16	6.5821e-15
6.0072e+13	6.8651e-16	6.2381e-15
6.0192e+13	7.2605e-16	5.9758e-15
6.0312e+13	6.8821e-16	6.3535e-15
6.0433e+13	6.8649e-16	6.6929e-15
6.0553e+13	7.5254e-16	6.3734e-15
6.0673e+13	6.7577e-16	6.0382e-15
6.0793e+13	5.7239e-16	6.1615e-15
6.0913e+13	6.4839e-16	6.258e-15
6.1033e+13	6.7717e-16	6.1736e-15
6.1153e+13	5.7121e-16	6.2387e-15
6.1274e+13	6.0692e-16	6.2607e-15
6.1394e+13	7.0496e-16	5.9552e-15
6.1514e+13	6.2735e-16	5.6102e-15
6.1634e+13	5.9697e-16	5.447e-15
6.1754e+13	7.2857e-16	5.4315e-15
6.1874e+13	7.2855e-16	5.642e-15
6.1994e+13	6.3697e-16	5.7982e-15
6.2115e+13	7.0117e-16	5.4573e-15
6.2235e+13	7.3344e-16	5.1623e-15
6.2355e+13	6.2586e-16	5.6055e-15
6.2475e+13	6.5574e-16	6.0236e-15
6.2595e+13	7.4972e-16	5.613e-15
6.2715e+13	6.3062e-16	5.2492e-15
6.2835e+13	5.4691e-16	5.678e-15
6.2956e+13	7.1728e-16	6.0031e-15
6.3076e+13	7.952e-16	5.6068e-15
6.3196e+13	6.3805e-16	5.2642e-15
6.3316e+13	5.6384e-16	5.444e-15
6.3436e+13	6.4229e-16	5.6474e-15
6.3556e+13	6.8764e-16	5.6237e-15
6.3676e+13	6.7799e-16	5.6288e-15
6.3797e+13	6.3871e-16	5.7002e-15
6.3917e+13	5.9844e-16	5.5656e-15
6.4037e+13	6.4925e-16	5.1281e-15
6.4157e+13	6.9383e-16	4.8335e-15
6.4277e+13	5.9898e-16	5.1718e-15
6.4397e+13	5.5187e-16	5.6368e-15
6.4517e+13	6.4331e-16	5.3575e-15
6.4638e+13	6.3934e-16	4.8441e-15
6.4758e+13	5.6919e-16	5.1187e-15
6.4878e+13	6.3904e-16	5.5933e-15
6.4998e+13	6.6749e-16	5.3338e-15
6.5118e+13	5.5026e-16	5.0907e-15
6.5238e+13	5.8416e-16	5.5255e-15
6.5358e+13	7.1534e-16	5.6681e-15
6.5479e+13	6.1265e-16	5.147e-15
6.5599e+13	4.9775e-16	5.0434e-15
6.5719e+13	6.4951e-16	5.4742e-15
6.5839e+13	7.3623e-16	5.444e-15
6.5959e+13	6.0016e-16	5.0689e-15
6.6079e+13	5.7659e-16	5.1657e-15
6.6199e+13	6.6929e-16	5.5375e-15
6.632e+13	6.3838e-16	5.5977e-15
6.644e+13	5.9385e-16	5.3483e-15
6.656e+13	6.0042e-16	4.9181e-15
6.668e+13	5.141e-16	4.4459e-15
6.68e+13	4.6756e-16	4.2686e-15
6.692e+13	5.5848e-16	4.42e-15
6.704e+13	5.3121e-16	4.6456e-15
6.7161e+13	4.3095e-16	4.9006e-15
6.7281e+13	5.4271e-16	5.0698e-15
6.7401e+13	6.4099e-16	4.9611e-15
6.7521e+13	5.0228e-16	4.9032e-15
6.7641e+13	4.7957e-16	5.1732e-15
6.7761e+13	6.4788e-16	5.3035e-15
6.7881e+13	6.1635e-16	5.1041e-15
6.8002e+13	4.7965e-16	5.0971e-15
6.8122e+13	5.5051e-16	5.2336e-15
6.8242e+13	6.0547e-16	4.9449e-15
6.8362e+13	5.0765e-16	4.4802e-15
6.8482e+13	5.2525e-16	4.4676e-15
6.8602e+13	5.8003e-16	4.8036e-15
6.8722e+13	4.5923e-16	5.102e-15
6.8843e+13	4.3015e-16	5.1933e-15
6.8963e+13	5.8855e-16	4.9998e-15
6.9083e+13	5.864e-16	4.8678e-15
6.9203e+13	4.697e-16	5.1782e-15
6.9323e+13	5.2421e-16	5.3284e-15
6.9443e+13	5.7189e-16	4.7774e-15
6.9563e+13	4.9293e-16	4.4143e-15
6.9684e+13	5.3751e-16	4.8668e-15
6.9804e+13	6.1905e-16	5.1769e-15
6.9924e+13	4.9419e-16	4.8847e-15
7.0044e+13	4.1134e-16	4.8483e-15
7.0164e+13	5.3329e-16	5.0743e-15
7.0284e+13	5.6705e-16	4.7466e-15
7.0404e+13	4.9414e-16	4.2923e-15
7.0525e+13	5.3785e-16	4.5384e-15
7.0645e+13	5.6478e-16	4.9336e-15
7.0765e+13	4.9097e-16	4.8388e-15
7.0885e+13	5.2896e-16	4.751e-15
7.1005e+13	5.886e-16	4.9345e-15
7.1125e+13	4.7151e-16	4.9273e-15
7.1245e+13	4.156e-16	4.7983e-15
7.1366e+13	5.3574e-16	5.0109e-15
7.1486e+13	5.5239e-16	5.3362e-15
7.1606e+13	4.9523e-16	5.2677e-15
7.1726e+13	5.7599e-16	4.9135e-15
7.1846e+13	5.9933e-16	4.7172e-15
7.1966e+13	4.6509e-16	4.8077e-15
7.2087e+13	4.5939e-16	4.9394e-15
7.2207e+13	5.6832e-16	4.9365e-15
7.2327e+13	5.4832e-16	5.0293e-15
7.2447e+13	5.0873e-16	5.3505e-15
7.2567e+13	5.3582e-16	5.3865e-15
7.2687e+13	4.6623e-16	4.8137e-15
7.2807e+13	4.1659e-16	4.3617e-15
7.2928e+13	5.527e-16	4.7154e-15
7.3048e+13	6.1005e-16	5.2994e-15
7.3168e+13	4.8712e-16	5.2589e-15
7.3288e+13	4.7468e-16	4.8109e-15
7.3408e+13	5.3997e-16	4.6965e-15
7.3528e+13	4.7703e-16	4.9818e-15
7.3648e+13	4.7635e-16	5.1261e-15
7.3769e+13	6.0646e-16	4.9299e-15
7.3889e+13	5.8017e-16	4.828e-15
7.4009e+13	4.6602e-16	5.0883e-15
7.4129e+13	5.2471e-16	5.3164e-15
7.4249e+13	5.8239e-16	5.2455e-15
7.4369e+13	5.2509e-16	5.2402e-15
7.4489e+13	5.7806e-16	5.4193e-15
7.461e+13	6.4362e-16	5.3467e-15
7.473e+13	4.9747e-16	5.0382e-15
7.485e+13	4.0788e-16	4.9939e-15
7.497e+13	5.2748e-16	5.1389e-15
7.509e+13	5.2569e-16	5.0219e-15
7.521e+13	3.9976e-16	4.7494e-15
7.533e+13	4.584e-16	4.6776e-15
7.5451e+13	5.5995e-16	4.7466e-15
7.5571e+13	4.8755e-16	4.6969e-15
7.5691e+13	4.3848e-16	4.4234e-15
7.5811e+13	4.659e-16	4.1197e-15
7.5931e+13	4.0296e-16	4.2061e-15
7.6051e+13	3.7385e-16	4.6279e-15
7.6171e+13	4.6441e-16	4.7417e-15
7.6292e+13	4.5858e-16	4.5569e-15
7.6412e+13	4.0683e-16	4.7842e-15
7.6532e+13	5.1662e-16	5.187e-15
7.6652e+13	5.7806e-16	4.8967e-15
7.6772e+13	4.4351e-16	4.3509e-15
7.6892e+13	4.0811e-16	4.5716e-15
7.7012e+13	5.1719e-16	5.179e-15
7.7133e+13	5.0382e-16	5.2853e-15
7.7253e+13	4.531e-16	5.066e-15
7.7373e+13	5.2507e-16	4.9357e-15
7.7493e+13	5.2639e-16	4.8508e-15
7.7613e+13	4.24e-16	4.9496e-15
7.7733e+13	4.3568e-16	5.2144e-15
7.7853e+13	4.8226e-16	5.0604e-15
7.7974e+13	4.2193e-16	4.4976e-15
7.8094e+13	4.2175e-16	4.2769e-15
7.8214e+13	5.0711e-16	4.4187e-15
7.8334e+13	4.8466e-16	4.4347e-15
7.8454e+13	4.3028e-16	4.5229e-15
7.8574e+13	4.7709e-16	4.8216e-15
7.8694e+13	4.7805e-16	4.8297e-15
7.8815e+13	4.0551e-16	4.6687e-15
7.8935e+13	4.3025e-16	4.9673e-15
7.9055e+13	4.9299e-16	5.3091e-15
7.9175e+13	4.6815e-16	4.966e-15
7.9295e+13	4.5494e-16	4.4721e-15
7.9415e+13	4.8458e-16	4.5776e-15
7.9535e+13	4.7089e-16	4.9678e-15
7.9656e+13	4.7612e-16	5.1866e-15
7.9776e+13	5.2397e-16	5.225e-15
7.9896e+13	4.988e-16	4.9744e-15
8.0016e+13	4.5832e-16	4.5786e-15
8.0136e+13	4.9909e-16	4.6274e-15
8.0256e+13	4.8363e-16	5.0013e-15
8.0376e+13	3.8956e-16	4.9169e-15
8.0497e+13	4.0534e-16	4.4571e-15
8.0617e+13	4.8287e-16	4.3657e-15
8.0737e+13	4.7077e-16	4.6484e-15
8.0857e+13	4.7504e-16	4.9033e-15
8.0977e+13	5.2412e-16	5.1501e-15
8.1097e+13	4.5766e-16	5.3048e-15
8.1217e+13	3.7322e-16	5.0707e-15
8.1338e+13	4.4348e-16	4.7598e-15
8.1458e+13	5.1099e-16	4.9666e-15
8.1578e+13	4.8495e-16	5.5753e-15
8.1698e+13	5.2535e-16	6.0132e-15
8.1818e+13	5.6738e-16	5.9738e-15
8.1938e+13	4.6734e-16	5.5594e-15
8.2058e+13	4.1856e-16	5.285e-15
8.2179e+13	5.0767e-16	5.5488e-15
8.2299e+13	4.8512e-16	5.7933e-15
8.2419e+13	3.6985e-16	5.3463e-15
8.2539e+13	4.2058e-16	4.8764e-15
8.2659e+13	5.364e-16	5.2431e-15
8.2779e+13	5.0637e-16	5.7292e-15
8.2899e+13	4.4943e-16	5.4625e-15
8.302e+13	4.6672e-16	5.129e-15
8.314e+13	4.6279e-16	5.363e-15
8.326e+13	4.6103e-16	5.4951e-15
8.338e+13	5.3061e-16	5.3367e-15
8.35e+13	5.88e-16	5.7292e-15
8.362e+13	5.8645e-16	6.5432e-15
8.374e+13	5.5906e-16	6.6932e-15
8.3861e+13	5.0013e-16	6.1661e-15
8.3981e+13	4.6877e-16	5.7805e-15
8.4101e+13	5.1263e-16	5.6241e-15
8.4221e+13	5.0441e-16	5.4043e-15
8.4341e+13	4.3464e-16	5.2188e-15
8.4461e+13	4.8667e-16	5.1116e-15
8.4581e+13	5.8015e-16	5.032e-15
8.4702e+13	4.9891e-16	5.1411e-15
8.4822e+13	3.9545e-16	5.2861e-15
8.4942e+13	4.4862e-16	5.0894e-15
8.5062e+13	4.7702e-16	4.8483e-15
8.5182e+13	4.1988e-16	4.9601e-15
8.5302e+13	4.5874e-16	4.9782e-15
8.5423e+13	5.2066e-16	4.6932e-15
8.5543e+13	4.6538e-16	4.7905e-15
8.5663e+13	4.5321e-16	5.3e-15
8.5783e+13	5.2439e-16	5.3476e-15
8.5903e+13	4.8616e-16	4.9391e-15
8.6023e+13	4.1694e-16	4.8401e-15
8.6143e+13	4.7888e-16	4.9959e-15
8.6264e+13	5.0224e-16	4.9858e-15
8.6384e+13	4.1347e-16	5.007e-15
8.6504e+13	4.2e-16	5.1171e-15
8.6624e+13	4.7967e-16	4.981e-15
8.6744e+13	4.0916e-16	4.7942e-15
8.6864e+13	3.5781e-16	4.9287e-15
8.6984e+13	4.4682e-16	5.0856e-15
8.7105e+13	4.7297e-16	4.977e-15
8.7225e+13	3.9258e-16	4.8384e-15
8.7345e+13	3.9888e-16	4.7538e-15
8.7465e+13	4.7738e-16	4.6676e-15
8.7585e+13	4.924e-16	4.8113e-15
8.7705e+13	4.5915e-16	5.1836e-15
8.7825e+13	4.2334e-16	5.4478e-15
8.7946e+13	4.2093e-16	5.5904e-15
8.8066e+13	4.8514e-16	5.6092e-15
8.8186e+13	4.9318e-16	5.2271e-15
8.8306e+13	3.7476e-16	4.8217e-15
8.8426e+13	3.3686e-16	5.0898e-15
8.8546e+13	4.2903e-16	5.4708e-15
8.8666e+13	4.1221e-16	5.0482e-15
8.8787e+13	3.375e-16	4.4825e-15
8.8907e+13	4.3373e-16	4.7047e-15
8.9027e+13	5.1455e-16	5.0756e-15
8.9147e+13	3.9119e-16	4.9187e-15
8.9267e+13	3.4602e-16	4.8519e-15
8.9387e+13	4.9213e-16	5.1696e-15
8.9507e+13	5.2673e-16	5.2092e-15
8.9628e+13	4.2964e-16	4.9163e-15
8.9748e+13	4.3466e-16	4.9026e-15
8.9868e+13	4.6491e-16	5.1615e-15
8.9988e+13	4.0516e-16	5.3211e-15
9.0108e+13	3.9814e-16	5.3681e-15
9.0228e+13	4.4051e-16	5.2683e-15
9.0348e+13	3.8799e-16	4.9123e-15
9.0469e+13	3.3474e-16	4.5446e-15
9.0589e+13	3.7778e-16	4.3749e-15
9.0709e+13	4.0218e-16	4.2753e-15
9.0829e+13	3.9952e-16	4.2788e-15
9.0949e+13	4.4106e-16	4.4826e-15
9.1069e+13	4.3393e-16	4.5979e-15
9.1189e+13	3.7148e-16	4.52e-15
9.131e+13	3.9912e-16	4.6358e-15
9.143e+13	4.5697e-16	4.895e-15
9.155e+13	4.1545e-16	4.7377e-15
9.167e+13	3.7341e-16	4.2161e-15
9.179e+13	3.8035e-16	3.8479e-15
9.191e+13	3.446e-16	3.6366e-15
9.203e+13	3.3833e-16	3.5286e-15
9.2151e+13	4.1439e-16	3.9194e-15
9.2271e+13	3.9758e-16	4.5876e-15
9.2391e+13	3.01e-16	4.624e-15
9.2511e+13	3.4931e-16	4.2124e-15
9.2631e+13	4.6133e-16	4.4653e-15
9.2751e+13	4.3071e-16	5.1304e-15
9.2871e+13	3.7148e-16	4.9459e-15
9.2992e+13	3.9269e-16	4.2165e-15
9.3112e+13	3.7744e-16	4.2601e-15
9.3232e+13	3.4786e-16	4.7838e-15
9.3352e+13	3.9795e-16	4.6002e-15
9.3472e+13	4.0502e-16	3.995e-15
9.3592e+13	3.3177e-16	3.8732e-15
9.3712e+13	3.4203e-16	3.9829e-15
9.3833e+13	4.0009e-16	3.9079e-15
9.3953e+13	3.6742e-16	3.9851e-15
9.4073e+13	3.4228e-16	4.1582e-15
9.4193e+13	3.8745e-16	3.9681e-15
9.4313e+13	3.7236e-16	3.7636e-15
9.4433e+13	3.1933e-16	3.9603e-15
9.4553e+13	3.4194e-16	4.0465e-15
9.4674e+13	3.5902e-16	3.8787e-15
9.4794e+13	3.2795e-16	4.1349e-15
9.4914e+13	3.5814e-16	4.5891e-15
9.5034e+13	4.0609e-16	4.3062e-15
9.5154e+13	3.6873e-16	3.6514e-15
9.5274e+13	3.4446e-16	3.6776e-15
9.5394e+13	3.9316e-16	4.1768e-15
9.5515e+13	4.0987e-16	4.3544e-15
9.5635e+13	3.8808e-16	4.2146e-15
9.5755e+13	3.8515e-16	4.0229e-15
9.5875e+13	3.7257e-16	3.8265e-15
9.5995e+13	3.7924e-16	3.8368e-15
9.6115e+13	4.2861e-16	4.0474e-15
9.6235e+13	3.9018e-16	4.0086e-15
9.6356e+13	2.743e-16	3.7261e-15
9.6476e+13	2.8179e-16	3.6477e-15
9.6596e+13	3.6376e-16	3.661e-15
9.6716e+13	3.4325e-16	3.4453e-15
9.6836e+13	3.3537e-16	3.3178e-15
9.6956e+13	4.251e-16	3.5615e-15
9.7076e+13	4.1994e-16	3.7872e-15
9.7197e+13	3.2559e-16	3.6873e-15
9.7317e+13	3.4383e-16	3.4802e-15
9.7437e+13	3.8239e-16	3.3922e-15
9.7557e+13	3.0942e-16	3.4251e-15
9.7677e+13	2.9604e-16	3.4954e-15
9.7797e+13	3.738e-16	3.4828e-15
9.7918e+13	3.4037e-16	3.3851e-15
9.8038e+13	2.5891e-16	3.315e-15
9.8158e+13	3.0018e-16	3.253e-15
9.8278e+13	3.4496e-16	3.1716e-15
9.8398e+13	3.0856e-16	3.1842e-15
9.8518e+13	3.0987e-16	3.2281e-15
9.8638e+13	3.212e-16	3.1236e-15
9.8759e+13	2.716e-16	2.9829e-15
9.8879e+13	2.7995e-16	2.9288e-15
9.8999e+13	3.4101e-16	2.8588e-15
9.9119e+13	3.0985e-16	2.9141e-15
9.9239e+13	2.8267e-16	3.2301e-15
9.9359e+13	3.6259e-16	3.2954e-15
9.9479e+13	3.6984e-16	2.8478e-15
9.96e+13	2.7132e-16	2.644e-15
9.972e+13	2.7157e-16	3.0293e-15
9.984e+13	3.2134e-16	3.1701e-15
9.996e+13	2.6023e-16	2.7237e-15
1.0008e+14	2.174e-16	2.4285e-15
1.002e+14	2.8449e-16	2.5715e-15
1.0032e+14	3.0982e-16	2.7127e-15
1.0044e+14	2.8055e-16	2.7547e-15
1.0056e+14	2.9899e-16	2.8362e-15
1.0068e+14	2.9697e-16	2.8466e-15
1.008e+14	2.5151e-16	2.7935e-15
1.0092e+14	2.7552e-16	2.7806e-15
1.0104e+14	3.1727e-16	2.6835e-15
1.0116e+14	2.771e-16	2.5495e-15
1.0128e+14	2.552e-16	2.6175e-15
1.014e+14	2.9538e-16	2.7331e-15
1.0152e+14	2.9389e-16	2.709e-15
1.0164e+14	2.71e-16	2.7745e-15
1.0176e+14	2.8043e-16	2.8701e-15
1.0188e+14	2.5972e-16	2.6363e-15
1.02e+14	2.4359e-16	2.3788e-15
1.0212e+14	2.9683e-16	2.5308e-15
1.0224e+14	2.965e-16	2.6311e-15
1.0236e+14	2.27e-16	2.3289e-15
1.0248e+14	2.686e-16	2.2013e-15
1.026e+14	3.4963e-16	2.4632e-15
1.0272e+14	2.7906e-16	2.5308e-15
1.0284e+14	2.1131e-16	2.3258e-15
1.0296e+14	2.8525e-16	2.2892e-15
1.0308e+14	2.9506e-16	2.3596e-15
1.032e+14	2.0325e-16	2.3109e-15
1.0332e+14	2.268e-16	2.2787e-15
1.0344e+14	3.0594e-16	2.2398e-15
1.0356e+14	2.7347e-16	2.0641e-15
1.0368e+14	2.4834e-16	2.036e-15
1.038e+14	2.9034e-16	2.2947e-15
1.0392e+14	2.636e-16	2.4381e-15
1.0404e+14	2.2483e-16	2.3379e-15
1.0416e+14	2.7603e-16	2.3128e-15
1.0429e+14	2.8022e-16	2.3564e-15
1.0441e+14	2.1505e-16	2.2603e-15
1.0453e+14	2.3958e-16	2.169e-15
1.0465e+14	2.8116e-16	2.2063e-15
1.0477e+14	2.2183e-16	2.1775e-15
1.0489e+14	2.1141e-16	2.0301e-15
1.0501e+14	2.8534e-16	1.9396e-15
1.0513e+14	2.6696e-16	1.9385e-15
1.0525e+14	2.1231e-16	1.9582e-15
1.0537e+14	2.5887e-16	2.005e-15
1.0549e+14	2.7496e-16	2.0778e-15
1.0561e+14	2.0441e-16	2.143e-15
1.0573e+14	2.0661e-16	2.1556e-15
1.0585e+14	2.4645e-16	2.0738e-15
1.0597e+14	2.006e-16	1.9979e-15
1.0609e+14	1.7936e-16	2.0463e-15
1.0621e+14	2.2671e-16	2.0576e-15
1.0633e+14	2.0552e-16	1.9071e-15
1.0645e+14	1.7002e-16	1.8655e-15
1.0657e+14	2.326e-16	2.0452e-15
1.0669e+14	2.5705e-16	2.0847e-15
1.0681e+14	1.8575e-16	1.87e-15
1.0693e+14	1.7749e-16	1.7113e-15
1.0705e+14	2.1986e-16	1.6557e-15
1.0717e+14	1.9793e-16	1.5781e-15
1.0729e+14	1.8678e-16	1.653e-15
1.0741e+14	2.1704e-16	1.8898e-15
1.0753e+14	1.8946e-16	1.915e-15
1.0765e+14	1.6678e-16	1.7447e-15
1.0777e+14	2.2339e-16	1.7855e-15
1.0789e+14	2.3091e-16	1.9567e-15
1.0801e+14	1.8144e-16	1.88e-15
1.0813e+14	2.1532e-16	1.6766e-15
1.0825e+14	2.5297e-16	1.6661e-15
1.0837e+14	1.9281e-16	1.76e-15
1.0849e+14	1.8233e-16	1.7465e-15
1.0861e+14	2.4522e-16	1.6597e-15
1.0873e+14	2.1312e-16	1.6262e-15
1.0885e+14	1.5173e-16	1.6968e-15
1.0897e+14	1.965e-16	1.7948e-15
1.0909e+14	2.1993e-16	1.7825e-15
1.0921e+14	1.7013e-16	1.7285e-15
1.0933e+14	1.9164e-16	1.81e-15
1.0945e+14	2.3281e-16	1.8735e-15
1.0957e+14	1.794e-16	1.6793e-15
1.0969e+14	1.6216e-16	1.4664e-15
1.0981e+14	2.2177e-16	1.5437e-15
1.0993e+14	1.976e-16	1.6841e-15
1.1005e+14	1.406e-16	1.6193e-15
1.1017e+14	1.8626e-16	1.5424e-15
1.1029e+14	2.0977e-16	1.5894e-15
1.1041e+14	1.4539e-16	1.5567e-15
1.1053e+14	1.4662e-16	1.4227e-15
1.1065e+14	1.906e-16	1.4039e-15
1.1077e+14	1.5064e-16	1.4646e-15
1.1089e+14	1.2875e-16	1.4289e-15
1.1101e+14	1.8792e-16	1.392e-15
1.1113e+14	1.9165e-16	1.4879e-15
1.1125e+14	1.5449e-16	1.5544e-15
1.1137e+14	1.8686e-16	1.4348e-15
1.1149e+14	2.0197e-16	1.2849e-15
1.1161e+14	1.5305e-16	1.2877e-15
1.1173e+14	1.596e-16	1.3532e-15
1.1185e+14	1.9073e-16	1.3123e-15
1.1197e+14	1.4703e-16	1.1924e-15
1.1209e+14	1.2467e-16	1.1443e-15
1.1221e+14	1.6394e-16	1.2243e-15
1.1233e+14	1.4652e-16	1.339e-15
1.1245e+14	1.1361e-16	1.3547e-15
1.1258e+14	1.5967e-16	1.2548e-15
1.127e+14	1.713e-16	1.1757e-15
1.1282e+14	1.1079e-16	1.2098e-15
1.1294e+14	1.2437e-16	1.2635e-15
1.1306e+14	1.823e-16	1.2493e-15
1.1318e+14	1.5634e-16	1.2368e-15
1.133e+14	1.2679e-16	1.2605e-15
1.1342e+14	1.5841e-16	1.2469e-15
1.1354e+14	1.5449e-16	1.227e-15
1.1366e+14	1.3373e-16	1.2837e-15
1.1378e+14	1.7124e-16	1.3199e-15
1.139e+14	1.7998e-16	1.2432e-15
1.1402e+14	1.3576e-16	1.1855e-15
1.1414e+14	1.4857e-16	1.2248e-15
1.1426e+14	1.7562e-16	1.2319e-15
1.1438e+14	1.3235e-16	1.1831e-15
1.145e+14	1.1928e-16	1.1885e-15
1.1462e+14	1.6348e-16	1.197e-15
1.1474e+14	1.4457e-16	1.1103e-15
1.1486e+14	1.0538e-16	1.0376e-15
1.1498e+14	1.4149e-16	1.0905e-15
1.151e+14	1.5489e-16	1.1793e-15
1.1522e+14	1.0942e-16	1.1957e-15
1.1534e+14	1.228e-16	1.1415e-15
1.1546e+14	1.6142e-16	1.0748e-15
1.1558e+14	1.3158e-16	1.0794e-15
1.157e+14	1.1938e-16	1.1582e-15
1.1582e+14	1.5828e-16	1.1858e-15
1.1594e+14	1.434e-16	1.135e-15
1.1606e+14	1.107e-16	1.1301e-15
1.1618e+14	1.4158e-16	1.1575e-15
1.163e+14	1.4804e-16	1.084e-15
1.1642e+14	1.0389e-16	9.6275e-16
1.1654e+14	1.1213e-16	9.4215e-16
1.1666e+14	1.384e-16	1.0069e-15
1.1678e+14	1.145e-16	1.0713e-15
1.169e+14	1.2221e-16	1.0924e-15
1.1702e+14	1.6015e-16	1.0272e-15
1.1714e+14	1.2735e-16	9.3138e-16
1.1726e+14	9.4411e-17	9.5389e-16
1.1738e+14	1.3723e-16	1.071e-15
1.175e+14	1.4093e-16	1.1137e-15
1.1762e+14	9.3868e-17	1.0546e-15
1.1774e+14	1.2056e-16	9.6825e-16
1.1786e+14	1.5951e-16	8.9436e-16
1.1798e+14	1.1515e-16	9.0853e-16
1.181e+14	9.7121e-17	1.0169e-15
1.1822e+14	1.3768e-16	1.0502e-15
1.1834e+14	1.196e-16	9.7765e-16
1.1846e+14	8.4351e-17	9.7806e-16
1.1858e+14	1.1584e-16	1.0137e-15
1.187e+14	1.2197e-16	9.0337e-16
1.1882e+14	8.6416e-17	7.8137e-16
1.1894e+14	1.1232e-16	8.3877e-16
1.1906e+14	1.3921e-16	9.0658e-16
1.1918e+14	9.422e-17	8.4674e-16
1.193e+14	9.0727e-17	8.3076e-16
1.1942e+14	1.3775e-16	9.0466e-16
1.1954e+14	1.1096e-16	9.0559e-16
1.1966e+14	7.3819e-17	8.5356e-16
1.1978e+14	1.1548e-16	8.6024e-16
1.199e+14	1.2044e-16	8.6625e-16
1.2002e+14	6.9797e-17	8.3465e-16
1.2014e+14	9.2211e-17	8.3643e-16
1.2026e+14	1.289e-16	8.4535e-16
1.2038e+14	8.3827e-17	8.118e-16
1.205e+14	7.2203e-17	7.9394e-16
1.2062e+14	1.2214e-16	7.9851e-16
1.2074e+14	1.0265e-16	7.7773e-16
1.2087e+14	6.3136e-17	7.726e-16
1.2099e+14	1.0427e-16	7.8561e-16
1.2111e+14	1.1903e-16	7.4245e-16
1.2123e+14	7.2705e-17	6.9891e-16
1.2135e+14	8.8694e-17	7.3214e-16
1.2147e+14	1.2293e-16	7.4966e-16
1.2159e+14	7.9894e-17	7.3098e-16
1.2171e+14	6.4822e-17	7.9011e-16
1.2183e+14	1.1262e-16	8.4471e-16
1.2195e+14	9.8604e-17	7.5098e-16
1.2207e+14	6.0504e-17	6.6354e-16
1.2219e+14	9.6287e-17	7.2439e-16
1.2231e+14	1.117e-16	7.629e-16
1.2243e+14	7.0169e-17	6.9818e-16
1.2255e+14	8.4779e-17	6.8793e-16
1.2267e+14	1.1906e-16	7.3105e-16
1.2279e+14	8.3707e-17	7.1032e-16
1.2291e+14	6.9773e-17	6.9692e-16
1.2303e+14	1.0833e-16	7.4006e-16
1.2315e+14	9.2318e-17	7.1367e-16
1.2327e+14	6.1507e-17	6.2864e-16
1.2339e+14	9.7242e-17	6.3878e-16
1.2351e+14	1.0709e-16	7.2231e-16
1.2363e+14	6.9569e-17	7.5823e-16
1.2375e+14	9.0896e-17	7.3668e-16
1.2387e+14	1.172e-16	6.7524e-16
1.2399e+14	6.5929e-17	6.0335e-16
1.2411e+14	4.8896e-17	6.1397e-16
1.2423e+14	9.8439e-17	6.8757e-16
1.2435e+14	9.096e-17	6.8826e-16
1.2447e+14	5.831e-17	6.3618e-16
1.2459e+14	8.7564e-17	6.3924e-16
1.2471e+14	9.0023e-17	6.416e-16
1.2483e+14	4.4722e-17	5.907e-16
1.2495e+14	6.6173e-17	5.984e-16
1.2507e+14	1.0557e-16	6.83e-16
1.2519e+14	6.5207e-17	7.0367e-16
1.2531e+14	4.3488e-17	6.489e-16
1.2543e+14	8.7545e-17	6.2991e-16
1.2555e+14	8.7913e-17	6.3819e-16
1.2567e+14	6.0582e-17	6.0336e-16
1.2579e+14	8.3172e-17	5.5674e-16
1.2591e+14	8.8185e-17	5.5267e-16
1.2603e+14	5.8134e-17	5.6824e-16
1.2615e+14	7.755e-17	5.6274e-16
1.2627e+14	9.6831e-17	5.4869e-16
1.2639e+14	5.5173e-17	5.7074e-16
1.2651e+14	5.2306e-17	6.1906e-16
1.2663e+14	9.7409e-17	6.133e-16
1.2675e+14	7.9337e-17	5.3913e-16
1.2687e+14	4.8228e-17	4.972e-16
1.2699e+14	8.3e-17	5.3136e-16
1.2711e+14	8.9665e-17	5.7144e-16
1.2723e+14	5.0964e-17	5.8469e-16
1.2735e+14	6.8453e-17	5.8979e-16
1.2747e+14	9.1268e-17	5.6933e-16
1.2759e+14	5.3661e-17	5.342e-16
1.2771e+14	5.8444e-17	5.3669e-16
1.2783e+14	1.051e-16	5.466e-16
1.2795e+14	7.21e-17	5.1163e-16
1.2807e+14	2.8688e-17	4.8984e-16
1.2819e+14	7.3306e-17	5.2232e-16
1.2831e+14	9.3273e-17	5.359e-16
1.2843e+14	5.0411e-17	5.0955e-16
1.2855e+14	6.1457e-17	5.1326e-16
1.2867e+14	8.8923e-17	5.4465e-16
1.2879e+14	5.0171e-17	5.4435e-16
1.2891e+14	4.2748e-17	5.1586e-16
1.2903e+14	8.9066e-17	4.8882e-16
1.2915e+14	7.1433e-17	4.7439e-16
1.2928e+14	3.4121e-17	4.8531e-16
1.294e+14	6.8755e-17	5.0017e-16
1.2952e+14	8.1455e-17	4.8497e-16
1.2964e+14	4.1556e-17	4.7476e-16
1.2976e+14	5.7826e-17	4.9531e-16
1.2988e+14	8.9722e-17	4.8926e-16
1.3e+14	5.3938e-17	4.5588e-16
1.3012e+14	4.4773e-17	4.7708e-16
1.3024e+14	8.8219e-17	5.3185e-16
1.3036e+14	7.2042e-17	5.2561e-16
1.3048e+14	3.6565e-17	4.8274e-16
1.306e+14	7.0206e-17	4.8076e-16
1.3072e+14	8.3079e-17	4.9777e-16
1.3084e+14	4.199e-17	4.8578e-16
1.3096e+14	4.9074e-17	4.5925e-16
1.3108e+14	7.1084e-17	4.4884e-16
1.312e+14	3.6196e-17	4.664e-16
1.3132e+14	3.2958e-17	4.8706e-16
1.3144e+14	7.6839e-17	4.584e-16
1.3156e+14	6.1248e-17	4.0441e-16
1.3168e+14	3.4445e-17	4.1638e-16
1.318e+14	7.5292e-17	4.7794e-16
1.3192e+14	8.2055e-17	4.8902e-16
1.3204e+14	3.0965e-17	4.5667e-16
1.3216e+14	4.2841e-17	4.4348e-16
1.3228e+14	8.143e-17	4.2969e-16
1.324e+14	5.2449e-17	4.0728e-16
1.3252e+14	3.8413e-17	4.2803e-16
1.3264e+14	7.4487e-17	4.6683e-16
1.3276e+14	6.3574e-17	4.4941e-16
1.3288e+14	3.7273e-17	4.029e-16
1.33e+14	6.6589e-17	3.9664e-16
1.3312e+14	6.8651e-17	4.2213e-16
1.3324e+14	2.9463e-17	4.3732e-16
1.3336e+14	5.0297e-17	4.276e-16
1.3348e+14	8.1152e-17	4.0659e-16
1.336e+14	4.336e-17	4.0428e-16
1.3372e+14	3.3749e-17	4.1153e-16
1.3384e+14	7.5246e-17	3.8835e-16
1.3396e+14	5.7804e-17	3.6854e-16
1.3408e+14	2.5351e-17	4.0185e-16
1.342e+14	6.3133e-17	4.2072e-16
1.3432e+14	7.6135e-17	3.7666e-16
1.3444e+14	3.362e-17	3.6396e-16
1.3456e+14	4.5898e-17	4.1125e-16
1.3468e+14	7.7855e-17	4.1216e-16
1.348e+14	4.3828e-17	3.6753e-16
1.3492e+14	3.1635e-17	3.6916e-16
1.3504e+14	7.2121e-17	3.8289e-16
1.3516e+14	5.6909e-17	3.5657e-16
1.3528e+14	1.9458e-17	3.5592e-16
1.354e+14	5.0845e-17	3.8958e-16
1.3552e+14	6.9539e-17	3.8296e-16
1.3564e+14	3.338e-17	3.6445e-16
1.3576e+14	3.8539e-17	3.8685e-16
1.3588e+14	6.5401e-17	3.9556e-16
1.36e+14	4.0468e-17	3.7663e-16
1.3612e+14	3.4133e-17	3.8654e-16
1.3624e+14	7.0065e-17	3.9249e-16
1.3636e+14	5.7136e-17	3.5778e-16
1.3648e+14	2.7473e-17	3.5455e-16
1.366e+14	5.3688e-17	3.9035e-16
1.3672e+14	6.2592e-17	3.8198e-16
1.3684e+14	3.2031e-17	3.5488e-16
1.3696e+14	4.7519e-17	3.721e-16
1.3708e+14	7.0284e-17	3.7894e-16
1.372e+14	3.5394e-17	3.498e-16
1.3732e+14	2.7686e-17	3.5079e-16
1.3744e+14	6.5944e-17	3.6696e-16
1.3757e+14	5.2315e-17	3.4522e-16
1.3769e+14	2.2739e-17	3.3276e-16
1.3781e+14	5.1122e-17	3.5358e-16
1.3793e+14	5.9773e-17	3.4887e-16
1.3805e+14	2.5887e-17	3.2602e-16
1.3817e+14	3.9905e-17	3.2825e-16
1.3829e+14	6.7221e-17	3.2668e-16
1.3841e+14	3.9044e-17	3.1874e-16
1.3853e+14	3.0686e-17	3.4492e-16
1.3865e+14	6.1768e-17	3.6645e-16
1.3877e+14	4.6756e-17	3.47e-16
1.3889e+14	2.1866e-17	3.4105e-16
1.3901e+14	4.8283e-17	3.4939e-16
1.3913e+14	5.0957e-17	3.174e-16
1.3925e+14	2.1097e-17	2.8976e-16
1.3937e+14	4.302e-17	3.1149e-16
1.3949e+14	6.6896e-17	3.1912e-16
1.3961e+14	3.1878e-17	3.0226e-16
1.3973e+14	2.7017e-17	3.1632e-16
1.3985e+14	6.26e-17	3.2372e-16
1.3997e+14	4.3495e-17	2.9855e-16
1.4009e+14	1.7927e-17	3.1659e-16
1.4021e+14	5.2798e-17	3.5627e-16
1.4033e+14	5.8099e-17	3.2178e-16
1.4045e+14	2.0241e-17	2.7709e-16
1.4057e+14	3.7412e-17	3.0466e-16
1.4069e+14	6.3698e-17	3.1727e-16
1.4081e+14	2.9859e-17	2.8571e-16
1.4093e+14	2.5746e-17	3.1047e-16
1.4105e+14	6.496e-17	3.5694e-16
1.4117e+14	4.4654e-17	3.2159e-16
1.4129e+14	1.1645e-17	2.7249e-16
1.4141e+14	4.584e-17	2.8486e-16
1.4153e+14	5.884e-17	2.916e-16
1.4165e+14	2.2712e-17	2.7694e-16
1.4177e+14	3.486e-17	2.9198e-16
1.4189e+14	6.2343e-17	2.9877e-16
1.4201e+14	3.3081e-17	2.78e-16
1.4213e+14	2.4356e-17	2.9348e-16
1.4225e+14	5.6214e-17	3.1566e-16
1.4237e+14	3.9314e-17	2.7516e-16
1.4249e+14	1.3514e-17	2.4063e-16
1.4261e+14	4.6007e-17	2.6753e-16
1.4273e+14	5.4098e-17	2.7955e-16
1.4285e+14	1.9304e-17	2.5889e-16
1.4297e+14	3.3889e-17	2.6679e-16
1.4309e+14	5.8535e-17	2.8109e-16
1.4321e+14	2.5853e-17	2.6935e-16
1.4333e+14	1.826e-17	2.7089e-16
1.4345e+14	5.3671e-17	2.7573e-16
1.4357e+14	3.902e-17	2.4889e-16
1.4369e+14	1.3041e-17	2.388e-16
1.4381e+14	4.4646e-17	2.6195e-16
1.4393e+14	5.4069e-17	2.5872e-16
1.4405e+14	2.1836e-17	2.4538e-16
1.4417e+14	3.6119e-17	2.6506e-16
1.4429e+14	5.8573e-17	2.6644e-16
1.4441e+14	2.6084e-17	2.3858e-16
1.4453e+14	1.9794e-17	2.5021e-16
1.4465e+14	5.4795e-17	2.7382e-16
1.4477e+14	4.0688e-17	2.506e-16
1.4489e+14	1.6796e-17	2.4446e-16
1.4501e+14	4.6723e-17	2.8725e-16
1.4513e+14	5.1234e-17	2.9589e-16
1.4525e+14	1.8188e-17	2.6632e-16
1.4537e+14	3.5338e-17	2.6589e-16
1.4549e+14	5.7371e-17	2.7032e-16
1.4561e+14	2.2392e-17	2.4848e-16
1.4573e+14	1.7264e-17	2.3955e-16
1.4586e+14	5.4356e-17	2.392e-16
1.4598e+14	3.8772e-17	2.2813e-16
1.461e+14	1.3996e-17	2.4585e-16
1.4622e+14	4.665e-17	2.696e-16
1.4634e+14	5.141e-17	2.365e-16
1.4646e+14	1.3691e-17	2.119e-16
1.4658e+14	2.8898e-17	2.5568e-16
1.467e+14	5.4801e-17	2.7171e-16
1.4682e+14	2.1932e-17	2.2463e-16
1.4694e+14	1.3476e-17	2.1131e-16
1.4706e+14	4.7922e-17	2.2598e-16
1.4718e+14	3.3818e-17	2.0529e-16
1.473e+14	1.0415e-17	2.0629e-16
1.4742e+14	4.2135e-17	2.4646e-16
1.4754e+14	4.7174e-17	2.3565e-16
1.4766e+14	1.2807e-17	2.0186e-16
1.4778e+14	3.0927e-17	2.295e-16
1.479e+14	5.5478e-17	2.4572e-16
1.4802e+14	1.8715e-17	1.9807e-16
1.4814e+14	9.6399e-18	1.8949e-16
1.4826e+14	4.7972e-17	2.3619e-16
1.4838e+14	3.6028e-17	2.4127e-16
1.485e+14	9.9516e-18	2.1999e-16
1.4862e+14	3.9822e-17	2.2369e-16
1.4874e+14	4.6399e-17	2.0937e-16
1.4886e+14	1.0896e-17	1.8467e-16
1.4898e+14	2.4615e-17	2.056e-16
1.491e+14	5.0326e-17	2.1964e-16
1.4922e+14	2.1143e-17	1.8678e-16
1.4934e+14	1.5307e-17	1.8541e-16
1.4946e+14	4.9183e-17	2.2451e-16
1.4958e+14	3.4104e-17	2.2914e-16
1.497e+14	1.0685e-17	2.2038e-16
1.4982e+14	4.3067e-17	2.3321e-16
1.4994e+14	4.8035e-17	2.1574e-16
1.5006e+14	1.0541e-17	1.8267e-16
1.5018e+14	2.5489e-17	2.0263e-16
1.503e+14	5.3181e-17	2.2535e-16
1.5042e+14	2.2516e-17	1.9489e-16
1.5054e+14	1.29e-17	1.794e-16
1.5066e+14	4.5631e-17	2.0408e-16
1.5078e+14	3.2144e-17	2.0842e-16
1.509e+14	8.3941e-18	2.0294e-16
1.5102e+14	3.8737e-17	2.1689e-16
1.5114e+14	4.4986e-17	2.1007e-16
1.5126e+14	1.1288e-17	1.9117e-16
1.5138e+14	2.6337e-17	2.071e-16
1.515e+14	5.0437e-17	2.1568e-16
1.5162e+14	1.9143e-17	1.8863e-16
1.5174e+14	1.3591e-17	1.8644e-16
1.5186e+14	4.896e-17	2.0152e-16
1.5198e+14	3.2811e-17	1.77e-16
1.521e+14	5.3467e-18	1.6209e-16
1.5222e+14	3.5368e-17	1.9558e-16
1.5234e+14	4.1551e-17	2.0277e-16
1.5246e+14	4.7195e-18	1.7254e-16
1.5258e+14	1.8525e-17	1.761e-16
1.527e+14	4.6638e-17	1.9194e-16
1.5282e+14	1.747e-17	1.7572e-16
1.5294e+14	8.5682e-18	1.7497e-16
1.5306e+14	4.3855e-17	1.9802e-16
1.5318e+14	3.3558e-17	1.9088e-16
1.533e+14	7.4838e-18	1.7704e-16
1.5342e+14	3.2883e-17	1.9219e-16
1.5354e+14	3.9483e-17	1.9296e-16
1.5366e+14	8.1906e-18	1.7796e-16
1.5378e+14	2.2231e-17	1.9422e-16
1.539e+14	4.6844e-17	2.0921e-16
1.5402e+14	1.8855e-17	1.8822e-16
1.5414e+14	1.2111e-17	1.7896e-16
1.5427e+14	4.4275e-17	1.8721e-16
1.5439e+14	3.1094e-17	1.7157e-16
1.5451e+14	7.472e-18	1.6262e-16
1.5463e+14	3.5588e-17	1.8373e-16
1.5475e+14	4.1466e-17	1.8231e-16
1.5487e+14	8.7036e-18	1.62e-16
1.5499e+14	2.1559e-17	1.7523e-16
1.5511e+14	4.4714e-17	1.9067e-16
1.5523e+14	1.6811e-17	1.7306e-16
1.5535e+14	1.1441e-17	1.6646e-16
1.5547e+14	4.2926e-17	1.7804e-16
1.5559e+14	2.75e-17	1.737e-16
1.5571e+14	4.0537e-18	1.756e-16
1.5583e+14	3.4941e-17	1.8737e-16
1.5595e+14	4.2566e-17	1.6546e-16
1.5607e+14	9.231e-18	1.4381e-16
1.5619e+14	2.1419e-17	1.7078e-16
1.5631e+14	4.5183e-17	1.8594e-16
1.5643e+14	1.7153e-17	1.6071e-16
1.5655e+14	9.1763e-18	1.6306e-16
1.5667e+14	3.8433e-17	1.8088e-16
1.5679e+14	2.4755e-17	1.5569e-16
1.5691e+14	4.6334e-18	1.4312e-16
1.5703e+14	3.5638e-17	1.7925e-16
1.5715e+14	4.1244e-17	1.825e-16
1.5727e+14	7.822e-18	1.4877e-16
1.5739e+14	2.0962e-17	1.5738e-16
1.5751e+14	4.3491e-17	1.7681e-16
1.5763e+14	1.3677e-17	1.5384e-16
1.5775e+14	7.0859e-18	1.4777e-16
1.5787e+14	3.9337e-17	1.7353e-16
1.5799e+14	2.5472e-17	1.6185e-16
1.5811e+14	2.111e-18	1.3475e-16
1.5823e+14	3.1745e-17	1.5155e-16
1.5835e+14	3.9312e-17	1.6894e-16
1.5847e+14	7.618e-18	1.5653e-16
1.5859e+14	2.0945e-17	1.6084e-16
1.5871e+14	4.456e-17	1.7564e-16
1.5883e+14	1.6683e-17	1.6271e-16
1.5895e+14	1.0421e-17	1.5131e-16
1.5907e+14	4.2025e-17	1.6099e-16
1.5919e+14	2.831e-17	1.629e-16
1.5931e+14	4.4216e-18	1.6331e-16
1.5943e+14	3.1611e-17	1.7301e-16
1.5955e+14	3.6922e-17	1.6401e-16
1.5967e+14	4.8392e-18	1.4942e-16
1.5979e+14	1.9176e-17	1.6225e-16
1.5991e+14	4.4379e-17	1.6866e-16
1.6003e+14	1.7065e-17	1.5035e-16
1.6015e+14	9.4112e-18	1.5261e-16
1.6027e+14	4.0219e-17	1.6848e-16
1.6039e+14	2.7826e-17	1.577e-16
1.6051e+14	4.1527e-18	1.5274e-16
1.6063e+14	2.9696e-17	1.7249e-16
1.6075e+14	3.5655e-17	1.6616e-16
1.6087e+14	5.8176e-18	1.4015e-16
1.6099e+14	1.8526e-17	1.4587e-16
1.6111e+14	3.9857e-17	1.5943e-16
1.6123e+14	1.2924e-17	1.5278e-16
1.6135e+14	8.9224e-18	1.5693e-16
1.6147e+14	4.1157e-17	1.616e-16
1.6159e+14	2.7896e-17	1.3889e-16
1.6171e+14	3.454e-18	1.3346e-16
1.6183e+14	2.8138e-17	1.5806e-16
1.6195e+14	3.3652e-17	1.5251e-16
1.6207e+14	4.9818e-18	1.3099e-16
1.6219e+14	1.8809e-17	1.4902e-16
1.6231e+14	3.9954e-17	1.6491e-16
1.6243e+14	1.3156e-17	1.4371e-16
1.6256e+14	9.2026e-18	1.3996e-16
1.6268e+14	3.918e-17	1.5453e-16
1.628e+14	2.3598e-17	1.3638e-16
1.6292e+14	6.3118e-19	1.2067e-16
1.6304e+14	2.8408e-17	1.4469e-16
1.6316e+14	3.4104e-17	1.5471e-16
1.6328e+14	3.8429e-18	1.3617e-16
1.634e+14	1.8072e-17	1.3732e-16
1.6352e+14	4.0836e-17	1.4569e-16
1.6364e+14	1.3388e-17	1.3544e-16
1.6376e+14	6.5909e-18	1.3759e-16
1.6388e+14	3.5355e-17	1.4817e-16
1.64e+14	2.2424e-17	1.3414e-16
1.6412e+14	3.2413e-18	1.2607e-16
1.6424e+14	3.141e-17	1.4266e-16
1.6436e+14	3.4173e-17	1.4113e-16
1.6448e+14	2.4144e-18	1.2908e-16
1.646e+14	1.816e-17	1.4502e-16
1.6472e+14	4.1185e-17	1.5597e-16
1.6484e+14	1.1503e-17	1.4132e-16
1.6496e+14	5.4117e-18	1.4302e-16
1.6508e+14	3.8804e-17	1.5095e-16
1.652e+14	2.6622e-17	1.3106e-16
1.6532e+14	2.0604e-18	1.2619e-16
1.6544e+14	2.7533e-17	1.5365e-16
1.6556e+14	3.3714e-17	1.5521e-16
1.6568e+14	3.6955e-18	1.3588e-16
1.658e+14	1.7024e-17	1.4277e-16
1.6592e+14	3.9917e-17	1.4573e-16
1.6604e+14	1.2216e-17	1.2659e-16
1.6616e+14	4.3981e-18	1.325e-16
1.6628e+14	3.5237e-17	1.4891e-16
1.664e+14	2.5214e-17	1.3254e-16
1.6652e+14	3.0838e-18	1.2578e-16
1.6664e+14	2.6924e-17	1.4722e-16
1.6676e+14	3.2608e-17	1.3891e-16
1.6688e+14	4.9621e-18	1.1646e-16
1.67e+14	1.6909e-17	1.3366e-16
1.6712e+14	3.5231e-17	1.4391e-16
1.6724e+14	8.3701e-18	1.1825e-16
1.6736e+14	5.982e-18	1.2138e-16
1.6748e+14	3.7489e-17	1.4533e-16
1.676e+14	2.303e-17	1.2502e-16
1.6772e+14	-4.2322e-19	1.0261e-16
1.6784e+14	2.6527e-17	1.2577e-16
1.6796e+14	3.3416e-17	1.3564e-16
1.6808e+14	3.6461e-18	1.1779e-16
1.682e+14	1.5418e-17	1.2708e-16
1.6832e+14	3.6823e-17	1.3946e-16
1.6844e+14	1.0847e-17	1.1955e-16
1.6856e+14	5.0325e-18	1.1867e-16
1.6868e+14	3.4039e-17	1.4329e-16
1.688e+14	2.0953e-17	1.3401e-16
1.6892e+14	-9.2372e-19	1.1068e-16
1.6904e+14	2.5902e-17	1.1882e-16
1.6916e+14	3.3106e-17	1.249e-16
1.6928e+14	3.3698e-18	1.1522e-16
1.694e+14	1.3232e-17	1.2301e-16
1.6952e+14	3.4092e-17	1.2778e-16
1.6964e+14	1.0797e-17	1.1084e-16
1.6976e+14	6.3401e-18	1.1505e-16
1.6988e+14	3.3882e-17	1.3512e-16
1.7e+14	2.097e-17	1.2596e-16
1.7012e+14	4.8704e-19	1.1705e-16
1.7024e+14	2.5285e-17	1.3306e-16
1.7036e+14	2.9688e-17	1.2511e-16
1.7048e+14	2.096e-18	9.9058e-17
1.706e+14	1.6065e-17	1.1001e-16
1.7072e+14	3.7257e-17	1.2711e-16
1.7085e+14	1.2491e-17	1.1137e-16
1.7097e+14	8.4017e-18	1.0903e-16
1.7109e+14	3.6107e-17	1.2802e-16
1.7121e+14	2.1439e-17	1.1902e-16
1.7133e+14	4.8583e-20	1.0376e-16
1.7145e+14	2.6038e-17	1.1799e-16
1.7157e+14	3.1325e-17	1.2268e-16
1.7169e+14	3.4354e-18	1.0941e-16
1.7181e+14	1.7118e-17	1.1892e-16
1.7193e+14	3.7208e-17	1.3008e-16
1.7205e+14	9.2318e-18	1.1445e-16
1.7217e+14	2.4589e-18	1.0933e-16
1.7229e+14	3.1471e-17	1.1654e-16
1.7241e+14	2.035e-17	9.9173e-17
1.7253e+14	5.4229e-19	8.8337e-17
1.7265e+14	2.5906e-17	1.11e-16
1.7277e+14	3.0137e-17	1.1661e-16
1.7289e+14	2.8842e-19	9.7802e-17
1.7301e+14	1.1639e-17	1.0363e-16
1.7313e+14	3.2393e-17	1.1686e-16
1.7325e+14	8.3054e-18	1.0649e-16
1.7337e+14	4.4433e-18	1.0724e-16
1.7349e+14	3.3341e-17	1.2025e-16
1.7361e+14	2.0299e-17	1.0538e-16
1.7373e+14	-2.2682e-18	9.2078e-17
1.7385e+14	2.1735e-17	1.1457e-16
1.7397e+14	2.8912e-17	1.2678e-16
1.7409e+14	3.5905e-18	1.1114e-16
1.7421e+14	1.5318e-17	1.1011e-16
1.7433e+14	3.3116e-17	1.1788e-16
1.7445e+14	7.2666e-18	1.0953e-16
1.7457e+14	2.4426e-18	1.0844e-16
1.7469e+14	3.0001e-17	1.1517e-16
1.7481e+14	1.8581e-17	1.0454e-16
1.7493e+14	8.3978e-19	1.0101e-16
1.7505e+14	2.6585e-17	1.1759e-16
1.7517e+14	3.0016e-17	1.1557e-16
1.7529e+14	1.1679e-18	1.0448e-16
1.7541e+14	1.3952e-17	1.2062e-16
1.7553e+14	3.5088e-17	1.2746e-16
1.7565e+14	1.11e-17	1.0253e-16
1.7577e+14	6.0173e-18	9.9536e-17
1.7589e+14	3.2608e-17	1.1996e-16
1.7601e+14	2.0056e-17	1.1103e-16
1.7613e+14	1.4138e-19	9.447e-17
1.7625e+14	2.3392e-17	1.0738e-16
1.7637e+14	2.6947e-17	1.1431e-16
1.7649e+14	5.4688e-19	1.0405e-16
1.7661e+14	1.3434e-17	1.0964e-16
1.7673e+14	3.1532e-17	1.1231e-16
1.7685e+14	6.5537e-18	9.4022e-17
1.7697e+14	3.9678e-18	9.6569e-17
1.7709e+14	3.1571e-17	1.1776e-16
1.7721e+14	1.7187e-17	1.1049e-16
1.7733e+14	-2.7463e-18	9.6705e-17
1.7745e+14	2.3267e-17	1.0858e-16
1.7757e+14	2.7841e-17	1.0741e-16
1.7769e+14	-1.3424e-19	8.5597e-17
1.7781e+14	1.2779e-17	9.0708e-17
1.7793e+14	3.323e-17	1.1222e-16
1.7805e+14	9.0147e-18	1.1161e-16
1.7817e+14	4.6789e-18	1.0678e-16
1.7829e+14	3.1377e-17	1.0959e-16
1.7841e+14	1.8125e-17	1.0009e-16
1.7853e+14	-1.0011e-18	9.3264e-17
1.7865e+14	2.4361e-17	1.0382e-16
1.7877e+14	2.8049e-17	1.0333e-16
1.7889e+14	-3.9137e-19	9.2653e-17
1.7901e+14	1.2054e-17	1.0091e-16
1.7913e+14	3.2023e-17	1.1052e-16
1.7926e+14	7.8378e-18	1.0171e-16
1.7938e+14	4.4859e-18	9.7767e-17
1.795e+14	3.2504e-17	9.9386e-17
1.7962e+14	1.8905e-17	8.9692e-17
1.7974e+14	-2.7012e-18	8.9536e-17
1.7986e+14	2.1184e-17	1.0324e-16
1.7998e+14	2.6605e-17	1.0011e-16
1.801e+14	5.6561e-19	9.2442e-17
1.8022e+14	1.3445e-17	1.0347e-16
1.8034e+14	3.2869e-17	1.03e-16
1.8046e+14	7.7776e-18	8.5395e-17
1.8058e+14	2.2518e-18	8.9359e-17
1.807e+14	2.8754e-17	1.0019e-16
1.8082e+14	1.707e-17	8.7986e-17
1.8094e+14	-1.3583e-18	8.6212e-17
1.8106e+14	2.3149e-17	1.0268e-16
1.8118e+14	2.7372e-17	9.3793e-17
1.813e+14	7.2439e-19	7.7608e-17
1.8142e+14	1.3277e-17	9.3023e-17
1.8154e+14	3.2224e-17	1.018e-16
1.8166e+14	7.623e-18	8.4803e-17
1.8178e+14	3.1575e-18	8.7589e-17
1.819e+14	2.9409e-17	1.0026e-16
1.8202e+14	1.6375e-17	8.4527e-17
1.8214e+14	-2.3872e-18	7.8567e-17
1.8226e+14	2.3363e-17	1.0414e-16
1.8238e+14	2.8618e-17	1.0992e-16
1.825e+14	1.2798e-18	9.5371e-17
1.8262e+14	1.2261e-17	1.0112e-16
1.8274e+14	3.0457e-17	1.0272e-16
1.8286e+14	5.7756e-18	8.4569e-17
1.8298e+14	9.6865e-19	8.8973e-17
1.831e+14	2.764e-17	1.0445e-16
1.8322e+14	1.6887e-17	9.0832e-17
1.8334e+14	1.5655e-19	8.3809e-17
1.8346e+14	2.4996e-17	1.0276e-16
1.8358e+14	2.7639e-17	9.7674e-17
1.837e+14	-4.4128e-19	7.993e-17
1.8382e+14	1.2656e-17	9.8767e-17
1.8394e+14	3.3314e-17	1.1301e-16
1.8406e+14	9.0438e-18	8.8192e-17
1.8418e+14	3.2748e-18	8.2355e-17
1.843e+14	2.9379e-17	1.0511e-16
1.8442e+14	1.7662e-17	9.9863e-17
1.8454e+14	-1.6107e-18	8.4117e-17
1.8466e+14	2.1781e-17	9.6824e-17
1.8478e+14	2.6474e-17	1.0076e-16
1.849e+14	3.382e-19	8.4003e-17
1.8502e+14	1.163e-17	9.09e-17
1.8514e+14	3.0191e-17	1.0875e-16
1.8526e+14	7.2473e-18	1.0004e-16
1.8538e+14	3.1182e-18	8.7323e-17
1.855e+14	2.8391e-17	8.5715e-17
1.8562e+14	1.6406e-17	7.7677e-17
1.8574e+14	-1.1691e-18	7.8777e-17
1.8586e+14	2.2395e-17	9.5509e-17
1.8598e+14	2.5055e-17	9.1912e-17
1.861e+14	-1.7542e-18	7.6587e-17
1.8622e+14	1.082e-17	8.6256e-17
1.8634e+14	3.015e-17	9.5543e-17
1.8646e+14	7.5789e-18	8.3128e-17
1.8658e+14	4.5659e-18	8.4631e-17
1.867e+14	2.9999e-17	9.6892e-17
1.8682e+14	1.6298e-17	8.6791e-17
1.8694e+14	-2.0225e-18	8.3061e-17
1.8706e+14	2.3147e-17	1.0482e-16
1.8718e+14	2.6839e-17	1.0555e-16
1.873e+14	-9.6135e-19	8.3484e-17
1.8742e+14	1.0984e-17	8.4038e-17
1.8755e+14	3.0612e-17	9.1547e-17
1.8767e+14	7.0704e-18	8.0568e-17
1.8779e+14	2.62e-18	8.1835e-17
1.8791e+14	2.8879e-17	9.4491e-17
1.8803e+14	1.6611e-17	8.3579e-17
1.8815e+14	-2.9316e-18	7.2811e-17
1.8827e+14	2.0249e-17	8.7634e-17
1.8839e+14	2.4636e-17	9.2082e-17
1.8851e+14	-9.9829e-19	8.0495e-17
1.8863e+14	1.2086e-17	8.8087e-17
1.8875e+14	3.2044e-17	9.9106e-17
1.8887e+14	8.1172e-18	8.92e-17
1.8899e+14	2.0218e-18	8.4701e-17
1.8911e+14	2.6986e-17	9.045e-17
1.8923e+14	1.5161e-17	8.4053e-17
1.8935e+14	-3.7404e-18	8.2917e-17
1.8947e+14	1.9342e-17	9.4972e-17
1.8959e+14	2.3924e-17	8.7909e-17
1.8971e+14	-1.6905e-18	7.3422e-17
1.8983e+14	1.0204e-17	8.5867e-17
1.8995e+14	2.9307e-17	9.6299e-17
1.9007e+14	6.2863e-18	8.0198e-17
1.9019e+14	1.6434e-18	7.257e-17
1.9031e+14	2.7609e-17	8.0258e-17
1.9043e+14	1.6529e-17	7.8098e-17
1.9055e+14	-2.2078e-18	8.0045e-17
1.9067e+14	2.0742e-17	9.072e-17
1.9079e+14	2.5932e-17	8.1167e-17
1.9091e+14	7.3596e-19	6.9179e-17
1.9103e+14	1.1522e-17	8.4391e-17
1.9115e+14	2.9462e-17	9.1347e-17
1.9127e+14	6.4927e-18	7.4269e-17
1.9139e+14	1.6558e-18	7.5185e-17
1.9151e+14	2.6836e-17	8.7109e-17
1.9163e+14	1.5962e-17	7.5445e-17
1.9175e+14	-2.2108e-18	6.9952e-17
1.9187e+14	1.9894e-17	8.6528e-17
1.9199e+14	2.3851e-17	8.3323e-17
1.9211e+14	-1.305e-18	7.0123e-17
1.9223e+14	1.0163e-17	8.5053e-17
1.9235e+14	2.8533e-17	9.1065e-17
1.9247e+14	5.747e-18	6.4137e-17
1.9259e+14	5.9996e-19	5.9158e-17
1.9271e+14	2.5248e-17	8.3576e-17
1.9283e+14	1.4521e-17	8.5282e-17
1.9295e+14	-3.2408e-18	7.3633e-17
1.9307e+14	1.873e-17	7.9026e-17
1.9319e+14	2.2732e-17	7.8623e-17
1.9331e+14	-1.8769e-18	7.1415e-17
1.9343e+14	9.4983e-18	8.3753e-17
1.9355e+14	2.7373e-17	8.9607e-17
1.9367e+14	5.3168e-18	7.0209e-17
1.9379e+14	1.7652e-18	6.8236e-17
1.9391e+14	2.6992e-17	8.9422e-17
1.9403e+14	1.5677e-17	9.1686e-17
1.9415e+14	-2.3951e-18	8.1763e-17
1.9427e+14	2.0141e-17	8.2495e-17
1.9439e+14	2.4631e-17	7.6121e-17
1.9451e+14	-7.0697e-19	6.4925e-17
1.9463e+14	9.1859e-18	6.9947e-17
1.9475e+14	2.6519e-17	7.1268e-17
1.9487e+14	5.2479e-18	6.058e-17
1.9499e+14	2.5155e-18	6.7666e-17
1.9511e+14	2.7854e-17	8.0581e-17
1.9523e+14	1.6071e-17	7.0727e-17
1.9535e+14	-2.9945e-18	6.6499e-17
1.9547e+14	1.8662e-17	8.0692e-17
1.9559e+14	2.3189e-17	7.5278e-17
1.9571e+14	-1.7051e-18	5.9267e-17
1.9584e+14	8.6455e-18	6.9356e-17
1.9596e+14	2.6984e-17	7.9465e-17
1.9608e+14	6.0007e-18	6.7525e-17
1.962e+14	1.1061e-18	6.6373e-17
1.9632e+14	2.4441e-17	7.5663e-17
1.9644e+14	1.4167e-17	6.8487e-17
1.9656e+14	-2.5873e-18	6.5728e-17
1.9668e+14	1.8352e-17	7.6344e-17
1.968e+14	2.1596e-17	6.8318e-17
1.9692e+14	-1.9709e-18	5.684e-17
1.9704e+14	9.7801e-18	7.2576e-17
1.9716e+14	2.7195e-17	8.0379e-17
1.9728e+14	5.2826e-18	6.364e-17
1.974e+14	9.176e-19	6.4456e-17
1.9752e+14	2.4421e-17	7.4942e-17
1.9764e+14	1.3621e-17	5.9361e-17
1.9776e+14	-2.7726e-18	5.1782e-17
1.9788e+14	1.9128e-17	7.4002e-17
1.98e+14	2.2571e-17	7.8002e-17
1.9812e+14	-1.4294e-18	6.001e-17
1.9824e+14	9.7912e-18	6.2834e-17
1.9836e+14	2.6476e-17	7.1384e-17
1.9848e+14	4.0156e-18	6.2384e-17
1.986e+14	-2.2864e-19	6.2857e-17
1.9872e+14	2.3412e-17	7.1432e-17
1.9884e+14	1.221e-17	6.3235e-17
1.9896e+14	-4.2988e-18	6.0857e-17
1.9908e+14	1.8268e-17	7.1712e-17
1.992e+14	2.2071e-17	6.1063e-17
1.9932e+14	-2.3948e-18	4.7857e-17
1.9944e+14	8.8573e-18	6.8033e-17
1.9956e+14	2.669e-17	7.9889e-17
1.9968e+14	5.108e-18	5.7644e-17
1.998e+14	8.068e-19	5.0877e-17
1.9992e+14	2.4481e-17	6.4641e-17
2.0004e+14	1.343e-17	5.8213e-17
2.0016e+14	-3.7372e-18	5.1226e-17
2.0028e+14	1.8196e-17	6.4944e-17
2.004e+14	2.2603e-17	6.3878e-17
2.0052e+14	-1.3226e-18	5.174e-17
2.0064e+14	8.9863e-18	6.4046e-17
2.0076e+14	2.5716e-17	7.2558e-17
2.0088e+14	4.3035e-18	5.5028e-17
2.01e+14	6.6223e-19	5.3972e-17
2.0112e+14	2.4642e-17	7.0057e-17
2.0124e+14	1.3855e-17	6.222e-17
2.0136e+14	-3.0921e-18	5.2608e-17
2.0148e+14	1.8498e-17	6.6683e-17
2.016e+14	2.2008e-17	6.6484e-17
2.0172e+14	-2.5937e-18	4.9272e-17
2.0184e+14	8.1415e-18	5.5057e-17
2.0196e+14	2.5946e-17	6.5258e-17
2.0208e+14	4.5857e-18	5.3972e-17
2.022e+14	2.1653e-19	5.4679e-17
2.0232e+14	2.4749e-17	6.9824e-17
2.0244e+14	1.4854e-17	6.1543e-17
2.0256e+14	-3.6572e-18	4.9213e-17
2.0268e+14	1.5864e-17	6.1714e-17
2.028e+14	2.0692e-17	6.6511e-17
2.0292e+14	-1.4453e-18	5.3062e-17
2.0304e+14	8.6697e-18	5.4642e-17
2.0316e+14	2.4732e-17	6.22e-17
2.0328e+14	3.637e-18	5.382e-17
2.034e+14	-6.7068e-19	5.1889e-17
2.0352e+14	2.2132e-17	6.114e-17
2.0364e+14	1.1826e-17	5.9117e-17
2.0376e+14	-4.6648e-18	5.7797e-17
2.0388e+14	1.6299e-17	6.514e-17
2.04e+14	2.1008e-17	5.6666e-17
2.0412e+14	-1.0705e-18	4.5176e-17
2.0425e+14	9.4222e-18	5.86e-17
2.0437e+14	2.5357e-17	6.8223e-17
2.0449e+14	4.165e-18	5.6625e-17
2.0461e+14	2.8274e-19	5.8882e-17
2.0473e+14	2.3472e-17	7.055e-17
2.0485e+14	1.3093e-17	5.8648e-17
2.0497e+14	-3.8365e-18	4.8804e-17
2.0509e+14	1.6599e-17	6.3245e-17
2.0521e+14	2.0872e-17	6.6405e-17
2.0533e+14	-1.8761e-18	5.5069e-17
2.0545e+14	7.8289e-18	6.1283e-17
2.0557e+14	2.4028e-17	6.6123e-17
2.0569e+14	4.0863e-18	4.8928e-17
2.0581e+14	5.7061e-19	4.305e-17
2.0593e+14	2.3159e-17	5.6182e-17
2.0605e+14	1.3081e-17	5.8643e-17
2.0617e+14	-2.9746e-18	5.6763e-17
2.0629e+14	1.7129e-17	6.1178e-17
2.0641e+14	2.0707e-17	5.3234e-17
2.0653e+14	-1.5044e-18	4.4566e-17
2.0665e+14	8.7261e-18	5.6182e-17
2.0677e+14	2.3993e-17	5.923e-17
2.0689e+14	2.9188e-18	4.3481e-17
2.0701e+14	-5.9575e-19	4.6279e-17
2.0713e+14	2.2485e-17	6.0201e-17
2.0725e+14	1.2652e-17	5.1439e-17
2.0737e+14	-3.199e-18	4.3469e-17
2.0749e+14	1.7172e-17	5.47e-17
2.0761e+14	2.0701e-17	5.3598e-17
2.0773e+14	-2.1595e-18	4.3128e-17
2.0785e+14	7.3267e-18	5.0929e-17
2.0797e+14	2.2927e-17	5.4992e-17
2.0809e+14	3.2568e-18	4.3881e-17
2.0821e+14	3.2664e-19	5.102e-17
2.0833e+14	2.2245e-17	6.6362e-17
2.0845e+14	1.1239e-17	5.6509e-17
2.0857e+14	-4.3973e-18	4.7659e-17
2.0869e+14	1.6465e-17	5.8114e-17
2.0881e+14	1.9609e-17	5.425e-17
2.0893e+14	-3.661e-18	4.1773e-17
2.0905e+14	6.4585e-18	5.2167e-17
2.0917e+14	2.3116e-17	5.9586e-17
2.0929e+14	3.5686e-18	4.6561e-17
2.0941e+14	-2.7425e-19	4.7511e-17
2.0953e+14	2.1187e-17	5.6525e-17
2.0965e+14	1.1269e-17	4.3083e-17
2.0977e+14	-2.9063e-18	3.6943e-17
2.0989e+14	1.7846e-17	5.5475e-17
2.1001e+14	1.9715e-17	5.6263e-17
2.1013e+14	-3.826e-18	4.148e-17
2.1025e+14	7.1265e-18	4.9991e-17
2.1037e+14	2.3516e-17	5.8479e-17
2.1049e+14	2.424e-18	4.3863e-17
2.1061e+14	-1.607e-18	4.3052e-17
2.1073e+14	2.1354e-17	5.7173e-17
2.1085e+14	1.1437e-17	4.9397e-17
2.1097e+14	-4.8607e-18	3.9717e-17
2.1109e+14	1.5198e-17	5.1542e-17
2.1121e+14	1.8742e-17	5.2028e-17
2.1133e+14	-4.0111e-18	3.9892e-17
2.1145e+14	6.3682e-18	4.9327e-17
2.1157e+14	2.3861e-17	5.9966e-17
2.1169e+14	5.067e-18	4.7691e-17
2.1181e+14	1.0261e-18	4.4749e-17
2.1193e+14	2.2131e-17	5.599e-17
2.1205e+14	1.1727e-17	4.9655e-17
2.1217e+14	-3.8355e-18	4.1502e-17
2.1229e+14	1.6133e-17	5.1703e-17
2.1241e+14	1.9164e-17	5.1404e-17
2.1254e+14	-3.4233e-18	3.9179e-17
2.1266e+14	7.0053e-18	4.5178e-17
2.1278e+14	2.3661e-17	5.2676e-17
2.129e+14	4.0702e-18	4.2617e-17
2.1302e+14	2.9992e-19	4.2624e-17
2.1314e+14	2.2235e-17	5.2695e-17
2.1326e+14	1.1887e-17	4.4883e-17
2.1338e+14	-4.4356e-18	3.7689e-17
2.135e+14	1.5426e-17	4.8399e-17
2.1362e+14	1.9282e-17	4.8054e-17
2.1374e+14	-3.0723e-18	3.7282e-17
2.1386e+14	6.7877e-18	4.4009e-17
2.1398e+14	2.3302e-17	5.0303e-17
2.141e+14	3.6e-18	4.1107e-17
2.1422e+14	-1.0324e-18	4.4194e-17
2.1434e+14	2.0685e-17	5.3603e-17
2.1446e+14	1.1409e-17	4.1342e-17
2.1458e+14	-4.2719e-18	3.3459e-17
2.147e+14	1.5711e-17	4.8685e-17
2.1482e+14	2.0555e-17	5.0867e-17
2.1494e+14	-1.3344e-18	3.8237e-17
2.1506e+14	6.904e-18	4.4274e-17
2.1518e+14	2.2092e-17	5.1978e-17
2.153e+14	3.1044e-18	4.0339e-17
2.1542e+14	-9.9128e-19	3.784e-17
2.1554e+14	2.0128e-17	4.7349e-17
2.1566e+14	1.0914e-17	4.1367e-17
2.1578e+14	-4.3476e-18	3.5565e-17
2.159e+14	1.487e-17	4.5728e-17
2.1602e+14	1.8885e-17	4.4315e-17
2.1614e+14	-2.6336e-18	3.2674e-17
2.1626e+14	6.2083e-18	3.8923e-17
2.1638e+14	2.1926e-17	4.6613e-17
2.165e+14	3.8388e-18	3.9308e-17
2.1662e+14	-1.4568e-19	4.0711e-17
2.1674e+14	1.9834e-17	4.7051e-17
2.1686e+14	1.0026e-17	3.6482e-17
2.1698e+14	-4.9317e-18	3.1935e-17
2.171e+14	1.3916e-17	4.424e-17
2.1722e+14	1.7208e-17	4.0862e-17
2.1734e+14	-3.9841e-18	2.9138e-17
2.1746e+14	5.5834e-18	3.973e-17
2.1758e+14	2.1355e-17	4.7469e-17
2.177e+14	3.1864e-18	3.3592e-17
2.1782e+14	-4.3172e-19	3.2351e-17
2.1794e+14	2.0255e-17	4.3787e-17
2.1806e+14	1.126e-17	3.6762e-17
2.1818e+14	-3.566e-18	3.0736e-17
2.183e+14	1.4463e-17	4.3798e-17
2.1842e+14	1.7597e-17	4.3896e-17
2.1854e+14	-2.4763e-18	3.0507e-17
2.1866e+14	7.1499e-18	3.5835e-17
2.1878e+14	2.1011e-17	4.4434e-17
2.189e+14	1.8019e-18	3.6336e-17
2.1902e+14	-6.7225e-19	3.562e-17
2.1914e+14	2.0609e-17	4.263e-17
2.1926e+14	1.0402e-17	3.5274e-17
2.1938e+14	-4.7394e-18	3.2513e-17
2.195e+14	1.4911e-17	4.4253e-17
2.1962e+14	1.8437e-17	3.9625e-17
2.1974e+14	-3.7481e-18	2.6746e-17
2.1986e+14	4.9802e-18	3.7381e-17
2.1998e+14	2.1207e-17	4.7077e-17
2.201e+14	3.9078e-18	3.4318e-17
2.2022e+14	2.5446e-19	3.1381e-17
2.2034e+14	2.0328e-17	4.1827e-17
2.2046e+14	1.0884e-17	3.6378e-17
2.2058e+14	-4.4441e-18	2.9448e-17
2.207e+14	1.3258e-17	3.7312e-17
2.2082e+14	1.6684e-17	3.519e-17
2.2095e+14	-3.4122e-18	2.6362e-17
2.2107e+14	5.7419e-18	3.5845e-17
2.2119e+14	2.0398e-17	4.2262e-17
2.2131e+14	2.5908e-18	3.0103e-17
2.2143e+14	-5.0389e-19	2.9468e-17
2.2155e+14	1.9431e-17	3.9276e-17
2.2167e+14	9.9376e-18	3.2984e-17
2.2179e+14	-4.4987e-18	2.9455e-17
2.2191e+14	1.3757e-17	4.1692e-17
2.2203e+14	1.7019e-17	3.8824e-17
2.2215e+14	-3.1225e-18	2.5045e-17
2.2227e+14	5.6464e-18	3.1353e-17
2.2239e+14	1.9412e-17	3.8795e-17
2.2251e+14	1.7924e-18	2.9059e-17
2.2263e+14	-8.5309e-20	2.9422e-17
2.2275e+14	1.9859e-17	3.9099e-17
2.2287e+14	9.2773e-18	3.2879e-17
2.2299e+14	-4.9946e-18	2.9307e-17
2.2311e+14	1.4374e-17	4.0635e-17
2.2323e+14	1.7457e-17	3.7253e-17
2.2335e+14	-3.5506e-18	2.4706e-17
2.2347e+14	5.7702e-18	3.2101e-17
2.2359e+14	2.0458e-17	3.8365e-17
2.2371e+14	1.9047e-18	2.7773e-17
2.2383e+14	-1.3487e-18	3.0498e-17
2.2395e+14	1.9495e-17	4.1812e-17
2.2407e+14	1.085e-17	3.1536e-17
2.2419e+14	-3.4553e-18	2.25e-17
2.2431e+14	1.4509e-17	3.4444e-17
2.2443e+14	1.7347e-17	3.5656e-17
2.2455e+14	-2.943e-18	2.4776e-17
2.2467e+14	6.4572e-18	3.1635e-17
2.2479e+14	2.0844e-17	3.9132e-17
2.2491e+14	2.3184e-18	2.8877e-17
2.2503e+14	-1.1446e-18	2.8127e-17
2.2515e+14	1.9051e-17	3.7003e-17
2.2527e+14	1.0006e-17	2.9524e-17
2.2539e+14	-4.41e-18	2.4519e-17
2.2551e+14	1.3492e-17	3.7102e-17
2.2563e+14	1.6678e-17	3.6425e-17
2.2575e+14	-3.0633e-18	2.3324e-17
2.2587e+14	6.1832e-18	2.8873e-17
2.2599e+14	1.9929e-17	3.6904e-17
2.2611e+14	1.3269e-18	2.7486e-17
2.2623e+14	-1.7143e-18	2.5816e-17
2.2635e+14	1.858e-17	3.4401e-17
2.2647e+14	9.4152e-18	2.9296e-17
2.2659e+14	-4.6458e-18	2.5179e-17
2.2671e+14	1.3833e-17	3.4977e-17
2.2683e+14	1.6772e-17	3.3116e-17
2.2695e+14	-3.9713e-18	2.2119e-17
2.2707e+14	5.1667e-18	2.7383e-17
2.2719e+14	2.0278e-17	3.2828e-17
2.2731e+14	2.5724e-18	2.5061e-17
2.2743e+14	-1.3168e-18	2.7547e-17
2.2755e+14	1.7984e-17	3.5294e-17
2.2767e+14	8.9004e-18	2.6379e-17
2.2779e+14	-5.1887e-18	2.213e-17
2.2791e+14	1.2711e-17	3.32e-17
2.2803e+14	1.5816e-17	3.0052e-17
2.2815e+14	-4.1286e-18	1.9238e-17
2.2827e+14	4.9976e-18	2.7555e-17
2.2839e+14	1.9468e-17	3.2067e-17
2.2851e+14	1.6065e-18	1.8774e-17
2.2863e+14	-2.05e-18	1.9921e-17
2.2875e+14	1.7485e-17	3.1874e-17
2.2887e+14	8.9078e-18	2.4786e-17
2.2899e+14	-4.4157e-18	1.9001e-17
2.2911e+14	1.4149e-17	3.1189e-17
2.2924e+14	1.7561e-17	3.1052e-17
2.2936e+14	-2.7945e-18	2.0325e-17
2.2948e+14	5.4244e-18	2.7896e-17
2.296e+14	1.9551e-17	3.436e-17
2.2972e+14	2.045e-18	2.2479e-17
2.2984e+14	-1.4623e-18	2.1969e-17
2.2996e+14	1.8088e-17	3.2875e-17
2.3008e+14	9.7486e-18	2.6855e-17
2.302e+14	-4.0931e-18	2.0799e-17
2.3032e+14	1.2999e-17	3.113e-17
2.3044e+14	1.5876e-17	3.0681e-17
2.3056e+14	-3.3332e-18	2.0543e-17
2.3068e+14	5.957e-18	2.7321e-17
2.308e+14	1.9929e-17	3.3317e-17
2.3092e+14	1.7837e-18	2.3006e-17
2.3104e+14	-1.9558e-18	2.3512e-17
2.3116e+14	1.793e-17	3.2861e-17
2.3128e+14	9.8993e-18	2.4858e-17
2.314e+14	-4.4745e-18	1.8571e-17
2.3152e+14	1.1819e-17	2.9746e-17
2.3164e+14	1.4956e-17	2.9712e-17
2.3176e+14	-3.6337e-18	1.8897e-17
2.3188e+14	5.2181e-18	2.432e-17
2.32e+14	1.8902e-17	2.9586e-17
2.3212e+14	2.0446e-18	1.9594e-17
2.3224e+14	-7.947e-19	2.0323e-17
2.3236e+14	1.7788e-17	2.9796e-17
2.3248e+14	8.4751e-18	2.3494e-17
2.326e+14	-4.8422e-18	1.9748e-17
2.3272e+14	1.3155e-17	3.0811e-17
2.3284e+14	1.6224e-17	2.7945e-17
2.3296e+14	-3.4287e-18	1.6177e-17
2.3308e+14	5.2604e-18	2.3937e-17
2.332e+14	1.9398e-17	3.0231e-17
2.3332e+14	2.2586e-18	1.8039e-17
2.3344e+14	-1.2077e-18	1.7894e-17
2.3356e+14	1.7747e-17	2.9564e-17
2.3368e+14	9.225e-18	2.3822e-17
2.338e+14	-4.5075e-18	1.8078e-17
2.3392e+14	1.2491e-17	2.9836e-17
2.3404e+14	1.5731e-17	3.0131e-17
2.3416e+14	-3.267e-18	1.7935e-17
2.3428e+14	4.9653e-18	2.2841e-17
2.344e+14	1.8417e-17	3.0255e-17
2.3452e+14	1.729e-18	2.1244e-17
2.3464e+14	-1.14e-18	2.0533e-17
2.3476e+14	1.752e-17	3.0454e-17
2.3488e+14	8.719e-18	2.5537e-17
2.35e+14	-4.6966e-18	1.8983e-17
2.3512e+14	1.2434e-17	2.6612e-17
2.3524e+14	1.5379e-17	2.5761e-17
2.3536e+14	-3.7632e-18	1.6459e-17
2.3548e+14	4.5747e-18	2.1871e-17
2.356e+14	1.8073e-17	2.7084e-17
2.3572e+14	1.2425e-18	1.789e-17
2.3584e+14	-1.8845e-18	1.7509e-17
2.3596e+14	1.6687e-17	2.5573e-17
2.3608e+14	8.0569e-18	2.0461e-17
2.362e+14	-5.3199e-18	1.6988e-17
2.3632e+14	1.173e-17	2.6152e-17
2.3644e+14	1.5067e-17	2.4624e-17
2.3656e+14	-3.4158e-18	1.6348e-17
2.3668e+14	4.9772e-18	2.2965e-17
2.368e+14	1.8065e-17	2.671e-17
2.3692e+14	1.2526e-18	1.7391e-17
2.3704e+14	-1.3382e-18	2.0281e-17
2.3716e+14	1.7624e-17	2.8744e-17
2.3728e+14	8.8087e-18	1.9026e-17
2.374e+14	-5.1472e-18	1.3003e-17
2.3753e+14	1.1548e-17	2.4169e-17
2.3765e+14	1.4972e-17	2.3377e-17
2.3777e+14	-3.4732e-18	1.3179e-17
2.3789e+14	4.9438e-18	1.9902e-17
2.3801e+14	1.8596e-17	2.5595e-17
2.3813e+14	2.1402e-18	1.5644e-17
2.3825e+14	-1.3573e-18	1.6251e-17
2.3837e+14	1.6752e-17	2.5372e-17
2.3849e+14	8.7604e-18	1.9003e-17
2.3861e+14	-4.1932e-18	1.4749e-17
2.3873e+14	1.1819e-17	2.472e-17
2.3885e+14	1.4315e-17	2.2545e-17
2.3897e+14	-3.5835e-18	1.3069e-17
2.3909e+14	5.4516e-18	2.1076e-17
2.3921e+14	1.8263e-17	2.5809e-17
2.3933e+14	9.0809e-19	1.3603e-17
2.3945e+14	-1.8969e-18	1.3984e-17
2.3957e+14	1.7334e-17	2.4346e-17
2.3969e+14	8.9404e-18	1.7553e-17
2.3981e+14	-5.1949e-18	1.2418e-17
2.3993e+14	1.1138e-17	2.4044e-17
2.4005e+14	1.5046e-17	2.3629e-17
2.4017e+14	-3.0232e-18	1.2899e-17
2.4029e+14	4.4553e-18	1.9997e-17
2.4041e+14	1.7283e-17	2.6944e-17
2.4053e+14	1.2572e-18	1.5899e-17
2.4065e+14	-2.0293e-18	1.4346e-17
2.4077e+14	1.5576e-17	2.4473e-17
2.4089e+14	7.8628e-18	2.0031e-17
2.4101e+14	-4.1296e-18	1.4537e-17
2.4113e+14	1.2189e-17	2.324e-17
2.4125e+14	1.4437e-17	2.2488e-17
2.4137e+14	-3.9147e-18	1.2654e-17
2.4149e+14	4.4001e-18	1.7428e-17
2.4161e+14	1.7324e-17	2.1975e-17
2.4173e+14	1.2514e-18	1.3116e-17
2.4185e+14	-1.2686e-18	1.4677e-17
2.4197e+14	1.6602e-17	2.405e-17
2.4209e+14	7.7612e-18	1.7592e-17
2.4221e+14	-5.137e-18	1.2311e-17
2.4233e+14	1.1767e-17	2.1785e-17
2.4245e+14	1.4931e-17	2.078e-17
2.4257e+14	-3.2748e-18	1.1298e-17
2.4269e+14	5.1754e-18	1.7503e-17
2.4281e+14	1.8555e-17	2.272e-17
2.4293e+14	2.1102e-18	1.3143e-17
2.4305e+14	-1.4294e-18	1.3766e-17
2.4317e+14	1.6593e-17	2.2884e-17
2.4329e+14	8.7915e-18	1.6975e-17
2.4341e+14	-4.3325e-18	1.2668e-17
2.4353e+14	1.1392e-17	2.2684e-17
2.4365e+14	1.4464e-17	2.1295e-17
2.4377e+14	-3.1802e-18	1.1133e-17
2.4389e+14	4.9937e-18	1.7095e-17
2.4401e+14	1.811e-17	2.2124e-17
2.4413e+14	2.36e-18	1.1959e-17
2.4425e+14	-8.0376e-19	1.2623e-17
2.4437e+14	1.6549e-17	2.3227e-17
2.4449e+14	8.1934e-18	1.8348e-17
2.4461e+14	-4.8277e-18	1.2613e-17
2.4473e+14	1.1071e-17	2.0637e-17
2.4485e+14	1.4072e-17	1.9424e-17
2.4497e+14	-4.0423e-18	1.0281e-17
2.4509e+14	3.4537e-18	1.6042e-17
2.4521e+14	1.665e-17	2.1248e-17
2.4533e+14	1.8018e-18	1.262e-17
2.4545e+14	-8.7899e-19	1.34e-17
2.4557e+14	1.641e-17	2.1981e-17
2.4569e+14	8.2143e-18	1.6361e-17
2.4581e+14	-4.9794e-18	1.191e-17
2.4594e+14	1.0122e-17	2.0263e-17
2.4606e+14	1.3281e-17	1.8267e-17
2.4618e+14	-3.4118e-18	9.5041e-18
2.463e+14	4.7076e-18	1.6073e-17
2.4642e+14	1.7179e-17	2.0835e-17
2.4654e+14	1.814e-18	1.1823e-17
2.4666e+14	-8.6481e-19	1.3125e-17
2.4678e+14	1.6275e-17	2.1286e-17
2.469e+14	8.2084e-18	1.427e-17
2.4702e+14	-4.3917e-18	1.0023e-17
2.4714e+14	1.0876e-17	2.0304e-17
2.4726e+14	1.3754e-17	1.9413e-17
2.4738e+14	-2.9559e-18	1.0159e-17
2.475e+14	5.0655e-18	1.5885e-17
2.4762e+14	1.6934e-17	2.0096e-17
2.4774e+14	1.1277e-18	1.0941e-17
2.4786e+14	-1.6154e-18	1.2637e-17
2.4798e+14	1.5227e-17	2.112e-17
2.481e+14	7.0029e-18	1.3796e-17
2.4822e+14	-4.6833e-18	9.2141e-18
2.4834e+14	1.1797e-17	1.9494e-17
2.4846e+14	1.4464e-17	1.8241e-17
2.4858e+14	-3.5868e-18	8.4496e-18
2.487e+14	4.1371e-18	1.4789e-17
2.4882e+14	1.7304e-17	2.0521e-17
2.4894e+14	2.3417e-18	1.1813e-17
2.4906e+14	-1.0275e-18	1.2558e-17
2.4918e+14	1.5526e-17	2.0782e-17
2.493e+14	8.206e-18	1.47e-17
2.4942e+14	-3.4333e-18	1.079e-17
2.4954e+14	1.1562e-17	1.9892e-17
2.4966e+14	1.3708e-17	1.7569e-17
2.4978e+14	-3.1723e-18	8.4433e-18
2.499e+14	4.8197e-18	1.5324e-17
2.5002e+14	1.6686e-17	1.9749e-17
2.5014e+14	1.3093e-18	9.9379e-18
2.5026e+14	-1.0765e-18	1.1743e-17
2.5038e+14	1.5777e-17	2.1052e-17
2.505e+14	7.879e-18	1.4076e-17
2.5062e+14	-3.5925e-18	9.5353e-18
2.5074e+14	1.1983e-17	2.0139e-17
2.5086e+14	1.3682e-17	1.897e-17
2.5098e+14	-3.8864e-18	8.7354e-18
2.511e+14	4.6948e-18	1.4559e-17
2.5122e+14	1.7463e-17	1.9618e-17
2.5134e+14	1.6808e-18	1.0049e-17
2.5146e+14	-1.4724e-18	1.0532e-17
2.5158e+14	1.5717e-17	1.8973e-17
2.517e+14	8.1167e-18	1.2545e-17
2.5182e+14	-4.35e-18	8.1629e-18
2.5194e+14	1.0639e-17	1.7599e-17
2.5206e+14	1.3653e-17	1.5483e-17
2.5218e+14	-2.6554e-18	5.9445e-18
2.523e+14	5.2738e-18	1.3461e-17
2.5242e+14	1.7015e-17	1.9548e-17
2.5254e+14	1.4575e-18	9.8449e-18
2.5266e+14	-1.2595e-18	1.0192e-17
2.5278e+14	1.5621e-17	1.9209e-17
2.529e+14	7.8042e-18	1.3087e-17
2.5302e+14	-4.3219e-18	8.1813e-18
2.5314e+14	1.0951e-17	1.739e-17
2.5326e+14	1.3971e-17	1.576e-17
2.5338e+14	-2.4376e-18	6.2322e-18
2.535e+14	5.2287e-18	1.3098e-17
2.5362e+14	1.6758e-17	1.9009e-17
2.5374e+14	1.4281e-18	9.5627e-18
2.5386e+14	-8.3057e-19	9.7686e-18
2.5398e+14	1.6235e-17	1.8633e-17
2.541e+14	8.2138e-18	1.2743e-17
2.5423e+14	-4.3415e-18	7.6739e-18
2.5435e+14	1.0515e-17	1.6479e-17
2.5447e+14	1.3315e-17	1.5693e-17
2.5459e+14	-3.1243e-18	7.9054e-18
2.5471e+14	4.7221e-18	1.5008e-17
2.5483e+14	1.6584e-17	1.9194e-17
2.5495e+14	1.1767e-18	8.4609e-18
2.5507e+14	-1.8092e-18	9.1396e-18
2.5519e+14	1.4889e-17	1.8655e-17
2.5531e+14	7.6644e-18	1.2398e-17
2.5543e+14	-3.801e-18	7.2877e-18
2.5555e+14	1.131e-17	1.7165e-17
2.5567e+14	1.3711e-17	1.6512e-17
2.5579e+14	-3.0724e-18	6.7766e-18
2.5591e+14	4.7209e-18	1.256e-17
2.5603e+14	1.6712e-17	1.8197e-17
2.5615e+14	1.4462e-18	9.3587e-18
2.5627e+14	-1.3871e-18	9.774e-18
2.5639e+14	1.5421e-17	1.807e-17
2.5651e+14	7.7272e-18	1.1395e-17
2.5663e+14	-4.7261e-18	6.1233e-18
2.5675e+14	1.0315e-17	1.5735e-17
2.5687e+14	1.3889e-17	1.54e-17
2.5699e+14	-2.4688e-18	6.073e-18
2.5711e+14	4.4147e-18	1.1417e-17
2.5723e+14	1.6171e-17	1.6434e-17
2.5735e+14	1.5994e-18	7.6298e-18
2.5747e+14	-1.3915e-18	8.3872e-18
2.5759e+14	1.5119e-17	1.7264e-17
2.5771e+14	8.7039e-18	1.1589e-17
2.5783e+14	-2.7407e-18	6.7923e-18
2.5795e+14	1.0976e-17	1.5734e-17
2.5807e+14	1.3122e-17	1.4745e-17
2.5819e+14	-2.6495e-18	5.5959e-18
2.5831e+14	4.9842e-18	1.1154e-17
2.5843e+14	1.6397e-17	1.6121e-17
2.5855e+14	1.9951e-18	7.7175e-18
2.5867e+14	-3.1981e-19	9.0264e-18
2.5879e+14	1.5382e-17	1.7566e-17
2.5891e+14	7.3137e-18	1.1075e-17
2.5903e+14	-4.1651e-18	6.2177e-18
2.5915e+14	1.078e-17	1.5633e-17
2.5927e+14	1.3231e-17	1.4713e-17
2.5939e+14	-3.1033e-18	5.7165e-18
2.5951e+14	4.5805e-18	1.2248e-17
2.5963e+14	1.6403e-17	1.7717e-17
2.5975e+14	1.6737e-18	8.0932e-18
2.5987e+14	-1.0415e-18	8.1954e-18
2.5999e+14	1.5421e-17	1.7325e-17
2.6011e+14	8.4123e-18	1.1444e-17
2.6023e+14	-3.3761e-18	5.5758e-18
2.6035e+14	1.0435e-17	1.4491e-17
2.6047e+14	1.265e-17	1.4753e-17
2.6059e+14	-3.1614e-18	5.7595e-18
2.6071e+14	4.535e-18	1.0306e-17
2.6083e+14	1.5993e-17	1.5322e-17
2.6095e+14	1.3793e-18	7.4856e-18
2.6107e+14	-1.0954e-18	8.1794e-18
2.6119e+14	1.4905e-17	1.6506e-17
2.6131e+14	7.0938e-18	1.1295e-17
2.6143e+14	-4.724e-18	6.499e-18
2.6155e+14	1.0029e-17	1.4001e-17
2.6167e+14	1.306e-17	1.235e-17
2.6179e+14	-2.8659e-18	4.2496e-18
2.6191e+14	4.492e-18	1.0764e-17
2.6203e+14	1.6167e-17	1.5833e-17
2.6215e+14	1.7372e-18	7.1124e-18
2.6227e+14	-9.9433e-19	7.5995e-18
2.6239e+14	1.5144e-17	1.5392e-17
2.6252e+14	7.9391e-18	8.9509e-18
2.6264e+14	-3.8874e-18	3.9832e-18
2.6276e+14	1.0312e-17	1.2782e-17
2.6288e+14	1.311e-17	1.2283e-17
2.63e+14	-2.9838e-18	4.6351e-18
2.6312e+14	4.1227e-18	1.151e-17
2.6324e+14	1.6211e-17	1.6472e-17
2.6336e+14	2.2825e-18	6.8903e-18
2.6348e+14	-1.0685e-18	7.2528e-18
2.636e+14	1.44e-17	1.6517e-17
2.6372e+14	7.7866e-18	1.1311e-17
2.6384e+14	-3.4695e-18	5.882e-18
2.6396e+14	1.0393e-17	1.3838e-17
2.6408e+14	1.3234e-17	1.3148e-17
2.642e+14	-2.4851e-18	4.7241e-18
2.6432e+14	4.0122e-18	9.8955e-18
2.6444e+14	1.5515e-17	1.4114e-17
2.6456e+14	2.3502e-18	5.4168e-18
2.6468e+14	-3.7959e-19	6.5649e-18
2.648e+14	1.4685e-17	1.547e-17
2.6492e+14	8.2025e-18	9.6605e-18
2.6504e+14	-2.6159e-18	4.411e-18
2.6516e+14	1.0212e-17	1.3399e-17
2.6528e+14	1.194e-17	1.3888e-17
2.654e+14	-2.7227e-18	5.8798e-18
2.6552e+14	5.0838e-18	1.0712e-17
2.6564e+14	1.5722e-17	1.4671e-17
2.6576e+14	1.4047e-18	5.8339e-18
2.6588e+14	-6.5212e-19	6.4383e-18
2.66e+14	1.5203e-17	1.4984e-17
2.6612e+14	8.0743e-18	9.7676e-18
2.6624e+14	-3.1759e-18	5.1539e-18
2.6636e+14	1.0644e-17	1.355e-17
2.6648e+14	1.316e-17	1.2707e-17
2.666e+14	-2.2882e-18	4.1731e-18
2.6672e+14	4.3111e-18	9.941e-18
2.6684e+14	1.4927e-17	1.5259e-17
2.6696e+14	1.5061e-18	6.4808e-18
2.6708e+14	-1.5765e-19	5.8235e-18
2.672e+14	1.5049e-17	1.3673e-17
2.6732e+14	7.0768e-18	8.8445e-18
2.6744e+14	-4.3198e-18	4.2007e-18
2.6756e+14	9.8164e-18	1.2309e-17
2.6768e+14	1.2451e-17	1.2578e-17
2.678e+14	-2.8135e-18	5.4456e-18
2.6792e+14	4.6211e-18	1.0494e-17
2.6804e+14	1.5938e-17	1.4246e-17
2.6816e+14	1.873e-18	5.7261e-18
2.6828e+14	-9.1056e-19	6.1877e-18
2.684e+14	1.4573e-17	1.4016e-17
2.6852e+14	7.8853e-18	8.9411e-18
2.6864e+14	-2.9998e-18	4.7946e-18
2.6876e+14	1.0858e-17	1.2806e-17
2.6888e+14	1.334e-17	1.2e-17
2.69e+14	-2.278e-18	4.434e-18
2.6912e+14	4.3631e-18	1.0052e-17
2.6924e+14	1.529e-17	1.4219e-17
2.6936e+14	1.3257e-18	5.8085e-18
2.6948e+14	-1.4965e-18	6.5563e-18
2.696e+14	1.4111e-17	1.4476e-17
2.6972e+14	7.7997e-18	9.1156e-18
2.6984e+14	-3.368e-18	4.9855e-18
2.6996e+14	9.9038e-18	1.3383e-17
2.7008e+14	1.2797e-17	1.253e-17
2.702e+14	-2.0975e-18	4.4253e-18
2.7032e+14	4.3765e-18	9.813e-18
2.7044e+14	1.5327e-17	1.4185e-17
2.7056e+14	2.2992e-18	5.7615e-18
2.7068e+14	-3.6261e-19	6.212e-18
2.708e+14	1.4146e-17	1.4091e-17
2.7093e+14	7.3606e-18	8.8206e-18
2.7105e+14	-3.3491e-18	4.3661e-18
2.7117e+14	9.7923e-18	1.2399e-17
2.7129e+14	1.2103e-17	1.1811e-17
2.7141e+14	-2.661e-18	4.0653e-18
2.7153e+14	4.2311e-18	9.2306e-18
2.7165e+14	1.5052e-17	1.3536e-17
2.7177e+14	1.7811e-18	5.785e-18
2.7189e+14	-7.4469e-19	6.5584e-18
2.7201e+14	1.3931e-17	1.3724e-17
2.7213e+14	7.0078e-18	7.8663e-18
2.7225e+14	-3.921e-18	3.7117e-18
2.7237e+14	9.471e-18	1.2098e-17
2.7249e+14	1.2627e-17	1.1479e-17
2.7261e+14	-1.5417e-18	3.8063e-18
2.7273e+14	5.07e-18	8.9499e-18
2.7285e+14	1.5487e-17	1.2665e-17
2.7297e+14	2.3276e-18	4.4691e-18
2.7309e+14	-2.346e-19	5.7015e-18
2.7321e+14	1.4025e-17	1.3607e-17
2.7333e+14	7.1366e-18	8.0444e-18
2.7345e+14	-3.4212e-18	3.8976e-18
2.7357e+14	9.622e-18	1.1967e-17
2.7369e+14	1.1888e-17	1.0527e-17
2.7381e+14	-2.5819e-18	2.4205e-18
2.7393e+14	4.4252e-18	8.3131e-18
2.7405e+14	1.5147e-17	1.2949e-17
2.7417e+14	1.8317e-18	4.6711e-18
2.7429e+14	-1.0338e-18	5.4765e-18
2.7441e+14	1.3282e-17	1.3482e-17
2.7453e+14	6.936e-18	8.0052e-18
2.7465e+14	-2.9853e-18	3.5138e-18
2.7477e+14	1.0414e-17	1.1341e-17
2.7489e+14	1.2598e-17	9.8153e-18
2.7501e+14	-2.4582e-18	1.5091e-18
2.7513e+14	4.0016e-18	7.6984e-18
2.7525e+14	1.4976e-17	1.328e-17
2.7537e+14	2.1707e-18	5.2594e-18
2.7549e+14	-9.0932e-19	5.1514e-18
2.7561e+14	1.3201e-17	1.2448e-17
2.7573e+14	7.4772e-18	7.1291e-18
2.7585e+14	-2.361e-18	2.9997e-18
2.7597e+14	9.8485e-18	1.1493e-17
2.7609e+14	1.1629e-17	1.1198e-17
2.7621e+14	-2.1108e-18	3.3785e-18
2.7633e+14	5.169e-18	8.3724e-18
2.7645e+14	1.5446e-17	1.2492e-17
2.7657e+14	2.1846e-18	4.2913e-18
2.7669e+14	-5.505e-19	4.8762e-18
2.7681e+14	1.342e-17	1.269e-17
2.7693e+14	7.2338e-18	7.3409e-18
2.7705e+14	-2.2238e-18	2.7298e-18
2.7717e+14	1.062e-17	1.0743e-17
2.7729e+14	1.2055e-17	1.0375e-17
2.7741e+14	-2.5635e-18	2.6625e-18
2.7753e+14	4.3683e-18	7.8404e-18
2.7765e+14	1.4827e-17	1.2595e-17
2.7777e+14	1.8859e-18	5.0124e-18
2.7789e+14	-4.3534e-19	5.1956e-18
2.7801e+14	1.3754e-17	1.2155e-17
2.7813e+14	7.1612e-18	6.8719e-18
2.7825e+14	-2.9011e-18	2.8828e-18
2.7837e+14	1.0088e-17	1.0875e-17
2.7849e+14	1.2357e-17	1.0132e-17
2.7861e+14	-1.7989e-18	2.4853e-18
2.7873e+14	4.7996e-18	7.7346e-18
2.7885e+14	1.4739e-17	1.2023e-17
2.7897e+14	1.6269e-18	4.0382e-18
2.7909e+14	-4.7439e-19	4.5966e-18
2.7922e+14	1.4042e-17	1.2418e-17
2.7934e+14	7.2282e-18	7.6562e-18
2.7946e+14	-3.6516e-18	3.5141e-18
2.7958e+14	9.194e-18	1.1164e-17
2.797e+14	1.2458e-17	1.0419e-17
2.7982e+14	-1.2172e-18	2.8508e-18
2.7994e+14	4.6776e-18	7.8788e-18
2.8006e+14	1.4569e-17	1.2086e-17
2.8018e+14	2.5306e-18	4.5546e-18
2.803e+14	5.023e-19	5.3968e-18
2.8042e+14	1.3885e-17	1.264e-17
2.8054e+14	7.058e-18	7.1057e-18
2.8066e+14	-2.7728e-18	3.0046e-18
2.8078e+14	9.7317e-18	1.1252e-17
2.809e+14	1.1474e-17	1.0689e-17
2.8102e+14	-2.3583e-18	2.8147e-18
2.8114e+14	4.8125e-18	7.7285e-18
2.8126e+14	1.5169e-17	1.1961e-17
2.8138e+14	2.3248e-18	4.0289e-18
2.815e+14	-1.7679e-19	4.5562e-18
2.8162e+14	1.3724e-17	1.2511e-17
2.8174e+14	7.4191e-18	7.9641e-18
2.8186e+14	-2.5192e-18	3.7074e-18
2.8198e+14	9.933e-18	1.1169e-17
2.821e+14	1.2257e-17	1.044e-17
2.8222e+14	-1.1536e-18	2.5744e-18
2.8234e+14	5.3695e-18	7.0883e-18
2.8246e+14	1.4773e-17	1.1503e-17
2.8258e+14	2.0219e-18	4.5183e-18
2.827e+14	2.8172e-19	5.1173e-18
2.8282e+14	1.4196e-17	1.194e-17
2.8294e+14	7.27e-18	6.6962e-18
2.8306e+14	-2.65e-18	2.6268e-18
2.8318e+14	1.0276e-17	1.0168e-17
2.833e+14	1.222e-17	9.4636e-18
2.8342e+14	-1.9983e-18	2.185e-18
2.8354e+14	4.89e-18	7.3157e-18
2.8366e+14	1.523e-17	1.1755e-17
2.8378e+14	2.0883e-18	4.5472e-18
2.839e+14	-5.9536e-19	4.9179e-18
2.8402e+14	1.3932e-17	1.1479e-17
2.8414e+14	8.2469e-18	6.4149e-18
2.8426e+14	-1.9129e-18	3.0764e-18
2.8438e+14	1.0207e-17	1.0974e-17
2.845e+14	1.2311e-17	9.8103e-18
2.8462e+14	-1.854e-18	1.9535e-18
2.8474e+14	4.4322e-18	6.7385e-18
2.8486e+14	1.5052e-17	1.0826e-17
2.8498e+14	2.7845e-18	3.6011e-18
2.851e+14	-3.236e-19	4.6107e-18
2.8522e+14	1.3274e-17	1.1578e-17
2.8534e+14	7.8782e-18	5.9141e-18
2.8546e+14	-1.9612e-18	1.8527e-18
2.8558e+14	9.4856e-18	9.9855e-18
2.857e+14	1.1643e-17	9.5977e-18
2.8582e+14	-1.3552e-18	2.2314e-18
2.8594e+14	5.2151e-18	7.2119e-18
2.8606e+14	1.5321e-17	1.1225e-17
2.8618e+14	3.4223e-18	3.5022e-18
2.863e+14	7.6523e-19	4.2208e-18
2.8642e+14	1.35e-17	1.1767e-17
2.8654e+14	7.2638e-18	6.773e-18
2.8666e+14	-1.9985e-18	2.4211e-18
2.8678e+14	1.0351e-17	9.7757e-18
2.869e+14	1.2555e-17	9.0676e-18
2.8702e+14	-1.0221e-18	1.7933e-18
2.8714e+14	4.6859e-18	6.9798e-18
2.8726e+14	1.4e-17	1.1309e-17
2.8738e+14	2.0784e-18	3.6906e-18
2.8751e+14	1.332e-19	4.0908e-18
2.8763e+14	1.3529e-17	1.1426e-17
2.8775e+14	7.563e-18	6.6612e-18
2.8787e+14	-1.8016e-18	2.6311e-18
2.8799e+14	1.0037e-17	1.0229e-17
2.8811e+14	1.1753e-17	9.6591e-18
2.8823e+14	-1.6963e-18	2.1423e-18
2.8835e+14	4.5651e-18	6.9743e-18
2.8847e+14	1.4327e-17	1.1457e-17
2.8859e+14	2.623e-18	4.0584e-18
2.8871e+14	6.3366e-19	4.027e-18
2.8883e+14	1.3678e-17	1.0856e-17
2.8895e+14	7.3609e-18	6.0391e-18
2.8907e+14	-2.0728e-18	1.7415e-18
2.8919e+14	9.7926e-18	8.8519e-18
2.8931e+14	1.1476e-17	8.4913e-18
2.8943e+14	-1.828e-18	1.4187e-18
2.8955e+14	4.8442e-18	5.8587e-18
2.8967e+14	1.4796e-17	9.9503e-18
2.8979e+14	2.6444e-18	3.269e-18
2.8991e+14	1.1701e-19	4.0422e-18
2.9003e+14	1.3413e-17	1.075e-17
2.9015e+14	7.7623e-18	5.7521e-18
2.9027e+14	-1.6841e-18	1.7608e-18
2.9039e+14	9.8422e-18	8.9199e-18
2.9051e+14	1.1981e-17	8.333e-18
2.9063e+14	-7.2741e-19	1.4707e-18
2.9075e+14	5.4085e-18	6.2957e-18
2.9087e+14	1.4628e-17	1.0387e-17
2.9099e+14	2.9212e-18	3.5987e-18
2.9111e+14	8.5602e-19	4.268e-18
2.9123e+14	1.3239e-17	1.0566e-17
2.9135e+14	6.6141e-18	5.3534e-18
2.9147e+14	-2.3864e-18	1.8741e-18
2.9159e+14	9.9361e-18	9.3362e-18
2.9171e+14	1.192e-17	8.0935e-18
2.9183e+14	-1.2915e-18	8.2103e-19
2.9195e+14	4.6401e-18	6.2949e-18
2.9207e+14	1.3536e-17	1.0569e-17
2.9219e+14	1.5598e-18	2.6094e-18
2.9231e+14	1.1093e-19	2.6635e-18
2.9243e+14	1.3606e-17	1.0119e-17
2.9255e+14	7.3617e-18	5.9243e-18
2.9267e+14	-2.0423e-18	1.9646e-18
2.9279e+14	9.909e-18	9.0988e-18
2.9291e+14	1.1796e-17	8.7356e-18
2.9303e+14	-1.1942e-18	1.9026e-18
2.9315e+14	5.5223e-18	6.5202e-18
2.9327e+14	1.5169e-17	1.0216e-17
2.9339e+14	2.8926e-18	2.7885e-18
2.9351e+14	5.0737e-19	3.3563e-18
2.9363e+14	1.3525e-17	1.0606e-17
2.9375e+14	7.08e-18	5.9449e-18
2.9387e+14	-2.6467e-18	1.5976e-18
2.9399e+14	9.4807e-18	8.4898e-18
2.9411e+14	1.1857e-17	8.0465e-18
2.9423e+14	-1.5092e-18	1.0659e-18
2.9435e+14	4.4938e-18	5.5948e-18
2.9447e+14	1.4474e-17	9.7635e-18
2.9459e+14	2.7078e-18	2.8943e-18
2.9471e+14	-2.0294e-19	3.1352e-18
2.9483e+14	1.2622e-17	9.73e-18
2.9495e+14	7.2631e-18	5.2522e-18
2.9507e+14	-1.8985e-18	1.4365e-18
2.9519e+14	9.5552e-18	8.2842e-18
2.9531e+14	1.1822e-17	7.818e-18
2.9543e+14	-8.8098e-19	1.3883e-18
2.9555e+14	4.8205e-18	6.1501e-18
2.9567e+14	1.3844e-17	9.8333e-18
2.9579e+14	2.2469e-18	2.8367e-18
2.9592e+14	3.6328e-19	3.7485e-18
2.9604e+14	1.3671e-17	1.0751e-17
2.9616e+14	8.2261e-18	5.8234e-18
2.9628e+14	-1.0996e-18	1.5047e-18
2.964e+14	9.9394e-18	8.4274e-18
2.9652e+14	1.1612e-17	8.0767e-18
2.9664e+14	-1.2698e-18	1.302e-18
2.9676e+14	4.8919e-18	5.7507e-18
2.9688e+14	1.4658e-17	9.5359e-18
2.97e+14	3.4867e-18	2.4626e-18
2.9712e+14	1.1658e-18	2.8148e-18
2.9724e+14	1.3257e-17	9.562e-18
2.9736e+14	6.8173e-18	5.0978e-18
2.9748e+14	-2.2235e-18	1.2817e-18
2.976e+14	1.0108e-17	8.341e-18
2.9772e+14	1.2526e-17	8.0468e-18
2.9784e+14	-8.584e-19	1.2945e-18
2.9796e+14	4.7655e-18	5.7284e-18
2.9808e+14	1.4647e-17	9.7552e-18
2.982e+14	3.0758e-18	2.9218e-18
2.9832e+14	-9.9542e-20	2.9961e-18
2.9844e+14	1.2762e-17	9.4346e-18
2.9856e+14	8.2838e-18	5.1466e-18
2.9868e+14	-8.1149e-19	1.2622e-18
2.988e+14	9.4739e-18	7.7275e-18
2.9892e+14	1.1233e-17	7.4326e-18
2.9904e+14	-1.0601e-18	1.4133e-18
2.9916e+14	4.8412e-18	5.9372e-18
2.9928e+14	1.4187e-17	9.3009e-18
2.994e+14	3.0246e-18	2.3717e-18
2.9952e+14	5.8462e-19	2.9532e-18
2.9964e+14	1.3054e-17	9.4743e-18
2.9976e+14	7.6728e-18	5.0358e-18
2.9988e+14	-1.646e-18	1.5557e-18
3e+14	9.1431e-18	8.5531e-18
