#Error on normalization	O = 4.636 %	H = 1.035 %
#Frequence (s-1)	S_O (s)	S_H (s)
0	-1.3071e-15	9.347e-18
2.1322e+11	4.406e-16	1.514e-16
4.2644e+11	1.0718e-15	1.9677e-16
6.3966e+11	-1.0941e-15	1.1305e-17
8.5288e+11	-3.2946e-16	7.5906e-17
1.0661e+12	1.4013e-15	2.2992e-16
1.2793e+12	-4.6243e-16	8.4966e-17
1.4925e+12	-9.5682e-16	3.4959e-17
1.7058e+12	1.3912e-15	2.1878e-16
1.919e+12	4.7944e-16	1.6544e-16
2.1322e+12	-1.1943e-15	4.5756e-17
2.3454e+12	1.105e-15	2.0679e-16
2.5586e+12	1.4252e-15	2.2458e-16
2.7719e+12	-1.2496e-15	4.4658e-17
2.9851e+12	6.4515e-16	1.8108e-16
3.1983e+12	3.0628e-15	3.2177e-16
3.4115e+12	-2.0734e-16	9.5099e-17
3.6247e+12	1.9348e-16	1.5656e-16
3.838e+12	6.4493e-15	5.4747e-16
4.0512e+12	7.0272e-15	4.8934e-16
4.2644e+12	1.126e-14	6.2561e-16
4.4776e+12	3.6651e-14	1.9488e-15
4.6908e+12	6.0345e-14	3.0988e-15
4.9041e+12	4.8082e-14	2.4346e-15
5.1173e+12	1.6131e-14	9.8544e-16
5.3305e+12	2.1313e-15	3.7449e-16
5.5437e+12	5.3421e-15	4.0092e-16
5.7569e+12	6.5543e-15	4.3212e-16
5.9701e+12	6.4657e-15	5.2295e-16
6.1834e+12	9.1802e-15	6.0502e-16
6.3966e+12	8.2209e-15	5.2897e-16
6.6098e+12	5.4902e-15	5.097e-16
6.823e+12	9.8522e-15	6.3759e-16
7.0362e+12	1.6607e-14	7.5569e-16
7.2495e+12	1.4804e-14	7.852e-16
7.4627e+12	6.8128e-15	6.5104e-16
7.6759e+12	2.5125e-15	4.4214e-16
7.8891e+12	3.4121e-15	4.5744e-16
8.1023e+12	4.2304e-15	5.8488e-16
8.3156e+12	3.6307e-15	5.1828e-16
8.5288e+12	4.4318e-15	5.0649e-16
8.742e+12	6.1391e-15	7.0552e-16
8.9552e+12	6.4651e-15	7.3391e-16
9.1684e+12	7.9832e-15	7.1421e-16
9.3817e+12	1.2274e-14	1.0455e-15
9.5949e+12	1.3952e-14	1.2591e-15
9.8081e+12	1.3455e-14	1.1622e-15
1.0021e+13	2.1411e-14	1.7049e-15
1.0235e+13	3.7033e-14	2.8574e-15
1.0448e+13	4.4428e-14	3.1714e-15
1.0661e+13	4.0154e-14	2.5338e-15
1.0874e+13	3.7257e-14	2.2462e-15
1.1087e+13	4.0636e-14	2.4805e-15
1.1301e+13	4.7346e-14	2.6806e-15
1.1514e+13	6.2121e-14	3.2256e-15
1.1727e+13	8.4154e-14	4.2856e-15
1.194e+13	9.4552e-14	4.8771e-15
1.2154e+13	8.1157e-14	4.4241e-15
1.2367e+13	5.9109e-14	3.5463e-15
1.258e+13	5.0119e-14	3.0435e-15
1.2793e+13	5.4654e-14	3.1387e-15
1.3006e+13	5.6033e-14	3.3314e-15
1.322e+13	4.6913e-14	3.0131e-15
1.3433e+13	4.0531e-14	2.5882e-15
1.3646e+13	4.7788e-14	2.8262e-15
1.3859e+13	5.6077e-14	3.2409e-15
1.4072e+13	5.0062e-14	2.9894e-15
1.4286e+13	3.7635e-14	2.4968e-15
1.4499e+13	3.1967e-14	2.351e-15
1.4712e+13	2.8765e-14	2.1941e-15
1.4925e+13	2.1847e-14	1.8761e-15
1.5139e+13	1.6624e-14	1.771e-15
1.5352e+13	1.6291e-14	1.8147e-15
1.5565e+13	1.8195e-14	1.8671e-15
1.5778e+13	2.2499e-14	2.1134e-15
1.5991e+13	2.6273e-14	2.2968e-15
1.6205e+13	2.3247e-14	2.0968e-15
1.6418e+13	1.8235e-14	1.9872e-15
1.6631e+13	2.0052e-14	2.2249e-15
1.6844e+13	2.3732e-14	2.3039e-15
1.7058e+13	2.2697e-14	2.263e-15
1.7271e+13	2.3212e-14	2.6284e-15
1.7484e+13	2.8926e-14	3.1373e-15
1.7697e+13	3.3065e-14	3.3051e-15
1.791e+13	3.3141e-14	3.2936e-15
1.8124e+13	3.1246e-14	3.1905e-15
1.8337e+13	2.5914e-14	2.9072e-15
1.855e+13	2.0493e-14	2.7913e-15
1.8763e+13	2.2444e-14	2.981e-15
1.8977e+13	2.6923e-14	3.0532e-15
1.919e+13	2.3675e-14	2.9486e-15
1.9403e+13	1.6955e-14	2.914e-15
1.9616e+13	1.6879e-14	2.8807e-15
1.9829e+13	2.2069e-14	2.9553e-15
2.0043e+13	2.5697e-14	3.3168e-15
2.0256e+13	2.5328e-14	3.4728e-15
2.0469e+13	2.297e-14	3.2127e-15
2.0682e+13	2.5528e-14	3.2975e-15
2.0896e+13	3.7478e-14	3.916e-15
2.1109e+13	4.9726e-14	4.3612e-15
2.1322e+13	5.0619e-14	4.5482e-15
2.1535e+13	4.2866e-14	4.667e-15
2.1748e+13	3.4662e-14	4.359e-15
2.1962e+13	2.7984e-14	3.9548e-15
2.2175e+13	2.5219e-14	4.34e-15
2.2388e+13	2.8145e-14	4.9965e-15
2.2601e+13	2.9869e-14	4.9042e-15
2.2814e+13	2.607e-14	4.5836e-15
2.3028e+13	2.3538e-14	4.7875e-15
2.3241e+13	2.4876e-14	5.0835e-15
2.3454e+13	2.439e-14	5.1926e-15
2.3667e+13	2.3004e-14	5.4488e-15
2.3881e+13	2.4335e-14	5.7865e-15
2.4094e+13	2.3273e-14	5.9753e-15
2.4307e+13	1.8788e-14	5.9867e-15
2.452e+13	1.9955e-14	5.8425e-15
2.4733e+13	2.6021e-14	6.194e-15
2.4947e+13	2.6152e-14	7.5582e-15
2.516e+13	2.2386e-14	8.6839e-15
2.5373e+13	2.4297e-14	8.5601e-15
2.5586e+13	2.8009e-14	8.5996e-15
2.58e+13	2.6915e-14	9.5563e-15
2.6013e+13	2.672e-14	9.9213e-15
2.6226e+13	2.966e-14	9.7498e-15
2.6439e+13	2.7942e-14	1.0617e-14
2.6652e+13	2.5033e-14	1.1551e-14
2.6866e+13	3.3845e-14	1.1212e-14
2.7079e+13	4.8877e-14	1.1401e-14
2.7292e+13	5.16e-14	1.2926e-14
2.7505e+13	4.2537e-14	1.3494e-14
2.7719e+13	3.8476e-14	1.3112e-14
2.7932e+13	4.4121e-14	1.4239e-14
2.8145e+13	5.1265e-14	1.6007e-14
2.8358e+13	5.5218e-14	1.5782e-14
2.8571e+13	5.4787e-14	1.4475e-14
2.8785e+13	5.1019e-14	1.4663e-14
2.8998e+13	5.2747e-14	1.6868e-14
2.9211e+13	6.3392e-14	1.9859e-14
2.9424e+13	6.7626e-14	2.1309e-14
2.9638e+13	5.6325e-14	1.9977e-14
2.9851e+13	4.7691e-14	1.8776e-14
3.0064e+13	5.5309e-14	2.0674e-14
3.0277e+13	6.245e-14	2.3337e-14
3.049e+13	5.5492e-14	2.4316e-14
3.0704e+13	4.7974e-14	2.5876e-14
3.0917e+13	4.9599e-14	2.87e-14
3.113e+13	5.0231e-14	2.9388e-14
3.1343e+13	4.6483e-14	2.7764e-14
3.1557e+13	4.5629e-14	2.73e-14
3.177e+13	4.3983e-14	2.8715e-14
3.1983e+13	3.5345e-14	3.1004e-14
3.2196e+13	2.78e-14	3.4198e-14
3.2409e+13	2.7063e-14	3.6696e-14
3.2623e+13	2.5592e-14	3.6895e-14
3.2836e+13	2.1605e-14	3.673e-14
3.3049e+13	2.1899e-14	3.6684e-14
3.3262e+13	2.4475e-14	3.4013e-14
3.3475e+13	2.3554e-14	3.0714e-14
3.3689e+13	2.2189e-14	3.1628e-14
3.3902e+13	2.1625e-14	3.3601e-14
3.4115e+13	1.6292e-14	3.0581e-14
3.4328e+13	8.8149e-15	2.6085e-14
3.4542e+13	8.302e-15	2.6781e-14
3.4755e+13	1.285e-14	3.0531e-14
3.4968e+13	1.3636e-14	3.1341e-14
3.5181e+13	1.0407e-14	2.7998e-14
3.5394e+13	8.1897e-15	2.2731e-14
3.5608e+13	7.8915e-15	1.8892e-14
3.5821e+13	8.1947e-15	1.9359e-14
3.6034e+13	8.3744e-15	2.2398e-14
3.6247e+13	7.6864e-15	2.3797e-14
3.6461e+13	6.7535e-15	2.3491e-14
3.6674e+13	6.6734e-15	2.3403e-14
3.6887e+13	6.4563e-15	2.2884e-14
3.71e+13	5.549e-15	2.2008e-14
3.7313e+13	5.3924e-15	2.2189e-14
3.7527e+13	5.846e-15	2.1871e-14
3.774e+13	5.5067e-15	2.0035e-14
3.7953e+13	5.0238e-15	1.9803e-14
3.8166e+13	5.0218e-15	2.0957e-14
3.838e+13	4.4118e-15	1.8823e-14
3.8593e+13	3.5485e-15	1.5309e-14
3.8806e+13	3.7685e-15	1.6846e-14
3.9019e+13	4.2573e-15	2.0873e-14
3.9232e+13	4.1376e-15	2.0312e-14
3.9446e+13	4.2106e-15	1.7335e-14
3.9659e+13	4.2194e-15	1.7606e-14
3.9872e+13	3.4297e-15	1.8991e-14
4.0085e+13	3.082e-15	1.8164e-14
4.0299e+13	3.646e-15	1.79e-14
4.0512e+13	3.4923e-15	1.952e-14
4.0725e+13	2.7678e-15	1.9169e-14
4.0938e+13	3.02e-15	1.6066e-14
4.1151e+13	3.4785e-15	1.4505e-14
4.1365e+13	3.0882e-15	1.6049e-14
4.1578e+13	2.9519e-15	1.7672e-14
4.1791e+13	3.3054e-15	1.7764e-14
4.2004e+13	2.9989e-15	1.787e-14
4.2217e+13	2.5474e-15	1.8386e-14
4.2431e+13	2.7705e-15	1.7642e-14
4.2644e+13	2.6848e-15	1.635e-14
4.2857e+13	2.1424e-15	1.7682e-14
4.307e+13	2.3759e-15	2.079e-14
4.3284e+13	2.9201e-15	2.0801e-14
4.3497e+13	2.6036e-15	1.7642e-14
4.371e+13	2.1923e-15	1.6461e-14
4.3923e+13	2.426e-15	1.7888e-14
4.4136e+13	2.4727e-15	1.8012e-14
4.435e+13	2.1419e-15	1.7318e-14
4.4563e+13	2.1785e-15	1.8768e-14
4.4776e+13	2.423e-15	2.047e-14
4.4989e+13	2.359e-15	2.0008e-14
4.5203e+13	2.159e-15	1.9704e-14
4.5416e+13	1.9802e-15	2.0662e-14
4.5629e+13	1.8497e-15	2.0294e-14
4.5842e+13	1.9787e-15	1.8952e-14
4.6055e+13	2.182e-15	1.9743e-14
4.6269e+13	2.1324e-15	2.2205e-14
4.6482e+13	2.077e-15	2.3669e-14
4.6695e+13	2.1288e-15	2.3459e-14
4.6908e+13	1.9976e-15	2.2252e-14
4.7122e+13	1.8714e-15	2.2094e-14
4.7335e+13	1.9809e-15	2.4991e-14
4.7548e+13	1.91e-15	2.7353e-14
4.7761e+13	1.6029e-15	2.4024e-14
4.7974e+13	1.577e-15	1.9442e-14
4.8188e+13	1.7741e-15	2.1268e-14
4.8401e+13	1.8578e-15	2.5279e-14
4.8614e+13	1.9312e-15	2.3346e-14
4.8827e+13	1.9017e-15	1.9547e-14
4.9041e+13	1.6126e-15	2.1034e-14
4.9254e+13	1.521e-15	2.3857e-14
4.9467e+13	1.7275e-15	2.2765e-14
4.968e+13	1.6516e-15	2.1276e-14
4.9893e+13	1.4559e-15	2.2043e-14
5.0107e+13	1.6736e-15	2.2122e-14
5.032e+13	1.8316e-15	2.1437e-14
5.0533e+13	1.5589e-15	2.1941e-14
5.0746e+13	1.4517e-15	2.1337e-14
5.0959e+13	1.5835e-15	1.9116e-14
5.1173e+13	1.4654e-15	2.0195e-14
5.1386e+13	1.375e-15	2.4595e-14
5.1599e+13	1.5565e-15	2.5657e-14
5.1812e+13	1.5454e-15	2.2521e-14
5.2026e+13	1.4371e-15	2.0999e-14
5.2239e+13	1.6095e-15	2.1815e-14
5.2452e+13	1.5793e-15	2.0715e-14
5.2665e+13	1.2395e-15	1.8004e-14
5.2878e+13	1.3269e-15	1.7339e-14
5.3092e+13	1.5756e-15	1.8376e-14
5.3305e+13	1.2364e-15	1.829e-14
5.3518e+13	9.4471e-16	1.7203e-14
5.3731e+13	1.2596e-15	1.7024e-14
5.3945e+13	1.3751e-15	1.7569e-14
5.4158e+13	1.1245e-15	1.7302e-14
5.4371e+13	1.2641e-15	1.6409e-14
5.4584e+13	1.4999e-15	1.6151e-14
5.4797e+13	1.2607e-15	1.5882e-14
5.5011e+13	1.102e-15	1.4222e-14
5.5224e+13	1.2594e-15	1.2696e-14
5.5437e+13	1.195e-15	1.3683e-14
5.565e+13	1.0995e-15	1.5591e-14
5.5864e+13	1.3066e-15	1.5339e-14
5.6077e+13	1.3095e-15	1.3858e-14
5.629e+13	1.091e-15	1.3724e-14
5.6503e+13	1.2228e-15	1.4202e-14
5.6716e+13	1.3513e-15	1.3371e-14
5.693e+13	1.0423e-15	1.1763e-14
5.7143e+13	9.2434e-16	1.0808e-14
5.7356e+13	1.1948e-15	1.0776e-14
5.7569e+13	1.203e-15	1.125e-14
5.7783e+13	1.0282e-15	1.1528e-14
5.7996e+13	1.0952e-15	1.1244e-14
5.8209e+13	1.086e-15	1.0856e-14
5.8422e+13	9.0906e-16	1.0245e-14
5.8635e+13	9.6188e-16	8.9513e-15
5.8849e+13	1.0296e-15	8.4593e-15
5.9062e+13	8.4037e-16	9.928e-15
5.9275e+13	8.0616e-16	1.0792e-14
5.9488e+13	9.7991e-16	9.3341e-15
5.9701e+13	9.9486e-16	8.7589e-15
5.9915e+13	1.0383e-15	1.0724e-14
6.0128e+13	1.1723e-15	1.1479e-14
6.0341e+13	9.6499e-16	9.4749e-15
6.0554e+13	7.0616e-16	8.26e-15
6.0768e+13	9.24e-16	8.9039e-15
6.0981e+13	1.0865e-15	8.7214e-15
6.1194e+13	8.2446e-16	7.7183e-15
6.1407e+13	7.6669e-16	7.9654e-15
6.162e+13	9.4879e-16	8.8034e-15
6.1834e+13	8.1837e-16	8.7408e-15
6.2047e+13	6.9644e-16	8.2761e-15
6.226e+13	9.017e-16	7.8112e-15
6.2473e+13	8.8234e-16	7.0227e-15
6.2687e+13	6.3203e-16	6.4431e-15
6.29e+13	6.9907e-16	6.3835e-15
6.3113e+13	7.9274e-16	6.291e-15
6.3326e+13	6.1446e-16	6.4276e-15
6.3539e+13	6.6641e-16	7.1187e-15
6.3753e+13	8.7303e-16	7.2818e-15
6.3966e+13	6.7699e-16	6.548e-15
6.4179e+13	4.8064e-16	6.2762e-15
6.4392e+13	6.9855e-16	6.9355e-15
6.4606e+13	7.803e-16	7.5908e-15
6.4819e+13	6.2608e-16	7.7109e-15
6.5032e+13	7.1639e-16	7.1146e-15
6.5245e+13	7.64e-16	6.008e-15
6.5458e+13	5.0387e-16	5.6654e-15
6.5672e+13	4.9932e-16	6.379e-15
6.5885e+13	7.3861e-16	6.4377e-15
6.6098e+13	6.4154e-16	5.548e-15
6.6311e+13	5.0362e-16	5.4411e-15
6.6525e+13	6.7003e-16	5.9413e-15
6.6738e+13	6.3385e-16	5.5122e-15
6.6951e+13	4.1356e-16	4.9784e-15
6.7164e+13	5.6512e-16	5.5875e-15
6.7377e+13	7.2987e-16	6.0158e-15
6.7591e+13	5.0889e-16	5.3064e-15
6.7804e+13	4.628e-16	4.8076e-15
6.8017e+13	6.753e-16	5.0745e-15
6.823e+13	5.7784e-16	5.198e-15
6.8443e+13	4.393e-16	5.2673e-15
6.8657e+13	6.4995e-16	5.7403e-15
6.887e+13	6.8216e-16	5.8813e-15
6.9083e+13	4.2563e-16	5.2286e-15
6.9296e+13	4.546e-16	4.4814e-15
6.951e+13	5.891e-16	4.2114e-15
6.9723e+13	4.4943e-16	4.4956e-15
6.9936e+13	4.512e-16	5.1143e-15
7.0149e+13	6.5256e-16	5.3269e-15
7.0362e+13	5.4469e-16	4.8255e-15
7.0576e+13	3.6444e-16	4.3742e-15
7.0789e+13	5.0205e-16	4.3599e-15
7.1002e+13	5.3994e-16	4.3835e-15
7.1215e+13	3.7778e-16	4.5435e-15
7.1429e+13	4.6948e-16	4.9588e-15
7.1642e+13	5.993e-16	4.9278e-15
7.1855e+13	4.3423e-16	4.3649e-15
7.2068e+13	3.9245e-16	4.1485e-15
7.2281e+13	5.6291e-16	4.2867e-15
7.2495e+13	5.1075e-16	4.1752e-15
7.2708e+13	4.1819e-16	4.1312e-15
7.2921e+13	5.4085e-16	4.4441e-15
7.3134e+13	4.9111e-16	4.5315e-15
7.3348e+13	3.0725e-16	4.3502e-15
7.3561e+13	4.3779e-16	4.4303e-15
7.3774e+13	5.6128e-16	4.4474e-15
7.3987e+13	3.5249e-16	3.9916e-15
7.42e+13	3.1209e-16	3.7439e-15
7.4414e+13	5.1586e-16	4.1816e-15
7.4627e+13	4.5948e-16	4.6386e-15
7.484e+13	3.4396e-16	4.5344e-15
7.5053e+13	4.9337e-16	4.1436e-15
7.5267e+13	4.9903e-16	3.9787e-15
7.548e+13	3.2266e-16	4.1556e-15
7.5693e+13	4.2438e-16	4.2762e-15
7.5906e+13	5.5427e-16	4.0715e-15
7.6119e+13	3.7429e-16	3.9692e-15
7.6333e+13	3.1616e-16	4.186e-15
7.6546e+13	4.6835e-16	4.1398e-15
7.6759e+13	3.9208e-16	3.7669e-15
7.6972e+13	2.8744e-16	3.7499e-15
7.7186e+13	4.3621e-16	3.948e-15
7.7399e+13	4.3118e-16	3.8083e-15
7.7612e+13	2.576e-16	3.784e-15
7.7825e+13	3.72e-16	4.1361e-15
7.8038e+13	5.1041e-16	4.0626e-15
7.8252e+13	3.3555e-16	3.5731e-15
7.8465e+13	2.8892e-16	3.6487e-15
7.8678e+13	4.5879e-16	4.1578e-15
7.8891e+13	3.8654e-16	4.3193e-15
7.9104e+13	2.6428e-16	4.2526e-15
7.9318e+13	4.0696e-16	4.1012e-15
7.9531e+13	4.2743e-16	3.7066e-15
7.9744e+13	2.6572e-16	3.6736e-15
7.9957e+13	3.3966e-16	4.211e-15
8.0171e+13	4.3106e-16	4.188e-15
8.0384e+13	2.6923e-16	3.5405e-15
8.0597e+13	2.8444e-16	3.7106e-15
8.081e+13	4.9318e-16	4.5269e-15
8.1023e+13	3.9978e-16	4.4832e-15
8.1237e+13	2.3847e-16	3.8652e-15
8.145e+13	3.7507e-16	3.8223e-15
8.1663e+13	4.0064e-16	4.0159e-15
8.1876e+13	2.2386e-16	4.0111e-15
8.209e+13	3.0968e-16	4.2886e-15
8.2303e+13	4.6166e-16	4.5504e-15
8.2516e+13	3.1461e-16	4.0762e-15
8.2729e+13	2.5796e-16	3.5344e-15
8.2942e+13	4.2316e-16	3.7621e-15
8.3156e+13	3.7336e-16	4.1306e-15
8.3369e+13	2.508e-16	3.9556e-15
8.3582e+13	3.8423e-16	3.6897e-15
8.3795e+13	4.1977e-16	3.8124e-15
8.4009e+13	2.4296e-16	4.0874e-15
8.4222e+13	2.8038e-16	4.1595e-15
8.4435e+13	4.1559e-16	4.1091e-15
8.4648e+13	3.2127e-16	4.3173e-15
8.4861e+13	2.8559e-16	4.7065e-15
8.5075e+13	4.1426e-16	4.6002e-15
8.5288e+13	3.6113e-16	3.9687e-15
8.5501e+13	2.5329e-16	3.6591e-15
8.5714e+13	3.4041e-16	3.784e-15
8.5928e+13	3.3542e-16	3.6843e-15
8.6141e+13	2.1222e-16	3.5426e-15
8.6354e+13	3.1058e-16	3.9494e-15
8.6567e+13	4.1985e-16	4.5396e-15
8.678e+13	2.8296e-16	4.7338e-15
8.6994e+13	2.6001e-16	4.5955e-15
8.7207e+13	4.0911e-16	4.3433e-15
8.742e+13	3.5491e-16	4.3602e-15
8.7633e+13	2.7358e-16	4.9831e-15
8.7846e+13	4.2106e-16	5.508e-15
8.806e+13	4.477e-16	5.182e-15
8.8273e+13	2.9547e-16	4.7165e-15
8.8486e+13	3.3239e-16	4.6565e-15
8.8699e+13	3.9083e-16	4.289e-15
8.8913e+13	2.4489e-16	3.8097e-15
8.9126e+13	2.5428e-16	4.1969e-15
8.9339e+13	4.3524e-16	4.7111e-15
8.9552e+13	3.7623e-16	4.4438e-15
8.9765e+13	2.6722e-16	4.5015e-15
8.9979e+13	3.9017e-16	5.1607e-15
9.0192e+13	3.9445e-16	4.8089e-15
9.0405e+13	2.3377e-16	3.8585e-15
9.0618e+13	3.0837e-16	4.3374e-15
9.0832e+13	4.2356e-16	5.4213e-15
9.1045e+13	2.761e-16	5.0621e-15
9.1258e+13	2.3051e-16	4.1571e-15
9.1471e+13	3.8907e-16	4.272e-15
9.1684e+13	3.4981e-16	4.6326e-15
9.1898e+13	2.3649e-16	4.4774e-15
9.2111e+13	3.4601e-16	4.5083e-15
9.2324e+13	3.9629e-16	4.9564e-15
9.2537e+13	3.0562e-16	5.4078e-15
9.2751e+13	3.9413e-16	5.8491e-15
9.2964e+13	4.9899e-16	6.134e-15
9.3177e+13	3.7378e-16	5.9121e-15
9.339e+13	3.1992e-16	5.2686e-15
9.3603e+13	3.904e-16	4.5534e-15
9.3817e+13	3.071e-16	4.5639e-15
9.403e+13	3.0356e-16	6.0111e-15
9.4243e+13	5.3948e-16	7.4801e-15
9.4456e+13	5.3887e-16	6.9584e-15
9.467e+13	2.9016e-16	5.7507e-15
9.4883e+13	3.1878e-16	6.0681e-15
9.5096e+13	4.6378e-16	6.5268e-15
9.5309e+13	3.5848e-16	5.6527e-15
9.5522e+13	3.3418e-16	5.4141e-15
9.5736e+13	4.9136e-16	6.4133e-15
9.5949e+13	4.1131e-16	6.331e-15
9.6162e+13	2.5267e-16	5.5616e-15
9.6375e+13	3.6316e-16	6.2052e-15
9.6588e+13	3.9363e-16	6.6302e-15
9.6802e+13	2.1888e-16	5.3063e-15
9.7015e+13	3.0384e-16	5.101e-15
9.7228e+13	5.2899e-16	6.9219e-15
9.7441e+13	4.288e-16	7.0288e-15
9.7655e+13	2.6668e-16	4.8787e-15
9.7868e+13	3.4394e-16	4.203e-15
9.8081e+13	3.519e-16	5.2668e-15
9.8294e+13	2.3821e-16	5.2692e-15
9.8507e+13	2.7963e-16	4.5869e-15
9.8721e+13	3.4418e-16	5.1237e-15
9.8934e+13	2.9103e-16	6.017e-15
9.9147e+13	3.1947e-16	5.7693e-15
9.936e+13	3.6528e-16	4.8823e-15
9.9574e+13	2.6003e-16	4.4953e-15
9.9787e+13	2.3423e-16	5.0631e-15
1e+14	3.3925e-16	6.0634e-15
1.0021e+14	2.8778e-16	6.3056e-15
1.0043e+14	1.9934e-16	5.7124e-15
1.0064e+14	3.1341e-16	5.3663e-15
1.0085e+14	3.6775e-16	5.1413e-15
1.0107e+14	2.4361e-16	4.3773e-15
1.0128e+14	2.4009e-16	4.097e-15
1.0149e+14	3.1617e-16	4.9313e-15
1.0171e+14	2.514e-16	5.3524e-15
1.0192e+14	2.2598e-16	4.7361e-15
1.0213e+14	3.0461e-16	4.3106e-15
1.0235e+14	2.4838e-16	4.2e-15
1.0256e+14	1.689e-16	3.8377e-15
1.0277e+14	2.6456e-16	3.927e-15
1.0299e+14	2.9488e-16	4.5045e-15
1.032e+14	1.8306e-16	4.3954e-15
1.0341e+14	2.066e-16	4.106e-15
1.0362e+14	2.9523e-16	4.7542e-15
1.0384e+14	2.3794e-16	5.0879e-15
1.0405e+14	2.0852e-16	4.0715e-15
1.0426e+14	2.6085e-16	3.2619e-15
1.0448e+14	1.887e-16	3.3851e-15
1.0469e+14	1.1818e-16	3.1855e-15
1.049e+14	2.1434e-16	2.8036e-15
1.0512e+14	2.4083e-16	3.2573e-15
1.0533e+14	1.4999e-16	3.6401e-15
1.0554e+14	1.8087e-16	3.0829e-15
1.0576e+14	2.267e-16	2.719e-15
1.0597e+14	1.432e-16	3.1293e-15
1.0618e+14	1.6033e-16	3.3987e-15
1.064e+14	2.6591e-16	3.2805e-15
1.0661e+14	1.8703e-16	3.0785e-15
1.0682e+14	8.8964e-17	2.6005e-15
1.0704e+14	1.8204e-16	2.2042e-15
1.0725e+14	2.0746e-16	2.532e-15
1.0746e+14	1.0833e-16	2.9269e-15
1.0768e+14	1.5835e-16	2.6887e-15
1.0789e+14	2.4203e-16	2.5338e-15
1.081e+14	1.5349e-16	2.7895e-15
1.0832e+14	1.1747e-16	2.6293e-15
1.0853e+14	1.9728e-16	2.1086e-15
1.0874e+14	1.5665e-16	2.1616e-15
1.0896e+14	1.0132e-16	2.6517e-15
1.0917e+14	1.8858e-16	2.7376e-15
1.0938e+14	1.8757e-16	2.3162e-15
1.0959e+14	7.7779e-17	1.784e-15
1.0981e+14	1.1812e-16	1.4781e-15
1.1002e+14	1.8381e-16	1.5587e-15
1.1023e+14	9.5156e-17	1.6794e-15
1.1045e+14	7.8603e-17	1.4648e-15
1.1066e+14	1.6552e-16	1.3345e-15
1.1087e+14	1.1947e-16	1.6783e-15
1.1109e+14	7.5434e-17	1.9609e-15
1.113e+14	1.8349e-16	1.7753e-15
1.1151e+14	1.81e-16	1.5401e-15
1.1173e+14	5.7863e-17	1.5315e-15
1.1194e+14	1.0771e-16	1.5747e-15
1.1215e+14	1.9442e-16	1.6481e-15
1.1237e+14	1.0155e-16	1.7534e-15
1.1258e+14	6.7801e-17	1.7397e-15
1.1279e+14	1.5999e-16	1.6656e-15
1.1301e+14	1.2191e-16	1.6048e-15
1.1322e+14	5.2028e-17	1.4012e-15
1.1343e+14	1.3404e-16	1.1513e-15
1.1365e+14	1.5293e-16	1.1225e-15
1.1386e+14	6.0981e-17	1.1683e-15
1.1407e+14	9.7069e-17	1.15e-15
1.1429e+14	1.5943e-16	1.2989e-15
1.145e+14	8.3707e-17	1.5015e-15
1.1471e+14	7.8793e-17	1.3844e-15
1.1493e+14	1.6767e-16	1.1985e-15
1.1514e+14	1.1473e-16	1.2835e-15
1.1535e+14	4.3828e-17	1.2938e-15
1.1557e+14	1.2254e-16	1.1041e-15
1.1578e+14	1.3128e-16	1.1936e-15
1.1599e+14	4.262e-17	1.4625e-15
1.162e+14	9.0708e-17	1.2971e-15
1.1642e+14	1.4984e-16	8.6463e-16
1.1663e+14	5.7373e-17	7.7171e-16
1.1684e+14	4.2275e-17	9.5841e-16
1.1706e+14	1.3593e-16	1.0809e-15
1.1727e+14	9.8427e-17	1.1049e-15
1.1748e+14	4.2095e-17	9.9288e-16
1.177e+14	1.2129e-16	7.4788e-16
1.1791e+14	1.1917e-16	6.5889e-16
1.1812e+14	2.5708e-17	8.0963e-16
1.1834e+14	7.9766e-17	9.2475e-16
1.1855e+14	1.4339e-16	9.4774e-16
1.1876e+14	4.9487e-17	9.8832e-16
1.1898e+14	3.4976e-17	9.393e-16
1.1919e+14	1.3184e-16	8.3057e-16
1.194e+14	9.2329e-17	9.3242e-16
1.1962e+14	3.1326e-17	1.1434e-15
1.1983e+14	1.1345e-16	1.1084e-15
1.2004e+14	1.1763e-16	9.173e-16
1.2026e+14	2.1e-17	8.7031e-16
1.2047e+14	6.8036e-17	9.0017e-16
1.2068e+14	1.3616e-16	8.4402e-16
1.209e+14	5.2183e-17	7.911e-16
1.2111e+14	3.6559e-17	8.279e-16
1.2132e+14	1.2502e-16	8.8966e-16
1.2154e+14	8.2008e-17	9.1572e-16
1.2175e+14	2.1429e-17	8.8e-16
1.2196e+14	1.0643e-16	7.9572e-16
1.2217e+14	1.1855e-16	7.4501e-16
1.2239e+14	2.5901e-17	7.5016e-16
1.226e+14	6.5491e-17	7.3868e-16
1.2281e+14	1.2763e-16	6.9381e-16
1.2303e+14	4.8114e-17	6.4638e-16
1.2324e+14	3.5897e-17	6.0717e-16
1.2345e+14	1.2176e-16	6.3335e-16
1.2367e+14	7.8461e-17	7.4173e-16
1.2388e+14	1.7546e-17	7.9067e-16
1.2409e+14	9.5633e-17	7.1266e-16
1.2431e+14	1.0207e-16	6.4473e-16
1.2452e+14	1.0951e-17	6.4135e-16
1.2473e+14	5.3399e-17	6.2198e-16
1.2495e+14	1.1929e-16	6.195e-16
1.2516e+14	4.6713e-17	6.7344e-16
1.2537e+14	3.6113e-17	6.6897e-16
1.2559e+14	1.1527e-16	6.0131e-16
1.258e+14	6.8793e-17	6.1876e-16
1.2601e+14	1.18e-17	6.6978e-16
1.2623e+14	9.2362e-17	6.0384e-16
1.2644e+14	1.0022e-16	5.372e-16
1.2665e+14	1.4147e-17	6.2125e-16
1.2687e+14	5.8397e-17	7.1612e-16
1.2708e+14	1.1701e-16	6.7732e-16
1.2729e+14	3.6573e-17	5.9427e-16
1.2751e+14	2.6702e-17	5.5089e-16
1.2772e+14	1.1248e-16	5.2956e-16
1.2793e+14	7.0284e-17	5.5124e-16
1.2814e+14	1.1782e-17	6.1019e-16
1.2836e+14	8.8791e-17	6.0941e-16
1.2857e+14	9.4599e-17	5.2659e-16
1.2878e+14	5.7972e-18	4.5774e-16
1.29e+14	4.6577e-17	4.6641e-16
1.2921e+14	1.0599e-16	5.2435e-16
1.2942e+14	2.7897e-17	5.4388e-16
1.2964e+14	1.3992e-17	4.6606e-16
1.2985e+14	9.4655e-17	3.8802e-16
1.3006e+14	5.6621e-17	4.4226e-16
1.3028e+14	5.6652e-18	5.3678e-16
1.3049e+14	8.3975e-17	5.1247e-16
1.307e+14	9.0521e-17	4.5642e-16
1.3092e+14	7.0118e-18	4.9526e-16
1.3113e+14	4.9048e-17	5.1681e-16
1.3134e+14	1.0238e-16	4.4059e-16
1.3156e+14	2.2088e-17	4.0786e-16
1.3177e+14	1.5759e-17	4.6276e-16
1.3198e+14	1.0366e-16	4.6768e-16
1.322e+14	6.2128e-17	4.1947e-16
1.3241e+14	2.2809e-18	4.2445e-16
1.3262e+14	7.9085e-17	4.3885e-16
1.3284e+14	9.0132e-17	3.9557e-16
1.3305e+14	4.5948e-18	3.7816e-16
1.3326e+14	4.0169e-17	4.2032e-16
1.3348e+14	9.5675e-17	4.1906e-16
1.3369e+14	2.1389e-17	3.6542e-16
1.339e+14	1.1606e-17	3.6285e-16
1.3412e+14	9.409e-17	4.1072e-16
1.3433e+14	5.6651e-17	4.2331e-16
1.3454e+14	1.0273e-18	3.9695e-16
1.3475e+14	7.4803e-17	3.846e-16
1.3497e+14	8.5264e-17	3.9424e-16
1.3518e+14	3.5157e-18	4.0127e-16
1.3539e+14	3.9873e-17	3.9468e-16
1.3561e+14	9.6953e-17	3.8453e-16
1.3582e+14	2.6755e-17	3.7934e-16
1.3603e+14	1.335e-17	3.6099e-16
1.3625e+14	8.8936e-17	3.2729e-16
1.3646e+14	5.6067e-17	3.3167e-16
1.3667e+14	6.2248e-18	3.8453e-16
1.3689e+14	7.057e-17	3.9504e-16
1.371e+14	7.1288e-17	3.2931e-16
1.3731e+14	-4.6775e-18	2.8545e-16
1.3753e+14	3.6671e-17	3.0905e-16
1.3774e+14	8.6464e-17	3.2444e-16
1.3795e+14	1.393e-17	3.0433e-16
1.3817e+14	1.0074e-17	2.9922e-16
1.3838e+14	8.9523e-17	3.0784e-16
1.3859e+14	4.9505e-17	3.0058e-16
1.3881e+14	-3.4723e-18	2.9463e-16
1.3902e+14	6.6936e-17	2.8949e-16
1.3923e+14	7.2319e-17	2.6102e-16
1.3945e+14	-5.308e-18	2.4946e-16
1.3966e+14	3.5016e-17	2.9143e-16
1.3987e+14	8.9011e-17	3.2008e-16
1.4009e+14	1.9717e-17	2.8677e-16
1.403e+14	1.1508e-17	2.5953e-16
1.4051e+14	8.3732e-17	2.8256e-16
1.4072e+14	4.1919e-17	2.956e-16
1.4094e+14	-8.5596e-18	2.6304e-16
1.4115e+14	6.3771e-17	2.3265e-16
1.4136e+14	7.0961e-17	2.416e-16
1.4158e+14	-5.1992e-18	2.7139e-16
1.4179e+14	3.295e-17	2.8828e-16
1.42e+14	8.3037e-17	2.8083e-16
1.4222e+14	1.3102e-17	2.7135e-16
1.4243e+14	7.0312e-18	2.8068e-16
1.4264e+14	8.1479e-17	2.8647e-16
1.4286e+14	4.1544e-17	2.6643e-16
1.4307e+14	-8.6748e-18	2.4619e-16
1.4328e+14	6.2085e-17	2.4534e-16
1.435e+14	6.9505e-17	2.442e-16
1.4371e+14	-4.0427e-18	2.4032e-16
1.4392e+14	3.4377e-17	2.4923e-16
1.4414e+14	8.106e-17	2.5484e-16
1.4435e+14	8.2104e-18	2.4521e-16
1.4456e+14	3.0898e-18	2.4618e-16
1.4478e+14	8.2287e-17	2.5993e-16
1.4499e+14	4.7229e-17	2.5494e-16
1.452e+14	-3.1341e-18	2.3538e-16
1.4542e+14	6.2694e-17	2.283e-16
1.4563e+14	6.5992e-17	2.2759e-16
1.4584e+14	-8.3433e-18	2.2272e-16
1.4606e+14	3.165e-17	2.2469e-16
1.4627e+14	8.2225e-17	2.2992e-16
1.4648e+14	1.2924e-17	2.2477e-16
1.467e+14	5.5925e-18	2.1455e-16
1.4691e+14	7.7334e-17	2.0204e-16
1.4712e+14	3.5861e-17	1.8599e-16
1.4733e+14	-1.6177e-17	1.8614e-16
1.4755e+14	5.2721e-17	2.045e-16
1.4776e+14	6.1708e-17	2.0439e-16
1.4797e+14	-8.705e-18	1.8437e-16
1.4819e+14	3.1635e-17	1.878e-16
1.484e+14	8.1173e-17	2.1158e-16
1.4861e+14	9.7477e-18	2.1288e-16
1.4883e+14	9.0866e-20	1.9776e-16
1.4904e+14	7.4649e-17	1.9847e-16
1.4925e+14	3.9978e-17	2.041e-16
1.4947e+14	-1.0977e-17	1.9397e-16
1.4968e+14	5.3165e-17	1.8179e-16
1.4989e+14	6.1043e-17	1.8229e-16
1.5011e+14	-7.8258e-18	1.8825e-16
1.5032e+14	2.938e-17	1.9036e-16
1.5053e+14	7.5218e-17	1.8633e-16
1.5075e+14	6.2219e-18	1.8328e-16
1.5096e+14	6.0936e-19	1.9428e-16
1.5117e+14	7.5219e-17	2.1075e-16
1.5139e+14	3.853e-17	2.0456e-16
1.516e+14	-1.3256e-17	1.7738e-16
1.5181e+14	5.2994e-17	1.6433e-16
1.5203e+14	6.4612e-17	1.7578e-16
1.5224e+14	-4.9324e-18	1.8348e-16
1.5245e+14	2.7233e-17	1.7366e-16
1.5267e+14	7.3243e-17	1.6947e-16
1.5288e+14	9.5844e-18	1.8481e-16
1.5309e+14	2.9247e-18	1.9478e-16
1.533e+14	7.1527e-17	1.8156e-16
1.5352e+14	3.6092e-17	1.7007e-16
1.5373e+14	-1.0408e-17	1.7558e-16
1.5394e+14	5.2921e-17	1.7044e-16
1.5416e+14	5.6956e-17	1.4947e-16
1.5437e+14	-1.3554e-17	1.4926e-16
1.5458e+14	2.2885e-17	1.6676e-16
1.548e+14	7.0501e-17	1.6155e-16
1.5501e+14	5.3742e-18	1.4408e-16
1.5522e+14	-1.3151e-18	1.4803e-16
1.5544e+14	6.9194e-17	1.5499e-16
1.5565e+14	3.3377e-17	1.4772e-16
1.5586e+14	-1.6389e-17	1.5103e-16
1.5608e+14	4.7455e-17	1.5784e-16
1.5629e+14	5.7718e-17	1.3732e-16
1.565e+14	-9.3989e-18	1.2043e-16
1.5672e+14	2.4993e-17	1.4381e-16
1.5693e+14	7.308e-17	1.6552e-16
1.5714e+14	1.0291e-17	1.4975e-16
1.5736e+14	-1.8054e-21	1.3306e-16
1.5757e+14	6.6287e-17	1.3933e-16
1.5778e+14	3.4008e-17	1.4559e-16
1.58e+14	-1.2321e-17	1.4268e-16
1.5821e+14	4.7697e-17	1.3605e-16
1.5842e+14	5.4851e-17	1.2564e-16
1.5864e+14	-1.1283e-17	1.248e-16
1.5885e+14	2.1379e-17	1.353e-16
1.5906e+14	6.6766e-17	1.3018e-16
1.5928e+14	6.0278e-18	1.1476e-16
1.5949e+14	-2.3887e-18	1.2143e-16
1.597e+14	6.2099e-17	1.3351e-16
1.5991e+14	2.9945e-17	1.2504e-16
1.6013e+14	-1.4507e-17	1.2518e-16
1.6034e+14	4.4132e-17	1.441e-16
1.6055e+14	5.0227e-17	1.4259e-16
1.6077e+14	-1.3141e-17	1.2602e-16
1.6098e+14	2.0618e-17	1.3036e-16
1.6119e+14	6.3907e-17	1.3452e-16
1.6141e+14	3.2177e-18	1.1758e-16
1.6162e+14	-3.7076e-18	1.1436e-16
1.6183e+14	5.9833e-17	1.2822e-16
1.6205e+14	2.6719e-17	1.2137e-16
1.6226e+14	-1.6546e-17	1.0977e-16
1.6247e+14	4.3034e-17	1.2724e-16
1.6269e+14	4.9861e-17	1.4472e-16
1.629e+14	-1.1763e-17	1.3312e-16
1.6311e+14	2.2187e-17	1.1498e-16
1.6333e+14	6.3307e-17	1.0639e-16
1.6354e+14	1.4726e-18	1.0442e-16
1.6375e+14	-4.9309e-18	1.136e-16
1.6397e+14	5.8385e-17	1.2138e-16
1.6418e+14	2.4309e-17	1.1114e-16
1.6439e+14	-1.9073e-17	1.0294e-16
1.6461e+14	4.1422e-17	1.0841e-16
1.6482e+14	4.9362e-17	1.0567e-16
1.6503e+14	-1.218e-17	1.0206e-16
1.6525e+14	2.0541e-17	1.1791e-16
1.6546e+14	6.0597e-17	1.2391e-16
1.6567e+14	-1.1907e-18	1.0464e-16
1.6588e+14	-6.3579e-18	1.0313e-16
1.661e+14	5.9658e-17	1.2492e-16
1.6631e+14	2.7566e-17	1.2594e-16
1.6652e+14	-1.7542e-17	1.1135e-16
1.6674e+14	4.0233e-17	1.1053e-16
1.6695e+14	4.8233e-17	1.0777e-16
1.6716e+14	-1.3531e-17	9.8573e-17
1.6738e+14	1.7142e-17	1.0695e-16
1.6759e+14	5.8754e-17	1.1393e-16
1.678e+14	1.3372e-18	9.6198e-17
1.6802e+14	-4.8645e-18	9.05e-17
1.6823e+14	5.6218e-17	1.1335e-16
1.6844e+14	2.376e-17	1.2307e-16
1.6866e+14	-1.9015e-17	1.1308e-16
1.6887e+14	3.7763e-17	1.1174e-16
1.6908e+14	4.4531e-17	1.0842e-16
1.693e+14	-1.5364e-17	9.3331e-17
1.6951e+14	1.6471e-17	9.231e-17
1.6972e+14	5.7247e-17	1.0112e-16
1.6994e+14	-9.5995e-20	9.3041e-17
1.7015e+14	-5.9832e-18	8.3716e-17
1.7036e+14	5.4125e-17	8.9972e-17
1.7058e+14	2.1538e-17	9.0936e-17
1.7079e+14	-1.9387e-17	8.4851e-17
1.71e+14	3.9302e-17	8.9189e-17
1.7122e+14	4.612e-17	9.1298e-17
1.7143e+14	-1.6266e-17	8.4424e-17
1.7164e+14	1.2923e-17	8.9317e-17
1.7186e+14	5.4753e-17	9.7746e-17
1.7207e+14	3.9039e-19	8.8634e-17
1.7228e+14	-5.1024e-18	8.3092e-17
1.7249e+14	5.4863e-17	9.4929e-17
1.7271e+14	2.4256e-17	9.754e-17
1.7292e+14	-1.6961e-17	8.9664e-17
1.7313e+14	3.8174e-17	9.3866e-17
1.7335e+14	4.4447e-17	9.6544e-17
1.7356e+14	-1.5611e-17	8.4452e-17
1.7377e+14	1.3122e-17	8.1154e-17
1.7399e+14	5.3572e-17	8.9361e-17
1.742e+14	1.3723e-19	8.6997e-17
1.7441e+14	-6.1411e-18	8.3188e-17
1.7463e+14	5.0942e-17	8.9889e-17
1.7484e+14	2.0876e-17	8.791e-17
1.7505e+14	-1.8184e-17	7.7468e-17
1.7527e+14	3.5807e-17	8.0703e-17
1.7548e+14	4.1486e-17	8.7406e-17
1.7569e+14	-1.5713e-17	8.1643e-17
1.7591e+14	1.3714e-17	7.9988e-17
1.7612e+14	5.182e-17	8.6471e-17
1.7633e+14	-1.0021e-18	8.2554e-17
1.7655e+14	-4.7682e-18	7.5552e-17
1.7676e+14	5.1471e-17	8.0905e-17
1.7697e+14	1.9527e-17	8.4928e-17
1.7719e+14	-1.8916e-17	7.8541e-17
1.774e+14	3.5075e-17	7.3982e-17
1.7761e+14	3.8767e-17	7.2941e-17
1.7783e+14	-1.821e-17	7.2574e-17
1.7804e+14	1.3954e-17	7.9763e-17
1.7825e+14	5.2058e-17	8.6548e-17
1.7846e+14	-4.373e-18	7.8501e-17
1.7868e+14	-9.6178e-18	6.777e-17
1.7889e+14	4.987e-17	6.9815e-17
1.791e+14	2.0937e-17	7.6247e-17
1.7932e+14	-1.8227e-17	7.8785e-17
1.7953e+14	3.5185e-17	7.8267e-17
1.7974e+14	4.0765e-17	7.2478e-17
1.7996e+14	-1.6322e-17	6.8461e-17
1.8017e+14	1.2828e-17	7.6535e-17
1.8038e+14	5.0672e-17	8.3969e-17
1.806e+14	-3.3167e-18	7.7188e-17
1.8081e+14	-9.3111e-18	6.8047e-17
1.8102e+14	4.7363e-17	6.5165e-17
1.8124e+14	1.8935e-17	6.3396e-17
1.8145e+14	-1.8088e-17	6.6832e-17
1.8166e+14	3.5107e-17	7.3875e-17
1.8188e+14	3.957e-17	6.8894e-17
1.8209e+14	-1.7448e-17	5.9966e-17
1.823e+14	1.2556e-17	6.7955e-17
1.8252e+14	5.176e-17	7.8563e-17
1.8273e+14	-1.7603e-18	7.1773e-17
1.8294e+14	-9.3211e-18	6.4976e-17
1.8316e+14	4.6531e-17	7.2534e-17
1.8337e+14	1.882e-17	7.8052e-17
1.8358e+14	-1.9843e-17	7.2719e-17
1.838e+14	3.0908e-17	6.5577e-17
1.8401e+14	3.7588e-17	6.1976e-17
1.8422e+14	-1.6439e-17	6.5132e-17
1.8443e+14	1.122e-17	7.129e-17
1.8465e+14	4.836e-17	6.6667e-17
1.8486e+14	-1.7885e-18	5.7699e-17
1.8507e+14	-7.3309e-18	6.373e-17
1.8529e+14	4.5975e-17	7.2219e-17
1.855e+14	1.8051e-17	6.3895e-17
1.8571e+14	-1.7902e-17	5.5551e-17
1.8593e+14	3.2019e-17	5.9176e-17
1.8614e+14	3.5773e-17	5.9362e-17
1.8635e+14	-1.7855e-17	5.8941e-17
1.8657e+14	1.1353e-17	6.7581e-17
1.8678e+14	4.7669e-17	6.5592e-17
1.8699e+14	-3.3323e-18	5.1719e-17
1.8721e+14	-7.7942e-18	5.7352e-17
1.8742e+14	4.6447e-17	7.3714e-17
1.8763e+14	1.7643e-17	6.6835e-17
1.8785e+14	-1.997e-17	5.4501e-17
1.8806e+14	2.9914e-17	6.2772e-17
1.8827e+14	3.602e-17	6.708e-17
1.8849e+14	-1.5788e-17	5.5455e-17
1.887e+14	1.2418e-17	5.4981e-17
1.8891e+14	4.7091e-17	6.4173e-17
1.8913e+14	-4.5837e-18	6.0411e-17
1.8934e+14	-1.0253e-17	5.3715e-17
1.8955e+14	4.3189e-17	5.5743e-17
1.8977e+14	1.6428e-17	5.4228e-17
1.8998e+14	-1.8715e-17	5.079e-17
1.9019e+14	3.0544e-17	5.4495e-17
1.9041e+14	3.4475e-17	5.4751e-17
1.9062e+14	-1.837e-17	5.0917e-17
1.9083e+14	1.0031e-17	5.5624e-17
1.9104e+14	4.6023e-17	5.9029e-17
1.9126e+14	-3.6676e-18	5.2886e-17
1.9147e+14	-8.368e-18	5.3707e-17
1.9168e+14	4.4671e-17	5.8853e-17
1.919e+14	1.6776e-17	5.0377e-17
1.9211e+14	-1.997e-17	4.4603e-17
1.9232e+14	2.9044e-17	5.7387e-17
1.9254e+14	3.5093e-17	6.3574e-17
1.9275e+14	-1.6823e-17	5.2935e-17
1.9296e+14	9.5788e-18	5.0369e-17
1.9318e+14	4.4775e-17	5.7584e-17
1.9339e+14	-3.4583e-18	5.738e-17
1.936e+14	-8.4289e-18	5.4926e-17
1.9382e+14	4.3254e-17	5.4602e-17
1.9403e+14	1.639e-17	4.878e-17
1.9424e+14	-1.9047e-17	4.6509e-17
1.9446e+14	2.9157e-17	5.293e-17
1.9467e+14	3.4791e-17	5.0975e-17
1.9488e+14	-1.67e-17	4.3595e-17
1.951e+14	8.7841e-18	4.913e-17
1.9531e+14	4.3251e-17	5.501e-17
1.9552e+14	-4.2565e-18	4.8873e-17
1.9574e+14	-9.5016e-18	4.982e-17
1.9595e+14	4.1387e-17	5.7571e-17
1.9616e+14	1.5436e-17	5.0007e-17
1.9638e+14	-2.0058e-17	4.0074e-17
1.9659e+14	2.5941e-17	4.7628e-17
1.968e+14	3.1833e-17	5.3372e-17
1.9701e+14	-1.701e-17	4.7311e-17
1.9723e+14	8.2993e-18	4.845e-17
1.9744e+14	4.1261e-17	5.2012e-17
1.9765e+14	-4.7241e-18	4.2984e-17
1.9787e+14	-8.4202e-18	3.8583e-17
1.9808e+14	4.1149e-17	4.818e-17
1.9829e+14	1.4764e-17	5.1096e-17
1.9851e+14	-1.9143e-17	4.5529e-17
1.9872e+14	2.6902e-17	4.6514e-17
1.9893e+14	3.1855e-17	4.7336e-17
1.9915e+14	-1.5976e-17	4.1876e-17
1.9936e+14	1.0774e-17	4.1079e-17
1.9957e+14	4.3104e-17	4.2974e-17
1.9979e+14	-4.8529e-18	4.0118e-17
2e+14	-1.013e-17	4.0839e-17
2.0021e+14	3.9607e-17	4.4644e-17
2.0043e+14	1.5034e-17	4.1241e-17
2.0064e+14	-1.8206e-17	3.9139e-17
2.0085e+14	2.6206e-17	4.4734e-17
2.0107e+14	3.003e-17	4.4646e-17
2.0128e+14	-1.76e-17	4.0199e-17
2.0149e+14	8.5955e-18	4.3844e-17
2.0171e+14	4.0672e-17	4.6203e-17
2.0192e+14	-5.2717e-18	4.2111e-17
2.0213e+14	-8.9764e-18	4.5902e-17
2.0235e+14	3.9519e-17	5.0837e-17
2.0256e+14	1.3638e-17	4.1802e-17
2.0277e+14	-1.8647e-17	3.6517e-17
2.0299e+14	2.744e-17	4.5725e-17
2.032e+14	3.1904e-17	4.6425e-17
2.0341e+14	-1.6355e-17	3.6741e-17
2.0362e+14	8.742e-18	3.7701e-17
2.0384e+14	4.0827e-17	4.219e-17
2.0405e+14	-4.1526e-18	3.9624e-17
2.0426e+14	-8.1301e-18	4.3952e-17
2.0448e+14	3.8931e-17	5.0337e-17
2.0469e+14	1.2736e-17	4.1661e-17
2.049e+14	-1.8739e-17	3.6043e-17
2.0512e+14	2.7675e-17	4.7362e-17
2.0533e+14	3.1753e-17	5.0655e-17
2.0554e+14	-1.7235e-17	4.0841e-17
2.0576e+14	7.3168e-18	4.0654e-17
2.0597e+14	3.9795e-17	4.2794e-17
2.0618e+14	-4.8414e-18	3.3528e-17
2.064e+14	-9.6956e-18	3.1436e-17
2.0661e+14	3.7054e-17	3.985e-17
2.0682e+14	1.1948e-17	3.7754e-17
2.0704e+14	-1.978e-17	3.2838e-17
2.0725e+14	2.4977e-17	3.9602e-17
2.0746e+14	2.9457e-17	4.1349e-17
2.0768e+14	-1.7704e-17	3.4371e-17
2.0789e+14	6.8653e-18	3.72e-17
2.081e+14	3.8807e-17	4.1315e-17
2.0832e+14	-4.8203e-18	3.3659e-17
2.0853e+14	-8.984e-18	3.2012e-17
2.0874e+14	3.723e-17	3.9485e-17
2.0896e+14	1.207e-17	3.6674e-17
2.0917e+14	-1.9557e-17	3.246e-17
2.0938e+14	2.4488e-17	4.0286e-17
2.0959e+14	2.8826e-17	4.1085e-17
2.0981e+14	-1.7562e-17	3.099e-17
2.1002e+14	7.1058e-18	3.1999e-17
2.1023e+14	3.8418e-17	3.8024e-17
2.1045e+14	-5.8054e-18	3.3696e-17
2.1066e+14	-1.0371e-17	3.3545e-17
2.1087e+14	3.6516e-17	4.0392e-17
2.1109e+14	1.2773e-17	3.5908e-17
2.113e+14	-1.9078e-17	2.9983e-17
2.1151e+14	2.3525e-17	3.7036e-17
2.1173e+14	2.7804e-17	3.7757e-17
2.1194e+14	-1.8183e-17	2.8078e-17
2.1215e+14	6.0324e-18	3.1391e-17
2.1237e+14	3.8269e-17	4.0043e-17
2.1258e+14	-4.1494e-18	3.348e-17
2.1279e+14	-9.8002e-18	2.7578e-17
2.1301e+14	3.4885e-17	3.3846e-17
2.1322e+14	1.2274e-17	3.4747e-17
2.1343e+14	-1.7269e-17	3.0939e-17
2.1365e+14	2.5193e-17	3.4628e-17
2.1386e+14	2.8709e-17	3.4044e-17
2.1407e+14	-1.7338e-17	2.686e-17
2.1429e+14	5.9312e-18	3.0875e-17
2.145e+14	3.7296e-17	3.8028e-17
2.1471e+14	-4.4454e-18	3.1875e-17
2.1493e+14	-9.5988e-18	2.7169e-17
2.1514e+14	3.4868e-17	3.1411e-17
2.1535e+14	1.2481e-17	2.8712e-17
2.1557e+14	-1.7617e-17	2.5487e-17
2.1578e+14	2.3454e-17	3.5022e-17
2.1599e+14	2.7634e-17	3.9045e-17
2.162e+14	-1.6643e-17	2.953e-17
2.1642e+14	6.0384e-18	2.8258e-17
2.1663e+14	3.6251e-17	3.4757e-17
2.1684e+14	-4.5605e-18	3.1748e-17
2.1706e+14	-9.2519e-18	2.8803e-17
2.1727e+14	3.4005e-17	3.3956e-17
2.1748e+14	1.1354e-17	3.168e-17
2.177e+14	-1.8397e-17	2.3714e-17
2.1791e+14	2.2104e-17	2.6076e-17
2.1812e+14	2.6852e-17	3.1305e-17
2.1834e+14	-1.5661e-17	3.0002e-17
2.1855e+14	6.5943e-18	3.0652e-17
2.1876e+14	3.5113e-17	3.1538e-17
2.1898e+14	-5.3722e-18	2.6168e-17
2.1919e+14	-9.3021e-18	2.547e-17
2.194e+14	3.3402e-17	3.1302e-17
2.1962e+14	1.1314e-17	2.9804e-17
2.1983e+14	-1.6719e-17	2.5767e-17
2.2004e+14	2.3604e-17	2.969e-17
2.2026e+14	2.7018e-17	3.0609e-17
2.2047e+14	-1.5607e-17	2.4931e-17
2.2068e+14	6.6217e-18	2.5852e-17
2.209e+14	3.441e-17	2.9639e-17
2.2111e+14	-5.7768e-18	2.6633e-17
2.2132e+14	-8.6618e-18	2.6078e-17
2.2154e+14	3.3905e-17	2.9909e-17
2.2175e+14	1.0913e-17	2.6983e-17
2.2196e+14	-1.7518e-17	2.3546e-17
2.2217e+14	2.2729e-17	2.8135e-17
2.2239e+14	2.6189e-17	2.9493e-17
2.226e+14	-1.6016e-17	2.5289e-17
2.2281e+14	6.8665e-18	2.6365e-17
2.2303e+14	3.5206e-17	2.7402e-17
2.2324e+14	-5.12e-18	2.2883e-17
2.2345e+14	-9.0236e-18	2.39e-17
2.2367e+14	3.295e-17	2.8437e-17
2.2388e+14	1.0443e-17	2.5126e-17
2.2409e+14	-1.7868e-17	2.3475e-17
2.2431e+14	2.1966e-17	2.9165e-17
2.2452e+14	2.5926e-17	2.7386e-17
2.2473e+14	-1.5862e-17	2.0662e-17
2.2495e+14	5.7219e-18	2.3498e-17
2.2516e+14	3.3091e-17	2.5815e-17
2.2537e+14	-5.8881e-18	2.0489e-17
2.2559e+14	-8.0778e-18	2.3162e-17
2.258e+14	3.4152e-17	3.0189e-17
2.2601e+14	1.1128e-17	2.4863e-17
2.2623e+14	-1.7949e-17	2.0275e-17
2.2644e+14	2.1294e-17	2.77e-17
2.2665e+14	2.5742e-17	2.8236e-17
2.2687e+14	-1.5297e-17	2.0077e-17
2.2708e+14	6.1318e-18	2.2064e-17
2.2729e+14	3.3449e-17	2.6562e-17
2.2751e+14	-5.2987e-18	2.177e-17
2.2772e+14	-8.5803e-18	2.207e-17
2.2793e+14	3.2198e-17	2.8008e-17
2.2814e+14	9.6904e-18	2.3565e-17
2.2836e+14	-1.8033e-17	1.929e-17
2.2857e+14	2.1378e-17	2.6637e-17
2.2878e+14	2.546e-17	2.7757e-17
2.29e+14	-1.5802e-17	2.0219e-17
2.2921e+14	5.4101e-18	2.2837e-17
2.2942e+14	3.3277e-17	2.7882e-17
2.2964e+14	-4.69e-18	2.205e-17
2.2985e+14	-8.6251e-18	2.0624e-17
2.3006e+14	3.154e-17	2.7289e-17
2.3028e+14	1.0432e-17	2.4823e-17
2.3049e+14	-1.6329e-17	1.9469e-17
2.307e+14	2.1664e-17	2.3435e-17
2.3092e+14	2.4783e-17	2.3275e-17
2.3113e+14	-1.5424e-17	1.6775e-17
2.3134e+14	6.4281e-18	2.0179e-17
2.3156e+14	3.3496e-17	2.6046e-17
2.3177e+14	-5.319e-18	2.19e-17
2.3198e+14	-9.4892e-18	2.0859e-17
2.322e+14	3.1136e-17	2.55e-17
2.3241e+14	1.068e-17	2.1642e-17
2.3262e+14	-1.6583e-17	1.7703e-17
2.3284e+14	2.0482e-17	2.3343e-17
2.3305e+14	2.4226e-17	2.255e-17
2.3326e+14	-1.5122e-17	1.5149e-17
2.3348e+14	5.9553e-18	1.9742e-17
2.3369e+14	3.2634e-17	2.6365e-17
2.339e+14	-5.0682e-18	1.9811e-17
2.3412e+14	-9.096e-18	1.6608e-17
2.3433e+14	3.0673e-17	2.3292e-17
2.3454e+14	1.0667e-17	2.2076e-17
2.3475e+14	-1.6002e-17	1.6488e-17
2.3497e+14	2.0228e-17	1.9838e-17
2.3518e+14	2.3848e-17	2.1701e-17
2.3539e+14	-1.4367e-17	1.8302e-17
2.3561e+14	6.5068e-18	2.18e-17
2.3582e+14	3.2056e-17	2.4776e-17
2.3603e+14	-5.2603e-18	1.8188e-17
2.3625e+14	-8.3657e-18	1.6842e-17
2.3646e+14	3.1041e-17	2.2067e-17
2.3667e+14	1.0357e-17	1.8119e-17
2.3689e+14	-1.6263e-17	1.3955e-17
2.371e+14	2.0406e-17	2.0964e-17
2.3731e+14	2.451e-17	2.2391e-17
2.3753e+14	-1.3776e-17	1.5064e-17
2.3774e+14	6.4177e-18	1.7635e-17
2.3795e+14	3.1982e-17	2.3678e-17
2.3817e+14	-4.8346e-18	1.8732e-17
2.3838e+14	-8.5864e-18	1.618e-17
2.3859e+14	3.0078e-17	2.1586e-17
2.3881e+14	1.0153e-17	1.9855e-17
2.3902e+14	-1.6187e-17	1.575e-17
2.3923e+14	1.9103e-17	2.0343e-17
2.3945e+14	2.2773e-17	2.1352e-17
2.3966e+14	-1.4384e-17	1.6462e-17
2.3987e+14	6.1494e-18	2.0156e-17
2.4009e+14	3.153e-17	2.4214e-17
2.403e+14	-4.5418e-18	1.7131e-17
2.4051e+14	-8.0217e-18	1.4525e-17
2.4072e+14	2.9727e-17	2.0515e-17
2.4094e+14	9.7014e-18	1.8505e-17
2.4115e+14	-1.5619e-17	1.4533e-17
2.4136e+14	2.0075e-17	2.0496e-17
2.4158e+14	2.3284e-17	2.1566e-17
2.4179e+14	-1.4539e-17	1.3804e-17
2.42e+14	5.3942e-18	1.5092e-17
2.4222e+14	3.0848e-17	2.042e-17
2.4243e+14	-4.652e-18	1.5972e-17
2.4264e+14	-8.1432e-18	1.4418e-17
2.4286e+14	2.946e-17	2.0838e-17
2.4307e+14	9.9306e-18	1.9035e-17
2.4328e+14	-1.5327e-17	1.3383e-17
2.435e+14	1.9818e-17	1.7472e-17
2.4371e+14	2.3274e-17	1.9838e-17
2.4392e+14	-1.4135e-17	1.4736e-17
2.4414e+14	5.2585e-18	1.6371e-17
2.4435e+14	3.0748e-17	2.0838e-17
2.4456e+14	-3.7807e-18	1.6278e-17
2.4478e+14	-7.6345e-18	1.3848e-17
2.4499e+14	2.8661e-17	1.8526e-17
2.452e+14	9.1746e-18	1.6896e-17
2.4542e+14	-1.564e-17	1.3134e-17
2.4563e+14	1.9079e-17	1.7748e-17
2.4584e+14	2.2894e-17	1.882e-17
2.4606e+14	-1.3394e-17	1.2515e-17
2.4627e+14	5.6709e-18	1.4239e-17
2.4648e+14	3.0159e-17	2.0387e-17
2.467e+14	-4.1307e-18	1.7648e-17
2.4691e+14	-7.5503e-18	1.4591e-17
2.4712e+14	2.8598e-17	1.719e-17
2.4733e+14	9.4208e-18	1.572e-17
2.4755e+14	-1.5303e-17	1.3489e-17
2.4776e+14	1.8314e-17	1.7306e-17
2.4797e+14	2.152e-17	1.6848e-17
2.4819e+14	-1.3955e-17	1.1758e-17
2.484e+14	5.7601e-18	1.4707e-17
2.4861e+14	3.0217e-17	1.8559e-17
2.4883e+14	-4.1595e-18	1.3579e-17
2.4904e+14	-7.9685e-18	1.234e-17
2.4925e+14	2.7958e-17	1.7558e-17
2.4947e+14	9.6844e-18	1.539e-17
2.4968e+14	-1.4079e-17	1.1205e-17
2.4989e+14	1.944e-17	1.5197e-17
2.5011e+14	2.2303e-17	1.6086e-17
2.5032e+14	-1.3663e-17	1.122e-17
2.5053e+14	4.924e-18	1.365e-17
2.5075e+14	2.8996e-17	1.7667e-17
2.5096e+14	-4.4174e-18	1.3208e-17
2.5117e+14	-7.7977e-18	1.1635e-17
2.5139e+14	2.7669e-17	1.604e-17
2.516e+14	9.4558e-18	1.4212e-17
2.5181e+14	-1.4234e-17	1.1552e-17
2.5203e+14	1.8746e-17	1.6285e-17
2.5224e+14	2.1883e-17	1.6361e-17
2.5245e+14	-1.2977e-17	1.0722e-17
2.5267e+14	5.9023e-18	1.3394e-17
2.5288e+14	2.9866e-17	1.7654e-17
2.5309e+14	-3.1594e-18	1.3072e-17
2.533e+14	-6.7259e-18	1.2045e-17
2.5352e+14	2.7822e-17	1.7173e-17
2.5373e+14	9.1711e-18	1.4243e-17
2.5394e+14	-1.4734e-17	9.4423e-18
2.5416e+14	1.8047e-17	1.4367e-17
2.5437e+14	2.1971e-17	1.6883e-17
2.5458e+14	-1.2176e-17	1.1923e-17
2.548e+14	5.6898e-18	1.2775e-17
2.5501e+14	2.8731e-17	1.635e-17
2.5522e+14	-3.4897e-18	1.2841e-17
2.5544e+14	-6.5239e-18	1.1626e-17
2.5565e+14	2.7531e-17	1.579e-17
2.5586e+14	9.2806e-18	1.4001e-17
2.5608e+14	-1.3841e-17	1.0557e-17
2.5629e+14	1.8205e-17	1.3869e-17
2.565e+14	2.1066e-17	1.4692e-17
2.5672e+14	-1.2843e-17	1.1348e-17
2.5693e+14	5.5883e-18	1.3805e-17
2.5714e+14	2.8715e-17	1.5943e-17
2.5736e+14	-3.4947e-18	1.1344e-17
2.5757e+14	-6.6644e-18	1.1277e-17
2.5778e+14	2.7288e-17	1.5261e-17
2.58e+14	9.4188e-18	1.1655e-17
2.5821e+14	-1.3608e-17	9.0298e-18
2.5842e+14	1.7869e-17	1.5048e-17
2.5864e+14	2.052e-17	1.5546e-17
2.5885e+14	-1.3365e-17	9.8412e-18
2.5906e+14	4.5293e-18	1.268e-17
2.5928e+14	2.7587e-17	1.695e-17
2.5949e+14	-3.6932e-18	1.2235e-17
2.597e+14	-6.4761e-18	1.0841e-17
2.5991e+14	2.7156e-17	1.516e-17
2.6013e+14	9.5402e-18	1.2264e-17
2.6034e+14	-1.3176e-17	8.7695e-18
2.6055e+14	1.8105e-17	1.3807e-17
2.6077e+14	2.122e-17	1.4627e-17
2.6098e+14	-1.1924e-17	9.4147e-18
2.6119e+14	5.3687e-18	1.2064e-17
2.6141e+14	2.7547e-17	1.6028e-17
2.6162e+14	-3.4486e-18	1.1094e-17
2.6183e+14	-6.3226e-18	9.6273e-18
2.6205e+14	2.607e-17	1.4661e-17
2.6226e+14	8.0218e-18	1.2976e-17
2.6247e+14	-1.3902e-17	9.7274e-18
2.6269e+14	1.7744e-17	1.368e-17
2.629e+14	2.0733e-17	1.3302e-17
2.6311e+14	-1.2064e-17	7.6223e-18
2.6333e+14	5.6835e-18	1.0329e-17
2.6354e+14	2.766e-17	1.4558e-17
2.6375e+14	-3.9857e-18	1.0094e-17
2.6397e+14	-7.037e-18	9.2569e-18
2.6418e+14	2.6244e-17	1.4608e-17
2.6439e+14	9.1442e-18	1.237e-17
2.6461e+14	-1.3116e-17	8.2649e-18
2.6482e+14	1.7887e-17	1.2548e-17
2.6503e+14	2.1203e-17	1.3621e-17
2.6525e+14	-1.1596e-17	8.4823e-18
2.6546e+14	5.1866e-18	1.0116e-17
2.6567e+14	2.7141e-17	1.3426e-17
2.6588e+14	-3.6618e-18	9.2339e-18
2.661e+14	-7.0139e-18	8.8054e-18
2.6631e+14	2.5815e-17	1.416e-17
2.6652e+14	9.6992e-18	1.2351e-17
2.6674e+14	-1.217e-17	9.0504e-18
2.6695e+14	1.7457e-17	1.3275e-17
2.6716e+14	2.0026e-17	1.3391e-17
2.6738e+14	-1.216e-17	7.9352e-18
2.6759e+14	5.006e-18	1.0409e-17
2.678e+14	2.7354e-17	1.4187e-17
2.6802e+14	-2.6273e-18	9.1299e-18
2.6823e+14	-6.1421e-18	7.9071e-18
2.6844e+14	2.5669e-17	1.3598e-17
2.6866e+14	9.2244e-18	1.1765e-17
2.6887e+14	-1.2584e-17	7.2597e-18
2.6908e+14	1.7124e-17	1.1253e-17
2.693e+14	2.0439e-17	1.299e-17
2.6951e+14	-1.1446e-17	8.3353e-18
2.6972e+14	4.8225e-18	9.8312e-18
2.6994e+14	2.7261e-17	1.3537e-17
2.7015e+14	-1.6011e-18	9.7539e-18
2.7036e+14	-5.9302e-18	8.2912e-18
2.7058e+14	2.431e-17	1.2263e-17
2.7079e+14	8.919e-18	1.0118e-17
2.71e+14	-1.142e-17	6.5299e-18
2.7122e+14	1.7164e-17	1.0569e-17
2.7143e+14	1.9623e-17	1.2206e-17
2.7164e+14	-1.1108e-17	8.411e-18
2.7186e+14	4.8519e-18	1.0066e-17
2.7207e+14	2.5191e-17	1.265e-17
2.7228e+14	-3.4519e-18	8.6713e-18
2.7249e+14	-5.3179e-18	8.3239e-18
2.7271e+14	2.5742e-17	1.2764e-17
2.7292e+14	9.1265e-18	1.0508e-17
2.7313e+14	-1.1983e-17	7.4726e-18
2.7335e+14	1.7064e-17	1.157e-17
2.7356e+14	2.0285e-17	1.165e-17
2.7377e+14	-1.0315e-17	6.6152e-18
2.7399e+14	5.0052e-18	8.8441e-18
2.742e+14	2.4802e-17	1.2169e-17
2.7441e+14	-3.8051e-18	7.8701e-18
2.7463e+14	-5.6045e-18	7.3543e-18
2.7484e+14	2.5628e-17	1.23e-17
2.7505e+14	9.7634e-18	1.0046e-17
2.7527e+14	-1.0752e-17	6.4218e-18
2.7548e+14	1.8026e-17	1.0541e-17
2.7569e+14	2.0589e-17	1.1298e-17
2.7591e+14	-1.0641e-17	6.6374e-18
2.7612e+14	4.5769e-18	8.7408e-18
2.7633e+14	2.5367e-17	1.1768e-17
2.7655e+14	-2.6172e-18	7.1463e-18
2.7676e+14	-5.8267e-18	6.6107e-18
2.7697e+14	2.3949e-17	1.1914e-17
2.7719e+14	8.6952e-18	9.6931e-18
2.774e+14	-1.1202e-17	5.6545e-18
2.7761e+14	1.6764e-17	9.8085e-18
2.7783e+14	1.9407e-17	1.0988e-17
2.7804e+14	-1.0378e-17	6.1517e-18
2.7825e+14	5.1148e-18	8.0064e-18
2.7846e+14	2.5104e-17	1.1841e-17
2.7868e+14	-2.7232e-18	7.9605e-18
2.7889e+14	-5.3333e-18	6.5971e-18
2.791e+14	2.4284e-17	1.0868e-17
2.7932e+14	8.7712e-18	9.1557e-18
2.7953e+14	-1.1026e-17	5.9617e-18
2.7974e+14	1.7118e-17	9.7947e-18
2.7996e+14	2.0101e-17	1.0509e-17
2.8017e+14	-9.6732e-18	5.967e-18
2.8038e+14	5.0813e-18	7.8065e-18
2.806e+14	2.4822e-17	1.1082e-17
2.8081e+14	-2.3023e-18	7.5865e-18
2.8102e+14	-4.8659e-18	7.5134e-18
2.8124e+14	2.3989e-17	1.1953e-17
2.8145e+14	8.5051e-18	9.0249e-18
2.8166e+14	-1.0735e-17	5.3779e-18
2.8188e+14	1.7223e-17	1.0117e-17
2.8209e+14	1.9788e-17	1.1111e-17
2.823e+14	-9.7556e-18	5.6488e-18
2.8252e+14	5.6189e-18	7.2826e-18
2.8273e+14	2.5794e-17	1.1263e-17
2.8294e+14	-1.7345e-18	7.2014e-18
2.8316e+14	-5.3373e-18	5.5997e-18
2.8337e+14	2.3541e-17	1.035e-17
2.8358e+14	9.1294e-18	9.1352e-18
2.838e+14	-1.0409e-17	5.5999e-18
2.8401e+14	1.6183e-17	9.4471e-18
2.8422e+14	1.908e-17	1.1155e-17
2.8443e+14	-9.261e-18	6.6628e-18
2.8465e+14	5.6337e-18	7.1543e-18
2.8486e+14	2.4983e-17	9.8809e-18
2.8507e+14	-1.9163e-18	6.6181e-18
2.8529e+14	-4.9705e-18	5.7493e-18
2.855e+14	2.3723e-17	9.7219e-18
2.8571e+14	9.5858e-18	8.3105e-18
2.8593e+14	-9.9875e-18	5.5379e-18
2.8614e+14	1.5714e-17	8.9323e-18
2.8635e+14	1.8859e-17	9.6233e-18
2.8657e+14	-8.3169e-18	6.0115e-18
2.8678e+14	6.0762e-18	8.1858e-18
2.8699e+14	2.4338e-17	1.0817e-17
2.8721e+14	-1.7216e-18	6.5064e-18
2.8742e+14	-3.9381e-18	5.6323e-18
2.8763e+14	2.3436e-17	1.0039e-17
2.8785e+14	8.2293e-18	8.3243e-18
2.8806e+14	-1.0345e-17	5.1178e-18
2.8827e+14	1.6254e-17	8.5742e-18
2.8849e+14	1.8766e-17	9.2028e-18
2.887e+14	-9.1191e-18	5.0434e-18
2.8891e+14	5.5741e-18	6.8574e-18
2.8913e+14	2.4481e-17	9.8514e-18
2.8934e+14	-1.4899e-18	6.1382e-18
2.8955e+14	-4.0316e-18	5.2507e-18
2.8977e+14	2.3505e-17	9.1353e-18
2.8998e+14	8.8311e-18	7.3479e-18
2.9019e+14	-1.0013e-17	4.7048e-18
2.9041e+14	1.5836e-17	8.4676e-18
2.9062e+14	1.8437e-17	8.9072e-18
2.9083e+14	-9.1309e-18	4.7797e-18
2.9104e+14	5.118e-18	6.842e-18
2.9126e+14	2.3961e-17	9.684e-18
2.9147e+14	-1.1549e-18	5.7912e-18
2.9168e+14	-3.4181e-18	5.3012e-18
2.919e+14	2.3636e-17	9.402e-18
2.9211e+14	8.9443e-18	6.9378e-18
2.9232e+14	-9.6143e-18	3.7263e-18
2.9254e+14	1.6374e-17	7.9391e-18
2.9275e+14	1.9323e-17	9.0171e-18
2.9296e+14	-8.2935e-18	4.9274e-18
2.9318e+14	5.1507e-18	6.9049e-18
2.9339e+14	2.3844e-17	9.7364e-18
2.936e+14	-8.7068e-19	5.5112e-18
2.9382e+14	-3.9318e-18	4.8157e-18
2.9403e+14	2.227e-17	9.4102e-18
2.9424e+14	8.5666e-18	7.3987e-18
2.9446e+14	-9.2805e-18	3.999e-18
2.9467e+14	1.5522e-17	8.0585e-18
2.9488e+14	1.8165e-17	9.0917e-18
2.951e+14	-7.871e-18	4.2793e-18
2.9531e+14	6.0231e-18	5.5467e-18
2.9552e+14	2.3562e-17	8.9782e-18
2.9574e+14	-1.383e-18	5.7147e-18
2.9595e+14	-3.7363e-18	4.8565e-18
2.9616e+14	2.2629e-17	9.0635e-18
2.9638e+14	8.856e-18	7.4591e-18
2.9659e+14	-8.9887e-18	4.1044e-18
2.968e+14	1.5453e-17	7.4042e-18
2.9701e+14	1.7934e-17	8.5259e-18
2.9723e+14	-7.8379e-18	4.8717e-18
2.9744e+14	5.8504e-18	6.4702e-18
2.9765e+14	2.3113e-17	9.1293e-18
2.9787e+14	-1.2087e-18	5.5175e-18
2.9808e+14	-3.0654e-18	4.6951e-18
2.9829e+14	2.2715e-17	8.1709e-18
2.9851e+14	8.429e-18	5.7539e-18
2.9872e+14	-9.1979e-18	2.9142e-18
2.9893e+14	1.5364e-17	7.2235e-18
2.9915e+14	1.7808e-17	8.0745e-18
2.9936e+14	-7.671e-18	3.4171e-18
2.9957e+14	6.1662e-18	5.1516e-18
2.9979e+14	2.306e-17	8.7704e-18
3e+14	-1.5224e-18	5.1354e-18
