#Error on normalization	O = 2.221 %	H = 1.926 %
#Frequence (s-1)	S_O (s)	S_H (s)
0	2.7167e-16	1.2138e-16
1.5023e+11	-3.278e-18	1.7834e-16
3.0045e+11	-1.0748e-16	2.072e-16
4.5068e+11	2.0382e-16	1.3923e-16
6.009e+11	7.2877e-17	1.4065e-16
7.5113e+11	-1.3189e-16	1.8577e-16
9.0135e+11	2.0888e-16	1.4413e-16
1.0516e+12	2.6844e-16	1.2543e-16
1.2018e+12	-7.56e-17	1.8388e-16
1.352e+12	7.1191e-17	1.7253e-16
1.5023e+12	2.8923e-16	1.2798e-16
1.6525e+12	4.9545e-17	1.751e-16
1.8027e+12	1.1846e-16	2.0556e-16
1.9529e+12	4.1793e-16	1.6654e-16
2.1032e+12	2.3581e-16	1.9247e-16
2.2534e+12	2.1072e-16	2.3817e-16
2.4036e+12	5.9905e-16	1.9165e-16
2.5538e+12	5.5925e-16	1.8252e-16
2.7041e+12	4.7691e-16	2.6232e-16
2.8543e+12	8.5888e-16	2.6478e-16
3.0045e+12	9.0103e-16	2.2162e-16
3.1547e+12	9.4658e-16	2.7899e-16
3.305e+12	1.5519e-15	3.1794e-16
3.4552e+12	1.3588e-15	2.5465e-16
3.6054e+12	1.233e-15	2.8837e-16
3.7556e+12	3.2836e-15	4.2916e-16
3.9059e+12	3.7553e-15	4.0394e-16
4.0561e+12	1.046e-15	2.8787e-16
4.2063e+12	5.8089e-15	5.6195e-16
4.3565e+12	2.2742e-14	1.3154e-15
4.5068e+12	3.5701e-14	1.9419e-15
4.657e+12	3.3121e-14	1.9381e-15
4.8072e+12	2.5866e-14	1.5658e-15
4.9574e+12	2.1568e-14	1.2725e-15
5.1077e+12	1.3031e-14	9.7803e-16
5.2579e+12	3.1891e-15	5.9157e-16
5.4081e+12	3.8099e-15	4.7479e-16
5.5583e+12	8.3787e-15	6.4672e-16
5.7086e+12	4.6275e-15	6.0919e-16
5.8588e+12	1.9678e-15	4.6133e-16
6.009e+12	1.0085e-14	7.0042e-16
6.1592e+12	1.4503e-14	9.4465e-16
6.3095e+12	6.2032e-15	6.7231e-16
6.4597e+12	3.2077e-15	5.3047e-16
6.6099e+12	1.5325e-14	1.0429e-15
6.7601e+12	2.3446e-14	1.3896e-15
6.9104e+12	1.5133e-14	1.0299e-15
7.0606e+12	5.0126e-15	6.8068e-16
7.2108e+12	4.8493e-15	7.4061e-16
7.361e+12	6.5074e-15	7.5726e-16
7.5113e+12	3.9515e-15	6.5104e-16
7.6615e+12	3.032e-15	6.9628e-16
7.8117e+12	5.1644e-15	7.6852e-16
7.9619e+12	5.2588e-15	7.7275e-16
8.1122e+12	4.3651e-15	8.8368e-16
8.2624e+12	5.5695e-15	9.6515e-16
8.4126e+12	5.3469e-15	8.2238e-16
8.5628e+12	3.2287e-15	7.6915e-16
8.7131e+12	6.3078e-15	1.0907e-15
8.8633e+12	1.4976e-14	1.5851e-15
9.0135e+12	2.169e-14	2.0264e-15
9.1637e+12	2.6281e-14	2.3778e-15
9.314e+12	3.3087e-14	2.6142e-15
9.4642e+12	3.7578e-14	2.769e-15
9.6144e+12	3.4279e-14	2.8087e-15
9.7646e+12	2.8621e-14	2.5665e-15
9.9149e+12	2.8746e-14	2.2656e-15
1.0065e+13	3.7219e-14	2.489e-15
1.0215e+13	5.2129e-14	3.2218e-15
1.0366e+13	6.4853e-14	3.8023e-15
1.0516e+13	6.7148e-14	3.9893e-15
1.0666e+13	6.7452e-14	4.1661e-15
1.0816e+13	7.9233e-14	4.5555e-15
1.0966e+13	9.4133e-14	4.9599e-15
1.1117e+13	9.3966e-14	5.1064e-15
1.1267e+13	7.9775e-14	4.8441e-15
1.1417e+13	6.4161e-14	4.2224e-15
1.1567e+13	5.3914e-14	3.6037e-15
1.1718e+13	5.4662e-14	3.4933e-15
1.1868e+13	6.4873e-14	3.8987e-15
1.2018e+13	6.5706e-14	4.0255e-15
1.2168e+13	4.9123e-14	3.344e-15
1.2318e+13	3.8794e-14	2.7269e-15
1.2469e+13	5.077e-14	3.2182e-15
1.2619e+13	6.4432e-14	4.0857e-15
1.2769e+13	6.0169e-14	3.9273e-15
1.2919e+13	4.797e-14	3.0321e-15
1.307e+13	3.9815e-14	2.5724e-15
1.322e+13	3.1664e-14	2.4851e-15
1.337e+13	2.2545e-14	2.1618e-15
1.352e+13	2.0151e-14	1.9533e-15
1.3671e+13	2.4311e-14	2.2922e-15
1.3821e+13	2.5304e-14	2.6176e-15
1.3971e+13	1.9136e-14	2.4128e-15
1.4121e+13	1.4156e-14	2.1908e-15
1.4271e+13	1.858e-14	2.5333e-15
1.4422e+13	2.5585e-14	2.987e-15
1.4572e+13	2.3552e-14	2.8585e-15
1.4722e+13	1.8614e-14	2.5514e-15
1.4872e+13	2.3784e-14	2.8216e-15
1.5023e+13	3.1664e-14	3.1946e-15
1.5173e+13	2.9141e-14	2.9207e-15
1.5323e+13	2.5644e-14	2.7016e-15
1.5473e+13	3.296e-14	3.273e-15
1.5623e+13	3.9372e-14	3.7336e-15
1.5774e+13	3.4061e-14	3.4454e-15
1.5924e+13	2.8134e-14	3.3083e-15
1.6074e+13	3.064e-14	3.6123e-15
1.6224e+13	3.4361e-14	3.5592e-15
1.6375e+13	3.3611e-14	3.2653e-15
1.6525e+13	3.0027e-14	3.2312e-15
1.6675e+13	2.4896e-14	3.0033e-15
1.6825e+13	2.1917e-14	2.6698e-15
1.6975e+13	2.4513e-14	3.067e-15
1.7126e+13	2.6836e-14	3.5933e-15
1.7276e+13	2.355e-14	3.2351e-15
1.7426e+13	2.0145e-14	2.842e-15
1.7576e+13	2.0732e-14	3.1649e-15
1.7727e+13	2.2127e-14	3.3048e-15
1.7877e+13	2.462e-14	3.1091e-15
1.8027e+13	2.9546e-14	3.3705e-15
1.8177e+13	3.1563e-14	3.6204e-15
1.8327e+13	2.9449e-14	3.4298e-15
1.8478e+13	3.0826e-14	3.7697e-15
1.8628e+13	3.7437e-14	4.5739e-15
1.8778e+13	4.3585e-14	4.6991e-15
1.8928e+13	4.8947e-14	4.6917e-15
1.9079e+13	5.5618e-14	5.3237e-15
1.9229e+13	5.96e-14	5.4037e-15
1.9379e+13	5.7282e-14	4.5789e-15
1.9529e+13	5.0528e-14	4.4179e-15
1.968e+13	4.2194e-14	4.9935e-15
1.983e+13	3.5912e-14	4.9871e-15
1.998e+13	3.5281e-14	4.6099e-15
2.013e+13	3.7164e-14	4.5509e-15
2.028e+13	3.5183e-14	4.49e-15
2.0431e+13	3.064e-14	4.5292e-15
2.0581e+13	2.9752e-14	4.8611e-15
2.0731e+13	3.3324e-14	4.7607e-15
2.0881e+13	3.6999e-14	4.4436e-15
2.1032e+13	3.7676e-14	4.8756e-15
2.1182e+13	3.5867e-14	5.2363e-15
2.1332e+13	3.3204e-14	4.7463e-15
2.1482e+13	2.9327e-14	4.757e-15
2.1632e+13	2.5377e-14	5.4051e-15
2.1783e+13	2.7251e-14	5.0004e-15
2.1933e+13	3.4588e-14	4.2646e-15
2.2083e+13	3.6024e-14	4.979e-15
2.2233e+13	3.0317e-14	5.8654e-15
2.2384e+13	3.1665e-14	5.583e-15
2.2534e+13	3.9152e-14	5.5037e-15
2.2684e+13	3.4911e-14	5.9671e-15
2.2834e+13	2.3298e-14	5.8148e-15
2.2984e+13	2.6568e-14	5.7821e-15
2.3135e+13	3.9713e-14	6.4924e-15
2.3285e+13	4.0044e-14	6.5066e-15
2.3435e+13	3.1298e-14	6.0708e-15
2.3585e+13	3.0398e-14	6.7836e-15
2.3736e+13	3.3655e-14	7.3693e-15
2.3886e+13	3.387e-14	6.5747e-15
2.4036e+13	3.8128e-14	6.6163e-15
2.4186e+13	4.6917e-14	8.2575e-15
2.4337e+13	5.1427e-14	8.9679e-15
2.4487e+13	5.3325e-14	8.5307e-15
2.4637e+13	5.5316e-14	8.9823e-15
2.4787e+13	5.0364e-14	9.9167e-15
2.4937e+13	4.2885e-14	1.007e-14
2.5088e+13	4.7191e-14	9.8156e-15
2.5238e+13	5.5644e-14	9.1062e-15
2.5388e+13	5.0154e-14	8.0569e-15
2.5538e+13	4.0003e-14	8.4922e-15
2.5689e+13	4.482e-14	1.0305e-14
2.5839e+13	5.6305e-14	1.076e-14
2.5989e+13	5.5341e-14	9.8885e-15
2.6139e+13	4.5963e-14	1.0303e-14
2.6289e+13	4.4269e-14	1.1821e-14
2.644e+13	5.3168e-14	1.2255e-14
2.659e+13	6.2936e-14	1.1571e-14
2.674e+13	6.358e-14	1.1561e-14
2.689e+13	5.4732e-14	1.3357e-14
2.7041e+13	4.8144e-14	1.5693e-14
2.7191e+13	5.3071e-14	1.5832e-14
2.7341e+13	6.2291e-14	1.4467e-14
2.7491e+13	6.3552e-14	1.5592e-14
2.7641e+13	5.5947e-14	1.8376e-14
2.7792e+13	4.6214e-14	1.7859e-14
2.7942e+13	4.0495e-14	1.54e-14
2.8092e+13	4.1999e-14	1.6293e-14
2.8242e+13	4.5735e-14	1.8714e-14
2.8393e+13	4.2101e-14	1.8181e-14
2.8543e+13	3.3429e-14	1.6964e-14
2.8693e+13	3.1469e-14	1.8028e-14
2.8843e+13	3.5116e-14	1.905e-14
2.8993e+13	3.2617e-14	1.8702e-14
2.9144e+13	2.4959e-14	1.8826e-14
2.9294e+13	2.2967e-14	2.024e-14
2.9444e+13	2.6107e-14	2.3267e-14
2.9594e+13	2.6014e-14	2.6817e-14
2.9745e+13	2.2697e-14	2.6623e-14
2.9895e+13	2.0676e-14	2.3205e-14
3.0045e+13	1.9656e-14	2.3542e-14
3.0195e+13	1.8775e-14	2.7016e-14
3.0346e+13	1.8968e-14	2.5912e-14
3.0496e+13	1.8569e-14	2.2523e-14
3.0646e+13	1.6411e-14	2.4216e-14
3.0796e+13	1.5413e-14	2.7093e-14
3.0946e+13	1.5948e-14	2.6329e-14
3.1097e+13	1.4302e-14	2.7651e-14
3.1247e+13	1.1199e-14	3.1863e-14
3.1397e+13	1.0729e-14	3.1119e-14
3.1547e+13	1.1548e-14	2.7851e-14
3.1698e+13	1.0487e-14	3.0361e-14
3.1848e+13	9.9263e-15	3.4207e-14
3.1998e+13	1.1709e-14	3.3356e-14
3.2148e+13	1.196e-14	3.3768e-14
3.2298e+13	9.1713e-15	3.7027e-14
3.2449e+13	7.5473e-15	3.4662e-14
3.2599e+13	8.5829e-15	2.7947e-14
3.2749e+13	9.228e-15	2.6865e-14
3.2899e+13	8.6098e-15	3.0817e-14
3.305e+13	8.1334e-15	3.2906e-14
3.32e+13	7.4837e-15	3.2904e-14
3.335e+13	6.4352e-15	3.1856e-14
3.35e+13	6.4594e-15	2.9285e-14
3.365e+13	7.5978e-15	2.918e-14
3.3801e+13	8.1382e-15	3.3415e-14
3.3951e+13	7.6547e-15	3.5795e-14
3.4101e+13	6.9377e-15	3.3507e-14
3.4251e+13	6.4609e-15	3.1425e-14
3.4402e+13	6.6488e-15	3.1236e-14
3.4552e+13	7.4577e-15	3.0657e-14
3.4702e+13	7.7843e-15	2.9938e-14
3.4852e+13	7.0953e-15	2.9031e-14
3.5003e+13	6.26e-15	2.7223e-14
3.5153e+13	6.0289e-15	2.7535e-14
3.5303e+13	6.3671e-15	3.0314e-14
3.5453e+13	6.78e-15	2.9566e-14
3.5603e+13	6.3809e-15	2.5179e-14
3.5754e+13	5.1102e-15	2.4253e-14
3.5904e+13	4.3597e-15	2.5972e-14
3.6054e+13	4.662e-15	2.3693e-14
3.6204e+13	4.8589e-15	1.9859e-14
3.6355e+13	4.6835e-15	2.0685e-14
3.6505e+13	4.9218e-15	2.4018e-14
3.6655e+13	5.1275e-15	2.5719e-14
3.6805e+13	4.7131e-15	2.6296e-14
3.6955e+13	4.6822e-15	2.5503e-14
3.7106e+13	5.3641e-15	2.2966e-14
3.7256e+13	5.3312e-15	2.2184e-14
3.7406e+13	4.2756e-15	2.3887e-14
3.7556e+13	3.5416e-15	2.3717e-14
3.7707e+13	3.552e-15	2.158e-14
3.7857e+13	3.7547e-15	2.1467e-14
3.8007e+13	4.1051e-15	2.245e-14
3.8157e+13	4.5112e-15	2.1814e-14
3.8307e+13	4.4243e-15	2.1706e-14
3.8458e+13	3.85e-15	2.3446e-14
3.8608e+13	3.36e-15	2.3936e-14
3.8758e+13	3.2823e-15	2.2513e-14
3.8908e+13	3.5362e-15	2.1666e-14
3.9059e+13	3.6688e-15	2.0992e-14
3.9209e+13	3.3588e-15	1.9289e-14
3.9359e+13	3.1286e-15	1.8752e-14
3.9509e+13	3.4337e-15	2.0357e-14
3.9659e+13	3.6719e-15	2.1214e-14
3.981e+13	3.4931e-15	2.0353e-14
3.996e+13	3.5068e-15	2.0271e-14
4.011e+13	3.7362e-15	2.1369e-14
4.026e+13	3.5865e-15	2.1346e-14
4.0411e+13	3.3091e-15	1.9868e-14
4.0561e+13	3.2856e-15	1.8826e-14
4.0711e+13	3.0623e-15	1.8946e-14
4.0861e+13	2.611e-15	1.9306e-14
4.1012e+13	2.5184e-15	1.9118e-14
4.1162e+13	2.6168e-15	1.8582e-14
4.1312e+13	2.5635e-15	1.869e-14
4.1462e+13	2.7159e-15	1.9911e-14
4.1612e+13	2.9485e-15	2.1083e-14
4.1763e+13	2.6964e-15	2.1183e-14
4.1913e+13	2.4148e-15	2.1145e-14
4.2063e+13	2.6215e-15	2.1639e-14
4.2213e+13	2.7089e-15	2.1598e-14
4.2364e+13	2.5242e-15	2.124e-14
4.2514e+13	2.7129e-15	2.1994e-14
4.2664e+13	2.8941e-15	2.218e-14
4.2814e+13	2.4341e-15	1.9691e-14
4.2964e+13	2.1456e-15	1.8162e-14
4.3115e+13	2.5851e-15	2.1354e-14
4.3265e+13	2.8313e-15	2.492e-14
4.3415e+13	2.5745e-15	2.3852e-14
4.3565e+13	2.5517e-15	2.1323e-14
4.3716e+13	2.6438e-15	2.1003e-14
4.3866e+13	2.3514e-15	2.0769e-14
4.4016e+13	2.1749e-15	2.0167e-14
4.4166e+13	2.4383e-15	2.1638e-14
4.4316e+13	2.5174e-15	2.307e-14
4.4467e+13	2.2549e-15	2.2016e-14
4.4617e+13	2.2022e-15	2.2252e-14
4.4767e+13	2.3997e-15	2.4967e-14
4.4917e+13	2.4518e-15	2.4649e-14
4.5068e+13	2.3158e-15	2.1455e-14
4.5218e+13	2.1939e-15	2.2257e-14
4.5368e+13	2.168e-15	2.6447e-14
4.5518e+13	2.1485e-15	2.7233e-14
4.5669e+13	2.0492e-15	2.4664e-14
4.5819e+13	2.0421e-15	2.3092e-14
4.5969e+13	2.2178e-15	2.2521e-14
4.6119e+13	2.2061e-15	2.1943e-14
4.6269e+13	1.9265e-15	2.2361e-14
4.642e+13	1.9202e-15	2.3354e-14
4.657e+13	2.188e-15	2.4498e-14
4.672e+13	2.1219e-15	2.6759e-14
4.687e+13	1.8406e-15	2.8155e-14
4.7021e+13	1.8522e-15	2.6322e-14
4.7171e+13	1.9359e-15	2.4731e-14
4.7321e+13	1.8686e-15	2.6352e-14
4.7471e+13	1.9495e-15	2.7204e-14
4.7621e+13	2.0634e-15	2.475e-14
4.7772e+13	1.9268e-15	2.2545e-14
4.7922e+13	1.9231e-15	2.2021e-14
4.8072e+13	2.1971e-15	2.1384e-14
4.8222e+13	2.2466e-15	2.1599e-14
4.8373e+13	2.1044e-15	2.2988e-14
4.8523e+13	2.1154e-15	2.237e-14
4.8673e+13	2.0207e-15	2.0466e-14
4.8823e+13	1.8143e-15	2.1736e-14
4.8973e+13	1.9201e-15	2.4658e-14
4.9124e+13	1.9673e-15	2.412e-14
4.9274e+13	1.5922e-15	2.129e-14
4.9424e+13	1.5451e-15	2.048e-14
4.9574e+13	1.961e-15	2.1516e-14
4.9725e+13	1.8712e-15	2.2479e-14
4.9875e+13	1.495e-15	2.3261e-14
5.0025e+13	1.7767e-15	2.3225e-14
5.0175e+13	2.0968e-15	2.1653e-14
5.0325e+13	1.7154e-15	2.0108e-14
5.0476e+13	1.4619e-15	1.9841e-14
5.0626e+13	1.657e-15	1.9877e-14
5.0776e+13	1.515e-15	1.9957e-14
5.0926e+13	1.3011e-15	2.105e-14
5.1077e+13	1.6253e-15	2.2153e-14
5.1227e+13	1.744e-15	2.1186e-14
5.1377e+13	1.3471e-15	1.9268e-14
5.1527e+13	1.3727e-15	1.9484e-14
5.1678e+13	1.707e-15	2.0957e-14
5.1828e+13	1.4574e-15	1.9531e-14
5.1978e+13	1.1091e-15	1.5742e-14
5.2128e+13	1.3024e-15	1.5143e-14
5.2278e+13	1.4044e-15	1.8357e-14
5.2429e+13	1.2504e-15	1.9645e-14
5.2579e+13	1.4631e-15	1.7531e-14
5.2729e+13	1.678e-15	1.6401e-14
5.2879e+13	1.3285e-15	1.6971e-14
5.303e+13	1.0626e-15	1.6326e-14
5.318e+13	1.275e-15	1.5262e-14
5.333e+13	1.3439e-15	1.5556e-14
5.348e+13	1.188e-15	1.5365e-14
5.363e+13	1.2526e-15	1.4183e-14
5.3781e+13	1.3257e-15	1.4244e-14
5.3931e+13	1.1748e-15	1.4794e-14
5.4081e+13	1.1307e-15	1.417e-14
5.4231e+13	1.2107e-15	1.4479e-14
5.4382e+13	1.1344e-15	1.61e-14
5.4532e+13	1.0452e-15	1.5297e-14
5.4682e+13	1.0943e-15	1.2307e-14
5.4832e+13	1.1045e-15	1.1312e-14
5.4982e+13	1.0538e-15	1.1853e-14
5.5133e+13	1.0098e-15	1.1056e-14
5.5283e+13	9.0452e-16	1.0307e-14
5.5433e+13	8.4259e-16	1.1013e-14
5.5583e+13	9.1551e-16	1.105e-14
5.5734e+13	9.1825e-16	1.0098e-14
5.5884e+13	8.6915e-16	1.0081e-14
5.6034e+13	9.8357e-16	1.0384e-14
5.6184e+13	1.0403e-15	9.9441e-15
5.6335e+13	8.6223e-16	1.0078e-14
5.6485e+13	8.1189e-16	1.0881e-14
5.6635e+13	9.5695e-16	1.0846e-14
5.6785e+13	9.2826e-16	1.0449e-14
5.6935e+13	8.1482e-16	1.0403e-14
5.7086e+13	8.6032e-16	9.6444e-15
5.7236e+13	8.5115e-16	8.5971e-15
5.7386e+13	7.7515e-16	8.8195e-15
5.7536e+13	8.8898e-16	9.1781e-15
5.7687e+13	9.4501e-16	8.2983e-15
5.7837e+13	7.3903e-16	7.7907e-15
5.7987e+13	7.0581e-16	8.5148e-15
5.8137e+13	9.2085e-16	8.7432e-15
5.8287e+13	9.1494e-16	8.0704e-15
5.8438e+13	7.7629e-16	7.7888e-15
5.8588e+13	8.3283e-16	8.0005e-15
5.8738e+13	8.2713e-16	8.2145e-15
5.8888e+13	6.4684e-16	8.3604e-15
5.9039e+13	6.2773e-16	7.9497e-15
5.9189e+13	6.9771e-16	7.1287e-15
5.9339e+13	6.4047e-16	7.1332e-15
5.9489e+13	6.9045e-16	7.8229e-15
5.9639e+13	8.2626e-16	7.9595e-15
5.979e+13	7.1741e-16	7.75e-15
5.994e+13	6.0111e-16	7.6392e-15
6.009e+13	7.4382e-16	7.0121e-15
6.024e+13	7.527e-16	6.332e-15
6.0391e+13	5.4734e-16	6.6418e-15
6.0541e+13	5.8295e-16	7.0392e-15
6.0691e+13	7.589e-16	6.6949e-15
6.0841e+13	7.2342e-16	6.6651e-15
6.0991e+13	6.9183e-16	6.9483e-15
6.1142e+13	7.5584e-16	6.374e-15
6.1292e+13	6.5224e-16	5.8049e-15
6.1442e+13	5.6635e-16	6.3271e-15
6.1592e+13	7.0079e-16	6.6192e-15
6.1743e+13	6.9514e-16	6.1495e-15
6.1893e+13	5.3495e-16	6.3182e-15
6.2043e+13	6.1786e-16	6.6707e-15
6.2193e+13	7.1012e-16	5.7937e-15
6.2344e+13	5.1186e-16	5.016e-15
6.2494e+13	4.7103e-16	5.764e-15
6.2644e+13	7.1187e-16	6.5219e-15
6.2794e+13	7.0659e-16	6.1813e-15
6.2944e+13	5.185e-16	5.853e-15
6.3095e+13	5.7365e-16	5.9718e-15
6.3245e+13	6.5988e-16	6.0019e-15
6.3395e+13	5.846e-16	6.0869e-15
6.3545e+13	6.1513e-16	6.0977e-15
6.3696e+13	6.7775e-16	5.5872e-15
6.3846e+13	5.7425e-16	5.3156e-15
6.3996e+13	5.7486e-16	5.7714e-15
6.4146e+13	6.9494e-16	5.8289e-15
6.4296e+13	5.9378e-16	5.2654e-15
6.4447e+13	4.7656e-16	5.3073e-15
6.4597e+13	6.071e-16	5.7471e-15
6.4747e+13	6.1117e-16	5.4392e-15
6.4897e+13	4.2243e-16	4.9253e-15
6.5048e+13	4.8312e-16	5.114e-15
6.5198e+13	6.5395e-16	5.3983e-15
6.5348e+13	5.9219e-16	5.2913e-15
6.5498e+13	5.7995e-16	5.3143e-15
6.5648e+13	6.9104e-16	5.5066e-15
6.5799e+13	5.5421e-16	5.3881e-15
6.5949e+13	3.8331e-16	5.0397e-15
6.6099e+13	5.443e-16	4.8599e-15
6.6249e+13	6.6365e-16	5.0468e-15
6.64e+13	5.2684e-16	5.4563e-15
6.655e+13	5.076e-16	5.4834e-15
6.67e+13	5.6884e-16	4.949e-15
6.685e+13	4.6638e-16	4.7132e-15
6.7001e+13	4.8027e-16	5.1185e-15
6.7151e+13	6.6096e-16	5.2897e-15
6.7301e+13	6.1482e-16	4.9929e-15
6.7451e+13	4.8112e-16	4.8894e-15
6.7601e+13	5.5985e-16	4.8048e-15
6.7752e+13	5.4806e-16	4.3521e-15
6.7902e+13	3.9035e-16	4.2664e-15
6.8052e+13	4.9131e-16	4.8563e-15
6.8202e+13	6.5467e-16	5.145e-15
6.8353e+13	5.1323e-16	4.9051e-15
6.8503e+13	4.2918e-16	4.9338e-15
6.8653e+13	5.8076e-16	5.1442e-15
6.8803e+13	5.5815e-16	5.0044e-15
6.8953e+13	4.3479e-16	4.9145e-15
6.9104e+13	5.2724e-16	5.0978e-15
6.9254e+13	5.4634e-16	4.8975e-15
6.9404e+13	3.7957e-16	4.3212e-15
6.9554e+13	4.1555e-16	4.1911e-15
6.9705e+13	5.3385e-16	4.5562e-15
6.9855e+13	4.2039e-16	4.8128e-15
7.0005e+13	3.9413e-16	4.8264e-15
7.0155e+13	5.5508e-16	4.7189e-15
7.0305e+13	4.8254e-16	4.538e-15
7.0456e+13	3.3349e-16	4.5044e-15
7.0606e+13	4.8361e-16	4.6023e-15
7.0756e+13	5.6766e-16	4.4385e-15
7.0906e+13	3.8865e-16	4.1646e-15
7.1057e+13	3.9639e-16	4.3028e-15
7.1207e+13	5.3849e-16	4.5472e-15
7.1357e+13	4.3357e-16	4.3695e-15
7.1507e+13	3.6611e-16	4.2403e-15
7.1657e+13	5.2551e-16	4.5573e-15
7.1808e+13	5e-16	4.664e-15
7.1958e+13	3.4803e-16	4.3735e-15
7.2108e+13	4.5453e-16	4.4804e-15
7.2258e+13	5.3416e-16	4.8403e-15
7.2409e+13	3.6349e-16	4.4958e-15
7.2559e+13	3.6041e-16	3.9204e-15
7.2709e+13	5.2373e-16	4.2235e-15
7.2859e+13	4.4451e-16	4.7269e-15
7.301e+13	3.2778e-16	4.3184e-15
7.316e+13	4.4144e-16	3.7883e-15
7.331e+13	4.6983e-16	4.0891e-15
7.346e+13	3.5631e-16	4.3928e-15
7.361e+13	3.9233e-16	4.0362e-15
7.3761e+13	4.3637e-16	3.8571e-15
7.3911e+13	3.5144e-16	4.2362e-15
7.4061e+13	3.9873e-16	4.3873e-15
7.4211e+13	4.9239e-16	4.0986e-15
7.4362e+13	3.6447e-16	3.9849e-15
7.4512e+13	2.9838e-16	4.1867e-15
7.4662e+13	4.5613e-16	4.3233e-15
7.4812e+13	4.6576e-16	4.284e-15
7.4962e+13	3.5415e-16	4.3585e-15
7.5113e+13	4.4412e-16	4.7386e-15
7.5263e+13	4.9534e-16	4.9429e-15
7.5413e+13	3.3201e-16	4.4078e-15
7.5563e+13	3.4445e-16	3.8798e-15
7.5714e+13	5.2381e-16	4.4293e-15
7.5864e+13	4.5545e-16	5.1231e-15
7.6014e+13	3.0844e-16	4.5081e-15
7.6164e+13	3.8955e-16	3.5365e-15
7.6314e+13	4.4485e-16	3.6628e-15
7.6465e+13	3.705e-16	4.1259e-15
7.6615e+13	4.3004e-16	4.1705e-15
7.6765e+13	5.2833e-16	4.5943e-15
7.6915e+13	4.541e-16	5.1829e-15
7.7066e+13	3.8944e-16	4.8108e-15
7.7216e+13	4.1916e-16	4.1532e-15
7.7366e+13	3.8615e-16	4.1363e-15
7.7516e+13	3.5481e-16	3.8588e-15
7.7666e+13	4.0225e-16	3.2755e-15
7.7817e+13	4.0027e-16	3.8323e-15
7.7967e+13	3.8743e-16	4.9106e-15
7.8117e+13	4.3607e-16	4.7315e-15
7.8267e+13	3.8905e-16	4.0833e-15
7.8418e+13	3.0653e-16	4.3128e-15
7.8568e+13	4.0589e-16	4.5183e-15
7.8718e+13	4.8471e-16	4.1879e-15
7.8868e+13	3.73e-16	4.29e-15
7.9019e+13	3.7394e-16	4.562e-15
7.9169e+13	5.0937e-16	4.2649e-15
7.9319e+13	4.4297e-16	4.221e-15
7.9469e+13	3.2508e-16	4.6245e-15
7.9619e+13	4.3152e-16	4.3802e-15
7.977e+13	4.9903e-16	3.9971e-15
7.992e+13	4.118e-16	4.5312e-15
8.007e+13	4.4551e-16	4.8531e-15
8.022e+13	4.9243e-16	4.1865e-15
8.0371e+13	3.3999e-16	3.8404e-15
8.0521e+13	2.7714e-16	3.9997e-15
8.0671e+13	4.0613e-16	3.7268e-15
8.0821e+13	4.0658e-16	3.8468e-15
8.0971e+13	3.4159e-16	4.8051e-15
8.1122e+13	4.2808e-16	4.8232e-15
8.1272e+13	4.3762e-16	3.8609e-15
8.1422e+13	3.1737e-16	4.0192e-15
8.1572e+13	3.5886e-16	4.8132e-15
8.1723e+13	4.401e-16	4.4476e-15
8.1873e+13	3.5304e-16	4.0382e-15
8.2023e+13	3.616e-16	4.6735e-15
8.2173e+13	4.7857e-16	4.6925e-15
8.2323e+13	3.7517e-16	3.895e-15
8.2474e+13	2.5785e-16	4.2872e-15
8.2624e+13	4.0517e-16	5.3022e-15
8.2774e+13	4.5007e-16	4.8824e-15
8.2924e+13	2.7394e-16	3.9344e-15
8.3075e+13	2.9671e-16	4.0752e-15
8.3225e+13	4.3386e-16	4.4168e-15
8.3375e+13	3.4968e-16	4.2249e-15
8.3525e+13	3.0473e-16	4.3228e-15
8.3676e+13	4.4005e-16	4.6334e-15
8.3826e+13	4.0745e-16	4.4828e-15
8.3976e+13	2.9955e-16	4.3831e-15
8.4126e+13	4.2701e-16	4.6869e-15
8.4276e+13	4.991e-16	4.8095e-15
8.4427e+13	3.4254e-16	4.7803e-15
8.4577e+13	3.3073e-16	4.9625e-15
8.4727e+13	4.4885e-16	5.0249e-15
8.4877e+13	3.9451e-16	5.0035e-15
8.5028e+13	3.7056e-16	5.3749e-15
8.5178e+13	4.9919e-16	5.6984e-15
8.5328e+13	4.6217e-16	5.4788e-15
8.5478e+13	3.4318e-16	5.1952e-15
8.5628e+13	4.3048e-16	4.9086e-15
8.5779e+13	4.6001e-16	4.2921e-15
8.5929e+13	3.0812e-16	4.2053e-15
8.6079e+13	3.5351e-16	5.2036e-15
8.6229e+13	5.0827e-16	5.8492e-15
8.638e+13	3.9407e-16	5.1992e-15
8.653e+13	2.7196e-16	4.4199e-15
8.668e+13	4.002e-16	4.4218e-15
8.683e+13	4.5216e-16	4.97e-15
8.698e+13	3.7707e-16	5.9616e-15
8.7131e+13	4.4286e-16	6.8098e-15
8.7281e+13	4.7238e-16	6.4369e-15
8.7431e+13	3.3544e-16	5.5017e-15
8.7581e+13	3.5118e-16	5.4562e-15
8.7732e+13	4.7596e-16	5.5971e-15
8.7882e+13	4.0145e-16	4.978e-15
8.8032e+13	3.4662e-16	5.0045e-15
8.8182e+13	4.7416e-16	6.163e-15
8.8332e+13	4.3456e-16	6.2178e-15
8.8483e+13	2.7124e-16	4.9143e-15
8.8633e+13	3.7806e-16	5.0347e-15
8.8783e+13	5.3855e-16	6.7172e-15
8.8933e+13	4.2142e-16	6.9626e-15
8.9084e+13	3.1555e-16	5.5478e-15
8.9234e+13	3.9803e-16	5.145e-15
8.9384e+13	4.2246e-16	6.0563e-15
8.9534e+13	4.0073e-16	6.4527e-15
8.9685e+13	4.5713e-16	6.2558e-15
8.9835e+13	4.3888e-16	6.2941e-15
8.9985e+13	3.7252e-16	6.0471e-15
9.0135e+13	4.4372e-16	5.375e-15
9.0285e+13	4.9553e-16	5.5166e-15
9.0436e+13	4.1759e-16	6.5243e-15
9.0586e+13	4.2198e-16	6.799e-15
9.0736e+13	4.6287e-16	5.9051e-15
9.0886e+13	3.5579e-16	5.0992e-15
9.1037e+13	3.1163e-16	5.1824e-15
9.1187e+13	4.3139e-16	5.8137e-15
9.1337e+13	4.3197e-16	6.3101e-15
9.1487e+13	3.5485e-16	6.259e-15
9.1637e+13	4.5513e-16	6.1136e-15
9.1788e+13	5.4017e-16	6.6255e-15
9.1938e+13	4.3188e-16	7.0734e-15
9.2088e+13	3.6368e-16	6.1199e-15
9.2238e+13	3.7623e-16	4.6947e-15
9.2389e+13	3.208e-16	4.8159e-15
9.2539e+13	3.3026e-16	5.9136e-15
9.2689e+13	4.1551e-16	6.0757e-15
9.2839e+13	3.3538e-16	5.6182e-15
9.2989e+13	2.3081e-16	5.7511e-15
9.314e+13	3.4045e-16	6.0532e-15
9.329e+13	4.1635e-16	6.1096e-15
9.344e+13	3.4326e-16	6.4302e-15
9.359e+13	3.904e-16	6.456e-15
9.3741e+13	4.537e-16	5.4817e-15
9.3891e+13	3.0201e-16	4.8926e-15
9.4041e+13	2.36e-16	5.5459e-15
9.4191e+13	3.8163e-16	5.573e-15
9.4342e+13	3.4837e-16	4.2133e-15
9.4492e+13	1.801e-16	3.5951e-15
9.4642e+13	2.5177e-16	4.4049e-15
9.4792e+13	3.6613e-16	4.8681e-15
9.4942e+13	2.7191e-16	4.6773e-15
9.5093e+13	2.4997e-16	4.8715e-15
9.5243e+13	3.5835e-16	4.9986e-15
9.5393e+13	3.1553e-16	4.5613e-15
9.5543e+13	2.3763e-16	4.5237e-15
9.5694e+13	3.1207e-16	4.8914e-15
9.5844e+13	3.2542e-16	4.5819e-15
9.5994e+13	2.4734e-16	4.1033e-15
9.6144e+13	2.8744e-16	4.3669e-15
9.6294e+13	3.2081e-16	4.5023e-15
9.6445e+13	2.4099e-16	4.1246e-15
9.6595e+13	2.7575e-16	4.3917e-15
9.6745e+13	3.7833e-16	4.961e-15
9.6895e+13	3.0641e-16	4.3228e-15
9.7046e+13	2.3772e-16	3.2759e-15
9.7196e+13	3.2026e-16	3.5249e-15
9.7346e+13	3.0334e-16	4.3384e-15
9.7496e+13	2.0103e-16	4.3756e-15
9.7646e+13	2.6434e-16	4.1569e-15
9.7797e+13	3.3653e-16	4.3457e-15
9.7947e+13	2.6051e-16	4.5892e-15
9.8097e+13	2.6752e-16	4.7237e-15
9.8247e+13	3.4851e-16	4.6501e-15
9.8398e+13	2.6814e-16	4.0049e-15
9.8548e+13	1.8763e-16	3.313e-15
9.8698e+13	2.6559e-16	3.3852e-15
9.8848e+13	2.6673e-16	3.6462e-15
9.8998e+13	1.7852e-16	3.3935e-15
9.9149e+13	2.2529e-16	3.2638e-15
9.9299e+13	2.7478e-16	3.6413e-15
9.9449e+13	2.033e-16	3.8903e-15
9.9599e+13	2.3508e-16	3.8223e-15
9.975e+13	3.328e-16	3.6589e-15
9.99e+13	2.4711e-16	3.371e-15
1.0005e+14	1.5886e-16	3.4653e-15
1.002e+14	2.6031e-16	4.2334e-15
1.0035e+14	2.9554e-16	4.3321e-15
1.005e+14	1.8995e-16	3.1271e-15
1.0065e+14	1.877e-16	2.5282e-15
1.008e+14	2.4211e-16	3.4282e-15
1.0095e+14	2.0815e-16	3.87e-15
1.011e+14	2.1505e-16	3.0578e-15
1.0125e+14	2.6284e-16	2.6087e-15
1.014e+14	2.0603e-16	2.8752e-15
1.0155e+14	1.704e-16	2.7418e-15
1.017e+14	2.3609e-16	2.4206e-15
1.0185e+14	2.1008e-16	2.5435e-15
1.02e+14	1.3276e-16	2.5521e-15
1.0215e+14	1.9476e-16	2.3306e-15
1.023e+14	2.4418e-16	2.4847e-15
1.0245e+14	1.6348e-16	2.5578e-15
1.026e+14	1.5544e-16	2.0334e-15
1.0275e+14	2.168e-16	1.7996e-15
1.029e+14	1.7195e-16	2.2507e-15
1.0305e+14	1.428e-16	2.4648e-15
1.032e+14	2.1119e-16	2.3386e-15
1.0336e+14	1.9139e-16	2.5135e-15
1.0351e+14	1.3078e-16	2.5678e-15
1.0366e+14	1.9803e-16	2.0506e-15
1.0381e+14	2.2636e-16	1.7469e-15
1.0396e+14	1.3393e-16	2.0482e-15
1.0411e+14	1.4801e-16	2.2405e-15
1.0426e+14	2.2641e-16	2.0847e-15
1.0441e+14	1.6497e-16	1.9971e-15
1.0456e+14	1.2239e-16	2.0488e-15
1.0471e+14	2.0974e-16	2.1948e-15
1.0486e+14	2.0764e-16	2.4358e-15
1.0501e+14	1.3009e-16	2.4115e-15
1.0516e+14	1.7009e-16	2.0406e-15
1.0531e+14	1.9645e-16	1.878e-15
1.0546e+14	1.1501e-16	1.9983e-15
1.0561e+14	1.226e-16	1.8897e-15
1.0576e+14	1.871e-16	1.6173e-15
1.0591e+14	1.3282e-16	1.6028e-15
1.0606e+14	1.0455e-16	1.7718e-15
1.0621e+14	1.7947e-16	1.9402e-15
1.0636e+14	1.516e-16	2.0611e-15
1.0651e+14	7.3315e-17	1.9089e-15
1.0666e+14	1.3235e-16	1.5774e-15
1.0681e+14	1.7021e-16	1.5874e-15
1.0696e+14	1.0012e-16	1.8218e-15
1.0711e+14	1.2979e-16	1.7004e-15
1.0726e+14	2.0052e-16	1.4027e-15
1.0741e+14	1.223e-16	1.3793e-15
1.0756e+14	7.3118e-17	1.405e-15
1.0771e+14	1.5377e-16	1.3267e-15
1.0786e+14	1.4259e-16	1.4437e-15
1.0801e+14	8.3355e-17	1.6344e-15
1.0816e+14	1.6641e-16	1.5719e-15
1.0831e+14	2.0761e-16	1.4841e-15
1.0846e+14	1.0141e-16	1.5272e-15
1.0861e+14	9.8331e-17	1.4192e-15
1.0876e+14	1.8496e-16	1.2306e-15
1.0891e+14	1.4122e-16	1.2351e-15
1.0906e+14	9.4392e-17	1.223e-15
1.0921e+14	1.5626e-16	1.0836e-15
1.0936e+14	1.3813e-16	1.1357e-15
1.0951e+14	7.4936e-17	1.3182e-15
1.0966e+14	1.4192e-16	1.3238e-15
1.0981e+14	1.7611e-16	1.3375e-15
1.0996e+14	8.7551e-17	1.4691e-15
1.1012e+14	1.0037e-16	1.3713e-15
1.1027e+14	1.7481e-16	1.1271e-15
1.1042e+14	1.0823e-16	1.1687e-15
1.1057e+14	6.3148e-17	1.2888e-15
1.1072e+14	1.5169e-16	1.1141e-15
1.1087e+14	1.4874e-16	9.3685e-16
1.1102e+14	7.096e-17	1.0306e-15
1.1117e+14	1.2223e-16	1.1496e-15
1.1132e+14	1.6426e-16	1.1707e-15
1.1147e+14	8.418e-17	1.2068e-15
1.1162e+14	8.4667e-17	1.2296e-15
1.1177e+14	1.5179e-16	1.2602e-15
1.1192e+14	1.0114e-16	1.3531e-15
1.1207e+14	6.4305e-17	1.282e-15
1.1222e+14	1.3721e-16	9.7776e-16
1.1237e+14	1.2824e-16	8.218e-16
1.1252e+14	6.6555e-17	9.407e-16
1.1267e+14	1.2241e-16	1.0229e-15
1.1282e+14	1.4985e-16	9.8545e-16
1.1297e+14	6.6288e-17	9.5638e-16
1.1312e+14	7.4993e-17	9.06e-16
1.1327e+14	1.385e-16	8.9091e-16
1.1342e+14	8.364e-17	1.0177e-15
1.1357e+14	5.9724e-17	1.0717e-15
1.1372e+14	1.3687e-16	9.3091e-16
1.1387e+14	1.0808e-16	9.0332e-16
1.1402e+14	4.2831e-17	1.0656e-15
1.1417e+14	1.2992e-16	1.0938e-15
1.1432e+14	1.7525e-16	9.7348e-16
1.1447e+14	7.3315e-17	9.4076e-16
1.1462e+14	7.1993e-17	9.352e-16
1.1477e+14	1.5031e-16	8.7313e-16
1.1492e+14	9.4103e-17	8.9539e-16
1.1507e+14	5.0934e-17	9.5735e-16
1.1522e+14	1.3598e-16	8.9174e-16
1.1537e+14	1.326e-16	8.2459e-16
1.1552e+14	5.7091e-17	8.8836e-16
1.1567e+14	1.0702e-16	9.2088e-16
1.1582e+14	1.4108e-16	8.3943e-16
1.1597e+14	5.4357e-17	7.8148e-16
1.1612e+14	6.0458e-17	8.0426e-16
1.1627e+14	1.3849e-16	8.767e-16
1.1642e+14	8.8418e-17	9.6607e-16
1.1657e+14	4.7577e-17	9.6092e-16
1.1673e+14	1.226e-16	8.4031e-16
1.1688e+14	1.081e-16	7.8796e-16
1.1703e+14	3.017e-17	8.5364e-16
1.1718e+14	8.7965e-17	8.661e-16
1.1733e+14	1.3627e-16	7.9569e-16
1.1748e+14	5.7052e-17	7.5522e-16
1.1763e+14	5.8623e-17	7.2738e-16
1.1778e+14	1.3268e-16	6.6592e-16
1.1793e+14	8.2204e-17	6.5113e-16
1.1808e+14	3.5197e-17	7.3289e-16
1.1823e+14	1.072e-16	8.2479e-16
1.1838e+14	1.0277e-16	8.0768e-16
1.1853e+14	2.8058e-17	6.8078e-16
1.1868e+14	7.2322e-17	6.2086e-16
1.1883e+14	1.1802e-16	7.4179e-16
1.1898e+14	5.5458e-17	8.6714e-16
1.1913e+14	6.2724e-17	8.5036e-16
1.1928e+14	1.2595e-16	8.3066e-16
1.1943e+14	7.332e-17	8.4023e-16
1.1958e+14	3.1531e-17	7.1383e-16
1.1973e+14	9.9653e-17	5.6585e-16
1.1988e+14	9.4033e-17	6.1828e-16
1.2003e+14	3.1723e-17	6.9849e-16
1.2018e+14	8.3314e-17	6.4883e-16
1.2033e+14	1.2126e-16	6.8038e-16
1.2048e+14	4.9277e-17	7.7398e-16
1.2063e+14	4.9918e-17	6.3546e-16
1.2078e+14	1.0808e-16	4.3496e-16
1.2093e+14	6.2751e-17	5.3144e-16
1.2108e+14	3.75e-17	7.0922e-16
1.2123e+14	1.079e-16	6.5253e-16
1.2138e+14	8.9153e-17	5.4876e-16
1.2153e+14	2.095e-17	5.6648e-16
1.2168e+14	7.5053e-17	5.6315e-16
1.2183e+14	1.088e-16	5.3537e-16
1.2198e+14	3.349e-17	5.8256e-16
1.2213e+14	4.5925e-17	6.1491e-16
1.2228e+14	1.1693e-16	5.9862e-16
1.2243e+14	6.6816e-17	6.2784e-16
1.2258e+14	3.1068e-17	6.4239e-16
1.2273e+14	1.0448e-16	5.7536e-16
1.2288e+14	9.4297e-17	5.3221e-16
1.2303e+14	2.3723e-17	5.2708e-16
1.2318e+14	7.122e-17	5.0121e-16
1.2334e+14	1.0864e-16	5.413e-16
1.2349e+14	4.0361e-17	6.2566e-16
1.2364e+14	4.9428e-17	5.7587e-16
1.2379e+14	1.1409e-16	4.8351e-16
1.2394e+14	6.7098e-17	5.3537e-16
1.2409e+14	3.4044e-17	5.7018e-16
1.2424e+14	9.7891e-17	4.727e-16
1.2439e+14	8.0028e-17	4.6728e-16
1.2454e+14	1.7825e-17	5.6737e-16
1.2469e+14	7.3963e-17	5.3391e-16
1.2484e+14	1.0451e-16	4.6054e-16
1.2499e+14	2.8826e-17	5.425e-16
1.2514e+14	4.357e-17	5.8906e-16
1.2529e+14	1.1125e-16	4.7249e-16
1.2544e+14	5.4742e-17	4.368e-16
1.2559e+14	1.8758e-17	5.5089e-16
1.2574e+14	9.5e-17	5.8404e-16
1.2589e+14	8.4927e-17	5.0272e-16
1.2604e+14	1.8587e-17	4.6629e-16
1.2619e+14	7.5637e-17	4.9452e-16
1.2634e+14	1.1336e-16	5.0934e-16
1.2649e+14	3.4616e-17	4.6928e-16
1.2664e+14	3.9609e-17	3.9515e-16
1.2679e+14	1.0708e-16	3.9566e-16
1.2694e+14	5.6159e-17	5.0011e-16
1.2709e+14	2.098e-17	5.4555e-16
1.2724e+14	9.7221e-17	4.7456e-16
1.2739e+14	8.7879e-17	4.4046e-16
1.2754e+14	1.6335e-17	4.708e-16
1.2769e+14	6.7054e-17	4.6624e-16
1.2784e+14	1.0509e-16	4.6512e-16
1.2799e+14	2.656e-17	4.9143e-16
1.2814e+14	2.9063e-17	4.4149e-16
1.2829e+14	1.0059e-16	3.605e-16
1.2844e+14	5.5302e-17	3.8349e-16
1.2859e+14	1.4741e-17	4.3401e-16
1.2874e+14	8.4643e-17	4.1815e-16
1.2889e+14	8.0968e-17	4.2255e-16
1.2904e+14	1.4441e-17	4.5215e-16
1.2919e+14	6.0154e-17	4.1684e-16
1.2934e+14	9.7302e-17	3.792e-16
1.2949e+14	2.596e-17	3.9478e-16
1.2964e+14	2.9019e-17	3.7359e-16
1.2979e+14	9.4872e-17	3.3589e-16
1.2994e+14	5.118e-17	3.7893e-16
1.301e+14	1.7e-17	4.2543e-16
1.3025e+14	8.717e-17	4.0851e-16
1.304e+14	7.8698e-17	4.1088e-16
1.3055e+14	8.9467e-18	4.1672e-16
1.307e+14	5.5612e-17	3.6616e-16
1.3085e+14	9.585e-17	3.596e-16
1.31e+14	2.3292e-17	4.0707e-16
1.3115e+14	2.0848e-17	3.6667e-16
1.313e+14	8.754e-17	3.1383e-16
1.3145e+14	5.0202e-17	3.9629e-16
1.316e+14	1.3508e-17	4.5918e-16
1.3175e+14	7.5907e-17	3.8465e-16
1.319e+14	7.0807e-17	3.5529e-16
1.3205e+14	8.3829e-18	4.0589e-16
1.322e+14	5.1395e-17	3.6286e-16
1.3235e+14	8.9238e-17	2.92e-16
1.325e+14	2.7389e-17	3.4305e-16
1.3265e+14	3.1334e-17	4.0114e-16
1.328e+14	8.9909e-17	3.7455e-16
1.3295e+14	4.7276e-17	3.6261e-16
1.331e+14	1.4484e-17	3.61e-16
1.3325e+14	7.6344e-17	3.1048e-16
1.334e+14	6.6522e-17	3.0034e-16
1.3355e+14	5.8692e-18	3.5246e-16
1.337e+14	5.1564e-17	3.5562e-16
1.3385e+14	8.4508e-17	3.2328e-16
1.34e+14	1.7636e-17	3.2122e-16
1.3415e+14	2.2653e-17	3.07e-16
1.343e+14	8.2833e-17	2.9977e-16
1.3445e+14	4.0518e-17	3.5484e-16
1.346e+14	1.0235e-17	3.6977e-16
1.3475e+14	7.375e-17	2.9784e-16
1.349e+14	6.1376e-17	2.8008e-16
1.3505e+14	-6.9173e-19	3.2333e-16
1.352e+14	4.874e-17	3.0398e-16
1.3535e+14	8.6194e-17	2.8262e-16
1.355e+14	2.0892e-17	3.371e-16
1.3565e+14	2.5348e-17	3.517e-16
1.358e+14	8.2781e-17	3.0045e-16
1.3595e+14	3.6839e-17	3.0061e-16
1.361e+14	7.5794e-18	3.1797e-16
1.3625e+14	7.6597e-17	2.7565e-16
1.364e+14	6.4939e-17	2.5573e-16
1.3655e+14	-3.6125e-18	2.8209e-16
1.3671e+14	4.1606e-17	2.7283e-16
1.3686e+14	8.0467e-17	2.6604e-16
1.3701e+14	1.6363e-17	3.0889e-16
1.3716e+14	2.3883e-17	3.1927e-16
1.3731e+14	9.0082e-17	2.9292e-16
1.3746e+14	4.6363e-17	2.9992e-16
1.3761e+14	4.5025e-18	2.9739e-16
1.3776e+14	6.4849e-17	2.8151e-16
1.3791e+14	6.3023e-17	3.3775e-16
1.3806e+14	4.179e-18	3.7912e-16
1.3821e+14	4.2281e-17	2.9051e-16
1.3836e+14	7.2354e-17	2.2112e-16
1.3851e+14	1.1663e-17	2.7674e-16
1.3866e+14	2.3253e-17	3.0449e-16
1.3881e+14	8.5831e-17	2.6857e-16
1.3896e+14	4.0557e-17	2.9131e-16
1.3911e+14	3.683e-18	3.1602e-16
1.3926e+14	6.7674e-17	2.6706e-16
1.3941e+14	6.4795e-17	2.5882e-16
1.3956e+14	4.4093e-18	2.9698e-16
1.3971e+14	4.356e-17	2.5869e-16
1.3986e+14	7.6554e-17	2.1885e-16
1.4001e+14	1.5908e-17	2.7578e-16
1.4016e+14	2.0728e-17	3.0555e-16
1.4031e+14	7.5857e-17	2.6289e-16
1.4046e+14	3.2217e-17	2.6917e-16
1.4061e+14	2.7958e-18	2.9692e-16
1.4076e+14	6.8364e-17	2.6065e-16
1.4091e+14	6.0527e-17	2.3909e-16
1.4106e+14	-1.037e-18	2.5808e-16
1.4121e+14	4.4148e-17	2.3504e-16
1.4136e+14	8.1815e-17	2.2088e-16
1.4151e+14	1.854e-17	2.7162e-16
1.4166e+14	2.0072e-17	2.8319e-16
1.4181e+14	7.8055e-17	2.4665e-16
1.4196e+14	3.665e-17	2.6417e-16
1.4211e+14	1.4323e-18	2.7437e-16
1.4226e+14	6.1694e-17	2.1222e-16
1.4241e+14	5.8057e-17	2.0093e-16
1.4256e+14	9.8651e-19	2.5757e-16
1.4271e+14	4.0895e-17	2.4474e-16
1.4286e+14	7.1933e-17	1.9922e-16
1.4301e+14	1.123e-17	2.2818e-16
1.4316e+14	1.9588e-17	2.57e-16
1.4331e+14	7.9355e-17	2.3561e-16
1.4347e+14	3.4519e-17	2.36e-16
1.4362e+14	-3.2356e-18	2.3739e-16
1.4377e+14	5.9824e-17	2.0573e-16
1.4392e+14	6.0749e-17	2.1913e-16
1.4407e+14	2.2864e-18	2.5384e-16
1.4422e+14	3.7615e-17	2.1238e-16
1.4437e+14	7.0794e-17	1.8015e-16
1.4452e+14	1.452e-17	2.3463e-16
1.4467e+14	1.7295e-17	2.4903e-16
1.4482e+14	6.8484e-17	1.9451e-16
1.4497e+14	2.7748e-17	2.0273e-16
1.4512e+14	-8.1346e-21	2.47e-16
1.4527e+14	6.1801e-17	2.3067e-16
1.4542e+14	5.3925e-17	2.1791e-16
1.4557e+14	-6.034e-18	2.3577e-16
1.4572e+14	3.4794e-17	2.0711e-16
1.4587e+14	7.0218e-17	1.7885e-16
1.4602e+14	1.1418e-17	2.129e-16
1.4617e+14	1.3463e-17	2.188e-16
1.4632e+14	6.8197e-17	1.8317e-16
1.4647e+14	2.9912e-17	2.0298e-16
1.4662e+14	-6.2155e-19	2.2877e-16
1.4677e+14	5.8603e-17	1.8821e-16
1.4692e+14	5.447e-17	1.7642e-16
1.4707e+14	-8.4105e-19	2.1807e-16
1.4722e+14	3.7955e-17	2.0902e-16
1.4737e+14	6.8576e-17	1.7813e-16
1.4752e+14	8.4191e-18	1.9792e-16
1.4767e+14	1.0562e-17	1.9794e-16
1.4782e+14	6.5455e-17	1.6263e-16
1.4797e+14	2.9962e-17	1.7668e-16
1.4812e+14	1.5534e-18	2.0075e-16
1.4827e+14	5.7039e-17	1.7531e-16
1.4842e+14	4.8068e-17	1.7473e-16
1.4857e+14	-6.1776e-18	2.0329e-16
1.4872e+14	3.6438e-17	1.8272e-16
1.4887e+14	6.8028e-17	1.6909e-16
1.4902e+14	8.0067e-18	2.0778e-16
1.4917e+14	1.246e-17	1.9946e-16
1.4932e+14	6.8666e-17	1.5777e-16
1.4947e+14	3.0289e-17	1.9262e-16
1.4962e+14	-1.8822e-18	2.2643e-16
1.4977e+14	5.3503e-17	1.7419e-16
1.4992e+14	4.6075e-17	1.5435e-16
1.5008e+14	-9.5146e-18	1.9426e-16
1.5023e+14	3.0963e-17	1.7014e-16
1.5038e+14	6.4379e-17	1.3007e-16
1.5053e+14	7.2637e-18	1.775e-16
1.5068e+14	9.9131e-18	2.0939e-16
1.5083e+14	6.198e-17	1.6593e-16
1.5098e+14	2.3151e-17	1.6259e-16
1.5113e+14	-5.8663e-18	1.9886e-16
1.5128e+14	5.2767e-17	1.8112e-16
1.5143e+14	4.685e-17	1.5786e-16
1.5158e+14	-9.6533e-18	1.7501e-16
1.5173e+14	2.8928e-17	1.6894e-16
1.5188e+14	6.2181e-17	1.5529e-16
1.5203e+14	5.7667e-18	1.8407e-16
1.5218e+14	8.4956e-18	1.9289e-16
1.5233e+14	6.2752e-17	1.651e-16
1.5248e+14	2.7599e-17	1.6964e-16
1.5263e+14	-2.8326e-18	1.7572e-16
1.5278e+14	5.043e-17	1.4586e-16
1.5293e+14	4.4524e-17	1.5559e-16
1.5308e+14	-7.2759e-18	1.9421e-16
1.5323e+14	3.0984e-17	1.7045e-16
1.5338e+14	5.9485e-17	1.4199e-16
1.5353e+14	2.4314e-18	1.732e-16
1.5368e+14	7.7717e-18	1.725e-16
1.5383e+14	6.1347e-17	1.3455e-16
1.5398e+14	2.3997e-17	1.6188e-16
1.5413e+14	-4.7609e-18	1.9387e-16
1.5428e+14	5.1906e-17	1.4686e-16
1.5443e+14	4.6117e-17	1.3062e-16
1.5458e+14	-7.3806e-18	1.8492e-16
1.5473e+14	3.1329e-17	1.8174e-16
1.5488e+14	6.0546e-17	1.3046e-16
1.5503e+14	1.3163e-18	1.3877e-16
1.5518e+14	5.4997e-18	1.6387e-16
1.5533e+14	6.2403e-17	1.5657e-16
1.5548e+14	2.6104e-17	1.7284e-16
1.5563e+14	-8.7613e-18	1.8755e-16
1.5578e+14	4.3541e-17	1.4762e-16
1.5593e+14	4.151e-17	1.2949e-16
1.5608e+14	-8.6055e-18	1.6171e-16
1.5623e+14	2.8621e-17	1.5831e-16
1.5638e+14	5.9648e-17	1.3465e-16
1.5653e+14	5.296e-18	1.5148e-16
1.5669e+14	7.0193e-18	1.5162e-16
1.5684e+14	5.7215e-17	1.2185e-16
1.5699e+14	2.2466e-17	1.4007e-16
1.5714e+14	-5.2637e-18	1.6757e-16
1.5729e+14	4.8348e-17	1.3565e-16
1.5744e+14	4.2471e-17	1.1967e-16
1.5759e+14	-1.0316e-17	1.513e-16
1.5774e+14	2.4932e-17	1.4474e-16
1.5789e+14	5.413e-17	1.1843e-16
1.5804e+14	1.0969e-18	1.4162e-16
1.5819e+14	5.9945e-18	1.5389e-16
1.5834e+14	5.6883e-17	1.2145e-16
1.5849e+14	2.0379e-17	1.2003e-16
1.5864e+14	-8.7452e-18	1.4173e-16
1.5879e+14	4.5223e-17	1.2883e-16
1.5894e+14	4.1212e-17	1.24e-16
1.5909e+14	-1.0312e-17	1.4332e-16
1.5924e+14	2.3745e-17	1.2963e-16
1.5939e+14	5.1244e-17	1.1508e-16
1.5954e+14	-1.4262e-18	1.462e-16
1.5969e+14	4.8354e-18	1.5373e-16
1.5984e+14	5.6899e-17	1.1953e-16
1.5999e+14	2.2284e-17	1.2207e-16
1.6014e+14	-5.2677e-18	1.4448e-16
1.6029e+14	4.7486e-17	1.305e-16
1.6044e+14	4.0567e-17	1.2508e-16
1.6059e+14	-1.2259e-17	1.4128e-16
1.6074e+14	2.2684e-17	1.2591e-16
1.6089e+14	5.1307e-17	1.132e-16
1.6104e+14	-1.6181e-18	1.3973e-16
1.6119e+14	2.8651e-18	1.3724e-16
1.6134e+14	5.2958e-17	1.0539e-16
1.6149e+14	1.7855e-17	1.224e-16
1.6164e+14	-8.6191e-18	1.4736e-16
1.6179e+14	4.5196e-17	1.185e-16
1.6194e+14	3.8512e-17	1.0622e-16
1.6209e+14	-1.3433e-17	1.3769e-16
1.6224e+14	2.3677e-17	1.376e-16
1.6239e+14	5.2495e-17	1.1654e-16
1.6254e+14	-3.7179e-18	1.2492e-16
1.6269e+14	-2.4779e-19	1.2337e-16
1.6284e+14	5.4304e-17	1.0559e-16
1.6299e+14	2.1383e-17	1.2135e-16
1.6314e+14	-9.3967e-18	1.3495e-16
1.6329e+14	4.2837e-17	1.1356e-16
1.6345e+14	4.1101e-17	1.1931e-16
1.636e+14	-9.744e-18	1.4638e-16
1.6375e+14	2.2408e-17	1.2626e-16
1.639e+14	5.1329e-17	1.0187e-16
1.6405e+14	5.8307e-19	1.2115e-16
1.642e+14	3.8891e-18	1.2267e-16
1.6435e+14	5.3118e-17	1.0314e-16
1.645e+14	1.7906e-17	1.1923e-16
1.6465e+14	-1.3053e-17	1.2419e-16
1.648e+14	3.8561e-17	8.83e-17
1.6495e+14	3.8833e-17	9.3163e-17
1.651e+14	-9.501e-18	1.2824e-16
1.6525e+14	2.0793e-17	1.0934e-16
1.654e+14	4.7943e-17	9.1101e-17
1.6555e+14	-3.9554e-19	1.2986e-16
1.657e+14	3.8016e-18	1.3823e-16
1.6585e+14	5.1258e-17	1.0265e-16
1.66e+14	1.8391e-17	1.1137e-16
1.6615e+14	-8.5366e-18	1.2886e-16
1.663e+14	4.0329e-17	9.6017e-17
1.6645e+14	3.4896e-17	8.788e-17
1.666e+14	-1.3076e-17	1.2109e-16
1.6675e+14	2.1093e-17	1.1348e-16
1.669e+14	4.8936e-17	9.5676e-17
1.6705e+14	-7.3637e-19	1.2282e-16
1.672e+14	3.0838e-18	1.2373e-16
1.6735e+14	5.0082e-17	8.6784e-17
1.675e+14	1.6175e-17	9.7177e-17
1.6765e+14	-1.1033e-17	1.2071e-16
1.678e+14	3.8408e-17	9.0941e-17
1.6795e+14	3.3715e-17	7.805e-17
1.681e+14	-1.3634e-17	1.0986e-16
1.6825e+14	2.0628e-17	1.0626e-16
1.684e+14	4.7996e-17	8.4451e-17
1.6855e+14	-2.1873e-18	1.055e-16
1.687e+14	1.0805e-18	1.1563e-16
1.6885e+14	4.7294e-17	9.0086e-17
1.69e+14	1.3245e-17	9.462e-17
1.6915e+14	-1.2239e-17	1.1487e-16
1.693e+14	4.0085e-17	1.0253e-16
1.6945e+14	3.6431e-17	9.8282e-17
1.696e+14	-1.3027e-17	1.0961e-16
1.6975e+14	1.9182e-17	9.1551e-17
1.699e+14	4.7004e-17	8.4228e-17
1.7006e+14	-2.7752e-18	1.1358e-16
1.7021e+14	-8.254e-20	1.0584e-16
1.7036e+14	4.8191e-17	7.4287e-17
1.7051e+14	1.7295e-17	1.0276e-16
1.7066e+14	-1.0703e-17	1.3361e-16
1.7081e+14	3.5574e-17	9.6631e-17
1.7096e+14	3.147e-17	7.7093e-17
1.7111e+14	-1.3642e-17	1.0972e-16
1.7126e+14	1.9664e-17	1.0866e-16
1.7141e+14	4.5912e-17	8.5067e-17
1.7156e+14	-2.7078e-18	1.0063e-16
1.7171e+14	1.9926e-18	1.0679e-16
1.7186e+14	4.9361e-17	8.1732e-17
1.7201e+14	1.7019e-17	8.7859e-17
1.7216e+14	-1.0348e-17	1.0598e-16
1.7231e+14	3.7035e-17	9.0223e-17
1.7246e+14	3.3136e-17	8.944e-17
1.7261e+14	-1.2412e-17	1.0885e-16
1.7276e+14	1.9699e-17	8.7265e-17
1.7291e+14	4.4491e-17	6.3516e-17
1.7306e+14	-4.6744e-18	8.994e-17
1.7321e+14	1.4601e-19	1.0353e-16
1.7336e+14	4.7386e-17	8.5789e-17
1.7351e+14	1.4985e-17	9.8455e-17
1.7366e+14	-1.1588e-17	1.1172e-16
1.7381e+14	3.7067e-17	8.2872e-17
1.7396e+14	3.3393e-17	7.8435e-17
1.7411e+14	-1.3349e-17	1.0783e-16
1.7426e+14	1.8503e-17	9.459e-17
1.7441e+14	4.5114e-17	6.8513e-17
1.7456e+14	-3.5492e-18	8.9037e-17
1.7471e+14	-1.4158e-18	9.7082e-17
1.7486e+14	4.4185e-17	7.0775e-17
1.7501e+14	1.3659e-17	7.9041e-17
1.7516e+14	-1.1551e-17	1.0143e-16
1.7531e+14	3.5866e-17	8.1722e-17
1.7546e+14	3.1543e-17	6.9211e-17
1.7561e+14	-1.4395e-17	8.6915e-17
1.7576e+14	1.7366e-17	7.8684e-17
1.7591e+14	4.3359e-17	6.3157e-17
1.7606e+14	-4.6066e-18	8.35e-17
1.7621e+14	-9.3271e-19	9.1626e-17
1.7636e+14	4.5801e-17	7.3709e-17
1.7651e+14	1.5162e-17	8.2473e-17
1.7666e+14	-1.1637e-17	9.3893e-17
1.7682e+14	3.4848e-17	7.2663e-17
1.7697e+14	3.1876e-17	7.2204e-17
1.7712e+14	-1.3218e-17	9.62e-17
1.7727e+14	1.6969e-17	8.3923e-17
1.7742e+14	4.2124e-17	6.6713e-17
1.7757e+14	-4.7447e-18	8.812e-17
1.7772e+14	-1.3568e-18	9.1289e-17
1.7787e+14	4.3676e-17	6.6458e-17
1.7802e+14	1.3196e-17	7.6032e-17
1.7817e+14	-1.2345e-17	9.2733e-17
1.7832e+14	3.3845e-17	7.1412e-17
1.7847e+14	3.0105e-17	6.6854e-17
1.7862e+14	-1.4515e-17	9.3123e-17
1.7877e+14	1.6608e-17	8.9228e-17
1.7892e+14	4.2356e-17	7.2498e-17
1.7907e+14	-4.5167e-18	8.3066e-17
1.7922e+14	-2.0295e-18	8.0686e-17
1.7937e+14	4.2286e-17	6.3912e-17
1.7952e+14	1.2387e-17	8.1253e-17
1.7967e+14	-1.2248e-17	9.7629e-17
1.7982e+14	3.4281e-17	7.7058e-17
1.7997e+14	3.0502e-17	7.3566e-17
1.8012e+14	-1.4783e-17	9.1284e-17
1.8027e+14	1.5919e-17	7.8958e-17
1.8042e+14	4.3012e-17	6.883e-17
1.8057e+14	-2.7733e-18	8.8167e-17
1.8072e+14	-1.5776e-18	8.0722e-17
1.8087e+14	4.2368e-17	5.9402e-17
1.8102e+14	1.4519e-17	8.4984e-17
1.8117e+14	-1.0983e-17	1.0272e-16
1.8132e+14	3.1029e-17	6.5016e-17
1.8147e+14	2.6555e-17	4.9038e-17
1.8162e+14	-1.465e-17	7.3895e-17
1.8177e+14	1.7141e-17	7.1264e-17
1.8192e+14	4.1316e-17	6.2037e-17
1.8207e+14	-4.875e-18	8.387e-17
1.8222e+14	-1.2323e-18	8.2109e-17
1.8237e+14	4.2705e-17	5.7484e-17
1.8252e+14	1.2444e-17	7.2134e-17
1.8267e+14	-1.3184e-17	8.6847e-17
1.8282e+14	3.1865e-17	6.02e-17
1.8297e+14	2.9427e-17	5.9178e-17
1.8312e+14	-1.3852e-17	8.6648e-17
1.8327e+14	1.4553e-17	6.8748e-17
1.8343e+14	3.9137e-17	4.448e-17
1.8358e+14	-3.7732e-18	7.3334e-17
1.8373e+14	3.1978e-19	9.0224e-17
1.8388e+14	4.145e-17	6.8231e-17
1.8403e+14	1.0261e-17	7.2008e-17
1.8418e+14	-1.3301e-17	8.47e-17
1.8433e+14	3.2992e-17	6.2055e-17
1.8448e+14	2.9704e-17	5.7094e-17
1.8463e+14	-1.4176e-17	8.4045e-17
1.8478e+14	1.5016e-17	7.9854e-17
1.8493e+14	4.0135e-17	6.316e-17
1.8508e+14	-4.3155e-18	7.8313e-17
1.8523e+14	-2.5923e-18	7.9017e-17
1.8538e+14	3.8832e-17	5.5412e-17
1.8553e+14	1.0427e-17	6.4629e-17
1.8568e+14	-1.2584e-17	8.2734e-17
1.8583e+14	3.0894e-17	6.658e-17
1.8598e+14	2.622e-17	6.3088e-17
1.8613e+14	-1.5604e-17	8.2147e-17
1.8628e+14	1.5289e-17	6.9587e-17
1.8643e+14	3.9782e-17	5.063e-17
1.8658e+14	-4.9677e-18	6.6903e-17
1.8673e+14	-1.8815e-18	7.0852e-17
1.8688e+14	4.0142e-17	4.9871e-17
1.8703e+14	1.0092e-17	5.5234e-17
1.8718e+14	-1.4245e-17	6.8746e-17
1.8733e+14	3.0673e-17	5.6855e-17
1.8748e+14	2.7708e-17	5.788e-17
1.8763e+14	-1.5528e-17	7.2632e-17
1.8778e+14	1.322e-17	6.0379e-17
1.8793e+14	3.8462e-17	5.3116e-17
1.8808e+14	-5.1501e-18	7.289e-17
1.8823e+14	-3.3575e-18	6.6252e-17
1.8838e+14	3.8234e-17	4.3478e-17
1.8853e+14	1.0314e-17	6.13e-17
1.8868e+14	-1.3333e-17	7.9531e-17
1.8883e+14	3.0417e-17	5.9909e-17
1.8898e+14	2.8388e-17	5.6776e-17
1.8913e+14	-1.3223e-17	7.1563e-17
1.8928e+14	1.3949e-17	5.4356e-17
1.8943e+14	3.7147e-17	4.3136e-17
1.8958e+14	-5.2852e-18	6.6603e-17
1.8973e+14	-1.7248e-18	6.3396e-17
1.8988e+14	3.9683e-17	3.9323e-17
1.9004e+14	1.1306e-17	5.6193e-17
1.9019e+14	-1.2625e-17	7.3475e-17
1.9034e+14	2.9916e-17	5.1453e-17
1.9049e+14	2.6934e-17	5.0909e-17
1.9064e+14	-1.4356e-17	7.3244e-17
1.9079e+14	1.3262e-17	5.8101e-17
1.9094e+14	3.6736e-17	4.2701e-17
1.9109e+14	-5.1492e-18	6.5323e-17
1.9124e+14	-1.5755e-18	6.5486e-17
1.9139e+14	3.913e-17	4.2822e-17
1.9154e+14	1.0259e-17	5.7648e-17
1.9169e+14	-1.4049e-17	6.9678e-17
1.9184e+14	2.8184e-17	4.1667e-17
1.9199e+14	2.5689e-17	4.2852e-17
1.9214e+14	-1.5192e-17	7.3969e-17
1.9229e+14	1.1655e-17	5.9836e-17
1.9244e+14	3.474e-17	3.6182e-17
1.9259e+14	-6.1921e-18	5.821e-17
1.9274e+14	-2.247e-18	6.5864e-17
1.9289e+14	3.7834e-17	4.1318e-17
1.9304e+14	9.3041e-18	4.8292e-17
1.9319e+14	-1.3915e-17	6.5317e-17
1.9334e+14	2.8397e-17	4.8277e-17
1.9349e+14	2.5588e-17	4.5571e-17
1.9364e+14	-1.4514e-17	6.5051e-17
1.9379e+14	1.3573e-17	5.2243e-17
1.9394e+14	3.6637e-17	3.7633e-17
1.9409e+14	-6.0606e-18	5.8802e-17
1.9424e+14	-3.8706e-18	5.9396e-17
1.9439e+14	3.662e-17	3.5348e-17
1.9454e+14	9.5028e-18	4.7444e-17
1.9469e+14	-1.4216e-17	6.3063e-17
1.9484e+14	2.6661e-17	3.9821e-17
1.9499e+14	2.4372e-17	3.6109e-17
1.9514e+14	-1.4449e-17	6.14e-17
1.9529e+14	1.35e-17	5.444e-17
1.9544e+14	3.6506e-17	4.1872e-17
1.9559e+14	-5.4632e-18	6.2723e-17
1.9574e+14	-3.8679e-18	6.2212e-17
1.9589e+14	3.545e-17	3.7976e-17
1.9604e+14	9.3232e-18	5.3239e-17
1.9619e+14	-1.2581e-17	7.2999e-17
1.9634e+14	2.8296e-17	4.8821e-17
1.9649e+14	2.5134e-17	3.9572e-17
1.9664e+14	-1.4383e-17	6.0274e-17
1.968e+14	1.2153e-17	5.0337e-17
1.9695e+14	3.3946e-17	3.6231e-17
1.971e+14	-7.2878e-18	6.041e-17
1.9725e+14	-4.2689e-18	6.3245e-17
1.974e+14	3.5185e-17	3.2083e-17
1.9755e+14	8.2643e-18	3.7498e-17
1.977e+14	-1.4402e-17	6.1176e-17
1.9785e+14	2.6168e-17	4.83e-17
1.98e+14	2.3576e-17	3.9935e-17
1.9815e+14	-1.4887e-17	5.6476e-17
1.983e+14	1.2264e-17	4.9807e-17
1.9845e+14	3.4135e-17	3.6828e-17
1.986e+14	-7.3894e-18	5.3336e-17
1.9875e+14	-4.8139e-18	5.7129e-17
1.989e+14	3.4861e-17	4.0392e-17
1.9905e+14	8.462e-18	4.9564e-17
1.992e+14	-1.4892e-17	5.8326e-17
1.9935e+14	2.4753e-17	3.5847e-17
1.995e+14	2.3061e-17	3.4639e-17
1.9965e+14	-1.4324e-17	5.8923e-17
1.998e+14	1.1832e-17	5.233e-17
1.9995e+14	3.2883e-17	4.0634e-17
2.001e+14	-7.0805e-18	5.9819e-17
2.0025e+14	-2.9782e-18	5.9004e-17
2.004e+14	3.6095e-17	3.4501e-17
2.0055e+14	8.8071e-18	4.4777e-17
2.007e+14	-1.4006e-17	6.1891e-17
2.0085e+14	2.6529e-17	4.2502e-17
2.01e+14	2.4431e-17	3.5673e-17
2.0115e+14	-1.432e-17	5.4075e-17
2.013e+14	1.1914e-17	4.6896e-17
2.0145e+14	3.5157e-17	3.6305e-17
2.016e+14	-4.2371e-18	5.4784e-17
2.0175e+14	-3.3285e-18	5.4124e-17
2.019e+14	3.3356e-17	3.2598e-17
2.0205e+14	7.8713e-18	4.4381e-17
2.022e+14	-1.3156e-17	5.8292e-17
2.0235e+14	2.5915e-17	3.6386e-17
2.025e+14	2.2477e-17	3.3668e-17
2.0265e+14	-1.571e-17	5.6693e-17
2.028e+14	1.0233e-17	4.4151e-17
2.0295e+14	3.2546e-17	2.3672e-17
2.031e+14	-5.4531e-18	4.4183e-17
2.0325e+14	-2.0618e-18	5.6049e-17
2.0341e+14	3.4738e-17	3.8008e-17
2.0356e+14	7.4382e-18	4.0946e-17
2.0371e+14	-1.4547e-17	5.1365e-17
2.0386e+14	2.5295e-17	3.5161e-17
2.0401e+14	2.3198e-17	3.355e-17
2.0416e+14	-1.4478e-17	5.4251e-17
2.0431e+14	1.0879e-17	4.8315e-17
2.0446e+14	3.2293e-17	3.5069e-17
2.0461e+14	-6.5435e-18	4.8142e-17
2.0476e+14	-3.6986e-18	4.8995e-17
2.0491e+14	3.3801e-17	3.3844e-17
2.0506e+14	7.9929e-18	4.4439e-17
2.0521e+14	-1.3881e-17	5.3095e-17
2.0536e+14	2.4941e-17	3.3503e-17
2.0551e+14	2.3118e-17	3.5012e-17
2.0566e+14	-1.3497e-17	5.6399e-17
2.0581e+14	1.1385e-17	4.4689e-17
2.0596e+14	3.1651e-17	2.8518e-17
2.0611e+14	-6.9493e-18	4.3425e-17
2.0626e+14	-3.3288e-18	4.4215e-17
2.0641e+14	3.3923e-17	2.8692e-17
2.0656e+14	7.3741e-18	4.3206e-17
2.0671e+14	-1.4653e-17	5.4974e-17
2.0686e+14	2.4589e-17	3.2197e-17
2.0701e+14	2.2904e-17	2.8219e-17
2.0716e+14	-1.4383e-17	4.7157e-17
2.0731e+14	1.0154e-17	3.6852e-17
2.0746e+14	3.1565e-17	2.5426e-17
2.0761e+14	-5.9202e-18	4.559e-17
2.0776e+14	-2.8328e-18	4.7266e-17
2.0791e+14	3.3777e-17	2.8139e-17
2.0806e+14	7.7519e-18	3.8559e-17
2.0821e+14	-1.3983e-17	4.748e-17
2.0836e+14	2.4947e-17	2.4827e-17
2.0851e+14	2.3275e-17	2.6461e-17
2.0866e+14	-1.4404e-17	5.1673e-17
2.0881e+14	9.4206e-18	4.0062e-17
2.0896e+14	3.168e-17	2.2529e-17
2.0911e+14	-4.9481e-18	4.0095e-17
2.0926e+14	-3.9156e-18	4.126e-17
2.0941e+14	3.087e-17	2.0377e-17
2.0956e+14	7.0337e-18	3.3386e-17
2.0971e+14	-1.2712e-17	4.9874e-17
2.0986e+14	2.3945e-17	2.9319e-17
2.1002e+14	2.0414e-17	2.633e-17
2.1017e+14	-1.4927e-17	5.0939e-17
2.1032e+14	1.088e-17	4.2819e-17
2.1047e+14	3.1545e-17	2.3866e-17
2.1062e+14	-6.3951e-18	3.8143e-17
2.1077e+14	-3.9191e-18	4.1485e-17
2.1092e+14	3.1993e-17	2.211e-17
2.1107e+14	6.9312e-18	3.041e-17
2.1122e+14	-1.4153e-17	4.4659e-17
2.1137e+14	2.3049e-17	2.8412e-17
2.1152e+14	2.0685e-17	2.6214e-17
2.1167e+14	-1.4668e-17	4.5011e-17
2.1182e+14	1.0552e-17	3.4657e-17
2.1197e+14	3.1331e-17	2.0217e-17
2.1212e+14	-6.4025e-18	3.7731e-17
2.1227e+14	-4.3097e-18	4.0227e-17
2.1242e+14	3.1649e-17	2.0848e-17
2.1257e+14	7.3126e-18	3.1137e-17
2.1272e+14	-1.3505e-17	4.5581e-17
2.1287e+14	2.379e-17	2.7114e-17
2.1302e+14	2.1968e-17	2.4253e-17
2.1317e+14	-1.3843e-17	4.5856e-17
2.1332e+14	9.6066e-18	3.8042e-17
2.1347e+14	2.9703e-17	2.2498e-17
2.1362e+14	-7.1963e-18	3.8146e-17
2.1377e+14	-4.6951e-18	4.1278e-17
2.1392e+14	3.1478e-17	2.2231e-17
2.1407e+14	8.0856e-18	3.0499e-17
2.1422e+14	-1.2707e-17	4.4318e-17
2.1437e+14	2.3032e-17	2.7509e-17
2.1452e+14	2.0247e-17	2.3932e-17
2.1467e+14	-1.5201e-17	4.2437e-17
2.1482e+14	8.8306e-18	3.4222e-17
2.1497e+14	2.983e-17	2.1071e-17
2.1512e+14	-6.0672e-18	3.789e-17
2.1527e+14	-4.0314e-18	4.0068e-17
2.1542e+14	3.05e-17	1.8997e-17
2.1557e+14	6.1235e-18	2.5441e-17
2.1572e+14	-1.4608e-17	4.0093e-17
2.1587e+14	2.208e-17	2.5566e-17
2.1602e+14	2.0921e-17	2.057e-17
2.1617e+14	-1.402e-17	3.5531e-17
2.1632e+14	8.7765e-18	2.8796e-17
2.1647e+14	2.9264e-17	2.0424e-17
2.1662e+14	-5.7296e-18	3.8037e-17
2.1678e+14	-3.6212e-18	3.9666e-17
2.1693e+14	3.0418e-17	2.2755e-17
2.1708e+14	6.8279e-18	3.2666e-17
2.1723e+14	-1.3374e-17	4.3127e-17
2.1738e+14	2.2042e-17	2.2756e-17
2.1753e+14	2.0011e-17	1.8495e-17
2.1768e+14	-1.4304e-17	3.7491e-17
2.1783e+14	8.5929e-18	3.1436e-17
2.1798e+14	2.8476e-17	2.1261e-17
2.1813e+14	-6.1415e-18	3.8249e-17
2.1828e+14	-3.1308e-18	3.968e-17
2.1843e+14	3.1137e-17	2.0499e-17
2.1858e+14	7.5432e-18	2.7412e-17
2.1873e+14	-1.2562e-17	3.8432e-17
2.1888e+14	2.2696e-17	2.2672e-17
2.1903e+14	2.0484e-17	2.1334e-17
2.1918e+14	-1.3843e-17	3.7303e-17
2.1933e+14	9.0006e-18	2.5987e-17
2.1948e+14	2.8809e-17	1.3958e-17
2.1963e+14	-6.2976e-18	3.2429e-17
2.1978e+14	-4.4213e-18	3.6223e-17
2.1993e+14	2.9446e-17	2.0154e-17
2.2008e+14	6.8209e-18	2.9958e-17
2.2023e+14	-1.2834e-17	4.077e-17
2.2038e+14	2.1631e-17	2.2575e-17
2.2053e+14	1.9161e-17	2.1165e-17
2.2068e+14	-1.461e-17	3.9876e-17
2.2083e+14	8.2692e-18	2.9489e-17
2.2098e+14	2.7913e-17	1.523e-17
2.2113e+14	-6.853e-18	3.2265e-17
2.2128e+14	-4.8219e-18	3.6864e-17
2.2143e+14	2.9019e-17	2.0413e-17
2.2158e+14	6.8633e-18	2.7631e-17
2.2173e+14	-1.2418e-17	3.7016e-17
2.2188e+14	2.1961e-17	1.9322e-17
2.2203e+14	1.9607e-17	1.7695e-17
2.2218e+14	-1.4183e-17	3.627e-17
2.2233e+14	8.2719e-18	2.8702e-17
2.2248e+14	2.825e-17	1.743e-17
2.2263e+14	-5.9113e-18	3.2674e-17
2.2278e+14	-4.9199e-18	3.303e-17
2.2293e+14	2.7466e-17	1.5788e-17
2.2308e+14	5.7545e-18	2.5563e-17
2.2323e+14	-1.2608e-17	3.7305e-17
2.2339e+14	2.1553e-17	2.1094e-17
2.2354e+14	1.9469e-17	1.937e-17
2.2369e+14	-1.3263e-17	3.4526e-17
2.2384e+14	9.0115e-18	2.3789e-17
2.2399e+14	2.8138e-17	1.5315e-17
2.2414e+14	-5.6182e-18	3.5822e-17
2.2429e+14	-3.9742e-18	3.5533e-17
2.2444e+14	2.7892e-17	1.3295e-17
2.2459e+14	5.3394e-18	2.1625e-17
2.2474e+14	-1.3525e-17	3.513e-17
2.2489e+14	2.0482e-17	1.9096e-17
2.2504e+14	1.9146e-17	1.8158e-17
2.2519e+14	-1.2695e-17	3.6934e-17
2.2534e+14	8.9927e-18	2.6445e-17
2.2549e+14	2.6994e-17	1.2033e-17
2.2564e+14	-6.6486e-18	2.876e-17
2.2579e+14	-4.3209e-18	3.1864e-17
2.2594e+14	2.8163e-17	1.4035e-17
2.2609e+14	6.8695e-18	2.3273e-17
2.2624e+14	-1.1337e-17	3.6623e-17
2.2639e+14	2.0872e-17	1.9912e-17
2.2654e+14	1.7205e-17	1.6779e-17
2.2669e+14	-1.462e-17	3.4988e-17
2.2684e+14	8.4568e-18	2.6589e-17
2.2699e+14	2.7013e-17	1.2262e-17
2.2714e+14	-6.6058e-18	2.6671e-17
2.2729e+14	-4.0075e-18	3.0273e-17
2.2744e+14	2.8213e-17	1.5177e-17
2.2759e+14	5.8083e-18	2.4022e-17
2.2774e+14	-1.2779e-17	3.4815e-17
2.2789e+14	2.1008e-17	1.7834e-17
2.2804e+14	1.9294e-17	1.5566e-17
2.2819e+14	-1.2716e-17	3.3154e-17
2.2834e+14	8.6696e-18	2.4857e-17
2.2849e+14	2.6774e-17	1.3084e-17
2.2864e+14	-6.1637e-18	2.8998e-17
2.2879e+14	-3.9682e-18	2.9944e-17
2.2894e+14	2.7314e-17	1.0931e-17
2.2909e+14	5.3892e-18	1.9699e-17
2.2924e+14	-1.2312e-17	3.3807e-17
2.2939e+14	2.1021e-17	1.8024e-17
2.2954e+14	1.8596e-17	1.374e-17
2.2969e+14	-1.3114e-17	3.1128e-17
2.2984e+14	8.5724e-18	2.4699e-17
2.2999e+14	2.6235e-17	1.1213e-17
2.3015e+14	-6.9525e-18	2.3576e-17
2.303e+14	-4.2971e-18	2.6741e-17
2.3045e+14	2.7345e-17	1.2694e-17
2.306e+14	5.0663e-18	2.0072e-17
2.3075e+14	-1.297e-17	3.0147e-17
2.309e+14	2.0953e-17	1.7068e-17
2.3105e+14	1.9166e-17	1.7984e-17
2.312e+14	-1.3176e-17	3.429e-17
2.3135e+14	7.8298e-18	2.4522e-17
2.315e+14	2.6317e-17	1.2145e-17
2.3165e+14	-6.3289e-18	2.6119e-17
2.318e+14	-4.8556e-18	2.7231e-17
2.3195e+14	2.647e-17	1.1455e-17
2.321e+14	5.9003e-18	1.9488e-17
2.3225e+14	-1.1713e-17	2.8983e-17
2.324e+14	2.0415e-17	1.374e-17
2.3255e+14	1.8029e-17	1.4209e-17
2.327e+14	-1.3092e-17	3.1603e-17
2.3285e+14	8.1784e-18	2.2185e-17
2.33e+14	2.5851e-17	9.8995e-18
2.3315e+14	-6.8323e-18	2.4996e-17
2.333e+14	-4.8301e-18	2.7468e-17
2.3345e+14	2.6691e-17	1.1965e-17
2.336e+14	6.0893e-18	1.9377e-17
2.3375e+14	-1.1716e-17	2.881e-17
2.339e+14	2.0457e-17	1.4541e-17
2.3405e+14	1.8714e-17	1.5112e-17
2.342e+14	-1.2437e-17	3.0812e-17
2.3435e+14	7.7659e-18	2.0856e-17
2.345e+14	2.5645e-17	1.0667e-17
2.3465e+14	-5.436e-18	2.6468e-17
2.348e+14	-3.5754e-18	2.635e-17
2.3495e+14	2.6251e-17	9.8485e-18
2.351e+14	5.6608e-18	1.9905e-17
2.3525e+14	-1.1172e-17	3.0072e-17
2.354e+14	2.0125e-17	1.229e-17
2.3555e+14	1.72e-17	1.0379e-17
2.357e+14	-1.3039e-17	2.7136e-17
2.3585e+14	8.3163e-18	1.834e-17
2.36e+14	2.5776e-17	8.3432e-18
2.3615e+14	-5.6222e-18	2.5067e-17
2.363e+14	-3.0197e-18	2.5266e-17
2.3645e+14	2.6969e-17	7.2226e-18
2.366e+14	5.3505e-18	1.6748e-17
2.3676e+14	-1.2301e-17	2.8915e-17
2.3691e+14	1.9154e-17	1.3094e-17
2.3706e+14	1.6713e-17	1.1889e-17
2.3721e+14	-1.3314e-17	2.8876e-17
2.3736e+14	8.0735e-18	1.8959e-17
2.3751e+14	2.5406e-17	6.4602e-18
2.3766e+14	-6.5289e-18	2.2095e-17
2.3781e+14	-4.3493e-18	2.3408e-17
2.3796e+14	2.6236e-17	6.6024e-18
2.3811e+14	5.526e-18	1.6933e-17
2.3826e+14	-1.2257e-17	2.9402e-17
2.3841e+14	1.8896e-17	1.2184e-17
2.3856e+14	1.7371e-17	9.6766e-18
2.3871e+14	-1.1777e-17	2.8477e-17
2.3886e+14	9.069e-18	2.085e-17
2.3901e+14	2.5726e-17	7.5675e-18
2.3916e+14	-6.1298e-18	2.262e-17
2.3931e+14	-4.2972e-18	2.5963e-17
2.3946e+14	2.554e-17	8.9701e-18
2.3961e+14	5.1447e-18	1.554e-17
2.3976e+14	-1.1613e-17	2.6942e-17
2.3991e+14	1.9709e-17	1.2484e-17
2.4006e+14	1.74e-17	1.0504e-17
2.4021e+14	-1.2519e-17	2.6782e-17
2.4036e+14	8.2537e-18	1.808e-17
2.4051e+14	2.5512e-17	5.4571e-18
2.4066e+14	-5.9471e-18	2.094e-17
2.4081e+14	-4.3283e-18	2.5351e-17
2.4096e+14	2.5663e-17	9.7579e-18
2.4111e+14	5.8779e-18	1.574e-17
2.4126e+14	-1.1171e-17	2.5481e-17
2.4141e+14	1.9319e-17	1.0694e-17
2.4156e+14	1.719e-17	9.0164e-18
2.4171e+14	-1.2385e-17	2.5178e-17
2.4186e+14	7.532e-18	1.6719e-17
2.4201e+14	2.4191e-17	4.3609e-18
2.4216e+14	-6.4264e-18	1.9227e-17
2.4231e+14	-4.1987e-18	2.3162e-17
2.4246e+14	2.5144e-17	8.0872e-18
2.4261e+14	4.7398e-18	1.4994e-17
2.4276e+14	-1.2042e-17	2.5904e-17
2.4291e+14	1.9268e-17	1.1929e-17
2.4306e+14	1.791e-17	9.3863e-18
2.4321e+14	-1.1762e-17	2.4327e-17
2.4337e+14	7.4576e-18	1.6639e-17
2.4352e+14	2.4454e-17	5.2949e-18
2.4367e+14	-4.9601e-18	1.8833e-17
2.4382e+14	-2.7423e-18	2.1133e-17
2.4397e+14	2.5487e-17	6.4193e-18
2.4412e+14	4.6622e-18	1.3959e-17
2.4427e+14	-1.2201e-17	2.465e-17
2.4442e+14	1.8334e-17	1.1151e-17
2.4457e+14	1.666e-17	9.6448e-18
2.4472e+14	-1.198e-17	2.4639e-17
2.4487e+14	8.1727e-18	1.6476e-17
2.4502e+14	2.4743e-17	4.834e-18
2.4517e+14	-5.7935e-18	1.7708e-17
2.4532e+14	-4.0257e-18	1.9713e-17
2.4547e+14	2.5013e-17	6.1339e-18
2.4562e+14	5.3212e-18	1.4452e-17
2.4577e+14	-1.1453e-17	2.3761e-17
2.4592e+14	1.8454e-17	8.5684e-18
2.4607e+14	1.6552e-17	7.4019e-18
2.4622e+14	-1.2192e-17	2.4031e-17
2.4637e+14	7.6711e-18	1.714e-17
2.4652e+14	2.4571e-17	6.2144e-18
2.4667e+14	-5.2558e-18	1.9341e-17
2.4682e+14	-3.4931e-18	2.0652e-17
2.4697e+14	2.5321e-17	5.6375e-18
2.4712e+14	5.7565e-18	1.3266e-17
2.4727e+14	-1.1492e-17	2.3548e-17
2.4742e+14	1.764e-17	9.5275e-18
2.4757e+14	1.6193e-17	7.7111e-18
2.4772e+14	-1.1734e-17	2.2611e-17
2.4787e+14	7.7593e-18	1.5235e-17
2.4802e+14	2.4343e-17	5.1093e-18
2.4817e+14	-4.8749e-18	1.8707e-17
2.4832e+14	-3.265e-18	2.006e-17
2.4847e+14	2.4605e-17	5.2847e-18
2.4862e+14	5.3493e-18	1.2758e-17
2.4877e+14	-1.0839e-17	2.2299e-17
2.4892e+14	1.8155e-17	8.1743e-18
2.4907e+14	1.6084e-17	7.1717e-18
2.4922e+14	-1.1616e-17	2.2436e-17
2.4937e+14	8.0311e-18	1.4397e-17
2.4952e+14	2.3921e-17	3.6992e-18
2.4967e+14	-5.7775e-18	1.786e-17
2.4982e+14	-3.7029e-18	2.0527e-17
2.4997e+14	2.4905e-17	6.5315e-18
2.5013e+14	5.8689e-18	1.3623e-17
2.5028e+14	-1.0528e-17	2.2306e-17
2.5043e+14	1.8507e-17	7.6028e-18
2.5058e+14	1.6671e-17	6.2709e-18
2.5073e+14	-1.1458e-17	2.1635e-17
2.5088e+14	7.42e-18	1.4526e-17
2.5103e+14	2.3444e-17	4.6824e-18
2.5118e+14	-5.7708e-18	1.8195e-17
2.5133e+14	-4.2033e-18	1.9285e-17
2.5148e+14	2.3708e-17	4.6951e-18
2.5163e+14	4.8637e-18	1.2564e-17
2.5178e+14	-1.1351e-17	2.2205e-17
2.5193e+14	1.7524e-17	7.9964e-18
2.5208e+14	1.6226e-17	6.9393e-18
2.5223e+14	-1.1159e-17	2.2333e-17
2.5238e+14	7.492e-18	1.4692e-17
2.5253e+14	2.3179e-17	4.053e-18
2.5268e+14	-5.5986e-18	1.7268e-17
2.5283e+14	-3.7238e-18	1.8641e-17
2.5298e+14	2.4039e-17	4.3169e-18
2.5313e+14	5.323e-18	1.2363e-17
2.5328e+14	-1.0634e-17	2.2399e-17
2.5343e+14	1.821e-17	8.1801e-18
2.5358e+14	1.6665e-17	5.9399e-18
2.5373e+14	-1.1446e-17	1.9939e-17
2.5388e+14	6.4943e-18	1.2228e-17
2.5403e+14	2.2899e-17	2.4366e-18
2.5418e+14	-4.6073e-18	1.6029e-17
2.5433e+14	-3.2572e-18	1.7528e-17
2.5448e+14	2.3156e-17	4.1408e-18
2.5463e+14	4.7914e-18	1.3385e-17
2.5478e+14	-1.0131e-17	2.33e-17
2.5493e+14	1.8413e-17	7.6327e-18
2.5508e+14	1.6456e-17	4.3509e-18
2.5523e+14	-1.0794e-17	1.8633e-17
2.5538e+14	7.8973e-18	1.1529e-17
2.5553e+14	2.3815e-17	1.7617e-18
2.5568e+14	-4.4016e-18	1.5315e-17
2.5583e+14	-2.9028e-18	1.6963e-17
2.5598e+14	2.4159e-17	2.9896e-18
2.5613e+14	5.6657e-18	1.0977e-17
2.5628e+14	-1.0511e-17	2.0898e-17
2.5643e+14	1.7367e-17	7.4471e-18
2.5658e+14	1.6311e-17	6.5473e-18
2.5674e+14	-1.054e-17	2.0819e-17
2.5689e+14	6.9435e-18	1.1819e-17
2.5704e+14	2.2463e-17	1.1676e-18
2.5719e+14	-4.4715e-18	1.5589e-17
2.5734e+14	-2.6179e-18	1.7263e-17
2.5749e+14	2.3453e-17	1.6197e-18
2.5764e+14	5.1809e-18	9.197e-18
2.5779e+14	-9.6425e-18	2.073e-17
2.5794e+14	1.8217e-17	7.456e-18
2.5809e+14	1.5806e-17	4.9087e-18
2.5824e+14	-1.1521e-17	1.9523e-17
2.5839e+14	6.991e-18	1.241e-17
2.5854e+14	2.3496e-17	1.0168e-18
2.5869e+14	-3.95e-18	1.3437e-17
2.5884e+14	-3.1956e-18	1.6176e-17
2.5899e+14	2.3378e-17	2.6723e-18
2.5914e+14	6.4996e-18	9.518e-18
2.5929e+14	-8.8846e-18	1.9506e-17
2.5944e+14	1.7394e-17	6.4129e-18
2.5959e+14	1.5683e-17	3.7898e-18
2.5974e+14	-1e-17	1.7945e-17
2.5989e+14	7.721e-18	1.2706e-17
2.6004e+14	2.2674e-17	3.7491e-18
2.6019e+14	-4.2068e-18	1.5375e-17
2.6034e+14	-2.6461e-18	1.6049e-17
2.6049e+14	2.3073e-17	2.6298e-18
2.6064e+14	5.663e-18	1.0015e-17
2.6079e+14	-8.9679e-18	1.9318e-17
2.6094e+14	1.7721e-17	6.5486e-18
2.6109e+14	1.6015e-17	5.4132e-18
2.6124e+14	-9.301e-18	1.8966e-17
2.6139e+14	8.0664e-18	1.1154e-17
2.6154e+14	2.1773e-17	1.2554e-18
2.6169e+14	-5.2496e-18	1.4069e-17
2.6184e+14	-2.586e-18	1.5554e-17
2.6199e+14	2.3325e-17	2.1496e-18
2.6214e+14	4.92e-18	9.9252e-18
2.6229e+14	-1.0146e-17	1.9345e-17
2.6244e+14	1.6971e-17	5.5002e-18
2.6259e+14	1.5363e-17	3.6462e-18
2.6274e+14	-1.0258e-17	1.8292e-17
2.6289e+14	7.4957e-18	1.1731e-17
2.6304e+14	2.2207e-17	1.4453e-18
2.6319e+14	-4.6287e-18	1.36e-17
2.6335e+14	-2.7672e-18	1.5551e-17
2.635e+14	2.3001e-17	2.2395e-18
2.6365e+14	5.5522e-18	8.8902e-18
2.638e+14	-9.1096e-18	1.7908e-17
2.6395e+14	1.7249e-17	4.8791e-18
2.641e+14	1.5069e-17	2.8967e-18
2.6425e+14	-1.0257e-17	1.6391e-17
2.644e+14	7.9168e-18	1.0009e-17
2.6455e+14	2.2569e-17	1.2923e-18
2.647e+14	-4.7128e-18	1.4336e-17
2.6485e+14	-3.0483e-18	1.6154e-17
2.65e+14	2.3276e-17	2.6721e-18
2.6515e+14	6.3115e-18	9.315e-18
2.653e+14	-8.8053e-18	1.8511e-17
2.6545e+14	1.724e-17	5.8617e-18
2.656e+14	1.5534e-17	3.7509e-18
2.6575e+14	-1.0234e-17	1.6531e-17
2.659e+14	6.4933e-18	9.9619e-18
2.6605e+14	2.128e-17	1.6515e-18
2.662e+14	-4.5428e-18	1.4575e-17
2.6635e+14	-3.1242e-18	1.5832e-17
2.665e+14	2.1752e-17	2.2491e-18
2.6665e+14	4.9367e-18	9.0465e-18
2.668e+14	-9.1253e-18	1.8229e-17
2.6695e+14	1.7006e-17	5.8941e-18
2.671e+14	1.5444e-17	4.5217e-18
2.6725e+14	-9.3458e-18	1.7608e-17
2.674e+14	7.7655e-18	1.0459e-17
2.6755e+14	2.2103e-17	1.0159e-18
2.677e+14	-3.8942e-18	1.2791e-17
2.6785e+14	-2.5083e-18	1.3595e-17
2.68e+14	2.2202e-17	6.5827e-19
2.6815e+14	5.6054e-18	8.3711e-18
2.683e+14	-8.4008e-18	1.7485e-17
2.6845e+14	1.6837e-17	4.2507e-18
2.686e+14	1.4498e-17	2.4603e-18
2.6875e+14	-9.9638e-18	1.605e-17
2.689e+14	7.7782e-18	9.5316e-18
2.6905e+14	2.2421e-17	5.9458e-19
2.692e+14	-3.3891e-18	1.3351e-17
2.6935e+14	-2.1688e-18	1.5153e-17
2.695e+14	2.2007e-17	1.7947e-18
2.6965e+14	5.2453e-18	7.9692e-18
2.698e+14	-8.4487e-18	1.6537e-17
2.6995e+14	1.7103e-17	4.3887e-18
2.7011e+14	1.5104e-17	3.6916e-18
2.7026e+14	-9.1482e-18	1.7106e-17
2.7041e+14	8.0938e-18	9.4918e-18
2.7056e+14	2.187e-17	-3.7317e-19
2.7071e+14	-4.1701e-18	1.2431e-17
2.7086e+14	-2.3739e-18	1.4858e-17
2.7101e+14	2.2535e-17	1.5911e-18
2.7116e+14	5.9543e-18	7.5893e-18
2.7131e+14	-8.2528e-18	1.6766e-17
2.7146e+14	1.6968e-17	5.1091e-18
2.7161e+14	1.5402e-17	3.5121e-18
2.7176e+14	-8.6579e-18	1.6208e-17
2.7191e+14	8.0253e-18	9.5523e-18
2.7206e+14	2.187e-17	2.9958e-19
2.7221e+14	-3.1705e-18	1.185e-17
2.7236e+14	-1.2768e-18	1.33e-17
2.7251e+14	2.2445e-17	5.9935e-19
2.7266e+14	5.1373e-18	6.8372e-18
2.7281e+14	-8.8622e-18	1.5286e-17
2.7296e+14	1.6513e-17	3.4249e-18
2.7311e+14	1.4988e-17	2.2026e-18
2.7326e+14	-8.7706e-18	1.5091e-17
2.7341e+14	8.0045e-18	9.1081e-18
2.7356e+14	2.1431e-17	9.2921e-19
2.7371e+14	-4.0092e-18	1.2389e-17
2.7386e+14	-1.974e-18	1.3044e-17
2.7401e+14	2.2437e-17	8.0149e-19
2.7416e+14	5.8779e-18	7.9766e-18
2.7431e+14	-7.8784e-18	1.5941e-17
2.7446e+14	1.7239e-17	3.4281e-18
2.7461e+14	1.5166e-17	3.0406e-18
2.7476e+14	-9.4233e-18	1.6236e-17
2.7491e+14	6.8462e-18	8.3849e-18
2.7506e+14	2.0816e-17	-1.0648e-18
2.7521e+14	-3.8475e-18	1.1824e-17
2.7536e+14	-1.9526e-18	1.3731e-17
2.7551e+14	2.1907e-17	3.6335e-19
2.7566e+14	5.0011e-18	6.8445e-18
2.7581e+14	-9.2613e-18	1.6438e-17
2.7596e+14	1.5744e-17	4.8315e-18
2.7611e+14	1.4741e-17	2.7969e-18
2.7626e+14	-8.8763e-18	1.4818e-17
2.7641e+14	7.1534e-18	8.1088e-18
2.7656e+14	2.0931e-17	-4.275e-19
2.7672e+14	-3.3305e-18	1.1478e-17
2.7687e+14	-1.6621e-18	1.2326e-17
2.7702e+14	2.1778e-17	-7.4681e-19
2.7717e+14	5.6404e-18	6.5471e-18
2.7732e+14	-7.7704e-18	1.6451e-17
2.7747e+14	1.6717e-17	4.6395e-18
2.7762e+14	1.4937e-17	2.5032e-18
2.7777e+14	-8.7782e-18	1.4903e-17
2.7792e+14	6.9906e-18	8.3161e-18
2.7807e+14	2.0415e-17	-8.2207e-19
2.7822e+14	-3.3309e-18	1.1236e-17
2.7837e+14	-9.6029e-19	1.3717e-17
2.7852e+14	2.2127e-17	1.3484e-18
2.7867e+14	5.0846e-18	6.9397e-18
2.7882e+14	-8.616e-18	1.5168e-17
2.7897e+14	1.6278e-17	3.6293e-18
2.7912e+14	1.4956e-17	2.3373e-18
2.7927e+14	-8.5414e-18	1.5047e-17
2.7942e+14	7.494e-18	8.6742e-18
2.7957e+14	2.1148e-17	-6.7563e-19
2.7972e+14	-3.214e-18	1.0544e-17
2.7987e+14	-1.9895e-18	1.2799e-17
2.8002e+14	2.1222e-17	9.9204e-19
2.8017e+14	5.5676e-18	6.6173e-18
2.8032e+14	-7.8051e-18	1.4439e-17
2.8047e+14	1.5934e-17	2.8964e-18
2.8062e+14	1.4009e-17	1.4582e-18
2.8077e+14	-9.0684e-18	1.3825e-17
2.8092e+14	7.1527e-18	8.1499e-18
2.8107e+14	2.0693e-17	-9.4506e-20
2.8122e+14	-3.5043e-18	1.0582e-17
2.8137e+14	-2.0886e-18	1.1205e-17
2.8152e+14	2.1211e-17	-1.0398e-18
2.8167e+14	5.718e-18	5.4817e-18
2.8182e+14	-7.5792e-18	1.4208e-17
2.8197e+14	1.6323e-17	3.1635e-18
2.8212e+14	1.4809e-17	1.7269e-18
2.8227e+14	-8.3586e-18	1.3497e-17
2.8242e+14	7.2816e-18	7.4494e-18
2.8257e+14	2.0914e-17	-2.7761e-19
2.8272e+14	-2.8884e-18	1.0971e-17
2.8287e+14	-1.9306e-18	1.1453e-17
2.8302e+14	2.1053e-17	-1.0565e-18
2.8317e+14	6.1578e-18	5.5387e-18
2.8332e+14	-7.3192e-18	1.4188e-17
2.8348e+14	1.5524e-17	2.7905e-18
2.8363e+14	1.4414e-17	1.2726e-18
2.8378e+14	-7.4164e-18	1.3173e-17
2.8393e+14	7.8157e-18	6.8601e-18
2.8408e+14	2.0125e-17	-1.3324e-18
2.8423e+14	-3.5561e-18	1.0059e-17
2.8438e+14	-1.9133e-18	1.1226e-17
2.8453e+14	2.0957e-17	-8.698e-19
2.8468e+14	6.1785e-18	5.6933e-18
2.8483e+14	-6.662e-18	1.4286e-17
2.8498e+14	1.6112e-17	2.9321e-18
2.8513e+14	1.4478e-17	1.5697e-18
2.8528e+14	-7.3104e-18	1.3797e-17
2.8543e+14	8.1604e-18	7.6189e-18
2.8558e+14	2.0548e-17	-8.231e-19
2.8573e+14	-2.7907e-18	1.0481e-17
2.8588e+14	-9.6414e-19	1.1737e-17
2.8603e+14	2.1187e-17	-8.1158e-19
2.8618e+14	5.3844e-18	5.1854e-18
2.8633e+14	-7.8009e-18	1.4096e-17
2.8648e+14	1.5302e-17	3.2315e-18
2.8663e+14	1.4145e-17	1.5988e-18
2.8678e+14	-7.4495e-18	1.374e-17
2.8693e+14	7.8273e-18	8.03e-18
2.8708e+14	2.0027e-17	-7.6106e-19
2.8723e+14	-3.1651e-18	9.6784e-18
2.8738e+14	-1.0303e-18	1.1413e-17
2.8753e+14	2.1407e-17	-3.2849e-20
2.8768e+14	5.7929e-18	5.6656e-18
2.8783e+14	-7.4842e-18	1.361e-17
2.8798e+14	1.5299e-17	2.5634e-18
2.8813e+14	1.381e-17	8.1818e-19
2.8828e+14	-8.0776e-18	1.2691e-17
2.8843e+14	7.2705e-18	7.6862e-18
2.8858e+14	2.0103e-17	-2.2009e-19
2.8873e+14	-2.8454e-18	9.6657e-18
2.8888e+14	-1.5135e-18	1.0563e-17
2.8903e+14	2.0322e-17	-5.3149e-19
2.8918e+14	5.3513e-18	5.3892e-18
2.8933e+14	-6.9469e-18	1.2683e-17
2.8948e+14	1.6323e-17	1.8738e-18
2.8963e+14	1.5037e-17	1.3356e-18
2.8978e+14	-7.1698e-18	1.3007e-17
2.8993e+14	7.1759e-18	6.4914e-18
2.9009e+14	1.9277e-17	-1.4728e-18
2.9024e+14	-3.586e-18	9.9424e-18
2.9039e+14	-1.7443e-18	1.1292e-17
2.9054e+14	2.0914e-17	-7.1961e-19
2.9069e+14	6.524e-18	5.2258e-18
2.9084e+14	-6.6267e-18	1.3483e-17
2.9099e+14	1.5056e-17	2.2138e-18
2.9114e+14	1.3571e-17	1.4677e-19
2.9129e+14	-7.4991e-18	1.209e-17
2.9144e+14	7.6368e-18	7.3331e-18
2.9159e+14	1.987e-17	-6.3424e-19
2.9174e+14	-3.1379e-18	9.0559e-18
2.9189e+14	-1.8655e-18	1.0142e-17
2.9204e+14	2.0235e-17	-5.7438e-19
2.9219e+14	5.9446e-18	5.4999e-18
2.9234e+14	-6.7666e-18	1.2859e-17
2.9249e+14	1.5361e-17	1.9214e-18
2.9264e+14	1.4098e-17	8.4759e-19
2.9279e+14	-7.6954e-18	1.2381e-17
2.9294e+14	6.4935e-18	6.5489e-18
2.9309e+14	1.9497e-17	-1.2416e-18
2.9324e+14	-2.0023e-18	9.2951e-18
2.9339e+14	-1.157e-18	1.0311e-17
2.9354e+14	1.9709e-17	-1.0075e-18
2.9369e+14	5.9516e-18	5.0649e-18
2.9384e+14	-5.9355e-18	1.2697e-17
2.9399e+14	1.5401e-17	1.6551e-18
2.9414e+14	1.3773e-17	6.3274e-19
2.9429e+14	-6.7538e-18	1.2729e-17
2.9444e+14	7.8511e-18	7.1487e-18
2.9459e+14	1.9545e-17	-9.046e-19
2.9474e+14	-2.7528e-18	9.7562e-18
2.9489e+14	-1.5561e-18	1.1041e-17
2.9504e+14	1.943e-17	-9.3234e-19
2.9519e+14	5.4448e-18	4.3829e-18
2.9534e+14	-6.2546e-18	1.2502e-17
2.9549e+14	1.5466e-17	1.9937e-18
2.9564e+14	1.3849e-17	1.808e-19
2.9579e+14	-6.9582e-18	1.1581e-17
2.9594e+14	7.6112e-18	6.4365e-18
2.9609e+14	1.9748e-17	-1.5655e-18
2.9624e+14	-2.2653e-18	8.442e-18
2.9639e+14	-1.4223e-18	1.0065e-17
2.9654e+14	1.9354e-17	-8.8886e-19
2.967e+14	5.6927e-18	4.4021e-18
2.9685e+14	-6.1758e-18	1.2092e-17
2.97e+14	1.4935e-17	2.0113e-18
2.9715e+14	1.3669e-17	5.3614e-19
2.973e+14	-6.4428e-18	1.1516e-17
2.9745e+14	7.3706e-18	6.305e-18
2.976e+14	1.8346e-17	-1.2259e-18
2.9775e+14	-3.0712e-18	8.8714e-18
2.979e+14	-8.36e-19	1.0372e-17
2.9805e+14	2.0008e-17	-5.9253e-19
2.982e+14	5.6171e-18	4.3027e-18
2.9835e+14	-6.19e-18	1.1675e-17
2.985e+14	1.5512e-17	2.2816e-18
2.9865e+14	1.4199e-17	1.4848e-18
2.988e+14	-6.4713e-18	1.1888e-17
2.9895e+14	7.442e-18	5.9575e-18
2.991e+14	1.9275e-17	-1.26e-18
2.9925e+14	-2.0456e-18	9.1661e-18
2.994e+14	-1.051e-18	1.0207e-17
2.9955e+14	1.8821e-17	-1.0147e-18
2.997e+14	4.5893e-18	4.3197e-18
2.9985e+14	-7.0084e-18	1.1846e-17
3e+14	1.4842e-17	1.8983e-18
