#Error on normalization	O = 2.555 %	H = 1.887 %
#Frequence (s-1)	S_O (s)	S_H (s)
0	2.6589e-15	8.2607e-15
1.9881e+11	-4.7435e-17	8.0357e-15
3.9761e+11	-1.2612e-15	7.5016e-15
5.9642e+11	2.6023e-15	7.2372e-15
7.9523e+11	3.2257e-15	7.6976e-15
9.9404e+11	1.034e-15	8.266e-15
1.1928e+12	3.5009e-15	8.2667e-15
1.3917e+12	7.6826e-15	8.3454e-15
1.5905e+12	9.9291e-15	8.9662e-15
1.7893e+12	1.3618e-14	9.0148e-15
1.9881e+12	1.6239e-14	8.1425e-15
2.1869e+12	1.5176e-14	8.1286e-15
2.3857e+12	1.8362e-14	9.5724e-15
2.5845e+12	2.6235e-14	1.043e-14
2.7833e+12	2.83e-14	9.8462e-15
2.9821e+12	2.7157e-14	9.5396e-15
3.1809e+12	3.0956e-14	1.0137e-14
3.3797e+12	3.2036e-14	1.0469e-14
3.5785e+12	2.7157e-14	1.0562e-14
3.7773e+12	2.9572e-14	1.1058e-14
3.9761e+12	3.9082e-14	1.1124e-14
4.175e+12	4.2199e-14	1.0603e-14
4.3738e+12	4.3034e-14	1.1131e-14
4.5726e+12	4.9661e-14	1.255e-14
4.7714e+12	5.2419e-14	1.2738e-14
4.9702e+12	5.0545e-14	1.2055e-14
5.169e+12	5.8171e-14	1.2533e-14
5.3678e+12	6.8456e-14	1.3364e-14
5.5666e+12	6.4337e-14	1.2753e-14
5.7654e+12	5.6231e-14	1.1955e-14
5.9642e+12	5.8309e-14	1.2623e-14
6.163e+12	5.9313e-14	1.3627e-14
6.3618e+12	5.5066e-14	1.3693e-14
6.5606e+12	6.0667e-14	1.3284e-14
6.7594e+12	7.0585e-14	1.2725e-14
6.9583e+12	6.3367e-14	1.2127e-14
7.1571e+12	4.7931e-14	1.2242e-14
7.3559e+12	5.1668e-14	1.2924e-14
7.5547e+12	7.1939e-14	1.3202e-14
7.7535e+12	8.0956e-14	1.3437e-14
7.9523e+12	6.7934e-14	1.4088e-14
8.1511e+12	5.1152e-14	1.3962e-14
8.3499e+12	5.1162e-14	1.2884e-14
8.5487e+12	6.2457e-14	1.2621e-14
8.7475e+12	6.3386e-14	1.3227e-14
8.9463e+12	5.2737e-14	1.3234e-14
9.1451e+12	4.8855e-14	1.3333e-14
9.3439e+12	5.3136e-14	1.4556e-14
9.5427e+12	5.3198e-14	1.516e-14
9.7416e+12	5.3761e-14	1.4184e-14
9.9404e+12	6.2421e-14	1.3871e-14
1.0139e+13	6.6233e-14	1.5015e-14
1.0338e+13	5.8146e-14	1.5374e-14
1.0537e+13	5.2844e-14	1.4503e-14
1.0736e+13	5.5757e-14	1.4409e-14
1.0934e+13	5.7713e-14	1.5289e-14
1.1133e+13	6.0673e-14	1.556e-14
1.1332e+13	6.7489e-14	1.4992e-14
1.1531e+13	6.5902e-14	1.4459e-14
1.173e+13	5.5039e-14	1.433e-14
1.1928e+13	5.259e-14	1.463e-14
1.2127e+13	5.9246e-14	1.5121e-14
1.2326e+13	5.9535e-14	1.523e-14
1.2525e+13	5.6289e-14	1.4877e-14
1.2724e+13	6.0394e-14	1.4526e-14
1.2922e+13	6.2798e-14	1.4463e-14
1.3121e+13	5.331e-14	1.4785e-14
1.332e+13	4.2742e-14	1.5212e-14
1.3519e+13	4.2594e-14	1.5026e-14
1.3718e+13	4.8015e-14	1.4588e-14
1.3917e+13	5.1009e-14	1.5292e-14
1.4115e+13	5.0348e-14	1.6642e-14
1.4314e+13	4.8233e-14	1.6483e-14
1.4513e+13	4.7661e-14	1.4996e-14
1.4712e+13	4.9003e-14	1.4489e-14
1.4911e+13	4.9606e-14	1.529e-14
1.5109e+13	5.0217e-14	1.5855e-14
1.5308e+13	5.2899e-14	1.5843e-14
1.5507e+13	5.3709e-14	1.5876e-14
1.5706e+13	4.9928e-14	1.6075e-14
1.5905e+13	4.7116e-14	1.6448e-14
1.6103e+13	4.7836e-14	1.6727e-14
1.6302e+13	4.6398e-14	1.6268e-14
1.6501e+13	4.15e-14	1.5719e-14
1.67e+13	3.8715e-14	1.644e-14
1.6899e+13	3.9168e-14	1.7553e-14
1.7097e+13	3.9169e-14	1.7214e-14
1.7296e+13	3.7801e-14	1.6285e-14
1.7495e+13	3.669e-14	1.6486e-14
1.7694e+13	3.7392e-14	1.6843e-14
1.7893e+13	4.0308e-14	1.6072e-14
1.8091e+13	4.2097e-14	1.5524e-14
1.829e+13	3.9108e-14	1.6244e-14
1.8489e+13	3.405e-14	1.6612e-14
1.8688e+13	3.0909e-14	1.557e-14
1.8887e+13	2.7534e-14	1.4774e-14
1.9085e+13	2.235e-14	1.5597e-14
1.9284e+13	1.9677e-14	1.6763e-14
1.9483e+13	2.0959e-14	1.657e-14
1.9682e+13	2.1361e-14	1.5605e-14
1.9881e+13	1.8851e-14	1.5672e-14
2.008e+13	1.6617e-14	1.6819e-14
2.0278e+13	1.6607e-14	1.7285e-14
2.0477e+13	1.8024e-14	1.6374e-14
2.0676e+13	1.9341e-14	1.5276e-14
2.0875e+13	1.8518e-14	1.4886e-14
2.1074e+13	1.5328e-14	1.5073e-14
2.1272e+13	1.3077e-14	1.5863e-14
2.1471e+13	1.4112e-14	1.6993e-14
2.167e+13	1.6195e-14	1.7242e-14
2.1869e+13	1.6016e-14	1.6273e-14
2.2068e+13	1.3434e-14	1.5392e-14
2.2266e+13	1.0907e-14	1.5204e-14
2.2465e+13	1.025e-14	1.5164e-14
2.2664e+13	1.0607e-14	1.5574e-14
2.2863e+13	1.0241e-14	1.6695e-14
2.3062e+13	9.4157e-15	1.6912e-14
2.326e+13	9.1502e-15	1.5411e-14
2.3459e+13	8.9503e-15	1.44e-14
2.3658e+13	8.4716e-15	1.5278e-14
2.3857e+13	8.3988e-15	1.6145e-14
2.4056e+13	8.269e-15	1.5903e-14
2.4254e+13	7.3544e-15	1.6082e-14
2.4453e+13	6.8255e-15	1.6755e-14
2.4652e+13	7.2271e-15	1.6099e-14
2.4851e+13	7.0768e-15	1.4736e-14
2.505e+13	6.3541e-15	1.4836e-14
2.5249e+13	6.4774e-15	1.5694e-14
2.5447e+13	6.7884e-15	1.5515e-14
2.5646e+13	6.1814e-15	1.5193e-14
2.5845e+13	5.7348e-15	1.5836e-14
2.6044e+13	5.9719e-15	1.6228e-14
2.6243e+13	5.7622e-15	1.5754e-14
2.6441e+13	5.1806e-15	1.534e-14
2.664e+13	4.909e-15	1.4774e-14
2.6839e+13	4.4333e-15	1.3816e-14
2.7038e+13	4.0582e-15	1.405e-14
2.7237e+13	4.7734e-15	1.5321e-14
2.7435e+13	5.3986e-15	1.4839e-14
2.7634e+13	4.6859e-15	1.2911e-14
2.7833e+13	4.0996e-15	1.296e-14
2.8032e+13	4.5024e-15	1.4661e-14
2.8231e+13	4.5337e-15	1.4868e-14
2.8429e+13	4.0829e-15	1.4181e-14
2.8628e+13	4.0567e-15	1.4738e-14
2.8827e+13	3.7798e-15	1.5019e-14
2.9026e+13	3.096e-15	1.3697e-14
2.9225e+13	3.3312e-15	1.3161e-14
2.9423e+13	3.9719e-15	1.4348e-14
2.9622e+13	3.5777e-15	1.4704e-14
2.9821e+13	3.1884e-15	1.3776e-14
3.002e+13	3.7487e-15	1.4007e-14
3.0219e+13	3.7542e-15	1.5476e-14
3.0417e+13	2.9292e-15	1.5772e-14
3.0616e+13	2.9178e-15	1.4352e-14
3.0815e+13	3.4062e-15	1.302e-14
3.1014e+13	3.0809e-15	1.3097e-14
3.1213e+13	2.6935e-15	1.3895e-14
3.1412e+13	2.9176e-15	1.3765e-14
3.161e+13	2.8085e-15	1.2794e-14
3.1809e+13	2.4043e-15	1.3008e-14
3.2008e+13	2.583e-15	1.4439e-14
3.2207e+13	2.7939e-15	1.4555e-14
3.2406e+13	2.494e-15	1.3309e-14
3.2604e+13	2.4497e-15	1.3301e-14
3.2803e+13	2.7141e-15	1.4083e-14
3.3002e+13	2.5445e-15	1.3148e-14
3.3201e+13	2.2789e-15	1.1804e-14
3.34e+13	2.4053e-15	1.2711e-14
3.3598e+13	2.3955e-15	1.4122e-14
3.3797e+13	2.124e-15	1.3423e-14
3.3996e+13	2.1097e-15	1.2338e-14
3.4195e+13	2.2157e-15	1.3153e-14
3.4394e+13	2.1353e-15	1.4542e-14
3.4592e+13	2.0833e-15	1.4621e-14
3.4791e+13	2.043e-15	1.3662e-14
3.499e+13	1.8937e-15	1.2613e-14
3.5189e+13	1.9202e-15	1.231e-14
3.5388e+13	2.0276e-15	1.3191e-14
3.5586e+13	1.8574e-15	1.3914e-14
3.5785e+13	1.7951e-15	1.2899e-14
3.5984e+13	2.0814e-15	1.1559e-14
3.6183e+13	2.0658e-15	1.2223e-14
3.6382e+13	1.708e-15	1.3853e-14
3.6581e+13	1.7365e-15	1.3958e-14
3.6779e+13	1.9601e-15	1.3038e-14
3.6978e+13	1.7795e-15	1.3045e-14
3.7177e+13	1.5545e-15	1.3568e-14
3.7376e+13	1.6041e-15	1.3186e-14
3.7575e+13	1.5641e-15	1.2502e-14
3.7773e+13	1.506e-15	1.2708e-14
3.7972e+13	1.6924e-15	1.3153e-14
3.8171e+13	1.7281e-15	1.2861e-14
3.837e+13	1.5377e-15	1.2466e-14
3.8569e+13	1.6586e-15	1.2713e-14
3.8767e+13	1.9155e-15	1.3055e-14
3.8966e+13	1.7679e-15	1.309e-14
3.9165e+13	1.5359e-15	1.3266e-14
3.9364e+13	1.5851e-15	1.3497e-14
3.9563e+13	1.5875e-15	1.3196e-14
3.9761e+13	1.4841e-15	1.2686e-14
3.996e+13	1.5459e-15	1.2706e-14
4.0159e+13	1.5791e-15	1.307e-14
4.0358e+13	1.4382e-15	1.3108e-14
4.0557e+13	1.4241e-15	1.2544e-14
4.0755e+13	1.5225e-15	1.1607e-14
4.0954e+13	1.4822e-15	1.1149e-14
4.1153e+13	1.4395e-15	1.1869e-14
4.1352e+13	1.4691e-15	1.2893e-14
4.1551e+13	1.3858e-15	1.2864e-14
4.175e+13	1.3307e-15	1.2241e-14
4.1948e+13	1.4514e-15	1.2296e-14
4.2147e+13	1.4396e-15	1.2795e-14
4.2346e+13	1.2267e-15	1.2846e-14
4.2545e+13	1.143e-15	1.2494e-14
4.2744e+13	1.1794e-15	1.2079e-14
4.2942e+13	1.1914e-15	1.179e-14
4.3141e+13	1.315e-15	1.1932e-14
4.334e+13	1.4433e-15	1.2136e-14
4.3539e+13	1.322e-15	1.1661e-14
4.3738e+13	1.2038e-15	1.1139e-14
4.3936e+13	1.3069e-15	1.1526e-14
4.4135e+13	1.329e-15	1.1903e-14
4.4334e+13	1.224e-15	1.1359e-14
4.4533e+13	1.2701e-15	1.1168e-14
4.4732e+13	1.3277e-15	1.2153e-14
4.493e+13	1.2293e-15	1.2808e-14
4.5129e+13	1.2237e-15	1.2213e-14
4.5328e+13	1.298e-15	1.1458e-14
4.5527e+13	1.1988e-15	1.1244e-14
4.5726e+13	1.1043e-15	1.124e-14
4.5924e+13	1.1516e-15	1.1393e-14
4.6123e+13	1.0942e-15	1.147e-14
4.6322e+13	1.0247e-15	1.0795e-14
4.6521e+13	1.1568e-15	9.7959e-15
4.672e+13	1.1515e-15	9.7507e-15
4.6918e+13	9.2861e-16	1.0617e-14
4.7117e+13	9.9762e-16	1.1136e-14
4.7316e+13	1.2332e-15	1.084e-14
4.7515e+13	1.0813e-15	1.0387e-14
4.7714e+13	8.6487e-16	1.0296e-14
4.7913e+13	1.0293e-15	1.0308e-14
4.8111e+13	1.1171e-15	9.9983e-15
4.831e+13	8.9455e-16	9.5895e-15
4.8509e+13	8.351e-16	9.5407e-15
4.8708e+13	9.404e-16	9.608e-15
4.8907e+13	8.729e-16	9.4184e-15
4.9105e+13	8.2898e-16	9.3031e-15
4.9304e+13	9.1862e-16	9.3078e-15
4.9503e+13	8.6281e-16	8.8669e-15
4.9702e+13	8.1151e-16	8.4189e-15
4.9901e+13	9.8493e-16	8.9305e-15
5.0099e+13	1.0006e-15	9.594e-15
5.0298e+13	7.7928e-16	9.0635e-15
5.0497e+13	7.9985e-16	8.1878e-15
5.0696e+13	9.3899e-16	8.3241e-15
5.0895e+13	7.7477e-16	8.7429e-15
5.1093e+13	6.5346e-16	8.4357e-15
5.1292e+13	8.6633e-16	8.0313e-15
5.1491e+13	9.3958e-16	8.1335e-15
5.169e+13	7.4722e-16	8.2746e-15
5.1889e+13	7.3335e-16	8.1226e-15
5.2087e+13	8.3595e-16	7.8207e-15
5.2286e+13	7.405e-16	7.5701e-15
5.2485e+13	6.549e-16	7.6496e-15
5.2684e+13	7.4546e-16	7.8524e-15
5.2883e+13	7.7764e-16	7.5151e-15
5.3082e+13	7.1296e-16	7.0002e-15
5.328e+13	6.8656e-16	7.2414e-15
5.3479e+13	6.4832e-16	7.6213e-15
5.3678e+13	6.2265e-16	7.077e-15
5.3877e+13	6.8795e-16	6.4333e-15
5.4076e+13	6.9163e-16	6.6642e-15
5.4274e+13	6.1352e-16	6.8233e-15
5.4473e+13	6.558e-16	6.1934e-15
5.4672e+13	7.0454e-16	5.7249e-15
5.4871e+13	5.8134e-16	5.8645e-15
5.507e+13	5.4474e-16	5.9343e-15
5.5268e+13	6.9431e-16	5.8531e-15
5.5467e+13	6.9133e-16	5.9061e-15
5.5666e+13	5.6121e-16	5.8222e-15
5.5865e+13	6.4664e-16	5.7073e-15
5.6064e+13	8.0065e-16	6.0163e-15
5.6262e+13	7.3314e-16	6.2014e-15
5.6461e+13	6.264e-16	5.6621e-15
5.666e+13	6.3432e-16	5.2388e-15
5.6859e+13	5.9981e-16	5.5762e-15
5.7058e+13	5.385e-16	5.7189e-15
5.7256e+13	5.75e-16	5.1007e-15
5.7455e+13	6.0811e-16	4.7223e-15
5.7654e+13	5.8464e-16	5.1245e-15
5.7853e+13	6.0203e-16	5.4352e-15
5.8052e+13	6.1859e-16	5.1566e-15
5.825e+13	5.8066e-16	4.9278e-15
5.8449e+13	5.7286e-16	5.1045e-15
5.8648e+13	5.7349e-16	5.1807e-15
5.8847e+13	5.2876e-16	4.9284e-15
5.9046e+13	5.5093e-16	4.8482e-15
5.9245e+13	6.246e-16	5.1107e-15
5.9443e+13	5.8051e-16	5.1476e-15
5.9642e+13	4.9871e-16	4.779e-15
5.9841e+13	5.2091e-16	4.627e-15
6.004e+13	5.1808e-16	4.8745e-15
6.0239e+13	4.5805e-16	4.8775e-15
6.0437e+13	5.0822e-16	4.4721e-15
6.0636e+13	5.8494e-16	4.2574e-15
6.0835e+13	5.3341e-16	4.3428e-15
6.1034e+13	5.112e-16	4.2702e-15
6.1233e+13	5.8178e-16	4.0895e-15
6.1431e+13	5.468e-16	4.1436e-15
6.163e+13	4.5638e-16	4.2236e-15
6.1829e+13	4.9725e-16	4.0855e-15
6.2028e+13	5.3623e-16	4.0726e-15
6.2227e+13	4.6366e-16	4.3627e-15
6.2425e+13	4.5118e-16	4.51e-15
6.2624e+13	5.0861e-16	4.3003e-15
6.2823e+13	4.9542e-16	4.0918e-15
6.3022e+13	4.911e-16	4.0205e-15
6.3221e+13	5.3606e-16	3.8522e-15
6.3419e+13	4.8251e-16	3.6928e-15
6.3618e+13	4.0346e-16	3.8571e-15
6.3817e+13	4.6628e-16	4.1103e-15
6.4016e+13	5.2312e-16	4.0101e-15
6.4215e+13	4.5582e-16	3.7532e-15
6.4414e+13	4.3011e-16	3.763e-15
6.4612e+13	4.6406e-16	3.9117e-15
6.4811e+13	4.3148e-16	3.9653e-15
6.501e+13	4.3079e-16	4.0662e-15
6.5209e+13	5.2108e-16	4.1795e-15
6.5408e+13	5.2233e-16	4.0276e-15
6.5606e+13	4.27e-16	3.7853e-15
6.5805e+13	3.9046e-16	3.7485e-15
6.6004e+13	3.6694e-16	3.652e-15
6.6203e+13	3.2305e-16	3.3785e-15
6.6402e+13	3.8545e-16	3.4062e-15
6.66e+13	4.773e-16	3.7242e-15
6.6799e+13	4.3738e-16	3.7144e-15
6.6998e+13	4.0401e-16	3.4683e-15
6.7197e+13	4.7983e-16	3.5645e-15
6.7396e+13	4.861e-16	3.7999e-15
6.7594e+13	4.1325e-16	3.7226e-15
6.7793e+13	4.3326e-16	3.571e-15
6.7992e+13	4.6616e-16	3.5313e-15
6.8191e+13	4.0082e-16	3.3629e-15
6.839e+13	3.8669e-16	3.2383e-15
6.8588e+13	4.6053e-16	3.4726e-15
6.8787e+13	4.5913e-16	3.6839e-15
6.8986e+13	4.0685e-16	3.556e-15
6.9185e+13	4.1139e-16	3.5401e-15
6.9384e+13	4.0828e-16	3.8471e-15
6.9583e+13	3.8806e-16	3.9665e-15
6.9781e+13	4.3255e-16	3.656e-15
6.998e+13	4.6308e-16	3.2839e-15
7.0179e+13	4.1355e-16	3.1895e-15
7.0378e+13	4.0088e-16	3.3934e-15
7.0577e+13	4.3698e-16	3.6283e-15
7.0775e+13	4.2089e-16	3.5659e-15
7.0974e+13	4.1407e-16	3.3488e-15
7.1173e+13	4.6173e-16	3.4141e-15
7.1372e+13	4.3828e-16	3.685e-15
7.1571e+13	3.6693e-16	3.7851e-15
7.1769e+13	4.0107e-16	3.7761e-15
7.1968e+13	4.608e-16	3.8218e-15
7.2167e+13	4.1207e-16	3.7839e-15
7.2366e+13	3.6718e-16	3.7104e-15
7.2565e+13	4.1074e-16	3.8102e-15
7.2763e+13	4.3148e-16	3.8693e-15
7.2962e+13	4.0123e-16	3.6163e-15
7.3161e+13	4.0527e-16	3.3009e-15
7.336e+13	4.3831e-16	3.2489e-15
7.3559e+13	4.5011e-16	3.4046e-15
7.3757e+13	4.2911e-16	3.5261e-15
7.3956e+13	3.7942e-16	3.4146e-15
7.4155e+13	3.6364e-16	3.2067e-15
7.4354e+13	4.2545e-16	3.3485e-15
7.4553e+13	4.6101e-16	3.7285e-15
7.4751e+13	4.1278e-16	3.6563e-15
7.495e+13	4.0036e-16	3.2599e-15
7.5149e+13	4.506e-16	3.3676e-15
7.5348e+13	4.4894e-16	3.8066e-15
7.5547e+13	4.069e-16	3.8216e-15
7.5746e+13	3.9024e-16	3.7029e-15
7.5944e+13	3.5827e-16	3.9275e-15
7.6143e+13	3.4592e-16	3.9574e-15
7.6342e+13	4.3147e-16	3.5772e-15
7.6541e+13	4.8505e-16	3.4885e-15
7.674e+13	4.0302e-16	3.6994e-15
7.6938e+13	3.5385e-16	3.6146e-15
7.7137e+13	4.1528e-16	3.5573e-15
7.7336e+13	4.3025e-16	3.9507e-15
7.7535e+13	3.8905e-16	4.1481e-15
7.7734e+13	4.0359e-16	3.8609e-15
7.7932e+13	4.1064e-16	3.8598e-15
7.8131e+13	3.7e-16	4.2597e-15
7.833e+13	4.0415e-16	4.3183e-15
7.8529e+13	4.8982e-16	4.0559e-15
7.8728e+13	4.8872e-16	3.9959e-15
7.8926e+13	4.5529e-16	3.9636e-15
7.9125e+13	4.7201e-16	3.7241e-15
7.9324e+13	4.567e-16	3.6377e-15
7.9523e+13	4.0451e-16	3.805e-15
7.9722e+13	4.1552e-16	3.8862e-15
7.992e+13	4.528e-16	3.9179e-15
8.0119e+13	4.5018e-16	4.1131e-15
8.0318e+13	4.6519e-16	4.2597e-15
8.0517e+13	5.016e-16	4.1923e-15
8.0716e+13	4.9355e-16	4.187e-15
8.0915e+13	4.7795e-16	4.4069e-15
8.1113e+13	4.9619e-16	4.6092e-15
8.1312e+13	4.9756e-16	4.5537e-15
8.1511e+13	4.8201e-16	4.2723e-15
8.171e+13	4.8622e-16	3.9995e-15
8.1909e+13	4.8115e-16	3.9632e-15
8.2107e+13	4.7699e-16	4.1195e-15
8.2306e+13	5.1484e-16	4.2373e-15
8.2505e+13	5.2731e-16	4.2877e-15
8.2704e+13	4.7498e-16	4.4088e-15
8.2903e+13	4.5127e-16	4.532e-15
8.3101e+13	4.7283e-16	4.4702e-15
8.33e+13	4.7687e-16	4.2847e-15
8.3499e+13	5.0419e-16	4.1899e-15
8.3698e+13	5.5939e-16	4.2121e-15
8.3897e+13	5.4426e-16	4.2293e-15
8.4095e+13	5.1517e-16	4.238e-15
8.4294e+13	5.7787e-16	4.3448e-15
8.4493e+13	6.0319e-16	4.5477e-15
8.4692e+13	5.151e-16	4.7056e-15
8.4891e+13	4.9237e-16	4.7074e-15
8.5089e+13	5.4629e-16	4.5795e-15
8.5288e+13	4.9376e-16	4.4737e-15
8.5487e+13	4.2189e-16	4.5194e-15
8.5686e+13	5.0014e-16	4.5808e-15
8.5885e+13	5.7062e-16	4.4061e-15
8.6083e+13	5.0549e-16	4.1952e-15
8.6282e+13	4.7653e-16	4.4615e-15
8.6481e+13	5.3784e-16	5.0749e-15
8.668e+13	5.454e-16	5.2954e-15
8.6879e+13	5.1103e-16	4.9823e-15
8.7078e+13	5.1175e-16	4.7134e-15
8.7276e+13	5.0295e-16	4.6636e-15
8.7475e+13	5.0404e-16	4.5312e-15
8.7674e+13	5.6477e-16	4.3765e-15
8.7873e+13	5.7876e-16	4.4633e-15
8.8072e+13	5.0969e-16	4.6916e-15
8.827e+13	4.9759e-16	4.8974e-15
8.8469e+13	5.4736e-16	5.1024e-15
8.8668e+13	5.5339e-16	5.2195e-15
8.8867e+13	5.5255e-16	5.1455e-15
8.9066e+13	5.6458e-16	4.9695e-15
8.9264e+13	5.2006e-16	4.7367e-15
8.9463e+13	5.0469e-16	4.5533e-15
8.9662e+13	5.8848e-16	4.7658e-15
8.9861e+13	5.9008e-16	5.2656e-15
9.006e+13	4.8179e-16	5.3339e-15
9.0258e+13	5.175e-16	4.9041e-15
9.0457e+13	6.598e-16	4.7675e-15
9.0656e+13	6.1946e-16	5.1072e-15
9.0855e+13	4.9457e-16	5.3346e-15
9.1054e+13	5.7057e-16	5.3459e-15
9.1252e+13	7.2297e-16	5.4484e-15
9.1451e+13	7.0558e-16	5.5428e-15
9.165e+13	6.1719e-16	5.5068e-15
9.1849e+13	6.2684e-16	5.5171e-15
9.2048e+13	6.8274e-16	5.5041e-15
9.2247e+13	6.8946e-16	5.3376e-15
9.2445e+13	6.422e-16	5.3302e-15
9.2644e+13	5.9072e-16	5.5874e-15
9.2843e+13	5.9808e-16	5.6716e-15
9.3042e+13	6.4894e-16	5.5075e-15
9.3241e+13	6.725e-16	5.4601e-15
9.3439e+13	6.8512e-16	5.4942e-15
9.3638e+13	7.1042e-16	5.4652e-15
9.3837e+13	6.7855e-16	5.6368e-15
9.4036e+13	6.1068e-16	5.9649e-15
9.4235e+13	6.2878e-16	5.976e-15
9.4433e+13	6.9443e-16	5.7841e-15
9.4632e+13	6.922e-16	5.8252e-15
9.4831e+13	6.6659e-16	5.8284e-15
9.503e+13	6.6123e-16	5.5367e-15
9.5229e+13	6.1591e-16	5.5626e-15
9.5427e+13	5.8142e-16	6.1507e-15
9.5626e+13	6.4525e-16	6.4423e-15
9.5825e+13	7.0778e-16	6.0782e-15
9.6024e+13	6.8603e-16	5.9191e-15
9.6223e+13	6.6594e-16	6.3766e-15
9.6421e+13	6.6671e-16	6.6852e-15
9.662e+13	6.4264e-16	6.3913e-15
9.6819e+13	6.6501e-16	6.0748e-15
9.7018e+13	7.4308e-16	6.1985e-15
9.7217e+13	7.4474e-16	6.4305e-15
9.7416e+13	6.8339e-16	6.3921e-15
9.7614e+13	6.75e-16	6.2078e-15
9.7813e+13	6.7481e-16	6.1275e-15
9.8012e+13	6.4705e-16	6.1988e-15
9.8211e+13	6.9294e-16	6.3524e-15
9.841e+13	7.867e-16	6.4029e-15
9.8608e+13	8.1062e-16	6.1456e-15
9.8807e+13	8.0248e-16	5.7962e-15
9.9006e+13	7.8526e-16	5.8894e-15
9.9205e+13	6.9099e-16	6.4011e-15
9.9404e+13	6.3553e-16	6.6725e-15
9.9602e+13	7.3598e-16	6.4901e-15
9.9801e+13	7.8823e-16	6.329e-15
1e+14	6.8201e-16	6.3747e-15
1.002e+14	6.5998e-16	6.374e-15
1.004e+14	7.6148e-16	6.3879e-15
1.006e+14	7.4324e-16	6.5813e-15
1.008e+14	6.6475e-16	6.6107e-15
1.0099e+14	7.3055e-16	6.2444e-15
1.0119e+14	7.9189e-16	5.9746e-15
1.0139e+14	7.1843e-16	6.1757e-15
1.0159e+14	7.0904e-16	6.4663e-15
1.0179e+14	7.8735e-16	6.4751e-15
1.0199e+14	7.3216e-16	6.3789e-15
1.0219e+14	6.0967e-16	6.3973e-15
1.0239e+14	6.222e-16	6.483e-15
1.0258e+14	6.6254e-16	6.5124e-15
1.0278e+14	6.127e-16	6.3564e-15
1.0298e+14	6.0891e-16	6.0127e-15
1.0318e+14	6.7652e-16	5.7577e-15
1.0338e+14	6.7474e-16	5.7797e-15
1.0358e+14	6.5132e-16	5.8928e-15
1.0378e+14	7.1861e-16	5.9376e-15
1.0398e+14	7.5918e-16	5.9605e-15
1.0417e+14	6.6196e-16	5.8785e-15
1.0437e+14	5.5968e-16	5.6437e-15
1.0457e+14	5.814e-16	5.5437e-15
1.0477e+14	6.5034e-16	5.6664e-15
1.0497e+14	6.533e-16	5.6433e-15
1.0517e+14	6.1655e-16	5.4379e-15
1.0537e+14	6.3008e-16	5.4518e-15
1.0557e+14	6.7482e-16	5.6138e-15
1.0577e+14	6.4682e-16	5.5288e-15
1.0596e+14	5.6746e-16	5.3813e-15
1.0616e+14	5.704e-16	5.4836e-15
1.0636e+14	6.4185e-16	5.5152e-15
1.0656e+14	6.4166e-16	5.2532e-15
1.0676e+14	5.6954e-16	5.0716e-15
1.0696e+14	5.2402e-16	5.0395e-15
1.0716e+14	5.068e-16	4.811e-15
1.0736e+14	5.0069e-16	4.58e-15
1.0755e+14	5.3873e-16	4.7305e-15
1.0775e+14	5.7994e-16	4.9166e-15
1.0795e+14	5.6258e-16	4.791e-15
1.0815e+14	5.4431e-16	4.7332e-15
1.0835e+14	5.6761e-16	4.873e-15
1.0855e+14	5.5858e-16	4.7203e-15
1.0875e+14	5.0015e-16	4.2914e-15
1.0895e+14	4.6828e-16	4.1094e-15
1.0915e+14	4.7351e-16	4.1135e-15
1.0934e+14	4.7892e-16	3.981e-15
1.0954e+14	4.816e-16	3.9433e-15
1.0974e+14	4.6002e-16	4.121e-15
1.0994e+14	4.0611e-16	4.0616e-15
1.1014e+14	3.9263e-16	3.6953e-15
1.1034e+14	4.379e-16	3.5418e-15
1.1054e+14	4.4442e-16	3.6799e-15
1.1074e+14	3.889e-16	3.698e-15
1.1093e+14	3.6254e-16	3.5474e-15
1.1113e+14	3.8808e-16	3.4774e-15
1.1133e+14	4.031e-16	3.4949e-15
1.1153e+14	3.8579e-16	3.4887e-15
1.1173e+14	3.6406e-16	3.4527e-15
1.1193e+14	3.7052e-16	3.3907e-15
1.1213e+14	4.1231e-16	3.3395e-15
1.1233e+14	4.356e-16	3.348e-15
1.1252e+14	3.9395e-16	3.3205e-15
1.1272e+14	3.3735e-16	3.1876e-15
1.1292e+14	3.1509e-16	3.0751e-15
1.1312e+14	2.9457e-16	3.0144e-15
1.1332e+14	2.7467e-16	2.8892e-15
1.1352e+14	3.0107e-16	2.7823e-15
1.1372e+14	3.3817e-16	2.8222e-15
1.1392e+14	3.2322e-16	2.8308e-15
1.1412e+14	2.8655e-16	2.6863e-15
1.1431e+14	2.6761e-16	2.617e-15
1.1451e+14	2.5236e-16	2.6893e-15
1.1471e+14	2.5131e-16	2.6236e-15
1.1491e+14	2.7212e-16	2.3768e-15
1.1511e+14	2.6862e-16	2.223e-15
1.1531e+14	2.4404e-16	2.2207e-15
1.1551e+14	2.5606e-16	2.2185e-15
1.1571e+14	2.8288e-16	2.2266e-15
1.159e+14	2.7442e-16	2.2954e-15
1.161e+14	2.656e-16	2.2994e-15
1.163e+14	2.7766e-16	2.1606e-15
1.165e+14	2.6599e-16	2.0116e-15
1.167e+14	2.408e-16	1.9789e-15
1.169e+14	2.4345e-16	2.0089e-15
1.171e+14	2.4091e-16	1.9691e-15
1.173e+14	2.131e-16	1.8268e-15
1.175e+14	2.0751e-16	1.6966e-15
1.1769e+14	2.1685e-16	1.6911e-15
1.1789e+14	1.9116e-16	1.7661e-15
1.1809e+14	1.6085e-16	1.801e-15
1.1829e+14	1.7105e-16	1.7662e-15
1.1849e+14	1.8871e-16	1.7165e-15
1.1869e+14	1.8422e-16	1.6967e-15
1.1889e+14	1.7361e-16	1.7029e-15
1.1909e+14	1.637e-16	1.685e-15
1.1928e+14	1.6393e-16	1.6088e-15
1.1948e+14	1.8538e-16	1.5252e-15
1.1968e+14	1.932e-16	1.4967e-15
1.1988e+14	1.6762e-16	1.4881e-15
1.2008e+14	1.5321e-16	1.4282e-15
1.2028e+14	1.5796e-16	1.3284e-15
1.2048e+14	1.423e-16	1.2767e-15
1.2068e+14	1.2968e-16	1.3327e-15
1.2087e+14	1.5468e-16	1.4235e-15
1.2107e+14	1.7017e-16	1.3982e-15
1.2127e+14	1.5266e-16	1.2599e-15
1.2147e+14	1.5079e-16	1.1917e-15
1.2167e+14	1.5934e-16	1.2432e-15
1.2187e+14	1.3652e-16	1.2486e-15
1.2207e+14	1.179e-16	1.1481e-15
1.2227e+14	1.3653e-16	1.0755e-15
1.2247e+14	1.4466e-16	1.09e-15
1.2266e+14	1.2533e-16	1.1176e-15
1.2286e+14	1.1957e-16	1.1058e-15
1.2306e+14	1.2376e-16	1.0435e-15
1.2326e+14	1.1606e-16	9.6537e-16
1.2346e+14	1.1848e-16	9.6288e-16
1.2366e+14	1.3058e-16	1.0188e-15
1.2386e+14	1.1997e-16	9.9131e-16
1.2406e+14	1.0217e-16	8.9962e-16
1.2425e+14	1.0667e-16	9.0322e-16
1.2445e+14	1.1292e-16	9.6271e-16
1.2465e+14	1.0547e-16	9.3628e-16
1.2485e+14	1.023e-16	8.9648e-16
1.2505e+14	1.0352e-16	9.3953e-16
1.2525e+14	9.9862e-17	9.4873e-16
1.2545e+14	1.0023e-16	8.6581e-16
1.2565e+14	1.0155e-16	8.219e-16
1.2584e+14	9.3507e-17	8.4151e-16
1.2604e+14	8.8408e-17	8.2498e-16
1.2624e+14	9.1582e-17	7.9724e-16
1.2644e+14	9.0678e-17	8.1207e-16
1.2664e+14	9.0477e-17	7.9404e-16
1.2684e+14	9.5434e-17	7.2562e-16
1.2704e+14	9.0789e-17	7.1096e-16
1.2724e+14	8.143e-17	7.4586e-16
1.2744e+14	8.2465e-17	7.2791e-16
1.2763e+14	8.1633e-17	6.7531e-16
1.2783e+14	7.8038e-17	6.7233e-16
1.2803e+14	9.0023e-17	6.9903e-16
1.2823e+14	9.6781e-17	6.9909e-16
1.2843e+14	7.895e-17	6.9016e-16
1.2863e+14	7.7011e-17	6.9982e-16
1.2883e+14	1.0126e-16	6.9617e-16
1.2903e+14	9.7138e-17	6.475e-16
1.2922e+14	6.8051e-17	5.9755e-16
1.2942e+14	6.9309e-17	6.1265e-16
1.2962e+14	8.3114e-17	6.5973e-16
1.2982e+14	6.9941e-17	6.4398e-16
1.3002e+14	6.2133e-17	5.773e-16
1.3022e+14	7.5942e-17	5.5019e-16
1.3042e+14	7.1339e-17	5.5553e-16
1.3062e+14	5.4531e-17	5.3757e-16
1.3082e+14	6.1653e-17	5.3141e-16
1.3101e+14	7.1368e-17	5.5877e-16
1.3121e+14	6.3743e-17	5.491e-16
1.3141e+14	6.6474e-17	5.0638e-16
1.3161e+14	7.722e-17	5.1981e-16
1.3181e+14	6.9024e-17	5.6041e-16
1.3201e+14	6.0464e-17	5.363e-16
1.3221e+14	6.7968e-17	4.9068e-16
1.3241e+14	6.55e-17	4.9254e-16
1.326e+14	5.2379e-17	4.8838e-16
1.328e+14	5.4694e-17	4.5036e-16
1.33e+14	6.313e-17	4.4923e-16
1.332e+14	6.1623e-17	4.8408e-16
1.334e+14	6.1096e-17	4.7865e-16
1.336e+14	6.0594e-17	4.4542e-16
1.338e+14	5.2969e-17	4.4173e-16
1.34e+14	5.2956e-17	4.4373e-16
1.3419e+14	5.8895e-17	4.1948e-16
1.3439e+14	5.1186e-17	4.0332e-16
1.3459e+14	4.3174e-17	4.0991e-16
1.3479e+14	5.1548e-17	4.0631e-16
1.3499e+14	5.607e-17	3.9563e-16
1.3519e+14	4.9954e-17	4.0914e-16
1.3539e+14	5.107e-17	4.2833e-16
1.3559e+14	5.1609e-17	4.1218e-16
1.3579e+14	4.3234e-17	3.7451e-16
1.3598e+14	4.6102e-17	3.5811e-16
1.3618e+14	5.5329e-17	3.6154e-16
1.3638e+14	4.6753e-17	3.5694e-16
1.3658e+14	3.8064e-17	3.5209e-16
1.3678e+14	4.7156e-17	3.6832e-16
1.3698e+14	4.8313e-17	3.8558e-16
1.3718e+14	3.8364e-17	3.741e-16
1.3738e+14	4.4859e-17	3.4693e-16
1.3757e+14	5.5214e-17	3.31e-16
1.3777e+14	4.7143e-17	3.3039e-16
1.3797e+14	4.158e-17	3.3924e-16
1.3817e+14	4.6927e-17	3.4267e-16
1.3837e+14	4.2885e-17	3.2399e-16
1.3857e+14	3.9526e-17	3.0621e-16
1.3877e+14	4.9958e-17	3.2364e-16
1.3897e+14	4.8988e-17	3.4769e-16
1.3917e+14	3.3914e-17	3.345e-16
1.3936e+14	3.4881e-17	3.0787e-16
1.3956e+14	4.4584e-17	2.9804e-16
1.3976e+14	4.109e-17	2.8398e-16
1.3996e+14	3.9719e-17	2.6703e-16
1.4016e+14	4.5539e-17	2.8061e-16
1.4036e+14	3.9213e-17	3.0443e-16
1.4056e+14	3.2028e-17	2.9787e-16
1.4076e+14	3.9807e-17	2.821e-16
1.4095e+14	4.2088e-17	2.8366e-16
1.4115e+14	3.5276e-17	2.8232e-16
1.4135e+14	4.0702e-17	2.7379e-16
1.4155e+14	4.5597e-17	2.7749e-16
1.4175e+14	3.3922e-17	2.8234e-16
1.4195e+14	3.0026e-17	2.7631e-16
1.4215e+14	3.9488e-17	2.7522e-16
1.4235e+14	3.6552e-17	2.7439e-16
1.4254e+14	2.9662e-17	2.5767e-16
1.4274e+14	3.755e-17	2.462e-16
1.4294e+14	4.0206e-17	2.5519e-16
1.4314e+14	3.0717e-17	2.6126e-16
1.4334e+14	3.2212e-17	2.6007e-16
1.4354e+14	3.7971e-17	2.6721e-16
1.4374e+14	3.0562e-17	2.6715e-16
1.4394e+14	2.7702e-17	2.4987e-16
1.4414e+14	3.6423e-17	2.4418e-16
1.4433e+14	3.6633e-17	2.5585e-16
1.4453e+14	3.3444e-17	2.5682e-16
1.4473e+14	3.9786e-17	2.4733e-16
1.4493e+14	3.9648e-17	2.4412e-16
1.4513e+14	3.1054e-17	2.3954e-16
1.4533e+14	3.2656e-17	2.3042e-16
1.4553e+14	3.445e-17	2.2922e-16
1.4573e+14	2.5033e-17	2.3239e-16
1.4592e+14	2.5749e-17	2.3237e-16
1.4612e+14	3.7508e-17	2.3389e-16
1.4632e+14	3.4971e-17	2.3231e-16
1.4652e+14	2.6812e-17	2.2407e-16
1.4672e+14	3.1814e-17	2.2144e-16
1.4692e+14	3.4104e-17	2.1957e-16
1.4712e+14	2.7592e-17	2.0765e-16
1.4732e+14	2.9568e-17	2.0856e-16
1.4751e+14	3.2914e-17	2.2578e-16
1.4771e+14	2.6372e-17	2.1408e-16
1.4791e+14	2.6441e-17	1.7989e-16
1.4811e+14	3.3417e-17	1.8837e-16
1.4831e+14	2.8436e-17	2.2675e-16
1.4851e+14	2.2151e-17	2.2205e-16
1.4871e+14	2.7648e-17	1.8759e-16
1.4891e+14	2.8357e-17	1.8338e-16
1.4911e+14	2.4233e-17	1.9289e-16
1.493e+14	3.1446e-17	1.8249e-16
1.495e+14	3.4613e-17	1.795e-16
1.497e+14	2.2653e-17	1.9604e-16
1.499e+14	2.0765e-17	1.9734e-16
1.501e+14	3.1036e-17	1.8278e-16
1.503e+14	2.847e-17	1.8363e-16
1.505e+14	2.2327e-17	1.9278e-16
1.507e+14	2.9223e-17	1.8668e-16
1.5089e+14	3.1074e-17	1.7575e-16
1.5109e+14	2.3549e-17	1.76e-16
1.5129e+14	2.5674e-17	1.7919e-16
1.5149e+14	2.8934e-17	1.7842e-16
1.5169e+14	2.1949e-17	1.8213e-16
1.5189e+14	2.3095e-17	1.9019e-16
1.5209e+14	3.1247e-17	1.8633e-16
1.5229e+14	2.4797e-17	1.6848e-16
1.5249e+14	1.7181e-17	1.6268e-16
1.5268e+14	2.5393e-17	1.7998e-16
1.5288e+14	2.8718e-17	1.891e-16
1.5308e+14	2.1236e-17	1.7258e-16
1.5328e+14	2.3831e-17	1.6343e-16
1.5348e+14	2.9526e-17	1.7805e-16
1.5368e+14	2.4138e-17	1.8097e-16
1.5388e+14	2.3685e-17	1.6049e-16
1.5408e+14	3.0421e-17	1.5551e-16
1.5427e+14	2.5607e-17	1.764e-16
1.5447e+14	1.9024e-17	1.8444e-16
1.5467e+14	2.4831e-17	1.6427e-16
1.5487e+14	2.6101e-17	1.4572e-16
1.5507e+14	1.9477e-17	1.5064e-16
1.5527e+14	2.259e-17	1.6379e-16
1.5547e+14	2.6989e-17	1.6044e-16
1.5567e+14	2.1276e-17	1.448e-16
1.5586e+14	2.1733e-17	1.4215e-16
1.5606e+14	2.8292e-17	1.5188e-16
1.5626e+14	2.2867e-17	1.4935e-16
1.5646e+14	1.6902e-17	1.3896e-16
1.5666e+14	2.3373e-17	1.4386e-16
1.5686e+14	2.4541e-17	1.5294e-16
1.5706e+14	1.8392e-17	1.4743e-16
1.5726e+14	2.2349e-17	1.4518e-16
1.5746e+14	2.6512e-17	1.5816e-16
1.5765e+14	2.0344e-17	1.6431e-16
1.5785e+14	2.139e-17	1.558e-16
1.5805e+14	2.8554e-17	1.475e-16
1.5825e+14	2.325e-17	1.4112e-16
1.5845e+14	1.7925e-17	1.3745e-16
1.5865e+14	2.4849e-17	1.4578e-16
1.5885e+14	2.5263e-17	1.5441e-16
1.5905e+14	1.9096e-17	1.4903e-16
1.5924e+14	2.4385e-17	1.4576e-16
1.5944e+14	2.7227e-17	1.528e-16
1.5964e+14	1.609e-17	1.5226e-16
1.5984e+14	1.4643e-17	1.4641e-16
1.6004e+14	2.4934e-17	1.4971e-16
1.6024e+14	2.3173e-17	1.4991e-16
1.6044e+14	1.8529e-17	1.4275e-16
1.6064e+14	2.636e-17	1.4814e-16
1.6083e+14	2.7644e-17	1.5765e-16
1.6103e+14	1.8283e-17	1.494e-16
1.6123e+14	1.9915e-17	1.4268e-16
1.6143e+14	2.6011e-17	1.5386e-16
1.6163e+14	2.1099e-17	1.5673e-16
1.6183e+14	1.9133e-17	1.4483e-16
1.6203e+14	2.4262e-17	1.4493e-16
1.6223e+14	2.1402e-17	1.5336e-16
1.6243e+14	1.8304e-17	1.4961e-16
1.6262e+14	2.4303e-17	1.434e-16
1.6282e+14	2.3423e-17	1.4407e-16
1.6302e+14	1.6254e-17	1.4348e-16
1.6322e+14	2.0034e-17	1.468e-16
1.6342e+14	2.4275e-17	1.5429e-16
1.6362e+14	1.8252e-17	1.4608e-16
1.6382e+14	1.873e-17	1.302e-16
1.6402e+14	2.5063e-17	1.3489e-16
1.6421e+14	2.0672e-17	1.4708e-16
1.6441e+14	1.7815e-17	1.4126e-16
1.6461e+14	2.5591e-17	1.3341e-16
1.6481e+14	2.3546e-17	1.3915e-16
1.6501e+14	1.4099e-17	1.4237e-16
1.6521e+14	1.9272e-17	1.3661e-16
1.6541e+14	2.6095e-17	1.3152e-16
1.6561e+14	1.9549e-17	1.2867e-16
1.6581e+14	1.9199e-17	1.31e-16
1.66e+14	2.7047e-17	1.3633e-16
1.662e+14	2.2504e-17	1.2769e-16
1.664e+14	1.66e-17	1.1441e-16
1.666e+14	2.3926e-17	1.2628e-16
1.668e+14	2.473e-17	1.4459e-16
1.67e+14	1.5522e-17	1.3323e-16
1.672e+14	1.8009e-17	1.1773e-16
1.674e+14	2.4263e-17	1.2854e-16
1.6759e+14	1.8583e-17	1.3494e-16
1.6779e+14	1.7029e-17	1.2073e-16
1.6799e+14	2.3915e-17	1.1978e-16
1.6819e+14	2.0763e-17	1.3403e-16
1.6839e+14	1.4732e-17	1.3284e-16
1.6859e+14	1.9471e-17	1.2384e-16
1.6879e+14	2.0524e-17	1.2595e-16
1.6899e+14	1.5199e-17	1.2652e-16
1.6918e+14	1.9625e-17	1.226e-16
1.6938e+14	2.4213e-17	1.2834e-16
1.6958e+14	1.6821e-17	1.3458e-16
1.6978e+14	1.5235e-17	1.3084e-16
1.6998e+14	2.3208e-17	1.3002e-16
1.7018e+14	2.1634e-17	1.3176e-16
1.7038e+14	1.5903e-17	1.2327e-16
1.7058e+14	1.9097e-17	1.1661e-16
1.7078e+14	1.9753e-17	1.2406e-16
1.7097e+14	1.6073e-17	1.2963e-16
1.7117e+14	2.0446e-17	1.2421e-16
1.7137e+14	2.278e-17	1.1977e-16
1.7157e+14	1.5262e-17	1.2112e-16
1.7177e+14	1.5534e-17	1.2492e-16
1.7197e+14	2.2817e-17	1.2891e-16
1.7217e+14	1.9368e-17	1.2664e-16
1.7237e+14	1.5928e-17	1.2006e-16
1.7256e+14	2.3414e-17	1.2011e-16
1.7276e+14	2.3324e-17	1.2093e-16
1.7296e+14	1.4642e-17	1.1499e-16
1.7316e+14	1.7189e-17	1.1799e-16
1.7336e+14	2.2736e-17	1.311e-16
1.7356e+14	1.8242e-17	1.293e-16
1.7376e+14	1.8171e-17	1.1731e-16
1.7396e+14	2.3457e-17	1.2118e-16
1.7416e+14	1.8109e-17	1.2982e-16
1.7435e+14	1.3221e-17	1.2594e-16
1.7455e+14	2.0834e-17	1.2834e-16
1.7475e+14	2.31e-17	1.4054e-16
1.7495e+14	1.6881e-17	1.3634e-16
1.7515e+14	1.9598e-17	1.2219e-16
1.7535e+14	2.3672e-17	1.2335e-16
1.7555e+14	1.8017e-17	1.2729e-16
1.7575e+14	1.752e-17	1.1975e-16
1.7594e+14	2.309e-17	1.2003e-16
1.7614e+14	1.9184e-17	1.3164e-16
1.7634e+14	1.5619e-17	1.3244e-16
1.7654e+14	2.2092e-17	1.2518e-16
1.7674e+14	2.1928e-17	1.2897e-16
1.7694e+14	1.5749e-17	1.3929e-16
1.7714e+14	2.0554e-17	1.4101e-16
1.7734e+14	2.4728e-17	1.3147e-16
1.7753e+14	1.7518e-17	1.1978e-16
1.7773e+14	1.7488e-17	1.2236e-16
1.7793e+14	2.4027e-17	1.39e-16
1.7813e+14	1.7847e-17	1.4138e-16
1.7833e+14	1.2147e-17	1.2178e-16
1.7853e+14	2.1274e-17	1.1285e-16
1.7873e+14	2.4042e-17	1.26e-16
1.7893e+14	1.596e-17	1.3429e-16
1.7913e+14	1.8857e-17	1.2967e-16
1.7932e+14	2.5086e-17	1.2711e-16
1.7952e+14	1.8336e-17	1.2557e-16
1.7972e+14	1.5508e-17	1.2115e-16
1.7992e+14	2.3347e-17	1.2323e-16
1.8012e+14	2.2293e-17	1.3038e-16
1.8032e+14	1.6198e-17	1.3329e-16
1.8052e+14	2.0366e-17	1.3551e-16
1.8072e+14	2.3369e-17	1.3748e-16
1.8091e+14	1.9098e-17	1.3155e-16
1.8111e+14	2.0403e-17	1.2415e-16
1.8131e+14	2.2256e-17	1.2421e-16
1.8151e+14	1.6309e-17	1.2457e-16
1.8171e+14	1.6333e-17	1.2224e-16
1.8191e+14	2.2718e-17	1.2307e-16
1.8211e+14	1.9578e-17	1.2299e-16
1.8231e+14	1.5618e-17	1.2109e-16
1.825e+14	2.1812e-17	1.2716e-16
1.827e+14	2.2435e-17	1.3517e-16
1.829e+14	1.5908e-17	1.3209e-16
1.831e+14	1.9953e-17	1.2681e-16
1.833e+14	2.5943e-17	1.2679e-16
1.835e+14	1.965e-17	1.219e-16
1.837e+14	1.6083e-17	1.174e-16
1.839e+14	2.1221e-17	1.2616e-16
1.841e+14	1.9939e-17	1.3248e-16
1.8429e+14	1.6755e-17	1.2291e-16
1.8449e+14	2.1556e-17	1.1735e-16
1.8469e+14	2.1847e-17	1.2508e-16
1.8489e+14	1.6466e-17	1.2711e-16
1.8509e+14	1.9755e-17	1.1998e-16
1.8529e+14	2.3068e-17	1.1728e-16
1.8549e+14	1.6457e-17	1.1902e-16
1.8569e+14	1.5814e-17	1.2176e-16
1.8588e+14	2.2453e-17	1.2726e-16
1.8608e+14	1.8833e-17	1.2789e-16
1.8628e+14	1.3605e-17	1.2072e-16
1.8648e+14	2.0311e-17	1.1915e-16
1.8668e+14	2.3224e-17	1.2598e-16
1.8688e+14	1.724e-17	1.2995e-16
1.8708e+14	1.959e-17	1.2976e-16
1.8728e+14	2.4976e-17	1.2649e-16
1.8748e+14	1.9421e-17	1.17e-16
1.8767e+14	1.554e-17	1.1281e-16
1.8787e+14	2.0103e-17	1.2436e-16
1.8807e+14	1.9286e-17	1.3505e-16
1.8827e+14	1.5921e-17	1.3039e-16
1.8847e+14	2.017e-17	1.2102e-16
1.8867e+14	2.1586e-17	1.1607e-16
1.8887e+14	1.6599e-17	1.1608e-16
1.8907e+14	1.7703e-17	1.2374e-16
1.8926e+14	2.1139e-17	1.2937e-16
1.8946e+14	1.8393e-17	1.2244e-16
1.8966e+14	1.8433e-17	1.2018e-16
1.8986e+14	2.1591e-17	1.3127e-16
1.9006e+14	1.7818e-17	1.2813e-16
1.9026e+14	1.5742e-17	1.0777e-16
1.9046e+14	2.2121e-17	1.0717e-16
1.9066e+14	2.2551e-17	1.2587e-16
1.9085e+14	1.6918e-17	1.2701e-16
1.9105e+14	2.0001e-17	1.1514e-16
1.9125e+14	2.4341e-17	1.2013e-16
1.9145e+14	1.9641e-17	1.341e-16
1.9165e+14	1.7928e-17	1.3564e-16
1.9185e+14	2.1466e-17	1.2896e-16
1.9205e+14	1.8747e-17	1.2323e-16
1.9225e+14	1.6514e-17	1.2022e-16
1.9245e+14	2.1489e-17	1.2287e-16
1.9264e+14	2.1275e-17	1.2704e-16
1.9284e+14	1.6734e-17	1.265e-16
1.9304e+14	1.9698e-17	1.2708e-16
1.9324e+14	2.0702e-17	1.3053e-16
1.9344e+14	1.3991e-17	1.2839e-16
1.9364e+14	1.589e-17	1.2316e-16
1.9384e+14	2.409e-17	1.218e-16
1.9404e+14	2.092e-17	1.2117e-16
1.9423e+14	1.5989e-17	1.2287e-16
1.9443e+14	2.1667e-17	1.2823e-16
1.9463e+14	2.3348e-17	1.2292e-16
1.9483e+14	1.7203e-17	1.0821e-16
1.9503e+14	1.7764e-17	1.0897e-16
1.9523e+14	2.058e-17	1.2316e-16
1.9543e+14	1.7204e-17	1.275e-16
1.9563e+14	1.7787e-17	1.2726e-16
1.9583e+14	2.1451e-17	1.3037e-16
1.9602e+14	1.7501e-17	1.2104e-16
1.9622e+14	1.6117e-17	1.0981e-16
1.9642e+14	2.3203e-17	1.2444e-16
1.9662e+14	2.2652e-17	1.4116e-16
1.9682e+14	1.6447e-17	1.275e-16
1.9702e+14	2.0214e-17	1.1272e-16
1.9722e+14	2.3226e-17	1.2289e-16
1.9742e+14	1.6278e-17	1.2921e-16
1.9761e+14	1.6609e-17	1.1926e-16
1.9781e+14	2.4085e-17	1.1723e-16
1.9801e+14	2.0523e-17	1.2329e-16
1.9821e+14	1.528e-17	1.239e-16
1.9841e+14	2.1161e-17	1.2564e-16
1.9861e+14	2.2381e-17	1.272e-16
1.9881e+14	1.5642e-17	1.2177e-16
1.9901e+14	1.8358e-17	1.2396e-16
1.992e+14	2.3988e-17	1.3229e-16
1.994e+14	1.8655e-17	1.2217e-16
1.996e+14	1.5213e-17	1.0754e-16
1.998e+14	2.0315e-17	1.1742e-16
2e+14	2.1035e-17	1.28e-16
2.002e+14	1.9342e-17	1.1555e-16
2.004e+14	2.2141e-17	1.097e-16
2.006e+14	2.0027e-17	1.217e-16
2.008e+14	1.4854e-17	1.2165e-16
2.0099e+14	1.9176e-17	1.1362e-16
2.0119e+14	2.3738e-17	1.2329e-16
2.0139e+14	1.9256e-17	1.3357e-16
2.0159e+14	1.8541e-17	1.2323e-16
2.0179e+14	2.1963e-17	1.1162e-16
2.0199e+14	1.7229e-17	1.1387e-16
2.0219e+14	1.4116e-17	1.1982e-16
2.0239e+14	2.0686e-17	1.2395e-16
2.0258e+14	2.1156e-17	1.2464e-16
2.0278e+14	1.5316e-17	1.1939e-16
2.0298e+14	1.8769e-17	1.1673e-16
2.0318e+14	2.2345e-17	1.1857e-16
2.0338e+14	1.5735e-17	1.1471e-16
2.0358e+14	1.4891e-17	1.1307e-16
2.0378e+14	2.1855e-17	1.2325e-16
2.0398e+14	1.9946e-17	1.2586e-16
2.0417e+14	1.6059e-17	1.1394e-16
2.0437e+14	2.0987e-17	1.1183e-16
2.0457e+14	2.0519e-17	1.1889e-16
2.0477e+14	1.3681e-17	1.1353e-16
2.0497e+14	1.799e-17	1.0743e-16
2.0517e+14	2.468e-17	1.1457e-16
2.0537e+14	1.8124e-17	1.146e-16
2.0557e+14	1.3096e-17	1.0362e-16
2.0577e+14	1.8805e-17	1.0317e-16
2.0596e+14	2.0218e-17	1.0559e-16
2.0616e+14	1.69e-17	9.6323e-17
2.0636e+14	1.903e-17	9.6075e-17
2.0656e+14	1.9393e-17	1.1253e-16
2.0676e+14	1.5287e-17	1.1866e-16
2.0696e+14	1.7096e-17	1.1047e-16
2.0716e+14	2.0189e-17	1.0781e-16
2.0736e+14	1.6716e-17	1.0874e-16
2.0755e+14	1.6102e-17	1.0543e-16
2.0775e+14	1.956e-17	1.0365e-16
2.0795e+14	1.712e-17	1.0053e-16
2.0815e+14	1.5002e-17	9.344e-17
2.0835e+14	1.9154e-17	9.4923e-17
2.0855e+14	1.8622e-17	1.0306e-16
2.0875e+14	1.4708e-17	1.0355e-16
2.0895e+14	1.8119e-17	1.0382e-16
2.0915e+14	1.9502e-17	1.1054e-16
2.0934e+14	1.3282e-17	1.0879e-16
2.0954e+14	1.4565e-17	1.0073e-16
2.0974e+14	2.1154e-17	1.0277e-16
2.0994e+14	1.7427e-17	1.0387e-16
2.1014e+14	1.3457e-17	9.3249e-17
2.1034e+14	1.9681e-17	8.9125e-17
2.1054e+14	2.0614e-17	9.4958e-17
2.1074e+14	1.4472e-17	9.5471e-17
2.1093e+14	1.727e-17	9.8439e-17
2.1113e+14	2.1768e-17	1.0761e-16
2.1133e+14	1.6864e-17	1.0103e-16
2.1153e+14	1.6161e-17	8.6913e-17
2.1173e+14	2.2102e-17	9.5417e-17
2.1193e+14	1.9446e-17	1.0845e-16
2.1213e+14	1.4717e-17	9.7814e-17
2.1233e+14	1.923e-17	8.8415e-17
2.1252e+14	2.0207e-17	9.7039e-17
2.1272e+14	1.436e-17	9.5964e-17
2.1292e+14	1.6034e-17	8.5428e-17
2.1312e+14	1.9729e-17	9.3562e-17
2.1332e+14	1.5038e-17	1.0587e-16
2.1352e+14	1.4264e-17	9.6966e-17
2.1372e+14	2.0422e-17	8.6001e-17
2.1392e+14	1.8882e-17	8.9247e-17
2.1412e+14	1.397e-17	9.0577e-17
2.1431e+14	1.6509e-17	8.6959e-17
2.1451e+14	1.7225e-17	8.8913e-17
2.1471e+14	1.3899e-17	8.9217e-17
2.1491e+14	1.7019e-17	8.3633e-17
2.1511e+14	1.9107e-17	8.2559e-17
2.1531e+14	1.2712e-17	8.4314e-17
2.1551e+14	1.2204e-17	8.217e-17
2.1571e+14	1.8655e-17	8.1929e-17
2.159e+14	1.6292e-17	8.2952e-17
2.161e+14	1.1912e-17	7.9143e-17
2.163e+14	1.7273e-17	8.0008e-17
2.165e+14	1.9027e-17	8.9458e-17
2.167e+14	1.2375e-17	9.0524e-17
2.169e+14	1.2388e-17	8.002e-17
2.171e+14	1.6213e-17	7.4975e-17
2.173e+14	1.3085e-17	7.7655e-17
2.175e+14	1.2553e-17	7.781e-17
2.1769e+14	1.7609e-17	7.5905e-17
2.1789e+14	1.5454e-17	7.4647e-17
2.1809e+14	1.0728e-17	7.1622e-17
2.1829e+14	1.4219e-17	6.8786e-17
2.1849e+14	1.6297e-17	6.8664e-17
2.1869e+14	1.2545e-17	7.0069e-17
2.1889e+14	1.3297e-17	7.2745e-17
2.1909e+14	1.4931e-17	7.1997e-17
2.1928e+14	1.1012e-17	6.3617e-17
2.1948e+14	1.1942e-17	5.9331e-17
2.1968e+14	1.757e-17	6.7188e-17
2.1988e+14	1.4812e-17	7.138e-17
2.2008e+14	1.0348e-17	6.4424e-17
2.2028e+14	1.4172e-17	6.2456e-17
2.2048e+14	1.4882e-17	6.7479e-17
2.2068e+14	9.8558e-18	6.5789e-17
2.2087e+14	1.2062e-17	6.2427e-17
2.2107e+14	1.6156e-17	6.6259e-17
2.2127e+14	1.1934e-17	6.7036e-17
2.2147e+14	1.009e-17	6.1889e-17
2.2167e+14	1.4102e-17	6.1668e-17
2.2187e+14	1.204e-17	6.3407e-17
2.2207e+14	8.7557e-18	6.0719e-17
2.2227e+14	1.343e-17	6.0809e-17
2.2247e+14	1.4763e-17	6.2602e-17
2.2266e+14	9.2e-18	5.8031e-17
2.2286e+14	1.0088e-17	5.6118e-17
2.2306e+14	1.4501e-17	6.2256e-17
2.2326e+14	1.2019e-17	6.1592e-17
2.2346e+14	1.0514e-17	5.299e-17
2.2366e+14	1.3858e-17	5.1983e-17
2.2386e+14	1.255e-17	5.5474e-17
2.2406e+14	1.0015e-17	5.3626e-17
2.2425e+14	1.335e-17	5.3549e-17
2.2445e+14	1.3978e-17	5.6137e-17
2.2465e+14	1.042e-17	5.1859e-17
2.2485e+14	1.2476e-17	4.7542e-17
2.2505e+14	1.5036e-17	5.1665e-17
2.2525e+14	1.1137e-17	5.3749e-17
2.2545e+14	1.0323e-17	5.0222e-17
2.2565e+14	1.3473e-17	5.0852e-17
2.2584e+14	1.0588e-17	5.2618e-17
2.2604e+14	8.1873e-18	4.906e-17
2.2624e+14	1.32e-17	4.6625e-17
2.2644e+14	1.3889e-17	4.6295e-17
2.2664e+14	8.9906e-18	4.4134e-17
2.2684e+14	1.0924e-17	4.6908e-17
2.2704e+14	1.4138e-17	5.2584e-17
2.2724e+14	9.6615e-18	4.7815e-17
2.2744e+14	8.2092e-18	4.0913e-17
2.2763e+14	1.2918e-17	4.6298e-17
2.2783e+14	1.2169e-17	5.0243e-17
2.2803e+14	9.0739e-18	4.3195e-17
2.2823e+14	1.1236e-17	4.158e-17
2.2843e+14	1.0749e-17	4.604e-17
2.2863e+14	7.1728e-18	4.1638e-17
2.2883e+14	1.0262e-17	3.7916e-17
2.2903e+14	1.3639e-17	4.5108e-17
2.2922e+14	1.0069e-17	4.7018e-17
2.2942e+14	9.9179e-18	4.0624e-17
2.2962e+14	1.3863e-17	4.1995e-17
2.2982e+14	1.0853e-17	4.4581e-17
2.3002e+14	7.5627e-18	3.719e-17
2.3022e+14	1.2084e-17	3.4509e-17
2.3042e+14	1.2773e-17	4.0869e-17
2.3062e+14	7.4042e-18	3.9744e-17
2.3082e+14	8.634e-18	3.5488e-17
2.3101e+14	1.2379e-17	4.0697e-17
2.3121e+14	9.3863e-18	4.274e-17
2.3141e+14	8.1002e-18	3.5298e-17
2.3161e+14	1.136e-17	3.4328e-17
2.3181e+14	1.0091e-17	3.9014e-17
2.3201e+14	8.344e-18	3.6365e-17
2.3221e+14	1.1541e-17	3.398e-17
2.3241e+14	1.0534e-17	3.8152e-17
2.326e+14	6.2725e-18	3.7255e-17
2.328e+14	9.3927e-18	3.1844e-17
2.33e+14	1.2565e-17	3.2588e-17
2.332e+14	8.0113e-18	3.4112e-17
2.334e+14	7.0872e-18	3.1457e-17
2.336e+14	1.1636e-17	3.2139e-17
2.338e+14	1.0357e-17	3.4107e-17
2.34e+14	8.056e-18	3.1242e-17
2.3419e+14	1.1606e-17	3.0578e-17
2.3439e+14	1.1092e-17	3.3435e-17
2.3459e+14	6.5335e-18	3.1464e-17
2.3479e+14	9.2215e-18	2.9562e-17
2.3499e+14	1.2411e-17	3.3594e-17
2.3519e+14	8.0746e-18	3.3705e-17
2.3539e+14	7.3304e-18	2.8761e-17
2.3559e+14	1.1556e-17	2.9486e-17
2.3579e+14	9.0978e-18	3.1697e-17
2.3598e+14	6.0137e-18	2.8773e-17
2.3618e+14	1.052e-17	2.9355e-17
2.3638e+14	1.1304e-17	3.3123e-17
2.3658e+14	6.3798e-18	2.99e-17
2.3678e+14	8.0331e-18	2.6875e-17
2.3698e+14	1.1306e-17	3.1391e-17
2.3718e+14	7.4854e-18	3.1347e-17
2.3738e+14	6.7799e-18	2.5197e-17
2.3757e+14	1.1377e-17	2.6098e-17
2.3777e+14	9.5712e-18	2.9318e-17
2.3797e+14	6.2154e-18	2.5648e-17
2.3817e+14	1.0138e-17	2.5247e-17
2.3837e+14	1.1315e-17	3.0709e-17
2.3857e+14	6.7782e-18	2.9365e-17
2.3877e+14	7.8321e-18	2.4396e-17
2.3897e+14	1.0826e-17	2.5666e-17
2.3917e+14	7.4424e-18	2.6253e-17
2.3936e+14	6.2792e-18	2.333e-17
2.3956e+14	9.9204e-18	2.4952e-17
2.3976e+14	8.8092e-18	2.649e-17
2.3996e+14	6.9419e-18	2.2596e-17
2.4016e+14	1.054e-17	2.3044e-17
2.4036e+14	1.0436e-17	2.7137e-17
2.4056e+14	6.3107e-18	2.3557e-17
2.4076e+14	8.7654e-18	1.9801e-17
2.4095e+14	1.1761e-17	2.4823e-17
2.4115e+14	7.5752e-18	2.6605e-17
2.4135e+14	6.784e-18	2.1717e-17
2.4155e+14	1.1179e-17	2.2536e-17
2.4175e+14	9.2517e-18	2.5725e-17
2.4195e+14	5.9271e-18	2.2711e-17
2.4215e+14	9.7327e-18	2.2e-17
2.4235e+14	1.0863e-17	2.5293e-17
2.4254e+14	6.5771e-18	2.2403e-17
2.4274e+14	7.8178e-18	1.9136e-17
2.4294e+14	1.0857e-17	2.3345e-17
2.4314e+14	7.7595e-18	2.3901e-17
2.4334e+14	7.0516e-18	1.8517e-17
2.4354e+14	1.0698e-17	1.9585e-17
2.4374e+14	8.6696e-18	2.2655e-17
2.4394e+14	5.4443e-18	1.8525e-17
2.4414e+14	8.7605e-18	1.7302e-17
2.4433e+14	9.8907e-18	2.2427e-17
2.4453e+14	6.4173e-18	2.1914e-17
2.4473e+14	7.5227e-18	1.8595e-17
2.4493e+14	9.3152e-18	2.1373e-17
2.4513e+14	6.1015e-18	2.2086e-17
2.4533e+14	6.7118e-18	1.7823e-17
2.4553e+14	1.0974e-17	1.8805e-17
2.4573e+14	8.6202e-18	2.1591e-17
2.4592e+14	5.7111e-18	1.8479e-17
2.4612e+14	9.401e-18	1.771e-17
2.4632e+14	9.4686e-18	2.1129e-17
2.4652e+14	5.1513e-18	1.9083e-17
2.4672e+14	7.8191e-18	1.673e-17
2.4692e+14	1.1434e-17	2.1353e-17
2.4712e+14	7.1886e-18	2.2255e-17
2.4732e+14	5.6491e-18	1.6933e-17
2.4751e+14	9.9782e-18	1.7393e-17
2.4771e+14	8.9146e-18	2.0291e-17
2.4791e+14	6.0594e-18	1.6942e-17
2.4811e+14	9.4661e-18	1.5709e-17
2.4831e+14	1.013e-17	1.9164e-17
2.4851e+14	5.7356e-18	1.7133e-17
2.4871e+14	7.2425e-18	1.3823e-17
2.4891e+14	1.0811e-17	1.7399e-17
2.4911e+14	7.6706e-18	1.9006e-17
2.493e+14	6.0535e-18	1.5891e-17
2.495e+14	9.3978e-18	1.7757e-17
2.497e+14	8.354e-18	2.0142e-17
2.499e+14	5.6772e-18	1.5788e-17
2.501e+14	8.1437e-18	1.4834e-17
2.503e+14	8.5167e-18	1.9638e-17
2.505e+14	5.593e-18	1.8362e-17
2.507e+14	8.0036e-18	1.45e-17
2.5089e+14	1.0669e-17	1.7217e-17
2.5109e+14	7.0385e-18	1.8538e-17
2.5129e+14	6.5213e-18	1.5275e-17
2.5149e+14	1.0616e-17	1.6571e-17
2.5169e+14	8.8034e-18	1.822e-17
2.5189e+14	5.3487e-18	1.3392e-17
2.5209e+14	8.2519e-18	1.2294e-17
2.5229e+14	9.2781e-18	1.7099e-17
2.5249e+14	5.9624e-18	1.5866e-17
2.5268e+14	7.4721e-18	1.2589e-17
2.5288e+14	9.9485e-18	1.675e-17
2.5308e+14	6.6481e-18	1.898e-17
2.5328e+14	6.0447e-18	1.4841e-17
2.5348e+14	9.9397e-18	1.5312e-17
2.5368e+14	8.5681e-18	1.8086e-17
2.5388e+14	5.5828e-18	1.4229e-17
2.5408e+14	8.2345e-18	1.2044e-17
2.5427e+14	9.0491e-18	1.6332e-17
2.5447e+14	6.1956e-18	1.6658e-17
2.5467e+14	7.9781e-18	1.3588e-17
2.5487e+14	1.0036e-17	1.5367e-17
2.5507e+14	6.4721e-18	1.6433e-17
2.5527e+14	6.1366e-18	1.3233e-17
2.5547e+14	1.0156e-17	1.3432e-17
2.5567e+14	8.5861e-18	1.518e-17
2.5586e+14	5.6388e-18	1.2763e-17
2.5606e+14	8.6458e-18	1.2753e-17
2.5626e+14	9.5819e-18	1.6344e-17
2.5646e+14	6.3616e-18	1.493e-17
2.5666e+14	7.7811e-18	1.2192e-17
2.5686e+14	1.0073e-17	1.4641e-17
2.5706e+14	6.9965e-18	1.4665e-17
2.5726e+14	6.4363e-18	1.0832e-17
2.5746e+14	9.5909e-18	1.2433e-17
2.5765e+14	7.6477e-18	1.5468e-17
2.5785e+14	4.9884e-18	1.2486e-17
2.5805e+14	7.9523e-18	1.1328e-17
2.5825e+14	8.5002e-18	1.4652e-17
2.5845e+14	5.6659e-18	1.3651e-17
2.5865e+14	8.1978e-18	1.1426e-17
2.5885e+14	1.084e-17	1.441e-17
2.5905e+14	6.8654e-18	1.5004e-17
2.5924e+14	5.5098e-18	1.161e-17
2.5944e+14	8.9869e-18	1.3185e-17
2.5964e+14	7.7965e-18	1.5434e-17
2.5984e+14	5.5376e-18	1.129e-17
2.6004e+14	8.9329e-18	9.6978e-18
2.6024e+14	9.9004e-18	1.3662e-17
2.6044e+14	6.2655e-18	1.3084e-17
2.6064e+14	7.0008e-18	1.0138e-17
2.6083e+14	9.1623e-18	1.2487e-17
2.6103e+14	6.5465e-18	1.3632e-17
2.6123e+14	6.0269e-18	1.0709e-17
2.6143e+14	8.9411e-18	1.1802e-17
2.6163e+14	7.5085e-18	1.436e-17
2.6183e+14	5.5178e-18	1.1965e-17
2.6203e+14	8.2924e-18	1.1105e-17
2.6223e+14	8.6574e-18	1.3993e-17
2.6243e+14	6.094e-18	1.3146e-17
2.6262e+14	8.0188e-18	1.1279e-17
2.6282e+14	9.6005e-18	1.3376e-17
2.6302e+14	6.2756e-18	1.2841e-17
2.6322e+14	6.4621e-18	9.6314e-18
2.6342e+14	9.8145e-18	1.1889e-17
2.6362e+14	7.68e-18	1.4713e-17
2.6382e+14	5.6338e-18	1.1865e-17
2.6402e+14	9.044e-18	1.1387e-17
2.6421e+14	8.6505e-18	1.4574e-17
2.6441e+14	4.5323e-18	1.2595e-17
2.6461e+14	6.6671e-18	9.5235e-18
2.6481e+14	9.6672e-18	1.2067e-17
2.6501e+14	6.4535e-18	1.292e-17
2.6521e+14	5.7715e-18	1.0429e-17
2.6541e+14	9.2679e-18	1.2341e-17
2.6561e+14	7.9571e-18	1.4441e-17
2.6581e+14	5.8863e-18	1.1265e-17
2.66e+14	8.7893e-18	1.0815e-17
2.662e+14	8.7005e-18	1.3711e-17
2.664e+14	5.4899e-18	1.1509e-17
2.666e+14	7.8359e-18	9.5262e-18
2.668e+14	9.9315e-18	1.3673e-17
2.67e+14	5.8077e-18	1.424e-17
2.672e+14	5.4588e-18	9.9333e-18
2.674e+14	1.0007e-17	1.1393e-17
2.6759e+14	8.7442e-18	1.4585e-17
2.6779e+14	5.6862e-18	1.1543e-17
2.6799e+14	8.4119e-18	1.028e-17
2.6819e+14	9.261e-18	1.3535e-17
2.6839e+14	6.2022e-18	1.2289e-17
2.6859e+14	7.4469e-18	9.7991e-18
2.6879e+14	9.0771e-18	1.2839e-17
2.6899e+14	5.7962e-18	1.3532e-17
2.6918e+14	5.9875e-18	9.5547e-18
2.6938e+14	1.0019e-17	1.0124e-17
2.6958e+14	8.3173e-18	1.2576e-17
2.6978e+14	5.4449e-18	1.0385e-17
2.6998e+14	8.1653e-18	1.0369e-17
2.7018e+14	8.5438e-18	1.3723e-17
2.7038e+14	5.3739e-18	1.1698e-17
2.7058e+14	7.2492e-18	8.5477e-18
2.7078e+14	9.5428e-18	1.1549e-17
2.7097e+14	6.2628e-18	1.2784e-17
2.7117e+14	5.9571e-18	9.435e-18
2.7137e+14	9.5462e-18	1.0315e-17
2.7157e+14	7.7589e-18	1.2802e-17
2.7177e+14	5.2538e-18	1.0337e-17
2.7197e+14	8.6654e-18	9.833e-18
2.7217e+14	9.4605e-18	1.3246e-17
2.7237e+14	6.0045e-18	1.1963e-17
2.7256e+14	7.4857e-18	9.0206e-18
2.7276e+14	1.0014e-17	1.138e-17
2.7296e+14	7.1471e-18	1.2497e-17
2.7316e+14	6.6734e-18	9.8278e-18
2.7336e+14	9.874e-18	1.0841e-17
2.7356e+14	8.1128e-18	1.2814e-17
2.7376e+14	5.7406e-18	1.0296e-17
2.7396e+14	8.9555e-18	1.0021e-17
2.7416e+14	9.5061e-18	1.3224e-17
2.7435e+14	6.0488e-18	1.1851e-17
2.7455e+14	7.6128e-18	9.2599e-18
2.7475e+14	1.0095e-17	1.1436e-17
2.7495e+14	6.8898e-18	1.1699e-17
2.7515e+14	5.8836e-18	8.7787e-18
2.7535e+14	9.0399e-18	1.0487e-17
2.7555e+14	8.0105e-18	1.3084e-17
2.7575e+14	6.1311e-18	1.0548e-17
2.7594e+14	8.8157e-18	9.8525e-18
2.7614e+14	8.6978e-18	1.2553e-17
2.7634e+14	5.3102e-18	1.0956e-17
2.7654e+14	7.0422e-18	8.5944e-18
2.7674e+14	9.3551e-18	1.1063e-17
2.7694e+14	6.5205e-18	1.1402e-17
2.7714e+14	6.5346e-18	8.5635e-18
2.7734e+14	9.9441e-18	1.0215e-17
2.7753e+14	8.044e-18	1.2095e-17
2.7773e+14	5.6299e-18	8.5758e-18
2.7793e+14	8.6825e-18	7.8492e-18
2.7813e+14	8.8337e-18	1.1676e-17
2.7833e+14	5.4597e-18	1.1082e-17
2.7853e+14	7.6709e-18	8.5978e-18
2.7873e+14	1.0329e-17	1.0413e-17
2.7893e+14	6.7889e-18	1.0678e-17
2.7913e+14	6.1312e-18	8.3084e-18
2.7932e+14	1.0063e-17	1.0199e-17
2.7952e+14	8.6878e-18	1.2154e-17
2.7972e+14	5.7859e-18	9.1318e-18
2.7992e+14	8.6126e-18	8.8569e-18
2.8012e+14	9.3807e-18	1.223e-17
2.8032e+14	5.9723e-18	1.0888e-17
2.8052e+14	7.3153e-18	8.5853e-18
2.8072e+14	9.8904e-18	1.1139e-17
2.8091e+14	6.9339e-18	1.1498e-17
2.8111e+14	6.0356e-18	8.6639e-18
2.8131e+14	9.3078e-18	1.0284e-17
2.8151e+14	8.0721e-18	1.204e-17
2.8171e+14	5.5831e-18	8.6516e-18
2.8191e+14	8.3689e-18	8.2821e-18
2.8211e+14	9.1689e-18	1.1817e-17
2.8231e+14	5.9192e-18	1.0299e-17
2.825e+14	6.9327e-18	7.7443e-18
2.827e+14	9.1208e-18	1.0614e-17
2.829e+14	6.3933e-18	1.1341e-17
2.831e+14	5.8451e-18	8.2291e-18
2.833e+14	9.1998e-18	9.5673e-18
2.835e+14	8.1489e-18	1.1699e-17
2.837e+14	5.7218e-18	8.7389e-18
2.839e+14	8.0385e-18	8.324e-18
2.841e+14	8.5676e-18	1.1698e-17
2.8429e+14	5.7852e-18	1.0117e-17
2.8449e+14	7.1172e-18	7.5372e-18
2.8469e+14	8.9303e-18	1.0502e-17
2.8489e+14	5.9775e-18	1.104e-17
2.8509e+14	5.8228e-18	7.1253e-18
2.8529e+14	9.4595e-18	8.1483e-18
2.8549e+14	8.1688e-18	1.1257e-17
2.8569e+14	5.6973e-18	9.0513e-18
2.8588e+14	8.7774e-18	8.0122e-18
2.8608e+14	1.0132e-17	1.0797e-17
2.8628e+14	6.9926e-18	9.441e-18
2.8648e+14	7.1646e-18	6.6068e-18
2.8668e+14	8.7166e-18	9.1398e-18
2.8688e+14	6.5153e-18	1.0824e-17
2.8708e+14	6.445e-18	8.4422e-18
2.8728e+14	9.2742e-18	8.98e-18
2.8748e+14	7.725e-18	1.0993e-17
2.8767e+14	5.4559e-18	9.4181e-18
2.8787e+14	7.9859e-18	9.0739e-18
2.8807e+14	8.7633e-18	1.0794e-17
2.8827e+14	6.3903e-18	8.8119e-18
2.8847e+14	7.6351e-18	7.2601e-18
2.8867e+14	8.9778e-18	1.0399e-17
2.8887e+14	6.0434e-18	1.0734e-17
2.8907e+14	5.9875e-18	7.5967e-18
2.8926e+14	9.0897e-18	8.9109e-18
2.8946e+14	7.4246e-18	1.0866e-17
2.8966e+14	5.1672e-18	7.9848e-18
2.8986e+14	8.0208e-18	7.6123e-18
2.9006e+14	8.8009e-18	1.0974e-17
2.9026e+14	6.2219e-18	9.7612e-18
2.9046e+14	7.9023e-18	7.2575e-18
2.9066e+14	1.0104e-17	9.5978e-18
2.9085e+14	7.2043e-18	1.0237e-17
2.9105e+14	6.2268e-18	7.5294e-18
2.9125e+14	8.8459e-18	8.9869e-18
2.9145e+14	7.7524e-18	1.1252e-17
2.9165e+14	5.99e-18	8.3358e-18
2.9185e+14	8.4881e-18	6.9422e-18
2.9205e+14	8.7651e-18	9.5341e-18
2.9225e+14	5.9863e-18	9.1069e-18
2.9245e+14	7.4056e-18	7.615e-18
2.9264e+14	9.6333e-18	9.4816e-18
2.9284e+14	7.5615e-18	9.3177e-18
2.9304e+14	7.1783e-18	7.1357e-18
2.9324e+14	9.2562e-18	9.2567e-18
2.9344e+14	7.7706e-18	1.0868e-17
2.9364e+14	6.6914e-18	7.4587e-18
2.9384e+14	9.3678e-18	7.1467e-18
2.9404e+14	8.432e-18	1.0675e-17
2.9423e+14	4.881e-18	9.5059e-18
2.9443e+14	6.9349e-18	7.2241e-18
2.9463e+14	9.5735e-18	9.6459e-18
2.9483e+14	7.0191e-18	9.8171e-18
2.9503e+14	6.658e-18	6.6249e-18
2.9523e+14	9.3704e-18	8.1304e-18
2.9543e+14	7.698e-18	1.0776e-17
2.9563e+14	5.9098e-18	8.4536e-18
2.9583e+14	8.9381e-18	7.7412e-18
2.9602e+14	9.0126e-18	1.0248e-17
2.9622e+14	5.487e-18	8.7863e-18
2.9642e+14	6.8021e-18	6.8088e-18
2.9662e+14	9.3231e-18	9.3999e-18
2.9682e+14	7.1843e-18	9.5367e-18
2.9702e+14	6.783e-18	6.4337e-18
2.9722e+14	9.0869e-18	8.1076e-18
2.9742e+14	7.2851e-18	1.06e-17
2.9761e+14	5.5847e-18	7.8369e-18
2.9781e+14	8.7339e-18	7.0743e-18
2.9801e+14	9.2784e-18	1.014e-17
2.9821e+14	6.4881e-18	9.1288e-18
2.9841e+14	7.9526e-18	7.1946e-18
2.9861e+14	9.6307e-18	9.9902e-18
2.9881e+14	6.3938e-18	1.0411e-17
2.9901e+14	5.6287e-18	6.9185e-18
2.992e+14	8.545e-18	7.8655e-18
2.994e+14	7.7668e-18	1.0248e-17
2.996e+14	6.6266e-18	7.7255e-18
2.998e+14	9.3814e-18	6.8755e-18
3e+14	9.0006e-18	9.8387e-18
