#Error on normalization	O = -0.093 %	H = 3.035 %
#Frequence (s-1)	S_O (s)	S_H (s)
0	-5.4615e-16	2.8894e-15
1.6349e+11	2.8028e-16	2.6457e-15
3.2698e+11	5.586e-16	2.3997e-15
4.9046e+11	-4.9451e-16	2.5104e-15
6.5395e+11	-1.5443e-16	2.5385e-15
8.1744e+11	6.8967e-16	2.4215e-15
9.8093e+11	-1.8216e-17	2.4984e-15
1.1444e+12	-8.9752e-17	2.5703e-15
1.3079e+12	1.0402e-15	2.4657e-15
1.4714e+12	8.0582e-16	2.527e-15
1.6349e+12	1.6699e-16	2.7472e-15
1.7984e+12	9.1416e-16	2.7903e-15
1.9619e+12	1.3578e-15	2.7592e-15
2.1253e+12	1.4257e-15	2.8307e-15
2.2888e+12	2.3635e-15	2.9372e-15
2.4523e+12	2.4603e-15	3.1517e-15
2.6158e+12	2.1377e-15	3.357e-15
2.7793e+12	3.9665e-15	3.2004e-15
2.9428e+12	5.2194e-15	3.0502e-15
3.1063e+12	4.7543e-15	3.4426e-15
3.2698e+12	8.8675e-15	3.7426e-15
3.4332e+12	1.673e-14	3.367e-15
3.5967e+12	1.9194e-14	3.1672e-15
3.7602e+12	1.7961e-14	3.7226e-15
3.9237e+12	2.0347e-14	4.2248e-15
4.0872e+12	2.1925e-14	4.217e-15
4.2507e+12	1.8914e-14	4.1564e-15
4.4142e+12	1.7526e-14	4.1089e-15
4.5777e+12	1.6645e-14	3.9247e-15
4.7411e+12	1.0927e-14	3.9159e-15
4.9046e+12	8.2122e-15	4.1019e-15
5.0681e+12	1.2594e-14	4.1403e-15
5.2316e+12	1.2639e-14	4.2042e-15
5.3951e+12	9.1593e-15	4.4862e-15
5.5586e+12	1.5394e-14	4.5498e-15
5.7221e+12	2.3419e-14	4.2308e-15
5.8856e+12	1.8369e-14	4.0143e-15
6.049e+12	1.1991e-14	4.1509e-15
6.2125e+12	1.703e-14	4.4825e-15
6.376e+12	2.1364e-14	4.8372e-15
6.5395e+12	1.9174e-14	5.0058e-15
6.703e+12	2.2311e-14	4.9543e-15
6.8665e+12	2.8674e-14	4.9813e-15
7.03e+12	2.6598e-14	5.2066e-15
7.1935e+12	2.2857e-14	5.5215e-15
7.3569e+12	2.8336e-14	5.9311e-15
7.5204e+12	3.7745e-14	6.2193e-15
7.6839e+12	4.385e-14	6.1291e-15
7.8474e+12	4.6024e-14	6.162e-15
8.0109e+12	4.5555e-14	6.7423e-15
8.1744e+12	5.1135e-14	7.1411e-15
8.3379e+12	6.8659e-14	6.8876e-15
8.5014e+12	8.1784e-14	6.7715e-15
8.6649e+12	7.5697e-14	7.1618e-15
8.8283e+12	6.6939e-14	7.4517e-15
8.9918e+12	7.3693e-14	7.553e-15
9.1553e+12	8.3195e-14	7.6807e-15
9.3188e+12	7.8556e-14	7.4376e-15
9.4823e+12	6.6144e-14	6.9543e-15
9.6458e+12	5.8692e-14	7.125e-15
9.8093e+12	5.8375e-14	7.7133e-15
9.9728e+12	6.0396e-14	7.6038e-15
1.0136e+13	5.7889e-14	6.9517e-15
1.03e+13	4.9198e-14	6.7189e-15
1.0463e+13	4.1042e-14	6.8344e-15
1.0627e+13	3.6579e-14	6.6994e-15
1.079e+13	3.2702e-14	6.48e-15
1.0954e+13	3.1222e-14	6.6427e-15
1.1117e+13	3.3168e-14	6.9525e-15
1.1281e+13	3.1047e-14	6.7674e-15
1.1444e+13	2.5282e-14	6.2608e-15
1.1608e+13	2.6821e-14	6.4041e-15
1.1771e+13	3.3194e-14	7.118e-15
1.1935e+13	3.2947e-14	7.1568e-15
1.2098e+13	3.1911e-14	6.7739e-15
1.2262e+13	4.0667e-14	7.5394e-15
1.2425e+13	4.9234e-14	8.7901e-15
1.2589e+13	4.5184e-14	8.4216e-15
1.2752e+13	3.6794e-14	7.0736e-15
1.2916e+13	3.626e-14	6.8644e-15
1.3079e+13	4.1367e-14	7.4987e-15
1.3243e+13	4.5831e-14	7.8034e-15
1.3406e+13	4.9822e-14	8.083e-15
1.3569e+13	5.4104e-14	8.2816e-15
1.3733e+13	5.4729e-14	7.8256e-15
1.3896e+13	4.944e-14	7.6668e-15
1.406e+13	4.5374e-14	8.4633e-15
1.4223e+13	5.0212e-14	8.8346e-15
1.4387e+13	5.7106e-14	8.3408e-15
1.455e+13	5.5493e-14	8.2444e-15
1.4714e+13	5.146e-14	8.49e-15
1.4877e+13	5.3999e-14	8.442e-15
1.5041e+13	5.5276e-14	8.8489e-15
1.5204e+13	4.9494e-14	9.5107e-15
1.5368e+13	4.7003e-14	9.0782e-15
1.5531e+13	5.0737e-14	8.4468e-15
1.5695e+13	5.0387e-14	9.0169e-15
1.5858e+13	4.6117e-14	9.3846e-15
1.6022e+13	4.5434e-14	8.8045e-15
1.6185e+13	4.5927e-14	9.1403e-15
1.6349e+13	4.5396e-14	1.0194e-14
1.6512e+13	4.6457e-14	9.9032e-15
1.6676e+13	4.3904e-14	9.3153e-15
1.6839e+13	3.6345e-14	1.0093e-14
1.7003e+13	3.6355e-14	1.0384e-14
1.7166e+13	4.4692e-14	9.2329e-15
1.733e+13	4.7111e-14	9.019e-15
1.7493e+13	4.4914e-14	1.003e-14
1.7657e+13	4.5824e-14	1.0026e-14
1.782e+13	4.1566e-14	9.421e-15
1.7984e+13	3.5032e-14	9.8774e-15
1.8147e+13	4.5136e-14	1.0499e-14
1.8311e+13	6.0101e-14	1.0391e-14
1.8474e+13	5.2715e-14	1.0446e-14
1.8638e+13	3.9304e-14	1.0679e-14
1.8801e+13	4.6028e-14	1.0532e-14
1.8965e+13	5.2042e-14	1.0663e-14
1.9128e+13	4.0251e-14	1.1098e-14
1.9292e+13	3.9267e-14	1.1065e-14
1.9455e+13	5.8186e-14	1.1376e-14
1.9619e+13	6.3929e-14	1.2689e-14
1.9782e+13	5.2106e-14	1.3506e-14
1.9946e+13	5.1465e-14	1.3273e-14
2.0109e+13	6.0465e-14	1.309e-14
2.0272e+13	5.831e-14	1.2556e-14
2.0436e+13	5.08e-14	1.1346e-14
2.0599e+13	4.9556e-14	1.1524e-14
2.0763e+13	4.9048e-14	1.3208e-14
2.0926e+13	4.953e-14	1.3424e-14
2.109e+13	5.6195e-14	1.2308e-14
2.1253e+13	5.8843e-14	1.2768e-14
2.1417e+13	5.0247e-14	1.3925e-14
2.158e+13	4.1356e-14	1.3416e-14
2.1744e+13	3.8008e-14	1.3054e-14
2.1907e+13	3.5051e-14	1.4343e-14
2.2071e+13	3.4375e-14	1.4537e-14
2.2234e+13	3.8537e-14	1.2982e-14
2.2398e+13	4.0391e-14	1.3049e-14
2.2561e+13	3.7013e-14	1.4655e-14
2.2725e+13	3.2828e-14	1.446e-14
2.2888e+13	2.7819e-14	1.3609e-14
2.3052e+13	2.2909e-14	1.5317e-14
2.3215e+13	2.3619e-14	1.7294e-14
2.3379e+13	2.6592e-14	1.6142e-14
2.3542e+13	2.4128e-14	1.4584e-14
2.3706e+13	2.0675e-14	1.5775e-14
2.3869e+13	2.2035e-14	1.6907e-14
2.4033e+13	2.2297e-14	1.5766e-14
2.4196e+13	1.874e-14	1.5705e-14
2.436e+13	1.7671e-14	1.8079e-14
2.4523e+13	1.8462e-14	1.875e-14
2.4687e+13	1.5562e-14	1.6638e-14
2.485e+13	1.2327e-14	1.6187e-14
2.5014e+13	1.3124e-14	1.8443e-14
2.5177e+13	1.4015e-14	1.9341e-14
2.5341e+13	1.289e-14	1.7891e-14
2.5504e+13	1.2887e-14	1.7238e-14
2.5668e+13	1.3301e-14	1.8241e-14
2.5831e+13	1.1745e-14	1.9108e-14
2.5995e+13	1.0493e-14	1.9258e-14
2.6158e+13	1.1036e-14	1.9082e-14
2.6322e+13	1.109e-14	1.8849e-14
2.6485e+13	1.0336e-14	1.9256e-14
2.6649e+13	1.0263e-14	2.014e-14
2.6812e+13	1.013e-14	2.0137e-14
2.6975e+13	9.1307e-15	1.9499e-14
2.7139e+13	8.2686e-15	1.9705e-14
2.7302e+13	8.0857e-15	2.0372e-14
2.7466e+13	8.2974e-15	2.0732e-14
2.7629e+13	8.3843e-15	2.1581e-14
2.7793e+13	7.4865e-15	2.2419e-14
2.7956e+13	6.3097e-15	2.155e-14
2.812e+13	6.7034e-15	2.027e-14
2.8283e+13	7.6877e-15	2.0744e-14
2.8447e+13	7.0648e-15	2.147e-14
2.861e+13	6.1275e-15	2.1064e-14
2.8774e+13	6.6987e-15	2.1641e-14
2.8937e+13	7.19e-15	2.3443e-14
2.9101e+13	6.5257e-15	2.3246e-14
2.9264e+13	6.318e-15	2.099e-14
2.9428e+13	6.7834e-15	2.0157e-14
2.9591e+13	6.5107e-15	2.1394e-14
2.9755e+13	5.8291e-15	2.2616e-14
2.9918e+13	5.7627e-15	2.3062e-14
3.0082e+13	6.0297e-15	2.2597e-14
3.0245e+13	6.2073e-15	2.0962e-14
3.0409e+13	6.1062e-15	1.9671e-14
3.0572e+13	5.5064e-15	2.0422e-14
3.0736e+13	5.144e-15	2.219e-14
3.0899e+13	5.6379e-15	2.3107e-14
3.1063e+13	5.8801e-15	2.2862e-14
3.1226e+13	5.197e-15	2.1818e-14
3.139e+13	4.6425e-15	2.0674e-14
3.1553e+13	4.5201e-15	2.0788e-14
3.1717e+13	4.212e-15	2.2461e-14
3.188e+13	4.1423e-15	2.4044e-14
3.2044e+13	4.5332e-15	2.385e-14
3.2207e+13	4.4447e-15	2.1995e-14
3.2371e+13	3.9306e-15	2.0543e-14
3.2534e+13	3.8566e-15	2.1411e-14
3.2698e+13	3.8863e-15	2.3207e-14
3.2861e+13	3.714e-15	2.2881e-14
3.3025e+13	3.9708e-15	2.1154e-14
3.3188e+13	4.2911e-15	2.1172e-14
3.3351e+13	3.9004e-15	2.2139e-14
3.3515e+13	3.5897e-15	2.1124e-14
3.3678e+13	3.8817e-15	1.9333e-14
3.3842e+13	3.8086e-15	1.9514e-14
3.4005e+13	3.3908e-15	2.058e-14
3.4169e+13	3.5673e-15	2.0517e-14
3.4332e+13	3.7817e-15	2.0138e-14
3.4496e+13	3.3586e-15	2.0382e-14
3.4659e+13	3.241e-15	2.036e-14
3.4823e+13	3.749e-15	1.9466e-14
3.4986e+13	3.8096e-15	1.8445e-14
3.515e+13	3.3185e-15	1.8543e-14
3.5313e+13	3.0626e-15	1.994e-14
3.5477e+13	3.0172e-15	2.0543e-14
3.564e+13	2.9215e-15	1.9003e-14
3.5804e+13	2.8966e-15	1.8115e-14
3.5967e+13	2.8641e-15	1.9933e-14
3.6131e+13	2.8898e-15	2.0959e-14
3.6294e+13	3.1828e-15	1.8913e-14
3.6458e+13	3.2055e-15	1.7695e-14
3.6621e+13	2.6506e-15	1.9192e-14
3.6785e+13	2.4273e-15	1.9581e-14
3.6948e+13	2.8176e-15	1.8115e-14
3.7112e+13	2.8488e-15	1.839e-14
3.7275e+13	2.5084e-15	1.9762e-14
3.7439e+13	2.6253e-15	1.8901e-14
3.7602e+13	2.8215e-15	1.7493e-14
3.7766e+13	2.4707e-15	1.8513e-14
3.7929e+13	2.242e-15	2.0052e-14
3.8093e+13	2.5819e-15	1.9764e-14
3.8256e+13	2.7793e-15	1.8859e-14
3.842e+13	2.5288e-15	1.8372e-14
3.8583e+13	2.3548e-15	1.7852e-14
3.8747e+13	2.4509e-15	1.7719e-14
3.891e+13	2.5251e-15	1.8182e-14
3.9074e+13	2.4032e-15	1.8182e-14
3.9237e+13	2.2483e-15	1.7678e-14
3.9401e+13	2.348e-15	1.7735e-14
3.9564e+13	2.5166e-15	1.8392e-14
3.9728e+13	2.264e-15	1.9073e-14
3.9891e+13	1.9001e-15	1.9478e-14
4.0054e+13	2.0844e-15	1.9242e-14
4.0218e+13	2.379e-15	1.8825e-14
4.0381e+13	2.1566e-15	1.9361e-14
4.0545e+13	1.969e-15	2.0124e-14
4.0708e+13	2.1887e-15	1.9319e-14
4.0872e+13	2.1888e-15	1.7576e-14
4.1035e+13	1.9729e-15	1.6777e-14
4.1199e+13	2.1563e-15	1.6778e-14
4.1362e+13	2.3907e-15	1.6755e-14
4.1526e+13	2.1828e-15	1.7277e-14
4.1689e+13	2.0334e-15	1.8709e-14
4.1853e+13	2.1379e-15	2.006e-14
4.2016e+13	2.0013e-15	2.0146e-14
4.218e+13	1.8011e-15	1.8703e-14
4.2343e+13	1.9458e-15	1.7151e-14
4.2507e+13	2.0074e-15	1.7519e-14
4.267e+13	1.737e-15	1.9089e-14
4.2834e+13	1.6278e-15	1.9006e-14
4.2997e+13	1.7907e-15	1.7343e-14
4.3161e+13	1.9013e-15	1.6868e-14
4.3324e+13	1.938e-15	1.7874e-14
4.3488e+13	1.8915e-15	1.8575e-14
4.3651e+13	1.7068e-15	1.8743e-14
4.3815e+13	1.6489e-15	1.8685e-14
4.3978e+13	1.7465e-15	1.817e-14
4.4142e+13	1.6868e-15	1.8185e-14
4.4305e+13	1.6496e-15	1.9093e-14
4.4469e+13	1.8713e-15	1.8793e-14
4.4632e+13	1.9178e-15	1.7368e-14
4.4796e+13	1.6754e-15	1.8025e-14
4.4959e+13	1.6601e-15	1.9997e-14
4.5123e+13	1.7791e-15	1.9098e-14
4.5286e+13	1.645e-15	1.6489e-14
4.545e+13	1.6171e-15	1.6686e-14
4.5613e+13	1.8431e-15	1.8589e-14
4.5777e+13	1.7593e-15	1.8473e-14
4.594e+13	1.4568e-15	1.7309e-14
4.6104e+13	1.5194e-15	1.7105e-14
4.6267e+13	1.683e-15	1.6719e-14
4.6431e+13	1.552e-15	1.5998e-14
4.6594e+13	1.485e-15	1.6438e-14
4.6757e+13	1.6023e-15	1.7061e-14
4.6921e+13	1.5636e-15	1.6741e-14
4.7084e+13	1.45e-15	1.729e-14
4.7248e+13	1.4317e-15	1.8797e-14
4.7411e+13	1.3961e-15	1.8248e-14
4.7575e+13	1.496e-15	1.5848e-14
4.7738e+13	1.7527e-15	1.5003e-14
4.7902e+13	1.6674e-15	1.5751e-14
4.8065e+13	1.3388e-15	1.5694e-14
4.8229e+13	1.4036e-15	1.5173e-14
4.8392e+13	1.5905e-15	1.5433e-14
4.8556e+13	1.3805e-15	1.549e-14
4.8719e+13	1.2436e-15	1.4582e-14
4.8883e+13	1.4344e-15	1.3676e-14
4.9046e+13	1.404e-15	1.3416e-14
4.921e+13	1.2309e-15	1.3711e-14
4.9373e+13	1.3385e-15	1.4185e-14
4.9537e+13	1.3022e-15	1.3844e-14
4.97e+13	9.6445e-16	1.2788e-14
4.9864e+13	1.0087e-15	1.296e-14
5.0027e+13	1.3415e-15	1.4434e-14
5.0191e+13	1.2822e-15	1.4649e-14
5.0354e+13	1.1114e-15	1.3304e-14
5.0518e+13	1.1952e-15	1.2611e-14
5.0681e+13	1.0915e-15	1.247e-14
5.0845e+13	8.832e-16	1.1584e-14
5.1008e+13	1.1132e-15	1.1403e-14
5.1172e+13	1.3459e-15	1.2973e-14
5.1335e+13	1.0912e-15	1.3735e-14
5.1499e+13	9.1073e-16	1.2194e-14
5.1662e+13	1.0374e-15	1.0665e-14
5.1826e+13	9.8042e-16	1.0682e-14
5.1989e+13	8.8888e-16	1.1137e-14
5.2153e+13	1.1092e-15	1.1451e-14
5.2316e+13	1.2005e-15	1.1767e-14
5.248e+13	9.7617e-16	1.1401e-14
5.2643e+13	9.1057e-16	1.0343e-14
5.2807e+13	9.9867e-16	9.6626e-15
5.297e+13	9.5917e-16	9.4255e-15
5.3134e+13	9.7567e-16	9.2732e-15
5.3297e+13	1.048e-15	9.8354e-15
5.346e+13	9.3082e-16	1.0814e-14
5.3624e+13	8.8578e-16	1.0565e-14
5.3787e+13	1.0584e-15	9.2355e-15
5.3951e+13	1.0057e-15	8.5744e-15
5.4114e+13	7.6055e-16	8.6499e-15
5.4278e+13	7.8072e-16	8.5261e-15
5.4441e+13	8.6406e-16	8.5642e-15
5.4605e+13	7.5836e-16	8.9537e-15
5.4768e+13	8.2202e-16	8.7299e-15
5.4932e+13	1.0065e-15	8.0244e-15
5.5095e+13	8.6962e-16	8.0191e-15
5.5259e+13	6.9475e-16	8.4758e-15
5.5422e+13	8.4801e-16	8.4568e-15
5.5586e+13	9.457e-16	8.2866e-15
5.5749e+13	8.5469e-16	8.3528e-15
5.5913e+13	9.196e-16	8.1085e-15
5.6076e+13	9.6702e-16	7.6193e-15
5.624e+13	7.7437e-16	7.5965e-15
5.6403e+13	7.3707e-16	7.7572e-15
5.6567e+13	9.0251e-16	7.527e-15
5.673e+13	8.4401e-16	7.4466e-15
5.6894e+13	7.3444e-16	7.9479e-15
5.7057e+13	8.7948e-16	8.3112e-15
5.7221e+13	9.2112e-16	8.1158e-15
5.7384e+13	7.4144e-16	7.894e-15
5.7548e+13	7.4857e-16	7.7956e-15
5.7711e+13	8.6613e-16	7.4776e-15
5.7875e+13	7.933e-16	7.2886e-15
5.8038e+13	7.576e-16	7.7201e-15
5.8202e+13	8.6247e-16	8.0775e-15
5.8365e+13	8.2753e-16	7.4931e-15
5.8529e+13	7.3677e-16	6.6281e-15
5.8692e+13	7.8443e-16	6.5638e-15
5.8856e+13	7.72e-16	6.8765e-15
5.9019e+13	7.0525e-16	6.7114e-15
5.9183e+13	8.0508e-16	6.5702e-15
5.9346e+13	8.4443e-16	7.0051e-15
5.951e+13	6.6714e-16	7.1077e-15
5.9673e+13	6.3126e-16	6.3135e-15
5.9837e+13	7.5125e-16	5.7434e-15
6e+13	6.8368e-16	6.0455e-15
6.0163e+13	6.038e-16	6.2612e-15
6.0327e+13	7.3599e-16	5.9925e-15
6.049e+13	7.6189e-16	6.0565e-15
6.0654e+13	6.2931e-16	6.4672e-15
6.0817e+13	6.7422e-16	6.3711e-15
6.0981e+13	7.6313e-16	5.8843e-15
6.1144e+13	6.5954e-16	5.806e-15
6.1308e+13	6.2547e-16	6.1136e-15
6.1471e+13	7.2395e-16	6.2775e-15
6.1635e+13	6.7222e-16	6.2079e-15
6.1798e+13	5.9624e-16	6.0724e-15
6.1962e+13	7.0015e-16	5.9377e-15
6.2125e+13	7.3219e-16	5.8153e-15
6.2289e+13	6.2442e-16	5.6661e-15
6.2452e+13	6.2788e-16	5.4826e-15
6.2616e+13	6.6045e-16	5.32e-15
6.2779e+13	5.9821e-16	5.1773e-15
6.2943e+13	6.4243e-16	5.1923e-15
6.3106e+13	7.3317e-16	5.562e-15
6.327e+13	6.3862e-16	5.8547e-15
6.3433e+13	5.8029e-16	5.4689e-15
6.3597e+13	6.9536e-16	4.9358e-15
6.376e+13	6.58e-16	5.1166e-15
6.3924e+13	5.0296e-16	5.5394e-15
6.4087e+13	5.763e-16	5.4691e-15
6.4251e+13	6.8819e-16	5.3749e-15
6.4414e+13	5.8615e-16	5.5626e-15
6.4578e+13	5.4001e-16	5.4121e-15
6.4741e+13	6.158e-16	5.094e-15
6.4905e+13	5.5746e-16	5.3875e-15
6.5068e+13	5.0709e-16	5.7125e-15
6.5232e+13	6.2289e-16	5.2336e-15
6.5395e+13	6.2006e-16	4.8208e-15
6.5559e+13	5.0253e-16	5.2076e-15
6.5722e+13	5.9242e-16	5.3334e-15
6.5886e+13	7.1019e-16	4.6811e-15
6.6049e+13	5.9005e-16	4.4827e-15
6.6213e+13	5.1802e-16	5.1849e-15
6.6376e+13	6.2302e-16	5.6167e-15
6.654e+13	6.1099e-16	5.2886e-15
6.6703e+13	5.1788e-16	4.9635e-15
6.6866e+13	5.65e-16	5.0057e-15
6.703e+13	6.1383e-16	5.095e-15
6.7193e+13	5.9149e-16	5.1272e-15
6.7357e+13	6.4683e-16	5.1835e-15
6.752e+13	6.6978e-16	5.1696e-15
6.7684e+13	5.6851e-16	5.0701e-15
6.7847e+13	5.8777e-16	5.0535e-15
6.8011e+13	7.1695e-16	5.116e-15
6.8174e+13	6.6679e-16	5.0451e-15
6.8338e+13	5.4163e-16	4.8301e-15
6.8501e+13	5.6082e-16	4.7079e-15
6.8665e+13	5.6604e-16	4.6875e-15
6.8828e+13	4.9894e-16	4.569e-15
6.8992e+13	5.4119e-16	4.5278e-15
6.9155e+13	6.0462e-16	4.8355e-15
6.9319e+13	5.5056e-16	5.0996e-15
6.9482e+13	5.4391e-16	4.941e-15
6.9646e+13	6.0814e-16	4.8539e-15
6.9809e+13	5.6148e-16	5.0588e-15
6.9973e+13	4.9707e-16	4.8537e-15
7.0136e+13	5.5891e-16	4.3882e-15
7.03e+13	6.1025e-16	4.823e-15
7.0463e+13	5.9964e-16	5.7809e-15
7.0627e+13	6.1303e-16	5.6418e-15
7.079e+13	5.6928e-16	4.6639e-15
7.0954e+13	4.7136e-16	4.4437e-15
7.1117e+13	4.9474e-16	4.8534e-15
7.1281e+13	5.5292e-16	4.7934e-15
7.1444e+13	4.8812e-16	4.5736e-15
7.1608e+13	4.7389e-16	4.8494e-15
7.1771e+13	5.7741e-16	5.1244e-15
7.1935e+13	5.7563e-16	4.9968e-15
7.2098e+13	5.0392e-16	4.8656e-15
7.2262e+13	5.4301e-16	4.9073e-15
7.2425e+13	5.6487e-16	5.0149e-15
7.2589e+13	4.9633e-16	5.2026e-15
7.2752e+13	4.981e-16	5.1914e-15
7.2916e+13	5.1345e-16	4.8202e-15
7.3079e+13	4.5181e-16	4.7197e-15
7.3243e+13	5.0958e-16	5.1366e-15
7.3406e+13	6.5183e-16	5.2075e-15
7.3569e+13	5.8275e-16	4.6125e-15
7.3733e+13	4.4075e-16	4.2384e-15
7.3896e+13	5.0018e-16	4.5289e-15
7.406e+13	5.5268e-16	4.9388e-15
7.4223e+13	4.6159e-16	4.9993e-15
7.4387e+13	4.7344e-16	4.6543e-15
7.455e+13	5.6169e-16	4.1659e-15
7.4714e+13	5.1573e-16	4.1038e-15
7.4877e+13	4.8929e-16	4.5314e-15
7.5041e+13	5.7714e-16	4.7595e-15
7.5204e+13	5.6532e-16	4.6463e-15
7.5368e+13	5.0146e-16	4.7621e-15
7.5531e+13	5.6004e-16	5.0583e-15
7.5695e+13	5.6753e-16	5.1495e-15
7.5858e+13	4.6795e-16	5.3151e-15
7.6022e+13	5.0029e-16	5.5733e-15
7.6185e+13	5.8287e-16	5.2498e-15
7.6349e+13	5.1761e-16	4.5767e-15
7.6512e+13	5.0452e-16	4.5639e-15
7.6676e+13	6.0804e-16	4.9864e-15
7.6839e+13	5.5995e-16	4.8936e-15
7.7003e+13	4.5232e-16	4.5368e-15
7.7166e+13	5.3081e-16	4.6037e-15
7.733e+13	5.8267e-16	4.795e-15
7.7493e+13	4.7683e-16	4.7052e-15
7.7657e+13	4.7001e-16	4.5679e-15
7.782e+13	5.28e-16	4.4949e-15
7.7984e+13	4.4533e-16	4.4466e-15
7.8147e+13	4.1738e-16	4.6796e-15
7.8311e+13	5.3233e-16	5.1655e-15
7.8474e+13	5.1121e-16	5.4452e-15
7.8638e+13	4.1257e-16	5.4273e-15
7.8801e+13	4.7771e-16	5.2493e-15
7.8965e+13	5.0409e-16	4.8285e-15
7.9128e+13	3.9012e-16	4.4944e-15
7.9292e+13	4.4773e-16	4.8535e-15
7.9455e+13	6.1677e-16	5.4572e-15
7.9619e+13	5.6103e-16	5.2635e-15
7.9782e+13	4.479e-16	4.4882e-15
7.9946e+13	5.1037e-16	4.2189e-15
8.0109e+13	5.3744e-16	4.5726e-15
8.0272e+13	4.7844e-16	4.8484e-15
8.0436e+13	5.204e-16	4.8767e-15
8.0599e+13	5.3931e-16	4.9568e-15
8.0763e+13	4.4194e-16	5.0825e-15
8.0926e+13	4.5575e-16	5.0814e-15
8.109e+13	5.4346e-16	5.0752e-15
8.1253e+13	4.8848e-16	5.2651e-15
8.1417e+13	4.6144e-16	5.4666e-15
8.158e+13	5.7176e-16	5.3039e-15
8.1744e+13	5.5949e-16	4.8695e-15
8.1907e+13	4.5834e-16	4.6381e-15
8.2071e+13	5.1789e-16	4.6737e-15
8.2234e+13	5.6724e-16	4.6864e-15
8.2398e+13	4.6057e-16	4.7443e-15
8.2561e+13	4.4957e-16	4.9472e-15
8.2725e+13	5.2942e-16	4.8813e-15
8.2888e+13	4.7554e-16	4.4497e-15
8.3052e+13	4.5826e-16	4.3166e-15
8.3215e+13	5.8442e-16	4.6896e-15
8.3379e+13	5.5482e-16	4.9817e-15
8.3542e+13	4.124e-16	5.0329e-15
8.3706e+13	4.8564e-16	5.1267e-15
8.3869e+13	5.9608e-16	5.1136e-15
8.4033e+13	5.0553e-16	4.9422e-15
8.4196e+13	4.8352e-16	5.0219e-15
8.436e+13	5.9488e-16	5.1448e-15
8.4523e+13	5.3547e-16	4.7447e-15
8.4687e+13	4.0285e-16	4.3407e-15
8.485e+13	4.4176e-16	4.6176e-15
8.5014e+13	4.6167e-16	4.8774e-15
8.5177e+13	3.9108e-16	4.529e-15
8.5341e+13	4.7285e-16	4.4057e-15
8.5504e+13	5.8628e-16	4.8589e-15
8.5668e+13	4.8452e-16	4.9656e-15
8.5831e+13	4.0661e-16	4.6892e-15
8.5995e+13	5.303e-16	4.9846e-15
8.6158e+13	5.8738e-16	5.5111e-15
8.6322e+13	5.0351e-16	5.1631e-15
8.6485e+13	4.8282e-16	4.3988e-15
8.6649e+13	4.9925e-16	4.3942e-15
8.6812e+13	4.7126e-16	4.8641e-15
8.6975e+13	4.8983e-16	4.8788e-15
8.7139e+13	5.1777e-16	4.6431e-15
8.7302e+13	4.6955e-16	4.8288e-15
8.7466e+13	4.6414e-16	5.2276e-15
8.7629e+13	5.2356e-16	5.247e-15
8.7793e+13	5.0616e-16	4.9798e-15
8.7956e+13	4.7107e-16	4.9278e-15
8.812e+13	5.1502e-16	5.0987e-15
8.8283e+13	5.1502e-16	5.0912e-15
8.8447e+13	4.5775e-16	4.8417e-15
8.861e+13	4.7233e-16	4.5913e-15
8.8774e+13	4.7907e-16	4.4119e-15
8.8937e+13	4.0925e-16	4.4364e-15
8.9101e+13	4.1873e-16	4.9081e-15
8.9264e+13	4.8473e-16	5.4221e-15
8.9428e+13	4.3327e-16	5.2763e-15
8.9591e+13	3.7994e-16	4.8384e-15
8.9755e+13	4.4682e-16	4.9182e-15
8.9918e+13	4.5115e-16	5.1328e-15
9.0082e+13	3.7611e-16	4.8899e-15
9.0245e+13	4.3973e-16	4.8409e-15
9.0409e+13	5.5758e-16	5.3082e-15
9.0572e+13	5.1639e-16	5.2432e-15
9.0736e+13	4.316e-16	4.4329e-15
9.0899e+13	4.3828e-16	4.1132e-15
9.1063e+13	4.4812e-16	4.4828e-15
9.1226e+13	4.5082e-16	4.5909e-15
9.139e+13	4.8336e-16	4.5472e-15
9.1553e+13	4.5216e-16	4.8833e-15
9.1717e+13	3.8156e-16	4.9221e-15
9.188e+13	4.0661e-16	4.2854e-15
9.2044e+13	4.5049e-16	4.0077e-15
9.2207e+13	4.1427e-16	4.5061e-15
9.2371e+13	4.151e-16	4.9005e-15
9.2534e+13	4.7825e-16	4.9029e-15
9.2698e+13	4.7981e-16	4.9009e-15
9.2861e+13	4.539e-16	4.6826e-15
9.3025e+13	4.6416e-16	4.1775e-15
9.3188e+13	4.3332e-16	4.1079e-15
9.3351e+13	3.9169e-16	4.5145e-15
9.3515e+13	4.2543e-16	4.5089e-15
9.3678e+13	4.2307e-16	4.068e-15
9.3842e+13	3.4838e-16	4.0259e-15
9.4005e+13	3.7152e-16	4.3857e-15
9.4169e+13	4.4906e-16	4.5061e-15
9.4332e+13	3.9784e-16	4.411e-15
9.4496e+13	3.4174e-16	4.4624e-15
9.4659e+13	4.2408e-16	4.4814e-15
9.4823e+13	4.5518e-16	4.1986e-15
9.4986e+13	3.5545e-16	3.8848e-15
9.515e+13	3.4899e-16	3.9037e-15
9.5313e+13	4.7274e-16	4.1109e-15
9.5477e+13	5.2421e-16	4.1128e-15
9.564e+13	4.6887e-16	3.9061e-15
9.5804e+13	4.2074e-16	3.8842e-15
9.5967e+13	4.1881e-16	4.1734e-15
9.6131e+13	4.4468e-16	4.3877e-15
9.6294e+13	4.5109e-16	4.2568e-15
9.6458e+13	4.0293e-16	4.0456e-15
9.6621e+13	3.6834e-16	4.0566e-15
9.6785e+13	3.9575e-16	4.1383e-15
9.6948e+13	4.1584e-16	4.0315e-15
9.7112e+13	4.1222e-16	3.8864e-15
9.7275e+13	4.2213e-16	4.0177e-15
9.7439e+13	3.9817e-16	4.2931e-15
9.7602e+13	3.6079e-16	4.3063e-15
9.7766e+13	4.1973e-16	4.1351e-15
9.7929e+13	4.8867e-16	4.1944e-15
9.8093e+13	4.2772e-16	4.3432e-15
9.8256e+13	3.6536e-16	4.0892e-15
9.842e+13	4.0375e-16	3.5812e-15
9.8583e+13	3.985e-16	3.3503e-15
9.8747e+13	3.4698e-16	3.4072e-15
9.891e+13	3.9856e-16	3.5292e-15
9.9074e+13	4.5975e-16	3.7298e-15
9.9237e+13	4.0404e-16	3.8162e-15
9.9401e+13	3.6374e-16	3.533e-15
9.9564e+13	3.8964e-16	3.278e-15
9.9728e+13	3.6382e-16	3.4577e-15
9.9891e+13	3.3325e-16	3.6159e-15
1.0005e+14	3.5855e-16	3.3724e-15
1.0022e+14	3.2949e-16	3.1916e-15
1.0038e+14	2.9683e-16	3.3452e-15
1.0054e+14	3.9909e-16	3.4566e-15
1.0071e+14	4.6344e-16	3.4146e-15
1.0087e+14	3.5265e-16	3.3952e-15
1.0104e+14	2.9755e-16	3.2861e-15
1.012e+14	3.7523e-16	3.1265e-15
1.0136e+14	3.7176e-16	3.2343e-15
1.0153e+14	3.1833e-16	3.4163e-15
1.0169e+14	3.6356e-16	3.2748e-15
1.0185e+14	3.7634e-16	3.1269e-15
1.0202e+14	3.0197e-16	3.3487e-15
1.0218e+14	3.1655e-16	3.5459e-15
1.0234e+14	3.774e-16	3.3985e-15
1.0251e+14	3.4174e-16	3.2649e-15
1.0267e+14	3.3247e-16	3.3525e-15
1.0283e+14	3.9431e-16	3.3719e-15
1.03e+14	3.5193e-16	3.1869e-15
1.0316e+14	2.6466e-16	3.0178e-15
1.0332e+14	3.034e-16	3.067e-15
1.0349e+14	3.435e-16	3.2258e-15
1.0365e+14	2.9059e-16	3.1324e-15
1.0381e+14	2.9083e-16	2.7724e-15
1.0398e+14	3.2989e-16	2.6862e-15
1.0414e+14	2.9092e-16	2.9485e-15
1.0431e+14	2.7903e-16	2.8633e-15
1.0447e+14	3.3115e-16	2.4025e-15
1.0463e+14	2.9766e-16	2.3982e-15
1.048e+14	2.4514e-16	2.8055e-15
1.0496e+14	3.1366e-16	2.7936e-15
1.0512e+14	3.5811e-16	2.5303e-15
1.0529e+14	3.0395e-16	2.6916e-15
1.0545e+14	3.162e-16	2.8898e-15
1.0561e+14	3.5609e-16	2.5786e-15
1.0578e+14	2.8406e-16	2.2527e-15
1.0594e+14	2.4395e-16	2.3285e-15
1.061e+14	3.1403e-16	2.4196e-15
1.0627e+14	3.0717e-16	2.3546e-15
1.0643e+14	2.4071e-16	2.3419e-15
1.0659e+14	2.8193e-16	2.3016e-15
1.0676e+14	3.2046e-16	2.2197e-15
1.0692e+14	2.5957e-16	2.3468e-15
1.0708e+14	2.5864e-16	2.5023e-15
1.0725e+14	3.0774e-16	2.337e-15
1.0741e+14	2.5095e-16	2.1278e-15
1.0757e+14	2.0602e-16	2.1998e-15
1.0774e+14	2.8619e-16	2.3035e-15
1.079e+14	3.0768e-16	2.2917e-15
1.0807e+14	2.2075e-16	2.3356e-15
1.0823e+14	2.1193e-16	2.3228e-15
1.0839e+14	2.7253e-16	2.1474e-15
1.0856e+14	2.7552e-16	2.1463e-15
1.0872e+14	2.645e-16	2.3878e-15
1.0888e+14	2.7224e-16	2.428e-15
1.0905e+14	2.4751e-16	2.2163e-15
1.0921e+14	2.3166e-16	2.1458e-15
1.0937e+14	2.4056e-16	2.1982e-15
1.0954e+14	2.0364e-16	2.0743e-15
1.097e+14	1.7614e-16	1.8661e-15
1.0986e+14	2.2294e-16	1.8296e-15
1.1003e+14	2.3552e-16	1.9171e-15
1.1019e+14	1.9888e-16	1.9488e-15
1.1035e+14	2.3004e-16	1.8947e-15
1.1052e+14	2.5669e-16	1.8555e-15
1.1068e+14	1.8694e-16	1.9023e-15
1.1084e+14	1.6748e-16	1.9383e-15
1.1101e+14	2.3245e-16	1.8474e-15
1.1117e+14	2.1118e-16	1.7373e-15
1.1134e+14	1.5398e-16	1.7162e-15
1.115e+14	2.0433e-16	1.6518e-15
1.1166e+14	2.3444e-16	1.5211e-15
1.1183e+14	1.7099e-16	1.5452e-15
1.1199e+14	1.8369e-16	1.7059e-15
1.1215e+14	2.5667e-16	1.7361e-15
1.1232e+14	2.2722e-16	1.6485e-15
1.1248e+14	1.8421e-16	1.6567e-15
1.1264e+14	2.3036e-16	1.7536e-15
1.1281e+14	2.3583e-16	1.8116e-15
1.1297e+14	1.7938e-16	1.7614e-15
1.1313e+14	1.8091e-16	1.5665e-15
1.133e+14	1.8876e-16	1.3869e-15
1.1346e+14	1.4582e-16	1.4721e-15
1.1362e+14	1.5639e-16	1.6592e-15
1.1379e+14	2.0207e-16	1.6066e-15
1.1395e+14	1.735e-16	1.4732e-15
1.1411e+14	1.4936e-16	1.5333e-15
1.1428e+14	1.8993e-16	1.5399e-15
1.1444e+14	1.8071e-16	1.3151e-15
1.146e+14	1.3207e-16	1.2241e-15
1.1477e+14	1.5463e-16	1.3906e-15
1.1493e+14	1.8026e-16	1.4135e-15
1.151e+14	1.4557e-16	1.228e-15
1.1526e+14	1.4512e-16	1.2048e-15
1.1542e+14	1.7333e-16	1.3587e-15
1.1559e+14	1.5038e-16	1.398e-15
1.1575e+14	1.4181e-16	1.3336e-15
1.1591e+14	1.744e-16	1.3321e-15
1.1608e+14	1.5228e-16	1.3372e-15
1.1624e+14	1.1578e-16	1.2579e-15
1.164e+14	1.4875e-16	1.1728e-15
1.1657e+14	1.5982e-16	1.1847e-15
1.1673e+14	1.1976e-16	1.2946e-15
1.1689e+14	1.383e-16	1.3927e-15
1.1706e+14	1.7079e-16	1.3381e-15
1.1722e+14	1.2932e-16	1.1594e-15
1.1738e+14	1.1952e-16	1.0538e-15
1.1755e+14	1.712e-16	1.0974e-15
1.1771e+14	1.5232e-16	1.166e-15
1.1787e+14	1.0467e-16	1.1512e-15
1.1804e+14	1.4201e-16	1.0643e-15
1.182e+14	1.6562e-16	1.001e-15
1.1837e+14	1.1666e-16	1.057e-15
1.1853e+14	1.1106e-16	1.1631e-15
1.1869e+14	1.3698e-16	1.1379e-15
1.1886e+14	1.1234e-16	1.0111e-15
1.1902e+14	1.1301e-16	9.899e-16
1.1918e+14	1.5153e-16	1.0738e-15
1.1935e+14	1.2235e-16	1.0994e-15
1.1951e+14	9.3409e-17	1.07e-15
1.1967e+14	1.5049e-16	1.0597e-15
1.1984e+14	1.5899e-16	1.0275e-15
1.2e+14	9.133e-17	9.8447e-16
1.2016e+14	1.0827e-16	1.0025e-15
1.2033e+14	1.6209e-16	1.0059e-15
1.2049e+14	1.1754e-16	9.3369e-16
1.2065e+14	8.7775e-17	9.2297e-16
1.2082e+14	1.4112e-16	9.985e-16
1.2098e+14	1.3509e-16	9.7269e-16
1.2114e+14	8.5905e-17	8.6337e-16
1.2131e+14	1.1629e-16	8.8329e-16
1.2147e+14	1.3643e-16	9.8606e-16
1.2163e+14	8.7095e-17	9.8058e-16
1.218e+14	9.8324e-17	9.2493e-16
1.2196e+14	1.4678e-16	9.2372e-16
1.2213e+14	1.0702e-16	8.8789e-16
1.2229e+14	7.0528e-17	8.2014e-16
1.2245e+14	1.1386e-16	8.5699e-16
1.2262e+14	1.151e-16	9.1551e-16
1.2278e+14	7.299e-17	8.3392e-16
1.2294e+14	9.515e-17	7.4586e-16
1.2311e+14	1.1261e-16	7.9924e-16
1.2327e+14	7.1559e-17	8.2774e-16
1.2343e+14	8.1198e-17	7.3217e-16
1.236e+14	1.2311e-16	7.0927e-16
1.2376e+14	8.9646e-17	8.0168e-16
1.2392e+14	5.931e-17	7.8597e-16
1.2409e+14	9.771e-17	6.5732e-16
1.2425e+14	1.0231e-16	6.4757e-16
1.2441e+14	7.4663e-17	7.5644e-16
1.2458e+14	9.8326e-17	7.8792e-16
1.2474e+14	1.0611e-16	7.3854e-16
1.249e+14	6.5785e-17	7.2844e-16
1.2507e+14	7.9608e-17	7.3545e-16
1.2523e+14	1.1427e-16	6.9325e-16
1.254e+14	7.6344e-17	6.4644e-16
1.2556e+14	5.4687e-17	6.4673e-16
1.2572e+14	9.6727e-17	6.7401e-16
1.2589e+14	9.2559e-17	6.9849e-16
1.2605e+14	6.0451e-17	6.9617e-16
1.2621e+14	8.6773e-17	6.5051e-16
1.2638e+14	9.2333e-17	6.0183e-16
1.2654e+14	5.1133e-17	6.1241e-16
1.267e+14	7.6951e-17	6.7416e-16
1.2687e+14	1.2269e-16	7.2057e-16
1.2703e+14	7.9051e-17	7.0374e-16
1.2719e+14	4.7915e-17	6.3572e-16
1.2736e+14	9.134e-17	5.8342e-16
1.2752e+14	8.7647e-17	5.9205e-16
1.2768e+14	4.7129e-17	6.1691e-16
1.2785e+14	7.3729e-17	6.0758e-16
1.2801e+14	9.3636e-17	5.9698e-16
1.2817e+14	5.5961e-17	6.0708e-16
1.2834e+14	6.5534e-17	5.9051e-16
1.285e+14	1.0138e-16	5.515e-16
1.2866e+14	6.7165e-17	5.553e-16
1.2883e+14	4.4992e-17	5.8338e-16
1.2899e+14	8.6532e-17	5.6592e-16
1.2916e+14	8.3008e-17	5.2308e-16
1.2932e+14	4.8113e-17	5.1178e-16
1.2948e+14	7.6125e-17	5.3007e-16
1.2965e+14	9.466e-17	5.6594e-16
1.2981e+14	5.858e-17	6.0034e-16
1.2997e+14	6.6342e-17	5.7421e-16
1.3014e+14	9.3757e-17	5.0234e-16
1.303e+14	5.5589e-17	4.9395e-16
1.3046e+14	3.8819e-17	5.4424e-16
1.3063e+14	8.4268e-17	5.3377e-16
1.3079e+14	7.7375e-17	4.8504e-16
1.3095e+14	4.0478e-17	5.2032e-16
1.3112e+14	7.2132e-17	5.9141e-16
1.3128e+14	9.0418e-17	5.6763e-16
1.3144e+14	4.5877e-17	4.9078e-16
1.3161e+14	4.9624e-17	4.7059e-16
1.3177e+14	8.5636e-17	4.9209e-16
1.3193e+14	5.5995e-17	5.131e-16
1.321e+14	3.7168e-17	5.463e-16
1.3226e+14	7.9711e-17	5.6152e-16
1.3243e+14	7.4917e-17	5.1501e-16
1.3259e+14	3.3935e-17	4.5664e-16
1.3275e+14	5.5748e-17	4.3768e-16
1.3292e+14	7.5983e-17	4.2472e-16
1.3308e+14	4.4335e-17	4.1351e-16
1.3324e+14	5.177e-17	4.4952e-16
1.3341e+14	8.0426e-17	4.9595e-16
1.3357e+14	4.7996e-17	4.8057e-16
1.3373e+14	3.2425e-17	4.3883e-16
1.339e+14	7.4963e-17	4.3148e-16
1.3406e+14	6.8193e-17	4.294e-16
1.3422e+14	2.8912e-17	4.1448e-16
1.3439e+14	5.3524e-17	4.294e-16
1.3455e+14	7.3084e-17	4.5491e-16
1.3471e+14	3.8221e-17	4.2838e-16
1.3488e+14	4.4318e-17	3.8289e-16
1.3504e+14	7.5351e-17	3.8387e-16
1.352e+14	4.3993e-17	4.0276e-16
1.3537e+14	2.4817e-17	3.9988e-16
1.3553e+14	6.694e-17	3.9814e-16
1.3569e+14	6.7415e-17	3.9478e-16
1.3586e+14	3.1737e-17	3.6863e-16
1.3602e+14	5.1059e-17	3.6702e-16
1.3619e+14	6.8263e-17	4.1367e-16
1.3635e+14	3.6443e-17	4.3105e-16
1.3651e+14	4.0669e-17	3.9398e-16
1.3668e+14	6.9431e-17	3.8063e-16
1.3684e+14	4.5118e-17	3.9536e-16
1.37e+14	3.0787e-17	3.6966e-16
1.3717e+14	6.5889e-17	3.3329e-16
1.3733e+14	6.2206e-17	3.5313e-16
1.3749e+14	3.2564e-17	3.895e-16
1.3766e+14	5.3343e-17	3.9233e-16
1.3782e+14	6.4342e-17	3.8499e-16
1.3798e+14	3.0985e-17	3.672e-16
1.3815e+14	3.6857e-17	3.248e-16
1.3831e+14	6.3223e-17	3.0997e-16
1.3847e+14	3.8887e-17	3.3797e-16
1.3864e+14	2.8461e-17	3.3604e-16
1.388e+14	6.0775e-17	3.0326e-16
1.3896e+14	5.0374e-17	3.1151e-16
1.3913e+14	2.3345e-17	3.3571e-16
1.3929e+14	5.2761e-17	3.1759e-16
1.3946e+14	6.6929e-17	3.0516e-16
1.3962e+14	3.2651e-17	3.2919e-16
1.3978e+14	3.7762e-17	3.2318e-16
1.3995e+14	6.1625e-17	2.8515e-16
1.4011e+14	3.5476e-17	2.8895e-16
1.4027e+14	2.7536e-17	3.188e-16
1.4044e+14	6.1561e-17	3.1596e-16
1.406e+14	4.8833e-17	3.0742e-16
1.4076e+14	1.9753e-17	3.204e-16
1.4093e+14	4.7094e-17	3.1536e-16
1.4109e+14	5.7104e-17	2.8697e-16
1.4125e+14	2.4119e-17	2.7572e-16
1.4142e+14	3.9139e-17	2.8398e-16
1.4158e+14	6.842e-17	2.9459e-16
1.4174e+14	3.5603e-17	3.0311e-16
1.4191e+14	2.034e-17	2.9501e-16
1.4207e+14	5.4819e-17	2.793e-16
1.4223e+14	4.3991e-17	2.9539e-16
1.424e+14	1.4507e-17	3.2654e-16
1.4256e+14	4.317e-17	3.2149e-16
1.4272e+14	5.4923e-17	2.9976e-16
1.4289e+14	1.9904e-17	3.016e-16
1.4305e+14	3.3064e-17	3.0709e-16
1.4322e+14	6.5411e-17	3.0345e-16
1.4338e+14	3.6609e-17	3.0606e-16
1.4354e+14	2.2243e-17	2.9467e-16
1.4371e+14	5.7132e-17	2.673e-16
1.4387e+14	4.7609e-17	2.757e-16
1.4403e+14	1.7606e-17	3.0528e-16
1.442e+14	4.3911e-17	2.8861e-16
1.4436e+14	5.3645e-17	2.6138e-16
1.4452e+14	1.6626e-17	2.8995e-16
1.4469e+14	2.8088e-17	3.1734e-16
1.4485e+14	6.1375e-17	2.8745e-16
1.4501e+14	3.4823e-17	2.6384e-16
1.4518e+14	2.0111e-17	2.8169e-16
1.4534e+14	5.2824e-17	2.8744e-16
1.455e+14	4.2826e-17	2.7384e-16
1.4567e+14	1.4214e-17	2.7475e-16
1.4583e+14	4.2507e-17	2.7262e-16
1.4599e+14	5.4605e-17	2.5411e-16
1.4616e+14	1.8534e-17	2.463e-16
1.4632e+14	2.7566e-17	2.4579e-16
1.4649e+14	5.7068e-17	2.374e-16
1.4665e+14	2.92e-17	2.3897e-16
1.4681e+14	1.6997e-17	2.4384e-16
1.4698e+14	5.4117e-17	2.3218e-16
1.4714e+14	4.5713e-17	2.374e-16
1.473e+14	1.2909e-17	2.6659e-16
1.4747e+14	3.5944e-17	2.5935e-16
1.4763e+14	4.8367e-17	2.2837e-16
1.4779e+14	1.608e-17	2.4874e-16
1.4796e+14	2.6328e-17	2.816e-16
1.4812e+14	5.5565e-17	2.4877e-16
1.4828e+14	2.9671e-17	2.1192e-16
1.4845e+14	1.9375e-17	2.4196e-16
1.4861e+14	5.4712e-17	2.6773e-16
1.4877e+14	4.2729e-17	2.3609e-16
1.4894e+14	9.084e-18	2.1178e-16
1.491e+14	3.5201e-17	2.219e-16
1.4926e+14	5.0365e-17	2.1816e-16
1.4943e+14	1.5826e-17	2.0154e-16
1.4959e+14	2.1891e-17	2.0663e-16
1.4975e+14	5.1163e-17	2.2086e-16
1.4992e+14	2.6524e-17	2.2626e-16
1.5008e+14	1.3095e-17	2.3161e-16
1.5025e+14	4.6466e-17	2.3245e-16
1.5041e+14	3.9084e-17	2.2122e-16
1.5057e+14	8.5892e-18	2.1016e-16
1.5074e+14	3.192e-17	2.0312e-16
1.509e+14	4.7728e-17	1.9722e-16
1.5106e+14	1.8911e-17	2.0152e-16
1.5123e+14	2.4737e-17	2.1017e-16
1.5139e+14	4.8328e-17	2.0855e-16
1.5155e+14	2.3175e-17	2.1021e-16
1.5172e+14	1.1627e-17	2.2041e-16
1.5188e+14	4.1698e-17	2.1241e-16
1.5204e+14	3.3061e-17	1.9394e-16
1.5221e+14	9.2724e-18	2.0329e-16
1.5237e+14	3.633e-17	2.2294e-16
1.5253e+14	4.6502e-17	2.1386e-16
1.527e+14	1.3546e-17	2.0004e-16
1.5286e+14	2.2905e-17	2.0854e-16
1.5302e+14	4.9326e-17	2.0835e-16
1.5319e+14	2.1976e-17	1.8787e-16
1.5335e+14	9.4763e-18	1.813e-16
1.5351e+14	4.2377e-17	1.8814e-16
1.5368e+14	3.5085e-17	1.8286e-16
1.5384e+14	8.7326e-18	1.8195e-16
1.5401e+14	3.3375e-17	2.0091e-16
1.5417e+14	4.4539e-17	2.08e-16
1.5433e+14	1.3927e-17	1.9067e-16
1.545e+14	2.36e-17	1.8216e-16
1.5466e+14	4.8486e-17	1.8841e-16
1.5482e+14	2.017e-17	1.7947e-16
1.5499e+14	8.0639e-18	1.5877e-16
1.5515e+14	4.1759e-17	1.59e-16
1.5531e+14	3.4809e-17	1.7972e-16
1.5548e+14	8.2239e-18	1.9177e-16
1.5564e+14	3.2637e-17	1.8796e-16
1.558e+14	4.3526e-17	1.8366e-16
1.5597e+14	1.1063e-17	1.8235e-16
1.5613e+14	1.8134e-17	1.7653e-16
1.5629e+14	4.4469e-17	1.7272e-16
1.5646e+14	2.2244e-17	1.8276e-16
1.5662e+14	1.3154e-17	1.9611e-16
1.5678e+14	4.2426e-17	1.9303e-16
1.5695e+14	3.0385e-17	1.779e-16
1.5711e+14	4.5132e-18	1.6909e-16
1.5728e+14	3.1969e-17	1.6957e-16
1.5744e+14	4.3275e-17	1.7285e-16
1.576e+14	1.0306e-17	1.7615e-16
1.5777e+14	1.8203e-17	1.7263e-16
1.5793e+14	4.4335e-17	1.5939e-16
1.5809e+14	1.9766e-17	1.5232e-16
1.5826e+14	1.0015e-17	1.6105e-16
1.5842e+14	4.2375e-17	1.67e-16
1.5858e+14	3.3011e-17	1.5811e-16
1.5875e+14	5.5556e-18	1.5233e-16
1.5891e+14	2.9486e-17	1.5938e-16
1.5907e+14	3.9198e-17	1.6221e-16
1.5924e+14	6.8666e-18	1.5615e-16
1.594e+14	1.6627e-17	1.5726e-16
1.5956e+14	4.4804e-17	1.6266e-16
1.5973e+14	1.9844e-17	1.5527e-16
1.5989e+14	6.8821e-18	1.4533e-16
1.6005e+14	3.7584e-17	1.5207e-16
1.6022e+14	2.9978e-17	1.5951e-16
1.6038e+14	4.0925e-18	1.472e-16
1.6054e+14	2.8514e-17	1.3606e-16
1.6071e+14	4.0177e-17	1.482e-16
1.6087e+14	9.2693e-18	1.6304e-16
1.6104e+14	1.6928e-17	1.6141e-16
1.612e+14	4.3286e-17	1.5918e-16
1.6136e+14	2.0387e-17	1.6385e-16
1.6153e+14	9.5957e-18	1.6009e-16
1.6169e+14	3.9487e-17	1.5131e-16
1.6185e+14	3.0576e-17	1.535e-16
1.6202e+14	4.2685e-18	1.5937e-16
1.6218e+14	2.8094e-17	1.5934e-16
1.6234e+14	3.9586e-17	1.639e-16
1.6251e+14	9.186e-18	1.7338e-16
1.6267e+14	1.6774e-17	1.7306e-16
1.6283e+14	4.29e-17	1.6427e-16
1.63e+14	1.9887e-17	1.5646e-16
1.6316e+14	7.675e-18	1.4936e-16
1.6332e+14	3.6294e-17	1.4922e-16
1.6349e+14	2.8597e-17	1.6192e-16
1.6365e+14	3.0101e-18	1.7033e-16
1.6381e+14	2.5103e-17	1.6277e-16
1.6398e+14	3.7142e-17	1.5396e-16
1.6414e+14	1.021e-17	1.4891e-16
1.6431e+14	1.7454e-17	1.4037e-16
1.6447e+14	3.9739e-17	1.4106e-16
1.6463e+14	1.6906e-17	1.5534e-16
1.648e+14	7.8473e-18	1.5528e-16
1.6496e+14	3.6135e-17	1.3703e-16
1.6512e+14	2.7077e-17	1.335e-16
1.6529e+14	3.7976e-18	1.4685e-16
1.6545e+14	2.7522e-17	1.509e-16
1.6561e+14	3.6641e-17	1.4827e-16
1.6578e+14	7.1554e-18	1.4992e-16
1.6594e+14	1.5839e-17	1.4489e-16
1.661e+14	4.0198e-17	1.372e-16
1.6627e+14	1.7642e-17	1.4462e-16
1.6643e+14	8.3232e-18	1.5477e-16
1.6659e+14	3.631e-17	1.5053e-16
1.6676e+14	2.6886e-17	1.4494e-16
1.6692e+14	4.0188e-18	1.4466e-16
1.6708e+14	2.8208e-17	1.394e-16
1.6725e+14	3.6337e-17	1.3633e-16
1.6741e+14	5.5995e-18	1.4042e-16
1.6757e+14	1.4526e-17	1.3365e-16
1.6774e+14	3.9278e-17	1.2004e-16
1.679e+14	1.5782e-17	1.2587e-16
1.6807e+14	5.7794e-18	1.4174e-16
1.6823e+14	3.4336e-17	1.4091e-16
1.6839e+14	2.4758e-17	1.3175e-16
1.6856e+14	7.6211e-19	1.302e-16
1.6872e+14	2.5825e-17	1.3084e-16
1.6888e+14	3.6863e-17	1.3312e-16
1.6905e+14	7.2428e-18	1.3779e-16
1.6921e+14	1.4895e-17	1.3149e-16
1.6937e+14	3.8921e-17	1.1905e-16
1.6954e+14	1.5228e-17	1.2188e-16
1.697e+14	4.2311e-18	1.3138e-16
1.6986e+14	3.3266e-17	1.2825e-16
1.7003e+14	2.6417e-17	1.2304e-16
1.7019e+14	3.0546e-18	1.2499e-16
1.7035e+14	2.5349e-17	1.2608e-16
1.7052e+14	3.4807e-17	1.3398e-16
1.7068e+14	6.3575e-18	1.5153e-16
1.7084e+14	1.4966e-17	1.5184e-16
1.7101e+14	3.9249e-17	1.3382e-16
1.7117e+14	1.6057e-17	1.3234e-16
1.7134e+14	4.4542e-18	1.438e-16
1.715e+14	3.2179e-17	1.3599e-16
1.7166e+14	2.5839e-17	1.2077e-16
1.7183e+14	3.5468e-18	1.2341e-16
1.7199e+14	2.4941e-17	1.287e-16
1.7215e+14	3.3443e-17	1.2501e-16
1.7232e+14	5.4609e-18	1.2868e-16
1.7248e+14	1.3303e-17	1.3725e-16
1.7264e+14	3.5598e-17	1.3406e-16
1.7281e+14	1.2968e-17	1.2649e-16
1.7297e+14	3.9623e-18	1.2517e-16
1.7313e+14	3.2044e-17	1.2502e-16
1.733e+14	2.3682e-17	1.2648e-16
1.7346e+14	6.5682e-19	1.2942e-16
1.7362e+14	2.4222e-17	1.236e-16
1.7379e+14	3.5994e-17	1.1551e-16
1.7395e+14	9.2607e-18	1.2073e-16
1.7411e+14	1.5234e-17	1.2912e-16
1.7428e+14	3.5554e-17	1.2722e-16
1.7444e+14	1.357e-17	1.2462e-16
1.746e+14	5.6949e-18	1.2489e-16
1.7477e+14	3.3102e-17	1.2133e-16
1.7493e+14	2.4218e-17	1.23e-16
1.751e+14	1.6306e-18	1.3207e-16
1.7526e+14	2.3729e-17	1.2989e-16
1.7542e+14	3.2459e-17	1.1953e-16
1.7559e+14	5.5759e-18	1.2113e-16
1.7575e+14	1.4543e-17	1.2482e-16
1.7591e+14	3.6121e-17	1.1682e-16
1.7608e+14	1.2156e-17	1.1479e-16
1.7624e+14	2.8885e-18	1.2199e-16
1.764e+14	3.1617e-17	1.1427e-16
1.7657e+14	2.4356e-17	9.8668e-17
1.7673e+14	1.7042e-18	1.0389e-16
1.7689e+14	2.3322e-17	1.2067e-16
1.7706e+14	3.2124e-17	1.2403e-16
1.7722e+14	4.5643e-18	1.1967e-16
1.7738e+14	1.232e-17	1.2067e-16
1.7755e+14	3.4998e-17	1.2424e-16
1.7771e+14	1.4492e-17	1.2661e-16
1.7787e+14	6.7493e-18	1.2438e-16
1.7804e+14	3.3081e-17	1.1585e-16
1.782e+14	2.3055e-17	1.1255e-16
1.7837e+14	6.0709e-19	1.1852e-16
1.7853e+14	2.3929e-17	1.1777e-16
1.7869e+14	3.2907e-17	1.1086e-16
1.7886e+14	4.2055e-18	1.1657e-16
1.7902e+14	1.1896e-17	1.2663e-16
1.7918e+14	3.5259e-17	1.2036e-16
1.7935e+14	1.3235e-17	1.0918e-16
1.7951e+14	2.5921e-18	1.0922e-16
1.7967e+14	2.9767e-17	1.096e-16
1.7984e+14	2.46e-17	1.0553e-16
1.8e+14	4.3129e-18	1.0829e-16
1.8016e+14	2.4371e-17	1.131e-16
1.8033e+14	3.0272e-17	1.0967e-16
1.8049e+14	2.6187e-18	1.0616e-16
1.8065e+14	1.2358e-17	1.0645e-16
1.8082e+14	3.5579e-17	1.0216e-16
1.8098e+14	1.2763e-17	9.9478e-17
1.8114e+14	2.9608e-18	1.0917e-16
1.8131e+14	3.1255e-17	1.2035e-16
1.8147e+14	2.4164e-17	1.2073e-16
1.8163e+14	-3.5769e-19	1.1705e-16
1.818e+14	1.8897e-17	1.1663e-16
1.8196e+14	2.9149e-17	1.1746e-16
1.8213e+14	4.5368e-18	1.1689e-16
1.8229e+14	1.2498e-17	1.1136e-16
1.8245e+14	3.4409e-17	1.013e-16
1.8262e+14	1.3038e-17	9.7775e-17
1.8278e+14	2.4391e-18	1.0434e-16
1.8294e+14	2.7817e-17	1.0781e-16
1.8311e+14	2.1738e-17	1.027e-16
1.8327e+14	9.9522e-19	9.8927e-17
1.8343e+14	2.0771e-17	1.0025e-16
1.836e+14	2.9642e-17	1.018e-16
1.8376e+14	5.5821e-18	1.0221e-16
1.8392e+14	1.3097e-17	1.0099e-16
1.8409e+14	3.175e-17	9.9231e-17
1.8425e+14	9.7818e-18	1.0367e-16
1.8441e+14	3.3746e-18	1.1201e-16
1.8458e+14	3.1523e-17	1.1028e-16
1.8474e+14	2.3403e-17	9.9314e-17
1.849e+14	3.7003e-19	9.61e-17
1.8507e+14	2.0963e-17	1.0246e-16
1.8523e+14	3.0788e-17	1.0404e-16
1.854e+14	5.0435e-18	9.8073e-17
1.8556e+14	1.0653e-17	9.3478e-17
1.8572e+14	3.0187e-17	9.2365e-17
1.8589e+14	1.0193e-17	9.2024e-17
1.8605e+14	3.6851e-18	9.3504e-17
1.8621e+14	3.0534e-17	9.6422e-17
1.8638e+14	2.2563e-17	9.7059e-17
1.8654e+14	4.9991e-19	9.6852e-17
1.867e+14	2.0777e-17	1.0121e-16
1.8687e+14	2.9494e-17	1.073e-16
1.8703e+14	3.7909e-18	1.0655e-16
1.8719e+14	1.1181e-17	1.0246e-16
1.8736e+14	3.3011e-17	1.0664e-16
1.8752e+14	1.3383e-17	1.1313e-16
1.8768e+14	4.1708e-18	1.0446e-16
1.8785e+14	2.796e-17	8.6795e-17
1.8801e+14	1.979e-17	8.2991e-17
1.8817e+14	-7.1906e-19	9.2341e-17
1.8834e+14	2.0046e-17	9.7107e-17
1.885e+14	2.8419e-17	9.7406e-17
1.8866e+14	3.054e-18	1.007e-16
1.8883e+14	1.0991e-17	9.9556e-17
1.8899e+14	3.2477e-17	9.1177e-17
1.8916e+14	1.2204e-17	8.8446e-17
1.8932e+14	3.7836e-18	9.3946e-17
1.8948e+14	2.9921e-17	9.6324e-17
1.8965e+14	2.2854e-17	9.3903e-17
1.8981e+14	5.9158e-19	9.2295e-17
1.8997e+14	1.9955e-17	8.9808e-17
1.9014e+14	2.952e-17	8.5438e-17
1.903e+14	4.2252e-18	8.4194e-17
1.9046e+14	9.2672e-18	8.6664e-17
1.9063e+14	2.9701e-17	8.8983e-17
1.9079e+14	1.1627e-17	9.0212e-17
1.9095e+14	3.3383e-18	9.065e-17
1.9112e+14	2.7073e-17	9.0205e-17
1.9128e+14	2.0305e-17	8.9077e-17
1.9144e+14	2.282e-19	8.6267e-17
1.9161e+14	1.8985e-17	8.3678e-17
1.9177e+14	2.7151e-17	8.6383e-17
1.9193e+14	3.455e-18	9.099e-17
1.921e+14	1.0422e-17	8.9212e-17
1.9226e+14	3.0368e-17	8.5278e-17
1.9243e+14	1.1769e-17	8.7788e-17
1.9259e+14	4.131e-18	9.2528e-17
1.9275e+14	2.7933e-17	9.4491e-17
1.9292e+14	2.0798e-17	9.7123e-17
1.9308e+14	8.252e-19	9.79e-17
1.9324e+14	1.9014e-17	9.2526e-17
1.9341e+14	2.5961e-17	8.9726e-17
1.9357e+14	2.3919e-18	9.3765e-17
1.9373e+14	1.0609e-17	9.2942e-17
1.939e+14	3.0631e-17	8.5499e-17
1.9406e+14	1.0484e-17	8.3957e-17
1.9422e+14	1.3495e-18	8.7929e-17
1.9439e+14	2.5292e-17	8.8313e-17
1.9455e+14	1.9977e-17	8.7768e-17
1.9471e+14	1.6176e-18	8.9199e-17
1.9488e+14	1.9568e-17	8.7951e-17
1.9504e+14	2.5501e-17	8.6971e-17
1.952e+14	1.8428e-18	9.0214e-17
1.9537e+14	1.0316e-17	8.9399e-17
1.9553e+14	3.0004e-17	8.3158e-17
1.9569e+14	9.6927e-18	8.3543e-17
1.9586e+14	8.7368e-19	8.8703e-17
1.9602e+14	2.4375e-17	8.4523e-17
1.9619e+14	1.7718e-17	7.4279e-17
1.9635e+14	-9.442e-19	7.1891e-17
1.9651e+14	1.8801e-17	7.6773e-17
1.9668e+14	2.6654e-17	8.0636e-17
1.9684e+14	2.6573e-18	8.2195e-17
1.97e+14	9.5596e-18	8.3246e-17
1.9717e+14	2.9342e-17	8.4905e-17
1.9733e+14	1.0779e-17	8.7202e-17
1.9749e+14	3.0897e-18	8.6736e-17
1.9766e+14	2.6879e-17	8.2462e-17
1.9782e+14	2.0586e-17	7.8897e-17
1.9798e+14	1.5458e-18	7.7181e-17
1.9815e+14	1.9856e-17	7.6077e-17
1.9831e+14	2.6741e-17	7.9429e-17
1.9847e+14	2.1001e-18	8.6307e-17
1.9864e+14	7.3654e-18	8.7111e-17
1.988e+14	2.6206e-17	8.1763e-17
1.9896e+14	9.452e-18	8.0016e-17
1.9913e+14	3.8112e-18	8.1448e-17
1.9929e+14	2.6638e-17	7.9784e-17
1.9946e+14	1.7949e-17	7.7956e-17
1.9962e+14	-1.4728e-18	7.8338e-17
1.9978e+14	1.8708e-17	7.5376e-17
1.9995e+14	2.7409e-17	6.9324e-17
2.0011e+14	3.0589e-18	6.807e-17
2.0027e+14	7.8648e-18	7.3474e-17
2.0044e+14	2.6688e-17	7.9491e-17
2.006e+14	9.4405e-18	7.9886e-17
2.0076e+14	1.8903e-18	7.4754e-17
2.0093e+14	2.3889e-17	7.2458e-17
2.0109e+14	1.7355e-17	7.7387e-17
2.0125e+14	-5.1054e-19	8.0552e-17
2.0142e+14	1.7683e-17	7.6446e-17
2.0158e+14	2.477e-17	7.3181e-17
2.0174e+14	2.6686e-18	7.3505e-17
2.0191e+14	9.8715e-18	7.1638e-17
2.0207e+14	2.7608e-17	7.0913e-17
2.0223e+14	8.54e-18	7.4915e-17
2.024e+14	1.3408e-18	7.4657e-17
2.0256e+14	2.4012e-17	6.8869e-17
2.0272e+14	1.6682e-17	6.8391e-17
2.0289e+14	-1.897e-18	7.0299e-17
2.0305e+14	1.6827e-17	6.5499e-17
2.0322e+14	2.4189e-17	6.3219e-17
2.0338e+14	9.5934e-19	7.0516e-17
2.0354e+14	7.1268e-18	7.3704e-17
2.0371e+14	2.5667e-17	6.7108e-17
2.0387e+14	8.3907e-18	6.3775e-17
2.0403e+14	2.126e-18	6.7241e-17
2.042e+14	2.4854e-17	6.8672e-17
2.0436e+14	1.7403e-17	6.6409e-17
2.0452e+14	-1.8258e-18	6.3922e-17
2.0469e+14	1.5945e-17	6.3296e-17
2.0485e+14	2.3402e-17	6.64e-17
2.0501e+14	1.257e-18	6.8536e-17
2.0518e+14	8.0696e-18	6.4286e-17
2.0534e+14	2.6508e-17	6.2059e-17
2.055e+14	8.7933e-18	6.7346e-17
2.0567e+14	1.685e-18	6.7406e-17
2.0583e+14	2.3818e-17	5.9097e-17
2.0599e+14	1.7031e-17	5.8314e-17
2.0616e+14	-1.0461e-18	6.5955e-17
2.0632e+14	1.6881e-17	6.7814e-17
2.0649e+14	2.3666e-17	6.5237e-17
2.0665e+14	1.0309e-18	6.5378e-17
2.0681e+14	7.8352e-18	6.3998e-17
2.0698e+14	2.6353e-17	6.2861e-17
2.0714e+14	8.2312e-18	6.7979e-17
2.073e+14	6.5448e-19	7.0105e-17
2.0747e+14	2.3546e-17	6.4321e-17
2.0763e+14	1.7904e-17	6.3671e-17
2.0779e+14	-1.0289e-18	6.7977e-17
2.0796e+14	1.5264e-17	6.3463e-17
2.0812e+14	2.2925e-17	5.7296e-17
2.0828e+14	2.2037e-18	6.2241e-17
2.0845e+14	8.3941e-18	6.6926e-17
2.0861e+14	2.5287e-17	6.2763e-17
2.0877e+14	7.2516e-18	6.1726e-17
2.0894e+14	-3.1067e-19	6.5616e-17
2.091e+14	2.1533e-17	6.337e-17
2.0926e+14	1.6581e-17	5.7933e-17
2.0943e+14	-1.779e-19	5.7574e-17
2.0959e+14	1.6103e-17	5.9545e-17
2.0975e+14	2.2096e-17	6.1502e-17
2.0992e+14	1.3169e-18	6.2802e-17
2.1008e+14	8.3265e-18	5.8788e-17
2.1025e+14	2.4987e-17	5.3996e-17
2.1041e+14	7.1805e-18	5.7302e-17
2.1057e+14	1.1844e-18	6.0891e-17
2.1074e+14	2.3441e-17	5.6614e-17
2.109e+14	1.6676e-17	5.5121e-17
2.1106e+14	-1.8407e-18	6.0828e-17
2.1123e+14	1.4367e-17	6.2484e-17
2.1139e+14	2.1225e-17	5.984e-17
2.1155e+14	1.1316e-18	5.9739e-17
2.1172e+14	8.3693e-18	5.7166e-17
2.1188e+14	2.5047e-17	5.2112e-17
2.1204e+14	7.1038e-18	5.4209e-17
2.1221e+14	3.8632e-19	5.8229e-17
2.1237e+14	2.15e-17	5.5104e-17
2.1253e+14	1.4527e-17	5.4111e-17
2.127e+14	-2.6784e-18	5.8435e-17
2.1286e+14	1.4771e-17	5.4902e-17
2.1302e+14	2.1241e-17	4.7101e-17
2.1319e+14	-9.6504e-20	4.9993e-17
2.1335e+14	6.7316e-18	5.5924e-17
2.1351e+14	2.3955e-17	5.3114e-17
2.1368e+14	6.5295e-18	5.095e-17
2.1384e+14	5.6059e-20	5.431e-17
2.1401e+14	2.1413e-17	5.3836e-17
2.1417e+14	1.4585e-17	5.1618e-17
2.1433e+14	-2.2405e-18	5.4278e-17
2.145e+14	1.6287e-17	5.4409e-17
2.1466e+14	2.3172e-17	5.0272e-17
2.1482e+14	2.62e-19	5.2451e-17
2.1499e+14	5.7489e-18	5.7801e-17
2.1515e+14	2.4062e-17	5.5e-17
2.1531e+14	7.5706e-18	5e-17
2.1548e+14	-1.7829e-19	5.1987e-17
2.1564e+14	2.0992e-17	5.349e-17
2.158e+14	1.6208e-17	4.7454e-17
2.1597e+14	-1.1258e-18	4.1419e-17
2.1613e+14	1.3899e-17	4.4151e-17
2.1629e+14	2.0625e-17	5.3549e-17
2.1646e+14	1.4093e-18	5.9292e-17
2.1662e+14	7.647e-18	5.4894e-17
2.1678e+14	2.3054e-17	4.7544e-17
2.1695e+14	5.9972e-18	4.6751e-17
2.1711e+14	3.461e-19	4.8846e-17
2.1728e+14	2.1355e-17	4.8219e-17
2.1744e+14	1.4456e-17	4.8444e-17
2.176e+14	-2.7216e-18	4.9462e-17
2.1777e+14	1.4301e-17	4.7068e-17
2.1793e+14	2.117e-17	4.6086e-17
2.1809e+14	2.3179e-19	4.8947e-17
2.1826e+14	6.0519e-18	4.6924e-17
2.1842e+14	2.3054e-17	4.164e-17
2.1858e+14	7.0401e-18	4.4742e-17
2.1875e+14	6.2162e-19	5.0652e-17
2.1891e+14	2.0906e-17	4.7076e-17
2.1907e+14	1.4487e-17	4.1195e-17
2.1924e+14	-2.4568e-18	4.2041e-17
2.194e+14	1.3913e-17	4.3415e-17
2.1956e+14	2.058e-17	4.4009e-17
2.1973e+14	-2.0731e-20	4.9496e-17
2.1989e+14	5.5684e-18	5.3263e-17
2.2005e+14	2.2259e-17	4.8439e-17
2.2022e+14	6.5146e-18	4.3493e-17
2.2038e+14	-6.4006e-20	4.3922e-17
2.2054e+14	1.9576e-17	4.4361e-17
2.2071e+14	1.3459e-17	4.4269e-17
2.2087e+14	-2.6839e-18	4.5155e-17
2.2104e+14	1.3436e-17	4.2803e-17
2.212e+14	1.9529e-17	3.9237e-17
2.2136e+14	-6.9822e-19	4.1431e-17
2.2153e+14	5.4092e-18	4.5822e-17
2.2169e+14	2.2053e-17	4.6514e-17
2.2185e+14	6.3228e-18	4.6857e-17
2.2202e+14	-3.4429e-19	4.7714e-17
2.2218e+14	1.8583e-17	4.4864e-17
2.2234e+14	1.2208e-17	4.1049e-17
2.2251e+14	-2.9146e-18	4.0411e-17
2.2267e+14	1.4119e-17	4.0347e-17
2.2283e+14	1.9856e-17	4.0204e-17
2.23e+14	-9.8785e-19	4.1173e-17
2.2316e+14	5.2131e-18	3.9441e-17
2.2332e+14	2.1938e-17	3.5699e-17
2.2349e+14	5.8415e-18	3.6943e-17
2.2365e+14	-5.0423e-19	4.1171e-17
2.2381e+14	1.9757e-17	4.1942e-17
2.2398e+14	1.3798e-17	4.2475e-17
2.2414e+14	-2.903e-18	4.4334e-17
2.2431e+14	1.2526e-17	4.0808e-17
2.2447e+14	1.8401e-17	3.4461e-17
2.2463e+14	-1.5125e-18	3.5071e-17
2.248e+14	5.2678e-18	3.9332e-17
2.2496e+14	2.2273e-17	3.8503e-17
2.2512e+14	5.7869e-18	3.5409e-17
2.2529e+14	-1.5467e-18	3.5314e-17
2.2545e+14	1.8661e-17	3.6652e-17
2.2561e+14	1.3603e-17	3.7731e-17
2.2578e+14	-2.9295e-18	3.7694e-17
2.2594e+14	1.2511e-17	3.5424e-17
2.261e+14	1.9497e-17	3.424e-17
2.2627e+14	-2.7334e-19	3.6288e-17
2.2643e+14	4.4817e-18	3.6818e-17
2.2659e+14	2.0569e-17	3.4868e-17
2.2676e+14	5.6626e-18	3.5214e-17
2.2692e+14	-7.7277e-19	3.6035e-17
2.2708e+14	1.8829e-17	3.373e-17
2.2725e+14	1.3852e-17	3.32e-17
2.2741e+14	-2.6637e-18	3.6484e-17
2.2757e+14	1.1408e-17	3.6882e-17
2.2774e+14	1.8076e-17	3.3152e-17
2.279e+14	7.2311e-20	3.0588e-17
2.2807e+14	5.677e-18	2.9781e-17
2.2823e+14	2.0979e-17	2.9557e-17
2.2839e+14	5.7812e-18	3.0847e-17
2.2856e+14	-9.4253e-19	3.1893e-17
2.2872e+14	1.7387e-17	3.1951e-17
2.2888e+14	1.2354e-17	3.3652e-17
2.2905e+14	-2.4534e-18	3.4446e-17
2.2921e+14	1.1967e-17	3.1166e-17
2.2937e+14	1.7216e-17	2.9754e-17
2.2954e+14	-9.4294e-19	3.2547e-17
2.297e+14	5.8993e-18	3.1679e-17
2.2986e+14	2.1395e-17	2.7346e-17
2.3003e+14	5.6045e-18	2.7617e-17
2.3019e+14	-7.4805e-19	2.9752e-17
2.3035e+14	1.82e-17	2.8518e-17
2.3052e+14	1.254e-17	2.9172e-17
2.3068e+14	-3.1923e-18	3.2246e-17
2.3084e+14	1.1704e-17	3.0605e-17
2.3101e+14	1.8001e-17	2.7869e-17
2.3117e+14	-6.8346e-19	3.0517e-17
2.3134e+14	4.5236e-18	3.1675e-17
2.315e+14	1.9866e-17	2.7442e-17
2.3166e+14	5.4699e-18	2.6277e-17
2.3183e+14	-5.2024e-19	2.9165e-17
2.3199e+14	1.7453e-17	2.8825e-17
2.3215e+14	1.1672e-17	2.6884e-17
2.3232e+14	-3.1936e-18	2.7484e-17
2.3248e+14	1.1905e-17	2.7933e-17
2.3264e+14	1.7968e-17	2.8239e-17
2.3281e+14	-4.1787e-19	3.0174e-17
2.3297e+14	4.8143e-18	2.9479e-17
2.3313e+14	1.9335e-17	2.5866e-17
2.333e+14	4.5308e-18	2.5415e-17
2.3346e+14	-7.4977e-19	2.6527e-17
2.3362e+14	1.8034e-17	2.4716e-17
2.3379e+14	1.2267e-17	2.4362e-17
2.3395e+14	-3.2047e-18	2.7321e-17
2.3411e+14	1.132e-17	2.7949e-17
2.3428e+14	1.744e-17	2.7091e-17
2.3444e+14	-2.1929e-19	2.8386e-17
2.346e+14	5.7283e-18	2.7431e-17
2.3477e+14	2.0255e-17	2.3699e-17
2.3493e+14	4.686e-18	2.4275e-17
2.351e+14	-1.4693e-18	2.7328e-17
2.3526e+14	1.7157e-17	2.6149e-17
2.3542e+14	1.1959e-17	2.4229e-17
2.3559e+14	-2.9227e-18	2.5333e-17
2.3575e+14	1.1859e-17	2.5575e-17
2.3591e+14	1.7703e-17	2.5371e-17
2.3608e+14	-1.0688e-18	2.7376e-17
2.3624e+14	3.839e-18	2.6973e-17
2.364e+14	1.8843e-17	2.3295e-17
2.3657e+14	4.4655e-18	2.2824e-17
2.3673e+14	-1.5753e-18	2.4268e-17
2.3689e+14	1.6667e-17	2.257e-17
2.3706e+14	1.163e-17	2.1856e-17
2.3722e+14	-3.6196e-18	2.4432e-17
2.3738e+14	1.0119e-17	2.4572e-17
2.3755e+14	1.618e-17	2.2755e-17
2.3771e+14	-1.2863e-18	2.362e-17
2.3787e+14	3.962e-18	2.4248e-17
2.3804e+14	1.8754e-17	2.3118e-17
2.382e+14	4.8431e-18	2.4085e-17
2.3837e+14	-1.297e-18	2.4384e-17
2.3853e+14	1.5815e-17	2.0872e-17
2.3869e+14	1.0792e-17	2.0016e-17
2.3886e+14	-3.0318e-18	2.2695e-17
2.3902e+14	1.1175e-17	2.0854e-17
2.3918e+14	1.6429e-17	1.7368e-17
2.3935e+14	-1.4321e-18	2.0316e-17
2.3951e+14	3.966e-18	2.3917e-17
2.3967e+14	1.8729e-17	2.2089e-17
2.3984e+14	4.9628e-18	2.1208e-17
2.4e+14	-6.9673e-19	2.2935e-17
2.4016e+14	1.6556e-17	2.1625e-17
2.4033e+14	1.1141e-17	2.0366e-17
2.4049e+14	-3.1508e-18	2.3152e-17
2.4065e+14	1.0934e-17	2.3899e-17
2.4082e+14	1.6572e-17	2.101e-17
2.4098e+14	-8.6396e-19	2.0964e-17
2.4114e+14	4.3021e-18	2.2617e-17
2.4131e+14	1.8445e-17	2.1102e-17
2.4147e+14	4.4774e-18	1.9649e-17
2.4163e+14	-9.0248e-19	2.0769e-17
2.418e+14	1.6698e-17	2.1026e-17
2.4196e+14	1.1433e-17	2.04e-17
2.4213e+14	-3.0626e-18	2.086e-17
2.4229e+14	1.073e-17	2.0682e-17
2.4245e+14	1.6424e-17	2.0162e-17
2.4262e+14	-9.2351e-19	2.1243e-17
2.4278e+14	4.0347e-18	2.1234e-17
2.4294e+14	1.8185e-17	1.8937e-17
2.4311e+14	4.4198e-18	1.8159e-17
2.4327e+14	-1.2766e-18	1.8788e-17
2.4343e+14	1.599e-17	1.796e-17
2.436e+14	1.117e-17	1.7478e-17
2.4376e+14	-3.0613e-18	1.8122e-17
2.4392e+14	1.0181e-17	1.7237e-17
2.4409e+14	1.5857e-17	1.6804e-17
2.4425e+14	-6.0794e-19	1.9359e-17
2.4441e+14	4.6268e-18	2.0656e-17
2.4458e+14	1.8264e-17	1.877e-17
2.4474e+14	4.2819e-18	1.7976e-17
2.449e+14	-1.6021e-18	1.8531e-17
2.4507e+14	1.4994e-17	1.7879e-17
2.4523e+14	9.917e-18	1.7678e-17
2.454e+14	-3.6771e-18	1.8063e-17
2.4556e+14	1.032e-17	1.6776e-17
2.4572e+14	1.6412e-17	1.6501e-17
2.4589e+14	-3.3844e-20	1.8832e-17
2.4605e+14	4.7333e-18	1.908e-17
2.4621e+14	1.809e-17	1.7163e-17
2.4638e+14	4.6368e-18	1.7431e-17
2.4654e+14	-7.459e-19	1.7308e-17
2.467e+14	1.5538e-17	1.4668e-17
2.4687e+14	1.0033e-17	1.5326e-17
2.4703e+14	-3.5268e-18	1.9196e-17
2.4719e+14	1.0488e-17	1.9062e-17
2.4736e+14	1.6204e-17	1.6847e-17
2.4752e+14	-8.4806e-19	1.806e-17
2.4768e+14	3.5581e-18	1.8532e-17
2.4785e+14	1.736e-17	1.5616e-17
2.4801e+14	4.7687e-18	1.4705e-17
2.4817e+14	-4.4285e-19	1.5944e-17
2.4834e+14	1.5547e-17	1.5567e-17
2.485e+14	1.0309e-17	1.6184e-17
2.4866e+14	-2.9692e-18	1.8434e-17
2.4883e+14	1.0458e-17	1.7342e-17
2.4899e+14	1.5718e-17	1.4748e-17
2.4916e+14	-7.7825e-19	1.5723e-17
2.4932e+14	4.0791e-18	1.6782e-17
2.4948e+14	1.7289e-17	1.4881e-17
2.4965e+14	3.792e-18	1.422e-17
2.4981e+14	-1.6565e-18	1.5234e-17
2.4997e+14	1.4975e-17	1.4638e-17
2.5014e+14	1.0547e-17	1.4491e-17
2.503e+14	-2.8962e-18	1.6237e-17
2.5046e+14	9.7055e-18	1.6453e-17
2.5063e+14	1.5115e-17	1.5246e-17
2.5079e+14	-4.2839e-19	1.4984e-17
2.5095e+14	4.4535e-18	1.4265e-17
2.5112e+14	1.7075e-17	1.3466e-17
2.5128e+14	3.817e-18	1.4843e-17
2.5144e+14	-1.3489e-18	1.5619e-17
2.5161e+14	1.458e-17	1.4415e-17
2.5177e+14	9.8627e-18	1.5318e-17
2.5193e+14	-2.6075e-18	1.688e-17
2.521e+14	1.0527e-17	1.4467e-17
2.5226e+14	1.5196e-17	1.2533e-17
2.5243e+14	-8.6153e-19	1.5163e-17
2.5259e+14	4.5393e-18	1.6409e-17
2.5275e+14	1.7758e-17	1.426e-17
2.5292e+14	4.5237e-18	1.4256e-17
2.5308e+14	-8.2711e-19	1.5431e-17
2.5324e+14	1.5027e-17	1.4139e-17
2.5341e+14	1.0134e-17	1.3793e-17
2.5357e+14	-2.832e-18	1.5263e-17
2.5373e+14	9.8946e-18	1.4329e-17
2.539e+14	1.4839e-17	1.2856e-17
2.5406e+14	-6.2799e-19	1.3846e-17
2.5422e+14	4.7345e-18	1.3911e-17
2.5439e+14	1.7364e-17	1.3311e-17
2.5455e+14	3.9227e-18	1.5528e-17
2.5471e+14	-9.5869e-19	1.6142e-17
2.5488e+14	1.553e-17	1.2563e-17
2.5504e+14	1.0902e-17	1.2026e-17
2.552e+14	-2.3259e-18	1.5148e-17
2.5537e+14	9.9283e-18	1.4492e-17
2.5553e+14	1.453e-17	1.2301e-17
2.5569e+14	-1.2337e-18	1.3823e-17
2.5586e+14	3.9895e-18	1.4189e-17
2.5602e+14	1.7061e-17	1.1992e-17
2.5619e+14	4.2466e-18	1.3513e-17
2.5635e+14	-6.3924e-19	1.5978e-17
2.5651e+14	1.548e-17	1.3408e-17
2.5668e+14	1.0691e-17	1.15e-17
2.5684e+14	-2.6525e-18	1.3996e-17
2.57e+14	9.7985e-18	1.4235e-17
2.5717e+14	1.5282e-17	1.1855e-17
2.5733e+14	-1.8717e-19	1.2454e-17
2.5749e+14	3.9251e-18	1.3195e-17
2.5766e+14	1.6338e-17	1.1177e-17
2.5782e+14	4.2609e-18	1.131e-17
2.5798e+14	-5.5765e-19	1.3545e-17
2.5815e+14	1.452e-17	1.3134e-17
2.5831e+14	9.9898e-18	1.2535e-17
2.5847e+14	-1.8563e-18	1.4154e-17
2.5864e+14	1.0651e-17	1.392e-17
2.588e+14	1.4882e-17	1.2272e-17
2.5896e+14	-7.6731e-19	1.3164e-17
2.5913e+14	4.1809e-18	1.3942e-17
2.5929e+14	1.6852e-17	1.2629e-17
2.5946e+14	4.4981e-18	1.3003e-17
2.5962e+14	-4.3618e-19	1.4423e-17
2.5978e+14	1.4542e-17	1.3647e-17
2.5995e+14	9.8624e-18	1.3306e-17
2.6011e+14	-1.9282e-18	1.4212e-17
2.6027e+14	1.08e-17	1.2633e-17
2.6044e+14	1.5316e-17	1.0761e-17
2.606e+14	-2.4528e-19	1.215e-17
2.6076e+14	4.046e-18	1.2759e-17
2.6093e+14	1.5677e-17	1.1237e-17
2.6109e+14	3.2124e-18	1.2224e-17
2.6125e+14	-7.6615e-19	1.3816e-17
2.6142e+14	1.4848e-17	1.1905e-17
2.6158e+14	9.8047e-18	1.0866e-17
2.6174e+14	-2.6281e-18	1.2867e-17
2.6191e+14	9.8031e-18	1.2586e-17
2.6207e+14	1.4356e-17	1.0479e-17
2.6223e+14	-7.7884e-19	1.1094e-17
2.624e+14	4.3099e-18	1.1918e-17
2.6256e+14	1.6432e-17	1.0891e-17
2.6272e+14	3.6307e-18	1.1431e-17
2.6289e+14	-7.8237e-19	1.2424e-17
2.6305e+14	1.5129e-17	1.1059e-17
2.6322e+14	1.039e-17	1.1039e-17
2.6338e+14	-2.5783e-18	1.315e-17
2.6354e+14	9.4556e-18	1.2503e-17
2.6371e+14	1.4619e-17	1.0865e-17
2.6387e+14	-6.9011e-20	1.2325e-17
2.6403e+14	4.5994e-18	1.2755e-17
2.642e+14	1.6615e-17	1.0267e-17
2.6436e+14	4.091e-18	1.0132e-17
2.6452e+14	-9.4895e-19	1.1577e-17
2.6469e+14	1.4303e-17	1.0216e-17
2.6485e+14	1.0627e-17	9.4407e-18
2.6501e+14	-9.9915e-19	1.1487e-17
2.6518e+14	1.0465e-17	1.1509e-17
2.6534e+14	1.4453e-17	9.8308e-18
2.655e+14	-1.8967e-19	1.0908e-17
2.6567e+14	4.5903e-18	1.2189e-17
2.6583e+14	1.5905e-17	1.101e-17
2.6599e+14	3.3935e-18	1.081e-17
2.6616e+14	-6.943e-19	1.1621e-17
2.6632e+14	1.4424e-17	1.0583e-17
2.6649e+14	9.4314e-18	9.9745e-18
2.6665e+14	-2.3534e-18	1.0917e-17
2.6681e+14	1.0559e-17	1.027e-17
2.6698e+14	1.5416e-17	9.44e-18
2.6714e+14	1.547e-19	1.0958e-17
2.673e+14	4.3527e-18	1.1199e-17
2.6747e+14	1.6074e-17	9.3372e-18
2.6763e+14	4.1262e-18	9.8559e-18
2.6779e+14	1.4094e-19	1.1443e-17
2.6796e+14	1.5142e-17	1.0524e-17
2.6812e+14	9.7494e-18	1.0219e-17
2.6828e+14	-2.712e-18	1.1811e-17
2.6845e+14	9.9673e-18	1.1425e-17
2.6861e+14	1.5075e-17	1.0383e-17
2.6877e+14	-2.0744e-19	1.1609e-17
2.6894e+14	4.0627e-18	1.1483e-17
2.691e+14	1.6497e-17	9.1431e-18
2.6926e+14	4.6584e-18	9.335e-18
2.6943e+14	-3.3032e-19	1.0875e-17
2.6959e+14	1.4518e-17	1.0088e-17
2.6975e+14	1.0115e-17	9.9734e-18
2.6992e+14	-2.6228e-18	1.1659e-17
2.7008e+14	8.7732e-18	1.1151e-17
2.7025e+14	1.4342e-17	9.8356e-18
2.7041e+14	4.5799e-19	1.0788e-17
2.7057e+14	4.2707e-18	1.0632e-17
2.7074e+14	1.5593e-17	8.7701e-18
2.709e+14	4.3806e-18	9.6652e-18
2.7106e+14	1.9551e-19	1.1365e-17
2.7123e+14	1.4235e-17	1.0048e-17
2.7139e+14	9.2921e-18	9.3671e-18
2.7155e+14	-2.2629e-18	1.0762e-17
2.7172e+14	1.0181e-17	1.0084e-17
2.7188e+14	1.5117e-17	8.927e-18
2.7204e+14	3.9266e-20	1.0481e-17
2.7221e+14	3.6505e-18	1.0635e-17
2.7237e+14	1.5609e-17	8.35e-18
2.7253e+14	4.4982e-18	8.8828e-18
2.727e+14	-4.7748e-19	1.0848e-17
2.7286e+14	1.3383e-17	9.7019e-18
2.7302e+14	9.5077e-18	8.6378e-18
2.7319e+14	-1.577e-18	9.9218e-18
2.7335e+14	9.8696e-18	9.8982e-18
2.7351e+14	1.4249e-17	9.2973e-18
2.7368e+14	-1.2441e-19	1.0667e-17
2.7384e+14	3.8048e-18	1.0623e-17
2.7401e+14	1.5336e-17	8.7724e-18
2.7417e+14	4.524e-18	9.6637e-18
2.7433e+14	5.8181e-19	1.1165e-17
2.745e+14	1.484e-17	9.4599e-18
2.7466e+14	1.0382e-17	8.6542e-18
2.7482e+14	-1.5772e-18	1.0249e-17
2.7499e+14	9.4627e-18	9.4666e-18
2.7515e+14	1.4201e-17	7.8438e-18
2.7531e+14	2.3211e-19	9.3701e-18
2.7548e+14	4.0009e-18	1.0135e-17
2.7564e+14	1.5571e-17	8.3935e-18
2.758e+14	5.1407e-18	8.9833e-18
2.7597e+14	5.4053e-19	1.0583e-17
2.7613e+14	1.3543e-17	8.8647e-18
2.7629e+14	9.5371e-18	7.5908e-18
2.7646e+14	-8.8144e-19	9.2077e-18
2.7662e+14	9.9869e-18	9.1241e-18
2.7678e+14	1.3466e-17	7.748e-18
2.7695e+14	-1.721e-19	8.9666e-18
2.7711e+14	4.7199e-18	9.7822e-18
2.7728e+14	1.5822e-17	8.1511e-18
2.7744e+14	4.2837e-18	8.2006e-18
2.776e+14	5.5179e-20	9.481e-18
2.7777e+14	1.4037e-17	8.4521e-18
2.7793e+14	9.7942e-18	7.7256e-18
2.7809e+14	-1.3892e-18	8.8503e-18
2.7826e+14	9.8235e-18	8.2757e-18
2.7842e+14	1.4299e-17	7.1544e-18
2.7858e+14	6.7739e-19	8.5535e-18
2.7875e+14	4.6668e-18	9.1175e-18
2.7891e+14	1.551e-17	7.6024e-18
2.7907e+14	4.6746e-18	8.2803e-18
2.7924e+14	7.9326e-19	9.9017e-18
2.794e+14	1.4228e-17	8.6862e-18
2.7956e+14	9.4214e-18	7.7341e-18
2.7973e+14	-1.8343e-18	8.863e-18
2.7989e+14	9.4177e-18	8.4849e-18
2.8005e+14	1.3799e-17	7.734e-18
2.8022e+14	7.4949e-20	9.5416e-18
2.8038e+14	4.1446e-18	1.0273e-17
2.8054e+14	1.5258e-17	8.531e-18
2.8071e+14	4.3766e-18	8.697e-18
2.8087e+14	-7.9652e-20	9.8839e-18
2.8104e+14	1.3379e-17	8.6832e-18
2.812e+14	9.8647e-18	8.0937e-18
2.8136e+14	-5.6306e-19	9.384e-18
2.8153e+14	9.6314e-18	8.6211e-18
2.8169e+14	1.2839e-17	7.0825e-18
2.8185e+14	-2.6683e-19	8.0851e-18
2.8202e+14	4.8757e-18	8.4483e-18
2.8218e+14	1.5713e-17	6.9892e-18
2.8234e+14	4.1025e-18	7.6754e-18
2.8251e+14	-3.1483e-19	9.0469e-18
2.8267e+14	1.3061e-17	7.7421e-18
2.8283e+14	8.7361e-18	7.0717e-18
2.83e+14	-1.6499e-18	8.2771e-18
2.8316e+14	1.0273e-17	7.5591e-18
2.8332e+14	1.4739e-17	6.6434e-18
2.8349e+14	5.99e-19	8.5597e-18
2.8365e+14	4.132e-18	9.154e-18
2.8381e+14	1.5049e-17	7.1491e-18
2.8398e+14	4.3751e-18	7.4084e-18
2.8414e+14	2.1801e-19	8.8642e-18
2.8431e+14	1.3772e-17	7.8476e-18
2.8447e+14	9.8193e-18	7.501e-18
2.8463e+14	-1.3265e-18	8.8525e-18
2.848e+14	9.1916e-18	7.755e-18
2.8496e+14	1.3873e-17	6.3306e-18
2.8512e+14	1.1982e-18	8.3961e-18
2.8529e+14	5.1266e-18	9.5412e-18
2.8545e+14	1.5545e-17	7.6151e-18
2.8561e+14	4.9646e-18	7.4434e-18
2.8578e+14	8.806e-19	8.4118e-18
2.8594e+14	1.3757e-17	7.0074e-18
2.861e+14	9.5299e-18	6.6836e-18
2.8627e+14	-1.2295e-18	8.6953e-18
2.8643e+14	8.9953e-18	8.1484e-18
2.8659e+14	1.3038e-17	6.4669e-18
2.8676e+14	9.5953e-19	8.0846e-18
2.8692e+14	6.0036e-18	9.2254e-18
2.8708e+14	1.6152e-17	7.3266e-18
2.8725e+14	4.4911e-18	7.0977e-18
2.8741e+14	4.0187e-19	8.3925e-18
2.8757e+14	1.4086e-17	7.2917e-18
2.8774e+14	1.0033e-17	6.5941e-18
2.879e+14	-8.6205e-19	8.2274e-18
2.8807e+14	9.8808e-18	7.9548e-18
2.8823e+14	1.4137e-17	6.3517e-18
2.8839e+14	8.788e-19	7.2948e-18
2.8856e+14	4.8233e-18	7.9859e-18
2.8872e+14	1.5478e-17	6.4665e-18
2.8888e+14	4.5832e-18	6.7409e-18
2.8905e+14	2.4868e-19	8.1934e-18
2.8921e+14	1.398e-17	7.1668e-18
2.8937e+14	1.0687e-17	6.576e-18
2.8954e+14	-5.5243e-19	8.3268e-18
2.897e+14	8.9639e-18	8.2166e-18
2.8986e+14	1.3425e-17	6.5914e-18
2.9003e+14	1.3282e-18	7.2727e-18
2.9019e+14	5.1338e-18	7.9621e-18
2.9035e+14	1.5031e-17	6.8271e-18
2.9052e+14	4.3817e-18	7.3384e-18
2.9068e+14	1.0128e-19	8.7196e-18
2.9084e+14	1.2749e-17	7.4803e-18
2.9101e+14	9.2061e-18	6.3373e-18
2.9117e+14	-5.042e-19	7.4034e-18
2.9134e+14	1.01e-17	7.3585e-18
2.915e+14	1.3702e-17	6.4839e-18
2.9166e+14	1.7693e-19	7.4812e-18
2.9183e+14	3.742e-18	7.8234e-18
2.9199e+14	1.4639e-17	6.2621e-18
2.9215e+14	5.0433e-18	6.1879e-18
2.9232e+14	8.5142e-19	6.9285e-18
2.9248e+14	1.2855e-17	6.0776e-18
2.9264e+14	8.8913e-18	6.2864e-18
2.9281e+14	-7.7954e-19	7.8412e-18
2.9297e+14	9.9408e-18	6.9132e-18
2.9313e+14	1.3748e-17	5.4263e-18
2.933e+14	6.0839e-19	6.8376e-18
2.9346e+14	4.3306e-18	7.7385e-18
2.9362e+14	1.4893e-17	6.6003e-18
2.9379e+14	4.9259e-18	7.0679e-18
2.9395e+14	9.8789e-19	7.8063e-18
2.9411e+14	1.3785e-17	6.0783e-18
2.9428e+14	1.0103e-17	5.7395e-18
2.9444e+14	-4.4976e-19	7.8505e-18
2.946e+14	9.1578e-18	7.6965e-18
2.9477e+14	1.2683e-17	6.4057e-18
2.9493e+14	-2.3821e-19	7.5943e-18
2.951e+14	3.8182e-18	7.9976e-18
2.9526e+14	1.5064e-17	6.3303e-18
2.9542e+14	5.3925e-18	6.9162e-18
2.9559e+14	5.9829e-19	8.324e-18
2.9575e+14	1.2813e-17	6.8035e-18
2.9591e+14	1.0012e-17	5.9975e-18
2.9608e+14	2.0616e-19	7.6282e-18
2.9624e+14	9.4743e-18	7.1326e-18
2.964e+14	1.3239e-17	5.5868e-18
2.9657e+14	1.2434e-18	6.9315e-18
2.9673e+14	4.7423e-18	7.615e-18
2.9689e+14	1.4347e-17	5.7032e-18
2.9706e+14	4.5366e-18	6.0518e-18
2.9722e+14	8.8054e-19	7.9232e-18
2.9738e+14	1.3328e-17	6.745e-18
2.9755e+14	9.8489e-18	5.597e-18
2.9771e+14	-2.7738e-19	7.2721e-18
2.9787e+14	9.0811e-18	7.4234e-18
2.9804e+14	1.3001e-17	5.7546e-18
2.982e+14	1.1941e-18	6.3118e-18
2.9837e+14	4.6445e-18	7.0982e-18
2.9853e+14	1.4132e-17	5.8692e-18
2.9869e+14	4.7479e-18	6.0734e-18
2.9886e+14	1.4998e-18	7.5346e-18
2.9902e+14	1.3297e-17	6.7286e-18
2.9918e+14	8.8931e-18	5.864e-18
2.9935e+14	-9.861e-19	7.0437e-18
2.9951e+14	9.2229e-18	6.9862e-18
2.9967e+14	1.3177e-17	5.8037e-18
2.9984e+14	9.4584e-19	6.5785e-18
3e+14	4.6512e-18	7.2114e-18
