#Error on normalization	O = 0.030 %	H = 3.094 %
#Frequence (s-1)	S_O (s)	S_H (s)
0	5.3954e-16	7.8671e-15
2.193e+11	1.8807e-16	8.704e-15
4.386e+11	2.4106e-16	9.482e-15
6.5789e+11	1.19e-15	8.6764e-15
8.7719e+11	1.5054e-15	8.0094e-15
1.0965e+12	1.5204e-15	8.6169e-15
1.3158e+12	3.2284e-15	8.9853e-15
1.5351e+12	5.6868e-15	8.4562e-15
1.7544e+12	6.6933e-15	8.2165e-15
1.9737e+12	8.0654e-15	8.5464e-15
2.193e+12	1.2869e-14	8.7915e-15
2.4123e+12	1.8648e-14	9.0781e-15
2.6316e+12	1.9938e-14	9.5435e-15
2.8509e+12	1.716e-14	9.6231e-15
3.0702e+12	1.6281e-14	9.404e-15
3.2895e+12	1.878e-14	9.6958e-15
3.5088e+12	1.9914e-14	1.0366e-14
3.7281e+12	1.8908e-14	1.0447e-14
3.9474e+12	2.0494e-14	9.9056e-15
4.1667e+12	2.3955e-14	9.7759e-15
4.386e+12	2.3842e-14	1.0387e-14
4.6053e+12	2.2781e-14	1.0749e-14
4.8246e+12	2.7524e-14	1.0342e-14
5.0439e+12	3.4286e-14	1.0196e-14
5.2632e+12	3.6434e-14	1.0995e-14
5.4825e+12	3.955e-14	1.1699e-14
5.7018e+12	4.8377e-14	1.1461e-14
5.9211e+12	5.2256e-14	1.0982e-14
6.1404e+12	4.5417e-14	1.1016e-14
6.3596e+12	4.2463e-14	1.1629e-14
6.5789e+12	5.1861e-14	1.267e-14
6.7982e+12	5.8844e-14	1.3096e-14
7.0175e+12	5.4878e-14	1.1885e-14
7.2368e+12	5.3579e-14	1.0661e-14
7.4561e+12	5.9267e-14	1.1537e-14
7.6754e+12	5.5958e-14	1.2913e-14
7.8947e+12	4.352e-14	1.2509e-14
8.114e+12	4.3608e-14	1.1875e-14
8.3333e+12	5.6927e-14	1.2553e-14
8.5526e+12	5.939e-14	1.2761e-14
8.7719e+12	4.8175e-14	1.2047e-14
8.9912e+12	4.4198e-14	1.2381e-14
9.2105e+12	4.9228e-14	1.3048e-14
9.4298e+12	4.8473e-14	1.2272e-14
9.6491e+12	4.5263e-14	1.1912e-14
9.8684e+12	4.8346e-14	1.3087e-14
1.0088e+13	4.7599e-14	1.2922e-14
1.0307e+13	3.9721e-14	1.1282e-14
1.0526e+13	4.2006e-14	1.1883e-14
1.0746e+13	5.4731e-14	1.4083e-14
1.0965e+13	5.7046e-14	1.4078e-14
1.1184e+13	5.067e-14	1.3001e-14
1.1404e+13	5.4052e-14	1.3633e-14
1.1623e+13	6.0554e-14	1.4101e-14
1.1842e+13	5.5813e-14	1.3038e-14
1.2061e+13	5.1725e-14	1.3129e-14
1.2281e+13	5.8117e-14	1.4736e-14
1.25e+13	6.0458e-14	1.5067e-14
1.2719e+13	5.5073e-14	1.4405e-14
1.2939e+13	5.6498e-14	1.4746e-14
1.3158e+13	6.0637e-14	1.5227e-14
1.3377e+13	5.4173e-14	1.494e-14
1.3596e+13	4.9031e-14	1.4896e-14
1.3816e+13	5.7549e-14	1.4726e-14
1.4035e+13	6.2423e-14	1.3605e-14
1.4254e+13	5.1521e-14	1.3112e-14
1.4474e+13	4.2664e-14	1.4007e-14
1.4693e+13	4.724e-14	1.4534e-14
1.4912e+13	5.2151e-14	1.449e-14
1.5132e+13	5.0103e-14	1.5009e-14
1.5351e+13	4.9275e-14	1.5038e-14
1.557e+13	5.1992e-14	1.3912e-14
1.5789e+13	5.2267e-14	1.367e-14
1.6009e+13	4.9191e-14	1.4679e-14
1.6228e+13	4.7325e-14	1.484e-14
1.6447e+13	4.9684e-14	1.4408e-14
1.6667e+13	5.3502e-14	1.5023e-14
1.6886e+13	5.145e-14	1.5664e-14
1.7105e+13	4.3042e-14	1.5132e-14
1.7325e+13	3.9432e-14	1.4593e-14
1.7544e+13	4.6163e-14	1.4581e-14
1.7763e+13	5.2838e-14	1.4532e-14
1.7982e+13	5.0554e-14	1.5114e-14
1.8202e+13	4.4441e-14	1.6201e-14
1.8421e+13	4.1766e-14	1.5845e-14
1.864e+13	4.2121e-14	1.4501e-14
1.886e+13	4.2113e-14	1.4688e-14
1.9079e+13	4.0269e-14	1.572e-14
1.9298e+13	3.8276e-14	1.5388e-14
1.9518e+13	3.8925e-14	1.4827e-14
1.9737e+13	4.012e-14	1.5431e-14
1.9956e+13	3.7068e-14	1.5458e-14
2.0175e+13	3.1776e-14	1.4442e-14
2.0395e+13	2.9085e-14	1.482e-14
2.0614e+13	2.6772e-14	1.6582e-14
2.0833e+13	2.2764e-14	1.7115e-14
2.1053e+13	2.2086e-14	1.6571e-14
2.1272e+13	2.4783e-14	1.6861e-14
2.1491e+13	2.285e-14	1.7187e-14
2.1711e+13	1.6743e-14	1.6214e-14
2.193e+13	1.5452e-14	1.5428e-14
2.2149e+13	1.8487e-14	1.6077e-14
2.2368e+13	1.7923e-14	1.6596e-14
2.2588e+13	1.4484e-14	1.5818e-14
2.2807e+13	1.3797e-14	1.4888e-14
2.3026e+13	1.4402e-14	1.4723e-14
2.3246e+13	1.2832e-14	1.503e-14
2.3465e+13	1.1216e-14	1.5729e-14
2.3684e+13	1.1582e-14	1.6482e-14
2.3904e+13	1.1585e-14	1.6193e-14
2.4123e+13	9.8612e-15	1.5131e-14
2.4342e+13	8.533e-15	1.5104e-14
2.4561e+13	8.9157e-15	1.6086e-14
2.4781e+13	9.5026e-15	1.6114e-14
2.5e+13	8.9102e-15	1.5179e-14
2.5219e+13	8.0336e-15	1.5064e-14
2.5439e+13	8.1638e-15	1.5488e-14
2.5658e+13	8.7223e-15	1.493e-14
2.5877e+13	8.6537e-15	1.4241e-14
2.6096e+13	8.3391e-15	1.5058e-14
2.6316e+13	8.1739e-15	1.6383e-14
2.6535e+13	7.5602e-15	1.6434e-14
2.6754e+13	6.6202e-15	1.5625e-14
2.6974e+13	6.16e-15	1.5197e-14
2.7193e+13	5.9926e-15	1.5275e-14
2.7412e+13	5.7519e-15	1.5499e-14
2.7632e+13	5.7034e-15	1.5608e-14
2.7851e+13	5.4565e-15	1.5423e-14
2.807e+13	4.6343e-15	1.533e-14
2.8289e+13	4.2805e-15	1.5739e-14
2.8509e+13	4.7989e-15	1.6089e-14
2.8728e+13	4.9542e-15	1.588e-14
2.8947e+13	4.6059e-15	1.5695e-14
2.9167e+13	4.7069e-15	1.5917e-14
2.9386e+13	4.8087e-15	1.5987e-14
2.9605e+13	4.3435e-15	1.5544e-14
2.9825e+13	4.1345e-15	1.4724e-14
3.0044e+13	4.1827e-15	1.376e-14
3.0263e+13	3.6404e-15	1.3396e-14
3.0482e+13	3.1827e-15	1.4253e-14
3.0702e+13	3.4769e-15	1.542e-14
3.0921e+13	3.5029e-15	1.5552e-14
3.114e+13	3.1598e-15	1.4968e-14
3.136e+13	3.5688e-15	1.4849e-14
3.1579e+13	4.1579e-15	1.5371e-14
3.1798e+13	3.8576e-15	1.5858e-14
3.2018e+13	3.4242e-15	1.5747e-14
3.2237e+13	3.2945e-15	1.5052e-14
3.2456e+13	2.7949e-15	1.4499e-14
3.2675e+13	2.4943e-15	1.4695e-14
3.2895e+13	3.0208e-15	1.522e-14
3.3114e+13	3.1564e-15	1.5424e-14
3.3333e+13	2.5424e-15	1.5277e-14
3.3553e+13	2.4999e-15	1.4792e-14
3.3772e+13	2.823e-15	1.4019e-14
3.3991e+13	2.486e-15	1.3559e-14
3.4211e+13	2.2854e-15	1.3614e-14
3.443e+13	2.6971e-15	1.3581e-14
3.4649e+13	2.5996e-15	1.3492e-14
3.4868e+13	2.1994e-15	1.3911e-14
3.5088e+13	2.5528e-15	1.4428e-14
3.5307e+13	2.7811e-15	1.4458e-14
3.5526e+13	2.1635e-15	1.4457e-14
3.5746e+13	1.9679e-15	1.4716e-14
3.5965e+13	2.424e-15	1.5009e-14
3.6184e+13	2.3255e-15	1.5696e-14
3.6404e+13	1.9967e-15	1.661e-14
3.6623e+13	2.2031e-15	1.6221e-14
3.6842e+13	2.1579e-15	1.4346e-14
3.7061e+13	1.7163e-15	1.2981e-14
3.7281e+13	1.8859e-15	1.3036e-14
3.75e+13	2.2412e-15	1.3591e-14
3.7719e+13	1.8815e-15	1.413e-14
3.7939e+13	1.612e-15	1.4363e-14
3.8158e+13	1.9962e-15	1.3754e-14
3.8377e+13	2.1475e-15	1.3114e-14
3.8596e+13	1.8875e-15	1.3501e-14
3.8816e+13	1.7845e-15	1.3795e-14
3.9035e+13	1.614e-15	1.3026e-14
3.9254e+13	1.3562e-15	1.2563e-14
3.9474e+13	1.607e-15	1.2933e-14
3.9693e+13	1.9577e-15	1.2909e-14
3.9912e+13	1.7062e-15	1.3011e-14
4.0132e+13	1.4659e-15	1.4273e-14
4.0351e+13	1.7137e-15	1.4808e-14
4.057e+13	1.7797e-15	1.3449e-14
4.0789e+13	1.5115e-15	1.2872e-14
4.1009e+13	1.4356e-15	1.4105e-14
4.1228e+13	1.4394e-15	1.4165e-14
4.1447e+13	1.3578e-15	1.2573e-14
4.1667e+13	1.5308e-15	1.2571e-14
4.1886e+13	1.7723e-15	1.4196e-14
4.2105e+13	1.6219e-15	1.4135e-14
4.2325e+13	1.4135e-15	1.2436e-14
4.2544e+13	1.5055e-15	1.2164e-14
4.2763e+13	1.5677e-15	1.3505e-14
4.2982e+13	1.4501e-15	1.3998e-14
4.3202e+13	1.3674e-15	1.308e-14
4.3421e+13	1.3112e-15	1.2367e-14
4.364e+13	1.2697e-15	1.262e-14
4.386e+13	1.3068e-15	1.2967e-14
4.4079e+13	1.2513e-15	1.2685e-14
4.4298e+13	1.132e-15	1.2314e-14
4.4518e+13	1.2389e-15	1.253e-14
4.4737e+13	1.3824e-15	1.2785e-14
4.4956e+13	1.264e-15	1.2285e-14
4.5175e+13	1.1874e-15	1.1576e-14
4.5395e+13	1.3208e-15	1.1652e-14
4.5614e+13	1.3423e-15	1.231e-14
4.5833e+13	1.2631e-15	1.2635e-14
4.6053e+13	1.2633e-15	1.2272e-14
4.6272e+13	1.1752e-15	1.1593e-14
4.6491e+13	1.1074e-15	1.1324e-14
4.6711e+13	1.3017e-15	1.1741e-14
4.693e+13	1.3108e-15	1.2038e-14
4.7149e+13	9.3742e-16	1.1566e-14
4.7368e+13	9.0601e-16	1.1154e-14
4.7588e+13	1.2878e-15	1.1526e-14
4.7807e+13	1.2935e-15	1.1815e-14
4.8026e+13	1.0425e-15	1.1498e-14
4.8246e+13	1.1235e-15	1.1553e-14
4.8465e+13	1.1747e-15	1.2063e-14
4.8684e+13	9.5025e-16	1.1626e-14
4.8904e+13	9.7312e-16	1.0304e-14
4.9123e+13	1.1196e-15	9.8085e-15
4.9342e+13	9.0315e-16	1.0231e-14
4.9561e+13	7.9552e-16	1.0089e-14
4.9781e+13	1.1057e-15	9.4648e-15
5e+13	1.162e-15	9.65e-15
5.0219e+13	9.0671e-16	1.0327e-14
5.0439e+13	9.7808e-16	1.0189e-14
5.0658e+13	1.153e-15	9.4126e-15
5.0877e+13	9.8593e-16	9.0471e-15
5.1096e+13	8.6425e-16	9.1611e-15
5.1316e+13	9.2633e-16	9.2499e-15
5.1535e+13	8.021e-16	9.1528e-15
5.1754e+13	7.2193e-16	8.7326e-15
5.1974e+13	9.3927e-16	7.9941e-15
5.2193e+13	9.6139e-16	7.5238e-15
5.2412e+13	6.9972e-16	7.6314e-15
5.2632e+13	6.822e-16	7.7863e-15
5.2851e+13	8.0165e-16	7.7039e-15
5.307e+13	7.061e-16	7.681e-15
5.3289e+13	6.9083e-16	7.6135e-15
5.3509e+13	8.4014e-16	7.2572e-15
5.3728e+13	7.5296e-16	7.0395e-15
5.3947e+13	5.8402e-16	7.1976e-15
5.4167e+13	7.1961e-16	7.2326e-15
5.4386e+13	8.8887e-16	7.0622e-15
5.4605e+13	8.3088e-16	7.0497e-15
5.4825e+13	7.6199e-16	6.9657e-15
5.5044e+13	7.237e-16	6.773e-15
5.5263e+13	6.3759e-16	7.1879e-15
5.5482e+13	6.5707e-16	7.8379e-15
5.5702e+13	7.2381e-16	7.316e-15
5.5921e+13	6.4224e-16	6.0731e-15
5.614e+13	5.9454e-16	5.8938e-15
5.636e+13	6.7886e-16	6.4638e-15
5.6579e+13	6.5172e-16	6.2587e-15
5.6798e+13	5.8674e-16	5.7428e-15
5.7018e+13	6.9047e-16	5.999e-15
5.7237e+13	7.3359e-16	6.2854e-15
5.7456e+13	6.4939e-16	5.918e-15
5.7675e+13	7.2504e-16	5.7705e-15
5.7895e+13	7.9006e-16	6.1098e-15
5.8114e+13	5.7115e-16	6.0558e-15
5.8333e+13	4.534e-16	5.6738e-15
5.8553e+13	6.4093e-16	5.6926e-15
5.8772e+13	6.9309e-16	5.8244e-15
5.8991e+13	5.6781e-16	5.6092e-15
5.9211e+13	6.1394e-16	5.4223e-15
5.943e+13	6.6606e-16	5.4009e-15
5.9649e+13	5.3344e-16	5.2358e-15
5.9868e+13	5.1082e-16	5.1654e-15
6.0088e+13	6.12e-16	5.4062e-15
6.0307e+13	5.6526e-16	5.439e-15
6.0526e+13	5.2773e-16	5.1481e-15
6.0746e+13	6.32e-16	5.1429e-15
6.0965e+13	6.157e-16	5.3974e-15
6.1184e+13	5.2494e-16	5.3865e-15
6.1404e+13	6.0381e-16	5.3035e-15
6.1623e+13	6.4532e-16	5.4231e-15
6.1842e+13	5.2711e-16	5.2962e-15
6.2061e+13	5.2849e-16	4.8599e-15
6.2281e+13	5.9523e-16	4.7229e-15
6.25e+13	5.0047e-16	4.7723e-15
6.2719e+13	4.7453e-16	4.4929e-15
6.2939e+13	6.0632e-16	4.3897e-15
6.3158e+13	5.776e-16	4.9313e-15
6.3377e+13	4.7804e-16	5.1929e-15
6.3596e+13	5.843e-16	4.6084e-15
6.3816e+13	6.4032e-16	4.2358e-15
6.4035e+13	5.0832e-16	4.6243e-15
6.4254e+13	5.1867e-16	4.812e-15
6.4474e+13	6.0914e-16	4.477e-15
6.4693e+13	4.8438e-16	4.4153e-15
6.4912e+13	3.9865e-16	4.6278e-15
6.5132e+13	5.4409e-16	4.5077e-15
6.5351e+13	5.8363e-16	4.3049e-15
6.557e+13	4.6512e-16	4.3146e-15
6.5789e+13	4.576e-16	4.0998e-15
6.6009e+13	4.7734e-16	3.8134e-15
6.6228e+13	4.4284e-16	4.1368e-15
6.6447e+13	5.2441e-16	4.5948e-15
6.6667e+13	5.834e-16	4.3635e-15
6.6886e+13	4.5139e-16	4.01e-15
6.7105e+13	4.1861e-16	4.1969e-15
6.7325e+13	5.3782e-16	4.3148e-15
6.7544e+13	4.858e-16	4.0144e-15
6.7763e+13	4.0838e-16	3.8876e-15
6.7982e+13	5.4702e-16	3.98e-15
6.8202e+13	5.5654e-16	3.9013e-15
6.8421e+13	3.5266e-16	3.9494e-15
6.864e+13	3.869e-16	4.2499e-15
6.886e+13	5.6626e-16	4.1981e-15
6.9079e+13	4.9338e-16	3.8497e-15
6.9298e+13	4.2444e-16	3.8983e-15
6.9518e+13	5.613e-16	4.182e-15
6.9737e+13	5.2734e-16	4.2121e-15
6.9956e+13	3.5287e-16	4.2892e-15
7.0175e+13	4.3448e-16	4.5394e-15
7.0395e+13	5.6445e-16	4.4412e-15
7.0614e+13	4.5494e-16	4.0971e-15
7.0833e+13	3.9607e-16	4.1167e-15
7.1053e+13	4.8731e-16	4.3167e-15
7.1272e+13	4.7106e-16	4.1914e-15
7.1491e+13	4.4064e-16	3.9249e-15
7.1711e+13	5.2782e-16	3.8384e-15
7.193e+13	5.1759e-16	3.8659e-15
7.2149e+13	4.3724e-16	3.9428e-15
7.2368e+13	4.8644e-16	4.0383e-15
7.2588e+13	4.8609e-16	4.0644e-15
7.2807e+13	3.7589e-16	4.1252e-15
7.3026e+13	4.366e-16	4.2766e-15
7.3246e+13	5.4069e-16	4.3311e-15
7.3465e+13	4.0857e-16	4.3727e-15
7.3684e+13	3.4535e-16	4.584e-15
7.3904e+13	5.4442e-16	4.5983e-15
7.4123e+13	6.0823e-16	4.221e-15
7.4342e+13	4.6833e-16	4.0584e-15
7.4561e+13	4.6871e-16	4.3218e-15
7.4781e+13	5.3625e-16	4.4105e-15
7.5e+13	4.8718e-16	4.2949e-15
7.5219e+13	4.9145e-16	4.4723e-15
7.5439e+13	5.3166e-16	4.6491e-15
7.5658e+13	4.3582e-16	4.3561e-15
7.5877e+13	4.0186e-16	4.0626e-15
7.6096e+13	5.1596e-16	4.1731e-15
7.6316e+13	4.8813e-16	4.2556e-15
7.6535e+13	3.7493e-16	4.1084e-15
7.6754e+13	4.4499e-16	4.0718e-15
7.6974e+13	5.0408e-16	4.1677e-15
7.7193e+13	4.0979e-16	4.2089e-15
7.7412e+13	4.3778e-16	4.2665e-15
7.7632e+13	5.5265e-16	4.3081e-15
7.7851e+13	4.8194e-16	4.2163e-15
7.807e+13	4.0714e-16	4.2022e-15
7.8289e+13	4.961e-16	4.364e-15
7.8509e+13	5.0224e-16	4.4107e-15
7.8728e+13	4.337e-16	4.3383e-15
7.8947e+13	5.1269e-16	4.4051e-15
7.9167e+13	5.5765e-16	4.4288e-15
7.9386e+13	4.4098e-16	4.2104e-15
7.9605e+13	4.278e-16	4.148e-15
7.9825e+13	4.9645e-16	4.4514e-15
8.0044e+13	4.1755e-16	4.6346e-15
8.0263e+13	3.8622e-16	4.4576e-15
8.0482e+13	5.304e-16	4.3009e-15
8.0702e+13	5.481e-16	4.3093e-15
8.0921e+13	4.3737e-16	4.2502e-15
8.114e+13	4.8008e-16	4.1959e-15
8.136e+13	5.5033e-16	4.3712e-15
8.1579e+13	4.8528e-16	4.5696e-15
8.1798e+13	4.843e-16	4.5116e-15
8.2018e+13	5.4078e-16	4.371e-15
8.2237e+13	4.7111e-16	4.3595e-15
8.2456e+13	4.4921e-16	4.3696e-15
8.2675e+13	5.7704e-16	4.4097e-15
8.2895e+13	5.8963e-16	4.6065e-15
8.3114e+13	4.9171e-16	4.6547e-15
8.3333e+13	5.006e-16	4.3001e-15
8.3553e+13	4.9158e-16	4.1276e-15
8.3772e+13	4.1028e-16	4.59e-15
8.3991e+13	4.9906e-16	4.9653e-15
8.4211e+13	6.405e-16	4.6749e-15
8.443e+13	5.422e-16	4.3927e-15
8.4649e+13	4.1821e-16	4.5704e-15
8.4868e+13	4.8697e-16	4.5987e-15
8.5088e+13	5.2431e-16	4.3101e-15
8.5307e+13	4.8786e-16	4.3056e-15
8.5526e+13	5.5563e-16	4.5745e-15
8.5746e+13	5.9142e-16	4.6946e-15
8.5965e+13	5.0012e-16	4.7983e-15
8.6184e+13	4.9468e-16	4.9297e-15
8.6404e+13	5.4587e-16	4.7864e-15
8.6623e+13	4.9192e-16	4.6687e-15
8.6842e+13	5.1026e-16	4.9433e-15
8.7061e+13	6.3668e-16	5.0449e-15
8.7281e+13	5.8504e-16	4.6795e-15
8.75e+13	4.4731e-16	4.5584e-15
8.7719e+13	5.0319e-16	4.8446e-15
8.7939e+13	5.6493e-16	4.9368e-15
8.8158e+13	4.8337e-16	4.9024e-15
8.8377e+13	4.9637e-16	4.9956e-15
8.8596e+13	5.6673e-16	4.7937e-15
8.8816e+13	4.7904e-16	4.4379e-15
8.9035e+13	4.3715e-16	4.7247e-15
8.9254e+13	5.5825e-16	5.2931e-15
8.9474e+13	5.5222e-16	5.2328e-15
8.9693e+13	4.526e-16	5.018e-15
8.9912e+13	5.3717e-16	5.3874e-15
9.0132e+13	6.2412e-16	5.7488e-15
9.0351e+13	5.2691e-16	5.5341e-15
9.057e+13	5.0584e-16	5.236e-15
9.0789e+13	6.1299e-16	5.2319e-15
9.1009e+13	6.2195e-16	5.3319e-15
9.1228e+13	6.1838e-16	5.3743e-15
9.1447e+13	6.8409e-16	5.2474e-15
9.1667e+13	6.0894e-16	5.0611e-15
9.1886e+13	4.791e-16	5.2086e-15
9.2105e+13	5.6112e-16	5.4729e-15
9.2325e+13	6.5636e-16	5.2846e-15
9.2544e+13	5.651e-16	5.0674e-15
9.2763e+13	5.4618e-16	5.3648e-15
9.2982e+13	6.6178e-16	5.5004e-15
9.3202e+13	6.5169e-16	5.1851e-15
9.3421e+13	5.75e-16	5.3409e-15
9.364e+13	6.2282e-16	5.8505e-15
9.386e+13	6.8579e-16	5.6326e-15
9.4079e+13	6.8383e-16	5.2174e-15
9.4298e+13	6.6735e-16	5.5955e-15
9.4518e+13	5.8448e-16	5.7833e-15
9.4737e+13	5.1324e-16	5.0389e-15
9.4956e+13	6.0215e-16	4.7754e-15
9.5175e+13	6.466e-16	5.5284e-15
9.5395e+13	5.2335e-16	5.7519e-15
9.5614e+13	5.5928e-16	5.1846e-15
9.5833e+13	7.5635e-16	5.3041e-15
9.6053e+13	7.0479e-16	6.0992e-15
9.6272e+13	5.4382e-16	6.2017e-15
9.6491e+13	6.5428e-16	5.603e-15
9.6711e+13	7.5725e-16	5.2923e-15
9.693e+13	5.9269e-16	5.3619e-15
9.7149e+13	5.2906e-16	5.3583e-15
9.7368e+13	6.6589e-16	5.296e-15
9.7588e+13	6.4562e-16	5.4009e-15
9.7807e+13	5.3033e-16	5.6748e-15
9.8026e+13	5.7532e-16	5.9038e-15
9.8246e+13	6.0568e-16	5.815e-15
9.8465e+13	5.2261e-16	5.4468e-15
9.8684e+13	5.4086e-16	5.2464e-15
9.8904e+13	6.2128e-16	5.4783e-15
9.9123e+13	6.0376e-16	5.8199e-15
9.9342e+13	6.0239e-16	5.8333e-15
9.9561e+13	6.4265e-16	5.6364e-15
9.9781e+13	5.9585e-16	5.7403e-15
1e+14	5.7254e-16	6.1272e-15
1.0022e+14	6.537e-16	6.1142e-15
1.0044e+14	6.6551e-16	5.5405e-15
1.0066e+14	6.3201e-16	5.1267e-15
1.0088e+14	6.8422e-16	5.1905e-15
1.011e+14	6.4749e-16	5.2982e-15
1.0132e+14	4.9539e-16	5.3085e-15
1.0154e+14	5.3642e-16	5.3005e-15
1.0175e+14	6.9213e-16	5.0448e-15
1.0197e+14	6.1884e-16	4.8154e-15
1.0219e+14	4.828e-16	5.2717e-15
1.0241e+14	5.5716e-16	5.8716e-15
1.0263e+14	6.3088e-16	5.6059e-15
1.0285e+14	5.6971e-16	5.027e-15
1.0307e+14	5.6316e-16	5.0408e-15
1.0329e+14	5.8675e-16	5.0833e-15
1.0351e+14	5.2709e-16	4.7139e-15
1.0373e+14	5.2484e-16	4.6638e-15
1.0395e+14	5.9126e-16	4.9865e-15
1.0417e+14	5.5997e-16	4.9896e-15
1.0439e+14	5.2163e-16	4.9394e-15
1.0461e+14	5.7795e-16	5.1533e-15
1.0482e+14	5.6653e-16	4.9472e-15
1.0504e+14	4.9401e-16	4.4053e-15
1.0526e+14	5.2037e-16	4.527e-15
1.0548e+14	5.2365e-16	4.9637e-15
1.057e+14	4.2784e-16	4.7447e-15
1.0592e+14	4.5659e-16	4.4095e-15
1.0614e+14	5.7925e-16	4.5753e-15
1.0636e+14	5.3396e-16	4.5481e-15
1.0658e+14	4.3109e-16	4.2437e-15
1.068e+14	4.7182e-16	4.5081e-15
1.0702e+14	4.9961e-16	4.9686e-15
1.0724e+14	4.3451e-16	4.6596e-15
1.0746e+14	4.313e-16	4.0444e-15
1.0768e+14	4.4996e-16	3.93e-15
1.0789e+14	4.0217e-16	4.042e-15
1.0811e+14	4.1722e-16	4.0522e-15
1.0833e+14	4.8755e-16	4.0605e-15
1.0855e+14	4.5486e-16	3.9483e-15
1.0877e+14	4.0075e-16	3.8039e-15
1.0899e+14	4.2631e-16	3.9825e-15
1.0921e+14	4.1235e-16	4.1065e-15
1.0943e+14	3.701e-16	3.6886e-15
1.0965e+14	4.0907e-16	3.3147e-15
1.0987e+14	4.0509e-16	3.4798e-15
1.1009e+14	3.0955e-16	3.5981e-15
1.1031e+14	3.2195e-16	3.3511e-15
1.1053e+14	4.1142e-16	3.1745e-15
1.1075e+14	3.7827e-16	3.1127e-15
1.1096e+14	3.2126e-16	2.9703e-15
1.1118e+14	3.5705e-16	2.9611e-15
1.114e+14	3.4028e-16	3.0072e-15
1.1162e+14	2.6928e-16	2.7549e-15
1.1184e+14	2.9247e-16	2.5747e-15
1.1206e+14	3.2898e-16	2.8769e-15
1.1228e+14	2.9964e-16	3.0949e-15
1.125e+14	3.151e-16	2.8524e-15
1.1272e+14	3.3237e-16	2.7384e-15
1.1294e+14	2.5982e-16	2.9301e-15
1.1316e+14	2.5305e-16	2.8289e-15
1.1338e+14	3.3558e-16	2.4242e-15
1.136e+14	2.9717e-16	2.3085e-15
1.1382e+14	2.1627e-16	2.5245e-15
1.1404e+14	2.8553e-16	2.6595e-15
1.1425e+14	3.3251e-16	2.5724e-15
1.1447e+14	2.4806e-16	2.3765e-15
1.1469e+14	2.4967e-16	2.2323e-15
1.1491e+14	3.2067e-16	2.2289e-15
1.1513e+14	2.5917e-16	2.2072e-15
1.1535e+14	1.9719e-16	2.0389e-15
1.1557e+14	2.6135e-16	1.9511e-15
1.1579e+14	2.6345e-16	2.0732e-15
1.1601e+14	1.9917e-16	2.1429e-15
1.1623e+14	2.4443e-16	2.0612e-15
1.1645e+14	2.785e-16	2.0442e-15
1.1667e+14	1.9315e-16	2.0822e-15
1.1689e+14	1.8137e-16	1.9839e-15
1.1711e+14	2.468e-16	1.8373e-15
1.1732e+14	2.0308e-16	1.8269e-15
1.1754e+14	1.571e-16	1.8678e-15
1.1776e+14	2.2157e-16	1.7986e-15
1.1798e+14	2.1563e-16	1.6599e-15
1.182e+14	1.3534e-16	1.609e-15
1.1842e+14	1.6848e-16	1.6876e-15
1.1864e+14	2.1434e-16	1.7301e-15
1.1886e+14	1.4865e-16	1.5916e-15
1.1908e+14	1.3869e-16	1.4096e-15
1.193e+14	2.038e-16	1.3747e-15
1.1952e+14	1.7191e-16	1.4108e-15
1.1974e+14	1.2693e-16	1.4006e-15
1.1996e+14	1.7985e-16	1.4014e-15
1.2018e+14	1.8041e-16	1.4043e-15
1.2039e+14	1.1869e-16	1.3256e-15
1.2061e+14	1.5124e-16	1.2654e-15
1.2083e+14	1.8732e-16	1.3127e-15
1.2105e+14	1.2483e-16	1.3207e-15
1.2127e+14	1.1543e-16	1.2344e-15
1.2149e+14	1.6772e-16	1.2049e-15
1.2171e+14	1.3242e-16	1.2223e-15
1.2193e+14	9.9747e-17	1.159e-15
1.2215e+14	1.5862e-16	1.0944e-15
1.2237e+14	1.5399e-16	1.1293e-15
1.2259e+14	8.9175e-17	1.1595e-15
1.2281e+14	1.2119e-16	1.1233e-15
1.2303e+14	1.541e-16	1.0953e-15
1.2325e+14	9.0779e-17	1.0741e-15
1.2346e+14	8.8655e-17	1.0236e-15
1.2368e+14	1.5367e-16	9.8637e-16
1.239e+14	1.2486e-16	9.6123e-16
1.2412e+14	8.1109e-17	9.226e-16
1.2434e+14	1.2307e-16	9.3259e-16
1.2456e+14	1.2288e-16	9.791e-16
1.2478e+14	8.0826e-17	9.411e-16
1.25e+14	1.2218e-16	8.6038e-16
1.2522e+14	1.4709e-16	8.7689e-16
1.2544e+14	8.2902e-17	9.2487e-16
1.2566e+14	8.5131e-17	8.8885e-16
1.2588e+14	1.3837e-16	8.4912e-16
1.261e+14	9.3972e-17	8.5939e-16
1.2632e+14	5.9382e-17	8.2474e-16
1.2654e+14	1.2169e-16	7.5812e-16
1.2675e+14	1.1573e-16	7.6516e-16
1.2697e+14	4.588e-17	7.9251e-16
1.2719e+14	7.6143e-17	7.4737e-16
1.2741e+14	1.1566e-16	7.019e-16
1.2763e+14	6.4045e-17	7.201e-16
1.2785e+14	6.6059e-17	7.2903e-16
1.2807e+14	1.2312e-16	6.9688e-16
1.2829e+14	8.8395e-17	6.8124e-16
1.2851e+14	5.304e-17	6.7915e-16
1.2873e+14	1.0766e-16	6.4504e-16
1.2895e+14	1.0408e-16	6.0277e-16
1.2917e+14	4.2363e-17	5.9311e-16
1.2939e+14	7.3317e-17	6.0041e-16
1.2961e+14	1.1027e-16	6.0934e-16
1.2982e+14	5.724e-17	6.3569e-16
1.3004e+14	5.2445e-17	6.6532e-16
1.3026e+14	1.0234e-16	6.5299e-16
1.3048e+14	7.1365e-17	6.0264e-16
1.307e+14	4.2062e-17	5.7373e-16
1.3092e+14	9.4457e-17	5.908e-16
1.3114e+14	9.1573e-17	6.1118e-16
1.3136e+14	3.9111e-17	5.9724e-16
1.3158e+14	7.2093e-17	5.6283e-16
1.318e+14	1.0092e-16	5.4068e-16
1.3202e+14	4.66e-17	5.437e-16
1.3224e+14	4.7537e-17	5.5093e-16
1.3246e+14	9.4657e-17	5.2736e-16
1.3268e+14	5.5988e-17	4.8461e-16
1.3289e+14	2.8764e-17	4.7929e-16
1.3311e+14	8.7894e-17	5.1621e-16
1.3333e+14	8.3284e-17	5.3866e-16
1.3355e+14	2.5563e-17	5.2855e-16
1.3377e+14	5.9764e-17	5.0527e-16
1.3399e+14	9.1286e-17	4.6486e-16
1.3421e+14	3.5236e-17	4.3099e-16
1.3443e+14	3.7318e-17	4.5863e-16
1.3465e+14	9.0979e-17	5.1121e-16
1.3487e+14	5.2e-17	4.9889e-16
1.3509e+14	1.4993e-17	4.4693e-16
1.3531e+14	7.0842e-17	4.3574e-16
1.3553e+14	7.426e-17	4.4882e-16
1.3575e+14	2.0937e-17	4.493e-16
1.3596e+14	5.2014e-17	4.6007e-16
1.3618e+14	8.4089e-17	4.6896e-16
1.364e+14	3.0351e-17	4.4083e-16
1.3662e+14	2.7787e-17	4.1864e-16
1.3684e+14	7.9068e-17	4.3087e-16
1.3706e+14	4.7853e-17	4.1274e-16
1.3728e+14	1.4242e-17	3.5531e-16
1.375e+14	6.2751e-17	3.4116e-16
1.3772e+14	6.5932e-17	3.721e-16
1.3794e+14	2.3559e-17	3.7781e-16
1.3816e+14	5.7233e-17	3.6762e-16
1.3838e+14	8.1028e-17	3.8286e-16
1.386e+14	2.6128e-17	3.9565e-16
1.3882e+14	2.9657e-17	3.8124e-16
1.3904e+14	7.9684e-17	3.639e-16
1.3925e+14	4.3819e-17	3.4906e-16
1.3947e+14	1.456e-17	3.2908e-16
1.3969e+14	6.7724e-17	3.2544e-16
1.3991e+14	6.1584e-17	3.4302e-16
1.4013e+14	6.0395e-18	3.5175e-16
1.4035e+14	4.1229e-17	3.4293e-16
1.4057e+14	7.604e-17	3.331e-16
1.4079e+14	2.436e-17	3.2871e-16
1.4101e+14	2.4754e-17	3.3127e-16
1.4123e+14	7.6901e-17	3.3879e-16
1.4145e+14	4.4004e-17	3.3679e-16
1.4167e+14	9.5006e-18	3.2212e-16
1.4189e+14	5.7992e-17	3.0792e-16
1.4211e+14	5.7486e-17	2.956e-16
1.4232e+14	8.0516e-18	2.8456e-16
1.4254e+14	4.0392e-17	2.8983e-16
1.4276e+14	7.137e-17	3.1069e-16
1.4298e+14	2.1083e-17	3.2017e-16
1.432e+14	2.2358e-17	3.0841e-16
1.4342e+14	7.2943e-17	2.956e-16
1.4364e+14	3.9953e-17	2.9624e-16
1.4386e+14	6.2365e-18	3.0077e-16
1.4408e+14	5.5697e-17	2.9721e-16
1.443e+14	5.8145e-17	2.9449e-16
1.4452e+14	9.6679e-18	3.0285e-16
1.4474e+14	3.7345e-17	3.0191e-16
1.4496e+14	6.4966e-17	2.7642e-16
1.4518e+14	1.7489e-17	2.6081e-16
1.4539e+14	2.0711e-17	2.7729e-16
1.4561e+14	6.825e-17	2.8483e-16
1.4583e+14	3.3391e-17	2.6393e-16
1.4605e+14	2.4089e-18	2.5637e-16
1.4627e+14	5.5004e-17	2.6905e-16
1.4649e+14	5.7288e-17	2.6495e-16
1.4671e+14	6.2479e-18	2.534e-16
1.4693e+14	3.2986e-17	2.5919e-16
1.4715e+14	6.288e-17	2.5736e-16
1.4737e+14	1.568e-17	2.3734e-16
1.4759e+14	1.4646e-17	2.2969e-16
1.4781e+14	6.1118e-17	2.3369e-16
1.4803e+14	3.1226e-17	2.3445e-16
1.4825e+14	1.1487e-18	2.4831e-16
1.4846e+14	4.7992e-17	2.632e-16
1.4868e+14	4.9316e-17	2.4372e-16
1.489e+14	4.6175e-18	2.197e-16
1.4912e+14	3.4241e-17	2.2963e-16
1.4934e+14	6.0354e-17	2.3541e-16
1.4956e+14	9.6102e-18	2.1459e-16
1.4978e+14	8.8472e-18	2.0698e-16
1.5e+14	5.8556e-17	2.1184e-16
1.5022e+14	3.2625e-17	2.0038e-16
1.5044e+14	3.0346e-18	1.9827e-16
1.5066e+14	4.6135e-17	2.1683e-16
1.5088e+14	4.3472e-17	2.1727e-16
1.511e+14	-4.0915e-18	2.0922e-16
1.5132e+14	2.4513e-17	2.2355e-16
1.5154e+14	5.5138e-17	2.229e-16
1.5175e+14	1.1189e-17	1.9172e-16
1.5197e+14	1.0409e-17	1.8469e-16
1.5219e+14	5.5408e-17	1.9932e-16
1.5241e+14	2.8804e-17	1.8725e-16
1.5263e+14	4.0573e-19	1.7638e-16
1.5285e+14	4.2841e-17	1.9751e-16
1.5307e+14	4.3614e-17	2.0613e-16
1.5329e+14	2.4062e-18	1.9504e-16
1.5351e+14	2.8956e-17	2.0255e-16
1.5373e+14	5.1702e-17	2.0199e-16
1.5395e+14	7.4762e-18	1.7413e-16
1.5417e+14	1.1779e-17	1.7773e-16
1.5439e+14	5.6418e-17	2.1067e-16
1.5461e+14	2.7557e-17	2.0057e-16
1.5482e+14	2.0591e-18	1.7039e-16
1.5504e+14	4.6566e-17	1.8302e-16
1.5526e+14	4.3412e-17	1.9794e-16
1.5548e+14	-9.2505e-19	1.7819e-16
1.557e+14	2.7827e-17	1.7396e-16
1.5592e+14	5.2876e-17	1.9141e-16
1.5614e+14	7.6645e-18	1.832e-16
1.5636e+14	1.092e-17	1.6993e-16
1.5658e+14	5.6277e-17	1.8662e-16
1.568e+14	2.7632e-17	1.9797e-16
1.5702e+14	8.9273e-19	1.8289e-16
1.5724e+14	4.4623e-17	1.7048e-16
1.5746e+14	4.1874e-17	1.6623e-16
1.5768e+14	-2.2837e-18	1.621e-16
1.5789e+14	2.6377e-17	1.6853e-16
1.5811e+14	5.2142e-17	1.7587e-16
1.5833e+14	7.2712e-18	1.7081e-16
1.5855e+14	8.9608e-18	1.716e-16
1.5877e+14	5.2342e-17	1.7599e-16
1.5899e+14	2.2973e-17	1.6157e-16
1.5921e+14	-3.4003e-18	1.5212e-16
1.5943e+14	4.2361e-17	1.6835e-16
1.5965e+14	4.2684e-17	1.7273e-16
1.5987e+14	-1.133e-18	1.5636e-16
1.6009e+14	2.5211e-17	1.5907e-16
1.6031e+14	5.1071e-17	1.7174e-16
1.6053e+14	7.8438e-18	1.6262e-16
1.6075e+14	7.073e-18	1.5599e-16
1.6096e+14	4.7086e-17	1.6741e-16
1.6118e+14	2.0732e-17	1.684e-16
1.614e+14	-7.5465e-19	1.6485e-16
1.6162e+14	4.2966e-17	1.7741e-16
1.6184e+14	3.8509e-17	1.7767e-16
1.6206e+14	-3.7121e-18	1.5638e-16
1.6228e+14	2.7492e-17	1.5285e-16
1.625e+14	5.2888e-17	1.6394e-16
1.6272e+14	5.9688e-18	1.5744e-16
1.6294e+14	6.5138e-18	1.5292e-16
1.6316e+14	5.1443e-17	1.6845e-16
1.6338e+14	2.447e-17	1.7181e-16
1.636e+14	-3.3594e-18	1.5512e-16
1.6382e+14	3.8158e-17	1.4792e-16
1.6404e+14	3.7894e-17	1.5126e-16
1.6425e+14	-2.4966e-18	1.5253e-16
1.6447e+14	2.5685e-17	1.5738e-16
1.6469e+14	5.0186e-17	1.6071e-16
1.6491e+14	5.4142e-18	1.5373e-16
1.6513e+14	5.6197e-18	1.4856e-16
1.6535e+14	4.8784e-17	1.4895e-16
1.6557e+14	2.2806e-17	1.484e-16
1.6579e+14	-3.6515e-18	1.5452e-16
1.6601e+14	3.7087e-17	1.6059e-16
1.6623e+14	3.6524e-17	1.5061e-16
1.6645e+14	-3.5774e-18	1.4782e-16
1.6667e+14	2.2923e-17	1.6505e-16
1.6689e+14	4.6156e-17	1.604e-16
1.6711e+14	3.4894e-18	1.3246e-16
1.6732e+14	5.8436e-18	1.3499e-16
1.6754e+14	4.807e-17	1.5419e-16
1.6776e+14	2.0717e-17	1.4135e-16
1.6798e+14	-5.0047e-18	1.3125e-16
1.682e+14	3.7003e-17	1.5743e-16
1.6842e+14	3.6229e-17	1.6771e-16
1.6864e+14	-4.6813e-18	1.4644e-16
1.6886e+14	2.3e-17	1.4668e-16
1.6908e+14	4.9154e-17	1.6321e-16
1.693e+14	6.8558e-18	1.5719e-16
1.6952e+14	5.8093e-18	1.512e-16
1.6974e+14	4.5878e-17	1.5939e-16
1.6996e+14	1.9766e-17	1.5023e-16
1.7018e+14	-5.4702e-18	1.3681e-16
1.7039e+14	3.5156e-17	1.5059e-16
1.7061e+14	3.4444e-17	1.608e-16
1.7083e+14	-5.67e-18	1.4728e-16
1.7105e+14	2.0549e-17	1.4315e-16
1.7127e+14	4.4776e-17	1.4597e-16
1.7149e+14	3.2614e-18	1.3013e-16
1.7171e+14	5.0384e-18	1.2164e-16
1.7193e+14	4.7483e-17	1.3587e-16
1.7215e+14	2.1649e-17	1.3785e-16
1.7237e+14	-4.4614e-18	1.2938e-16
1.7259e+14	3.7237e-17	1.4176e-16
1.7281e+14	3.8396e-17	1.5359e-16
1.7303e+14	-3.86e-18	1.4114e-16
1.7325e+14	1.8864e-17	1.3427e-16
1.7346e+14	4.4899e-17	1.4384e-16
1.7368e+14	6.2877e-18	1.4182e-16
1.739e+14	4.9993e-18	1.3022e-16
1.7412e+14	4.4349e-17	1.3006e-16
1.7434e+14	2.1204e-17	1.364e-16
1.7456e+14	-4.0267e-18	1.4148e-16
1.7478e+14	3.3641e-17	1.4668e-16
1.75e+14	3.5168e-17	1.4758e-16
1.7522e+14	-1.7726e-18	1.4752e-16
1.7544e+14	2.115e-17	1.496e-16
1.7566e+14	4.3115e-17	1.3994e-16
1.7588e+14	4.5289e-18	1.2594e-16
1.761e+14	5.0857e-18	1.3459e-16
1.7632e+14	4.2598e-17	1.49e-16
1.7654e+14	1.7995e-17	1.376e-16
1.7675e+14	-4.5105e-18	1.2262e-16
1.7697e+14	3.5395e-17	1.2783e-16
1.7719e+14	3.4957e-17	1.3258e-16
1.7741e+14	-5.0056e-18	1.3264e-16
1.7763e+14	1.8071e-17	1.4316e-16
1.7785e+14	4.3135e-17	1.472e-16
1.7807e+14	6.3761e-18	1.3785e-16
1.7829e+14	5.3753e-18	1.4241e-16
1.7851e+14	4.1695e-17	1.5232e-16
1.7873e+14	1.8532e-17	1.3915e-16
1.7895e+14	-4.103e-18	1.2604e-16
1.7917e+14	3.2953e-17	1.3367e-16
1.7939e+14	3.2578e-17	1.3341e-16
1.7961e+14	-3.8238e-18	1.2218e-16
1.7982e+14	2.0117e-17	1.268e-16
1.8004e+14	4.2815e-17	1.342e-16
1.8026e+14	5.5735e-18	1.2959e-16
1.8048e+14	6.4092e-18	1.3424e-16
1.807e+14	4.3834e-17	1.416e-16
1.8092e+14	2.0594e-17	1.2983e-16
1.8114e+14	-2.7197e-18	1.2584e-16
1.8136e+14	3.3397e-17	1.4214e-16
1.8158e+14	3.2947e-17	1.3883e-16
1.818e+14	-3.3162e-18	1.1961e-16
1.8202e+14	1.9036e-17	1.2664e-16
1.8224e+14	3.9977e-17	1.4065e-16
1.8246e+14	3.6563e-18	1.2947e-16
1.8268e+14	6.6252e-18	1.2127e-16
1.8289e+14	4.439e-17	1.2924e-16
1.8311e+14	2.0067e-17	1.264e-16
1.8333e+14	-3.7906e-18	1.2071e-16
1.8355e+14	3.2769e-17	1.2881e-16
1.8377e+14	3.2944e-17	1.2795e-16
1.8399e+14	-2.9403e-18	1.1818e-16
1.8421e+14	2.0215e-17	1.2575e-16
1.8443e+14	4.2016e-17	1.338e-16
1.8465e+14	4.3877e-18	1.2447e-16
1.8487e+14	4.9109e-18	1.2476e-16
1.8509e+14	4.3716e-17	1.3485e-16
1.8531e+14	2.299e-17	1.2694e-16
1.8553e+14	-5.6683e-19	1.1894e-16
1.8575e+14	3.3903e-17	1.2835e-16
1.8596e+14	3.4248e-17	1.2614e-16
1.8618e+14	-1.862e-18	1.1416e-16
1.864e+14	1.856e-17	1.2379e-16
1.8662e+14	4.1533e-17	1.3467e-16
1.8684e+14	9.3328e-18	1.248e-16
1.8706e+14	9.2722e-18	1.2428e-16
1.8728e+14	4.0983e-17	1.3382e-16
1.875e+14	1.8085e-17	1.2146e-16
1.8772e+14	-1.3763e-18	1.0802e-16
1.8794e+14	3.4585e-17	1.1768e-16
1.8816e+14	3.3384e-17	1.2001e-16
1.8838e+14	-2.114e-18	1.1328e-16
1.886e+14	1.9061e-17	1.2789e-16
1.8882e+14	3.9742e-17	1.3655e-16
1.8904e+14	5.6595e-18	1.1371e-16
1.8925e+14	6.95e-18	1.0559e-16
1.8947e+14	4.0707e-17	1.2632e-16
1.8969e+14	1.7866e-17	1.287e-16
1.8991e+14	-3.301e-18	1.1695e-16
1.9013e+14	3.1547e-17	1.2459e-16
1.9035e+14	3.2155e-17	1.2816e-16
1.9057e+14	-4.5186e-19	1.1352e-16
1.9079e+14	2.0361e-17	1.1349e-16
1.9101e+14	3.8287e-17	1.2274e-16
1.9123e+14	3.668e-18	1.1363e-16
1.9145e+14	6.3179e-18	1.0735e-16
1.9167e+14	4.007e-17	1.1794e-16
1.9189e+14	1.7233e-17	1.2006e-16
1.9211e+14	-1.7107e-18	1.1668e-16
1.9232e+14	3.4217e-17	1.2138e-16
1.9254e+14	3.1715e-17	1.1315e-16
1.9276e+14	-4.1068e-18	9.9153e-17
1.9298e+14	1.8011e-17	1.1454e-16
1.932e+14	3.8863e-17	1.3413e-16
1.9342e+14	4.1703e-18	1.2108e-16
1.9364e+14	5.8875e-18	1.0991e-16
1.9386e+14	4.1353e-17	1.2333e-16
1.9408e+14	1.9748e-17	1.2351e-16
1.943e+14	-1.5136e-18	1.0768e-16
1.9452e+14	3.2869e-17	1.1106e-16
1.9474e+14	3.2553e-17	1.2405e-16
1.9496e+14	-2.031e-18	1.238e-16
1.9518e+14	1.8292e-17	1.2071e-16
1.9539e+14	3.8581e-17	1.1677e-16
1.9561e+14	4.4696e-18	1.0836e-16
1.9583e+14	4.0225e-18	1.1352e-16
1.9605e+14	3.7343e-17	1.2627e-16
1.9627e+14	1.7886e-17	1.1914e-16
1.9649e+14	-7.4278e-19	1.0724e-16
1.9671e+14	3.2889e-17	1.125e-16
1.9693e+14	3.1601e-17	1.1394e-16
1.9715e+14	-2.452e-18	1.0668e-16
1.9737e+14	1.749e-17	1.1183e-16
1.9759e+14	3.7373e-17	1.1388e-16
1.9781e+14	5.0058e-18	9.9936e-17
1.9803e+14	6.1059e-18	1.0239e-16
1.9825e+14	3.866e-17	1.2073e-16
1.9846e+14	1.7658e-17	1.1653e-16
1.9868e+14	-2.4407e-18	1.0491e-16
1.989e+14	3.0077e-17	1.1696e-16
1.9912e+14	2.9551e-17	1.252e-16
1.9934e+14	-3.0388e-18	1.1327e-16
1.9956e+14	1.6296e-17	1.1037e-16
1.9978e+14	3.5288e-17	1.1456e-16
2e+14	4.2332e-18	1.0793e-16
2.0022e+14	6.0149e-18	1.104e-16
2.0044e+14	3.6763e-17	1.2049e-16
2.0066e+14	1.4973e-17	1.0655e-16
2.0088e+14	-3.6502e-18	9.0756e-17
2.011e+14	2.9432e-17	1.0782e-16
2.0132e+14	2.8404e-17	1.2287e-16
2.0154e+14	-2.9531e-18	1.0893e-16
2.0175e+14	1.8656e-17	1.0157e-16
2.0197e+14	3.7921e-17	1.1098e-16
2.0219e+14	5.0372e-18	1.104e-16
2.0241e+14	5.5782e-18	1.0724e-16
2.0263e+14	3.7428e-17	1.1342e-16
2.0285e+14	1.7619e-17	1.1014e-16
2.0307e+14	-1.0661e-18	1.0056e-16
2.0329e+14	3.0055e-17	1.034e-16
2.0351e+14	2.8245e-17	1.0398e-16
2.0373e+14	-2.1519e-18	9.4465e-17
2.0395e+14	1.9705e-17	9.6447e-17
2.0417e+14	3.786e-17	1.0578e-16
2.0439e+14	3.8637e-18	1.0465e-16
2.0461e+14	3.7819e-18	1.0597e-16
2.0482e+14	3.588e-17	1.1233e-16
2.0504e+14	1.7649e-17	1.041e-16
2.0526e+14	2.6737e-19	9.4323e-17
2.0548e+14	3.0646e-17	1.0244e-16
2.057e+14	2.7398e-17	1.0704e-16
2.0592e+14	-3.1311e-18	9.8726e-17
2.0614e+14	1.932e-17	9.9027e-17
2.0636e+14	3.7673e-17	1.0255e-16
2.0658e+14	3.9146e-18	9.6315e-17
2.068e+14	4.363e-18	9.8896e-17
2.0702e+14	3.6132e-17	1.0824e-16
2.0724e+14	1.612e-17	9.8506e-17
2.0746e+14	-2.6452e-18	8.7279e-17
2.0768e+14	2.8915e-17	9.8714e-17
2.0789e+14	2.7944e-17	1.0495e-16
2.0811e+14	-2.7543e-18	9.1815e-17
2.0833e+14	1.7432e-17	8.854e-17
2.0855e+14	3.5198e-17	9.5261e-17
2.0877e+14	3.3319e-18	9.1394e-17
2.0899e+14	5.5545e-18	9.0259e-17
2.0921e+14	3.7689e-17	9.7386e-17
2.0943e+14	1.7221e-17	9.1465e-17
2.0965e+14	-1.9975e-18	8.293e-17
2.0987e+14	2.996e-17	9.4137e-17
2.1009e+14	2.9567e-17	1.0544e-16
2.1031e+14	-2.1082e-18	1.0027e-16
2.1053e+14	1.6681e-17	9.4186e-17
2.1075e+14	3.4697e-17	8.9047e-17
2.1096e+14	2.6812e-18	8.1484e-17
2.1118e+14	2.9141e-18	8.7606e-17
2.114e+14	3.497e-17	9.9625e-17
2.1162e+14	1.6974e-17	9.2709e-17
2.1184e+14	-2.7496e-18	8.2098e-17
2.1206e+14	2.5529e-17	8.5397e-17
2.1228e+14	2.4674e-17	8.187e-17
2.125e+14	-3.9391e-18	7.2545e-17
2.1272e+14	1.6221e-17	8.2361e-17
2.1294e+14	3.4054e-17	9.3196e-17
2.1316e+14	3.0233e-18	8.302e-17
2.1338e+14	3.4765e-18	7.7794e-17
2.136e+14	3.3492e-17	8.5719e-17
2.1382e+14	1.4128e-17	8.1049e-17
2.1404e+14	-4.5497e-18	7.2928e-17
2.1425e+14	2.5711e-17	7.8344e-17
2.1447e+14	2.6181e-17	7.6031e-17
2.1469e+14	-3.0397e-18	6.7802e-17
2.1491e+14	1.49e-17	8.1209e-17
2.1513e+14	3.2001e-17	9.319e-17
2.1535e+14	2.608e-18	7.5755e-17
2.1557e+14	3.783e-18	6.3669e-17
2.1579e+14	3.283e-17	7.5306e-17
2.1601e+14	1.3526e-17	7.7224e-17
2.1623e+14	-4.5268e-18	7.0814e-17
2.1645e+14	2.4528e-17	8.0813e-17
2.1667e+14	2.3575e-17	8.5689e-17
2.1689e+14	-4.7296e-18	7.2029e-17
2.1711e+14	1.5011e-17	7.0242e-17
2.1732e+14	3.2501e-17	7.9792e-17
2.1754e+14	2.2997e-18	7.459e-17
2.1776e+14	2.4623e-18	6.8592e-17
2.1798e+14	3.0862e-17	7.4224e-17
2.182e+14	1.1671e-17	6.9866e-17
2.1842e+14	-5.6743e-18	6.0996e-17
2.1864e+14	2.4242e-17	6.9612e-17
2.1886e+14	2.3818e-17	7.5997e-17
2.1908e+14	-5.0319e-18	6.5347e-17
2.193e+14	1.3542e-17	6.2247e-17
2.1952e+14	3.0929e-17	6.8393e-17
2.1974e+14	1.4995e-18	6.393e-17
2.1996e+14	1.6227e-18	6.0803e-17
2.2018e+14	2.9566e-17	6.733e-17
2.2039e+14	1.0545e-17	6.3331e-17
2.2061e+14	-7.047e-18	5.4496e-17
2.2083e+14	2.2074e-17	6.0402e-17
2.2105e+14	2.2305e-17	6.3436e-17
2.2127e+14	-4.7714e-18	5.2995e-17
2.2149e+14	1.4077e-17	5.3844e-17
2.2171e+14	3.0324e-17	6.5206e-17
2.2193e+14	5.9869e-19	6.3123e-17
2.2215e+14	1.5859e-18	5.6106e-17
2.2237e+14	3.0222e-17	5.7432e-17
2.2259e+14	1.1267e-17	5.5593e-17
2.2281e+14	-6.0473e-18	5.3109e-17
2.2303e+14	2.4115e-17	5.9889e-17
2.2325e+14	2.4376e-17	6.076e-17
2.2346e+14	-5.6621e-18	5.2598e-17
2.2368e+14	1.0065e-17	5.493e-17
2.239e+14	2.7391e-17	6.0125e-17
2.2412e+14	5.0144e-19	5.2602e-17
2.2434e+14	9.0357e-19	4.9933e-17
2.2456e+14	2.7534e-17	5.7807e-17
2.2478e+14	9.477e-18	5.4243e-17
2.25e+14	-6.4906e-18	4.5483e-17
2.2522e+14	2.2359e-17	5.0396e-17
2.2544e+14	2.1939e-17	5.3898e-17
2.2566e+14	-5.6875e-18	4.7434e-17
2.2588e+14	1.2085e-17	4.8866e-17
2.261e+14	2.8568e-17	5.3038e-17
2.2632e+14	1.0065e-19	4.5936e-17
2.2654e+14	4.82e-19	4.4065e-17
2.2675e+14	2.8344e-17	5.2306e-17
2.2697e+14	1.1019e-17	4.9645e-17
2.2719e+14	-5.8489e-18	4.2004e-17
2.2741e+14	2.1666e-17	4.6007e-17
2.2763e+14	2.0939e-17	4.7221e-17
2.2785e+14	-7.0552e-18	4.0686e-17
2.2807e+14	9.8404e-18	4.4e-17
2.2829e+14	2.7245e-17	4.8171e-17
2.2851e+14	1.0592e-18	3.9535e-17
2.2873e+14	1.1026e-18	3.7971e-17
2.2895e+14	2.6263e-17	4.7197e-17
2.2917e+14	8.3064e-18	4.3661e-17
2.2939e+14	-6.8465e-18	3.63e-17
2.2961e+14	2.1438e-17	4.4079e-17
2.2982e+14	2.0503e-17	4.7461e-17
2.3004e+14	-6.8438e-18	3.8104e-17
2.3026e+14	1.0621e-17	3.9104e-17
2.3048e+14	2.6914e-17	4.5283e-17
2.307e+14	-9.3775e-19	3.8252e-17
2.3092e+14	-8.1175e-19	3.4817e-17
2.3114e+14	2.6296e-17	4.2228e-17
2.3136e+14	9.5854e-18	3.846e-17
2.3158e+14	-6.636e-18	3.0488e-17
2.318e+14	2.0308e-17	3.8138e-17
2.3202e+14	1.9566e-17	4.2457e-17
2.3224e+14	-7.8653e-18	3.1735e-17
2.3246e+14	8.4921e-18	2.9708e-17
2.3268e+14	2.5331e-17	3.7036e-17
2.3289e+14	-3.4237e-19	3.4351e-17
2.3311e+14	1.7968e-19	3.151e-17
2.3333e+14	2.6085e-17	3.6725e-17
2.3355e+14	9.326e-18	3.3979e-17
2.3377e+14	-6.6652e-18	2.8135e-17
2.3399e+14	1.9301e-17	3.4437e-17
2.3421e+14	1.8479e-17	3.7985e-17
2.3443e+14	-7.375e-18	3.1006e-17
2.3465e+14	9.3706e-18	3.1895e-17
2.3487e+14	2.4698e-17	3.7023e-17
2.3509e+14	-1.9623e-18	3.1201e-17
2.3531e+14	-1.2008e-18	2.7772e-17
2.3553e+14	2.4903e-17	3.3377e-17
2.3575e+14	7.9772e-18	3.1677e-17
2.3596e+14	-8.0085e-18	2.7892e-17
2.3618e+14	1.8356e-17	3.4021e-17
2.364e+14	1.8013e-17	3.4109e-17
2.3662e+14	-7.67e-18	2.5643e-17
2.3684e+14	9.476e-18	2.9255e-17
2.3706e+14	2.5834e-17	3.5673e-17
2.3728e+14	-7.4388e-19	2.7213e-17
2.375e+14	-1.4775e-18	2.3201e-17
2.3772e+14	2.4305e-17	3.2684e-17
2.3794e+14	9.1673e-18	3.2599e-17
2.3816e+14	-6.2345e-18	2.536e-17
2.3838e+14	1.8683e-17	2.9856e-17
2.386e+14	1.7908e-17	3.2886e-17
2.3882e+14	-7.2184e-18	2.5142e-17
2.3904e+14	9.0917e-18	2.5479e-17
2.3925e+14	2.4487e-17	3.2067e-17
2.3947e+14	-1.3053e-18	2.8202e-17
2.3969e+14	-1.3277e-18	2.4765e-17
2.3991e+14	2.3962e-17	2.9345e-17
2.4013e+14	8.7176e-18	2.6661e-17
2.4035e+14	-6.3484e-18	2.0972e-17
2.4057e+14	1.8322e-17	2.5962e-17
2.4079e+14	1.7501e-17	2.8337e-17
2.4101e+14	-7.2634e-18	2.2319e-17
2.4123e+14	8.6936e-18	2.4589e-17
2.4145e+14	2.3829e-17	2.9562e-17
2.4167e+14	-9.3376e-19	2.2965e-17
2.4189e+14	-2.8808e-19	1.9721e-17
2.4211e+14	2.3931e-17	2.6814e-17
2.4232e+14	7.4224e-18	2.6457e-17
2.4254e+14	-7.7516e-18	2.192e-17
2.4276e+14	1.7509e-17	2.6768e-17
2.4298e+14	1.7349e-17	2.8231e-17
2.432e+14	-7.1352e-18	2.1338e-17
2.4342e+14	8.6398e-18	2.251e-17
2.4364e+14	2.3719e-17	2.6361e-17
2.4386e+14	-1.2536e-18	2.0535e-17
2.4408e+14	-1.5175e-18	1.9626e-17
2.443e+14	2.2659e-17	2.6652e-17
2.4452e+14	7.944e-18	2.3032e-17
2.4474e+14	-6.2155e-18	1.711e-17
2.4496e+14	1.7746e-17	2.4825e-17
2.4518e+14	1.6494e-17	2.8681e-17
2.4539e+14	-7.6748e-18	2.056e-17
2.4561e+14	7.9239e-18	2.0559e-17
2.4583e+14	2.237e-17	2.575e-17
2.4605e+14	-1.91e-18	2.038e-17
2.4627e+14	-9.1804e-19	1.7636e-17
2.4649e+14	2.3315e-17	2.4456e-17
2.4671e+14	7.8884e-18	2.3136e-17
2.4693e+14	-6.5887e-18	1.7524e-17
2.4715e+14	1.7742e-17	2.2488e-17
2.4737e+14	1.7268e-17	2.4778e-17
2.4759e+14	-6.6022e-18	1.779e-17
2.4781e+14	8.4887e-18	1.8973e-17
2.4803e+14	2.2695e-17	2.4649e-17
2.4825e+14	-1.4734e-18	2.0386e-17
2.4846e+14	-1.2147e-18	1.8656e-17
2.4868e+14	2.2203e-17	2.4796e-17
2.489e+14	7.3543e-18	2.1683e-17
2.4912e+14	-6.5528e-18	1.4889e-17
2.4934e+14	1.6938e-17	2.0008e-17
2.4956e+14	1.5904e-17	2.3186e-17
2.4978e+14	-7.4165e-18	1.6628e-17
2.5e+14	7.6415e-18	1.7505e-17
2.5022e+14	2.1323e-17	2.2913e-17
2.5044e+14	-2.1959e-18	1.8432e-17
2.5066e+14	-9.2333e-19	1.6269e-17
2.5088e+14	2.2311e-17	2.2916e-17
2.511e+14	7.0119e-18	2.1319e-17
2.5132e+14	-6.5647e-18	1.4477e-17
2.5154e+14	1.7245e-17	1.773e-17
2.5175e+14	1.6128e-17	2.0683e-17
2.5197e+14	-7.0583e-18	1.6006e-17
2.5219e+14	8.1705e-18	1.7503e-17
2.5241e+14	2.1366e-17	2.1999e-17
2.5263e+14	-2.9654e-18	1.7388e-17
2.5285e+14	-1.8184e-18	1.5096e-17
2.5307e+14	2.2095e-17	2.0601e-17
2.5329e+14	7.1567e-18	1.9327e-17
2.5351e+14	-6.8441e-18	1.4754e-17
2.5373e+14	1.7006e-17	1.8617e-17
2.5395e+14	1.677e-17	1.9873e-17
2.5417e+14	-6.4815e-18	1.4308e-17
2.5439e+14	7.5455e-18	1.6079e-17
2.5461e+14	2.0907e-17	2.0417e-17
2.5482e+14	-1.6537e-18	1.602e-17
2.5504e+14	1.0248e-19	1.4557e-17
2.5526e+14	2.309e-17	1.9404e-17
2.5548e+14	7.861e-18	1.6609e-17
2.557e+14	-5.8752e-18	1.261e-17
2.5592e+14	1.7173e-17	1.8088e-17
2.5614e+14	1.573e-17	1.8847e-17
2.5636e+14	-7.3813e-18	1.1979e-17
2.5658e+14	7.9156e-18	1.4584e-17
2.568e+14	2.1968e-17	2.0465e-17
2.5702e+14	-1.422e-18	1.5643e-17
2.5724e+14	-1.0128e-18	1.2977e-17
2.5746e+14	2.1718e-17	1.8254e-17
2.5768e+14	6.9623e-18	1.6899e-17
2.5789e+14	-6.8721e-18	1.3062e-17
2.5811e+14	1.6314e-17	1.6934e-17
2.5833e+14	1.6238e-17	1.6316e-17
2.5855e+14	-6.0664e-18	1.0201e-17
2.5877e+14	8.3152e-18	1.4385e-17
2.5899e+14	2.1608e-17	1.9745e-17
2.5921e+14	-1.6704e-18	1.3074e-17
2.5943e+14	-1.6521e-18	1.0947e-17
2.5965e+14	2.0758e-17	1.8655e-17
2.5987e+14	6.8269e-18	1.7244e-17
2.6009e+14	-6.6856e-18	1.1166e-17
2.6031e+14	1.5671e-17	1.5361e-17
2.6053e+14	1.5695e-17	1.7316e-17
2.6075e+14	-5.9338e-18	1.1194e-17
2.6096e+14	7.3893e-18	1.3252e-17
2.6118e+14	1.9509e-17	1.8931e-17
2.614e+14	-2.2408e-18	1.4203e-17
2.6162e+14	-1.1278e-19	1.1529e-17
2.6184e+14	2.1867e-17	1.7318e-17
2.6206e+14	6.5495e-18	1.6011e-17
2.6228e+14	-6.8378e-18	1.0886e-17
2.625e+14	1.6035e-17	1.4784e-17
2.6272e+14	1.5417e-17	1.6653e-17
2.6294e+14	-6.753e-18	1.1294e-17
2.6316e+14	7.5822e-18	1.2861e-17
2.6338e+14	2.0947e-17	1.7045e-17
2.636e+14	-1.3291e-18	1.2492e-17
2.6382e+14	-5.5763e-19	1.1441e-17
2.6404e+14	2.1571e-17	1.7901e-17
2.6425e+14	7.2354e-18	1.6079e-17
2.6447e+14	-6.5447e-18	1.0335e-17
2.6469e+14	1.5475e-17	1.364e-17
2.6491e+14	1.546e-17	1.5176e-17
2.6513e+14	-5.9618e-18	1.0253e-17
2.6535e+14	7.8548e-18	1.2498e-17
2.6557e+14	2.0979e-17	1.7062e-17
2.6579e+14	-6.9807e-19	1.2798e-17
2.6601e+14	-9.2608e-20	1.1465e-17
2.6623e+14	2.1502e-17	1.67e-17
2.6645e+14	7.753e-18	1.4393e-17
2.6667e+14	-5.4286e-18	1.0069e-17
2.6689e+14	1.6088e-17	1.4655e-17
2.6711e+14	1.5839e-17	1.5602e-17
2.6732e+14	-5.0379e-18	9.8485e-18
2.6754e+14	8.8423e-18	1.2466e-17
2.6776e+14	2.1445e-17	1.7383e-17
2.6798e+14	-7.768e-19	1.2712e-17
2.682e+14	-8.9432e-19	1.1164e-17
2.6842e+14	2.0399e-17	1.6355e-17
2.6864e+14	7.3849e-18	1.3531e-17
2.6886e+14	-5.2718e-18	9.1457e-18
2.6908e+14	1.5815e-17	1.4604e-17
2.693e+14	1.5286e-17	1.5715e-17
2.6952e+14	-5.6947e-18	9.1013e-18
2.6974e+14	7.5181e-18	1.1842e-17
2.6996e+14	2.0097e-17	1.7627e-17
2.7018e+14	-8.0061e-19	1.2189e-17
2.7039e+14	-2.1586e-19	9.2526e-18
2.7061e+14	2.0398e-17	1.5325e-17
2.7083e+14	7.1431e-18	1.4056e-17
2.7105e+14	-4.9574e-18	8.6637e-18
2.7127e+14	1.6065e-17	1.2564e-17
2.7149e+14	1.4906e-17	1.4871e-17
2.7171e+14	-6.2806e-18	9.9333e-18
2.7193e+14	7.1096e-18	1.1654e-17
2.7215e+14	1.9927e-17	1.594e-17
2.7237e+14	-6.696e-19	1.1262e-17
2.7259e+14	1.2612e-19	9.4298e-18
2.7281e+14	2.0735e-17	1.5021e-17
2.7303e+14	7.1369e-18	1.3398e-17
2.7325e+14	-5.5937e-18	8.9454e-18
2.7346e+14	1.5463e-17	1.3396e-17
2.7368e+14	1.5448e-17	1.4881e-17
2.739e+14	-5.0208e-18	9.0169e-18
2.7412e+14	7.7467e-18	1.073e-17
2.7434e+14	1.9952e-17	1.5472e-17
2.7456e+14	-7.2186e-19	1.0984e-17
2.7478e+14	-3.5358e-19	9.0594e-18
2.75e+14	2.0129e-17	1.4652e-17
2.7522e+14	7.4874e-18	1.3013e-17
2.7544e+14	-4.8956e-18	8.1201e-18
2.7566e+14	1.4983e-17	1.218e-17
2.7588e+14	1.4171e-17	1.4142e-17
2.761e+14	-5.8487e-18	9.0788e-18
2.7632e+14	7.4482e-18	1.0787e-17
2.7654e+14	2.0205e-17	1.4973e-17
2.7675e+14	5.0151e-19	1.0156e-17
2.7697e+14	1.1286e-18	7.9674e-18
2.7719e+14	2.0617e-17	1.3332e-17
2.7741e+14	7.0272e-18	1.2164e-17
2.7763e+14	-5.2768e-18	8.2358e-18
2.7785e+14	1.5435e-17	1.2655e-17
2.7807e+14	1.5278e-17	1.4166e-17
2.7829e+14	-5.1699e-18	8.6156e-18
2.7851e+14	7.2197e-18	1.0359e-17
2.7873e+14	1.9928e-17	1.5127e-17
2.7895e+14	2.3455e-19	1.1011e-17
2.7917e+14	-1.3352e-19	9.0461e-18
2.7939e+14	1.9293e-17	1.4144e-17
2.7961e+14	7.5178e-18	1.2578e-17
2.7982e+14	-4.1764e-18	8.0524e-18
2.8004e+14	1.4919e-17	1.1836e-17
2.8026e+14	1.4202e-17	1.3458e-17
2.8048e+14	-5.1988e-18	8.5752e-18
2.807e+14	6.9921e-18	1.0233e-17
2.8092e+14	1.8701e-17	1.4082e-17
2.8114e+14	-4.0957e-19	9.4888e-18
2.8136e+14	1.9941e-19	7.6838e-18
2.8158e+14	1.9151e-17	1.2708e-17
2.818e+14	6.6872e-18	1.094e-17
2.8202e+14	-4.8844e-18	6.818e-18
2.8224e+14	1.4417e-17	1.1336e-17
2.8246e+14	1.4096e-17	1.3245e-17
2.8268e+14	-4.4841e-18	8.2297e-18
2.8289e+14	7.8551e-18	9.8365e-18
2.8311e+14	1.8869e-17	1.3832e-17
2.8333e+14	-5.3707e-19	9.4687e-18
2.8355e+14	2.6833e-19	8.0258e-18
2.8377e+14	1.9094e-17	1.3486e-17
2.8399e+14	6.4136e-18	1.183e-17
2.8421e+14	-4.7685e-18	7.3354e-18
2.8443e+14	1.5395e-17	1.1402e-17
2.8465e+14	1.5463e-17	1.2989e-17
2.8487e+14	-3.9597e-18	7.5777e-18
2.8509e+14	7.2744e-18	9.0854e-18
2.8531e+14	1.8681e-17	1.3771e-17
2.8553e+14	3.6115e-19	9.8591e-18
2.8575e+14	7.8142e-19	7.4634e-18
2.8596e+14	1.873e-17	1.1889e-17
2.8618e+14	6.7171e-18	1.0893e-17
2.864e+14	-3.9456e-18	7.5683e-18
2.8662e+14	1.468e-17	1.1508e-17
2.8684e+14	1.3586e-17	1.273e-17
2.8706e+14	-4.6258e-18	8.0292e-18
2.8728e+14	7.7378e-18	9.9084e-18
2.875e+14	1.8424e-17	1.355e-17
2.8772e+14	-3.9275e-19	8.8844e-18
2.8794e+14	1.0523e-18	7.2068e-18
2.8816e+14	1.9886e-17	1.2423e-17
2.8838e+14	7.5723e-18	1.1234e-17
2.886e+14	-3.519e-18	7.4795e-18
2.8882e+14	1.537e-17	1.1161e-17
2.8904e+14	1.4574e-17	1.1868e-17
2.8925e+14	-4.0626e-18	6.6963e-18
2.8947e+14	7.6612e-18	8.8281e-18
2.8969e+14	1.8387e-17	1.3179e-17
2.8991e+14	-1.3072e-19	9.103e-18
2.9013e+14	9.161e-19	7.8149e-18
2.9035e+14	1.903e-17	1.2984e-17
2.9057e+14	6.509e-18	1.1036e-17
2.9079e+14	-4.4361e-18	6.5049e-18
2.9101e+14	1.4769e-17	1.0192e-17
2.9123e+14	1.4635e-17	1.121e-17
2.9145e+14	-3.5831e-18	6.0977e-18
2.9167e+14	7.8025e-18	8.5678e-18
2.9189e+14	1.8086e-17	1.3499e-17
2.9211e+14	-6.8719e-19	9.1256e-18
2.9232e+14	-3.494e-20	6.8697e-18
2.9254e+14	1.8305e-17	1.1908e-17
2.9276e+14	7.075e-18	1.0595e-17
2.9298e+14	-3.317e-18	6.3028e-18
2.932e+14	1.4634e-17	1.02e-17
2.9342e+14	1.3351e-17	1.1966e-17
2.9364e+14	-4.4699e-18	7.0102e-18
2.9386e+14	7.7491e-18	8.588e-18
2.9408e+14	1.8459e-17	1.3014e-17
2.943e+14	2.6176e-19	8.9801e-18
2.9452e+14	1.454e-18	6.9738e-18
2.9474e+14	1.9217e-17	1.2268e-17
2.9496e+14	6.3874e-18	1.1409e-17
2.9518e+14	-4.9666e-18	6.7076e-18
2.9539e+14	1.3816e-17	9.6396e-18
2.9561e+14	1.4008e-17	1.1777e-17
2.9583e+14	-3.6081e-18	7.9248e-18
2.9605e+14	7.9033e-18	9.0701e-18
2.9627e+14	1.8583e-17	1.2397e-17
2.9649e+14	5.1204e-19	8.7463e-18
2.9671e+14	8.6569e-19	7.2995e-18
2.9693e+14	1.8215e-17	1.1466e-17
2.9715e+14	6.6552e-18	9.6824e-18
2.9737e+14	-3.5078e-18	6.1545e-18
2.9759e+14	1.4877e-17	1.0313e-17
2.9781e+14	1.4226e-17	1.1616e-17
2.9803e+14	-3.7108e-18	6.3461e-18
2.9825e+14	7.5902e-18	7.4465e-18
2.9846e+14	1.816e-17	1.1435e-17
2.9868e+14	3.0162e-19	7.8803e-18
2.989e+14	8.9205e-19	6.3551e-18
2.9912e+14	1.8517e-17	1.1095e-17
2.9934e+14	7.2474e-18	1.0106e-17
2.9956e+14	-3.2382e-18	6.6664e-18
2.9978e+14	1.442e-17	1.0293e-17
3e+14	1.3618e-17	1.1301e-17
