#Error on normalization	O = 0.516 %	H = 3.609 %
#Frequence (s-1)	S_O (s)	S_H (s)
0	1.0485e-15	2.2486e-16
2.3511e+11	-4.1326e-16	1.3666e-16
4.7022e+11	-7.1259e-16	1.1342e-16
7.0533e+11	1.0834e-15	2.2143e-16
9.4044e+11	-1.0279e-17	1.6447e-16
1.1755e+12	-1.0131e-15	9.7128e-17
1.4107e+12	1.115e-15	2.214e-16
1.6458e+12	5.9117e-16	2.1193e-16
1.8809e+12	-1.3698e-15	8.5039e-17
2.116e+12	1.1057e-15	2.0301e-16
2.3511e+12	1.7957e-15	2.8609e-16
2.5862e+12	-1.5131e-15	1.3042e-16
2.8213e+12	1.4883e-15	2.4013e-16
3.0564e+12	5.7508e-15	4.6341e-16
3.2915e+12	-5.5386e-16	1.9355e-16
3.5266e+12	-9.7145e-16	1.5388e-16
3.7618e+12	1.873e-14	1.0742e-15
3.9969e+12	3.2108e-14	1.7085e-15
4.232e+12	1.9426e-14	1.0953e-15
4.4671e+12	4.5022e-15	4.3174e-16
4.7022e+12	4.664e-15	5.2571e-16
4.9373e+12	5.5381e-15	5.6067e-16
5.1724e+12	2.113e-15	3.3612e-16
5.4075e+12	4.6121e-15	4.6025e-16
5.6426e+12	9.8633e-15	6.9528e-16
5.8777e+12	1.0702e-14	6.5295e-16
6.1129e+12	1.0344e-14	6.6569e-16
6.348e+12	8.4309e-15	7.2095e-16
6.5831e+12	2.9484e-15	5.1597e-16
6.8182e+12	9.5715e-16	4.0663e-16
7.0533e+12	3.8983e-15	5.8165e-16
7.2884e+12	4.0469e-15	5.921e-16
7.5235e+12	2.6622e-15	4.9452e-16
7.7586e+12	4.3148e-15	6.3163e-16
7.9937e+12	4.3035e-15	6.891e-16
8.2288e+12	2.0073e-15	5.5363e-16
8.4639e+12	3.0616e-15	6.6108e-16
8.6991e+12	4.3013e-15	8.3417e-16
8.9342e+12	2.3533e-15	6.9623e-16
9.1693e+12	2.8862e-15	6.5172e-16
9.4044e+12	5.158e-15	8.4602e-16
9.6395e+12	4.0169e-15	8.3481e-16
9.8746e+12	4.8791e-15	8.4321e-16
1.011e+13	9.002e-15	1.1528e-15
1.0345e+13	7.1703e-15	1.1586e-15
1.058e+13	4.7908e-15	9.5198e-16
1.0815e+13	1.5174e-14	1.5332e-15
1.105e+13	3.0272e-14	2.5427e-15
1.1285e+13	3.7002e-14	2.7991e-15
1.152e+13	3.8735e-14	2.5345e-15
1.1755e+13	3.7666e-14	2.4199e-15
1.1991e+13	3.6944e-14	2.4288e-15
1.2226e+13	5.3656e-14	2.9892e-15
1.2461e+13	8.1816e-14	4.2009e-15
1.2696e+13	8.3179e-14	4.5558e-15
1.2931e+13	5.5073e-14	3.5378e-15
1.3166e+13	3.817e-14	2.8134e-15
1.3401e+13	3.9972e-14	2.854e-15
1.3636e+13	3.6598e-14	2.6212e-15
1.3871e+13	3.544e-14	2.6314e-15
1.4107e+13	4.8885e-14	3.4871e-15
1.4342e+13	5.1053e-14	3.5454e-15
1.4577e+13	3.0565e-14	2.2312e-15
1.4812e+13	1.8732e-14	1.611e-15
1.5047e+13	2.5425e-14	2.2132e-15
1.5282e+13	2.5206e-14	2.3783e-15
1.5517e+13	1.5757e-14	2.0518e-15
1.5752e+13	1.6275e-14	2.2863e-15
1.5987e+13	2.2945e-14	2.5997e-15
1.6223e+13	2.1307e-14	2.4167e-15
1.6458e+13	1.5728e-14	2.3586e-15
1.6693e+13	1.6214e-14	2.584e-15
1.6928e+13	2.2008e-14	2.7187e-15
1.7163e+13	2.6292e-14	2.9147e-15
1.7398e+13	2.3523e-14	3.0675e-15
1.7633e+13	1.7603e-14	2.8437e-15
1.7868e+13	1.8339e-14	2.7592e-15
1.8103e+13	2.219e-14	3.0923e-15
1.8339e+13	1.7806e-14	3.1356e-15
1.8574e+13	1.1478e-14	2.9102e-15
1.8809e+13	1.6841e-14	3.1712e-15
1.9044e+13	2.8743e-14	3.7126e-15
1.9279e+13	3.4245e-14	4.0397e-15
1.9514e+13	3.1117e-14	4.2592e-15
1.9749e+13	2.2169e-14	4.1184e-15
1.9984e+13	1.297e-14	3.5426e-15
2.0219e+13	1.1351e-14	3.5047e-15
2.0455e+13	1.4254e-14	4.0964e-15
2.069e+13	1.3918e-14	4.1478e-15
2.0925e+13	1.5905e-14	3.8569e-15
2.116e+13	2.3529e-14	4.2729e-15
2.1395e+13	2.4253e-14	4.8259e-15
2.163e+13	1.7012e-14	4.8245e-15
2.1865e+13	1.8348e-14	5.0811e-15
2.21e+13	2.869e-14	5.8194e-15
2.2335e+13	3.3653e-14	6.1557e-15
2.2571e+13	3.3222e-14	6.0574e-15
2.2806e+13	3.3522e-14	6.126e-15
2.3041e+13	3.2414e-14	6.6711e-15
2.3276e+13	3.3458e-14	7.8106e-15
2.3511e+13	4.1088e-14	8.6022e-15
2.3746e+13	4.372e-14	7.9111e-15
2.3981e+13	3.477e-14	7.1782e-15
2.4216e+13	2.8082e-14	8.1247e-15
2.4451e+13	3.0125e-14	9.1233e-15
2.4687e+13	3.1553e-14	9.0839e-15
2.4922e+13	3.0458e-14	1.004e-14
2.5157e+13	2.9257e-14	1.1584e-14
2.5392e+13	2.4037e-14	1.0983e-14
2.5627e+13	1.9366e-14	1.0055e-14
2.5862e+13	2.3579e-14	1.1824e-14
2.6097e+13	2.7467e-14	1.3645e-14
2.6332e+13	2.2339e-14	1.3255e-14
2.6567e+13	1.9621e-14	1.3535e-14
2.6803e+13	2.4896e-14	1.4857e-14
2.7038e+13	2.7197e-14	1.431e-14
2.7273e+13	2.5178e-14	1.3697e-14
2.7508e+13	2.568e-14	1.5886e-14
2.7743e+13	2.5271e-14	1.7882e-14
2.7978e+13	2.2071e-14	1.7414e-14
2.8213e+13	2.1329e-14	1.7127e-14
2.8448e+13	2.088e-14	1.7928e-14
2.8683e+13	2.0627e-14	1.9142e-14
2.8918e+13	2.8817e-14	2.2058e-14
2.9154e+13	3.7128e-14	2.4411e-14
2.9389e+13	3.0613e-14	2.2032e-14
2.9624e+13	2.4587e-14	1.937e-14
2.9859e+13	3.7084e-14	2.2781e-14
3.0094e+13	4.8937e-14	2.7804e-14
3.0329e+13	4.5212e-14	2.9324e-14
3.0564e+13	4.6072e-14	3.1243e-14
3.0799e+13	5.6891e-14	3.3651e-14
3.1034e+13	5.5645e-14	3.0558e-14
3.127e+13	4.5173e-14	2.5469e-14
3.1505e+13	4.6283e-14	2.616e-14
3.174e+13	5.1775e-14	2.8499e-14
3.1975e+13	4.8049e-14	2.6895e-14
3.221e+13	4.5429e-14	2.6942e-14
3.2445e+13	4.869e-14	3.1407e-14
3.268e+13	4.7534e-14	3.3163e-14
3.2915e+13	4.602e-14	3.0179e-14
3.315e+13	5.1922e-14	2.7573e-14
3.3386e+13	5.4898e-14	2.6179e-14
3.3621e+13	5.1862e-14	2.4972e-14
3.3856e+13	5.5848e-14	2.5705e-14
3.4091e+13	6.3454e-14	2.6852e-14
3.4326e+13	5.9743e-14	2.5864e-14
3.4561e+13	5.0204e-14	2.5981e-14
3.4796e+13	4.679e-14	2.8157e-14
3.5031e+13	4.4615e-14	2.6659e-14
3.5266e+13	3.8632e-14	2.1556e-14
3.5502e+13	3.2947e-14	1.9783e-14
3.5737e+13	2.6866e-14	2.1411e-14
3.5972e+13	1.9804e-14	2.1628e-14
3.6207e+13	1.83e-14	2.1453e-14
3.6442e+13	2.0756e-14	2.2459e-14
3.6677e+13	1.893e-14	2.1341e-14
3.6912e+13	1.6555e-14	1.8329e-14
3.7147e+13	1.9329e-14	1.8071e-14
3.7382e+13	1.951e-14	1.9905e-14
3.7618e+13	1.3087e-14	1.9434e-14
3.7853e+13	9.183e-15	1.6958e-14
3.8088e+13	1.0409e-14	1.5474e-14
3.8323e+13	1.003e-14	1.5541e-14
3.8558e+13	8.1869e-15	1.6416e-14
3.8793e+13	8.23e-15	1.7425e-14
3.9028e+13	7.3463e-15	1.7748e-14
3.9263e+13	4.9198e-15	1.717e-14
3.9498e+13	4.8621e-15	1.5823e-14
3.9734e+13	6.0567e-15	1.4362e-14
3.9969e+13	5.3397e-15	1.4807e-14
4.0204e+13	4.5872e-15	1.7237e-14
4.0439e+13	4.9076e-15	1.8051e-14
4.0674e+13	4.1985e-15	1.6198e-14
4.0909e+13	3.331e-15	1.5088e-14
4.1144e+13	4.0236e-15	1.5339e-14
4.1379e+13	4.3508e-15	1.4571e-14
4.1614e+13	3.5887e-15	1.3886e-14
4.185e+13	3.6519e-15	1.4932e-14
4.2085e+13	3.9087e-15	1.5268e-14
4.232e+13	3.0063e-15	1.4117e-14
4.2555e+13	2.5095e-15	1.427e-14
4.279e+13	2.9295e-15	1.5234e-14
4.3025e+13	2.6762e-15	1.4598e-14
4.326e+13	2.3399e-15	1.3977e-14
4.3495e+13	2.9698e-15	1.4712e-14
4.373e+13	3.054e-15	1.4652e-14
4.3966e+13	2.2254e-15	1.4177e-14
4.4201e+13	2.2355e-15	1.554e-14
4.4436e+13	2.7449e-15	1.6683e-14
4.4671e+13	2.4223e-15	1.5773e-14
4.4906e+13	2.1743e-15	1.595e-14
4.5141e+13	2.5531e-15	1.7952e-14
4.5376e+13	2.3582e-15	1.7878e-14
4.5611e+13	1.764e-15	1.5863e-14
4.5846e+13	1.9188e-15	1.5779e-14
4.6082e+13	2.3081e-15	1.7145e-14
4.6317e+13	2.2221e-15	1.7144e-14
4.6552e+13	2.1236e-15	1.6575e-14
4.6787e+13	2.0961e-15	1.7268e-14
4.7022e+13	1.9702e-15	1.8767e-14
4.7257e+13	2.1439e-15	2.0054e-14
4.7492e+13	2.3532e-15	2.0454e-14
4.7727e+13	1.9992e-15	1.9677e-14
4.7962e+13	1.7057e-15	1.8652e-14
4.8197e+13	1.9212e-15	1.8564e-14
4.8433e+13	1.8602e-15	1.9923e-14
4.8668e+13	1.5077e-15	2.2654e-14
4.8903e+13	1.6539e-15	2.4442e-14
4.9138e+13	1.9199e-15	2.2701e-14
4.9373e+13	1.7435e-15	2.0423e-14
4.9608e+13	1.6661e-15	2.1903e-14
4.9843e+13	1.7541e-15	2.3548e-14
5.0078e+13	1.4774e-15	2.1001e-14
5.0313e+13	1.3223e-15	1.936e-14
5.0549e+13	1.6898e-15	2.2263e-14
5.0784e+13	1.7288e-15	2.272e-14
5.1019e+13	1.2622e-15	1.7874e-14
5.1254e+13	1.2063e-15	1.592e-14
5.1489e+13	1.4814e-15	1.9251e-14
5.1724e+13	1.4022e-15	2.0444e-14
5.1959e+13	1.2794e-15	1.8138e-14
5.2194e+13	1.3969e-15	1.7307e-14
5.2429e+13	1.3012e-15	1.7259e-14
5.2665e+13	1.1022e-15	1.564e-14
5.29e+13	1.2478e-15	1.5423e-14
5.3135e+13	1.359e-15	1.7435e-14
5.337e+13	1.1434e-15	1.8012e-14
5.3605e+13	1.0812e-15	1.7392e-14
5.384e+13	1.23e-15	1.7952e-14
5.4075e+13	1.1716e-15	1.7636e-14
5.431e+13	1.0862e-15	1.5542e-14
5.4545e+13	1.232e-15	1.5424e-14
5.4781e+13	1.2739e-15	1.7239e-14
5.5016e+13	1.145e-15	1.6493e-14
5.5251e+13	1.2005e-15	1.3756e-14
5.5486e+13	1.3087e-15	1.3352e-14
5.5721e+13	1.1775e-15	1.475e-14
5.5956e+13	1.078e-15	1.4817e-14
5.6191e+13	1.1809e-15	1.3966e-14
5.6426e+13	1.1417e-15	1.3678e-14
5.6661e+13	9.3781e-16	1.3351e-14
5.6897e+13	9.8038e-16	1.2643e-14
5.7132e+13	1.2237e-15	1.2207e-14
5.7367e+13	1.2221e-15	1.1916e-14
5.7602e+13	9.8093e-16	1.155e-14
5.7837e+13	8.9398e-16	1.1635e-14
5.8072e+13	1.0256e-15	1.2009e-14
5.8307e+13	1.1017e-15	1.1762e-14
5.8542e+13	1.038e-15	1.1019e-14
5.8777e+13	9.9938e-16	1.0884e-14
5.9013e+13	1.0626e-15	1.1642e-14
5.9248e+13	1.155e-15	1.2257e-14
5.9483e+13	1.2128e-15	1.1799e-14
5.9718e+13	1.1932e-15	1.0777e-14
5.9953e+13	1.0865e-15	1.0262e-14
6.0188e+13	9.915e-16	1.0114e-14
6.0423e+13	1.001e-15	9.6951e-15
6.0658e+13	1.0802e-15	9.7117e-15
6.0893e+13	1.1729e-15	1.0955e-14
6.1129e+13	1.2277e-15	1.2087e-14
6.1364e+13	1.157e-15	1.1455e-14
6.1599e+13	1.0299e-15	1.004e-14
6.1834e+13	1.0543e-15	9.8905e-15
6.2069e+13	1.1658e-15	1.0724e-14
6.2304e+13	1.1078e-15	1.0598e-14
6.2539e+13	9.5321e-16	9.2561e-15
6.2774e+13	9.5869e-16	8.5026e-15
6.3009e+13	1.0794e-15	9.1766e-15
6.3245e+13	1.1416e-15	9.8353e-15
6.348e+13	1.137e-15	9.3491e-15
6.3715e+13	1.0795e-15	8.7925e-15
6.395e+13	9.8793e-16	9.1329e-15
6.4185e+13	9.4674e-16	9.1999e-15
6.442e+13	9.176e-16	8.1442e-15
6.4655e+13	8.5725e-16	7.6036e-15
6.489e+13	9.4925e-16	8.8747e-15
6.5125e+13	1.1842e-15	1.023e-14
6.5361e+13	1.1963e-15	9.7033e-15
6.5596e+13	9.9089e-16	8.4522e-15
6.5831e+13	9.9247e-16	8.6799e-15
6.6066e+13	1.1727e-15	9.875e-15
6.6301e+13	1.1393e-15	9.7624e-15
6.6536e+13	9.2527e-16	8.0689e-15
6.6771e+13	8.0863e-16	6.8763e-15
6.7006e+13	8.3062e-16	7.4177e-15
6.7241e+13	9.6637e-16	8.5796e-15
6.7476e+13	1.1255e-15	8.815e-15
6.7712e+13	1.0524e-15	7.9411e-15
6.7947e+13	7.9462e-16	6.741e-15
6.8182e+13	7.1668e-16	5.994e-15
6.8417e+13	8.1134e-16	6.1063e-15
6.8652e+13	8.1891e-16	6.8656e-15
6.8887e+13	8.1655e-16	7.492e-15
6.9122e+13	8.9852e-16	7.3897e-15
6.9357e+13	8.8492e-16	6.7858e-15
6.9592e+13	8.0179e-16	6.4194e-15
6.9828e+13	8.4097e-16	6.6753e-15
7.0063e+13	8.9646e-16	7.1854e-15
7.0298e+13	8.5999e-16	7.3652e-15
7.0533e+13	8.5262e-16	7.1165e-15
7.0768e+13	8.1863e-16	6.7196e-15
7.1003e+13	6.6941e-16	6.3752e-15
7.1238e+13	6.3495e-16	6.1716e-15
7.1473e+13	7.5023e-16	6.0586e-15
7.1708e+13	7.0459e-16	5.8032e-15
7.1944e+13	5.6386e-16	5.4831e-15
7.2179e+13	6.211e-16	5.5487e-15
7.2414e+13	6.9438e-16	5.8749e-15
7.2649e+13	5.7739e-16	5.7713e-15
7.2884e+13	5.1743e-16	5.2782e-15
7.3119e+13	5.8935e-16	5.0743e-15
7.3354e+13	5.7207e-16	5.1716e-15
7.3589e+13	5.4698e-16	5.1351e-15
7.3824e+13	6.3916e-16	5.0423e-15
7.406e+13	6.2871e-16	5.1018e-15
7.4295e+13	4.9224e-16	5.1866e-15
7.453e+13	4.8941e-16	5.1685e-15
7.4765e+13	5.5222e-16	4.9077e-15
7.5e+13	5.0358e-16	4.435e-15
7.5235e+13	5.0304e-16	4.4193e-15
7.547e+13	5.9203e-16	5.028e-15
7.5705e+13	5.4951e-16	5.0681e-15
7.594e+13	4.4379e-16	4.2464e-15
7.6176e+13	4.8195e-16	4.1677e-15
7.6411e+13	5.4057e-16	5.0414e-15
7.6646e+13	4.9819e-16	4.9316e-15
7.6881e+13	4.7563e-16	3.8189e-15
7.7116e+13	4.8007e-16	3.7843e-15
7.7351e+13	4.3933e-16	4.6518e-15
7.7586e+13	4.389e-16	4.5631e-15
7.7821e+13	4.8892e-16	4.0484e-15
7.8056e+13	4.8754e-16	4.6146e-15
7.8292e+13	4.8924e-16	5.3872e-15
7.8527e+13	5.3382e-16	5.1482e-15
7.8762e+13	5.0693e-16	4.7239e-15
7.8997e+13	4.4694e-16	4.8015e-15
7.9232e+13	4.699e-16	4.7018e-15
7.9467e+13	4.6701e-16	4.2629e-15
7.9702e+13	3.8654e-16	3.9736e-15
7.9937e+13	3.8954e-16	3.782e-15
8.0172e+13	4.5117e-16	3.7637e-15
8.0408e+13	4.2151e-16	4.2503e-15
8.0643e+13	3.8783e-16	4.5776e-15
8.0878e+13	4.1711e-16	4.0659e-15
8.1113e+13	3.8353e-16	3.6461e-15
8.1348e+13	3.3253e-16	4.1033e-15
8.1583e+13	3.8929e-16	4.4446e-15
8.1818e+13	4.2167e-16	4.0196e-15
8.2053e+13	3.5609e-16	3.7606e-15
8.2288e+13	3.5388e-16	4.021e-15
8.2524e+13	4.0365e-16	4.0122e-15
8.2759e+13	3.8207e-16	3.7904e-15
8.2994e+13	3.8005e-16	4.0132e-15
8.3229e+13	4.2224e-16	4.2251e-15
8.3464e+13	3.7548e-16	3.8808e-15
8.3699e+13	3.4436e-16	3.7541e-15
8.3934e+13	4.5243e-16	4.274e-15
8.4169e+13	4.7747e-16	4.4238e-15
8.4404e+13	3.419e-16	3.8324e-15
8.4639e+13	3.1262e-16	3.5441e-15
8.4875e+13	3.8797e-16	3.7758e-15
8.511e+13	3.468e-16	3.6118e-15
8.5345e+13	2.9079e-16	3.2182e-15
8.558e+13	3.4481e-16	3.5266e-15
8.5815e+13	3.4418e-16	4.0701e-15
8.605e+13	2.8948e-16	3.8975e-15
8.6285e+13	3.5333e-16	3.6356e-15
8.652e+13	4.2389e-16	4.122e-15
8.6755e+13	3.734e-16	4.5522e-15
8.6991e+13	3.6186e-16	4.1527e-15
8.7226e+13	4.1575e-16	3.7773e-15
8.7461e+13	3.7782e-16	4.1344e-15
8.7696e+13	3.2356e-16	4.4395e-15
8.7931e+13	3.5878e-16	4.0433e-15
8.8166e+13	3.5054e-16	3.5636e-15
8.8401e+13	2.845e-16	3.6147e-15
8.8636e+13	3.0315e-16	3.8462e-15
8.8871e+13	3.3671e-16	3.7332e-15
8.9107e+13	2.8408e-16	3.4217e-15
8.9342e+13	2.6014e-16	3.4356e-15
8.9577e+13	2.9749e-16	3.8758e-15
8.9812e+13	2.9723e-16	4.2346e-15
9.0047e+13	2.9649e-16	4.1215e-15
9.0282e+13	3.2515e-16	3.8265e-15
9.0517e+13	3.0011e-16	3.7739e-15
9.0752e+13	2.7717e-16	3.8273e-15
9.0987e+13	3.3256e-16	3.6967e-15
9.1223e+13	3.3422e-16	3.6252e-15
9.1458e+13	2.6032e-16	3.973e-15
9.1693e+13	2.8485e-16	4.4366e-15
9.1928e+13	3.5744e-16	4.4928e-15
9.2163e+13	3.1336e-16	4.3272e-15
9.2398e+13	2.5462e-16	4.322e-15
9.2633e+13	2.8049e-16	4.1171e-15
9.2868e+13	2.8269e-16	3.5585e-15
9.3103e+13	2.7383e-16	3.6552e-15
9.3339e+13	3.3715e-16	4.7364e-15
9.3574e+13	3.5449e-16	5.2232e-15
9.3809e+13	2.8713e-16	4.4048e-15
9.4044e+13	2.9645e-16	3.9887e-15
9.4279e+13	3.529e-16	4.6948e-15
9.4514e+13	3.1889e-16	4.7935e-15
9.4749e+13	2.9791e-16	3.9293e-15
9.4984e+13	3.6467e-16	4.0159e-15
9.5219e+13	3.7391e-16	5.0775e-15
9.5455e+13	3.222e-16	5.0874e-15
9.569e+13	3.3455e-16	4.2098e-15
9.5925e+13	3.4949e-16	4.3032e-15
9.616e+13	3.1078e-16	5.0566e-15
9.6395e+13	3.2041e-16	5.0456e-15
9.663e+13	3.6038e-16	4.8167e-15
9.6865e+13	3.4232e-16	5.33e-15
9.71e+13	3.3616e-16	5.6925e-15
9.7335e+13	3.5311e-16	5.0137e-15
9.7571e+13	2.9198e-16	4.2064e-15
9.7806e+13	2.4423e-16	4.384e-15
9.8041e+13	3.2726e-16	5.2281e-15
9.8276e+13	3.9303e-16	5.7135e-15
9.8511e+13	3.5395e-16	5.5195e-15
9.8746e+13	3.5165e-16	5.2968e-15
9.8981e+13	3.9033e-16	5.5537e-15
9.9216e+13	3.582e-16	5.805e-15
9.9451e+13	3.2315e-16	5.5613e-15
9.9687e+13	3.4744e-16	5.2821e-15
9.9922e+13	3.4442e-16	5.3161e-15
1.0016e+14	3.2189e-16	5.2633e-15
1.0039e+14	3.3925e-16	5.1784e-15
1.0063e+14	3.2899e-16	5.565e-15
1.0086e+14	2.9223e-16	6.0077e-15
1.011e+14	3.2785e-16	5.8618e-15
1.0133e+14	3.7788e-16	5.6057e-15
1.0157e+14	3.5874e-16	5.6213e-15
1.018e+14	3.5188e-16	5.2962e-15
1.0204e+14	3.6823e-16	4.7581e-15
1.0227e+14	3.1849e-16	4.9918e-15
1.0251e+14	2.6143e-16	5.4907e-15
1.0274e+14	2.6677e-16	4.9219e-15
1.0298e+14	2.6745e-16	4.0854e-15
1.0321e+14	2.7908e-16	4.6371e-15
1.0345e+14	3.3907e-16	5.6068e-15
1.0368e+14	3.15e-16	5.0406e-15
1.0392e+14	2.0844e-16	3.8802e-15
1.0415e+14	2.2676e-16	4.2481e-15
1.0439e+14	3.156e-16	5.4013e-15
1.0462e+14	2.6903e-16	5.2824e-15
1.0486e+14	2.0906e-16	4.3641e-15
1.0509e+14	2.8241e-16	4.3144e-15
1.0533e+14	3.1796e-16	4.7761e-15
1.0556e+14	2.571e-16	4.6621e-15
1.058e+14	2.6346e-16	4.4943e-15
1.0603e+14	2.9643e-16	4.945e-15
1.0627e+14	2.5492e-16	5.3885e-15
1.065e+14	2.6151e-16	5.4191e-15
1.0674e+14	3.2525e-16	5.3575e-15
1.0697e+14	2.8286e-16	4.9615e-15
1.0721e+14	2.0133e-16	4.1223e-15
1.0745e+14	2.1984e-16	3.9354e-15
1.0768e+14	2.4378e-16	4.8171e-15
1.0792e+14	2.3651e-16	5.4171e-15
1.0815e+14	2.9191e-16	5.0617e-15
1.0839e+14	3.1926e-16	4.7313e-15
1.0862e+14	2.3883e-16	4.7784e-15
1.0886e+14	2.1239e-16	4.5197e-15
1.0909e+14	2.6916e-16	4.1377e-15
1.0933e+14	2.5153e-16	4.34e-15
1.0956e+14	2.1027e-16	4.731e-15
1.098e+14	2.478e-16	4.6035e-15
1.1003e+14	2.5315e-16	4.3535e-15
1.1027e+14	2.1383e-16	4.6602e-15
1.105e+14	2.486e-16	5.2027e-15
1.1074e+14	2.6479e-16	5.1057e-15
1.1097e+14	1.7948e-16	4.2173e-15
1.1121e+14	1.5921e-16	3.4199e-15
1.1144e+14	2.2219e-16	3.4716e-15
1.1168e+14	2.0029e-16	3.9327e-15
1.1191e+14	1.6397e-16	3.981e-15
1.1215e+14	2.2282e-16	3.7054e-15
1.1238e+14	2.2628e-16	3.5669e-15
1.1262e+14	1.5031e-16	3.4737e-15
1.1285e+14	1.7251e-16	3.3077e-15
1.1309e+14	2.2381e-16	3.2247e-15
1.1332e+14	1.5655e-16	3.0702e-15
1.1356e+14	1.0879e-16	2.7684e-15
1.1379e+14	1.6275e-16	2.8537e-15
1.1403e+14	1.7249e-16	3.3785e-15
1.1426e+14	1.4112e-16	3.4495e-15
1.145e+14	1.6311e-16	2.8438e-15
1.1473e+14	1.6083e-16	2.5056e-15
1.1497e+14	1.2491e-16	2.8266e-15
1.152e+14	1.6087e-16	3.0488e-15
1.1544e+14	1.8255e-16	2.6439e-15
1.1567e+14	1.0671e-16	2.0481e-15
1.1591e+14	9.1454e-17	1.9386e-15
1.1614e+14	1.658e-16	2.3594e-15
1.1638e+14	1.5741e-16	2.666e-15
1.1661e+14	1.0382e-16	2.4333e-15
1.1685e+14	1.2888e-16	2.0968e-15
1.1708e+14	1.4142e-16	2.119e-15
1.1732e+14	1.0537e-16	2.1821e-15
1.1755e+14	1.2528e-16	1.9512e-15
1.1779e+14	1.4099e-16	1.7111e-15
1.1803e+14	8.2316e-17	1.6808e-15
1.1826e+14	8.0034e-17	1.6978e-15
1.185e+14	1.3744e-16	1.6997e-15
1.1873e+14	1.0857e-16	1.6754e-15
1.1897e+14	6.8074e-17	1.5039e-15
1.192e+14	1.1872e-16	1.3385e-15
1.1944e+14	1.2662e-16	1.4696e-15
1.1967e+14	7.1567e-17	1.7583e-15
1.1991e+14	1.0233e-16	1.9005e-15
1.2014e+14	1.4785e-16	1.8785e-15
1.2038e+14	9.4146e-17	1.7073e-15
1.2061e+14	7.4156e-17	1.3655e-15
1.2085e+14	1.2539e-16	1.0833e-15
1.2108e+14	1.0548e-16	1.105e-15
1.2132e+14	7.0189e-17	1.3458e-15
1.2155e+14	1.1826e-16	1.5515e-15
1.2179e+14	1.1941e-16	1.5208e-15
1.2202e+14	5.6096e-17	1.3115e-15
1.2226e+14	8.7516e-17	1.2876e-15
1.2249e+14	1.417e-16	1.4936e-15
1.2273e+14	8.4593e-17	1.4412e-15
1.2296e+14	5.1319e-17	1.1107e-15
1.232e+14	1.0535e-16	1.0772e-15
1.2343e+14	9.7061e-17	1.2442e-15
1.2367e+14	5.4163e-17	1.0457e-15
1.239e+14	9.2028e-17	7.9701e-16
1.2414e+14	1.1031e-16	1.0442e-15
1.2437e+14	6.5246e-17	1.3285e-15
1.2461e+14	8.1516e-17	1.1877e-15
1.2484e+14	1.1347e-16	1.0447e-15
1.2508e+14	6.1948e-17	1.1099e-15
1.2531e+14	4.6426e-17	1.0597e-15
1.2555e+14	1.0685e-16	9.8249e-16
1.2578e+14	9.8239e-17	1.085e-15
1.2602e+14	5.2831e-17	1.0721e-15
1.2625e+14	8.3338e-17	8.7594e-16
1.2649e+14	9.6073e-17	8.4149e-16
1.2672e+14	5.084e-17	8.8827e-16
1.2696e+14	6.7373e-17	7.8156e-16
1.2719e+14	1.0217e-16	7.5157e-16
1.2743e+14	5.4986e-17	8.4578e-16
1.2766e+14	3.2631e-17	7.3121e-16
1.279e+14	7.9248e-17	5.373e-16
1.2813e+14	7.1172e-17	6.2301e-16
1.2837e+14	3.9984e-17	7.861e-16
1.2861e+14	7.9567e-17	7.6976e-16
1.2884e+14	9.3029e-17	7.5925e-16
1.2908e+14	4.5634e-17	8.2077e-16
1.2931e+14	5.7288e-17	8.1561e-16
1.2955e+14	9.2136e-17	8.0959e-16
1.2978e+14	5.6417e-17	8.2002e-16
1.3002e+14	4.4435e-17	7.2246e-16
1.3025e+14	9.1185e-17	6.5577e-16
1.3049e+14	8.0809e-17	7.5002e-16
1.3072e+14	4.4874e-17	7.8488e-16
1.3096e+14	7.3313e-17	7.1214e-16
1.3119e+14	8.2865e-17	7.3604e-16
1.3143e+14	4.2883e-17	7.5179e-16
1.3166e+14	5.2823e-17	6.3477e-16
1.319e+14	7.7285e-17	6.3523e-16
1.3213e+14	4.6022e-17	7.6817e-16
1.3237e+14	4.4099e-17	7.2186e-16
1.326e+14	8.0746e-17	5.9242e-16
1.3284e+14	5.7136e-17	6.373e-16
1.3307e+14	3.0695e-17	6.8021e-16
1.3331e+14	7.0778e-17	6.2377e-16
1.3354e+14	7.3438e-17	6.7749e-16
1.3378e+14	3.0041e-17	7.2476e-16
1.3401e+14	5.1433e-17	5.5445e-16
1.3425e+14	7.7934e-17	4.4262e-16
1.3448e+14	3.5933e-17	5.5879e-16
1.3472e+14	3.6025e-17	6.0633e-16
1.3495e+14	8.5997e-17	5.4403e-16
1.3519e+14	6.2765e-17	5.9165e-16
1.3542e+14	2.6957e-17	6.2272e-16
1.3566e+14	6.721e-17	5.2679e-16
1.3589e+14	7.4397e-17	5.3603e-16
1.3613e+14	2.6743e-17	6.2814e-16
1.3636e+14	4.4446e-17	5.4697e-16
1.366e+14	7.8425e-17	4.2474e-16
1.3683e+14	4.252e-17	4.6756e-16
1.3707e+14	3.5394e-17	5.1106e-16
1.373e+14	7.6232e-17	4.7491e-16
1.3754e+14	5.4831e-17	4.9958e-16
1.3777e+14	2.4815e-17	5.342e-16
1.3801e+14	6.4844e-17	5.0005e-16
1.3824e+14	6.9971e-17	4.989e-16
1.3848e+14	2.3943e-17	4.8743e-16
1.3871e+14	4.2517e-17	3.8369e-16
1.3895e+14	7.3029e-17	3.8088e-16
1.3918e+14	3.3621e-17	5.2221e-16
1.3942e+14	2.696e-17	5.2762e-16
1.3966e+14	7.1264e-17	4.0218e-16
1.3989e+14	5.327e-17	4.0409e-16
1.4013e+14	2.3505e-17	4.705e-16
1.4036e+14	6.099e-17	4.5182e-16
1.406e+14	6.5805e-17	4.5618e-16
1.4083e+14	2.3398e-17	4.8628e-16
1.4107e+14	4.46e-17	4.2014e-16
1.413e+14	7.4591e-17	3.7872e-16
1.4154e+14	3.4383e-17	4.5246e-16
1.4177e+14	2.5923e-17	4.6053e-16
1.4201e+14	6.5682e-17	3.8173e-16
1.4224e+14	4.5863e-17	3.8232e-16
1.4248e+14	2.0669e-17	4.0408e-16
1.4271e+14	6.1051e-17	3.5246e-16
1.4295e+14	6.0726e-17	3.4286e-16
1.4318e+14	1.2962e-17	3.8426e-16
1.4342e+14	3.6058e-17	3.6582e-16
1.4365e+14	6.898e-17	3.5126e-16
1.4389e+14	2.6954e-17	3.8141e-16
1.4412e+14	1.8454e-17	3.4891e-16
1.4436e+14	6.3689e-17	3.1413e-16
1.4459e+14	4.5773e-17	3.8644e-16
1.4483e+14	1.4998e-17	4.1909e-16
1.4506e+14	5.3273e-17	3.4146e-16
1.453e+14	5.9397e-17	3.2956e-16
1.4553e+14	1.5736e-17	3.795e-16
1.4577e+14	3.5352e-17	3.4494e-16
1.46e+14	6.6967e-17	3.0614e-16
1.4624e+14	2.9633e-17	3.3685e-16
1.4647e+14	2.2458e-17	3.2037e-16
1.4671e+14	6.1857e-17	2.8088e-16
1.4694e+14	3.791e-17	3.1966e-16
1.4718e+14	5.0513e-18	3.2396e-16
1.4741e+14	4.4149e-17	2.5337e-16
1.4765e+14	5.3656e-17	2.6925e-16
1.4788e+14	1.3455e-17	3.2967e-16
1.4812e+14	3.2142e-17	2.7715e-16
1.4835e+14	6.001e-17	2.2054e-16
1.4859e+14	2.1877e-17	2.6587e-16
1.4882e+14	1.7391e-17	2.8633e-16
1.4906e+14	5.9357e-17	2.5854e-16
1.4929e+14	3.6987e-17	2.7026e-16
1.4953e+14	5.9918e-18	2.6226e-16
1.4976e+14	4.6416e-17	2.27e-16
1.5e+14	5.4347e-17	2.7015e-16
1.5024e+14	1.0812e-17	3.0489e-16
1.5047e+14	3.0133e-17	2.3616e-16
1.5071e+14	6.3399e-17	2.2825e-16
1.5094e+14	2.6117e-17	3.106e-16
1.5118e+14	1.401e-17	2.8077e-16
1.5141e+14	5.1881e-17	2.0021e-16
1.5165e+14	3.6316e-17	2.5567e-16
1.5188e+14	1.0885e-17	3.0671e-16
1.5212e+14	4.6703e-17	2.3398e-16
1.5235e+14	4.9715e-17	2.1686e-16
1.5259e+14	7.3743e-18	2.7884e-16
1.5282e+14	2.5648e-17	2.5498e-16
1.5306e+14	5.4311e-17	2.1177e-16
1.5329e+14	1.9676e-17	2.5063e-16
1.5353e+14	1.7305e-17	2.4834e-16
1.5376e+14	5.8618e-17	1.9012e-16
1.54e+14	3.672e-17	2.0667e-16
1.5423e+14	5.6249e-18	2.3829e-16
1.5447e+14	4.2239e-17	1.971e-16
1.547e+14	4.8034e-17	1.8186e-16
1.5494e+14	7.7748e-18	2.1293e-16
1.5517e+14	2.9542e-17	2.0446e-16
1.5541e+14	6.003e-17	1.9766e-16
1.5564e+14	1.9091e-17	2.1505e-16
1.5588e+14	7.5518e-18	1.8058e-16
1.5611e+14	4.9783e-17	1.5784e-16
1.5635e+14	3.6683e-17	2.1851e-16
1.5658e+14	7.7e-18	2.2675e-16
1.5682e+14	3.921e-17	1.5135e-16
1.5705e+14	4.3515e-17	1.5294e-16
1.5729e+14	3.7308e-18	1.9936e-16
1.5752e+14	2.1621e-17	1.664e-16
1.5776e+14	5.1404e-17	1.5489e-16
1.5799e+14	1.763e-17	2.1254e-16
1.5823e+14	9.4003e-18	1.9609e-16
1.5846e+14	4.6859e-17	1.4363e-16
1.587e+14	3.2706e-17	1.8838e-16
1.5893e+14	8.0283e-18	2.1953e-16
1.5917e+14	3.9237e-17	1.5855e-16
1.594e+14	4.1236e-17	1.4907e-16
1.5964e+14	5.1089e-18	1.9242e-16
1.5987e+14	2.5933e-17	1.6828e-16
1.6011e+14	5.1618e-17	1.5285e-16
1.6034e+14	1.5859e-17	2.0165e-16
1.6058e+14	1.2328e-17	1.895e-16
1.6082e+14	5.0884e-17	1.3714e-16
1.6105e+14	3.0813e-17	1.6443e-16
1.6129e+14	3.3019e-18	1.8491e-16
1.6152e+14	3.8282e-17	1.339e-16
1.6176e+14	4.2948e-17	1.33e-16
1.6199e+14	5.0156e-18	1.697e-16
1.6223e+14	2.3914e-17	1.3343e-16
1.6246e+14	4.9761e-17	1.0603e-16
1.627e+14	1.4366e-17	1.4719e-16
1.6293e+14	1.0455e-17	1.4499e-16
1.6317e+14	4.8613e-17	1.1732e-16
1.634e+14	2.8812e-17	1.5939e-16
1.6364e+14	2.8184e-18	1.7575e-16
1.6387e+14	3.987e-17	1.1875e-16
1.6411e+14	4.4418e-17	1.2307e-16
1.6434e+14	3.6073e-18	1.7367e-16
1.6458e+14	2.1059e-17	1.5189e-16
1.6481e+14	4.9079e-17	1.281e-16
1.6505e+14	1.5103e-17	1.5434e-16
1.6528e+14	9.3749e-18	1.2998e-16
1.6552e+14	4.6954e-17	9.3076e-17
1.6575e+14	2.9408e-17	1.4088e-16
1.6599e+14	3.4813e-18	1.6335e-16
1.6622e+14	3.7975e-17	1.0623e-16
1.6646e+14	4.2722e-17	1.0895e-16
1.6669e+14	3.9623e-18	1.5517e-16
1.6693e+14	1.9788e-17	1.2165e-16
1.6716e+14	4.4528e-17	9.1184e-17
1.674e+14	1.1354e-17	1.3419e-16
1.6763e+14	8.6452e-18	1.3745e-16
1.6787e+14	4.6234e-17	1.0483e-16
1.681e+14	2.6275e-17	1.328e-16
1.6834e+14	-8.6735e-19	1.4714e-16
1.6857e+14	3.4269e-17	1.0548e-16
1.6881e+14	4.0041e-17	1.1995e-16
1.6904e+14	2.3748e-18	1.6097e-16
1.6928e+14	2.0539e-17	1.2393e-16
1.6951e+14	4.8066e-17	9.9558e-17
1.6975e+14	1.4137e-17	1.4175e-16
1.6998e+14	6.8628e-18	1.3121e-16
1.7022e+14	4.2593e-17	8.7273e-17
1.7045e+14	2.5928e-17	1.1613e-16
1.7069e+14	7.6618e-19	1.3558e-16
1.7092e+14	3.389e-17	9.4491e-17
1.7116e+14	3.8826e-17	1.0583e-16
1.7139e+14	1.8966e-18	1.4267e-16
1.7163e+14	1.7712e-17	1.0074e-16
1.7187e+14	4.2097e-17	7.5778e-17
1.721e+14	9.3987e-18	1.2833e-16
1.7234e+14	4.9248e-18	1.3177e-16
1.7257e+14	4.0775e-17	8.9019e-17
1.7281e+14	2.3673e-17	1.0789e-16
1.7304e+14	-9.9287e-19	1.2487e-16
1.7328e+14	3.1381e-17	9.0108e-17
1.7351e+14	3.5462e-17	9.7971e-17
1.7375e+14	7.4441e-19	1.2185e-16
1.7398e+14	2.0013e-17	8.0197e-17
1.7422e+14	4.5206e-17	6.9235e-17
1.7445e+14	1.1101e-17	1.2217e-16
1.7469e+14	5.7504e-18	1.0912e-16
1.7492e+14	4.1461e-17	6.4986e-17
1.7516e+14	2.3206e-17	1.0553e-16
1.7539e+14	-3.0132e-18	1.3103e-16
1.7563e+14	3.0635e-17	7.6589e-17
1.7586e+14	3.8096e-17	7.3945e-17
1.761e+14	2.7961e-18	1.1845e-16
1.7633e+14	1.6685e-17	9.3663e-17
1.7657e+14	3.9279e-17	6.9006e-17
1.768e+14	7.9374e-18	1.0539e-16
1.7704e+14	4.5458e-18	9.9235e-17
1.7727e+14	4.004e-17	6.703e-17
1.7751e+14	2.3741e-17	1.0364e-16
1.7774e+14	-9.5163e-19	1.1836e-16
1.7798e+14	2.8735e-17	6.0075e-17
1.7821e+14	3.1984e-17	6.2829e-17
1.7845e+14	-9.6108e-19	1.1793e-16
1.7868e+14	1.7311e-17	9.6107e-17
1.7892e+14	3.9924e-17	6.0499e-17
1.7915e+14	7.0712e-18	9.1944e-17
1.7939e+14	4.3729e-18	9.8495e-17
1.7962e+14	4.0007e-17	6.9667e-17
1.7986e+14	2.1568e-17	8.8075e-17
1.8009e+14	-3.7306e-18	1.0044e-16
1.8033e+14	2.8773e-17	7.0209e-17
1.8056e+14	3.4134e-17	8.3963e-17
1.808e+14	-4.3262e-19	1.1101e-16
1.8103e+14	1.5764e-17	7.0974e-17
1.8127e+14	3.8996e-17	5.5483e-17
1.815e+14	6.4686e-18	1.0285e-16
1.8174e+14	1.3325e-18	9.2597e-17
1.8197e+14	3.5867e-17	4.9796e-17
1.8221e+14	2.0187e-17	8.1923e-17
1.8245e+14	-3.4672e-18	1.0399e-16
1.8268e+14	2.6638e-17	5.743e-17
1.8292e+14	3.007e-17	5.8389e-17
1.8315e+14	-3.3605e-18	9.8469e-17
1.8339e+14	1.3965e-17	7.3005e-17
1.8362e+14	3.7267e-17	5.2044e-17
1.8386e+14	5.7199e-18	8.976e-17
1.8409e+14	1.8687e-18	8.1654e-17
1.8433e+14	3.6139e-17	4.4277e-17
1.8456e+14	1.9346e-17	7.7261e-17
1.848e+14	-4.6716e-18	9.9051e-17
1.8503e+14	2.6369e-17	5.108e-17
1.8527e+14	3.1463e-17	4.9512e-17
1.855e+14	-1.4097e-18	9.1554e-17
1.8574e+14	1.4649e-17	7.1044e-17
1.8597e+14	3.6915e-17	5.2486e-17
1.8621e+14	5.5944e-18	9.3881e-17
1.8644e+14	1.6742e-18	9.0396e-17
1.8668e+14	3.5498e-17	4.8037e-17
1.8691e+14	1.9056e-17	7.1741e-17
1.8715e+14	-4.817e-18	9.6486e-17
1.8738e+14	2.5489e-17	5.542e-17
1.8762e+14	3.062e-17	4.7181e-17
1.8785e+14	-1.6198e-18	8.026e-17
1.8809e+14	1.3853e-17	6.1976e-17
1.8832e+14	3.5537e-17	4.1707e-17
1.8856e+14	5.5175e-18	7.1839e-17
1.8879e+14	3.0708e-18	6.9252e-17
1.8903e+14	3.6598e-17	4.0678e-17
1.8926e+14	1.8853e-17	6.6142e-17
1.895e+14	-6.1658e-18	8.2707e-17
1.8973e+14	2.3954e-17	4.6477e-17
1.8997e+14	3.003e-17	5.0888e-17
1.902e+14	-2.1332e-18	8.5002e-17
1.9044e+14	1.1642e-17	6.14e-17
1.9067e+14	3.2773e-17	4.1423e-17
1.9091e+14	4.1438e-18	7.1718e-17
1.9114e+14	1.644e-18	6.5253e-17
1.9138e+14	3.402e-17	3.6147e-17
1.9161e+14	1.7852e-17	6.3218e-17
1.9185e+14	-4.7023e-18	7.5701e-17
1.9208e+14	2.4305e-17	3.4617e-17
1.9232e+14	2.8176e-17	4.2678e-17
1.9255e+14	-2.6672e-18	8.4021e-17
1.9279e+14	1.379e-17	6.1901e-17
1.9303e+14	3.4753e-17	4.099e-17
1.9326e+14	3.8854e-18	7.4695e-17
1.935e+14	-1.3616e-19	7.0543e-17
1.9373e+14	3.2063e-17	3.5251e-17
1.9397e+14	1.637e-17	5.5499e-17
1.942e+14	-5.7028e-18	7.1289e-17
1.9444e+14	2.3548e-17	3.5516e-17
1.9467e+14	2.7416e-17	3.7396e-17
1.9491e+14	-3.9237e-18	6.8544e-17
1.9514e+14	1.2046e-17	4.7319e-17
1.9538e+14	3.3862e-17	3.328e-17
1.9561e+14	4.4632e-18	6.6877e-17
1.9585e+14	2.0347e-19	5.9739e-17
1.9608e+14	3.1019e-17	2.7646e-17
1.9632e+14	1.5308e-17	5.2361e-17
1.9655e+14	-5.6633e-18	6.7875e-17
1.9679e+14	2.4115e-17	3.2447e-17
1.9702e+14	2.7944e-17	3.8363e-17
1.9726e+14	-3.8576e-18	7.0951e-17
1.9749e+14	1.1098e-17	4.6843e-17
1.9773e+14	3.2632e-17	3.1804e-17
1.9796e+14	4.0814e-18	6.721e-17
1.982e+14	2.8806e-20	5.9385e-17
1.9843e+14	3.0284e-17	2.4708e-17
1.9867e+14	1.4676e-17	5.0386e-17
1.989e+14	-6.3612e-18	6.9155e-17
1.9914e+14	2.2414e-17	3.3947e-17
1.9937e+14	2.6458e-17	3.8318e-17
1.9961e+14	-3.5344e-18	7.0735e-17
1.9984e+14	1.1848e-17	4.449e-17
2.0008e+14	3.2228e-17	2.4895e-17
2.0031e+14	3.7985e-18	6.1317e-17
2.0055e+14	9.1819e-19	6.0227e-17
2.0078e+14	3.1106e-17	2.6487e-17
2.0102e+14	1.4975e-17	4.6473e-17
2.0125e+14	-5.3401e-18	6.49e-17
2.0149e+14	2.4e-17	3.4356e-17
2.0172e+14	2.6928e-17	3.7318e-17
2.0196e+14	-4.017e-18	6.567e-17
2.0219e+14	1.237e-17	4.3158e-17
2.0243e+14	3.357e-17	2.8083e-17
2.0266e+14	3.4522e-18	5.8523e-17
2.029e+14	-1.1457e-18	4.9459e-17
2.0313e+14	3.0279e-17	1.8269e-17
2.0337e+14	1.5533e-17	4.4478e-17
2.0361e+14	-6.6036e-18	6.0952e-17
2.0384e+14	2.0904e-17	2.4774e-17
2.0408e+14	2.5208e-17	2.857e-17
2.0431e+14	-4.6362e-18	6.1522e-17
2.0455e+14	1.0306e-17	3.9239e-17
2.0478e+14	3.1471e-17	2.2841e-17
2.0502e+14	3.8526e-18	5.755e-17
2.0525e+14	3.8054e-20	5.3098e-17
2.0549e+14	3.0033e-17	1.7709e-17
2.0572e+14	1.4984e-17	3.7979e-17
2.0596e+14	-6.5858e-18	5.8859e-17
2.0619e+14	2.065e-17	3.0158e-17
2.0643e+14	2.4946e-17	3.1305e-17
2.0666e+14	-4.4857e-18	5.8408e-17
2.069e+14	9.7555e-18	3.8625e-17
2.0713e+14	3.006e-17	2.5859e-17
2.0737e+14	2.8258e-18	5.7635e-17
2.076e+14	-6.3078e-19	5.2408e-17
2.0784e+14	2.9247e-17	2.1613e-17
2.0807e+14	1.4887e-17	4.053e-17
2.0831e+14	-5.781e-18	5.363e-17
2.0854e+14	2.1397e-17	2.354e-17
2.0878e+14	2.5452e-17	2.9619e-17
2.0901e+14	-3.9902e-18	5.6954e-17
2.0925e+14	1.0056e-17	3.3462e-17
2.0948e+14	3.0512e-17	2.0014e-17
2.0972e+14	3.3519e-18	5.1222e-17
2.0995e+14	-1.2883e-18	4.2766e-17
2.1019e+14	2.7784e-17	1.3028e-17
2.1042e+14	1.4423e-17	3.9023e-17
2.1066e+14	-6.1846e-18	5.5393e-17
2.1089e+14	1.9076e-17	2.1072e-17
2.1113e+14	2.2839e-17	2.4021e-17
2.1136e+14	-4.8544e-18	5.3739e-17
2.116e+14	9.4127e-18	3.2385e-17
2.1183e+14	2.9162e-17	1.7785e-17
2.1207e+14	3.1999e-18	4.8522e-17
2.123e+14	-3.7068e-19	4.1777e-17
2.1254e+14	2.7252e-17	1.2719e-17
2.1277e+14	1.2688e-17	3.7318e-17
2.1301e+14	-6.6346e-18	5.2466e-17
2.1324e+14	2.0104e-17	1.8511e-17
2.1348e+14	2.3469e-17	2.2613e-17
2.1371e+14	-5.5832e-18	5.1881e-17
2.1395e+14	7.977e-18	2.7447e-17
2.1418e+14	2.8133e-17	1.1321e-17
2.1442e+14	2.593e-18	4.6107e-17
2.1466e+14	-1.4269e-18	4.4042e-17
2.1489e+14	2.6286e-17	1.3685e-17
2.1513e+14	1.3104e-17	3.4879e-17
2.1536e+14	-5.9881e-18	5.0752e-17
2.156e+14	1.9168e-17	1.8776e-17
2.1583e+14	2.2337e-17	2.3013e-17
2.1607e+14	-5.0955e-18	5.3717e-17
2.163e+14	8.6338e-18	3.1008e-17
2.1654e+14	2.7652e-17	1.2539e-17
2.1677e+14	2.5019e-18	4.5028e-17
2.1701e+14	-5.1307e-19	4.5213e-17
2.1724e+14	2.6348e-17	1.5224e-17
2.1748e+14	1.1541e-17	3.1835e-17
2.1771e+14	-7.8101e-18	4.7036e-17
2.1795e+14	1.8235e-17	2.0364e-17
2.1818e+14	2.2328e-17	2.6305e-17
2.1842e+14	-4.7372e-18	5.3682e-17
2.1865e+14	8.7827e-18	2.996e-17
2.1889e+14	2.7598e-17	1.2081e-17
2.1912e+14	2.3888e-18	4.2267e-17
2.1936e+14	-8.4255e-19	4.1036e-17
2.1959e+14	2.6325e-17	1.3732e-17
2.1983e+14	1.2525e-17	3.1617e-17
2.2006e+14	-6.8314e-18	4.2947e-17
2.203e+14	1.795e-17	1.136e-17
2.2053e+14	2.1626e-17	1.5603e-17
2.2077e+14	-5.0494e-18	4.4867e-17
2.21e+14	7.7806e-18	2.5357e-17
2.2124e+14	2.5663e-17	1.1594e-17
2.2147e+14	1.0297e-18	4.2904e-17
2.2171e+14	-1.2899e-18	3.9051e-17
2.2194e+14	2.5753e-17	8.5598e-18
2.2218e+14	1.165e-17	2.8008e-17
2.2241e+14	-7.6553e-18	4.5695e-17
2.2265e+14	1.7103e-17	1.7017e-17
2.2288e+14	2.0862e-17	1.665e-17
2.2312e+14	-5.4647e-18	4.1959e-17
2.2335e+14	7.8921e-18	2.4271e-17
2.2359e+14	2.6673e-17	1.082e-17
2.2382e+14	2.3886e-18	3.8568e-17
2.2406e+14	-1.1763e-18	3.5966e-17
2.2429e+14	2.4862e-17	1.1032e-17
2.2453e+14	1.1735e-17	2.9431e-17
2.2476e+14	-6.7316e-18	4.1204e-17
2.25e+14	1.7297e-17	1.3333e-17
2.2524e+14	2.0918e-17	1.8399e-17
2.2547e+14	-4.7656e-18	4.3591e-17
2.2571e+14	7.6044e-18	2.2894e-17
2.2594e+14	2.4835e-17	1.1097e-17
2.2618e+14	1.1063e-18	4.0914e-17
2.2641e+14	-1.3463e-18	3.4749e-17
2.2665e+14	2.4165e-17	5.7802e-18
2.2688e+14	1.0511e-17	2.5439e-17
2.2712e+14	-7.2881e-18	3.9911e-17
2.2735e+14	1.6852e-17	1.1979e-17
2.2759e+14	1.9521e-17	1.6789e-17
2.2782e+14	-6.4933e-18	4.3161e-17
2.2806e+14	6.7693e-18	2.2159e-17
2.2829e+14	2.5138e-17	8.7946e-18
2.2853e+14	1.8426e-18	4.0255e-17
2.2876e+14	-9.6644e-19	3.8516e-17
2.29e+14	2.4339e-17	1.062e-17
2.2923e+14	1.1175e-17	2.6458e-17
2.2947e+14	-6.3346e-18	3.7742e-17
2.297e+14	1.7564e-17	1.0686e-17
2.2994e+14	2.0383e-17	1.7621e-17
2.3017e+14	-5.3518e-18	4.3975e-17
2.3041e+14	7.3441e-18	2.1028e-17
2.3064e+14	2.5025e-17	5.5775e-18
2.3088e+14	1.6921e-18	3.545e-17
2.3111e+14	-1.2684e-18	3.2873e-17
2.3135e+14	2.378e-17	6.7237e-18
2.3158e+14	1.1031e-17	2.7662e-17
2.3182e+14	-6.1103e-18	4.2613e-17
2.3205e+14	1.7607e-17	1.2794e-17
2.3229e+14	2.0818e-17	1.4831e-17
2.3252e+14	-4.2264e-18	4.1496e-17
2.3276e+14	7.8838e-18	2.1468e-17
2.3299e+14	2.4453e-17	5.3885e-18
2.3323e+14	1.0891e-18	3.3883e-17
2.3346e+14	-1.5073e-18	3.2968e-17
2.337e+14	2.3554e-17	7.0191e-18
2.3393e+14	1.1156e-17	2.479e-17
2.3417e+14	-5.7184e-18	3.9179e-17
2.344e+14	1.7211e-17	1.2214e-17
2.3464e+14	1.9604e-17	1.4815e-17
2.3487e+14	-5.1022e-18	4.0367e-17
2.3511e+14	7.7377e-18	2.1915e-17
2.3534e+14	2.4531e-17	7.5769e-18
2.3558e+14	9.8967e-19	3.4286e-17
2.3582e+14	-1.9255e-18	3.0905e-17
2.3605e+14	2.3037e-17	4.6545e-18
2.3629e+14	1.0841e-17	2.2893e-17
2.3652e+14	-6.1117e-18	3.77e-17
2.3676e+14	1.6492e-17	1.1346e-17
2.3699e+14	1.8824e-17	1.3861e-17
2.3723e+14	-6.1338e-18	3.8604e-17
2.3746e+14	6.387e-18	1.9363e-17
2.377e+14	2.42e-17	4.0005e-18
2.3793e+14	2.251e-18	3.0401e-17
2.3817e+14	-9.1264e-19	2.8817e-17
2.384e+14	2.2821e-17	4.2307e-18
2.3864e+14	1.0717e-17	2.1646e-17
2.3887e+14	-6.0009e-18	3.532e-17
2.3911e+14	1.573e-17	9.0985e-18
2.3934e+14	1.8276e-17	1.1161e-17
2.3958e+14	-4.9399e-18	3.5553e-17
2.3981e+14	7.7455e-18	1.8644e-17
2.4005e+14	2.3866e-17	6.0846e-18
2.4028e+14	1.3994e-18	3.1938e-17
2.4052e+14	-9.2717e-19	2.7874e-17
2.4075e+14	2.2692e-17	2.3522e-18
2.4099e+14	9.6316e-18	2.0719e-17
2.4122e+14	-7.0252e-18	3.5844e-17
2.4146e+14	1.5931e-17	1.0794e-17
2.4169e+14	1.9338e-17	1.3801e-17
2.4193e+14	-4.3306e-18	3.9024e-17
2.4216e+14	7.5105e-18	2.1468e-17
2.424e+14	2.3707e-17	6.0882e-18
2.4263e+14	1.4317e-18	3.0349e-17
2.4287e+14	-1.8458e-18	2.8079e-17
2.431e+14	2.1256e-17	3.3091e-18
2.4334e+14	9.73e-18	1.8929e-17
2.4357e+14	-5.5469e-18	3.2984e-17
2.4381e+14	1.6399e-17	9.9642e-18
2.4404e+14	1.8197e-17	1.1902e-17
2.4428e+14	-5.558e-18	3.3007e-17
2.4451e+14	6.8913e-18	1.5873e-17
2.4475e+14	2.3218e-17	5.1257e-18
2.4498e+14	8.8279e-19	3.0655e-17
2.4522e+14	-2.1123e-18	2.637e-17
2.4545e+14	2.1625e-17	2.0241e-18
2.4569e+14	1.0264e-17	1.9389e-17
2.4592e+14	-6.0371e-18	3.1945e-17
2.4616e+14	1.516e-17	6.4676e-18
2.4639e+14	1.8069e-17	1.0028e-17
2.4663e+14	-4.6149e-18	3.4864e-17
2.4687e+14	6.8964e-18	1.7537e-17
2.471e+14	2.2397e-17	2.8924e-18
2.4734e+14	9.8187e-19	2.7022e-17
2.4757e+14	-1.5854e-18	2.5342e-17
2.4781e+14	2.1281e-17	2.1731e-18
2.4804e+14	9.9464e-18	1.7341e-17
2.4828e+14	-5.6024e-18	2.9012e-17
2.4851e+14	1.5163e-17	5.3771e-18
2.4875e+14	1.7572e-17	9.2495e-18
2.4898e+14	-4.1297e-18	3.2187e-17
2.4922e+14	8.1252e-18	1.4572e-17
2.4945e+14	2.2819e-17	1.395e-18
2.4969e+14	6.66e-19	2.5716e-17
2.4992e+14	-1.5809e-18	2.333e-17
2.5016e+14	2.165e-17	9.8241e-19
2.5039e+14	1.0323e-17	1.7898e-17
2.5063e+14	-5.0509e-18	2.9677e-17
2.5086e+14	1.5795e-17	4.1488e-18
2.511e+14	1.7433e-17	6.89e-18
2.5133e+14	-5.5325e-18	3.1739e-17
2.5157e+14	6.4609e-18	1.6911e-17
2.518e+14	2.2322e-17	3.5983e-18
2.5204e+14	1.0232e-18	2.5768e-17
2.5227e+14	-1.8098e-18	2.2809e-17
2.5251e+14	2.081e-17	1.1917e-18
2.5274e+14	9.7922e-18	1.8024e-17
2.5298e+14	-5.3983e-18	2.9801e-17
2.5321e+14	1.5533e-17	5.2017e-18
2.5345e+14	1.8071e-17	7.9227e-18
2.5368e+14	-4.5033e-18	3.1248e-17
2.5392e+14	6.2598e-18	1.5333e-17
2.5415e+14	2.1401e-17	2.2012e-18
2.5439e+14	1.0688e-18	2.505e-17
2.5462e+14	-1.3353e-18	2.232e-17
2.5486e+14	2.0411e-17	-1.8137e-19
2.5509e+14	9.0523e-18	1.5868e-17
2.5533e+14	-5.8727e-18	2.8949e-17
2.5556e+14	1.477e-17	5.9895e-18
2.558e+14	1.7088e-17	7.4056e-18
2.5603e+14	-5.1341e-18	2.8165e-17
2.5627e+14	5.6869e-18	1.2181e-17
2.565e+14	2.0841e-17	8.5185e-19
2.5674e+14	1.2569e-18	2.5051e-17
2.5697e+14	-5.6954e-19	2.2902e-17
2.5721e+14	2.0933e-17	-2.906e-19
2.5745e+14	9.4667e-18	1.3924e-17
2.5768e+14	-5.2667e-18	2.6763e-17
2.5792e+14	1.5108e-17	5.602e-18
2.5815e+14	1.7143e-17	7.5425e-18
2.5839e+14	-4.6759e-18	2.7423e-17
2.5862e+14	6.6476e-18	1.204e-17
2.5886e+14	2.174e-17	1.4716e-18
2.5909e+14	1.6287e-18	2.3919e-17
2.5933e+14	-8.0689e-19	2.0243e-17
2.5956e+14	2.0545e-17	-1.2178e-18
2.598e+14	9.415e-18	1.5088e-17
2.6003e+14	-5.3004e-18	2.7085e-17
2.6027e+14	1.4729e-17	3.99e-18
2.605e+14	1.6907e-17	5.8813e-18
2.6074e+14	-4.5163e-18	2.7152e-17
2.6097e+14	6.6126e-18	1.2193e-17
2.6121e+14	2.1229e-17	5.6302e-19
2.6144e+14	8.6123e-19	2.2784e-17
2.6168e+14	-1.7115e-18	2.0924e-17
2.6191e+14	1.9939e-17	6.1101e-19
2.6215e+14	9.5934e-18	1.5442e-17
2.6238e+14	-4.7261e-18	2.5972e-17
2.6262e+14	1.5369e-17	3.5502e-18
2.6285e+14	1.805e-17	6.4048e-18
2.6309e+14	-3.1737e-18	2.7814e-17
2.6332e+14	7.2691e-18	1.3327e-17
2.6356e+14	2.1701e-17	1.9823e-18
2.6379e+14	1.9969e-18	2.3119e-17
2.6403e+14	-6.4107e-19	2.0087e-17
2.6426e+14	2.026e-17	-3.8563e-19
2.645e+14	9.679e-18	1.4472e-17
2.6473e+14	-4.9579e-18	2.517e-17
2.6497e+14	1.4279e-17	3.2526e-18
2.652e+14	1.676e-17	5.535e-18
2.6544e+14	-4.0811e-18	2.5409e-17
2.6567e+14	6.1638e-18	1.0898e-17
2.6591e+14	2.046e-17	9.4898e-19
2.6614e+14	1.3225e-18	2.2309e-17
2.6638e+14	-1.1731e-18	1.8489e-17
2.6661e+14	1.9496e-17	-1.7738e-18
2.6685e+14	9.5412e-18	1.3803e-17
2.6708e+14	-4.4788e-18	2.446e-17
2.6732e+14	1.4189e-17	2.6269e-18
2.6755e+14	1.6241e-17	5.8049e-18
2.6779e+14	-4.0098e-18	2.6151e-17
2.6803e+14	6.6269e-18	1.1139e-17
2.6826e+14	2.0891e-17	8.6163e-19
2.685e+14	2.1244e-18	2.2477e-17
2.6873e+14	-1.8137e-19	1.8555e-17
2.6897e+14	1.984e-17	-2.2479e-18
2.692e+14	9.2744e-18	1.3492e-17
2.6944e+14	-4.7225e-18	2.5106e-17
2.6967e+14	1.4191e-17	3.6597e-18
2.6991e+14	1.6436e-17	6.1219e-18
2.7014e+14	-3.8436e-18	2.5386e-17
2.7038e+14	6.5319e-18	9.4188e-18
2.7061e+14	2.0782e-17	-1.154e-18
2.7085e+14	2.14e-18	2.1563e-17
2.7108e+14	-4.5344e-19	1.9082e-17
2.7132e+14	1.9446e-17	-1.8183e-18
2.7155e+14	9.4193e-18	1.3115e-17
2.7179e+14	-4.3588e-18	2.4905e-17
2.7202e+14	1.4217e-17	3.5279e-18
2.7226e+14	1.659e-17	5.2751e-18
2.7249e+14	-3.4389e-18	2.5197e-17
2.7273e+14	6.4595e-18	1.1078e-17
2.7296e+14	2.0291e-17	2.3996e-19
2.732e+14	1.6078e-18	2.0955e-17
2.7343e+14	-1.4647e-18	1.8192e-17
2.7367e+14	1.8407e-17	-1.7191e-18
2.739e+14	9.7785e-18	1.2864e-17
2.7414e+14	-3.1281e-18	2.3695e-17
2.7437e+14	1.4696e-17	2.2728e-18
2.7461e+14	1.6893e-17	4.1257e-18
2.7484e+14	-2.268e-18	2.3867e-17
2.7508e+14	7.3166e-18	9.666e-18
2.7531e+14	2.0071e-17	-1.5028e-18
2.7555e+14	1.773e-18	1.9174e-17
2.7578e+14	-3.1108e-19	1.7549e-17
2.7602e+14	1.9182e-17	-1.7703e-18
2.7625e+14	9.3941e-18	1.1592e-17
2.7649e+14	-4.1928e-18	2.1851e-17
2.7672e+14	1.364e-17	1.6331e-18
2.7696e+14	1.648e-17	3.8294e-18
2.7719e+14	-2.2424e-18	2.2753e-17
2.7743e+14	6.638e-18	9.2278e-18
2.7766e+14	1.8827e-17	-4.0148e-19
2.779e+14	1.6017e-18	2.0078e-17
2.7813e+14	6.8769e-19	1.7468e-17
2.7837e+14	1.9603e-17	-1.7016e-18
2.7861e+14	8.7031e-18	1.1866e-17
2.7884e+14	-4.7796e-18	2.1469e-17
2.7908e+14	1.3836e-17	1.1214e-18
2.7931e+14	1.679e-17	4.0923e-18
2.7955e+14	-2.5438e-18	2.3118e-17
2.7978e+14	6.1693e-18	8.586e-18
2.8002e+14	1.9215e-17	-1.7396e-18
2.8025e+14	2.4856e-18	1.9058e-17
2.8049e+14	6.4928e-19	1.668e-17
2.8072e+14	1.9057e-17	-2.9922e-18
2.8096e+14	9.4934e-18	1.0671e-17
2.8119e+14	-3.1152e-18	2.1525e-17
2.8143e+14	1.4181e-17	1.4878e-18
2.8166e+14	1.598e-17	3.1033e-18
2.819e+14	-2.535e-18	2.1894e-17
2.8213e+14	7.1963e-18	9.0919e-18
2.8237e+14	2.0047e-17	-7.0284e-19
2.826e+14	2.7092e-18	1.8582e-17
2.8284e+14	4.076e-19	1.5726e-17
2.8307e+14	1.8542e-17	-2.7346e-18
2.8331e+14	9.3081e-18	1.1172e-17
2.8354e+14	-2.6515e-18	2.0865e-17
2.8378e+14	1.4756e-17	4.4446e-19
2.8401e+14	1.6156e-17	3.0416e-18
2.8425e+14	-2.7818e-18	2.2541e-17
2.8448e+14	6.7134e-18	9.0526e-18
2.8472e+14	1.9726e-17	-1.7164e-18
2.8495e+14	2.7521e-18	1.8125e-17
2.8519e+14	5.6703e-19	1.6535e-17
2.8542e+14	1.8901e-17	-2.41e-18
2.8566e+14	9.9201e-18	1.0148e-17
2.8589e+14	-2.9105e-18	2.0524e-17
2.8613e+14	1.306e-17	1.6769e-18
2.8636e+14	1.4933e-17	3.8333e-18
2.866e+14	-2.043e-18	2.2077e-17
2.8683e+14	7.6823e-18	8.4784e-18
2.8707e+14	1.9098e-17	-2.6172e-18
2.873e+14	1.673e-18	1.6398e-17
2.8754e+14	5.5876e-19	1.5461e-17
2.8777e+14	1.9281e-17	-2.2591e-18
2.8801e+14	9.722e-18	9.9923e-18
2.8824e+14	-3.0853e-18	1.9934e-17
2.8848e+14	1.3576e-17	1.5392e-18
2.8871e+14	1.5331e-17	3.0449e-18
2.8895e+14	-2.7282e-18	2.0167e-17
2.8918e+14	6.7539e-18	7.9097e-18
2.8942e+14	1.9434e-17	-1.0331e-18
2.8966e+14	2.7069e-18	1.7321e-17
2.8989e+14	4.7511e-19	1.4416e-17
2.9013e+14	1.8273e-17	-3.4099e-18
2.9036e+14	9.4051e-18	9.5864e-18
2.906e+14	-2.6928e-18	1.9259e-17
2.9083e+14	1.3793e-17	5.3543e-19
2.9107e+14	1.5576e-17	2.5779e-18
2.913e+14	-2.4909e-18	2.0072e-17
2.9154e+14	6.015e-18	7.2538e-18
2.9177e+14	1.8026e-17	-2.2462e-18
2.9201e+14	2.0073e-18	1.6833e-17
2.9224e+14	4.4015e-19	1.5365e-17
2.9248e+14	1.812e-17	-2.3746e-18
2.9271e+14	9.4421e-18	9.2127e-18
2.9295e+14	-2.2324e-18	1.8241e-17
2.9318e+14	1.4007e-17	2.0056e-19
2.9342e+14	1.5477e-17	2.5153e-18
2.9365e+14	-2.1729e-18	1.9672e-17
2.9389e+14	7.0061e-18	7.0463e-18
2.9412e+14	1.9368e-17	-2.173e-18
2.9436e+14	3.0592e-18	1.657e-17
2.9459e+14	4.9554e-19	1.4831e-17
2.9483e+14	1.7516e-17	-2.8255e-18
2.9506e+14	9.2451e-18	8.9522e-18
2.953e+14	-2.1549e-18	1.8631e-17
2.9553e+14	1.3634e-17	1.0574e-18
2.9577e+14	1.5293e-17	2.4432e-18
2.96e+14	-1.5325e-18	1.8714e-17
2.9624e+14	7.4215e-18	7.0923e-18
2.9647e+14	1.887e-17	-1.2058e-18
2.9671e+14	2.6185e-18	1.6325e-17
2.9694e+14	6.2197e-19	1.3481e-17
2.9718e+14	1.7558e-17	-3.243e-18
2.9741e+14	9.0351e-18	9.4041e-18
2.9765e+14	-2.3197e-18	1.8436e-17
2.9788e+14	1.3381e-17	5.6558e-19
2.9812e+14	1.4992e-17	2.9367e-18
2.9835e+14	-1.5438e-18	1.9649e-17
2.9859e+14	7.3911e-18	6.9555e-18
2.9882e+14	1.8409e-17	-2.2777e-18
2.9906e+14	2.3928e-18	1.5871e-17
2.9929e+14	1.3977e-18	1.3996e-17
2.9953e+14	1.8554e-17	-3.0808e-18
2.9976e+14	8.7908e-18	8.7934e-18
3e+14	-3.5583e-18	1.8117e-17
