#Error on normalization	O = 4.420 %	H = 1.150 %
#Frequence (s-1)	S_O (s)	S_H (s)
0	-1.9846e-15	-1.3548e-16
7.2185e+10	-1.1843e-15	-7.7253e-17
1.4437e+11	5.7642e-16	5.0325e-17
2.1655e+11	1.888e-15	1.441e-16
2.8874e+11	1.6978e-15	1.2836e-16
3.6092e+11	1.5333e-16	1.6197e-17
4.3311e+11	-1.5113e-15	-1.0097e-16
5.0529e+11	-1.9591e-15	-1.2745e-16
5.7748e+11	-8.2055e-16	-4.0909e-17
6.4966e+11	1.0039e-15	8.9075e-17
7.2185e+11	2.0563e-15	1.5708e-16
7.9403e+11	1.4864e-15	1.0723e-16
8.6622e+11	-2.6043e-16	-2.1102e-17
9.384e+11	-1.7877e-15	-1.2452e-16
1.0106e+12	-1.8595e-15	-1.1901e-16
1.0828e+12	-3.9686e-16	-8.244e-18
1.155e+12	1.4437e-15	1.1876e-16
1.2271e+12	2.1832e-15	1.5923e-16
1.2993e+12	1.2072e-15	7.9986e-17
1.3715e+12	-7.2316e-16	-5.4921e-17
1.4437e+12	-2.0596e-15	-1.3528e-16
1.5159e+12	-1.7006e-15	-9.3892e-17
1.5881e+12	1.0944e-16	3.8154e-17
1.6603e+12	1.9466e-15	1.5539e-16
1.7324e+12	2.3292e-15	1.627e-16
1.8046e+12	9.1422e-16	5.2887e-17
1.8768e+12	-1.196e-15	-8.5982e-17
1.949e+12	-2.3045e-15	-1.4059e-16
2.0212e+12	-1.4759e-15	-6.4189e-17
2.0934e+12	6.8297e-16	8.4027e-17
2.1655e+12	2.4646e-15	1.8486e-16
2.2377e+12	2.407e-15	1.5495e-16
2.3099e+12	4.8849e-16	1.5672e-17
2.3821e+12	-1.7984e-15	-1.2136e-16
2.4543e+12	-2.5951e-15	-1.4261e-16
2.5265e+12	-1.1678e-15	-2.5052e-17
2.5987e+12	1.4477e-15	1.4201e-16
2.6708e+12	3.2016e-15	2.2553e-16
2.743e+12	2.6403e-15	1.5502e-16
2.8152e+12	1.1385e-16	-1.7742e-17
2.8874e+12	-2.4091e-15	-1.555e-16
2.9596e+12	-2.841e-15	-1.4251e-16
3.0318e+12	-6.5529e-16	2.1355e-17
3.1039e+12	2.589e-15	2.15e-16
3.1761e+12	4.364e-15	2.8707e-16
3.2483e+12	3.1389e-15	1.7509e-16
3.3205e+12	-3.1451e-16	-4.0238e-17
3.3927e+12	-3.3584e-15	-1.9132e-16
3.4649e+12	-3.4416e-15	-1.5129e-16
3.5371e+12	-1.3816e-16	6.3695e-17
3.6092e+12	4.334e-15	2.9895e-16
3.6814e+12	6.669e-15	3.7635e-16
3.7536e+12	5.1137e-15	2.4006e-16
3.8258e+12	1.2974e-15	2.569e-17
3.898e+12	-2.1878e-16	-3.9653e-18
3.9702e+12	5.3743e-15	3.7802e-16
4.0423e+12	1.9822e-14	1.2042e-15
4.1145e+12	4.0002e-14	2.2606e-15
4.1867e+12	5.8892e-14	3.1752e-15
4.2589e+12	6.886e-14	3.5942e-15
4.3311e+12	6.5456e-14	3.3476e-15
4.4033e+12	4.9603e-14	2.5192e-15
4.4755e+12	2.7087e-14	1.3975e-15
4.5476e+12	5.7858e-15	3.4577e-16
4.6198e+12	-7.8358e-15	-3.4024e-16
4.692e+12	-1.1228e-14	-5.3185e-16
4.7642e+12	-6.2554e-15	-2.9428e-16
4.8364e+12	2.2551e-15	1.5749e-16
4.9086e+12	9.0317e-15	5.5528e-16
4.9808e+12	1.0748e-14	6.9397e-16
5.0529e+12	7.2902e-15	5.2326e-16
5.1251e+12	1.4276e-15	1.697e-16
5.1973e+12	-2.9035e-15	-1.3284e-16
5.2695e+12	-2.876e-15	-1.7904e-16
5.3417e+12	1.5786e-15	7.9023e-17
5.4139e+12	7.7308e-15	4.9387e-16
5.486e+12	1.1807e-14	8.1372e-16
5.5582e+12	1.1628e-14	8.5718e-16
5.6304e+12	8.4951e-15	6.5963e-16
5.7026e+12	6.9213e-15	4.8328e-16
5.7748e+12	1.2045e-14	6.6516e-16
5.847e+12	2.6137e-14	1.3894e-15
5.9192e+12	4.6437e-14	2.5331e-15
5.9913e+12	6.5947e-14	3.6973e-15
6.0635e+12	7.6972e-14	4.4164e-15
6.1357e+12	7.5345e-14	4.4175e-15
6.2079e+12	6.2671e-14	3.7627e-15
6.2801e+12	4.5143e-14	2.7875e-15
6.3523e+12	2.9738e-14	1.8833e-15
6.4244e+12	2.0338e-14	1.2785e-15
6.4966e+12	1.6347e-14	9.627e-16
6.5688e+12	1.4514e-14	7.8851e-16
6.641e+12	1.2413e-14	6.5646e-16
6.7132e+12	1.0872e-14	6.3119e-16
6.7854e+12	1.3505e-14	8.9917e-16
6.8576e+12	2.3764e-14	1.6055e-15
6.9297e+12	4.1793e-14	2.7025e-15
7.0019e+12	6.3562e-14	3.9346e-15
7.0741e+12	8.2985e-14	4.9766e-15
7.1463e+12	9.551e-14	5.6246e-15
7.2185e+12	1.0056e-13	5.8975e-15
7.2907e+12	1.0112e-13	5.9772e-15
7.3628e+12	1.0103e-13	6.0429e-15
7.435e+12	1.0213e-13	6.1339e-15
7.5072e+12	1.0359e-13	6.1515e-15
7.5794e+12	1.0372e-13	5.9935e-15
7.6516e+12	1.0267e-13	5.706e-15
7.7238e+12	1.0351e-13	5.5165e-15
7.796e+12	1.1059e-13	5.705e-15
7.8681e+12	1.2624e-13	6.3967e-15
7.9403e+12	1.4828e-13	7.4347e-15
8.0125e+12	1.7046e-13	8.4339e-15
8.0847e+12	1.8566e-13	8.9917e-15
8.1569e+12	1.8957e-13	8.91e-15
8.2291e+12	1.8247e-13	8.278e-15
8.3013e+12	1.6787e-13	7.3667e-15
8.3734e+12	1.4944e-13	6.4245e-15
8.4456e+12	1.2871e-13	5.5301e-15
8.5178e+12	1.0528e-13	4.6042e-15
8.59e+12	7.9087e-14	3.5546e-15
8.6622e+12	5.2492e-14	2.4229e-15
8.7344e+12	3.0138e-14	1.4084e-15
8.8065e+12	1.6389e-14	7.4458e-16
8.8787e+12	1.2267e-14	5.2772e-16
8.9509e+12	1.4421e-14	6.3606e-16
9.0231e+12	1.7178e-14	8.0809e-16
9.0953e+12	1.6278e-14	8.2208e-16
9.1675e+12	1.1515e-14	6.3949e-16
9.2397e+12	6.2887e-15	4.0438e-16
9.3118e+12	4.4757e-15	3.0575e-16
9.384e+12	7.1568e-15	4.1763e-16
9.4562e+12	1.1841e-14	6.4607e-16
9.5284e+12	1.4782e-14	8.2204e-16
9.6006e+12	1.4434e-14	8.5821e-16
9.6728e+12	1.3083e-14	8.3442e-16
9.7449e+12	1.5123e-14	9.3515e-16
9.8171e+12	2.3231e-14	1.2861e-15
9.8893e+12	3.5529e-14	1.825e-15
9.9615e+12	4.6251e-14	2.319e-15
1.0034e+13	4.9696e-14	2.5279e-15
1.0106e+13	4.4573e-14	2.3887e-15
1.0178e+13	3.5351e-14	2.0779e-15
1.025e+13	2.9428e-14	1.8985e-15
1.0322e+13	3.2155e-14	2.0757e-15
1.0395e+13	4.3463e-14	2.6197e-15
1.0467e+13	5.8619e-14	3.3576e-15
1.0539e+13	7.237e-14	4.0999e-15
1.0611e+13	8.3044e-14	4.7955e-15
1.0683e+13	9.3205e-14	5.5379e-15
1.0756e+13	1.063e-13	6.4132e-15
1.0828e+13	1.2219e-13	7.3225e-15
1.09e+13	1.3556e-13	7.9509e-15
1.0972e+13	1.3913e-13	7.9491e-15
1.1044e+13	1.2967e-13	7.2151e-15
1.1116e+13	1.1198e-13	6.0593e-15
1.1189e+13	9.7363e-14	5.0941e-15
1.1261e+13	9.6746e-14	4.8813e-15
1.1333e+13	1.1302e-13	5.5631e-15
1.1405e+13	1.3826e-13	6.7382e-15
1.1477e+13	1.5819e-13	7.691e-15
1.155e+13	1.6126e-13	7.8369e-15
1.1622e+13	1.4614e-13	7.0891e-15
1.1694e+13	1.225e-13	5.8985e-15
1.1766e+13	1.0431e-13	4.9414e-15
1.1838e+13	1.005e-13	4.6698e-15
1.191e+13	1.0921e-13	5.0312e-15
1.1983e+13	1.196e-13	5.537e-15
1.2055e+13	1.1952e-13	5.6139e-15
1.2127e+13	1.037e-13	4.9849e-15
1.2199e+13	7.6708e-14	3.8232e-15
1.2271e+13	4.9413e-14	2.6012e-15
1.2344e+13	3.1766e-14	1.77e-15
1.2416e+13	2.7284e-14	1.5069e-15
1.2488e+13	3.2571e-14	1.6867e-15
1.256e+13	4.1309e-14	2.0512e-15
1.2632e+13	4.8986e-14	2.4136e-15
1.2705e+13	5.4791e-14	2.736e-15
1.2777e+13	5.9887e-14	3.0498e-15
1.2849e+13	6.4399e-14	3.327e-15
1.2921e+13	6.6266e-14	3.444e-15
1.2993e+13	6.3116e-14	3.2836e-15
1.3065e+13	5.5411e-14	2.8858e-15
1.3138e+13	4.7709e-14	2.4965e-15
1.321e+13	4.6372e-14	2.4415e-15
1.3282e+13	5.5075e-14	2.898e-15
1.3354e+13	7.16e-14	3.7403e-15
1.3426e+13	8.8726e-14	4.5944e-15
1.3499e+13	9.8921e-14	5.0821e-15
1.3571e+13	9.9504e-14	5.0832e-15
1.3643e+13	9.4335e-14	4.8151e-15
1.3715e+13	9.0614e-14	4.6608e-15
1.3787e+13	9.3094e-14	4.8639e-15
1.3859e+13	1.0007e-13	5.3186e-15
1.3932e+13	1.0432e-13	5.6217e-15
1.4004e+13	9.8463e-14	5.3604e-15
1.4076e+13	8.0899e-14	4.4334e-15
1.4148e+13	5.7851e-14	3.1696e-15
1.422e+13	3.9943e-14	2.1492e-15
1.4293e+13	3.5536e-14	1.8444e-15
1.4365e+13	4.5425e-14	2.3227e-15
1.4437e+13	6.2437e-14	3.2124e-15
1.4509e+13	7.603e-14	3.9446e-15
1.4581e+13	7.8635e-14	4.1002e-15
1.4654e+13	6.9592e-14	3.634e-15
1.4726e+13	5.4529e-14	2.8481e-15
1.4798e+13	4.1238e-14	2.1644e-15
1.487e+13	3.5158e-14	1.8699e-15
1.4942e+13	3.7258e-14	1.9969e-15
1.5014e+13	4.4956e-14	2.3839e-15
1.5087e+13	5.4607e-14	2.8297e-15
1.5159e+13	6.3502e-14	3.2158e-15
1.5231e+13	7.0326e-14	3.522e-15
1.5303e+13	7.4547e-14	3.7633e-15
1.5375e+13	7.5855e-14	3.9261e-15
1.5448e+13	7.4242e-14	3.9628e-15
1.552e+13	7.0353e-14	3.8369e-15
1.5592e+13	6.5369e-14	3.5625e-15
1.5664e+13	6.0278e-14	3.2002e-15
1.5736e+13	5.5246e-14	2.8184e-15
1.5808e+13	4.9942e-14	2.4695e-15
1.5881e+13	4.483e-14	2.2065e-15
1.5953e+13	4.2225e-14	2.1183e-15
1.6025e+13	4.5712e-14	2.3229e-15
1.6097e+13	5.7652e-14	2.8891e-15
1.6169e+13	7.632e-14	3.7312e-15
1.6242e+13	9.5142e-14	4.5711e-15
1.6314e+13	1.0542e-13	5.0403e-15
1.6386e+13	1.0144e-13	4.8903e-15
1.6458e+13	8.4614e-14	4.1778e-15
1.653e+13	6.3599e-14	3.2793e-15
1.6603e+13	4.9555e-14	2.6906e-15
1.6675e+13	4.945e-14	2.7238e-15
1.6747e+13	6.179e-14	3.3056e-15
1.6819e+13	7.782e-14	4.0255e-15
1.6891e+13	8.7498e-14	4.4141e-15
1.6963e+13	8.6145e-14	4.262e-15
1.7036e+13	7.717e-14	3.7543e-15
1.7108e+13	6.9035e-14	3.322e-15
1.718e+13	6.8792e-14	3.3189e-15
1.7252e+13	7.6935e-14	3.7593e-15
1.7324e+13	8.7277e-14	4.3113e-15
1.7397e+13	9.1779e-14	4.5477e-15
1.7469e+13	8.6621e-14	4.2671e-15
1.7541e+13	7.4928e-14	3.6433e-15
1.7613e+13	6.4209e-14	3.0905e-15
1.7685e+13	6.0529e-14	2.9479e-15
1.7757e+13	6.3911e-14	3.2212e-15
1.783e+13	6.8411e-14	3.5777e-15
1.7902e+13	6.6797e-14	3.5981e-15
1.7974e+13	5.6213e-14	3.0961e-15
1.8046e+13	4.0573e-14	2.2648e-15
1.8118e+13	2.7867e-14	1.543e-15
1.8191e+13	2.4418e-14	1.3004e-15
1.8263e+13	3.035e-14	1.5775e-15
1.8335e+13	3.954e-14	2.0668e-15
1.8407e+13	4.3999e-14	2.3426e-15
1.8479e+13	3.9394e-14	2.1635e-15
1.8551e+13	2.7769e-14	1.6266e-15
1.8624e+13	1.5689e-14	1.0713e-15
1.8696e+13	9.4395e-15	8.1959e-16
1.8768e+13	1.0857e-14	9.5225e-16
1.884e+13	1.6651e-14	1.2787e-15
1.8912e+13	2.1328e-14	1.5048e-15
1.8985e+13	2.1242e-14	1.4552e-15
1.9057e+13	1.6774e-14	1.1824e-15
1.9129e+13	1.1315e-14	8.9285e-16
1.9201e+13	8.2489e-15	7.6787e-16
1.9273e+13	8.4437e-15	8.2911e-16
1.9346e+13	1.006e-14	9.4674e-16
1.9418e+13	1.0503e-14	9.6831e-16
1.949e+13	8.6882e-15	8.5133e-16
1.9562e+13	5.7736e-15	6.9032e-16
1.9634e+13	3.9249e-15	6.245e-16
1.9706e+13	4.3321e-15	7.1159e-16
1.9779e+13	6.1977e-15	8.7631e-16
1.9851e+13	7.485e-15	9.7425e-16
1.9923e+13	6.7014e-15	9.13e-16
1.9995e+13	4.1633e-15	7.2753e-16
2.0067e+13	1.6983e-15	5.4847e-16
2.014e+13	1.0866e-15	4.9388e-16
2.0212e+13	2.58e-15	5.7712e-16
2.0284e+13	4.7285e-15	7.0605e-16
2.0356e+13	5.6198e-15	7.6908e-16
2.0428e+13	4.4664e-15	7.306e-16
2.05e+13	2.2197e-15	6.5408e-16
2.0573e+13	7.3284e-16	6.3654e-16
2.0645e+13	1.2029e-15	7.1556e-16
2.0717e+13	3.1948e-15	8.3298e-16
2.0789e+13	5.0342e-15	8.8803e-16
2.0861e+13	5.2081e-15	8.326e-16
2.0934e+13	3.5974e-15	7.2245e-16
2.1006e+13	1.5322e-15	6.7514e-16
2.1078e+13	6.5952e-16	7.6733e-16
2.115e+13	1.5846e-15	9.6038e-16
2.1222e+13	3.4101e-15	1.1228e-15
2.1295e+13	4.5253e-15	1.1372e-15
2.1367e+13	3.9622e-15	1.0037e-15
2.1439e+13	2.1825e-15	8.5016e-16
2.1511e+13	6.5939e-16	8.3389e-16
2.1583e+13	6.2579e-16	1.0113e-15
2.1655e+13	2.0446e-15	1.2839e-15
2.1728e+13	3.6529e-15	1.4698e-15
2.18e+13	4.0291e-15	1.448e-15
2.1872e+13	2.786e-15	1.2579e-15
2.1944e+13	8.9767e-16	1.0719e-15
2.2016e+13	-1.0232e-16	1.0581e-15
2.2089e+13	6.1536e-16	1.2441e-15
2.2161e+13	2.4936e-15	1.4938e-15
2.2233e+13	4.0418e-15	1.6192e-15
2.2305e+13	4.0434e-15	1.5383e-15
2.2377e+13	2.5258e-15	1.349e-15
2.2449e+13	7.1025e-16	1.2561e-15
2.2522e+13	1.1473e-18	1.4067e-15
2.2594e+13	8.5488e-16	1.7664e-15
2.2666e+13	2.4472e-15	2.1401e-15
2.2738e+13	3.3885e-15	2.3234e-15
2.281e+13	2.8778e-15	2.2656e-15
2.2883e+13	1.3413e-15	2.1134e-15
2.2955e+13	4.8098e-17	2.0984e-15
2.3027e+13	4.1796e-17	2.3572e-15
2.3099e+13	1.2816e-15	2.8245e-15
2.3171e+13	2.6948e-15	3.2812e-15
2.3244e+13	3.079e-15	3.5147e-15
2.3316e+13	2.0966e-15	3.4631e-15
2.3388e+13	5.404e-16	3.2367e-15
2.346e+13	-3.3502e-16	3.0137e-15
2.3532e+13	1.5092e-16	2.9108e-15
2.3604e+13	1.5601e-15	2.937e-15
2.3677e+13	2.7215e-15	3.053e-15
2.3749e+13	2.7121e-15	3.2598e-15
2.3821e+13	1.6115e-15	3.6127e-15
2.3893e+13	4.1092e-16	4.1365e-15
2.3965e+13	1.6372e-16	4.7264e-15
2.4038e+13	1.0963e-15	5.1572e-15
2.411e+13	2.4195e-15	5.2369e-15
2.4182e+13	2.9945e-15	5.0024e-15
2.4254e+13	2.2931e-15	4.7792e-15
2.4326e+13	8.513e-16	5.003e-15
2.4398e+13	-1.6319e-16	5.8896e-15
2.4471e+13	8.6976e-17	7.1916e-15
2.4543e+13	1.4137e-15	8.2603e-15
2.4615e+13	2.7502e-15	8.4257e-15
2.4687e+13	3.0212e-15	7.4606e-15
2.4759e+13	2.0221e-15	5.7985e-15
2.4832e+13	5.864e-16	4.3221e-15
2.4904e+13	-9.4195e-17	3.8402e-15
2.4976e+13	5.5892e-16	4.6029e-15
2.5048e+13	2.0427e-15	6.1856e-15
2.512e+13	3.1834e-15	7.8099e-15
2.5192e+13	3.0866e-15	8.8504e-15
2.5265e+13	1.8508e-15	9.1596e-15
2.5337e+13	4.6905e-16	9.0002e-15
2.5409e+13	1.2219e-17	8.7034e-15
2.5481e+13	7.6784e-16	8.3854e-15
2.5553e+13	2.0337e-15	7.9873e-15
2.5626e+13	2.7211e-15	7.5939e-15
2.5698e+13	2.2585e-15	7.7012e-15
2.577e+13	1.051e-15	9.0842e-15
2.5842e+13	1.2614e-16	1.2233e-14
2.5914e+13	2.7024e-16	1.6724e-14
2.5987e+13	1.3733e-15	2.1073e-14
2.6059e+13	2.5207e-15	2.3338e-14
2.6131e+13	2.7502e-15	2.2225e-14
2.6203e+13	1.845e-15	1.8013e-14
2.6275e+13	5.121e-16	1.2616e-14
2.6347e+13	-1.9666e-16	8.6548e-15
2.642e+13	2.596e-16	8.0597e-15
2.6492e+13	1.4815e-15	1.1069e-14
2.6564e+13	2.4718e-15	1.6276e-14
2.6636e+13	2.4612e-15	2.1665e-14
2.6708e+13	1.5343e-15	2.5901e-14
2.6781e+13	5.4624e-16	2.901e-14
2.6853e+13	4.0558e-16	3.2009e-14
2.6925e+13	1.3186e-15	3.5814e-14
2.6997e+13	2.6156e-15	4.027e-14
2.7069e+13	3.2972e-15	4.4029e-14
2.7141e+13	2.8484e-15	4.54e-14
2.7214e+13	1.6534e-15	4.3551e-14
2.7286e+13	6.7803e-16	3.9218e-14
2.7358e+13	6.8732e-16	3.4379e-14
2.743e+13	1.6392e-15	3.1122e-14
2.7502e+13	2.7427e-15	3.0453e-14
2.7575e+13	3.1191e-15	3.1835e-14
2.7647e+13	2.5146e-15	3.3721e-14
2.7719e+13	1.4851e-15	3.4685e-14
2.7791e+13	9.1556e-16	3.4368e-14
2.7863e+13	1.2872e-15	3.3638e-14
2.7936e+13	2.2989e-15	3.3926e-14
2.8008e+13	3.1456e-15	3.6206e-14
2.808e+13	3.2052e-15	4.0279e-14
2.8152e+13	2.551e-15	4.476e-14
2.8224e+13	1.8636e-15	4.7742e-14
2.8296e+13	1.826e-15	4.772e-14
2.8369e+13	2.5213e-15	4.4335e-14
2.8441e+13	3.3483e-15	3.8626e-14
2.8513e+13	3.5343e-15	3.2716e-14
2.8585e+13	2.815e-15	2.9064e-14
2.8657e+13	1.7056e-15	2.9495e-14
2.873e+13	1.1152e-15	3.4354e-14
2.8802e+13	1.6091e-15	4.215e-14
2.8874e+13	2.9211e-15	4.9985e-14
2.8946e+13	4.1281e-15	5.4764e-14
2.9018e+13	4.364e-15	5.4699e-14
2.909e+13	3.5036e-15	5.034e-14
2.9163e+13	2.2651e-15	4.4422e-14
2.9235e+13	1.6429e-15	4.0428e-14
2.9307e+13	2.1224e-15	4.0582e-14
2.9379e+13	3.3014e-15	4.4444e-14
2.9451e+13	4.2203e-15	4.9095e-14
2.9524e+13	4.1295e-15	5.092e-14
2.9596e+13	3.0816e-15	4.797e-14
2.9668e+13	1.8798e-15	4.138e-14
2.974e+13	1.4363e-15	3.484e-14
2.9812e+13	2.0596e-15	3.2331e-14
2.9885e+13	3.2372e-15	3.554e-14
2.9957e+13	4.0658e-15	4.2627e-14
3.0029e+13	3.9677e-15	4.9249e-14
3.0101e+13	3.1139e-15	5.1206e-14
3.0173e+13	2.2328e-15	4.7048e-14
3.0245e+13	1.99e-15	3.895e-14
3.0318e+13	2.4593e-15	3.1278e-14
3.039e+13	3.1108e-15	2.7837e-14
3.0462e+13	3.2974e-15	2.9579e-14
3.0534e+13	2.8148e-15	3.4245e-14
3.0606e+13	2.0638e-15	3.8073e-14
3.0679e+13	1.6897e-15	3.8328e-14
3.0751e+13	2.0189e-15	3.4958e-14
3.0823e+13	2.7755e-15	3.0355e-14
3.0895e+13	3.3182e-15	2.7524e-14
3.0967e+13	3.1944e-15	2.8027e-14
3.1039e+13	2.538e-15	3.1099e-14
3.1112e+13	1.9672e-15	3.4427e-14
3.1184e+13	2.0627e-15	3.5881e-14
3.1256e+13	2.8607e-15	3.4917e-14
3.1328e+13	3.7909e-15	3.2707e-14
3.14e+13	4.1221e-15	3.1032e-14
3.1473e+13	3.5565e-15	3.0882e-14
3.1545e+13	2.4815e-15	3.1795e-14
3.1617e+13	1.6696e-15	3.2367e-14
3.1689e+13	1.6627e-15	3.1441e-14
3.1761e+13	2.3444e-15	2.9021e-14
3.1833e+13	3.0453e-15	2.6234e-14
3.1906e+13	3.0948e-15	2.4425e-14
3.1978e+13	2.3684e-15	2.4122e-14
3.205e+13	1.3856e-15	2.4691e-14
3.2122e+13	8.8185e-16	2.4901e-14
3.2194e+13	1.2105e-15	2.396e-14
3.2267e+13	2.0631e-15	2.2173e-14
3.2339e+13	2.732e-15	2.0741e-14
3.2411e+13	2.6941e-15	2.0826e-14
3.2483e+13	2.0308e-15	2.2617e-14
3.2555e+13	1.343e-15	2.5087e-14
3.2628e+13	1.2367e-15	2.6638e-14
3.27e+13	1.8095e-15	2.6179e-14
3.2772e+13	2.5665e-15	2.3857e-14
3.2844e+13	2.8346e-15	2.0963e-14
3.2916e+13	2.3322e-15	1.9095e-14
3.2988e+13	1.4223e-15	1.9187e-14
3.3061e+13	8.3376e-16	2.1042e-14
3.3133e+13	1.0759e-15	2.3623e-14
3.3205e+13	2.0201e-15	2.5797e-14
3.3277e+13	2.9908e-15	2.699e-14
3.3349e+13	3.2905e-15	2.7323e-14
3.3422e+13	2.7373e-15	2.7248e-14
3.3494e+13	1.7859e-15	2.7054e-14
3.3566e+13	1.1453e-15	2.6638e-14
3.3638e+13	1.2147e-15	2.5693e-14
3.371e+13	1.7945e-15	2.4104e-14
3.3782e+13	2.2949e-15	2.2195e-14
3.3855e+13	2.2502e-15	2.0623e-14
3.3927e+13	1.7068e-15	1.9997e-14
3.3999e+13	1.1644e-15	2.0515e-14
3.4071e+13	1.1325e-15	2.187e-14
3.4143e+13	1.6838e-15	2.3469e-14
3.4216e+13	2.3817e-15	2.4768e-14
3.4288e+13	2.6441e-15	2.5497e-14
3.436e+13	2.235e-15	2.5638e-14
3.4432e+13	1.469e-15	2.5269e-14
3.4504e+13	9.5465e-16	2.4434e-14
3.4577e+13	1.0873e-15	2.3162e-14
3.4649e+13	1.7165e-15	2.1578e-14
3.4721e+13	2.2682e-15	1.9969e-14
3.4793e+13	2.2256e-15	1.8709e-14
3.4865e+13	1.5705e-15	1.8088e-14
3.4937e+13	8.1624e-16	1.8173e-14
3.501e+13	5.9718e-16	1.884e-14
3.5082e+13	1.1482e-15	1.9907e-14
3.5154e+13	2.1006e-15	2.1262e-14
3.5226e+13	2.7641e-15	2.2825e-14
3.5298e+13	2.6703e-15	2.4377e-14
3.5371e+13	1.9359e-15	2.5452e-14
3.5443e+13	1.1559e-15	2.5458e-14
3.5515e+13	9.188e-16	2.4053e-14
3.5587e+13	1.3428e-15	2.1551e-14
3.5659e+13	2.0089e-15	1.9004e-14
3.5731e+13	2.3347e-15	1.7793e-14
3.5804e+13	2.0702e-15	1.8869e-14
3.5876e+13	1.5005e-15	2.2103e-14
3.5948e+13	1.1879e-15	2.6188e-14
3.602e+13	1.4753e-15	2.9238e-14
3.6092e+13	2.1711e-15	2.9776e-14
3.6165e+13	2.6872e-15	2.7521e-14
3.6237e+13	2.5228e-15	2.349e-14
3.6309e+13	1.694e-15	1.9372e-14
3.6381e+13	7.483e-16	1.6581e-14
3.6453e+13	3.4164e-16	1.5592e-14
3.6526e+13	7.1895e-16	1.5936e-14
3.6598e+13	1.5221e-15	1.6772e-14
3.667e+13	2.0846e-15	1.7565e-14
3.6742e+13	1.974e-15	1.8368e-14
3.6814e+13	1.3381e-15	1.9554e-14
3.6886e+13	7.7115e-16	2.1262e-14
3.6959e+13	8.0969e-16	2.305e-14
3.7031e+13	1.475e-15	2.4082e-14
3.7103e+13	2.2411e-15	2.3725e-14
3.7175e+13	2.4614e-15	2.2116e-14
3.7247e+13	1.9062e-15	2.0227e-14
3.732e+13	9.7041e-16	1.931e-14
3.7392e+13	3.7255e-16	2.0077e-14
3.7464e+13	5.8436e-16	2.2182e-14
3.7536e+13	1.4494e-15	2.4394e-14
3.7608e+13	2.3017e-15	2.5377e-14
3.768e+13	2.4922e-15	2.4551e-14
3.7753e+13	1.9003e-15	2.2451e-14
3.7825e+13	1.0215e-15	2.034e-14
3.7897e+13	5.6334e-16	1.935e-14
3.7969e+13	8.7794e-16	1.9757e-14
3.8041e+13	1.6876e-15	2.087e-14
3.8114e+13	2.32e-15	2.1591e-14
3.8186e+13	2.2557e-15	2.1215e-14
3.8258e+13	1.5435e-15	1.9902e-14
3.833e+13	7.5142e-16	1.8499e-14
3.8402e+13	5.0028e-16	1.7888e-14
3.8474e+13	9.6552e-16	1.8355e-14
3.8547e+13	1.7487e-15	1.9447e-14
3.8619e+13	2.2159e-15	2.0397e-14
3.8691e+13	2.0182e-15	2.0755e-14
3.8763e+13	1.3671e-15	2.0743e-14
3.8835e+13	8.4479e-16	2.1042e-14
3.8908e+13	9.1295e-16	2.2188e-14
3.898e+13	1.5279e-15	2.4045e-14
3.9052e+13	2.178e-15	2.5789e-14
3.9124e+13	2.3089e-15	2.6429e-14
3.9196e+13	1.7839e-15	2.5511e-14
3.9269e+13	1.0015e-15	2.3479e-14
3.9341e+13	5.7385e-16	2.1425e-14
3.9413e+13	8.3309e-16	2.0393e-14
3.9485e+13	1.567e-15	2.0737e-14
3.9557e+13	2.1981e-15	2.1963e-14
3.9629e+13	2.2535e-15	2.3151e-14
3.9702e+13	1.7406e-15	2.3616e-14
3.9774e+13	1.1241e-15	2.3314e-14
3.9846e+13	9.3064e-16	2.2734e-14
3.9918e+13	1.3123e-15	2.2399e-14
3.999e+13	1.9277e-15	2.24e-14
4.0063e+13	2.2345e-15	2.2351e-14
4.0135e+13	1.9461e-15	2.1772e-14
4.0207e+13	1.2732e-15	2.0597e-14
4.0279e+13	7.5084e-16	1.9336e-14
4.0351e+13	7.9544e-16	1.8757e-14
4.0423e+13	1.3586e-15	1.9275e-14
4.0496e+13	1.9637e-15	2.055e-14
4.0568e+13	2.096e-15	2.1627e-14
4.064e+13	1.6243e-15	2.1576e-14
4.0712e+13	9.1037e-16	2.0183e-14
4.0784e+13	5.1577e-16	1.8186e-14
4.0857e+13	7.4723e-16	1.6833e-14
4.0929e+13	1.4111e-15	1.7057e-14
4.1001e+13	1.974e-15	1.8817e-14
4.1073e+13	1.9946e-15	2.1078e-14
4.1145e+13	1.4732e-15	2.2445e-14
4.1218e+13	8.3752e-16	2.2038e-14
4.129e+13	5.8392e-16	2.0011e-14
4.1362e+13	8.7389e-16	1.7406e-14
4.1434e+13	1.4156e-15	1.5478e-14
4.1506e+13	1.7213e-15	1.4976e-14
4.1578e+13	1.5201e-15	1.5831e-14
4.1651e+13	9.832e-16	1.7396e-14
4.1723e+13	5.7499e-16	1.8966e-14
4.1795e+13	6.6003e-16	2.0165e-14
4.1867e+13	1.1926e-15	2.0956e-14
4.1939e+13	1.7474e-15	2.1368e-14
4.2012e+13	1.8657e-15	2.1239e-14
4.2084e+13	1.4301e-15	2.0262e-14
4.2156e+13	7.591e-16	1.8295e-14
4.2228e+13	3.4652e-16	1.5675e-14
4.23e+13	4.6207e-16	1.3214e-14
4.2372e+13	9.4164e-16	1.1801e-14
4.2445e+13	1.3365e-15	1.1856e-14
4.2517e+13	1.2928e-15	1.3033e-14
4.2589e+13	8.4385e-16	1.4402e-14
4.2661e+13	3.7481e-16	1.5021e-14
4.2733e+13	2.9272e-16	1.4511e-14
4.2806e+13	6.795e-16	1.324e-14
4.2878e+13	1.2185e-15	1.201e-14
4.295e+13	1.4557e-15	1.1464e-14
4.3022e+13	1.1775e-15	1.1654e-14
4.3094e+13	5.9033e-16	1.2054e-14
4.3167e+13	1.5262e-16	1.1989e-14
4.3239e+13	1.9719e-16	1.1157e-14
4.3311e+13	6.5812e-16	9.8627e-15
4.3383e+13	1.1284e-15	8.8047e-15
4.3455e+13	1.2001e-15	8.588e-15
4.3527e+13	8.0499e-16	9.3003e-15
4.36e+13	2.7134e-16	1.0445e-14
4.3672e+13	4.9469e-17	1.1256e-14
4.3744e+13	3.3315e-16	1.1172e-14
4.3816e+13	8.9203e-16	1.0149e-14
4.3888e+13	1.2568e-15	8.6361e-15
4.3961e+13	1.1065e-15	7.2747e-15
4.4033e+13	5.3836e-16	6.5221e-15
4.4105e+13	-4.4604e-18	6.444e-15
4.4177e+13	-9.2284e-17	6.7572e-15
4.4249e+13	3.3904e-16	7.0522e-15
4.4321e+13	9.3233e-16	7.0375e-15
4.4394e+13	1.198e-15	6.6718e-15
4.4466e+13	9.1293e-16	6.1441e-15
4.4538e+13	3.0374e-16	5.7443e-15
4.461e+13	-1.3622e-16	5.7036e-15
4.4682e+13	-4.7597e-17	6.0753e-15
4.4755e+13	5.0264e-16	6.6991e-15
4.4827e+13	1.075e-15	7.2639e-15
4.4899e+13	1.2127e-15	7.4503e-15
4.4971e+13	8.0918e-16	7.0971e-15
4.5043e+13	1.8955e-16	6.3044e-15
4.5115e+13	-1.5694e-16	5.4026e-15
4.5188e+13	2.7176e-17	4.784e-15
4.526e+13	5.6586e-16	4.6853e-15
4.5332e+13	1.0032e-15	5.054e-15
4.5404e+13	9.8167e-16	5.5952e-15
4.5476e+13	5.3325e-16	5.9709e-15
4.5549e+13	4.5959e-17	6.0182e-15
4.5621e+13	-6.2196e-17	5.8309e-15
4.5693e+13	3.093e-16	5.6472e-15
4.5765e+13	8.6095e-16	5.6351e-15
4.5837e+13	1.1418e-15	5.7489e-15
4.591e+13	9.2251e-16	5.7778e-15
4.5982e+13	3.8465e-16	5.5522e-15
4.6054e+13	-2.8217e-17	5.1376e-15
4.6126e+13	2.543e-17	4.8404e-15
4.6198e+13	5.0599e-16	4.9944e-15
4.627e+13	1.0268e-15	5.6784e-15
4.6343e+13	1.1717e-15	6.5919e-15
4.6415e+13	8.3362e-16	7.2127e-15
4.6487e+13	2.9781e-16	7.1476e-15
4.6559e+13	3.6721e-18	6.4262e-15
4.6631e+13	1.8387e-16	5.5109e-15
4.6704e+13	6.779e-16	4.9988e-15
4.6776e+13	1.0711e-15	5.2196e-15
4.6848e+13	1.0412e-15	6.0223e-15
4.692e+13	6.2503e-16	6.9034e-15
4.6992e+13	1.8604e-16	7.382e-15
4.7064e+13	1.115e-16	7.3403e-15
4.7137e+13	4.9184e-16	7.0836e-15
4.7209e+13	1.0466e-15	7.087e-15
4.7281e+13	1.3573e-15	7.6337e-15
4.7353e+13	1.2126e-15	8.6199e-15
4.7425e+13	7.7958e-16	9.6566e-15
4.7498e+13	4.6065e-16	1.0364e-14
4.757e+13	5.5388e-16	1.0617e-14
4.7642e+13	1.0015e-15	1.0555e-14
4.7714e+13	1.4362e-15	1.0409e-14
4.7786e+13	1.4896e-15	1.0312e-14
4.7859e+13	1.109e-15	1.0298e-14
4.7931e+13	6.1816e-16	1.0451e-14
4.8003e+13	4.648e-16	1.102e-14
4.8075e+13	8.5539e-16	1.2297e-14
4.8147e+13	1.572e-15	1.4275e-14
4.8219e+13	2.1235e-15	1.6369e-14
4.8292e+13	2.1155e-15	1.7519e-14
4.8364e+13	1.5517e-15	1.6775e-14
4.8436e+13	8.3106e-16	1.4064e-14
4.8508e+13	4.5048e-16	1.0562e-14
4.858e+13	6.4793e-16	8.3037e-15
4.8653e+13	1.2585e-15	9.0876e-15
4.8725e+13	1.8775e-15	1.3322e-14
4.8797e+13	2.1821e-15	1.9576e-14
4.8869e+13	2.1487e-15	2.5242e-14
4.8941e+13	2.0091e-15	2.7983e-14
4.9013e+13	2.0096e-15	2.7106e-14
4.9086e+13	2.1932e-15	2.3961e-14
4.9158e+13	2.3881e-15	2.1086e-14
4.923e+13	2.3963e-15	2.0625e-14
4.9302e+13	2.2013e-15	2.3019e-14
4.9374e+13	2.0015e-15	2.6815e-14
4.9447e+13	2.0357e-15	2.9698e-14
4.9519e+13	2.3549e-15	3.004e-14
4.9591e+13	2.7505e-15	2.7959e-14
4.9663e+13	2.9156e-15	2.5207e-14
4.9735e+13	2.7141e-15	2.4011e-14
4.9808e+13	2.323e-15	2.563e-14
4.988e+13	2.1139e-15	2.9569e-14
4.9952e+13	2.3497e-15	3.3883e-14
5.0024e+13	2.9435e-15	3.6328e-14
5.0096e+13	3.4856e-15	3.5605e-14
5.0168e+13	3.5388e-15	3.1975e-14
5.0241e+13	2.9799e-15	2.6991e-14
5.0313e+13	2.1179e-15	2.2623e-14
5.0385e+13	1.4876e-15	2.0344e-14
5.0457e+13	1.4695e-15	2.0644e-14
5.0529e+13	2.024e-15	2.3059e-14
5.0602e+13	2.7394e-15	2.655e-14
5.0674e+13	3.1473e-15	2.9929e-14
5.0746e+13	3.0549e-15	3.2181e-14
5.0818e+13	2.643e-15	3.2666e-14
5.089e+13	2.2715e-15	3.1255e-14
5.0962e+13	2.1697e-15	2.8384e-14
5.1035e+13	2.2677e-15	2.495e-14
5.1107e+13	2.2995e-15	2.2018e-14
5.1179e+13	2.0731e-15	2.0421e-14
5.1251e+13	1.6689e-15	2.0452e-14
5.1323e+13	1.3929e-15	2.1824e-14
5.1396e+13	1.5203e-15	2.3917e-14
5.1468e+13	2.0476e-15	2.6118e-14
5.154e+13	2.6646e-15	2.8041e-14
5.1612e+13	2.9783e-15	2.9494e-14
5.1684e+13	2.8097e-15	3.0296e-14
5.1756e+13	2.3237e-15	3.0166e-14
5.1829e+13	1.886e-15	2.8828e-14
5.1901e+13	1.7676e-15	2.6282e-14
5.1973e+13	1.938e-15	2.3003e-14
5.2045e+13	2.1142e-15	1.9863e-14
5.2117e+13	2.02e-15	1.7754e-14
5.219e+13	1.6356e-15	1.7149e-14
5.2262e+13	1.228e-15	1.7903e-14
5.2334e+13	1.1344e-15	1.9431e-14
5.2406e+13	1.4772e-15	2.1121e-14
5.2478e+13	2.0485e-15	2.2656e-14
5.2551e+13	2.4592e-15	2.4013e-14
5.2623e+13	2.4356e-15	2.5164e-14
5.2695e+13	2.0223e-15	2.5786e-14
5.2767e+13	1.5304e-15	2.5293e-14
5.2839e+13	1.2798e-15	2.3242e-14
5.2911e+13	1.35e-15	1.9847e-14
5.2984e+13	1.5425e-15	1.6152e-14
5.3056e+13	1.5787e-15	1.3636e-14
5.3128e+13	1.3565e-15	1.3418e-14
5.32e+13	1.0476e-15	1.5541e-14
5.3272e+13	9.4752e-16	1.8868e-14
5.3345e+13	1.2081e-15	2.1675e-14
5.3417e+13	1.6814e-15	2.2614e-14
5.3489e+13	2.0153e-15	2.1418e-14
5.3561e+13	1.9311e-15	1.8912e-14
5.3633e+13	1.455e-15	1.6364e-14
5.3705e+13	9.1075e-16	1.465e-14
5.3778e+13	6.6955e-16	1.3804e-14
5.385e+13	8.5883e-16	1.3219e-14
5.3922e+13	1.2646e-15	1.2281e-14
5.3994e+13	1.5092e-15	1.0929e-14
5.4066e+13	1.3596e-15	9.7036e-15
5.4139e+13	9.1583e-16	9.286e-15
5.4211e+13	5.251e-16	9.8959e-15
5.4283e+13	4.9305e-16	1.1039e-14
5.4355e+13	8.2937e-16	1.1805e-14
5.4427e+13	1.2379e-15	1.151e-14
5.45e+13	1.3596e-15	1.0185e-14
5.4572e+13	1.0701e-15	8.561e-15
5.4644e+13	5.8504e-16	7.5403e-15
5.4716e+13	2.864e-16	7.5573e-15
5.4788e+13	4.1051e-16	8.2861e-15
5.486e+13	8.5258e-16	8.9084e-15
5.4933e+13	1.249e-15	8.7313e-15
5.5005e+13	1.2713e-15	7.6953e-15
5.5077e+13	8.9106e-16	6.4022e-15
5.5149e+13	4.0162e-16	5.652e-15
5.5221e+13	1.7767e-16	5.8367e-15
5.5294e+13	3.7147e-16	6.6428e-15
5.5366e+13	7.9344e-16	7.2783e-15
5.5438e+13	1.0737e-15	7.0601e-15
5.551e+13	9.7061e-16	5.9379e-15
5.5582e+13	5.7106e-16	4.5778e-15
5.5654e+13	2.19e-16	3.9429e-15
5.5727e+13	2.2967e-16	4.6558e-15
5.5799e+13	6.257e-16	6.571e-15
5.5871e+13	1.1121e-15	8.8323e-15
5.5943e+13	1.3116e-15	1.0364e-14
5.6015e+13	1.069e-15	1.0473e-14
5.6088e+13	5.7545e-16	9.1891e-15
5.616e+13	2.1296e-16	7.1722e-15
5.6232e+13	2.4666e-16	5.2945e-15
5.6304e+13	6.1578e-16	4.1761e-15
5.6376e+13	9.9224e-16	3.9428e-15
5.6449e+13	1.055e-15	4.2921e-15
5.6521e+13	7.5289e-16	4.7595e-15
5.6593e+13	3.4079e-16	4.9905e-15
5.6665e+13	1.6225e-16	4.8702e-15
5.6737e+13	3.6129e-16	4.4899e-15
5.6809e+13	7.6301e-16	4.0281e-15
5.6882e+13	1.0213e-15	3.643e-15
5.6954e+13	9.1039e-16	3.4266e-15
5.7026e+13	5.1685e-16	3.4081e-15
5.7098e+13	1.7156e-16	3.5673e-15
5.717e+13	1.7592e-16	3.8405e-15
5.7243e+13	5.4835e-16	4.1257e-15
5.7315e+13	1.0017e-15	4.3089e-15
5.7387e+13	1.1733e-15	4.31e-15
5.7459e+13	9.2044e-16	4.1254e-15
5.7531e+13	4.3983e-16	3.8344e-15
5.7603e+13	1.1153e-16	3.5603e-15
5.7676e+13	1.9317e-16	3.406e-15
5.7748e+13	6.1292e-16	3.4032e-15
5.782e+13	1.0291e-15	3.5046e-15
5.7892e+13	1.1073e-15	3.6188e-15
5.7964e+13	7.8902e-16	3.6649e-15
5.8037e+13	3.3491e-16	3.6143e-15
5.8109e+13	1.0969e-16	3.4991e-15
5.8181e+13	2.8652e-16	3.3903e-15
5.8253e+13	7.1147e-16	3.3563e-15
5.8325e+13	1.0355e-15	3.4248e-15
5.8397e+13	1.0017e-15	3.5624e-15
5.847e+13	6.5121e-16	3.6838e-15
5.8542e+13	2.8042e-16	3.6903e-15
5.8614e+13	1.9044e-16	3.5252e-15
5.8686e+13	4.3817e-16	3.2165e-15
5.8758e+13	7.9499e-16	2.8794e-15
5.8831e+13	9.4435e-16	2.6658e-15
5.8903e+13	7.5049e-16	2.6812e-15
5.8975e+13	3.7314e-16	2.9177e-15
5.9047e+13	1.3243e-16	3.2482e-15
5.9119e+13	2.3769e-16	3.4963e-15
5.9192e+13	6.0785e-16	3.5424e-15
5.9264e+13	9.3543e-16	3.3991e-15
5.9336e+13	9.4299e-16	3.2024e-15
5.9408e+13	6.1887e-16	3.1183e-15
5.948e+13	2.3386e-16	3.2266e-15
5.9552e+13	1.2083e-16	3.4603e-15
5.9625e+13	3.9694e-16	3.6467e-15
5.9697e+13	8.5877e-16	3.6265e-15
5.9769e+13	1.1413e-15	3.3701e-15
5.9841e+13	1.0144e-15	3.0096e-15
5.9913e+13	5.7608e-16	2.7635e-15
5.9986e+13	1.8023e-16	2.7993e-15
6.0058e+13	1.5553e-16	3.1272e-15
6.013e+13	5.3924e-16	3.592e-15
6.0202e+13	1.0428e-15	3.9682e-15
6.0274e+13	1.2783e-15	4.0919e-15
6.0346e+13	1.0651e-15	3.9464e-15
6.0419e+13	5.7064e-16	3.6514e-15
6.0491e+13	1.7429e-16	3.3736e-15
6.0563e+13	1.651e-16	3.2235e-15
6.0635e+13	5.1766e-16	3.2057e-15
6.0707e+13	9.232e-16	3.2453e-15
6.078e+13	1.0462e-15	3.2601e-15
6.0852e+13	7.9532e-16	3.2238e-15
6.0924e+13	3.9016e-16	3.1761e-15
6.0996e+13	1.7419e-16	3.182e-15
6.1068e+13	3.3096e-16	3.2735e-15
6.1141e+13	7.3605e-16	3.4181e-15
6.1213e+13	1.0629e-15	3.5347e-15
6.1285e+13	1.052e-15	3.5462e-15
6.1357e+13	7.2071e-16	3.4303e-15
6.1429e+13	3.4442e-16	3.2394e-15
6.1501e+13	2.28e-16	3.0744e-15
6.1574e+13	4.5762e-16	3.0293e-15
6.1646e+13	8.3615e-16	3.1389e-15
6.1718e+13	1.0512e-15	3.3567e-15
6.179e+13	9.3394e-16	3.58e-15
6.1862e+13	5.9504e-16	3.7068e-15
6.1935e+13	3.2823e-16	3.6949e-15
6.2007e+13	3.6499e-16	3.5883e-15
6.2079e+13	6.8439e-16	3.4923e-15
6.2151e+13	1.0333e-15	3.5065e-15
6.2223e+13	1.1368e-15	3.6549e-15
6.2295e+13	9.2201e-16	3.8587e-15
6.2368e+13	5.7149e-16	3.9757e-15
6.244e+13	3.6596e-16	3.8907e-15
6.2512e+13	4.5131e-16	3.6012e-15
6.2584e+13	7.2514e-16	3.2422e-15
6.2656e+13	9.3458e-16	3.0225e-15
6.2729e+13	8.9894e-16	3.1056e-15
6.2801e+13	6.6632e-16	3.5051e-15
6.2873e+13	4.7091e-16	4.0637e-15
6.2945e+13	5.2696e-16	4.5332e-15
6.3017e+13	8.3491e-16	4.7103e-15
6.309e+13	1.167e-15	4.5459e-15
6.3162e+13	1.2496e-15	4.1606e-15
6.3234e+13	9.9313e-16	3.7638e-15
6.3306e+13	5.7668e-16	3.5295e-15
6.3378e+13	3.122e-16	3.5092e-15
6.345e+13	3.9534e-16	3.6301e-15
6.3523e+13	7.4636e-16	3.7659e-15
6.3595e+13	1.0733e-15	3.8256e-15
6.3667e+13	1.1082e-15	3.8005e-15
6.3739e+13	8.2499e-16	3.7466e-15
6.3811e+13	4.6031e-16	3.7296e-15
6.3884e+13	3.2015e-16	3.7766e-15
6.3956e+13	5.2934e-16	3.8653e-15
6.4028e+13	9.2852e-16	3.948e-15
6.41e+13	1.2025e-15	3.9821e-15
6.4172e+13	1.1354e-15	3.9464e-15
6.4244e+13	7.8407e-16	3.8396e-15
6.4317e+13	4.3025e-16	3.6786e-15
6.4389e+13	3.5179e-16	3.5053e-15
6.4461e+13	6.0117e-16	3.3938e-15
6.4533e+13	9.7129e-16	3.4368e-15
6.4605e+13	1.173e-15	3.7003e-15
6.4678e+13	1.0749e-15	4.1683e-15
6.475e+13	8.0721e-16	4.7181e-15
6.4822e+13	6.4432e-16	5.1585e-15
6.4894e+13	7.6728e-16	5.3237e-15
6.4966e+13	1.1048e-15	5.167e-15
6.5038e+13	1.3871e-15	4.7942e-15
6.5111e+13	1.37e-15	4.4074e-15
6.5183e+13	1.0428e-15	4.193e-15
6.5255e+13	6.4777e-16	4.2237e-15
6.5327e+13	4.8988e-16	4.4372e-15
6.5399e+13	6.9179e-16	4.6967e-15
6.5472e+13	1.0924e-15	4.8831e-15
6.5544e+13	1.3731e-15	4.953e-15
6.5616e+13	1.3107e-15	4.9305e-15
6.5688e+13	9.5259e-16	4.8568e-15
6.576e+13	5.7543e-16	4.7528e-15
6.5833e+13	4.6294e-16	4.6267e-15
6.5905e+13	6.8426e-16	4.5124e-15
6.5977e+13	1.0497e-15	4.4849e-15
6.6049e+13	1.2733e-15	4.6203e-15
6.6121e+13	1.2047e-15	4.9177e-15
6.6193e+13	9.3925e-16	5.2534e-15
6.6266e+13	7.2334e-16	5.426e-15
6.6338e+13	7.4062e-16	5.2868e-15
6.641e+13	9.6105e-16	4.8677e-15
6.6482e+13	1.1771e-15	4.4023e-15
6.6554e+13	1.1906e-15	4.1974e-15
6.6627e+13	9.8732e-16	4.4244e-15
6.6699e+13	7.4933e-16	4.976e-15
6.6771e+13	6.9523e-16	5.5061e-15
6.6843e+13	8.8627e-16	5.6478e-15
6.6915e+13	1.1672e-15	5.2732e-15
6.6987e+13	1.2961e-15	4.6101e-15
6.706e+13	1.1556e-15	4.1185e-15
6.7132e+13	8.6374e-16	4.1968e-15
6.7204e+13	6.8553e-16	4.9095e-15
6.7276e+13	8.11e-16	5.9282e-15
6.7348e+13	1.1853e-15	6.7318e-15
6.7421e+13	1.5374e-15	6.9347e-15
6.7493e+13	1.5919e-15	6.5206e-15
6.7565e+13	1.2954e-15	5.8272e-15
6.7637e+13	8.6897e-16	5.3006e-15
6.7709e+13	6.3883e-16	5.1982e-15
6.7782e+13	7.7678e-16	5.4488e-15
6.7854e+13	1.1622e-15	5.7554e-15
6.7926e+13	1.4797e-15	5.8509e-15
6.7998e+13	1.4768e-15	5.7075e-15
6.807e+13	1.1722e-15	5.5465e-15
6.8142e+13	8.4312e-16	5.6458e-15
6.8215e+13	7.9849e-16	6.099e-15
6.8287e+13	1.1201e-15	6.7117e-15
6.8359e+13	1.5838e-15	7.1155e-15
6.8431e+13	1.8296e-15	7.0205e-15
6.8503e+13	1.6473e-15	6.4222e-15
6.8576e+13	1.1495e-15	5.6144e-15
6.8648e+13	6.9086e-16	5.0028e-15
6.872e+13	5.951e-16	4.8511e-15
6.8792e+13	9.0631e-16	5.1339e-15
6.8864e+13	1.3606e-15	5.5874e-15
6.8936e+13	1.5984e-15	5.9048e-15
6.9009e+13	1.4475e-15	5.9332e-15
6.9081e+13	1.0499e-15	5.7418e-15
6.9153e+13	7.3833e-16	5.5348e-15
6.9225e+13	7.6482e-16	5.492e-15
6.9297e+13	1.1028e-15	5.6556e-15
6.937e+13	1.4777e-15	5.9289e-15
6.9442e+13	1.5952e-15	6.1648e-15
6.9514e+13	1.3761e-15	6.2621e-15
6.9586e+13	1.0102e-15	6.2055e-15
6.9658e+13	7.9008e-16	6.0396e-15
6.9731e+13	8.6978e-16	5.8239e-15
6.9803e+13	1.1471e-15	5.6132e-15
6.9875e+13	1.3635e-15	5.4676e-15
6.9947e+13	1.3318e-15	5.4615e-15
7.0019e+13	1.0978e-15	5.6582e-15
7.0091e+13	8.9899e-16	6.0571e-15
7.0164e+13	9.5787e-16	6.561e-15
7.0236e+13	1.2834e-15	7.0051e-15
7.0308e+13	1.6509e-15	7.2438e-15
7.038e+13	1.7798e-15	7.2387e-15
7.0452e+13	1.564e-15	7.0791e-15
7.0525e+13	1.1639e-15	6.9136e-15
7.0597e+13	8.8187e-16	6.8445e-15
7.0669e+13	9.2224e-16	6.8653e-15
7.0741e+13	1.2324e-15	6.8937e-15
7.0813e+13	1.5537e-15	6.8695e-15
7.0885e+13	1.638e-15	6.8304e-15
7.0958e+13	1.4507e-15	6.8908e-15
7.103e+13	1.19e-15	7.1306e-15
7.1102e+13	1.1106e-15	7.4834e-15
7.1174e+13	1.3002e-15	7.7343e-15
7.1246e+13	1.6e-15	7.6544e-15
7.1319e+13	1.7381e-15	7.1915e-15
7.1391e+13	1.567e-15	6.5672e-15
7.1463e+13	1.2045e-15	6.1823e-15
7.1535e+13	9.5207e-16	6.3669e-15
7.1607e+13	1.0515e-15	7.1364e-15
7.1679e+13	1.4755e-15	8.1336e-15
7.1752e+13	1.9289e-15	8.8196e-15
7.1824e+13	2.0703e-15	8.8064e-15
7.1896e+13	1.7809e-15	8.1135e-15
7.1968e+13	1.2666e-15	7.1712e-15
7.204e+13	9.0851e-16	6.561e-15
7.2113e+13	9.7321e-16	6.6579e-15
7.2185e+13	1.4114e-15	7.408e-15
7.2257e+13	1.8999e-15	8.3805e-15
7.2329e+13	2.0922e-15	9.0483e-15
7.2401e+13	1.8788e-15	9.1045e-15
7.2474e+13	1.4547e-15	8.6116e-15
7.2546e+13	1.1499e-15	7.9084e-15
7.2618e+13	1.1656e-15	7.3643e-15
7.269e+13	1.4293e-15	7.1614e-15
7.2762e+13	1.6774e-15	7.2411e-15
7.2834e+13	1.6879e-15	7.4166e-15
7.2907e+13	1.4654e-15	7.5398e-15
7.2979e+13	1.2273e-15	7.5905e-15
7.3051e+13	1.2093e-15	7.6394e-15
7.3123e+13	1.4565e-15	7.7444e-15
7.3195e+13	1.7802e-15	7.8845e-15
7.3268e+13	1.9143e-15	7.9888e-15
7.334e+13	1.743e-15	8.0264e-15
7.3412e+13	1.4052e-15	8.0629e-15
7.3484e+13	1.1858e-15	8.2176e-15
7.3556e+13	1.2811e-15	8.546e-15
7.3628e+13	1.6306e-15	8.9483e-15
7.3701e+13	1.9584e-15	9.1963e-15
7.3773e+13	1.993e-15	9.0834e-15
7.3845e+13	1.6904e-15	8.5963e-15
7.3917e+13	1.2772e-15	7.9741e-15
7.3989e+13	1.076e-15	7.5888e-15
7.4062e+13	1.2518e-15	7.7118e-15
7.4134e+13	1.6808e-15	8.321e-15
7.4206e+13	2.0472e-15	9.0892e-15
7.4278e+13	2.0886e-15	9.5732e-15
7.435e+13	1.7957e-15	9.4859e-15
7.4423e+13	1.4083e-15	8.8717e-15
7.4495e+13	1.2178e-15	8.0708e-15
7.4567e+13	1.3372e-15	7.4967e-15
7.4639e+13	1.6227e-15	7.3793e-15
7.4711e+13	1.8043e-15	7.6414e-15
7.4783e+13	1.7117e-15	7.9843e-15
7.4856e+13	1.4121e-15	8.113e-15
7.4928e+13	1.1497e-15	7.9453e-15
7.5e+13	1.1435e-15	7.6628e-15
7.5072e+13	1.4112e-15	7.5768e-15
7.5144e+13	1.7602e-15	7.9031e-15
7.5217e+13	1.9472e-15	8.5972e-15
7.5289e+13	1.8687e-15	9.3566e-15
7.5361e+13	1.6289e-15	9.7868e-15
7.5433e+13	1.4344e-15	9.6279e-15
7.5505e+13	1.4147e-15	8.9052e-15
7.5577e+13	1.5203e-15	7.9195e-15
7.565e+13	1.5833e-15	7.0859e-15
7.5722e+13	1.4795e-15	6.7174e-15
7.5794e+13	1.2485e-15	6.869e-15
7.5866e+13	1.0638e-15	7.3246e-15
7.5938e+13	1.0791e-15	7.7266e-15
7.6011e+13	1.2845e-15	7.7762e-15
7.6083e+13	1.5017e-15	7.3985e-15
7.6155e+13	1.5304e-15	6.784e-15
7.6227e+13	1.3231e-15	6.2846e-15
7.6299e+13	1.0399e-15	6.2173e-15
7.6372e+13	9.2591e-16	6.6809e-15
7.6444e+13	1.1079e-15	7.4881e-15
7.6516e+13	1.4774e-15	8.2569e-15
7.6588e+13	1.7625e-15	8.614e-15
7.666e+13	1.7387e-15	8.3994e-15
7.6732e+13	1.4106e-15	7.7517e-15
7.6805e+13	1.0162e-15	7.0238e-15
7.6877e+13	8.4408e-16	6.5791e-15
7.6949e+13	1.0087e-15	6.5898e-15
7.7021e+13	1.3625e-15	6.9597e-15
7.7093e+13	1.6166e-15	7.413e-15
7.7166e+13	1.5728e-15	7.6822e-15
7.7238e+13	1.2809e-15	7.6705e-15
7.731e+13	9.9354e-16	7.4835e-15
7.7382e+13	9.5741e-16	7.3203e-15
7.7454e+13	1.2095e-15	7.3105e-15
7.7526e+13	1.5452e-15	7.4172e-15
7.7599e+13	1.6834e-15	7.4735e-15
7.7671e+13	1.4942e-15	7.3216e-15
7.7743e+13	1.1054e-15	6.946e-15
7.7815e+13	8.0109e-16	6.5025e-15
7.7887e+13	7.9586e-16	6.2197e-15
7.796e+13	1.0678e-15	6.2471e-15
7.8032e+13	1.3841e-15	6.5604e-15
7.8104e+13	1.4948e-15	6.9922e-15
7.8176e+13	1.3361e-15	7.3582e-15
7.8248e+13	1.0758e-15	7.5816e-15
7.8321e+13	9.6656e-16	7.7198e-15
7.8393e+13	1.13e-15	7.8771e-15
7.8465e+13	1.4492e-15	8.0765e-15
7.8537e+13	1.6596e-15	8.2005e-15
7.8609e+13	1.5644e-15	8.0601e-15
7.8681e+13	1.1989e-15	7.5487e-15
7.8754e+13	8.1034e-16	6.7704e-15
7.8826e+13	6.6824e-16	6.0329e-15
7.8898e+13	8.5809e-16	5.692e-15
7.897e+13	1.2218e-15	5.9388e-15
7.9042e+13	1.4887e-15	6.6691e-15
7.9115e+13	1.488e-15	7.5297e-15
7.9187e+13	1.2716e-15	8.1165e-15
7.9259e+13	1.0534e-15	8.2025e-15
7.9331e+13	1.0229e-15	7.8494e-15
7.9403e+13	1.1892e-15	7.3362e-15
7.9475e+13	1.3815e-15	6.9575e-15
7.9548e+13	1.4006e-15	6.8302e-15
7.962e+13	1.189e-15	6.8366e-15
7.9692e+13	8.798e-16	6.737e-15
7.9764e+13	6.8611e-16	6.3709e-15
7.9836e+13	7.2667e-16	5.804e-15
7.9909e+13	9.3547e-16	5.3171e-15
7.9981e+13	1.1273e-15	5.2379e-15
8.0053e+13	1.1595e-15	5.7231e-15
8.0125e+13	1.0498e-15	6.633e-15
8.0197e+13	9.5054e-16	7.5853e-15
8.0269e+13	1.0038e-15	8.1621e-15
8.0342e+13	1.2057e-15	8.1454e-15
8.0414e+13	1.4e-15	7.6403e-15
8.0486e+13	1.4119e-15	7.0099e-15
8.0558e+13	1.2078e-15	6.6645e-15
8.063e+13	9.4243e-16	6.8297e-15
8.0703e+13	8.4358e-16	7.4336e-15
8.0775e+13	1.0245e-15	8.1712e-15
8.0847e+13	1.3792e-15	8.6988e-15
8.0919e+13	1.6531e-15	8.833e-15
8.0991e+13	1.64e-15	8.6341e-15
8.1064e+13	1.3481e-15	8.3319e-15
8.1136e+13	9.9988e-16	8.1562e-15
8.1208e+13	8.6059e-16	8.1897e-15
8.128e+13	1.031e-15	8.3377e-15
8.1352e+13	1.3697e-15	8.4245e-15
8.1424e+13	1.6068e-15	8.337e-15
8.1497e+13	1.5591e-15	8.1088e-15
8.1569e+13	1.2713e-15	7.8841e-15
8.1641e+13	9.7351e-16	7.7943e-15
8.1713e+13	8.9064e-16	7.8452e-15
8.1785e+13	1.0614e-15	7.9064e-15
8.1858e+13	1.3144e-15	7.8165e-15
8.193e+13	1.4181e-15	7.5269e-15
8.2002e+13	1.2785e-15	7.1709e-15
8.2074e+13	1.0196e-15	6.9939e-15
8.2146e+13	8.7885e-16	7.1838e-15
8.2218e+13	1.0045e-15	7.7183e-15
8.2291e+13	1.3225e-15	8.3467e-15
8.2363e+13	1.5871e-15	8.7299e-15
8.2435e+13	1.5755e-15	8.6519e-15
8.2507e+13	1.2704e-15	8.1586e-15
8.2579e+13	8.7899e-16	7.5248e-15
8.2652e+13	6.7264e-16	7.072e-15
8.2724e+13	7.7419e-16	6.9605e-15
8.2796e+13	1.0652e-15	7.1002e-15
8.2868e+13	1.2868e-15	7.2375e-15
8.294e+13	1.2513e-15	7.1499e-15
8.3013e+13	9.9154e-16	6.8059e-15
8.3085e+13	7.2871e-16	6.3766e-15
8.3157e+13	6.8612e-16	6.0997e-15
8.3229e+13	9.0416e-16	6.1029e-15
8.3301e+13	1.2082e-15	6.3215e-15
8.3373e+13	1.355e-15	6.5685e-15
8.3446e+13	1.2362e-15	6.6967e-15
8.3518e+13	9.6974e-16	6.7228e-15
8.359e+13	8.0465e-16	6.8151e-15
8.3662e+13	9.1462e-16	7.1525e-15
8.3734e+13	1.2516e-15	7.7642e-15
8.3807e+13	1.5791e-15	8.475e-15
8.3879e+13	1.6598e-15	9.0033e-15
8.3951e+13	1.4443e-15	9.1401e-15
8.4023e+13	1.1096e-15	8.8806e-15
8.4095e+13	9.1452e-16	8.4124e-15
8.4167e+13	9.9232e-16	7.975e-15
8.424e+13	1.2479e-15	7.6993e-15
8.4312e+13	1.4417e-15	7.5435e-15
8.4384e+13	1.3892e-15	7.3654e-15
8.4456e+13	1.1125e-15	7.0645e-15
8.4528e+13	8.202e-16	6.6783e-15
8.4601e+13	7.3444e-16	6.36e-15
8.4673e+13	9.0842e-16	6.2607e-15
8.4745e+13	1.1844e-15	6.4152e-15
8.4817e+13	1.3253e-15	6.7218e-15
8.4889e+13	1.2108e-15	7.0283e-15
8.4962e+13	9.3593e-16	7.2509e-15
8.5034e+13	7.32e-16	7.4255e-15
8.5106e+13	7.761e-16	7.6531e-15
8.5178e+13	1.0455e-15	7.9856e-15
8.525e+13	1.3362e-15	8.3505e-15
8.5322e+13	1.4285e-15	8.582e-15
8.5395e+13	1.2628e-15	8.5373e-15
8.5467e+13	9.8253e-16	8.2081e-15
8.5539e+13	8.1022e-16	7.7374e-15
8.5611e+13	8.6347e-16	7.3264e-15
8.5683e+13	1.062e-15	7.1017e-15
8.5756e+13	1.2023e-15	7.0437e-15
8.5828e+13	1.1341e-15	7.0259e-15
8.59e+13	8.9046e-16	6.9293e-15
8.5972e+13	6.6107e-16	6.7367e-15
8.6044e+13	6.3175e-16	6.5356e-15
8.6116e+13	8.2443e-16	6.4338e-15
8.6189e+13	1.0734e-15	6.4648e-15
8.6261e+13	1.1598e-15	6.5637e-15
8.6333e+13	9.9483e-16	6.6314e-15
8.6405e+13	6.9794e-16	6.6293e-15
8.6477e+13	5.0437e-16	6.6187e-15
8.655e+13	5.7434e-16	6.7068e-15
8.6622e+13	8.6096e-16	6.9446e-15
8.6694e+13	1.1459e-15	7.2621e-15
8.6766e+13	1.2154e-15	7.5035e-15
8.6838e+13	1.0328e-15	7.5366e-15
8.691e+13	7.6654e-16	7.3515e-15
8.6983e+13	6.498e-16	7.0668e-15
8.7055e+13	7.8697e-16	6.8383e-15
8.7127e+13	1.0665e-15	6.7477e-15
8.7199e+13	1.2527e-15	6.7623e-15
8.7271e+13	1.1814e-15	6.7972e-15
8.7344e+13	8.9943e-16	6.8196e-15
8.7416e+13	6.3097e-16	6.8931e-15
8.7488e+13	5.9597e-16	7.1127e-15
8.756e+13	8.2885e-16	7.4826e-15
8.7632e+13	1.146e-15	7.8532e-15
8.7705e+13	1.2917e-15	8.0001e-15
8.7777e+13	1.1463e-15	7.8083e-15
8.7849e+13	8.2722e-16	7.419e-15
8.7921e+13	6.0066e-16	7.196e-15
8.7993e+13	6.7058e-16	7.4954e-15
8.8065e+13	1.0146e-15	8.3811e-15
8.8138e+13	1.397e-15	9.505e-15
8.821e+13	1.5498e-15	1.0273e-14
8.8282e+13	1.3782e-15	1.022e-14
8.8354e+13	1.0293e-15	9.3424e-15
8.8426e+13	7.7265e-16	8.1484e-15
8.8499e+13	7.9118e-16	7.3617e-15
8.8571e+13	1.0474e-15	7.4663e-15
8.8643e+13	1.3276e-15	8.3999e-15
8.8715e+13	1.4215e-15	9.6127e-15
8.8787e+13	1.2884e-15	1.045e-14
8.8859e+13	1.0791e-15	1.0589e-14
8.8932e+13	1.0008e-15	1.0223e-14
8.9004e+13	1.141e-15	9.8618e-15
8.9076e+13	1.3947e-15	9.9196e-15
8.9148e+13	1.5518e-15	1.0385e-14
8.922e+13	1.4697e-15	1.0839e-14
8.9293e+13	1.1889e-15	1.0791e-14
8.9365e+13	9.0054e-16	1.0092e-14
8.9437e+13	7.9548e-16	9.0924e-15
8.9509e+13	9.192e-16	8.4233e-15
8.9581e+13	1.1471e-15	8.5481e-15
8.9654e+13	1.2931e-15	9.4105e-15
8.9726e+13	1.2574e-15	1.0443e-14
8.9798e+13	1.0931e-15	1.0945e-14
8.987e+13	9.4495e-16	1.0562e-14
8.9942e+13	9.2193e-16	9.5474e-15
9.0014e+13	1.014e-15	8.6075e-15
9.0087e+13	1.1203e-15	8.4463e-15
9.0159e+13	1.1546e-15	9.315e-15
9.0231e+13	1.1287e-15	1.0859e-14
9.0303e+13	1.1368e-15	1.2345e-14
9.0375e+13	1.2561e-15	1.3108e-14
9.0448e+13	1.4556e-15	1.2917e-14
9.052e+13	1.6037e-15	1.2062e-14
9.0592e+13	1.5762e-15	1.1142e-14
9.0664e+13	1.3765e-15	1.0724e-14
9.0736e+13	1.1578e-15	1.1073e-14
9.0808e+13	1.116e-15	1.2079e-14
9.0881e+13	1.3305e-15	1.3357e-14
9.0953e+13	1.6842e-15	1.4436e-14
9.1025e+13	1.9357e-15	1.4936e-14
9.1097e+13	1.8993e-15	1.4704e-14
9.1169e+13	1.5924e-15	1.3872e-14
9.1242e+13	1.2337e-15	1.2836e-14
9.1314e+13	1.0846e-15	1.2119e-14
9.1386e+13	1.2538e-15	1.2122e-14
9.1458e+13	1.6145e-15	1.2884e-14
9.153e+13	1.8994e-15	1.3983e-14
9.1603e+13	1.9012e-15	1.4719e-14
9.1675e+13	1.6235e-15	1.4511e-14
9.1747e+13	1.2714e-15	1.3305e-14
9.1819e+13	1.0912e-15	1.1701e-14
9.1891e+13	1.1893e-15	1.0673e-14
9.1963e+13	1.4662e-15	1.0976e-14
9.2036e+13	1.7077e-15	1.2623e-14
9.2108e+13	1.7526e-15	1.4774e-14
9.218e+13	1.6015e-15	1.6165e-14
9.2252e+13	1.3897e-15	1.5862e-14
9.2324e+13	1.2598e-15	1.3861e-14
9.2397e+13	1.2499e-15	1.1151e-14
9.2469e+13	1.2861e-15	9.1682e-15
9.2541e+13	1.2754e-15	8.9583e-15
9.2613e+13	1.207e-15	1.0568e-14
9.2685e+13	1.1657e-15	1.3031e-14
9.2757e+13	1.2454e-15	1.496e-14
9.283e+13	1.4417e-15	1.536e-14
9.2902e+13	1.6281e-15	1.4168e-14
9.2974e+13	1.6479e-15	1.2232e-14
9.3046e+13	1.4516e-15	1.0747e-14
9.3118e+13	1.1607e-15	1.0562e-14
9.3191e+13	9.932e-16	1.1734e-14
9.3263e+13	1.0973e-15	1.3572e-14
9.3335e+13	1.4241e-15	1.5082e-14
9.3407e+13	1.7465e-15	1.55e-14
9.3479e+13	1.8188e-15	1.4634e-14
9.3551e+13	1.5595e-15	1.2864e-14
9.3624e+13	1.1154e-15	1.0883e-14
9.3696e+13	7.5629e-16	9.3525e-15
9.3768e+13	6.7904e-16	8.6618e-15
9.384e+13	8.721e-16	8.8411e-15
9.3912e+13	1.1405e-15	9.6182e-15
9.3985e+13	1.266e-15	1.0553e-14
9.4057e+13	1.1729e-15	1.1202e-14
9.4129e+13	9.6959e-16	1.1271e-14
9.4201e+13	8.424e-16	1.0729e-14
9.4273e+13	8.9411e-16	9.817e-15
9.4346e+13	1.0625e-15	8.9435e-15
9.4418e+13	1.1819e-15	8.4875e-15
9.449e+13	1.1308e-15	8.6027e-15
9.4562e+13	9.3838e-16	9.1386e-15
9.4634e+13	7.6059e-16	9.7304e-15
9.4706e+13	7.462e-16	1.0015e-14
9.4779e+13	9.0842e-16	9.8402e-15
9.4851e+13	1.111e-15	9.3491e-15
9.4923e+13	1.1823e-15	8.8774e-15
9.4995e+13	1.0611e-15	8.7454e-15
9.5067e+13	8.5139e-16	9.068e-15
9.514e+13	7.3659e-16	9.6954e-15
9.5212e+13	8.23e-16	1.0306e-14
9.5284e+13	1.0433e-15	1.0582e-14
9.5356e+13	1.2037e-15	1.0358e-14
9.5428e+13	1.1398e-15	9.6737e-15
9.55e+13	8.5532e-16	8.7201e-15
9.5573e+13	5.2801e-16	7.7362e-15
9.5645e+13	3.7371e-16	6.9073e-15
9.5717e+13	4.7611e-16	6.3099e-15
9.5789e+13	7.1939e-16	5.9085e-15
9.5861e+13	8.7968e-16	5.5969e-15
9.5934e+13	8.0358e-16	5.2695e-15
9.6006e+13	5.3122e-16	4.8972e-15
9.6078e+13	2.653e-16	4.5701e-15
9.615e+13	2.1097e-16	4.4685e-15
9.6222e+13	4.142e-16	4.755e-15
9.6295e+13	7.2659e-16	5.4374e-15
9.6367e+13	9.2235e-16	6.2922e-15
9.6439e+13	8.7216e-16	6.928e-15
9.6511e+13	6.3607e-16	6.9852e-15
9.6583e+13	4.0555e-16	6.3669e-15
9.6655e+13	3.4733e-16	5.347e-15
9.6728e+13	4.7711e-16	4.457e-15
9.68e+13	6.619e-16	4.1888e-15
9.6872e+13	7.411e-16	4.6883e-15
9.6944e+13	6.6064e-16	5.6404e-15
9.7016e+13	5.0865e-16	6.439e-15
9.7089e+13	4.2804e-16	6.5504e-15
9.7161e+13	4.8574e-16	5.8448e-15
9.7233e+13	6.1318e-16	4.6815e-15
9.7305e+13	6.692e-16	3.6894e-15
9.7377e+13	5.7017e-16	3.3851e-15
9.7449e+13	3.7324e-16	3.8734e-15
9.7522e+13	2.3708e-16	4.8143e-15
9.7594e+13	2.8915e-16	5.6591e-15
9.7666e+13	5.1014e-16	5.9825e-15
9.7738e+13	7.361e-16	5.6946e-15
9.781e+13	7.8248e-16	5.0152e-15
9.7883e+13	5.9224e-16	4.2695e-15
9.7955e+13	2.8684e-16	3.6733e-15
9.8027e+13	7.5644e-17	3.2564e-15
9.8099e+13	9.4291e-17	2.9471e-15
9.8171e+13	3.0134e-16	2.712e-15
9.8244e+13	5.1584e-16	2.6176e-15
9.8316e+13	5.6463e-16	2.7601e-15
9.8388e+13	4.1912e-16	3.1331e-15
9.846e+13	2.1139e-16	3.5601e-15
9.8532e+13	1.1872e-16	3.7703e-15
9.8604e+13	2.1376e-16	3.5762e-15
9.8677e+13	4.0486e-16	3.02e-15
9.8749e+13	5.1544e-16	2.3714e-15
9.8821e+13	4.3531e-16	1.9646e-15
9.8893e+13	2.171e-16	1.9845e-15
9.8965e+13	3.6028e-17	2.3524e-15
9.9038e+13	4.5115e-17	2.7901e-15
9.911e+13	2.4537e-16	3.0118e-15
9.9182e+13	4.7977e-16	2.9062e-15
9.9254e+13	5.5812e-16	2.583e-15
9.9326e+13	4.1174e-16	2.2645e-15
9.9398e+13	1.5087e-16	2.1131e-15
9.9471e+13	-2.3352e-17	2.1262e-15
9.9543e+13	1.8608e-17	2.1651e-15
9.9615e+13	2.3012e-16	2.0837e-15
9.9687e+13	4.2749e-16	1.849e-15
9.9759e+13	4.4098e-16	1.5645e-15
9.9832e+13	2.5415e-16	1.3862e-15
9.9904e+13	1.7522e-17	1.4061e-15
9.9976e+13	-7.4878e-17	1.5915e-15
1.0005e+14	5.5016e-17	1.8206e-15
1.0012e+14	3.0452e-16	1.9758e-15
1.0019e+14	4.7329e-16	2.0179e-15
1.0026e+14	4.2652e-16	1.9907e-15
1.0034e+14	2.0477e-16	1.9646e-15
1.0041e+14	-9.1941e-18	1.9756e-15
1.0048e+14	-3.9472e-17	2.0084e-15
1.0055e+14	1.3992e-16	2.0292e-15
1.0063e+14	3.8443e-16	2.0268e-15
1.007e+14	4.9702e-16	2.0204e-15
1.0077e+14	3.8797e-16	2.0277e-15
1.0084e+14	1.4614e-16	2.0284e-15
1.0091e+14	-3.541e-17	1.9666e-15
1.0099e+14	-1.7219e-17	1.7988e-15
1.0106e+14	1.7491e-16	1.5505e-15
1.0113e+14	3.7492e-16	1.3254e-15
1.012e+14	4.157e-16	1.2485e-15
1.0128e+14	2.6683e-16	1.3772e-15
1.0135e+14	5.7441e-17	1.6489e-15
1.0142e+14	-3.3299e-17	1.9113e-15
1.0149e+14	7.3638e-17	2.0202e-15
1.0156e+14	2.9096e-16	1.9345e-15
1.0164e+14	4.374e-16	1.7386e-15
1.0171e+14	3.8827e-16	1.5737e-15
1.0178e+14	1.7919e-16	1.5309e-15
1.0185e+14	-2.2808e-17	1.5882e-15
1.0192e+14	-5.6991e-17	1.6362e-15
1.02e+14	9.8526e-17	1.5724e-15
1.0207e+14	3.0895e-16	1.3865e-15
1.0214e+14	3.9448e-16	1.1702e-15
1.0221e+14	2.7921e-16	1.0467e-15
1.0229e+14	5.4532e-17	1.0764e-15
1.0236e+14	-9.5491e-17	1.2178e-15
1.0243e+14	-4.5033e-17	1.3706e-15
1.025e+14	1.7036e-16	1.4648e-15
1.0257e+14	3.8307e-16	1.5178e-15
1.0265e+14	4.304e-16	1.6097e-15
1.0272e+14	2.8611e-16	1.7949e-15
1.0279e+14	7.8491e-17	2.026e-15
1.0286e+14	-1.882e-17	2.1592e-15
1.0294e+14	6.8257e-17	2.0503e-15
1.0301e+14	2.5412e-16	1.6735e-15
1.0308e+14	3.6777e-16	1.1706e-15
1.0315e+14	2.9913e-16	7.8324e-16
1.0322e+14	9.4708e-17	7.0729e-16
1.033e+14	-7.8083e-17	9.6708e-16
1.0337e+14	-6.9736e-17	1.3976e-15
1.0344e+14	1.2434e-16	1.748e-15
1.0351e+14	3.5483e-16	1.8352e-15
1.0359e+14	4.3708e-16	1.6442e-15
1.0366e+14	3.0108e-16	1.3131e-15
1.0373e+14	4.9934e-17	1.0239e-15
1.038e+14	-1.2232e-16	8.8321e-16
1.0387e+14	-8.6995e-17	8.7325e-16
1.0395e+14	1.1601e-16	8.9717e-16
1.0402e+14	3.1233e-16	8.7061e-16
1.0409e+14	3.3645e-16	7.8554e-16
1.0416e+14	1.6681e-16	7.0233e-16
1.0423e+14	-5.775e-17	6.8654e-16
1.0431e+14	-1.5321e-16	7.4843e-16
1.0438e+14	-4.2031e-17	8.3491e-16
1.0445e+14	1.8341e-16	8.768e-16
1.0452e+14	3.3745e-16	8.4835e-16
1.046e+14	2.9435e-16	7.8775e-16
1.0467e+14	9.1509e-17	7.6166e-16
1.0474e+14	-1.0219e-16	8.0383e-16
1.0481e+14	-1.2669e-16	8.7977e-16
1.0488e+14	3.6326e-17	9.0851e-16
1.0496e+14	2.4805e-16	8.2693e-16
1.0503e+14	3.2769e-16	6.4762e-16
1.051e+14	2.0344e-16	4.6461e-16
1.0517e+14	-2.5539e-17	3.9968e-16
1.0525e+14	-1.683e-16	5.2502e-16
1.0532e+14	-9.8337e-17	8.1477e-16
1.0539e+14	1.4088e-16	1.1567e-15
1.0546e+14	3.6818e-16	1.4145e-15
1.0553e+14	4.0928e-16	1.4987e-15
1.0561e+14	2.3638e-16	1.4045e-15
1.0568e+14	-1.0493e-17	1.1999e-15
1.0575e+14	-1.3749e-16	9.7856e-16
1.0582e+14	-5.3076e-17	8.1166e-16
1.059e+14	1.6053e-16	7.2215e-16
1.0597e+14	3.177e-16	6.8948e-16
1.0604e+14	2.8264e-16	6.7261e-16
1.0611e+14	7.9803e-17	6.3561e-16
1.0618e+14	-1.2813e-16	5.6447e-16
1.0626e+14	-1.7519e-16	4.7156e-16
1.0633e+14	-2.8204e-17	3.8832e-16
1.064e+14	1.874e-16	3.4894e-16
1.0647e+14	2.9229e-16	3.7106e-16
1.0654e+14	2.0107e-16	4.4278e-16
1.0662e+14	-8.4511e-18	5.2578e-16
1.0669e+14	-1.6093e-16	5.7662e-16
1.0676e+14	-1.2891e-16	5.7522e-16
1.0683e+14	6.2402e-17	5.4094e-16
1.0691e+14	2.5695e-16	5.2175e-16
1.0698e+14	2.9736e-16	5.5978e-16
1.0705e+14	1.5449e-16	6.5593e-16
1.0712e+14	-4.9816e-17	7.6101e-16
1.0719e+14	-1.4495e-16	8.0407e-16
1.0727e+14	-5.3406e-17	7.4154e-16
1.0734e+14	1.4538e-16	5.9241e-16
1.0741e+14	2.8186e-16	4.3184e-16
1.0748e+14	2.3804e-16	3.4429e-16
1.0756e+14	4.6314e-17	3.6755e-16
1.0763e+14	-1.3666e-16	4.6764e-16
1.077e+14	-1.5964e-16	5.6335e-16
1.0777e+14	-2.5764e-18	5.8315e-16
1.0784e+14	2.0572e-16	5.1351e-16
1.0792e+14	2.9316e-16	4.0406e-16
1.0799e+14	1.8619e-16	3.2758e-16
1.0806e+14	-2.9071e-17	3.2619e-16
1.0813e+14	-1.7719e-16	3.8452e-16
1.0821e+14	-1.3734e-16	4.4853e-16
1.0828e+14	5.7518e-17	4.7258e-16
1.0835e+14	2.4804e-16	4.5629e-16
1.0842e+14	2.7965e-16	4.416e-16
1.0849e+14	1.2948e-16	4.732e-16
1.0857e+14	-7.559e-17	5.5517e-16
1.0864e+14	-1.6442e-16	6.3989e-16
1.0871e+14	-6.3469e-17	6.5992e-16
1.0878e+14	1.4225e-16	5.794e-16
1.0885e+14	2.7942e-16	4.2523e-16
1.0893e+14	2.3008e-16	2.736e-16
1.09e+14	3.0066e-17	2.0083e-16
1.0907e+14	-1.5926e-16	2.3408e-16
1.0914e+14	-1.8313e-16	3.3691e-16
1.0922e+14	-2.0821e-17	4.3787e-16
1.0929e+14	1.9656e-16	4.7904e-16
1.0936e+14	2.9275e-16	4.4923e-16
1.0943e+14	1.9015e-16	3.8135e-16
1.095e+14	-2.704e-17	3.215e-16
1.0958e+14	-1.8208e-16	2.9683e-16
1.0965e+14	-1.5017e-16	3.054e-16
1.0972e+14	4.0247e-17	3.3019e-16
1.0979e+14	2.3216e-16	3.596e-16
1.0987e+14	2.696e-16	3.9456e-16
1.0994e+14	1.2522e-16	4.3778e-16
1.1001e+14	-7.8778e-17	4.7867e-16
1.1008e+14	-1.7285e-16	4.9212e-16
1.1015e+14	-8.0574e-17	4.5605e-16
1.1023e+14	1.1874e-16	3.7365e-16
1.103e+14	2.5645e-16	2.7957e-16
1.1037e+14	2.1485e-16	2.2049e-16
1.1044e+14	2.5002e-17	2.2258e-16
1.1051e+14	-1.5858e-16	2.7116e-16
1.1059e+14	-1.8547e-16	3.2015e-16
1.1066e+14	-3.3654e-17	3.2599e-16
1.1073e+14	1.7203e-16	2.8047e-16
1.108e+14	2.6261e-16	2.1673e-16
1.1088e+14	1.6408e-16	1.8298e-16
1.1095e+14	-4.1733e-17	2.0434e-16
1.1102e+14	-1.8483e-16	2.6263e-16
1.1109e+14	-1.4728e-16	3.1021e-16
1.1116e+14	3.9524e-17	3.0712e-16
1.1124e+14	2.2086e-16	2.5213e-16
1.1131e+14	2.4628e-16	1.8357e-16
1.1138e+14	9.379e-17	1.4958e-16
1.1145e+14	-1.1187e-16	1.7183e-16
1.1153e+14	-2.0183e-16	2.3096e-16
1.116e+14	-1.0206e-16	2.8437e-16
1.1167e+14	1.0575e-16	3.0052e-16
1.1174e+14	2.5137e-16	2.8156e-16
1.1181e+14	2.1589e-16	2.566e-16
1.1189e+14	2.9157e-17	2.5272e-16
1.1196e+14	-1.5539e-16	2.6947e-16
1.1203e+14	-1.8722e-16	2.7906e-16
1.121e+14	-4.2396e-17	2.5264e-16
1.1218e+14	1.5752e-16	1.9013e-16
1.1225e+14	2.4643e-16	1.2734e-16
1.1232e+14	1.5109e-16	1.1191e-16
1.1239e+14	-4.8578e-17	1.6591e-16
1.1246e+14	-1.8584e-16	2.6489e-16
1.1254e+14	-1.4518e-16	3.5158e-16
1.1261e+14	4.188e-17	3.7528e-16
1.1268e+14	2.2245e-16	3.2756e-16
1.1275e+14	2.481e-16	2.4692e-16
1.1282e+14	9.7231e-17	1.8922e-16
1.129e+14	-1.0703e-16	1.8648e-16
1.1297e+14	-1.9806e-16	2.2573e-16
1.1304e+14	-1.028e-16	2.629e-16
1.1311e+14	9.8428e-17	2.5954e-16
1.1319e+14	2.3832e-16	2.1288e-16
1.1326e+14	2.0059e-16	1.5606e-16
1.1333e+14	1.5732e-17	1.2982e-16
1.134e+14	-1.6429e-16	1.4942e-16
1.1347e+14	-1.9139e-16	1.9324e-16
1.1355e+14	-4.346e-17	2.2155e-16
1.1362e+14	1.5746e-16	2.0904e-16
1.1369e+14	2.4575e-16	1.6479e-16
1.1376e+14	1.4868e-16	1.2382e-16
1.1384e+14	-5.3784e-17	1.1816e-16
1.1391e+14	-1.9484e-16	1.5125e-16
1.1398e+14	-1.5824e-16	1.963e-16
1.1405e+14	2.607e-17	2.1883e-16
1.1412e+14	2.0672e-16	2.0441e-16
1.142e+14	2.3555e-16	1.6891e-16
1.1427e+14	8.9383e-17	1.4367e-16
1.1434e+14	-1.1115e-16	1.4879e-16
1.1441e+14	-2.0118e-16	1.7697e-16
1.1449e+14	-1.0727e-16	2.0088e-16
1.1456e+14	9.2468e-17	1.9724e-16
1.1463e+14	2.3304e-16	1.6695e-16
1.147e+14	1.9867e-16	1.3445e-16
1.1477e+14	1.8022e-17	1.2707e-16
1.1485e+14	-1.598e-16	1.5181e-16
1.1492e+14	-1.8831e-16	1.8903e-16
1.1499e+14	-4.4348e-17	2.0837e-16
1.1506e+14	1.5302e-16	1.9352e-16
1.1513e+14	2.4087e-16	1.5543e-16
1.1521e+14	1.4667e-16	1.2319e-16
1.1528e+14	-5.2035e-17	1.2026e-16
1.1535e+14	-1.9174e-16	1.4592e-16
1.1542e+14	-1.5771e-16	1.7698e-16
1.155e+14	2.1634e-17	1.8783e-16
1.1557e+14	1.9842e-16	1.7178e-16
1.1564e+14	2.2729e-16	1.4578e-16
1.1571e+14	8.5026e-17	1.3487e-16
1.1578e+14	-1.1065e-16	1.4984e-16
1.1586e+14	-1.9847e-16	1.7723e-16
1.1593e+14	-1.0658e-16	1.9052e-16
1.16e+14	8.8398e-17	1.731e-16
1.1607e+14	2.2491e-16	1.3368e-16
1.1615e+14	1.8987e-16	1.0055e-16
1.1622e+14	1.1913e-17	9.9041e-17
1.1629e+14	-1.6232e-16	1.3046e-16
1.1636e+14	-1.892e-16	1.7024e-16
1.1643e+14	-4.6568e-17	1.8739e-16
1.1651e+14	1.4811e-16	1.6949e-16
1.1658e+14	2.3465e-16	1.3283e-16
1.1665e+14	1.4212e-16	1.0908e-16
1.1672e+14	-5.2813e-17	1.1908e-16
1.1679e+14	-1.8931e-16	1.5523e-16
1.1687e+14	-1.5505e-16	1.8706e-16
1.1694e+14	2.1267e-17	1.8589e-16
1.1701e+14	1.9377e-16	1.4858e-16
1.1708e+14	2.1982e-16	1.0107e-16
1.1716e+14	7.7703e-17	7.8386e-17
1.1723e+14	-1.1552e-16	9.7104e-17
1.173e+14	-2.0054e-16	1.4218e-16
1.1737e+14	-1.0714e-16	1.7886e-16
1.1744e+14	8.7943e-17	1.7994e-16
1.1752e+14	2.2427e-16	1.4665e-16
1.1759e+14	1.8984e-16	1.0662e-16
1.1766e+14	1.3259e-17	9.0941e-17
1.1773e+14	-1.5999e-16	1.0936e-16
1.1781e+14	-1.8741e-16	1.4346e-16
1.1788e+14	-4.679e-17	1.6301e-16
1.1795e+14	1.4579e-16	1.5153e-16
1.1802e+14	2.3177e-16	1.1999e-16
1.1809e+14	1.4075e-16	9.726e-17
1.1817e+14	-5.1723e-17	1.0555e-16
1.1824e+14	-1.8669e-16	1.4117e-16
1.1831e+14	-1.5294e-16	1.7678e-16
1.1838e+14	2.1407e-17	1.8348e-16
1.1846e+14	1.9233e-16	1.5475e-16
1.1853e+14	2.1876e-16	1.1251e-16
1.186e+14	7.8962e-17	9.0123e-17
1.1867e+14	-1.1168e-16	1.057e-16
1.1874e+14	-1.959e-16	1.4745e-16
1.1882e+14	-1.0421e-16	1.8273e-16
1.1889e+14	8.7791e-17	1.8383e-16
1.1896e+14	2.2181e-16	1.4979e-16
1.1903e+14	1.8734e-16	1.0697e-16
1.191e+14	1.2707e-17	8.804e-17
1.1918e+14	-1.5834e-16	1.0641e-16
1.1925e+14	-1.8509e-16	1.4628e-16
1.1932e+14	-4.5736e-17	1.7588e-16
1.1939e+14	1.4475e-16	1.7291e-16
1.1947e+14	2.2941e-16	1.4164e-16
1.1954e+14	1.3858e-16	1.0855e-16
1.1961e+14	-5.2842e-17	1.0057e-16
1.1968e+14	-1.8716e-16	1.2388e-16
1.1975e+14	-1.5382e-16	1.6001e-16
1.1983e+14	1.9718e-17	1.816e-16
1.199e+14	1.9071e-16	1.7443e-16
1.1997e+14	2.1874e-16	1.4772e-16
1.2004e+14	8.1228e-17	1.2507e-16
1.2012e+14	-1.0827e-16	1.2436e-16
1.2019e+14	-1.9376e-16	1.436e-16
1.2026e+14	-1.0526e-16	1.639e-16
1.2033e+14	8.3896e-17	1.6644e-16
1.204e+14	2.1776e-16	1.486e-16
1.2048e+14	1.8637e-16	1.2561e-16
1.2055e+14	1.6125e-17	1.1685e-16
1.2062e+14	-1.5234e-16	1.2874e-16
1.2069e+14	-1.8031e-16	1.4901e-16
1.2077e+14	-4.5308e-17	1.5738e-16
1.2084e+14	1.4069e-16	1.4344e-16
1.2091e+14	2.2384e-16	1.1639e-16
1.2098e+14	1.3543e-16	9.8055e-17
1.2105e+14	-5.1576e-17	1.0467e-16
1.2113e+14	-1.8286e-16	1.3263e-16
1.212e+14	-1.501e-16	1.6053e-16
1.2127e+14	1.9729e-17	1.6619e-16
1.2134e+14	1.8668e-16	1.45e-16
1.2141e+14	2.1329e-16	1.1435e-16
1.2149e+14	7.791e-17	1.0015e-16
1.2156e+14	-1.0759e-16	1.1602e-16
1.2163e+14	-1.9007e-16	1.5206e-16
1.217e+14	-1.0141e-16	1.8225e-16
1.2178e+14	8.5426e-17	1.8475e-16
1.2185e+14	2.1657e-16	1.5879e-16
1.2192e+14	1.8402e-16	1.2477e-16
1.2199e+14	1.4523e-17	1.0761e-16
1.2206e+14	-1.5258e-16	1.1711e-16
1.2214e+14	-1.8022e-16	1.4099e-16
1.2221e+14	-4.6374e-17	1.5583e-16
1.2228e+14	1.3802e-16	1.4664e-16
1.2235e+14	2.2072e-16	1.1893e-16
1.2243e+14	1.336e-16	9.3618e-17
1.225e+14	-5.1358e-17	8.9488e-17
1.2257e+14	-1.8164e-16	1.0786e-16
1.2264e+14	-1.4998e-16	1.3209e-16
1.2271e+14	1.7317e-17	1.42e-16
1.2279e+14	1.8224e-16	1.3086e-16
1.2286e+14	2.0898e-16	1.1073e-16
1.2293e+14	7.5789e-17	1.0175e-16
1.23e+14	-1.0723e-16	1.1453e-16
1.2308e+14	-1.8904e-16	1.4059e-16
1.2315e+14	-1.0216e-16	1.59e-16
1.2322e+14	8.1806e-17	1.5382e-16
1.2329e+14	2.1136e-16	1.2777e-16
1.2336e+14	1.7996e-16	1.0054e-16
1.2344e+14	1.3762e-17	9.293e-17
1.2351e+14	-1.5017e-16	1.0979e-16
1.2358e+14	-1.7687e-16	1.3599e-16
1.2365e+14	-4.4641e-17	1.4887e-16
1.2372e+14	1.3728e-16	1.3709e-16
1.238e+14	2.1895e-16	1.1023e-16
1.2387e+14	1.3326e-16	9.1132e-17
1.2394e+14	-4.8909e-17	9.691e-17
1.2401e+14	-1.7742e-16	1.2438e-16
1.2409e+14	-1.4672e-16	1.5189e-16
1.2416e+14	1.7257e-17	1.5652e-16
1.2423e+14	1.7869e-16	1.3275e-16
1.243e+14	2.0412e-16	9.7481e-17
1.2437e+14	7.2541e-17	7.7074e-17
1.2445e+14	-1.0734e-16	8.6694e-17
1.2452e+14	-1.8683e-16	1.1846e-16
1.2459e+14	-9.9956e-17	1.4787e-16
1.2466e+14	8.2136e-17	1.5319e-16
1.2474e+14	2.0979e-16	1.3229e-16
1.2481e+14	1.7816e-16	1.035e-16
1.2488e+14	1.3503e-17	9.0208e-17
1.2495e+14	-1.4855e-16	1.0185e-16
1.2502e+14	-1.7482e-16	1.2686e-16
1.251e+14	-4.4201e-17	1.4283e-16
1.2517e+14	1.3512e-16	1.3537e-16
1.2524e+14	2.15e-16	1.1e-16
1.2531e+14	1.2948e-16	8.7393e-17
1.2538e+14	-5.099e-17	8.6177e-17
1.2546e+14	-1.7771e-16	1.0747e-16
1.2553e+14	-1.4637e-16	1.3397e-16
1.256e+14	1.7112e-17	1.4422e-16
1.2567e+14	1.7806e-16	1.3027e-16
1.2575e+14	2.0413e-16	1.0416e-16
1.2582e+14	7.4306e-17	8.8002e-17
1.2589e+14	-1.0396e-16	9.574e-17
1.2596e+14	-1.8351e-16	1.2171e-16
1.2603e+14	-9.8784e-17	1.4519e-16
1.2611e+14	8.0178e-17	1.4731e-16
1.2618e+14	2.0563e-16	1.2624e-16
1.2625e+14	1.7395e-16	9.8529e-17
1.2632e+14	1.1015e-17	8.5418e-17
1.264e+14	-1.492e-16	9.5595e-17
1.2647e+14	-1.7506e-16	1.1839e-16
1.2654e+14	-4.5641e-17	1.3292e-16
1.2661e+14	1.3216e-16	1.2546e-16
1.2668e+14	2.1184e-16	1.0082e-16
1.2676e+14	1.2803e-16	7.8397e-17
1.2683e+14	-4.9804e-17	7.6269e-17
1.269e+14	-1.7478e-16	9.6494e-17
1.2697e+14	-1.4369e-16	1.2353e-16
1.2705e+14	1.797e-17	1.3691e-16
1.2712e+14	1.772e-16	1.2773e-16
1.2719e+14	2.0313e-16	1.0533e-16
1.2726e+14	7.4818e-17	8.916e-17
1.2733e+14	-1.0167e-16	9.2535e-17
1.2741e+14	-1.8084e-16	1.1202e-16
1.2748e+14	-9.7675e-17	1.3087e-16
1.2755e+14	7.8902e-17	1.3344e-16
1.2762e+14	2.0301e-16	1.1835e-16
1.2769e+14	1.7217e-16	9.9466e-17
1.2777e+14	1.1691e-17	9.3895e-17
1.2784e+14	-1.4619e-16	1.0731e-16
1.2791e+14	-1.7137e-16	1.2893e-16
1.2798e+14	-4.3018e-17	1.4045e-16
1.2806e+14	1.3336e-16	1.3155e-16
1.2813e+14	2.1292e-16	1.0888e-16
1.282e+14	1.3066e-16	9.0844e-17
1.2827e+14	-4.5221e-17	9.2325e-17
1.2834e+14	-1.6982e-16	1.1199e-16
1.2842e+14	-1.4099e-16	1.3284e-16
1.2849e+14	1.6662e-17	1.3599e-16
1.2856e+14	1.7239e-16	1.1639e-16
1.2863e+14	1.9733e-16	8.7652e-17
1.2871e+14	7.0781e-17	7.1657e-17
1.2878e+14	-1.0284e-16	8.1104e-17
1.2885e+14	-1.8027e-16	1.0909e-16
1.2892e+14	-9.7613e-17	1.3422e-16
1.2899e+14	7.7002e-17	1.3736e-16
1.2907e+14	1.9966e-16	1.1658e-16
1.2914e+14	1.6934e-16	8.8497e-17
1.2921e+14	1.1208e-17	7.4941e-17
1.2928e+14	-1.4421e-16	8.5746e-17
1.2936e+14	-1.6864e-16	1.114e-16
1.2943e+14	-4.1783e-17	1.3118e-16
1.295e+14	1.3195e-16	1.2999e-16
1.2957e+14	2.0952e-16	1.1013e-16
1.2964e+14	1.2704e-16	8.8781e-17
1.2972e+14	-4.7657e-17	8.3577e-17
1.2979e+14	-1.7095e-16	9.8255e-17
1.2986e+14	-1.4169e-16	1.2005e-16
1.2993e+14	1.5646e-17	1.3067e-16
1.3e+14	1.7135e-16	1.2157e-16
1.3008e+14	1.974e-16	1.0088e-16
1.3015e+14	7.2858e-17	8.6439e-17
1.3022e+14	-9.9194e-17	9.084e-17
1.3029e+14	-1.768e-16	1.1089e-16
1.3037e+14	-9.6175e-17	1.3017e-16
1.3044e+14	7.5854e-17	1.3254e-16
1.3051e+14	1.9713e-16	1.1538e-16
1.3058e+14	1.6747e-16	9.1776e-17
1.3065e+14	1.1196e-17	7.9947e-17
1.3073e+14	-1.4294e-16	8.8557e-17
1.308e+14	-1.6793e-16	1.0993e-16
1.3087e+14	-4.3129e-17	1.2648e-16
1.3094e+14	1.2881e-16	1.2491e-16
1.3102e+14	2.0654e-16	1.066e-16
1.3109e+14	1.2633e-16	8.5891e-17
1.3116e+14	-4.5588e-17	7.8113e-17
1.3123e+14	-1.6779e-16	8.7419e-17
1.313e+14	-1.4011e-16	1.0427e-16
1.3138e+14	1.4045e-17	1.1421e-16
1.3145e+14	1.6737e-16	1.1014e-16
1.3152e+14	1.9371e-16	9.7706e-17
1.3159e+14	7.1915e-17	8.9566e-17
1.3167e+14	-9.7064e-17	9.376e-17
1.3174e+14	-1.7368e-16	1.0648e-16
1.3181e+14	-9.4942e-17	1.1551e-16
1.3188e+14	7.3874e-17	1.1141e-16
1.3195e+14	1.9328e-16	9.6628e-17
1.3203e+14	1.648e-16	8.4331e-17
1.321e+14	1.2092e-17	8.7449e-17
1.3217e+14	-1.3868e-16	1.0702e-16
1.3224e+14	-1.631e-16	1.2992e-16
1.3231e+14	-4.1113e-17	1.3852e-16
1.3239e+14	1.2653e-16	1.2485e-16
1.3246e+14	2.0143e-16	9.7671e-17
1.3253e+14	1.2178e-16	7.6279e-17
1.326e+14	-4.6778e-17	7.5596e-17
1.3268e+14	-1.653e-16	9.442e-17
1.3275e+14	-1.3616e-16	1.1639e-16
1.3282e+14	1.6498e-17	1.2309e-16
1.3289e+14	1.6676e-16	1.0888e-16
1.3296e+14	1.9082e-16	8.5472e-17
1.3304e+14	6.9033e-17	7.2484e-17
1.3311e+14	-9.7996e-17	8.1555e-17
1.3318e+14	-1.7242e-16	1.068e-16
1.3325e+14	-9.2823e-17	1.2935e-16
1.3333e+14	7.5229e-17	1.3244e-16
1.334e+14	1.933e-16	1.1471e-16
1.3347e+14	1.6425e-16	9.1236e-17
1.3354e+14	1.2226e-17	8.129e-17
1.3361e+14	-1.3735e-16	9.2863e-17
1.3369e+14	-1.6126e-16	1.1639e-16
1.3376e+14	-4.0008e-17	1.3268e-16
1.3383e+14	1.2615e-16	1.2853e-16
1.339e+14	2.0002e-16	1.0739e-16
1.3397e+14	1.206e-16	8.6459e-17
1.3405e+14	-4.6614e-17	8.2727e-17
1.3412e+14	-1.6367e-16	9.926e-17
1.3419e+14	-1.3389e-16	1.2288e-16
1.3426e+14	1.8434e-17	1.3493e-16
1.3434e+14	1.6802e-16	1.2638e-16
1.3441e+14	1.9179e-16	1.0494e-16
1.3448e+14	7.027e-17	8.8667e-17
1.3455e+14	-9.6447e-17	9.1308e-17
1.3462e+14	-1.7111e-16	1.1133e-16
1.347e+14	-9.2282e-17	1.3337e-16
1.3477e+14	7.5166e-17	1.407e-16
1.3484e+14	1.9357e-16	1.2847e-16
1.3491e+14	1.6578e-16	1.0707e-16
1.3499e+14	1.4946e-17	9.3228e-17
1.3506e+14	-1.3478e-16	9.6391e-17
1.3513e+14	-1.606e-16	1.1154e-16
1.352e+14	-4.2062e-17	1.2405e-16
1.3527e+14	1.2245e-16	1.222e-16
1.3535e+14	1.9706e-16	1.0681e-16
1.3542e+14	1.2039e-16	9.0154e-17
1.3549e+14	-4.3995e-17	8.5318e-17
1.3556e+14	-1.6032e-16	9.5128e-17
1.3564e+14	-1.3261e-16	1.0999e-16
1.3571e+14	1.6243e-17	1.1632e-16
1.3578e+14	1.6352e-16	1.0835e-16
1.3585e+14	1.8801e-16	9.3255e-17
1.3592e+14	6.9845e-17	8.5059e-17
1.36e+14	-9.3254e-17	9.2474e-17
1.3607e+14	-1.6679e-16	1.1082e-16
1.3614e+14	-9.0463e-17	1.2509e-16
1.3621e+14	7.222e-17	1.2202e-16
1.3628e+14	1.8645e-16	1.013e-16
1.3636e+14	1.5746e-16	7.6631e-17
1.3643e+14	8.7461e-18	6.5485e-17
1.365e+14	-1.3726e-16	7.5447e-17
1.3657e+14	-1.6014e-16	9.8199e-17
1.3665e+14	-4.0801e-17	1.1596e-16
1.3672e+14	1.2279e-16	1.1532e-16
1.3679e+14	1.9623e-16	9.7509e-17
1.3686e+14	1.1936e-16	7.6965e-17
1.3693e+14	-4.432e-17	6.9616e-17
1.3701e+14	-1.6005e-16	8.0289e-17
1.3708e+14	-1.3283e-16	9.9295e-17
1.3715e+14	1.4444e-17	1.1063e-16
1.3722e+14	1.6004e-16	1.0495e-16
1.373e+14	1.8379e-16	8.6773e-17
1.3737e+14	6.61e-17	7.0406e-17
1.3744e+14	-9.6054e-17	6.8233e-17
1.3751e+14	-1.6911e-16	8.1056e-17
1.3758e+14	-9.2958e-17	9.8194e-17
1.3766e+14	6.9725e-17	1.0681e-16
1.3773e+14	1.8525e-16	1.0244e-16
1.378e+14	1.5908e-16	9.1974e-17
1.3787e+14	1.3564e-17	8.6901e-17
1.3795e+14	-1.3083e-16	9.2858e-17
1.3802e+14	-1.5499e-16	1.0447e-16
1.3809e+14	-3.9366e-17	1.0999e-16
1.3816e+14	1.2016e-16	1.0174e-16
1.3823e+14	1.9155e-16	8.3576e-17
1.3831e+14	1.1567e-16	6.8653e-17
1.3838e+14	-4.4951e-17	6.9153e-17
1.3845e+14	-1.5774e-16	8.6147e-17
1.3852e+14	-1.295e-16	1.0803e-16
1.3859e+14	1.6665e-17	1.1904e-16
1.3867e+14	1.6035e-16	1.1126e-16
1.3874e+14	1.8309e-16	9.0623e-17
1.3881e+14	6.5982e-17	7.2239e-17
1.3888e+14	-9.4698e-17	6.8958e-17
1.3896e+14	-1.6674e-16	8.2133e-17
1.3903e+14	-9.0844e-17	1.0168e-16
1.391e+14	7.0683e-17	1.1475e-16
1.3917e+14	1.8528e-16	1.1569e-16
1.3924e+14	1.5926e-16	1.0911e-16
1.3932e+14	1.4751e-17	1.0433e-16
1.3939e+14	-1.2883e-16	1.0638e-16
1.3946e+14	-1.5331e-16	1.1151e-16
1.3953e+14	-3.9021e-17	1.1114e-16
1.3961e+14	1.1921e-16	1.0041e-16
1.3968e+14	1.9049e-16	8.377e-17
1.3975e+14	1.1587e-16	7.2357e-17
1.3982e+14	-4.3189e-17	7.5045e-17
1.3989e+14	-1.5559e-16	9.0617e-17
1.3997e+14	-1.2874e-16	1.0793e-16
1.4004e+14	1.5162e-17	1.1434e-16
1.4011e+14	1.5754e-16	1.0576e-16
1.4018e+14	1.8129e-16	9.008e-17
1.4026e+14	6.7252e-17	8.0924e-17
1.4033e+14	-9.0089e-17	8.673e-17
1.404e+14	-1.6064e-16	1.0388e-16
1.4047e+14	-8.6005e-17	1.1955e-16
1.4054e+14	7.2397e-17	1.22e-16
1.4062e+14	1.8399e-16	1.0996e-16
1.4069e+14	1.5668e-16	9.3514e-17
1.4076e+14	1.2725e-17	8.5772e-17
1.4083e+14	-1.2963e-16	9.2198e-17
1.409e+14	-1.5359e-16	1.0627e-16
1.4098e+14	-3.994e-17	1.1502e-16
1.4105e+14	1.1724e-16	1.098e-16
1.4112e+14	1.8822e-16	9.3512e-17
1.4119e+14	1.1446e-16	7.8235e-17
1.4127e+14	-4.3236e-17	7.5392e-17
1.4134e+14	-1.5496e-16	8.6408e-17
1.4141e+14	-1.2873e-16	1.0163e-16
1.4148e+14	1.3822e-17	1.0836e-16
1.4155e+14	1.5541e-16	1.0136e-16
1.4163e+14	1.7981e-16	8.725e-17
1.417e+14	6.7465e-17	7.9107e-17
1.4177e+14	-8.8579e-17	8.568e-17
1.4184e+14	-1.5954e-16	1.0402e-16
1.4192e+14	-8.7008e-17	1.215e-16
1.4199e+14	6.9066e-17	1.2563e-16
1.4206e+14	1.7997e-16	1.1367e-16
1.4213e+14	1.5436e-16	9.451e-17
1.422e+14	1.3427e-17	8.1343e-17
1.4228e+14	-1.2676e-16	8.142e-17
1.4235e+14	-1.5101e-16	9.1026e-17
1.4242e+14	-3.9853e-17	9.9536e-17
1.4249e+14	1.1462e-16	9.8805e-17
1.4256e+14	1.8487e-16	8.9943e-17
1.4264e+14	1.131e-16	8.1943e-17
1.4271e+14	-4.1251e-17	8.3602e-17
1.4278e+14	-1.5069e-16	9.5738e-17
1.4285e+14	-1.2482e-16	1.1035e-16
1.4293e+14	1.5175e-17	1.1738e-16
1.43e+14	1.5417e-16	1.1322e-16
1.4307e+14	1.7807e-16	1.0371e-16
1.4314e+14	6.7776e-17	9.8938e-17
1.4321e+14	-8.5335e-17	1.043e-16
1.4329e+14	-1.5496e-16	1.1543e-16
1.4336e+14	-8.4087e-17	1.2157e-16
1.4343e+14	6.8146e-17	1.1478e-16
1.435e+14	1.7549e-16	9.7292e-17
1.4358e+14	1.4895e-16	8.0722e-17
1.4365e+14	1.0265e-17	7.732e-17
1.4372e+14	-1.2601e-16	9.028e-17
1.4379e+14	-1.4709e-16	1.1093e-16
1.4386e+14	-3.5086e-17	1.2525e-16
1.4394e+14	1.1813e-16	1.2455e-16
1.4401e+14	1.8662e-16	1.1175e-16
1.4408e+14	1.1409e-16	9.8293e-17
1.4415e+14	-3.9677e-17	9.4376e-17
1.4423e+14	-1.4817e-16	1.0069e-16
1.443e+14	-1.223e-16	1.0842e-16
1.4437e+14	1.6252e-17	1.0737e-16
1.4444e+14	1.5305e-16	9.5388e-17
1.4451e+14	1.7528e-16	8.0767e-17
1.4459e+14	6.4651e-17	7.5599e-17
1.4466e+14	-8.7653e-17	8.53e-17
1.4473e+14	-1.5626e-16	1.0322e-16
1.448e+14	-8.4971e-17	1.1515e-16
1.4487e+14	6.7059e-17	1.105e-16
1.4495e+14	1.742e-16	9.1082e-17
1.4502e+14	1.4799e-16	7.0369e-17
1.4509e+14	1.0085e-17	6.3308e-17
1.4516e+14	-1.2573e-16	7.4774e-17
1.4524e+14	-1.4738e-16	9.5807e-17
1.4531e+14	-3.6898e-17	1.1073e-16
1.4538e+14	1.1479e-16	1.0951e-16
1.4545e+14	1.8286e-16	9.5473e-17
1.4552e+14	1.1145e-16	8.228e-17
1.456e+14	-4.0353e-17	8.2572e-17
1.4567e+14	-1.4731e-16	9.7561e-17
1.4574e+14	-1.2124e-16	1.1595e-16
1.4581e+14	1.6328e-17	1.2307e-16
1.4589e+14	1.5201e-16	1.1283e-16
1.4596e+14	1.7403e-16	9.2833e-17
1.4603e+14	6.4341e-17	7.845e-17
1.461e+14	-8.6671e-17	8.063e-17
1.4617e+14	-1.5471e-16	9.7216e-17
1.4625e+14	-8.4007e-17	1.1472e-16
1.4632e+14	6.6824e-17	1.1911e-16
1.4639e+14	1.7327e-16	1.0696e-16
1.4646e+14	1.4764e-16	8.8131e-17
1.4654e+14	1.1301e-17	7.7908e-17
1.4661e+14	-1.2299e-16	8.4971e-17
1.4668e+14	-1.4417e-16	1.0473e-16
1.4675e+14	-3.4439e-17	1.231e-16
1.4682e+14	1.1596e-16	1.2744e-16
1.469e+14	1.8314e-16	1.1594e-16
1.4697e+14	1.1158e-16	9.8122e-17
1.4704e+14	-4.0076e-17	8.6737e-17
1.4711e+14	-1.4734e-16	8.7894e-17
1.4718e+14	-1.2226e-16	9.7362e-17
1.4726e+14	1.4254e-17	1.0554e-16
1.4733e+14	1.4987e-16	1.0635e-16
1.474e+14	1.7336e-16	1.0231e-16
1.4747e+14	6.6104e-17	1.0157e-16
1.4755e+14	-8.2859e-17	1.0974e-16
1.4762e+14	-1.5041e-16	1.2384e-16
1.4769e+14	-8.0868e-17	1.3366e-16
1.4776e+14	6.8182e-17	1.2995e-16
1.4783e+14	1.7353e-16	1.1238e-16
1.4791e+14	1.4798e-16	9.079e-17
1.4798e+14	1.22e-17	7.8238e-17
1.4805e+14	-1.2231e-16	8.1314e-17
1.4812e+14	-1.4508e-16	9.5447e-17
1.482e+14	-3.7608e-17	1.0882e-16
1.4827e+14	1.1149e-16	1.1165e-16
1.4834e+14	1.7956e-16	1.0329e-16
1.4841e+14	1.1083e-16	9.1668e-17
1.4848e+14	-3.7874e-17	8.5894e-17
1.4856e+14	-1.4411e-16	8.8504e-17
1.4863e+14	-1.2077e-16	9.3864e-17
1.487e+14	1.2369e-17	9.385e-17
1.4877e+14	1.4519e-16	8.5718e-17
1.4885e+14	1.6822e-16	7.5201e-17
1.4892e+14	6.2784e-17	7.1935e-17
1.4899e+14	-8.3767e-17	8.0969e-17
1.4906e+14	-1.5031e-16	9.7596e-17
1.4913e+14	-8.189e-17	1.1021e-16
1.4921e+14	6.5047e-17	1.0925e-16
1.4928e+14	1.6929e-16	9.5014e-17
1.4935e+14	1.4487e-16	7.7906e-17
1.4942e+14	1.1876e-17	7.0578e-17
1.4949e+14	-1.2015e-16	7.8127e-17
1.4957e+14	-1.4259e-16	9.4194e-17
1.4964e+14	-3.7166e-17	1.0612e-16
1.4971e+14	1.0913e-16	1.0508e-16
1.4978e+14	1.7589e-16	9.2963e-17
1.4986e+14	1.0851e-16	8.0693e-17
1.4993e+14	-3.6934e-17	7.9172e-17
1.5e+14	-1.4015e-16	9.0407e-17
