#Error on normalization	O = -0.265 %	H = 2.780 %
#Frequence (s-1)	S_O (s)	S_H (s)
0	9.8616e-17	2.2963e-15
1.5098e+11	-3.2921e-17	1.1494e-15
3.0196e+11	-7.3918e-17	-3.4125e-16
4.5294e+11	7.4332e-17	-1.8144e-16
6.0393e+11	8.2729e-19	3.0376e-16
7.5491e+11	-7.8448e-17	-2.35e-17
9.0589e+11	7.191e-17	-1.6484e-16
1.0569e+12	3.6963e-17	1.4073e-16
1.2079e+12	-8.5449e-17	7.9857e-17
1.3588e+12	9.3692e-17	-1.1077e-16
1.5098e+12	1.587e-16	5.1999e-17
1.6608e+12	-2.5174e-17	1.0428e-16
1.8118e+12	8.1616e-17	-6.7498e-17
1.9628e+12	2.43e-16	-3.7969e-18
2.1137e+12	8.1262e-17	1.1455e-16
2.2647e+12	1.3754e-16	-3.3394e-19
2.4157e+12	3.8767e-16	-2.06e-17
2.5667e+12	2.1371e-16	9.7095e-17
2.7177e+12	9.5445e-17	3.7889e-17
2.8686e+12	4.0992e-16	-2.8373e-17
3.0196e+12	3.6157e-16	7.6248e-17
3.1706e+12	2.8456e-17	7.5435e-17
3.3216e+12	2.4801e-16	-1.6478e-17
3.4726e+12	6.3534e-16	5.9107e-17
3.6236e+12	9.2485e-16	1.3467e-16
3.7745e+12	1.9051e-15	8.866e-17
3.9255e+12	3.4609e-15	1.7301e-16
4.0765e+12	5.3158e-15	3.6066e-16
4.2275e+12	8.6561e-15	4.6817e-16
4.3785e+12	1.3542e-14	6.7004e-16
4.5294e+12	1.7305e-14	9.4374e-16
4.6804e+12	1.6955e-14	8.8359e-16
4.8314e+12	1.1776e-14	5.4212e-16
4.9824e+12	5.5385e-15	3.4715e-16
5.1334e+12	3.604e-15	2.9964e-16
5.2843e+12	4.0439e-15	1.961e-16
5.4353e+12	1.4492e-15	1.219e-16
5.5863e+12	9.3853e-16	2.0041e-16
5.7373e+12	8.3623e-15	3.6529e-16
5.8883e+12	1.2379e-14	4.363e-16
6.0393e+12	6.0999e-15	3.392e-16
6.1902e+12	8.3217e-15	4.2449e-16
6.3412e+12	2.6583e-14	9.3928e-16
6.4922e+12	3.2897e-14	1.1931e-15
6.6432e+12	1.4202e-14	6.072e-16
6.7942e+12	-9.0093e-16	2.067e-17
6.9451e+12	3.4598e-15	2.001e-16
7.0961e+12	7.1765e-15	4.2463e-16
7.2471e+12	1.8605e-15	1.7707e-16
7.3981e+12	1.3026e-15	1.0632e-16
7.5491e+12	4.7304e-15	3.2605e-16
7.7001e+12	2.293e-15	2.521e-16
7.851e+12	-5.9889e-17	9.9493e-17
8.002e+12	2.7435e-15	2.6732e-16
8.153e+12	3.1044e-15	3.3575e-16
8.304e+12	9.3673e-16	1.7534e-16
8.455e+12	2.4413e-15	2.3402e-16
8.6059e+12	3.6616e-15	3.6044e-16
8.7569e+12	1.7301e-15	2.5558e-16
8.9079e+12	2.5339e-15	2.7694e-16
9.0589e+12	5.129e-15	4.5886e-16
9.2099e+12	4.7413e-15	3.9648e-16
9.3608e+12	6.1185e-15	3.8183e-16
9.5118e+12	1.1305e-14	7.4881e-16
9.6628e+12	1.3577e-14	9.8203e-16
9.8138e+12	1.5255e-14	1.0018e-15
9.9648e+12	2.6011e-14	1.5989e-15
1.0116e+13	4.3778e-14	2.7974e-15
1.0267e+13	5.6146e-14	3.5554e-15
1.0418e+13	5.2143e-14	3.1171e-15
1.0569e+13	3.2897e-14	1.8091e-15
1.072e+13	2.0378e-14	9.8852e-16
1.0871e+13	3.1784e-14	1.5685e-15
1.1022e+13	4.754e-14	2.3871e-15
1.1173e+13	5.0625e-14	2.3204e-15
1.1324e+13	6.8622e-14	2.9105e-15
1.1475e+13	1.1222e-13	5.0792e-15
1.1626e+13	1.3099e-13	6.147e-15
1.1777e+13	9.9367e-14	4.5633e-15
1.1928e+13	6.2736e-14	2.8735e-15
1.2079e+13	4.7925e-14	2.4699e-15
1.2229e+13	3.3514e-14	1.8344e-15
1.238e+13	2.6358e-14	1.4351e-15
1.2531e+13	5.0665e-14	2.8861e-15
1.2682e+13	7.7676e-14	4.297e-15
1.2833e+13	7.1588e-14	3.5169e-15
1.2984e+13	5.3881e-14	2.3466e-15
1.3135e+13	4.6366e-14	2.261e-15
1.3286e+13	3.1844e-14	1.7651e-15
1.3437e+13	1.2892e-14	7.9319e-16
1.3588e+13	1.7324e-14	1.0847e-15
1.3739e+13	3.7779e-14	2.0719e-15
1.389e+13	4.5354e-14	2.1946e-15
1.4041e+13	3.8869e-14	1.9317e-15
1.4192e+13	2.8722e-14	1.7778e-15
1.4343e+13	1.7139e-14	1.2076e-15
1.4494e+13	1.3431e-14	8.2071e-16
1.4645e+13	2.0933e-14	1.2814e-15
1.4796e+13	2.264e-14	1.5068e-15
1.4947e+13	1.445e-14	1.0685e-15
1.5098e+13	1.3283e-14	1.115e-15
1.5249e+13	1.9113e-14	1.5868e-15
1.54e+13	1.8675e-14	1.5012e-15
1.5551e+13	1.6266e-14	1.2821e-15
1.5702e+13	1.7486e-14	1.4163e-15
1.5853e+13	1.3486e-14	1.2199e-15
1.6004e+13	6.8088e-15	8.1281e-16
1.6155e+13	1.0908e-14	1.0545e-15
1.6306e+13	2.1093e-14	1.5116e-15
1.6457e+13	2.6101e-14	1.5341e-15
1.6608e+13	3.0361e-14	1.7066e-15
1.6759e+13	3.6481e-14	2.2405e-15
1.691e+13	3.6511e-14	2.4365e-15
1.7061e+13	3.1444e-14	2.2405e-15
1.7212e+13	2.7998e-14	1.979e-15
1.7363e+13	2.4193e-14	1.555e-15
1.7514e+13	2.0437e-14	1.3092e-15
1.7665e+13	2.2645e-14	1.7018e-15
1.7816e+13	2.6144e-14	2.0744e-15
1.7967e+13	2.2902e-14	1.8135e-15
1.8118e+13	1.7679e-14	1.5038e-15
1.8269e+13	1.6064e-14	1.5027e-15
1.842e+13	1.4913e-14	1.4327e-15
1.8571e+13	1.3771e-14	1.3854e-15
1.8722e+13	1.4164e-14	1.5297e-15
1.8873e+13	1.279e-14	1.4383e-15
1.9024e+13	1.136e-14	1.2063e-15
1.9175e+13	1.5535e-14	1.4295e-15
1.9326e+13	1.9624e-14	1.7776e-15
1.9477e+13	1.6048e-14	1.652e-15
1.9628e+13	1.11e-14	1.4145e-15
1.9779e+13	1.0369e-14	1.3802e-15
1.993e+13	9.6227e-15	1.2859e-15
2.0081e+13	1.1361e-14	1.3768e-15
2.0232e+13	2.1892e-14	1.9776e-15
2.0382e+13	3.3786e-14	2.4561e-15
2.0533e+13	4.0065e-14	2.4283e-15
2.0684e+13	5.0424e-14	2.6489e-15
2.0835e+13	6.8924e-14	3.4534e-15
2.0986e+13	7.9685e-14	4.0163e-15
2.1137e+13	7.1843e-14	3.7592e-15
2.1288e+13	5.4544e-14	3.0877e-15
2.1439e+13	4.0576e-14	2.6796e-15
2.159e+13	3.4167e-14	2.7658e-15
2.1741e+13	3.2681e-14	2.9305e-15
2.1892e+13	2.9984e-14	2.6921e-15
2.2043e+13	2.4745e-14	2.3358e-15
2.2194e+13	2.4184e-14	2.4387e-15
2.2345e+13	3.0503e-14	2.8075e-15
2.2496e+13	3.3711e-14	2.8661e-15
2.2647e+13	2.7717e-14	2.5944e-15
2.2798e+13	2.0317e-14	2.3276e-15
2.2949e+13	1.951e-14	2.2598e-15
2.31e+13	2.2614e-14	2.4126e-15
2.3251e+13	2.4581e-14	2.5946e-15
2.3402e+13	2.6734e-14	2.6077e-15
2.3553e+13	3.1029e-14	2.6079e-15
2.3704e+13	3.2597e-14	2.7731e-15
2.3855e+13	2.6908e-14	2.9701e-15
2.4006e+13	2.0128e-14	3.1584e-15
2.4157e+13	2.0252e-14	3.4061e-15
2.4308e+13	2.2738e-14	3.4574e-15
2.4459e+13	2.0341e-14	3.1236e-15
2.461e+13	1.8715e-14	2.8044e-15
2.4761e+13	2.4124e-14	3.0154e-15
2.4912e+13	2.8679e-14	3.7553e-15
2.5063e+13	2.5836e-14	4.4024e-15
2.5214e+13	2.327e-14	4.2378e-15
2.5365e+13	2.5715e-14	3.5802e-15
2.5516e+13	2.6183e-14	3.6387e-15
2.5667e+13	2.3829e-14	4.4859e-15
2.5818e+13	2.7007e-14	4.9113e-15
2.5969e+13	3.3955e-14	4.709e-15
2.612e+13	3.4394e-14	4.6241e-15
2.6271e+13	3.0836e-14	4.6428e-15
2.6422e+13	3.5142e-14	4.9471e-15
2.6573e+13	4.5727e-14	6.3075e-15
2.6724e+13	4.9991e-14	7.5745e-15
2.6875e+13	4.6325e-14	6.748e-15
2.7026e+13	4.3512e-14	5.085e-15
2.7177e+13	4.3323e-14	5.1747e-15
2.7328e+13	4.2902e-14	6.359e-15
2.7479e+13	4.5847e-14	6.7693e-15
2.763e+13	5.3013e-14	6.5951e-15
2.7781e+13	5.6097e-14	6.6145e-15
2.7932e+13	5.4369e-14	7.7783e-15
2.8083e+13	5.6153e-14	1.0961e-14
2.8234e+13	5.7442e-14	1.3052e-14
2.8384e+13	5.0474e-14	1.0036e-14
2.8535e+13	4.8922e-14	6.4332e-15
2.8686e+13	6.463e-14	9.5092e-15
2.8837e+13	7.7118e-14	1.4975e-14
2.8988e+13	6.9217e-14	1.4791e-14
2.9139e+13	6.0002e-14	1.319e-14
2.929e+13	6.3476e-14	1.6293e-14
2.9441e+13	6.2847e-14	1.776e-14
2.9592e+13	5.44e-14	1.3288e-14
2.9743e+13	5.7997e-14	1.2012e-14
2.9894e+13	7.1065e-14	1.8187e-14
3.0045e+13	7.304e-14	2.2693e-14
3.0196e+13	6.7967e-14	2.1967e-14
3.0347e+13	6.7935e-14	2.2172e-14
3.0498e+13	6.2476e-14	2.2899e-14
3.0649e+13	4.7091e-14	1.9669e-14
3.08e+13	3.9728e-14	1.7138e-14
3.0951e+13	4.404e-14	2.004e-14
3.1102e+13	4.3552e-14	2.2521e-14
3.1253e+13	3.6207e-14	2.0668e-14
3.1404e+13	3.1524e-14	1.9848e-14
3.1555e+13	2.8098e-14	2.1773e-14
3.1706e+13	2.4559e-14	2.1709e-14
3.1857e+13	2.5924e-14	2.0435e-14
3.2008e+13	2.7179e-14	2.2723e-14
3.2159e+13	2.2097e-14	2.6798e-14
3.231e+13	1.9981e-14	2.8166e-14
3.2461e+13	2.5198e-14	2.7978e-14
3.2612e+13	2.5178e-14	2.8779e-14
3.2763e+13	1.7791e-14	2.9011e-14
3.2914e+13	1.6008e-14	2.7344e-14
3.3065e+13	1.9547e-14	2.6565e-14
3.3216e+13	1.7807e-14	2.95e-14
3.3367e+13	1.342e-14	3.4476e-14
3.3518e+13	1.3311e-14	3.8185e-14
3.3669e+13	1.3781e-14	4.1385e-14
3.382e+13	1.2314e-14	4.6185e-14
3.3971e+13	1.2356e-14	4.8587e-14
3.4122e+13	1.2289e-14	4.365e-14
3.4273e+13	9.9718e-15	3.6956e-14
3.4424e+13	1.001e-14	3.7187e-14
3.4575e+13	1.2617e-14	4.1035e-14
3.4726e+13	1.1661e-14	4.1641e-14
3.4877e+13	8.5382e-15	4.2744e-14
3.5028e+13	8.8722e-15	4.6984e-14
3.5179e+13	9.9853e-15	4.5552e-14
3.533e+13	8.4017e-15	3.6076e-14
3.5481e+13	8.1092e-15	3.0878e-14
3.5632e+13	1.0504e-14	3.5211e-14
3.5783e+13	1.1166e-14	3.9632e-14
3.5934e+13	9.9703e-15	3.9145e-14
3.6085e+13	9.8812e-15	3.7655e-14
3.6236e+13	9.3068e-15	3.5676e-14
3.6387e+13	6.8569e-15	3.2201e-14
3.6537e+13	5.6651e-15	3.0478e-14
3.6688e+13	6.7724e-15	3.0843e-14
3.6839e+13	7.4276e-15	2.9916e-14
3.699e+13	6.9181e-15	2.8501e-14
3.7141e+13	6.3463e-15	2.78e-14
3.7292e+13	5.6023e-15	2.532e-14
3.7443e+13	5.0702e-15	2.307e-14
3.7594e+13	5.5293e-15	2.523e-14
3.7745e+13	5.7406e-15	2.6815e-14
3.7896e+13	4.7779e-15	2.2844e-14
3.8047e+13	4.0978e-15	2.0109e-14
3.8198e+13	4.2366e-15	2.2486e-14
3.8349e+13	3.9354e-15	2.2331e-14
3.85e+13	3.3717e-15	1.8638e-14
3.8651e+13	3.6066e-15	1.949e-14
3.8802e+13	4.0475e-15	2.284e-14
3.8953e+13	3.9283e-15	2.1294e-14
3.9104e+13	3.7844e-15	1.9528e-14
3.9255e+13	3.8304e-15	2.289e-14
3.9406e+13	3.6642e-15	2.4457e-14
3.9557e+13	3.4457e-15	2.1346e-14
3.9708e+13	3.3536e-15	2.1911e-14
3.9859e+13	3.2223e-15	2.7098e-14
4.001e+13	3.3177e-15	2.8273e-14
4.0161e+13	3.6582e-15	2.4675e-14
4.0312e+13	3.4753e-15	2.2539e-14
4.0463e+13	2.8547e-15	2.2554e-14
4.0614e+13	2.8438e-15	2.214e-14
4.0765e+13	3.2965e-15	2.1125e-14
4.0916e+13	3.2316e-15	1.9412e-14
4.1067e+13	2.8609e-15	1.7623e-14
4.1218e+13	2.7752e-15	1.797e-14
4.1369e+13	2.6103e-15	1.9385e-14
4.152e+13	2.322e-15	1.8956e-14
4.1671e+13	2.5629e-15	1.8021e-14
4.1822e+13	2.9952e-15	1.8359e-14
4.1973e+13	2.7666e-15	1.7964e-14
4.2124e+13	2.3881e-15	1.698e-14
4.2275e+13	2.6686e-15	1.819e-14
4.2426e+13	2.9532e-15	1.9625e-14
4.2577e+13	2.5272e-15	1.7777e-14
4.2728e+13	2.0738e-15	1.5322e-14
4.2879e+13	2.2205e-15	1.5771e-14
4.303e+13	2.4795e-15	1.699e-14
4.3181e+13	2.4533e-15	1.6943e-14
4.3332e+13	2.4218e-15	1.7853e-14
4.3483e+13	2.5264e-15	2.0786e-14
4.3634e+13	2.6091e-15	2.3012e-14
4.3785e+13	2.6179e-15	2.2513e-14
4.3936e+13	2.5351e-15	2.1083e-14
4.4087e+13	2.3742e-15	2.1305e-14
4.4238e+13	2.2972e-15	2.1813e-14
4.4389e+13	2.3e-15	1.9523e-14
4.454e+13	2.2137e-15	1.6784e-14
4.469e+13	2.1572e-15	1.8524e-14
4.4841e+13	2.2763e-15	2.2437e-14
4.4992e+13	2.312e-15	2.288e-14
4.5143e+13	2.1558e-15	2.1428e-14
4.5294e+13	2.1259e-15	2.1743e-14
4.5445e+13	2.2215e-15	2.1766e-14
4.5596e+13	2.1101e-15	2.0741e-14
4.5747e+13	1.9036e-15	2.1806e-14
4.5898e+13	1.904e-15	2.3322e-14
4.6049e+13	1.999e-15	2.2202e-14
4.62e+13	2.0587e-15	2.2256e-14
4.6351e+13	2.1292e-15	2.5338e-14
4.6502e+13	2.0437e-15	2.5748e-14
4.6653e+13	1.8128e-15	2.3059e-14
4.6804e+13	1.9175e-15	2.3549e-14
4.6955e+13	2.3665e-15	2.6434e-14
4.7106e+13	2.5134e-15	2.664e-14
4.7257e+13	2.2565e-15	2.557e-14
4.7408e+13	2.0778e-15	2.5408e-14
4.7559e+13	2.0472e-15	2.4872e-14
4.771e+13	2.0462e-15	2.5701e-14
4.7861e+13	2.2272e-15	2.89e-14
4.8012e+13	2.4424e-15	3.0328e-14
4.8163e+13	2.361e-15	3.079e-14
4.8314e+13	2.2464e-15	3.4232e-14
4.8465e+13	2.3902e-15	3.4627e-14
4.8616e+13	2.4394e-15	2.8094e-14
4.8767e+13	2.2516e-15	2.6213e-14
4.8918e+13	2.2222e-15	3.256e-14
4.9069e+13	2.3465e-15	3.2139e-14
4.922e+13	2.3035e-15	2.372e-14
4.9371e+13	2.2119e-15	2.4576e-14
4.9522e+13	2.2328e-15	3.364e-14
4.9673e+13	2.2398e-15	3.4138e-14
4.9824e+13	2.3121e-15	2.897e-14
4.9975e+13	2.4684e-15	3.0515e-14
5.0126e+13	2.3102e-15	3.2576e-14
5.0277e+13	1.9216e-15	2.7653e-14
5.0428e+13	1.9708e-15	2.4772e-14
5.0579e+13	2.3579e-15	2.7691e-14
5.073e+13	2.3733e-15	2.7344e-14
5.0881e+13	2.1281e-15	2.4048e-14
5.1032e+13	2.1484e-15	2.6182e-14
5.1183e+13	2.2327e-15	3.0592e-14
5.1334e+13	2.0757e-15	2.923e-14
5.1485e+13	1.9571e-15	2.4651e-14
5.1636e+13	2.0223e-15	2.3274e-14
5.1787e+13	2.0137e-15	2.4858e-14
5.1938e+13	1.8963e-15	2.5178e-14
5.2089e+13	1.8537e-15	2.2217e-14
5.224e+13	1.8956e-15	1.9451e-14
5.2391e+13	1.9051e-15	2.1538e-14
5.2542e+13	1.7716e-15	2.4988e-14
5.2693e+13	1.5551e-15	2.353e-14
5.2843e+13	1.5691e-15	2.1622e-14
5.2994e+13	1.8343e-15	2.5289e-14
5.3145e+13	1.8499e-15	2.732e-14
5.3296e+13	1.4985e-15	2.2201e-14
5.3447e+13	1.3281e-15	1.9973e-14
5.3598e+13	1.5109e-15	2.5816e-14
5.3749e+13	1.6261e-15	2.83e-14
5.39e+13	1.529e-15	2.2264e-14
5.4051e+13	1.4072e-15	1.7596e-14
5.4202e+13	1.3271e-15	1.8438e-14
5.4353e+13	1.3391e-15	1.8693e-14
5.4504e+13	1.4132e-15	1.7407e-14
5.4655e+13	1.3122e-15	1.8045e-14
5.4806e+13	1.1439e-15	1.8989e-14
5.4957e+13	1.303e-15	1.8152e-14
5.5108e+13	1.55e-15	1.7581e-14
5.5259e+13	1.3965e-15	1.7757e-14
5.541e+13	1.1791e-15	1.6822e-14
5.5561e+13	1.3268e-15	1.53e-14
5.5712e+13	1.4102e-15	1.4612e-14
5.5863e+13	1.1441e-15	1.4321e-14
5.6014e+13	9.9668e-16	1.3834e-14
5.6165e+13	1.0959e-15	1.3125e-14
5.6316e+13	1.0816e-15	1.2454e-14
5.6467e+13	1.0462e-15	1.2961e-14
5.6618e+13	1.1917e-15	1.4376e-14
5.6769e+13	1.2092e-15	1.3906e-14
5.692e+13	1.0091e-15	1.1396e-14
5.7071e+13	9.6914e-16	1.0619e-14
5.7222e+13	1.0553e-15	1.2264e-14
5.7373e+13	9.4953e-16	1.2734e-14
5.7524e+13	8.4035e-16	1.132e-14
5.7675e+13	9.6497e-16	1.0796e-14
5.7826e+13	1.0319e-15	1.1288e-14
5.7977e+13	8.7789e-16	1.0627e-14
5.8128e+13	8.1309e-16	9.2543e-15
5.8279e+13	9.3715e-16	9.3356e-15
5.843e+13	9.813e-16	1.0718e-14
5.8581e+13	8.8649e-16	1.1305e-14
5.8732e+13	8.4942e-16	1.0205e-14
5.8883e+13	9.0075e-16	8.5231e-15
5.9034e+13	8.9521e-16	7.5892e-15
5.9185e+13	8.1822e-16	7.6646e-15
5.9336e+13	8.128e-16	8.3438e-15
5.9487e+13	8.9096e-16	9.0624e-15
5.9638e+13	8.6363e-16	9.088e-15
5.9789e+13	7.0092e-16	8.2597e-15
5.994e+13	6.4486e-16	7.5174e-15
6.0091e+13	7.5732e-16	7.5968e-15
6.0242e+13	7.983e-16	8.0442e-15
6.0393e+13	7.066e-16	8.1735e-15
6.0544e+13	6.6788e-16	7.8123e-15
6.0695e+13	7.0605e-16	7.223e-15
6.0845e+13	7.2133e-16	7.0995e-15
6.0996e+13	7.4139e-16	7.6215e-15
6.1147e+13	7.7281e-16	7.8337e-15
6.1298e+13	7.4018e-16	7.5189e-15
6.1449e+13	6.8491e-16	7.691e-15
6.16e+13	6.7228e-16	7.9559e-15
6.1751e+13	6.5924e-16	7.1112e-15
6.1902e+13	6.6639e-16	6.3696e-15
6.2053e+13	7.2298e-16	7.0471e-15
6.2204e+13	6.8956e-16	7.1671e-15
6.2355e+13	5.4989e-16	5.5684e-15
6.2506e+13	5.3506e-16	4.897e-15
6.2657e+13	6.5324e-16	6.1728e-15
6.2808e+13	6.637e-16	6.7458e-15
6.2959e+13	5.7937e-16	6.0157e-15
6.311e+13	5.6303e-16	6.0021e-15
6.3261e+13	5.6058e-16	6.4408e-15
6.3412e+13	5.4235e-16	5.964e-15
6.3563e+13	6.1218e-16	5.4775e-15
6.3714e+13	6.5885e-16	5.5874e-15
6.3865e+13	5.3911e-16	5.1733e-15
6.4016e+13	4.7003e-16	4.64e-15
6.4167e+13	6.1184e-16	5.3371e-15
6.4318e+13	7.0832e-16	6.2618e-15
6.4469e+13	6.1133e-16	6.0233e-15
6.462e+13	5.3654e-16	5.5059e-15
6.4771e+13	5.7611e-16	5.4883e-15
6.4922e+13	5.9313e-16	5.2993e-15
6.5073e+13	5.7136e-16	4.9739e-15
6.5224e+13	5.7133e-16	5.1125e-15
6.5375e+13	5.4643e-16	5.2459e-15
6.5526e+13	4.8481e-16	4.9699e-15
6.5677e+13	4.6303e-16	4.8483e-15
6.5828e+13	4.8392e-16	4.9243e-15
6.5979e+13	4.8585e-16	4.6093e-15
6.613e+13	4.6259e-16	4.148e-15
6.6281e+13	4.5552e-16	4.2452e-15
6.6432e+13	4.8363e-16	4.7378e-15
6.6583e+13	4.9744e-16	4.8508e-15
6.6734e+13	4.414e-16	4.3543e-15
6.6885e+13	3.883e-16	3.9476e-15
6.7036e+13	4.3464e-16	4.2726e-15
6.7187e+13	4.8553e-16	4.7583e-15
6.7338e+13	4.3298e-16	4.553e-15
6.7489e+13	3.9916e-16	4.1905e-15
6.764e+13	4.7745e-16	4.493e-15
6.7791e+13	5.2359e-16	4.8108e-15
6.7942e+13	4.6374e-16	4.4598e-15
6.8093e+13	4.2398e-16	4.2168e-15
6.8244e+13	4.4495e-16	4.5677e-15
6.8395e+13	4.5482e-16	4.6617e-15
6.8546e+13	4.5666e-16	4.1275e-15
6.8697e+13	4.6014e-16	3.7089e-15
6.8848e+13	4.3067e-16	3.8098e-15
6.8998e+13	4.0611e-16	4.119e-15
6.9149e+13	4.2305e-16	4.3051e-15
6.93e+13	4.285e-16	4.251e-15
6.9451e+13	4.2672e-16	4.1805e-15
6.9602e+13	4.5881e-16	4.3665e-15
6.9753e+13	4.4482e-16	4.4342e-15
6.9904e+13	3.5936e-16	4.0329e-15
7.0055e+13	3.5631e-16	3.8463e-15
7.0206e+13	4.6018e-16	4.3579e-15
7.0357e+13	4.9608e-16	4.6836e-15
7.0508e+13	4.4075e-16	4.2102e-15
7.0659e+13	4.2112e-16	3.7621e-15
7.081e+13	4.2741e-16	3.9448e-15
7.0961e+13	3.9615e-16	4.1946e-15
7.1112e+13	3.7438e-16	4.1067e-15
7.1263e+13	3.8365e-16	3.9985e-15
7.1414e+13	3.8151e-16	4.027e-15
7.1565e+13	3.8195e-16	3.9933e-15
7.1716e+13	3.8871e-16	3.8157e-15
7.1867e+13	3.5194e-16	3.5476e-15
7.2018e+13	3.0884e-16	3.3236e-15
7.2169e+13	3.399e-16	3.431e-15
7.232e+13	4.003e-16	3.9017e-15
7.2471e+13	4.0646e-16	4.1555e-15
7.2622e+13	3.7285e-16	3.7547e-15
7.2773e+13	3.4563e-16	3.3126e-15
7.2924e+13	3.466e-16	3.6376e-15
7.3075e+13	3.7574e-16	4.2058e-15
7.3226e+13	3.8064e-16	3.9772e-15
7.3377e+13	3.3421e-16	3.4038e-15
7.3528e+13	3.1733e-16	3.6363e-15
7.3679e+13	3.7128e-16	4.2927e-15
7.383e+13	4.0959e-16	4.2672e-15
7.3981e+13	3.9133e-16	3.8128e-15
7.4132e+13	3.7165e-16	3.7344e-15
7.4283e+13	3.6086e-16	3.8725e-15
7.4434e+13	3.3919e-16	3.8415e-15
7.4585e+13	3.3312e-16	3.7392e-15
7.4736e+13	3.5154e-16	3.6611e-15
7.4887e+13	3.6964e-16	3.726e-15
7.5038e+13	3.746e-16	3.9527e-15
7.5189e+13	3.4368e-16	3.8229e-15
7.534e+13	2.9402e-16	3.4096e-15
7.5491e+13	3.1348e-16	3.7477e-15
7.5642e+13	3.7593e-16	4.4396e-15
7.5793e+13	3.4286e-16	3.848e-15
7.5944e+13	2.6742e-16	2.7737e-15
7.6095e+13	3.1372e-16	3.408e-15
7.6246e+13	3.9152e-16	4.7281e-15
7.6397e+13	3.4361e-16	4.3821e-15
7.6548e+13	2.9146e-16	3.4327e-15
7.6699e+13	3.4977e-16	3.8061e-15
7.685e+13	3.7788e-16	4.3217e-15
7.7001e+13	3.1601e-16	3.706e-15
7.7151e+13	2.9282e-16	3.2622e-15
7.7302e+13	3.1961e-16	3.8102e-15
7.7453e+13	3.275e-16	4.3342e-15
7.7604e+13	3.5313e-16	4.3714e-15
7.7755e+13	3.8403e-16	4.2325e-15
7.7906e+13	3.4411e-16	3.8893e-15
7.8057e+13	3.0532e-16	3.5826e-15
7.8208e+13	3.3991e-16	3.5974e-15
7.8359e+13	3.4353e-16	3.4688e-15
7.851e+13	2.9783e-16	3.2568e-15
7.8661e+13	3.2603e-16	3.7039e-15
7.8812e+13	3.751e-16	4.191e-15
7.8963e+13	3.1762e-16	3.6648e-15
7.9114e+13	2.6064e-16	3.1061e-15
7.9265e+13	3.1483e-16	3.6491e-15
7.9416e+13	3.5604e-16	4.1985e-15
7.9567e+13	3.1331e-16	3.7944e-15
7.9718e+13	2.9373e-16	3.3952e-15
7.9869e+13	3.1843e-16	3.6019e-15
8.002e+13	3.2003e-16	3.793e-15
8.0171e+13	3.1798e-16	3.8072e-15
8.0322e+13	3.2454e-16	3.8088e-15
8.0473e+13	2.8951e-16	3.4663e-15
8.0624e+13	2.4931e-16	2.9786e-15
8.0775e+13	2.7908e-16	3.1445e-15
8.0926e+13	3.3293e-16	3.7358e-15
8.1077e+13	3.368e-16	3.7656e-15
8.1228e+13	3.1235e-16	3.2738e-15
8.1379e+13	3.0012e-16	3.1693e-15
8.153e+13	3.0303e-16	3.6975e-15
8.1681e+13	3.1724e-16	4.2091e-15
8.1832e+13	3.2682e-16	4.1885e-15
8.1983e+13	3.1702e-16	3.8413e-15
8.2134e+13	3.0423e-16	3.5808e-15
8.2285e+13	2.9663e-16	3.4116e-15
8.2436e+13	2.8137e-16	3.2313e-15
8.2587e+13	2.723e-16	3.2145e-15
8.2738e+13	2.9239e-16	3.4427e-15
8.2889e+13	3.3044e-16	3.7779e-15
8.304e+13	3.5681e-16	4.1307e-15
8.3191e+13	3.4296e-16	4.2477e-15
8.3342e+13	2.9649e-16	3.9254e-15
8.3493e+13	2.8546e-16	3.6974e-15
8.3644e+13	3.2889e-16	3.9614e-15
8.3795e+13	3.3858e-16	4.0103e-15
8.3946e+13	2.919e-16	3.5798e-15
8.4097e+13	2.765e-16	3.5594e-15
8.4248e+13	2.8748e-16	3.8242e-15
8.4399e+13	2.6024e-16	3.3995e-15
8.455e+13	2.6242e-16	3.0919e-15
8.4701e+13	3.3563e-16	4e-15
8.4852e+13	3.4644e-16	4.6452e-15
8.5003e+13	2.6699e-16	3.7587e-15
8.5153e+13	2.5658e-16	2.9996e-15
8.5304e+13	3.1863e-16	3.4245e-15
8.5455e+13	3.1296e-16	3.6062e-15
8.5606e+13	2.8071e-16	3.2766e-15
8.5757e+13	3.2199e-16	3.7121e-15
8.5908e+13	3.4839e-16	4.3433e-15
8.6059e+13	2.9651e-16	3.9504e-15
8.621e+13	2.7454e-16	3.5474e-15
8.6361e+13	3.1748e-16	4.0933e-15
8.6512e+13	3.3691e-16	4.3914e-15
8.6663e+13	3.2186e-16	3.7938e-15
8.6814e+13	3.1424e-16	3.4205e-15
8.6965e+13	3.0521e-16	3.6869e-15
8.7116e+13	2.985e-16	3.8158e-15
8.7267e+13	3.0518e-16	3.5761e-15
8.7418e+13	2.8614e-16	3.3101e-15
8.7569e+13	2.4427e-16	3.1347e-15
8.772e+13	2.4999e-16	3.1651e-15
8.7871e+13	3.1164e-16	3.5906e-15
8.8022e+13	3.7239e-16	4.294e-15
8.8173e+13	3.9559e-16	4.8264e-15
8.8324e+13	3.5949e-16	4.7169e-15
8.8475e+13	2.8717e-16	4.0978e-15
8.8626e+13	2.6831e-16	3.8504e-15
8.8777e+13	3.2311e-16	4.4221e-15
8.8928e+13	3.7465e-16	5.2342e-15
8.9079e+13	4.0984e-16	5.795e-15
8.923e+13	4.4813e-16	5.9906e-15
8.9381e+13	4.1903e-16	5.4431e-15
8.9532e+13	3.1252e-16	4.3523e-15
8.9683e+13	2.6503e-16	3.8914e-15
8.9834e+13	3.2167e-16	4.3734e-15
8.9985e+13	3.7824e-16	4.9808e-15
9.0136e+13	4.0159e-16	5.5598e-15
9.0287e+13	4.2435e-16	6.1656e-15
9.0438e+13	4.151e-16	6.0842e-15
9.0589e+13	3.7678e-16	5.6062e-15
9.074e+13	3.8608e-16	6.0434e-15
9.0891e+13	4.3284e-16	6.8319e-15
9.1042e+13	4.3606e-16	6.4791e-15
9.1193e+13	3.9465e-16	5.7969e-15
9.1344e+13	3.5693e-16	5.9828e-15
9.1495e+13	3.494e-16	5.9763e-15
9.1646e+13	3.8726e-16	5.2795e-15
9.1797e+13	4.2927e-16	5.2899e-15
9.1948e+13	4.0292e-16	5.8229e-15
9.2099e+13	3.5092e-16	5.4443e-15
9.225e+13	3.7588e-16	5.2023e-15
9.2401e+13	4.5099e-16	6.5935e-15
9.2552e+13	4.7832e-16	7.7393e-15
9.2703e+13	4.3744e-16	6.5641e-15
9.2854e+13	3.6298e-16	4.7945e-15
9.3005e+13	3.2469e-16	5.0311e-15
9.3156e+13	3.9606e-16	6.8884e-15
9.3306e+13	5.0217e-16	8.1815e-15
9.3457e+13	4.9272e-16	7.7465e-15
9.3608e+13	4.2574e-16	6.4917e-15
9.3759e+13	4.5764e-16	6.2829e-15
9.391e+13	5.1718e-16	7.2366e-15
9.4061e+13	4.644e-16	7.4187e-15
9.4212e+13	3.8672e-16	6.4194e-15
9.4363e+13	3.9888e-16	6.1864e-15
9.4514e+13	4.1738e-16	7.0368e-15
9.4665e+13	3.6466e-16	6.9863e-15
9.4816e+13	3.1269e-16	5.8026e-15
9.4967e+13	3.2074e-16	5.2566e-15
9.5118e+13	3.6031e-16	5.623e-15
9.5269e+13	4.0092e-16	6.0919e-15
9.542e+13	4.3575e-16	7.0008e-15
9.5571e+13	4.569e-16	8.0801e-15
9.5722e+13	4.4492e-16	7.4795e-15
9.5873e+13	3.9378e-16	5.4479e-15
9.6024e+13	3.6626e-16	4.9864e-15
9.6175e+13	4.1886e-16	6.715e-15
9.6326e+13	4.6224e-16	7.7039e-15
9.6477e+13	3.9963e-16	6.6859e-15
9.6628e+13	3.2958e-16	5.5922e-15
9.6779e+13	3.5285e-16	5.496e-15
9.693e+13	3.7469e-16	5.618e-15
9.7081e+13	3.3154e-16	5.8112e-15
9.7232e+13	3.0818e-16	6.202e-15
9.7383e+13	3.1498e-16	6.0044e-15
9.7534e+13	3.0031e-16	5.3535e-15
9.7685e+13	3.1307e-16	5.5593e-15
9.7836e+13	3.5035e-16	6.3017e-15
9.7987e+13	3.1352e-16	6.1988e-15
9.8138e+13	2.7263e-16	5.8647e-15
9.8289e+13	3.544e-16	6.4176e-15
9.844e+13	4.2126e-16	6.7304e-15
9.8591e+13	3.3259e-16	5.8635e-15
9.8742e+13	2.5456e-16	5.2998e-15
9.8893e+13	3.1083e-16	6.0056e-15
9.9044e+13	3.583e-16	6.781e-15
9.9195e+13	3.3376e-16	6.8236e-15
9.9346e+13	3.2733e-16	6.4857e-15
9.9497e+13	3.1512e-16	5.7916e-15
9.9648e+13	2.5769e-16	4.9396e-15
9.9799e+13	2.4894e-16	4.7247e-15
9.995e+13	2.8926e-16	5.017e-15
1.001e+14	2.6444e-16	4.9802e-15
1.0025e+14	2.1315e-16	4.6821e-15
1.004e+14	2.3362e-16	4.4991e-15
1.0055e+14	2.6455e-16	4.4089e-15
1.007e+14	2.5409e-16	4.8321e-15
1.0086e+14	2.6335e-16	5.7499e-15
1.0101e+14	2.7255e-16	5.6268e-15
1.0116e+14	2.1813e-16	3.9999e-15
1.0131e+14	1.715e-16	2.9051e-15
1.0146e+14	1.9603e-16	3.3574e-15
1.0161e+14	2.1908e-16	3.8841e-15
1.0176e+14	2.0834e-16	3.8604e-15
1.0191e+14	2.1517e-16	4.1885e-15
1.0206e+14	2.2533e-16	4.637e-15
1.0221e+14	2.0498e-16	4.399e-15
1.0237e+14	1.9337e-16	4.0542e-15
1.0252e+14	2.0572e-16	4.1009e-15
1.0267e+14	2.0808e-16	3.8948e-15
1.0282e+14	2.0991e-16	3.5709e-15
1.0297e+14	2.236e-16	3.9756e-15
1.0312e+14	2.161e-16	4.4594e-15
1.0327e+14	1.9451e-16	3.9218e-15
1.0342e+14	1.9861e-16	3.2264e-15
1.0357e+14	2.0669e-16	3.6316e-15
1.0372e+14	1.8893e-16	4.2825e-15
1.0388e+14	1.7434e-16	3.8128e-15
1.0403e+14	1.7381e-16	2.8214e-15
1.0418e+14	1.613e-16	2.6406e-15
1.0433e+14	1.5033e-16	3.1138e-15
1.0448e+14	1.6524e-16	3.3274e-15
1.0463e+14	1.8019e-16	3.2748e-15
1.0478e+14	1.7217e-16	3.3219e-15
1.0493e+14	1.5877e-16	3.1942e-15
1.0508e+14	1.5271e-16	2.7626e-15
1.0523e+14	1.5273e-16	2.6369e-15
1.0539e+14	1.652e-16	2.9913e-15
1.0554e+14	1.8653e-16	3.1581e-15
1.0569e+14	1.9634e-16	2.9708e-15
1.0584e+14	1.8476e-16	2.9721e-15
1.0599e+14	1.6418e-16	3.1334e-15
1.0614e+14	1.5258e-16	2.8949e-15
1.0629e+14	1.4585e-16	2.285e-15
1.0644e+14	1.2379e-16	1.8544e-15
1.0659e+14	1.0208e-16	1.9153e-15
1.0674e+14	1.1818e-16	2.3242e-15
1.0689e+14	1.4604e-16	2.5831e-15
1.0705e+14	1.3235e-16	2.3689e-15
1.072e+14	1.0749e-16	2.0602e-15
1.0735e+14	1.2258e-16	2.0203e-15
1.075e+14	1.4129e-16	1.9338e-15
1.0765e+14	1.2827e-16	1.7572e-15
1.078e+14	1.2068e-16	1.9549e-15
1.0795e+14	1.2459e-16	2.1726e-15
1.081e+14	1.0665e-16	1.7135e-15
1.0825e+14	9.6079e-17	1.2361e-15
1.084e+14	1.2304e-16	1.5937e-15
1.0856e+14	1.3542e-16	2.0126e-15
1.0871e+14	1.1019e-16	1.6827e-15
1.0886e+14	9.9896e-17	1.3196e-15
1.0901e+14	1.1002e-16	1.4832e-15
1.0916e+14	1.0356e-16	1.6222e-15
1.0931e+14	9.9656e-17	1.5174e-15
1.0946e+14	1.181e-16	1.4995e-15
1.0961e+14	1.2399e-16	1.4906e-15
1.0976e+14	1.103e-16	1.3775e-15
1.0991e+14	1.0552e-16	1.3454e-15
1.1007e+14	1.0165e-16	1.2723e-15
1.1022e+14	9.0127e-17	1.0577e-15
1.1037e+14	9.4176e-17	1.0777e-15
1.1052e+14	1.0475e-16	1.3107e-15
1.1067e+14	9.5444e-17	1.2696e-15
1.1082e+14	8.7851e-17	1.1178e-15
1.1097e+14	9.9763e-17	1.2623e-15
1.1112e+14	1.0505e-16	1.37e-15
1.1127e+14	9.9639e-17	1.1851e-15
1.1142e+14	1.0247e-16	1.106e-15
1.1158e+14	1.0224e-16	1.1945e-15
1.1173e+14	9.2675e-17	1.1383e-15
1.1188e+14	9.2464e-17	1.1079e-15
1.1203e+14	9.389e-17	1.2767e-15
1.1218e+14	8.4518e-17	1.3046e-15
1.1233e+14	8.6822e-17	1.1183e-15
1.1248e+14	9.9447e-17	1.0252e-15
1.1263e+14	8.9796e-17	9.85e-16
1.1278e+14	7.1142e-17	8.7178e-16
1.1293e+14	7.3887e-17	8.5865e-16
1.1309e+14	7.9759e-17	9.1535e-16
1.1324e+14	7.6581e-17	8.6411e-16
1.1339e+14	8.4428e-17	8.6533e-16
1.1354e+14	9.179e-17	9.7204e-16
1.1369e+14	7.947e-17	9.1154e-16
1.1384e+14	7.2362e-17	7.6649e-16
1.1399e+14	7.8372e-17	8.2608e-16
1.1414e+14	7.1656e-17	9.1297e-16
1.1429e+14	6.5611e-17	8.3786e-16
1.1444e+14	8.0917e-17	8.11e-16
1.1459e+14	8.5787e-17	8.4531e-16
1.1475e+14	7.037e-17	7.5231e-16
1.149e+14	7.3536e-17	6.8599e-16
1.1505e+14	8.953e-17	7.797e-16
1.152e+14	8.2723e-17	8.3421e-16
1.1535e+14	7.0064e-17	8.412e-16
1.155e+14	7.264e-17	9.3102e-16
1.1565e+14	7.1035e-17	9.2561e-16
1.158e+14	6.6901e-17	7.5797e-16
1.1595e+14	7.5e-17	6.8977e-16
1.161e+14	7.2675e-17	7.2036e-16
1.1626e+14	5.6636e-17	6.8525e-16
1.1641e+14	6.2877e-17	7.3079e-16
1.1656e+14	8.1629e-17	8.8288e-16
1.1671e+14	7.5808e-17	8.8409e-16
1.1686e+14	6.437e-17	8.1679e-16
1.1701e+14	7.1518e-17	8.7721e-16
1.1716e+14	7.2983e-17	8.2417e-16
1.1731e+14	6.2689e-17	5.9367e-16
1.1746e+14	6.2943e-17	5.7595e-16
1.1761e+14	6.4871e-17	7.4379e-16
1.1777e+14	5.8255e-17	7.1258e-16
1.1792e+14	6.2043e-17	5.9521e-16
1.1807e+14	7.0587e-17	6.3316e-16
1.1822e+14	6.2483e-17	6.4046e-16
1.1837e+14	5.5434e-17	5.877e-16
1.1852e+14	6.397e-17	7.0435e-16
1.1867e+14	6.5795e-17	8.2326e-16
1.1882e+14	5.9038e-17	6.9734e-16
1.1897e+14	6.1416e-17	5.6025e-16
1.1912e+14	6.1664e-17	5.9329e-16
1.1928e+14	5.4738e-17	6.2366e-16
1.1943e+14	6.2002e-17	6.2832e-16
1.1958e+14	7.3882e-17	6.8479e-16
1.1973e+14	6.4952e-17	6.6135e-16
1.1988e+14	5.3024e-17	5.5666e-16
1.2003e+14	5.711e-17	5.5971e-16
1.2018e+14	5.9051e-17	6.1697e-16
1.2033e+14	5.5211e-17	5.918e-16
1.2048e+14	5.9576e-17	5.6185e-16
1.2063e+14	6.077e-17	5.3744e-16
1.2079e+14	5.3119e-17	4.5911e-16
1.2094e+14	5.6332e-17	4.7225e-16
1.2109e+14	6.5209e-17	6.0293e-16
1.2124e+14	5.9241e-17	5.9881e-16
1.2139e+14	5.1303e-17	4.6821e-16
1.2154e+14	5.4756e-17	4.6727e-16
1.2169e+14	5.5472e-17	5.5238e-16
1.2184e+14	5.3307e-17	5.6154e-16
1.2199e+14	5.9607e-17	5.6508e-16
1.2214e+14	6.3288e-17	5.727e-16
1.2229e+14	5.8022e-17	4.9072e-16
1.2245e+14	5.5621e-17	4.3331e-16
1.226e+14	5.3186e-17	4.9509e-16
1.2275e+14	4.757e-17	5.4055e-16
1.229e+14	5.2869e-17	5.4851e-16
1.2305e+14	6.0784e-17	6.0583e-16
1.232e+14	5.1202e-17	6.02e-16
1.2335e+14	4.2299e-17	4.8009e-16
1.235e+14	5.0944e-17	4.1275e-16
1.2365e+14	5.3465e-17	4.3285e-16
1.238e+14	4.46e-17	4.4098e-16
1.2396e+14	4.8211e-17	4.8742e-16
1.2411e+14	5.5848e-17	5.5205e-16
1.2426e+14	4.9731e-17	4.9028e-16
1.2441e+14	4.7236e-17	4.124e-16
1.2456e+14	5.344e-17	4.8414e-16
1.2471e+14	4.8962e-17	5.3292e-16
1.2486e+14	4.2879e-17	4.4378e-16
1.2501e+14	4.8854e-17	4.193e-16
1.2516e+14	4.9261e-17	5.0709e-16
1.2531e+14	4.5001e-17	5.41e-16
1.2547e+14	5.5393e-17	5.1804e-16
1.2562e+14	6.0788e-17	4.7897e-16
1.2577e+14	4.4963e-17	3.946e-16
1.2592e+14	3.962e-17	3.8616e-16
1.2607e+14	5.0759e-17	5.0218e-16
1.2622e+14	4.5663e-17	5.0851e-16
1.2637e+14	3.6087e-17	3.8699e-16
1.2652e+14	4.9678e-17	4.0758e-16
1.2667e+14	5.8416e-17	5.0663e-16
1.2682e+14	4.2302e-17	4.4487e-16
1.2698e+14	3.419e-17	3.7971e-16
1.2713e+14	4.3548e-17	4.7357e-16
1.2728e+14	4.6211e-17	5.0627e-16
1.2743e+14	4.5601e-17	4.0506e-16
1.2758e+14	4.9791e-17	3.8446e-16
1.2773e+14	4.4459e-17	4.3337e-16
1.2788e+14	3.6425e-17	4.0638e-16
1.2803e+14	4.2592e-17	3.7756e-16
1.2818e+14	4.7185e-17	4.0783e-16
1.2833e+14	4.1214e-17	4.1335e-16
1.2849e+14	4.3089e-17	3.9698e-16
1.2864e+14	4.8459e-17	3.8655e-16
1.2879e+14	4.2552e-17	3.4729e-16
1.2894e+14	4.0505e-17	3.4376e-16
1.2909e+14	4.6471e-17	4.0739e-16
1.2924e+14	4.0691e-17	3.9434e-16
1.2939e+14	3.2949e-17	3.0881e-16
1.2954e+14	4.0112e-17	3.1737e-16
1.2969e+14	4.1123e-17	3.5896e-16
1.2984e+14	3.0054e-17	3.2197e-16
1.2999e+14	3.4505e-17	3.3838e-16
1.3015e+14	4.7192e-17	4.1662e-16
1.303e+14	4.1919e-17	3.6816e-16
1.3045e+14	3.6393e-17	2.8766e-16
1.306e+14	4.6341e-17	3.6787e-16
1.3075e+14	4.723e-17	4.374e-16
1.309e+14	3.6465e-17	3.485e-16
1.3105e+14	3.8761e-17	2.8928e-16
1.312e+14	4.6471e-17	3.2426e-16
1.3135e+14	4.2595e-17	3.1891e-16
1.315e+14	4.0158e-17	3.1787e-16
1.3166e+14	4.4522e-17	3.7246e-16
1.3181e+14	4.3381e-17	3.5015e-16
1.3196e+14	4.1438e-17	2.728e-16
1.3211e+14	4.4055e-17	2.9127e-16
1.3226e+14	4.0858e-17	3.341e-16
1.3241e+14	3.5791e-17	3.0923e-16
1.3256e+14	3.8665e-17	3.1685e-16
1.3271e+14	3.9044e-17	3.5641e-16
1.3286e+14	3.5392e-17	3.2613e-16
1.3301e+14	4.1283e-17	2.9256e-16
1.3317e+14	4.6749e-17	3.0634e-16
1.3332e+14	3.8138e-17	2.7338e-16
1.3347e+14	3.2043e-17	2.3318e-16
1.3362e+14	3.6385e-17	2.8562e-16
1.3377e+14	3.5075e-17	3.262e-16
1.3392e+14	3.1214e-17	2.8357e-16
1.3407e+14	3.6859e-17	2.7137e-16
1.3422e+14	4.0486e-17	3.003e-16
1.3437e+14	3.6843e-17	2.9499e-16
1.3452e+14	3.7137e-17	2.9885e-16
1.3468e+14	3.593e-17	3.0841e-16
1.3483e+14	2.929e-17	2.5656e-16
1.3498e+14	3.3988e-17	2.417e-16
1.3513e+14	4.487e-17	3.2184e-16
1.3528e+14	3.9578e-17	3.3409e-16
1.3543e+14	3.0564e-17	2.6572e-16
1.3558e+14	3.5724e-17	2.856e-16
1.3573e+14	3.7779e-17	3.313e-16
1.3588e+14	3.11e-17	2.7326e-16
1.3603e+14	3.4556e-17	2.3443e-16
1.3619e+14	4.0431e-17	2.7216e-16
1.3634e+14	3.3762e-17	2.566e-16
1.3649e+14	3.1405e-17	2.268e-16
1.3664e+14	3.8779e-17	2.7219e-16
1.3679e+14	3.6386e-17	2.7487e-16
1.3694e+14	3.0297e-17	2.2183e-16
1.3709e+14	3.5468e-17	2.5757e-16
1.3724e+14	3.7033e-17	3.002e-16
1.3739e+14	3.0343e-17	2.3377e-16
1.3754e+14	3.2918e-17	2.145e-16
1.377e+14	3.6613e-17	2.8087e-16
1.3785e+14	2.8093e-17	2.4768e-16
1.38e+14	2.6601e-17	1.7599e-16
1.3815e+14	3.7348e-17	2.3026e-16
1.383e+14	3.7162e-17	2.7525e-16
1.3845e+14	3.0388e-17	2.1971e-16
1.386e+14	3.4636e-17	2.22e-16
1.3875e+14	3.6235e-17	2.6606e-16
1.389e+14	2.8981e-17	2.1901e-16
1.3905e+14	3.2167e-17	1.9224e-16
1.392e+14	4.0121e-17	2.5197e-16
1.3936e+14	3.4613e-17	2.4105e-16
1.3951e+14	2.9146e-17	1.8288e-16
1.3966e+14	3.3685e-17	2.1755e-16
1.3981e+14	3.2938e-17	2.3773e-16
1.3996e+14	2.9399e-17	1.7149e-16
1.4011e+14	3.4377e-17	1.7703e-16
1.4026e+14	3.3793e-17	2.4165e-16
1.4041e+14	2.4009e-17	2.1565e-16
1.4056e+14	2.5196e-17	1.8421e-16
1.4071e+14	3.3335e-17	2.2708e-16
1.4087e+14	3.1689e-17	2.1302e-16
1.4102e+14	3.0941e-17	1.5917e-16
1.4117e+14	3.6786e-17	2.0291e-16
1.4132e+14	3.3543e-17	2.4576e-16
1.4147e+14	2.6994e-17	1.8908e-16
1.4162e+14	3.2496e-17	1.695e-16
1.4177e+14	3.6555e-17	2.1811e-16
1.4192e+14	2.982e-17	2.1501e-16
1.4207e+14	2.7628e-17	1.9946e-16
1.4222e+14	3.0964e-17	2.2866e-16
1.4238e+14	2.9907e-17	2.1138e-16
1.4253e+14	3.1276e-17	1.6243e-16
1.4268e+14	3.4359e-17	1.7858e-16
1.4283e+14	2.7424e-17	1.9135e-16
1.4298e+14	2.184e-17	1.5434e-16
1.4313e+14	2.9081e-17	1.6786e-16
1.4328e+14	3.216e-17	2.0936e-16
1.4343e+14	2.6745e-17	1.8369e-16
1.4358e+14	2.9941e-17	1.6348e-16
1.4373e+14	3.5402e-17	1.9491e-16
1.4389e+14	3.0244e-17	1.9174e-16
1.4404e+14	2.8502e-17	1.8229e-16
1.4419e+14	3.4477e-17	2.2615e-16
1.4434e+14	3.246e-17	2.2444e-16
1.4449e+14	2.8277e-17	1.6714e-16
1.4464e+14	3.2221e-17	1.7873e-16
1.4479e+14	3.0057e-17	2.0697e-16
1.4494e+14	2.2394e-17	1.594e-16
1.4509e+14	2.8387e-17	1.4946e-16
1.4524e+14	3.6802e-17	2.0507e-16
1.454e+14	3.0124e-17	1.8693e-16
1.4555e+14	2.6034e-17	1.4168e-16
1.457e+14	3.3232e-17	1.8287e-16
1.4585e+14	3.2408e-17	2.0303e-16
1.46e+14	2.665e-17	1.5745e-16
1.4615e+14	3.1899e-17	1.7845e-16
1.463e+14	3.5547e-17	2.2125e-16
1.4645e+14	2.8843e-17	1.681e-16
1.466e+14	2.7309e-17	1.3465e-16
1.4675e+14	3.0215e-17	1.8631e-16
1.469e+14	2.6105e-17	1.8397e-16
1.4706e+14	2.4511e-17	1.4186e-16
1.4721e+14	2.9022e-17	1.7758e-16
1.4736e+14	2.6735e-17	2.0541e-16
1.4751e+14	2.3512e-17	1.6445e-16
1.4766e+14	2.9192e-17	1.7113e-16
1.4781e+14	3.001e-17	2.0643e-16
1.4796e+14	2.3281e-17	1.6466e-16
1.4811e+14	2.5207e-17	1.3137e-16
1.4826e+14	2.9779e-17	1.6452e-16
1.4841e+14	2.4915e-17	1.5397e-16
1.4857e+14	2.4116e-17	1.1594e-16
1.4872e+14	3.162e-17	1.4868e-16
1.4887e+14	3.1439e-17	1.7762e-16
1.4902e+14	2.7175e-17	1.5233e-16
1.4917e+14	2.934e-17	1.63e-16
1.4932e+14	2.7715e-17	1.8696e-16
1.4947e+14	2.2526e-17	1.561e-16
1.4962e+14	2.7447e-17	1.5065e-16
1.4977e+14	3.1804e-17	1.7942e-16
1.4992e+14	2.4209e-17	1.4118e-16
1.5008e+14	2.1455e-17	1.039e-16
1.5023e+14	2.6706e-17	1.5283e-16
1.5038e+14	2.2963e-17	1.6878e-16
1.5053e+14	1.8608e-17	1.2606e-16
1.5068e+14	2.6455e-17	1.5376e-16
1.5083e+14	2.9349e-17	1.9305e-16
1.5098e+14	2.1859e-17	1.4284e-16
1.5113e+14	2.2551e-17	1.3041e-16
1.5128e+14	2.7451e-17	1.9407e-16
1.5143e+14	2.3869e-17	1.7701e-16
1.5159e+14	2.3921e-17	1.1252e-16
1.5174e+14	2.9848e-17	1.3393e-16
1.5189e+14	2.6035e-17	1.5652e-16
1.5204e+14	2.1097e-17	1.2448e-16
1.5219e+14	2.7444e-17	1.457e-16
1.5234e+14	2.8706e-17	1.7998e-16
1.5249e+14	2.1137e-17	1.3392e-16
1.5264e+14	2.2898e-17	1.2046e-16
1.5279e+14	2.6761e-17	1.7544e-16
1.5294e+14	1.9628e-17	1.5518e-16
1.531e+14	1.8794e-17	1.0453e-16
1.5325e+14	2.8656e-17	1.5331e-16
1.534e+14	2.7497e-17	1.8855e-16
1.5355e+14	1.9672e-17	1.3064e-16
1.537e+14	2.2076e-17	1.1485e-16
1.5385e+14	2.2409e-17	1.4677e-16
1.54e+14	1.5005e-17	1.2299e-16
1.5415e+14	1.7343e-17	1.1538e-16
1.543e+14	2.3948e-17	1.6272e-16
1.5445e+14	1.931e-17	1.4508e-16
1.546e+14	1.7366e-17	9.3705e-17
1.5476e+14	2.5036e-17	1.2296e-16
1.5491e+14	2.4134e-17	1.4571e-16
1.5506e+14	1.8121e-17	1.0339e-16
1.5521e+14	2.2734e-17	1.1244e-16
1.5536e+14	2.5437e-17	1.5817e-16
1.5551e+14	1.7976e-17	1.3532e-16
1.5566e+14	1.7199e-17	1.1656e-16
1.5581e+14	2.2421e-17	1.5398e-16
1.5596e+14	2.0097e-17	1.4828e-16
1.5611e+14	1.9344e-17	1.1482e-16
1.5627e+14	2.4664e-17	1.3341e-16
1.5642e+14	2.1248e-17	1.3278e-16
1.5657e+14	1.4241e-17	9.3354e-17
1.5672e+14	1.8331e-17	1.1299e-16
1.5687e+14	2.2106e-17	1.4096e-16
1.5702e+14	1.8076e-17	1.0111e-16
1.5717e+14	1.9737e-17	1.0102e-16
1.5732e+14	2.3661e-17	1.5201e-16
1.5747e+14	1.8108e-17	1.2034e-16
1.5762e+14	1.5107e-17	7.5913e-17
1.5778e+14	2.0553e-17	1.3917e-16
1.5793e+14	2.0199e-17	1.7696e-16
1.5808e+14	1.7612e-17	1.1758e-16
1.5823e+14	2.306e-17	1.0932e-16
1.5838e+14	2.2707e-17	1.484e-16
1.5853e+14	1.3163e-17	1.19e-16
1.5868e+14	1.4521e-17	9.8722e-17
1.5883e+14	2.3741e-17	1.4064e-16
1.5898e+14	2.2561e-17	1.3138e-16
1.5913e+14	1.8893e-17	9.4304e-17
1.5929e+14	2.151e-17	1.2614e-16
1.5944e+14	1.9058e-17	1.3557e-16
1.5959e+14	1.4197e-17	8.6294e-17
1.5974e+14	1.8424e-17	1.0815e-16
1.5989e+14	2.1032e-17	1.5919e-16
1.6004e+14	1.5348e-17	1.1156e-16
1.6019e+14	1.5059e-17	6.9042e-17
1.6034e+14	1.9237e-17	1.1649e-16
1.6049e+14	1.664e-17	1.2987e-16
1.6064e+14	1.5046e-17	9.687e-17
1.608e+14	1.905e-17	1.182e-16
1.6095e+14	1.7821e-17	1.3235e-16
1.611e+14	1.4817e-17	9.1315e-17
1.6125e+14	1.8572e-17	9.7986e-17
1.614e+14	1.9386e-17	1.3609e-16
1.6155e+14	1.601e-17	1.1075e-16
1.617e+14	2.0509e-17	9.5063e-17
1.6185e+14	2.4209e-17	1.3503e-16
1.62e+14	1.6098e-17	1.2897e-16
1.6215e+14	1.2103e-17	9.5474e-17
1.623e+14	1.8698e-17	1.2127e-16
1.6246e+14	1.9106e-17	1.3073e-16
1.6261e+14	1.4789e-17	8.8609e-17
1.6276e+14	1.8161e-17	9.8567e-17
1.6291e+14	2.0141e-17	1.323e-16
1.6306e+14	1.5603e-17	1.0321e-16
1.6321e+14	1.6318e-17	9.291e-17
1.6336e+14	1.8456e-17	1.3152e-16
1.6351e+14	1.3257e-17	1.1224e-16
1.6366e+14	1.2667e-17	7.4488e-17
1.6381e+14	1.9084e-17	1.0927e-16
1.6397e+14	1.7216e-17	1.2403e-16
1.6412e+14	1.214e-17	8.5035e-17
1.6427e+14	1.5946e-17	1.0504e-16
1.6442e+14	1.6977e-17	1.4047e-16
1.6457e+14	1.1177e-17	9.6254e-17
1.6472e+14	1.3542e-17	7.8331e-17
1.6487e+14	1.888e-17	1.2693e-16
1.6502e+14	1.3789e-17	1.1141e-16
1.6517e+14	1.0287e-17	6.7257e-17
1.6532e+14	1.5348e-17	1.0792e-16
1.6548e+14	1.5026e-17	1.3384e-16
1.6563e+14	1.189e-17	8.6718e-17
1.6578e+14	1.7041e-17	9.3359e-17
1.6593e+14	1.8871e-17	1.3422e-16
1.6608e+14	1.1957e-17	9.6237e-17
1.6623e+14	1.1908e-17	6.6699e-17
1.6638e+14	1.6944e-17	1.078e-16
1.6653e+14	1.393e-17	1.0113e-16
1.6668e+14	1.1566e-17	5.8863e-17
1.6683e+14	1.6019e-17	8.9459e-17
1.6699e+14	1.4672e-17	1.1482e-16
1.6714e+14	9.5699e-18	7.413e-17
1.6729e+14	1.2402e-17	7.8999e-17
1.6744e+14	1.4937e-17	1.2283e-16
1.6759e+14	1.1397e-17	1.0193e-16
1.6774e+14	1.2508e-17	7.9624e-17
1.6789e+14	1.5634e-17	1.1007e-16
1.6804e+14	1.1619e-17	1.0304e-16
1.6819e+14	1.0211e-17	7.5282e-17
1.6834e+14	1.5629e-17	1.05e-16
1.685e+14	1.5415e-17	1.134e-16
1.6865e+14	1.1809e-17	7.1495e-17
1.688e+14	1.4217e-17	8.9579e-17
1.6895e+14	1.4298e-17	1.2933e-16
1.691e+14	9.6886e-18	9.0365e-17
1.6925e+14	1.2118e-17	6.8559e-17
1.694e+14	1.6288e-17	1.1477e-16
1.6955e+14	1.185e-17	1.058e-16
1.697e+14	9.8299e-18	6.0856e-17
1.6985e+14	1.5081e-17	9.1715e-17
1.7001e+14	1.496e-17	1.1917e-16
1.7016e+14	1.1898e-17	8.0364e-17
1.7031e+14	1.5043e-17	7.9701e-17
1.7046e+14	1.5171e-17	1.0591e-16
1.7061e+14	9.7215e-18	6.9134e-17
1.7076e+14	1.0994e-17	5.3082e-17
1.7091e+14	1.4292e-17	1.05e-16
1.7106e+14	9.8194e-18	1.06e-16
1.7121e+14	8.6485e-18	7.0366e-17
1.7136e+14	1.4595e-17	1.02e-16
1.7151e+14	1.3974e-17	1.2091e-16
1.7167e+14	9.6876e-18	7.0583e-17
1.7182e+14	1.2272e-17	6.7974e-17
1.7197e+14	1.2966e-17	1.0604e-16
1.7212e+14	8.381e-18	7.8093e-17
1.7227e+14	1.0086e-17	5.6107e-17
1.7242e+14	1.3618e-17	1.0209e-16
1.7257e+14	9.4789e-18	1.0585e-16
1.7272e+14	8.2732e-18	6.6903e-17
1.7287e+14	1.358e-17	8.9783e-17
1.7302e+14	1.2589e-17	1.1441e-16
1.7318e+14	8.8892e-18	7.7034e-17
1.7333e+14	1.2316e-17	7.089e-17
1.7348e+14	1.3142e-17	9.8952e-17
1.7363e+14	8.0739e-18	7.5883e-17
1.7378e+14	9.4468e-18	5.9948e-17
1.7393e+14	1.3388e-17	9.5223e-17
1.7408e+14	1.0233e-17	8.737e-17
1.7423e+14	9.3335e-18	5.2042e-17
1.7438e+14	1.3286e-17	8.2084e-17
1.7453e+14	1.0527e-17	1.0619e-16
1.7469e+14	6.7469e-18	6.798e-17
1.7484e+14	1.1551e-17	6.8736e-17
1.7499e+14	1.3501e-17	1.0794e-16
1.7514e+14	9.1346e-18	9.0263e-17
1.7529e+14	1.1135e-17	6.9939e-17
1.7544e+14	1.4461e-17	1.008e-16
1.7559e+14	9.284e-18	9.4386e-17
1.7574e+14	7.4198e-18	5.3506e-17
1.7589e+14	1.2411e-17	6.8817e-17
1.7604e+14	1.0368e-17	9.2363e-17
1.762e+14	6.0499e-18	6.9479e-17
1.7635e+14	1.0806e-17	6.9812e-17
1.765e+14	1.323e-17	9.1823e-17
1.7665e+14	8.501e-18	7.5831e-17
1.768e+14	1.0509e-17	7.4747e-17
1.7695e+14	1.5349e-17	1.0739e-16
1.771e+14	1.0615e-17	9.0835e-17
1.7725e+14	6.9022e-18	5.7041e-17
1.774e+14	1.1341e-17	8.1316e-17
1.7755e+14	1.1466e-17	8.985e-17
1.7771e+14	8.0578e-18	5.3439e-17
1.7786e+14	1.0915e-17	6.8964e-17
1.7801e+14	1.2065e-17	1.0441e-16
1.7816e+14	7.5351e-18	6.883e-17
1.7831e+14	8.5068e-18	4.3984e-17
1.7846e+14	1.1849e-17	8.5047e-17
1.7861e+14	8.4218e-18	9.128e-17
1.7876e+14	7.5864e-18	6.1444e-17
1.7891e+14	1.2616e-17	7.8714e-17
1.7906e+14	1.1176e-17	9.3354e-17
1.7921e+14	6.8532e-18	6.9049e-17
1.7937e+14	1.0015e-17	8.1977e-17
1.7952e+14	1.1616e-17	1.0692e-16
1.7967e+14	7.3624e-18	7.274e-17
1.7982e+14	8.2632e-18	5.5402e-17
1.7997e+14	1.0836e-17	9.0771e-17
1.8012e+14	6.5077e-18	8.2439e-17
1.8027e+14	5.605e-18	4.8574e-17
1.8042e+14	1.1358e-17	7.1794e-17
1.8057e+14	1.0675e-17	8.5147e-17
1.8072e+14	6.662e-18	4.952e-17
1.8088e+14	9.7399e-18	5.712e-17
1.8103e+14	1.1321e-17	9.2581e-17
1.8118e+14	7.4572e-18	7.34e-17
1.8133e+14	8.8581e-18	5.8568e-17
1.8148e+14	1.1712e-17	8.7079e-17
1.8163e+14	7.7477e-18	8.1501e-17
1.8178e+14	7.2521e-18	6.1114e-17
1.8193e+14	1.2669e-17	8.7084e-17
1.8208e+14	1.1082e-17	8.7794e-17
1.8223e+14	6.8645e-18	4.6319e-17
1.8239e+14	1.0202e-17	6.1339e-17
1.8254e+14	1.1043e-17	9.7521e-17
1.8269e+14	6.1993e-18	6.95e-17
1.8284e+14	8.511e-18	5.6431e-17
1.8299e+14	1.3156e-17	9.5592e-17
1.8314e+14	8.9014e-18	8.7139e-17
1.8329e+14	6.3643e-18	5.3897e-17
1.8344e+14	1.0603e-17	8.0084e-17
1.8359e+14	9.0115e-18	9.1389e-17
1.8374e+14	5.0889e-18	5.1745e-17
1.839e+14	9.484e-18	6.2227e-17
1.8405e+14	1.148e-17	9.9208e-17
1.842e+14	5.7676e-18	7.2073e-17
1.8435e+14	6.0425e-18	5.3781e-17
1.845e+14	1.046e-17	8.8157e-17
1.8465e+14	7.5231e-18	7.7223e-17
1.848e+14	5.8502e-18	4.0991e-17
1.8495e+14	1.1031e-17	7.1413e-17
1.851e+14	1.0615e-17	9.5611e-17
1.8525e+14	5.8671e-18	5.8735e-17
1.8541e+14	8.1574e-18	5.5581e-17
1.8556e+14	1.0632e-17	8.4687e-17
1.8571e+14	7.4146e-18	6.6174e-17
1.8586e+14	7.89e-18	5.6244e-17
1.8601e+14	1.0377e-17	9.1416e-17
1.8616e+14	6.7909e-18	8.3832e-17
1.8631e+14	5.3477e-18	4.9565e-17
1.8646e+14	9.7127e-18	6.889e-17
1.8661e+14	9.031e-18	8.0486e-17
1.8676e+14	5.7887e-18	4.7519e-17
1.8691e+14	8.7399e-18	5.6193e-17
1.8707e+14	9.7267e-18	8.7115e-17
1.8722e+14	5.6167e-18	6.2787e-17
1.8737e+14	7.3661e-18	4.9025e-17
1.8752e+14	1.1221e-17	8.0229e-17
1.8767e+14	7.3645e-18	6.7574e-17
1.8782e+14	4.6884e-18	3.6188e-17
1.8797e+14	7.9806e-18	6.7879e-17
1.8812e+14	6.9485e-18	8.823e-17
1.8827e+14	4.3743e-18	5.2307e-17
1.8842e+14	8.6082e-18	5.4742e-17
1.8858e+14	1.0475e-17	8.6928e-17
1.8873e+14	6.2531e-18	7.0618e-17
1.8888e+14	7.0409e-18	6.4251e-17
1.8903e+14	9.8322e-18	9.8109e-17
1.8918e+14	6.191e-18	8.3336e-17
1.8933e+14	5.6725e-18	4.6117e-17
1.8948e+14	1.1214e-17	7.0583e-17
1.8963e+14	9.8099e-18	8.657e-17
1.8978e+14	4.4238e-18	5.1779e-17
1.8993e+14	6.2594e-18	5.5946e-17
1.9009e+14	7.7663e-18	8.0426e-17
1.9024e+14	4.5025e-18	4.7168e-17
1.9039e+14	6.6614e-18	3.1542e-17
1.9054e+14	1.062e-17	7.5653e-17
1.9069e+14	6.9089e-18	7.8076e-17
1.9084e+14	4.9871e-18	4.7519e-17
1.9099e+14	9.4349e-18	7.0604e-17
1.9114e+14	8.4616e-18	8.622e-17
1.9129e+14	4.5421e-18	4.9771e-17
1.9144e+14	7.8818e-18	5.1418e-17
1.916e+14	9.8758e-18	8.2098e-17
1.9175e+14	5.2673e-18	6.0322e-17
1.919e+14	5.4072e-18	4.4833e-17
1.9205e+14	8.994e-18	7.714e-17
1.922e+14	6.4223e-18	7.1971e-17
1.9235e+14	5.0742e-18	4.3263e-17
1.925e+14	9.4584e-18	6.8586e-17
1.9265e+14	9.0092e-18	8.137e-17
1.928e+14	5.4257e-18	3.9986e-17
1.9295e+14	7.8375e-18	4.1122e-17
1.9311e+14	9.0238e-18	7.9243e-17
1.9326e+14	5.0483e-18	6.4921e-17
1.9341e+14	6.0031e-18	4.6611e-17
1.9356e+14	9.1322e-18	7.2589e-17
1.9371e+14	5.4022e-18	6.9696e-17
1.9386e+14	3.6114e-18	4.5589e-17
1.9401e+14	8.892e-18	6.9414e-17
1.9416e+14	9.7075e-18	8.4532e-17
1.9431e+14	5.8482e-18	5.2578e-17
1.9446e+14	6.5642e-18	5.2796e-17
1.9461e+14	7.3497e-18	7.7512e-17
1.9477e+14	4.9414e-18	5.9756e-17
1.9492e+14	6.583e-18	5.1854e-17
1.9507e+14	8.7265e-18	8.0631e-17
1.9522e+14	5.0636e-18	6.8318e-17
1.9537e+14	4.3504e-18	3.8747e-17
1.9552e+14	8.3829e-18	6.4815e-17
1.9567e+14	6.5134e-18	8.2738e-17
1.9582e+14	3.3029e-18	5.602e-17
1.9597e+14	7.5414e-18	6.4323e-17
1.9612e+14	9.2755e-18	8.9903e-17
1.9628e+14	4.6906e-18	6.3971e-17
1.9643e+14	5.6614e-18	4.9434e-17
1.9658e+14	9.2068e-18	7.6478e-17
1.9673e+14	5.531e-18	6.274e-17
1.9688e+14	3.8312e-18	3.2967e-17
1.9703e+14	8.8112e-18	6.1189e-17
1.9718e+14	8.1166e-18	7.8338e-17
1.9733e+14	3.3196e-18	4.7618e-17
1.9748e+14	5.6281e-18	5.5108e-17
1.9763e+14	8.1766e-18	8.2181e-17
1.9779e+14	4.7598e-18	5.4301e-17
1.9794e+14	4.8662e-18	3.706e-17
1.9809e+14	7.954e-18	6.5969e-17
1.9824e+14	5.4434e-18	5.6842e-17
1.9839e+14	3.6653e-18	3.2593e-17
1.9854e+14	7.1844e-18	6.7349e-17
1.9869e+14	7.1632e-18	8.536e-17
1.9884e+14	4.703e-18	4.5205e-17
1.9899e+14	6.8865e-18	4.4011e-17
1.9914e+14	7.1784e-18	7.4335e-17
1.993e+14	3.4421e-18	5.5514e-17
1.9945e+14	5.2342e-18	4.503e-17
1.996e+14	8.71e-18	8.0777e-17
1.9975e+14	5.2024e-18	7.5428e-17
1.999e+14	3.4923e-18	4.1469e-17
2.0005e+14	7.7895e-18	5.8673e-17
2.002e+14	7.1206e-18	7.0404e-17
2.0035e+14	3.3979e-18	3.846e-17
2.005e+14	6.2224e-18	4.5342e-17
2.0065e+14	8.4575e-18	7.5576e-17
2.0081e+14	5.0602e-18	5.3182e-17
2.0096e+14	5.2844e-18	4.0743e-17
2.0111e+14	7.6686e-18	7.6424e-17
2.0126e+14	4.4143e-18	6.9903e-17
2.0141e+14	3.0488e-18	3.1365e-17
2.0156e+14	7.2623e-18	4.5803e-17
2.0171e+14	6.6243e-18	6.4949e-17
2.0186e+14	3.0353e-18	4.6337e-17
2.0201e+14	5.7039e-18	5.7584e-17
2.0216e+14	7.4734e-18	8.0154e-17
2.0232e+14	3.5969e-18	5.1197e-17
2.0247e+14	4.0885e-18	4.0136e-17
2.0262e+14	7.8388e-18	7.6945e-17
2.0277e+14	5.5094e-18	6.7971e-17
2.0292e+14	3.2535e-18	3.2776e-17
2.0307e+14	6.4713e-18	5.5879e-17
2.0322e+14	6.5316e-18	7.2183e-17
2.0337e+14	3.5555e-18	3.7664e-17
2.0352e+14	5.2546e-18	4.3275e-17
2.0367e+14	6.7364e-18	7.8496e-17
2.0382e+14	4.3379e-18	5.8399e-17
2.0398e+14	5.1261e-18	4.241e-17
2.0413e+14	6.9946e-18	7.6342e-17
2.0428e+14	3.8715e-18	6.9541e-17
2.0443e+14	3.0678e-18	2.9299e-17
2.0458e+14	7.0886e-18	4.7636e-17
2.0473e+14	6.1624e-18	7.2045e-17
2.0488e+14	2.6149e-18	4.3974e-17
2.0503e+14	5.1663e-18	4.3189e-17
2.0518e+14	7.4553e-18	7.6934e-17
2.0533e+14	4.8412e-18	6.4176e-17
2.0549e+14	5.0872e-18	4.1564e-17
2.0564e+14	7.0337e-18	5.9371e-17
2.0579e+14	4.4548e-18	5.6884e-17
2.0594e+14	3.5656e-18	3.4347e-17
2.0609e+14	6.6042e-18	5.1768e-17
2.0624e+14	5.082e-18	6.3223e-17
2.0639e+14	1.896e-18	3.7644e-17
2.0654e+14	4.4966e-18	4.7355e-17
2.0669e+14	6.0918e-18	7.8074e-17
2.0684e+14	3.5297e-18	5.6532e-17
2.07e+14	4.9519e-18	3.5223e-17
2.0715e+14	7.5495e-18	5.8271e-17
2.073e+14	4.4407e-18	5.5263e-17
2.0745e+14	2.9723e-18	3.1461e-17
2.076e+14	6.0045e-18	5.2459e-17
2.0775e+14	4.8139e-18	6.7493e-17
2.079e+14	2.3727e-18	3.9073e-17
2.0805e+14	5.8674e-18	4.0743e-17
2.082e+14	7.4492e-18	6.6024e-17
2.0835e+14	3.7553e-18	4.7472e-17
2.0851e+14	4.0965e-18	3.4624e-17
2.0866e+14	6.5127e-18	6.4338e-17
2.0881e+14	3.8944e-18	6.3032e-17
2.0896e+14	3.0544e-18	3.7149e-17
2.0911e+14	6.3265e-18	5.4446e-17
2.0926e+14	4.6876e-18	6.6641e-17
2.0941e+14	1.6135e-18	3.8138e-17
2.0956e+14	5.0224e-18	4.2501e-17
2.0971e+14	6.9236e-18	7.0485e-17
2.0986e+14	3.4158e-18	4.9659e-17
2.1002e+14	3.7173e-18	2.989e-17
2.1017e+14	5.8089e-18	5.7661e-17
2.1032e+14	2.6326e-18	6.3291e-17
2.1047e+14	1.8637e-18	4.1998e-17
2.1062e+14	6.2819e-18	5.5631e-17
2.1077e+14	5.5179e-18	6.6407e-17
2.1092e+14	1.9201e-18	4.212e-17
2.1107e+14	4.4719e-18	4.6015e-17
2.1122e+14	6.2739e-18	7.0289e-17
2.1137e+14	2.7507e-18	5.3077e-17
2.1152e+14	2.8946e-18	3.735e-17
2.1168e+14	5.7002e-18	5.8204e-17
2.1183e+14	3.5479e-18	5.6014e-17
2.1198e+14	2.1746e-18	3.7227e-17
2.1213e+14	4.9262e-18	5.4842e-17
2.1228e+14	4.1552e-18	6.4509e-17
2.1243e+14	2.4636e-18	4.0406e-17
2.1258e+14	6.2131e-18	4.4096e-17
2.1273e+14	7.3004e-18	6.2112e-17
2.1288e+14	2.6867e-18	4.183e-17
2.1303e+14	2.6926e-18	3.2844e-17
2.1319e+14	5.8886e-18	5.8367e-17
2.1334e+14	4.0061e-18	5.3596e-17
2.1349e+14	2.8799e-18	3.6208e-17
2.1364e+14	5.7357e-18	5.9404e-17
2.1379e+14	4.2834e-18	6.7432e-17
2.1394e+14	1.3173e-18	3.7961e-17
2.1409e+14	4.4649e-18	4.2974e-17
2.1424e+14	6.0722e-18	6.397e-17
2.1439e+14	2.1138e-18	4.2072e-17
2.1454e+14	2.2744e-18	3.4456e-17
2.147e+14	5.4225e-18	6.6369e-17
2.1485e+14	3.3451e-18	6.1345e-17
2.15e+14	2.0133e-18	3.3929e-17
2.1515e+14	5.4937e-18	4.7433e-17
2.153e+14	5.2396e-18	5.1066e-17
2.1545e+14	2.2357e-18	2.1189e-17
2.156e+14	3.9796e-18	3.1492e-17
2.1575e+14	5.0401e-18	6.15e-17
2.159e+14	2.0189e-18	4.3812e-17
2.1605e+14	2.7689e-18	3.3999e-17
2.1621e+14	5.6324e-18	6.3276e-17
2.1636e+14	3.7082e-18	5.5695e-17
2.1651e+14	2.9177e-18	2.5253e-17
2.1666e+14	6.058e-18	4.3037e-17
2.1681e+14	4.871e-18	6.0079e-17
2.1696e+14	1.7402e-18	3.8451e-17
2.1711e+14	4.3575e-18	4.2655e-17
2.1726e+14	6.3491e-18	6.1783e-17
2.1741e+14	3.5268e-18	3.7612e-17
2.1756e+14	3.5398e-18	2.3875e-17
2.1772e+14	5.2803e-18	5.3177e-17
2.1787e+14	2.7614e-18	5.4054e-17
2.1802e+14	1.9648e-18	3.3034e-17
2.1817e+14	4.9549e-18	5.0076e-17
2.1832e+14	3.5172e-18	5.9441e-17
2.1847e+14	8.2482e-19	3.2833e-17
2.1862e+14	4.258e-18	3.6795e-17
2.1877e+14	6.1188e-18	5.9383e-17
2.1892e+14	2.3388e-18	4.0385e-17
2.1907e+14	2.4635e-18	2.6615e-17
2.1922e+14	5.9377e-18	4.9341e-17
2.1938e+14	4.6281e-18	4.6566e-17
2.1953e+14	3.0431e-18	2.6847e-17
2.1968e+14	4.997e-18	4.2597e-17
2.1983e+14	4.1608e-18	5.3123e-17
2.1998e+14	2.3336e-18	3.9254e-17
2.2013e+14	4.8182e-18	5.2535e-17
2.2028e+14	4.937e-18	6.3676e-17
2.2043e+14	8.1603e-19	3.0691e-17
2.2058e+14	1.6018e-18	2.4272e-17
2.2073e+14	5.0685e-18	5.9952e-17
2.2089e+14	3.4383e-18	5.2674e-17
2.2104e+14	2.4663e-18	2.6169e-17
2.2119e+14	5.21e-18	5.1764e-17
2.2134e+14	3.8668e-18	6.9057e-17
2.2149e+14	1.0201e-18	3.8944e-17
2.2164e+14	3.7849e-18	3.5244e-17
2.2179e+14	5.1463e-18	5.4375e-17
2.2194e+14	1.5496e-18	3.776e-17
2.2209e+14	1.9527e-18	2.9162e-17
2.2224e+14	4.9257e-18	5.3833e-17
2.224e+14	2.7499e-18	5.0817e-17
2.2255e+14	1.4766e-18	3.6514e-17
2.227e+14	5.0155e-18	5.7798e-17
2.2285e+14	4.7514e-18	5.8977e-17
2.23e+14	1.5565e-18	2.8424e-17
2.2315e+14	3.485e-18	4.2286e-17
2.233e+14	5.5853e-18	7.0577e-17
2.2345e+14	3.0956e-18	4.5283e-17
2.236e+14	2.7821e-18	2.9953e-17
2.2375e+14	4.7704e-18	6.0556e-17
2.2391e+14	3.5333e-18	6.2171e-17
2.2406e+14	3.2109e-18	4.1762e-17
2.2421e+14	5.4931e-18	5.6247e-17
2.2436e+14	3.7841e-18	5.8283e-17
2.2451e+14	1.1068e-18	2.8689e-17
2.2466e+14	3.6123e-18	3.4609e-17
2.2481e+14	4.4549e-18	5.2876e-17
2.2496e+14	8.2851e-19	3.0689e-17
2.2511e+14	1.5782e-18	2.9204e-17
2.2526e+14	5.1961e-18	6.1426e-17
2.2542e+14	3.7277e-18	4.606e-17
2.2557e+14	2.1404e-18	1.6572e-17
2.2572e+14	4.5415e-18	4.4528e-17
2.2587e+14	4.2527e-18	5.9525e-17
2.2602e+14	2.1487e-18	2.8726e-17
2.2617e+14	3.9718e-18	3.8677e-17
2.2632e+14	4.5132e-18	6.8595e-17
2.2647e+14	1.3079e-18	4.0705e-17
2.2662e+14	1.8114e-18	2.214e-17
2.2677e+14	4.3431e-18	5.7635e-17
2.2693e+14	2.3453e-18	5.6645e-17
2.2708e+14	1.237e-18	2.0653e-17
2.2723e+14	4.1387e-18	3.4163e-17
2.2738e+14	3.6339e-18	5.3731e-17
2.2753e+14	9.9904e-19	2.7711e-17
2.2768e+14	3.1348e-18	2.3694e-17
2.2783e+14	5.2363e-18	4.9487e-17
2.2798e+14	3.173e-18	4.261e-17
2.2813e+14	2.7974e-18	3.4566e-17
2.2828e+14	3.9743e-18	5.397e-17
2.2843e+14	2.3866e-18	4.4707e-17
2.2859e+14	2.1707e-18	2.3428e-17
2.2874e+14	4.3341e-18	4.5365e-17
2.2889e+14	2.9555e-18	5.4295e-17
2.2904e+14	1.2303e-18	2.1229e-17
2.2919e+14	4.2569e-18	2.3386e-17
2.2934e+14	5.3905e-18	5.1582e-17
2.2949e+14	2.3002e-18	3.6627e-17
2.2964e+14	2.5543e-18	2.5195e-17
2.2979e+14	4.5851e-18	5.4723e-17
2.2994e+14	2.634e-18	5.6717e-17
2.301e+14	1.7453e-18	3.4322e-17
2.3025e+14	4.1801e-18	4.8319e-17
2.304e+14	3.8366e-18	5.6122e-17
2.3055e+14	2.6164e-18	2.8961e-17
2.307e+14	4.5508e-18	3.4109e-17
2.3085e+14	3.9423e-18	5.8392e-17
2.31e+14	6.8827e-19	3.5464e-17
2.3115e+14	2.252e-18	1.7141e-17
2.313e+14	4.708e-18	4.7568e-17
2.3145e+14	2.1229e-18	5.5887e-17
2.3161e+14	1.4612e-18	3.1297e-17
2.3176e+14	4.5516e-18	3.4661e-17
2.3191e+14	3.4975e-18	4.3071e-17
2.3206e+14	1.3307e-18	2.8826e-17
2.3221e+14	4.0211e-18	3.5825e-17
2.3236e+14	4.6141e-18	5.0755e-17
2.3251e+14	1.3116e-18	3.2459e-17
2.3266e+14	2.5052e-18	2.8728e-17
2.3281e+14	4.8639e-18	5.4863e-17
2.3296e+14	1.4591e-18	4.6133e-17
2.3312e+14	-1.0613e-19	2.3451e-17
2.3327e+14	3.5076e-18	4.3505e-17
2.3342e+14	3.294e-18	5.357e-17
2.3357e+14	8.6917e-19	2.6962e-17
2.3372e+14	3.5966e-18	3.0749e-17
2.3387e+14	5.1561e-18	5.1428e-17
2.3402e+14	1.6004e-18	3.1332e-17
2.3417e+14	1.3128e-18	1.8813e-17
2.3432e+14	4.0544e-18	4.3111e-17
2.3447e+14	3.0316e-18	4.3633e-17
2.3463e+14	2.4844e-18	3.1249e-17
2.3478e+14	4.9588e-18	5.1924e-17
2.3493e+14	3.6226e-18	5.6751e-17
2.3508e+14	5.981e-19	3.202e-17
2.3523e+14	2.5142e-18	4.1276e-17
2.3538e+14	3.9398e-18	5.4523e-17
2.3553e+14	1.607e-18	2.2699e-17
2.3568e+14	2.346e-18	1.9769e-17
2.3583e+14	4.5829e-18	6.2763e-17
2.3598e+14	2.2313e-18	5.473e-17
2.3613e+14	7.5451e-19	1.7963e-17
2.3629e+14	3.3629e-18	4.0482e-17
2.3644e+14	3.2455e-18	6.3721e-17
2.3659e+14	1.3159e-18	3.3948e-17
2.3674e+14	2.8203e-18	2.7922e-17
2.3689e+14	3.0915e-18	5.2261e-17
2.3704e+14	7.6569e-19	3.8575e-17
2.3719e+14	2.4964e-18	2.6117e-17
2.3734e+14	4.9599e-18	5.3854e-17
2.3749e+14	1.9865e-18	5.4284e-17
2.3764e+14	4.427e-19	2.5956e-17
2.378e+14	3.5194e-18	3.4817e-17
2.3795e+14	3.2059e-18	4.8485e-17
2.381e+14	8.6121e-19	2.9998e-17
2.3825e+14	3.2459e-18	3.0924e-17
2.384e+14	4.8803e-18	4.6571e-17
2.3855e+14	1.9855e-18	3.0125e-17
2.387e+14	1.6414e-18	2.5348e-17
2.3885e+14	3.5371e-18	5.2702e-17
2.39e+14	1.9833e-18	4.6191e-17
2.3915e+14	1.3025e-18	2.1252e-17
2.3931e+14	3.8411e-18	3.9664e-17
2.3946e+14	3.0236e-18	5.4951e-17
2.3961e+14	3.3936e-19	3.5504e-17
2.3976e+14	1.8086e-18	4.2426e-17
2.3991e+14	2.9473e-18	6.1987e-17
2.4006e+14	8.9904e-19	3.8383e-17
2.4021e+14	1.5803e-18	2.5073e-17
2.4036e+14	3.9639e-18	5.169e-17
2.4051e+14	3.0889e-18	4.6525e-17
2.4066e+14	2.7186e-18	2.1605e-17
2.4082e+14	4.1505e-18	4.3361e-17
2.4097e+14	2.4251e-18	6.1034e-17
2.4112e+14	7.418e-19	3.5945e-17
2.4127e+14	3.2156e-18	3.9693e-17
2.4142e+14	3.4665e-18	6.8432e-17
2.4157e+14	4.8462e-19	5.0132e-17
2.4172e+14	1.6593e-18	2.4357e-17
2.4187e+14	4.0389e-18	3.9591e-17
2.4202e+14	1.8262e-18	4.0969e-17
2.4217e+14	1.0838e-18	2.3312e-17
2.4233e+14	3.8058e-18	3.7999e-17
2.4248e+14	2.798e-18	4.8767e-17
2.4263e+14	5.5307e-19	2.6252e-17
2.4278e+14	2.8758e-18	2.9544e-17
2.4293e+14	3.9925e-18	5.3723e-17
2.4308e+14	1.8714e-18	4.1091e-17
2.4323e+14	3.1543e-18	2.8117e-17
2.4338e+14	4.7107e-18	4.6965e-17
2.4353e+14	1.2802e-18	4.2948e-17
2.4368e+14	3.0941e-19	2.1888e-17
2.4383e+14	3.9406e-18	3.7325e-17
2.4399e+14	3.2677e-18	5.0897e-17
2.4414e+14	4.5158e-19	3.1344e-17
2.4429e+14	2.7904e-18	3.1862e-17
2.4444e+14	4.0653e-18	4.8156e-17
2.4459e+14	6.6111e-19	3.4285e-17
2.4474e+14	9.1727e-19	2.8717e-17
2.4489e+14	4.2366e-18	5.1818e-17
2.4504e+14	3.2394e-18	4.7187e-17
2.4519e+14	1.8701e-18	2.756e-17
2.4534e+14	3.5201e-18	4.0141e-17
2.455e+14	2.4087e-18	4.0711e-17
2.4565e+14	3.5257e-19	1.4279e-17
2.458e+14	2.923e-18	2.5675e-17
2.4595e+14	4.0857e-18	5.3129e-17
2.461e+14	6.5365e-19	3.6959e-17
2.4625e+14	5.4203e-19	2.8559e-17
2.464e+14	3.3556e-18	5.3999e-17
2.4655e+14	2.2017e-18	4.3067e-17
2.467e+14	9.1573e-19	1.3574e-17
2.4685e+14	3.0988e-18	3.5465e-17
2.4701e+14	3.0082e-18	5.6358e-17
2.4716e+14	1.2104e-18	3.0137e-17
2.4731e+14	2.9573e-18	2.3775e-17
2.4746e+14	4.0741e-18	4.4489e-17
2.4761e+14	1.8186e-18	3.6035e-17
2.4776e+14	1.9413e-18	3.2225e-17
2.4791e+14	3.5439e-18	5.8093e-17
2.4806e+14	1.7908e-18	4.9504e-17
2.4821e+14	9.8122e-19	1.6741e-17
2.4836e+14	3.2167e-18	2.8255e-17
2.4852e+14	2.6613e-18	4.6475e-17
2.4867e+14	8.4072e-19	2.9544e-17
2.4882e+14	2.7148e-18	3.076e-17
2.4897e+14	3.6624e-18	4.9144e-17
2.4912e+14	1.6667e-18	3.1735e-17
2.4927e+14	2.6705e-18	1.8e-17
2.4942e+14	4.6687e-18	4.2105e-17
2.4957e+14	2.4466e-18	4.4997e-17
2.4972e+14	1.38e-18	2.3786e-17
2.4987e+14	4.0833e-18	3.2189e-17
2.5003e+14	3.6522e-18	4.185e-17
2.5018e+14	9.0875e-19	2.6902e-17
2.5033e+14	1.946e-18	3.4477e-17
2.5048e+14	3.0267e-18	4.9953e-17
2.5063e+14	8.732e-19	2.572e-17
2.5078e+14	7.0678e-19	1.3043e-17
2.5093e+14	2.5278e-18	4.1307e-17
2.5108e+14	2.0119e-18	4.0761e-17
2.5123e+14	1.8261e-18	1.325e-17
2.5138e+14	3.3817e-18	2.4419e-17
2.5153e+14	2.6705e-18	4.2959e-17
2.5169e+14	1.5131e-18	3.0044e-17
2.5184e+14	2.9757e-18	3.3573e-17
2.5199e+14	2.7464e-18	5.1645e-17
2.5214e+14	5.4738e-19	3.63e-17
2.5229e+14	1.6565e-18	2.5201e-17
2.5244e+14	3.2572e-18	4.6176e-17
2.5259e+14	1.2983e-18	4.1862e-17
2.5274e+14	7.2361e-19	1.8462e-17
2.5289e+14	2.6383e-18	3.4616e-17
2.5304e+14	2.0153e-18	5.3493e-17
2.532e+14	1.3983e-18	3.4403e-17
2.5335e+14	3.735e-18	2.7477e-17
2.535e+14	3.5088e-18	4.0536e-17
2.5365e+14	1.1035e-18	3.0874e-17
2.538e+14	2.7864e-18	2.6713e-17
2.5395e+14	4.5394e-18	4.8363e-17
2.541e+14	1.8674e-18	4.3761e-17
2.5425e+14	1.4033e-18	2.0051e-17
2.544e+14	4.0061e-18	2.9636e-17
2.5455e+14	2.5163e-18	4.2188e-17
2.5471e+14	3.1168e-19	2.8834e-17
2.5486e+14	2.8522e-18	3.2199e-17
2.5501e+14	3.6558e-18	4.5812e-17
2.5516e+14	6.9258e-19	3.0538e-17
2.5531e+14	1.2644e-18	2.2798e-17
2.5546e+14	3.5945e-18	3.968e-17
2.5561e+14	2.382e-18	3.0063e-17
2.5576e+14	2.282e-18	1.0072e-17
2.5591e+14	4.3835e-18	2.8587e-17
2.5606e+14	2.9194e-18	4.4304e-17
2.5622e+14	1.3664e-18	3.2181e-17
2.5637e+14	4.0649e-18	4.1321e-17
2.5652e+14	4.0432e-18	5.5447e-17
2.5667e+14	3.3914e-19	3.0565e-17
2.5682e+14	1.1501e-18	1.8862e-17
2.5697e+14	3.5384e-18	4.4586e-17
2.5712e+14	1.0372e-18	4.1449e-17
2.5727e+14	-1.6117e-19	1.9919e-17
2.5742e+14	2.7028e-18	4.0713e-17
2.5757e+14	2.408e-18	5.9517e-17
2.5773e+14	7.3839e-19	3.6075e-17
2.5788e+14	3.1803e-18	2.9243e-17
2.5803e+14	3.7203e-18	4.6501e-17
2.5818e+14	1.837e-19	3.6879e-17
2.5833e+14	6.9908e-19	2.5818e-17
2.5848e+14	3.8029e-18	3.8505e-17
2.5863e+14	2.269e-18	3.1921e-17
2.5878e+14	3.8043e-19	1.989e-17
2.5893e+14	1.9637e-18	4.5466e-17
2.5908e+14	1.8039e-18	5.726e-17
2.5924e+14	7.4864e-19	2.5501e-17
2.5939e+14	2.9773e-18	1.8794e-17
2.5954e+14	3.6536e-18	4.2219e-17
2.5969e+14	1.0535e-18	3.5921e-17
2.5984e+14	1.408e-18	2.4321e-17
2.5999e+14	3.1061e-18	4.1013e-17
2.6014e+14	1.5471e-18	4.133e-17
2.6029e+14	1.6885e-18	2.3971e-17
2.6044e+14	4.7045e-18	3.3457e-17
2.6059e+14	3.7616e-18	4.1993e-17
2.6074e+14	1.1944e-18	2.4112e-17
2.609e+14	2.8171e-18	2.3567e-17
2.6105e+14	3.4229e-18	3.8184e-17
2.612e+14	5.2542e-19	3.0279e-17
2.6135e+14	8.72e-19	2.9563e-17
2.615e+14	3.3617e-18	4.8556e-17
2.6165e+14	2.2824e-18	3.8778e-17
2.618e+14	1.4424e-18	1.8989e-17
2.6195e+14	3.1709e-18	3.9459e-17
2.621e+14	2.4756e-18	5.8383e-17
2.6225e+14	1.0556e-18	4.3383e-17
2.6241e+14	2.8226e-18	4.0533e-17
2.6256e+14	2.7962e-18	4.6596e-17
2.6271e+14	3.5862e-20	2.6456e-17
2.6286e+14	1.07e-18	2.0491e-17
2.6301e+14	3.4454e-18	4.3954e-17
2.6316e+14	1.5462e-18	3.8217e-17
2.6331e+14	2.9258e-19	1.5635e-17
2.6346e+14	2.2218e-18	2.9719e-17
2.6361e+14	1.7789e-18	4.1151e-17
2.6376e+14	4.1317e-19	1.9443e-17
2.6392e+14	2.2173e-18	1.9217e-17
2.6407e+14	2.508e-18	4.1654e-17
2.6422e+14	3.5925e-19	3.7394e-17
2.6437e+14	1.7384e-18	2.9859e-17
2.6452e+14	3.8576e-18	4.231e-17
2.6467e+14	1.8597e-18	3.7972e-17
2.6482e+14	1.3181e-18	2.782e-17
2.6497e+14	3.8754e-18	4.2755e-17
2.6512e+14	2.95e-18	4.0077e-17
2.6527e+14	7.4276e-19	1.0909e-17
2.6543e+14	2.4723e-18	1.6476e-17
2.6558e+14	2.8351e-18	3.9387e-17
2.6573e+14	-5.0543e-20	2.493e-17
2.6588e+14	7.4095e-19	1.5584e-17
2.6603e+14	3.7365e-18	3.9211e-17
2.6618e+14	3.0007e-18	3.7228e-17
2.6633e+14	2.0086e-18	1.4407e-17
2.6648e+14	2.7933e-18	2.754e-17
2.6663e+14	1.2166e-18	4.6922e-17
2.6678e+14	1.8308e-19	3.7457e-17
2.6694e+14	3.0594e-18	3.7397e-17
2.6709e+14	3.4024e-18	4.617e-17
2.6724e+14	3.6039e-19	3.2155e-17
2.6739e+14	1.4359e-18	2.7616e-17
2.6754e+14	3.9806e-18	4.327e-17
2.6769e+14	1.9124e-18	3.3276e-17
2.6784e+14	8.3822e-19	1.8613e-17
2.6799e+14	3.6255e-18	4.0554e-17
2.6814e+14	3.5619e-18	5.1744e-17
2.6829e+14	1.3858e-18	3.2138e-17
2.6844e+14	2.1087e-18	3.5849e-17
2.686e+14	2.0075e-18	4.7733e-17
2.6875e+14	1.8839e-19	2.5834e-17
2.689e+14	2.2786e-18	1.9694e-17
2.6905e+14	4.7309e-18	4.5412e-17
2.692e+14	1.9065e-18	3.7178e-17
2.6935e+14	1.1039e-19	1.4553e-17
2.695e+14	2.486e-18	3.7861e-17
2.6965e+14	2.1254e-18	5.4119e-17
2.698e+14	-9.632e-20	2.6184e-17
2.6995e+14	1.5314e-18	2.4064e-17
2.7011e+14	2.7707e-18	5.0492e-17
2.7026e+14	7.0408e-19	3.8905e-17
2.7041e+14	9.0472e-19	1.8246e-17
2.7056e+14	2.7625e-18	3.2807e-17
2.7071e+14	1.7637e-18	3.8808e-17
2.7086e+14	1.4668e-18	2.9034e-17
2.7101e+14	3.3763e-18	4.3281e-17
2.7116e+14	2.4117e-18	5.0028e-17
2.7131e+14	3.6347e-19	2.6819e-17
2.7146e+14	1.549e-18	2.7504e-17
2.7162e+14	2.0304e-18	4.8286e-17
2.7177e+14	7.1602e-19	3.72e-17
2.7192e+14	2.2904e-18	2.5815e-17
2.7207e+14	3.7989e-18	4.5608e-17
2.7222e+14	1.4054e-18	4.9474e-17
2.7237e+14	8.2796e-19	3.6869e-17
2.7252e+14	3.2688e-18	4.8857e-17
2.7267e+14	2.4778e-18	5.0659e-17
2.7282e+14	8.4921e-19	2.0663e-17
2.7297e+14	2.948e-18	1.7254e-17
2.7313e+14	3.2693e-18	3.8384e-17
2.7328e+14	3.6978e-19	2.7889e-17
2.7343e+14	1.0219e-18	1.3526e-17
2.7358e+14	3.3882e-18	2.9894e-17
2.7373e+14	2.0109e-18	3.2608e-17
2.7388e+14	9.651e-19	1.7392e-17
2.7403e+14	2.1061e-18	2.7558e-17
2.7418e+14	8.8449e-19	3.9549e-17
2.7433e+14	8.5153e-20	2.8977e-17
2.7448e+14	3.0514e-18	3.3808e-17
2.7464e+14	3.3039e-18	4.6755e-17
2.7479e+14	-6.6827e-20	3.0796e-17
2.7494e+14	5.0508e-19	2.2571e-17
2.7509e+14	2.834e-18	4.2681e-17
2.7524e+14	1.1115e-18	4.0522e-17
2.7539e+14	2.9017e-19	2.3646e-17
2.7554e+14	2.718e-18	3.7666e-17
2.7569e+14	2.3926e-18	4.6005e-17
2.7584e+14	6.2522e-19	2.2659e-17
2.7599e+14	1.8235e-18	1.853e-17
2.7614e+14	1.9418e-18	3.0323e-17
2.763e+14	4.0877e-19	1.6781e-17
2.7645e+14	2.3978e-18	1.727e-17
2.766e+14	4.0621e-18	4.9034e-17
2.7675e+14	1.0653e-18	4.4256e-17
2.769e+14	2.1939e-19	1.2276e-17
2.7705e+14	3.0116e-18	2.5841e-17
2.772e+14	2.2742e-18	5.013e-17
2.7735e+14	6.7579e-19	3.001e-17
2.775e+14	3.2715e-18	1.823e-17
2.7765e+14	3.4863e-18	4.0888e-17
2.7781e+14	-1.8394e-19	4.3087e-17
2.7796e+14	6.8667e-19	2.8115e-17
2.7811e+14	3.7805e-18	3.5585e-17
2.7826e+14	1.7757e-18	4.0922e-17
2.7841e+14	-3.1012e-20	2.9558e-17
2.7856e+14	2.1326e-18	3.2346e-17
2.7871e+14	1.9362e-18	3.8942e-17
2.7886e+14	3.9242e-19	2.7561e-17
2.7901e+14	2.6782e-18	2.4064e-17
2.7916e+14	3.5622e-18	3.2155e-17
2.7932e+14	7.001e-19	2.6427e-17
2.7947e+14	1.2078e-18	2.2791e-17
2.7962e+14	3.619e-18	3.3215e-17
2.7977e+14	1.7394e-18	3.1613e-17
2.7992e+14	5.6704e-19	2.6337e-17
2.8007e+14	3.1997e-18	3.6967e-17
2.8022e+14	2.7395e-18	3.3618e-17
2.8037e+14	1.2003e-19	1.5289e-17
2.8052e+14	1.8162e-18	2.3881e-17
2.8067e+14	3.4762e-18	3.7332e-17
2.8083e+14	1.2272e-18	1.9645e-17
2.8098e+14	9.7005e-19	1.4853e-17
2.8113e+14	2.6804e-18	3.8219e-17
2.8128e+14	1.1981e-18	3.3028e-17
2.8143e+14	3.6044e-19	1.1218e-17
2.8158e+14	2.8361e-18	2.7457e-17
2.8173e+14	2.5607e-18	4.6335e-17
2.8188e+14	5.9208e-20	2.9116e-17
2.8203e+14	1.1072e-18	2.033e-17
2.8218e+14	2.3589e-18	3.1681e-17
2.8234e+14	6.8008e-19	2.5589e-17
2.8249e+14	1.1096e-18	2.0394e-17
2.8264e+14	3.2098e-18	3.7155e-17
2.8279e+14	2.023e-18	3.7183e-17
2.8294e+14	7.8309e-19	1.7577e-17
2.8309e+14	2.2917e-18	1.8255e-17
2.8324e+14	2.1647e-18	2.8687e-17
2.8339e+14	1.021e-18	2.795e-17
2.8354e+14	2.5524e-18	3.3038e-17
2.8369e+14	2.9445e-18	3.69e-17
2.8384e+14	6.8665e-19	2.6379e-17
2.84e+14	1.1965e-18	3.1205e-17
2.8415e+14	3.1346e-18	4.7326e-17
2.843e+14	1.7164e-18	3.3739e-17
2.8445e+14	7.933e-19	1.788e-17
2.846e+14	2.7257e-18	3.7038e-17
2.8475e+14	2.5703e-18	4.4453e-17
2.849e+14	1.0543e-18	2.0649e-17
2.8505e+14	2.0134e-18	2.0292e-17
2.852e+14	2.0037e-18	3.8416e-17
2.8535e+14	3.0455e-19	2.7435e-17
2.8551e+14	2.0905e-18	1.3766e-17
2.8566e+14	4.4131e-18	2.6855e-17
2.8581e+14	1.9071e-18	3.4016e-17
2.8596e+14	-4.2298e-20	3.1361e-17
2.8611e+14	2.0797e-18	3.8894e-17
2.8626e+14	2.3617e-18	3.2e-17
2.8641e+14	5.835e-19	1.1951e-17
2.8656e+14	1.5122e-18	2.1424e-17
2.8671e+14	2.3051e-18	3.9334e-17
2.8686e+14	6.7996e-19	2.7439e-17
2.8702e+14	1.0526e-18	2.2571e-17
2.8717e+14	2.7645e-18	3.9555e-17
2.8732e+14	1.8878e-18	3.3623e-17
2.8747e+14	1.2822e-18	1.8175e-17
2.8762e+14	2.3526e-18	3.0256e-17
2.8777e+14	1.3882e-18	3.3606e-17
2.8792e+14	4.5289e-19	1.5363e-17
2.8807e+14	2.5967e-18	2.5487e-17
2.8822e+14	2.9768e-18	4.909e-17
2.8837e+14	5.9565e-19	3.8136e-17
2.8853e+14	1.1983e-18	2.5528e-17
2.8868e+14	2.9159e-18	3.6344e-17
2.8883e+14	1.1938e-18	3.0937e-17
2.8898e+14	5.4215e-19	1.8484e-17
2.8913e+14	2.911e-18	3.4373e-17
2.8928e+14	2.5539e-18	4.1352e-17
2.8943e+14	4.5243e-19	2.1258e-17
2.8958e+14	1.4721e-18	2.2406e-17
2.8973e+14	2.3864e-18	3.527e-17
2.8988e+14	1.1394e-18	1.8429e-17
2.9004e+14	1.9432e-18	1.0543e-17
2.9019e+14	3.3575e-18	3.5658e-17
2.9034e+14	1.6877e-18	4.0168e-17
2.9049e+14	8.7889e-19	2.3474e-17
2.9064e+14	2.5393e-18	3.2387e-17
2.9079e+14	2.1257e-18	4.0903e-17
2.9094e+14	9.9292e-19	2.2471e-17
2.9109e+14	2.2956e-18	2.2054e-17
2.9124e+14	2.0954e-18	4.3532e-17
2.9139e+14	1.399e-19	4.1389e-17
2.9155e+14	1.6577e-18	3.0079e-17
2.917e+14	3.8052e-18	3.5853e-17
2.9185e+14	2.1e-18	3.209e-17
2.92e+14	1.4997e-18	1.8985e-17
2.9215e+14	3.628e-18	2.4669e-17
2.923e+14	2.6528e-18	3.0761e-17
2.9245e+14	4.0256e-19	2.4421e-17
2.926e+14	1.9719e-18	2.9874e-17
2.9275e+14	3.1796e-18	3.3534e-17
2.929e+14	1.5049e-18	1.6997e-17
2.9305e+14	1.7415e-18	1.7866e-17
2.9321e+14	2.8938e-18	3.883e-17
2.9336e+14	1.2488e-18	3.2936e-17
2.9351e+14	6.0435e-19	2.0574e-17
2.9366e+14	2.0886e-18	4.0854e-17
2.9381e+14	9.6283e-19	4.9482e-17
2.9396e+14	-3.5137e-19	2.4406e-17
2.9411e+14	2.1111e-18	2.0328e-17
2.9426e+14	2.9405e-18	3.7575e-17
2.9441e+14	2.1145e-19	3.0531e-17
2.9456e+14	4.1462e-19	2.0636e-17
2.9472e+14	2.7849e-18	3.1786e-17
2.9487e+14	1.8882e-18	3.1866e-17
2.9502e+14	6.6987e-19	2.4537e-17
2.9517e+14	1.7885e-18	3.6693e-17
2.9532e+14	1.5697e-18	4.0395e-17
2.9547e+14	8.9559e-19	2.8096e-17
2.9562e+14	2.5507e-18	4.026e-17
2.9577e+14	2.8184e-18	5.64e-17
2.9592e+14	1.1242e-18	3.5348e-17
2.9607e+14	2.0751e-18	1.9651e-17
2.9623e+14	3.2045e-18	3.789e-17
2.9638e+14	1.0063e-18	4.0794e-17
2.9653e+14	7.878e-19	2.3427e-17
2.9668e+14	3.8981e-18	2.783e-17
2.9683e+14	3.8304e-18	3.6321e-17
2.9698e+14	1.4436e-18	2.5177e-17
2.9713e+14	1.8194e-18	2.3018e-17
2.9728e+14	2.2218e-18	3.0733e-17
2.9743e+14	9.2715e-19	2.7649e-17
2.9758e+14	1.7987e-18	3.606e-17
2.9774e+14	3.154e-18	5.4753e-17
2.9789e+14	1.563e-18	4.3017e-17
2.9804e+14	6.5898e-19	2.1682e-17
2.9819e+14	1.5697e-18	3.1051e-17
2.9834e+14	7.4259e-19	3.7975e-17
2.9849e+14	6.6045e-19	2.3572e-17
2.9864e+14	3.3291e-18	2.6688e-17
2.9879e+14	2.9941e-18	3.7555e-17
2.9894e+14	-2.8075e-19	2.3055e-17
2.9909e+14	2.111e-19	1.6962e-17
2.9925e+14	2.1825e-18	3.6216e-17
2.994e+14	8.3624e-19	3.7948e-17
2.9955e+14	4.1303e-19	2.6978e-17
2.997e+14	2.0561e-18	3.5176e-17
2.9985e+14	9.1533e-19	3.4799e-17
3e+14	-4.9716e-20	1.8163e-17
