#Error on normalization	O = -0.069 %	H = 2.737 %
#Frequence (s-1)	S_O (s)	S_H (s)
0	-9.7629e-17	1.0532e-16
1.9048e+11	7.6836e-17	5.7302e-17
3.8095e+11	1.9087e-16	4.3967e-17
5.7143e+11	-6.0511e-17	1.111e-16
7.619e+11	-1.0359e-16	9.6952e-17
9.5238e+11	2.6622e-16	6.0343e-17
1.1429e+12	2.6729e-16	1.2504e-16
1.3333e+12	-9.4259e-17	1.4656e-16
1.5238e+12	1.5947e-16	9.2844e-17
1.7143e+12	6.2036e-16	1.3956e-16
1.9048e+12	2.2388e-16	2.0941e-16
2.0952e+12	-7.4508e-17	1.6698e-16
2.2857e+12	5.551e-16	1.718e-16
2.4762e+12	5.7218e-16	2.582e-16
2.6667e+12	-5.4292e-17	2.5234e-16
2.8571e+12	7.1133e-16	2.4757e-16
3.0476e+12	1.4959e-15	3.4417e-16
3.2381e+12	3.3149e-16	3.4938e-16
3.4286e+12	7.4734e-16	3.2492e-16
3.619e+12	3.4437e-15	4.8206e-16
3.8095e+12	2.1399e-15	5.6584e-16
4e+12	2.0167e-15	6.3408e-16
4.1905e+12	2.0324e-14	1.5022e-15
4.381e+12	4.9894e-14	2.9457e-15
4.5714e+12	5.505e-14	3.2544e-15
4.7619e+12	2.6533e-14	1.9649e-15
4.9524e+12	4.1981e-16	7.5709e-16
5.1429e+12	7.3237e-16	6.974e-16
5.3333e+12	8.7786e-15	1.0433e-15
5.5238e+12	6.7761e-15	1.1261e-15
5.7143e+12	3.7617e-15	1.1516e-15
5.9048e+12	6.7566e-15	1.2671e-15
6.0952e+12	1.0324e-14	1.4584e-15
6.2857e+12	1.5763e-14	1.8068e-15
6.4762e+12	2.4479e-14	2.0685e-15
6.6667e+12	2.489e-14	1.9103e-15
6.8571e+12	1.3637e-14	1.6327e-15
7.0476e+12	6.1512e-15	1.6623e-15
7.2381e+12	9.4571e-15	1.8403e-15
7.4286e+12	1.5787e-14	2.1393e-15
7.619e+12	2.5958e-14	3.0688e-15
7.8095e+12	4.1941e-14	4.3729e-15
8e+12	4.6678e-14	4.6283e-15
8.1905e+12	3.1191e-14	3.405e-15
8.381e+12	2.1024e-14	2.4783e-15
8.5714e+12	3.7542e-14	3.3292e-15
8.7619e+12	6.1564e-14	4.8361e-15
8.9524e+12	6.9035e-14	5.2999e-15
9.1429e+12	6.9134e-14	5.1482e-15
9.3333e+12	7.841e-14	5.4784e-15
9.5238e+12	9.0846e-14	5.8147e-15
9.7143e+12	9.5873e-14	5.5371e-15
9.9048e+12	9.6088e-14	5.3708e-15
1.0095e+13	9.2851e-14	5.5737e-15
1.0286e+13	8.0312e-14	5.1213e-15
1.0476e+13	6.1032e-14	3.9057e-15
1.0667e+13	4.5793e-14	3.0793e-15
1.0857e+13	3.6582e-14	2.8494e-15
1.1048e+13	2.7941e-14	2.5184e-15
1.1238e+13	2.1178e-14	2.2161e-15
1.1429e+13	2.0579e-14	2.3697e-15
1.1619e+13	2.2578e-14	2.5908e-15
1.181e+13	2.3005e-14	2.6019e-15
1.2e+13	2.5012e-14	2.7721e-15
1.219e+13	2.9158e-14	3.0938e-15
1.2381e+13	3.0065e-14	3.1945e-15
1.2571e+13	2.9534e-14	3.2367e-15
1.2762e+13	3.4177e-14	3.4907e-15
1.2952e+13	3.8983e-14	3.6673e-15
1.3143e+13	3.5887e-14	3.5581e-15
1.3333e+13	3.2709e-14	3.4834e-15
1.3524e+13	3.8501e-14	3.6515e-15
1.3714e+13	4.3388e-14	3.8124e-15
1.3905e+13	3.7966e-14	3.7287e-15
1.4095e+13	3.3107e-14	3.5705e-15
1.4286e+13	3.8728e-14	3.6903e-15
1.4476e+13	4.6011e-14	4.0409e-15
1.4667e+13	4.6146e-14	4.1443e-15
1.4857e+13	4.4107e-14	3.89e-15
1.5048e+13	4.6758e-14	3.7772e-15
1.5238e+13	5.4693e-14	4.038e-15
1.5429e+13	6.4011e-14	4.2998e-15
1.5619e+13	6.7496e-14	4.3083e-15
1.581e+13	6.2721e-14	4.193e-15
1.6e+13	5.7627e-14	4.0784e-15
1.619e+13	5.7653e-14	4.0389e-15
1.6381e+13	5.8133e-14	4.1666e-15
1.6571e+13	5.555e-14	4.3958e-15
1.6762e+13	4.9788e-14	4.524e-15
1.6952e+13	3.9615e-14	4.386e-15
1.7143e+13	3.2381e-14	4.0053e-15
1.7333e+13	3.863e-14	3.7234e-15
1.7524e+13	4.7174e-14	3.7808e-15
1.7714e+13	4.1097e-14	3.8766e-15
1.7905e+13	3.5286e-14	3.9145e-15
1.8095e+13	4.871e-14	4.3691e-15
1.8286e+13	5.9818e-14	4.9637e-15
1.8476e+13	4.6891e-14	4.7602e-15
1.8667e+13	3.5052e-14	4.239e-15
1.8857e+13	4.6995e-14	4.6004e-15
1.9048e+13	5.9248e-14	5.2011e-15
1.9238e+13	5.323e-14	4.9666e-15
1.9429e+13	4.8064e-14	4.8071e-15
1.9619e+13	5.3724e-14	5.388e-15
1.981e+13	5.4855e-14	5.5199e-15
2e+13	5.0412e-14	5.1234e-15
2.019e+13	5.3085e-14	5.5403e-15
2.0381e+13	5.866e-14	6.2056e-15
2.0571e+13	5.8304e-14	5.8579e-15
2.0762e+13	5.832e-14	5.6262e-15
2.0952e+13	6.3004e-14	6.4022e-15
2.1143e+13	6.63e-14	6.6454e-15
2.1333e+13	6.6808e-14	5.9992e-15
2.1524e+13	6.5497e-14	6.1312e-15
2.1714e+13	5.8491e-14	6.858e-15
2.1905e+13	4.9374e-14	6.8036e-15
2.2095e+13	4.8127e-14	6.6522e-15
2.2286e+13	5.1476e-14	7.1629e-15
2.2476e+13	4.796e-14	7.2614e-15
2.2667e+13	3.8553e-14	6.852e-15
2.2857e+13	3.1919e-14	7.0697e-15
2.3048e+13	2.9788e-14	7.4556e-15
2.3238e+13	2.9297e-14	7.2761e-15
2.3429e+13	2.7968e-14	7.506e-15
2.3619e+13	2.4043e-14	8.3491e-15
2.381e+13	2.0128e-14	8.5966e-15
2.4e+13	1.9918e-14	8.4956e-15
2.419e+13	1.9899e-14	9.0148e-15
2.4381e+13	1.6227e-14	9.5786e-15
2.4571e+13	1.3846e-14	9.8512e-15
2.4762e+13	1.6234e-14	1.0595e-14
2.4952e+13	1.7835e-14	1.1426e-14
2.5143e+13	1.5463e-14	1.1604e-14
2.5333e+13	1.2912e-14	1.1896e-14
2.5524e+13	1.165e-14	1.256e-14
2.5714e+13	1.0231e-14	1.2822e-14
2.5905e+13	9.5289e-15	1.3238e-14
2.6095e+13	9.6526e-15	1.4077e-14
2.6286e+13	8.902e-15	1.3747e-14
2.6476e+13	8.305e-15	1.3067e-14
2.6667e+13	9.0628e-15	1.5125e-14
2.6857e+13	9.1022e-15	1.8211e-14
2.7048e+13	8.0653e-15	1.787e-14
2.7238e+13	8.0679e-15	1.6195e-14
2.7429e+13	8.1314e-15	1.8309e-14
2.7619e+13	6.681e-15	2.2099e-14
2.781e+13	5.8992e-15	2.2273e-14
2.8e+13	6.5861e-15	2.0166e-14
2.819e+13	6.2444e-15	2.0267e-14
2.8381e+13	5.3083e-15	2.2264e-14
2.8571e+13	6.0917e-15	2.3262e-14
2.8762e+13	7.0891e-15	2.3364e-14
2.8952e+13	6.4627e-15	2.4906e-14
2.9143e+13	5.8931e-15	2.8146e-14
2.9333e+13	6.0844e-15	2.9821e-14
2.9524e+13	5.7235e-15	2.7716e-14
2.9714e+13	5.5543e-15	2.5612e-14
2.9905e+13	6.4024e-15	2.8175e-14
3.0095e+13	6.3897e-15	3.2471e-14
3.0286e+13	5.1599e-15	3.3053e-14
3.0476e+13	5.0727e-15	3.1897e-14
3.0667e+13	6.0827e-15	3.3002e-14
3.0857e+13	5.9767e-15	3.3866e-14
3.1048e+13	5.0964e-15	3.278e-14
3.1238e+13	5.1997e-15	3.4235e-14
3.1429e+13	5.8908e-15	3.7925e-14
3.1619e+13	5.8908e-15	3.6324e-14
3.181e+13	5.3183e-15	3.0334e-14
3.2e+13	5.0418e-15	3.0531e-14
3.219e+13	5.429e-15	3.7677e-14
3.2381e+13	6.0259e-15	4.0315e-14
3.2571e+13	6.18e-15	3.5209e-14
3.2762e+13	5.9879e-15	3.1689e-14
3.2952e+13	5.7757e-15	3.3587e-14
3.3143e+13	5.3262e-15	3.459e-14
3.3333e+13	4.8659e-15	3.2712e-14
3.3524e+13	5.0444e-15	3.283e-14
3.3714e+13	5.3054e-15	3.4556e-14
3.3905e+13	4.8822e-15	3.273e-14
3.4095e+13	4.5944e-15	2.8965e-14
3.4286e+13	4.9479e-15	2.8845e-14
3.4476e+13	4.9084e-15	3.0665e-14
3.4667e+13	4.434e-15	2.9869e-14
3.4857e+13	4.6049e-15	2.9027e-14
3.5048e+13	4.9737e-15	3.1252e-14
3.5238e+13	4.6076e-15	3.1971e-14
3.5429e+13	4.1994e-15	2.8182e-14
3.5619e+13	4.2379e-15	2.549e-14
3.581e+13	4.0503e-15	2.7144e-14
3.6e+13	3.7931e-15	2.8002e-14
3.619e+13	3.962e-15	2.5312e-14
3.6381e+13	3.869e-15	2.308e-14
3.6571e+13	3.3606e-15	2.307e-14
3.6762e+13	3.3656e-15	2.297e-14
3.6952e+13	3.5874e-15	2.2898e-14
3.7143e+13	3.2043e-15	2.4333e-14
3.7333e+13	3.0206e-15	2.5749e-14
3.7524e+13	3.5892e-15	2.5689e-14
3.7714e+13	3.7722e-15	2.5369e-14
3.7905e+13	3.3031e-15	2.5164e-14
3.8095e+13	3.2491e-15	2.4071e-14
3.8286e+13	3.4943e-15	2.3027e-14
3.8476e+13	3.2533e-15	2.3403e-14
3.8667e+13	2.9253e-15	2.3559e-14
3.8857e+13	2.9107e-15	2.1609e-14
3.9048e+13	2.7472e-15	1.9552e-14
3.9238e+13	2.4674e-15	2.0431e-14
3.9429e+13	2.5011e-15	2.2859e-14
3.9619e+13	2.6353e-15	2.2678e-14
3.981e+13	2.7065e-15	1.9853e-14
4e+13	2.9255e-15	1.8808e-14
4.019e+13	3.0055e-15	2.0732e-14
4.0381e+13	2.6633e-15	2.1667e-14
4.0571e+13	2.39e-15	2.037e-14
4.0762e+13	2.4439e-15	2.0658e-14
4.0952e+13	2.408e-15	2.3485e-14
4.1143e+13	2.2543e-15	2.4855e-14
4.1333e+13	2.3726e-15	2.3426e-14
4.1524e+13	2.7143e-15	2.2252e-14
4.1714e+13	2.9065e-15	2.2647e-14
4.1905e+13	2.7325e-15	2.3181e-14
4.2095e+13	2.3132e-15	2.3508e-14
4.2286e+13	2.1305e-15	2.3999e-14
4.2476e+13	2.359e-15	2.3848e-14
4.2667e+13	2.4651e-15	2.2635e-14
4.2857e+13	2.2581e-15	2.1423e-14
4.3048e+13	2.2382e-15	2.1291e-14
4.3238e+13	2.3578e-15	2.233e-14
4.3429e+13	2.1631e-15	2.3627e-14
4.3619e+13	2.0148e-15	2.3944e-14
4.381e+13	2.2716e-15	2.3187e-14
4.4e+13	2.304e-15	2.215e-14
4.419e+13	1.8798e-15	2.109e-14
4.4381e+13	1.7846e-15	2.0855e-14
4.4571e+13	2.2192e-15	2.3288e-14
4.4762e+13	2.5086e-15	2.7273e-14
4.4952e+13	2.4003e-15	2.8175e-14
4.5143e+13	2.1443e-15	2.4704e-14
4.5333e+13	1.9675e-15	2.1726e-14
4.5524e+13	2.1019e-15	2.3176e-14
4.5714e+13	2.4064e-15	2.6518e-14
4.5905e+13	2.3461e-15	2.6994e-14
4.6095e+13	2.0282e-15	2.4651e-14
4.6286e+13	2.0497e-15	2.4058e-14
4.6476e+13	2.2481e-15	2.6701e-14
4.6667e+13	2.1425e-15	2.7722e-14
4.6857e+13	1.9751e-15	2.423e-14
4.7048e+13	2.0284e-15	2.1322e-14
4.7238e+13	2.0553e-15	2.3039e-14
4.7429e+13	1.988e-15	2.4783e-14
4.7619e+13	1.9709e-15	2.2666e-14
4.781e+13	1.8971e-15	2.0717e-14
4.8e+13	1.787e-15	2.1677e-14
4.819e+13	1.8318e-15	2.2022e-14
4.8381e+13	1.8708e-15	2.0614e-14
4.8571e+13	1.7549e-15	2.0438e-14
4.8762e+13	1.6927e-15	2.1138e-14
4.8952e+13	1.6805e-15	2.048e-14
4.9143e+13	1.5743e-15	1.9648e-14
4.9333e+13	1.5664e-15	1.9455e-14
4.9524e+13	1.6433e-15	1.8308e-14
4.9714e+13	1.4996e-15	1.7221e-14
4.9905e+13	1.3803e-15	1.7942e-14
5.0095e+13	1.5872e-15	1.7782e-14
5.0286e+13	1.6417e-15	1.5194e-14
5.0476e+13	1.3379e-15	1.4284e-14
5.0667e+13	1.2639e-15	1.6694e-14
5.0857e+13	1.4372e-15	1.8184e-14
5.1048e+13	1.3306e-15	1.7089e-14
5.1238e+13	1.1645e-15	1.5938e-14
5.1429e+13	1.2868e-15	1.4798e-14
5.1619e+13	1.3092e-15	1.2556e-14
5.181e+13	1.1329e-15	1.1347e-14
5.2e+13	1.1653e-15	1.2465e-14
5.219e+13	1.2599e-15	1.3391e-14
5.2381e+13	1.1626e-15	1.2827e-14
5.2571e+13	1.199e-15	1.2395e-14
5.2762e+13	1.3478e-15	1.2422e-14
5.2952e+13	1.194e-15	1.1675e-14
5.3143e+13	1.0009e-15	1.0371e-14
5.3333e+13	1.1123e-15	9.8394e-15
5.3524e+13	1.1484e-15	1.0606e-14
5.3714e+13	1.0176e-15	1.1843e-14
5.3905e+13	1.0992e-15	1.1856e-14
5.4095e+13	1.1678e-15	1.0316e-14
5.4286e+13	9.5973e-16	9.4048e-15
5.4476e+13	9.4998e-16	1.0328e-14
5.4667e+13	1.1939e-15	1.114e-14
5.4857e+13	1.1049e-15	1.0535e-14
5.5048e+13	8.3926e-16	9.8089e-15
5.5238e+13	9.1106e-16	9.5311e-15
5.5429e+13	1.0446e-15	8.9649e-15
5.5619e+13	9.9713e-16	8.6152e-15
5.581e+13	1.0575e-15	9.0405e-15
5.6e+13	1.0787e-15	9.1533e-15
5.619e+13	8.2068e-16	8.6401e-15
5.6381e+13	7.5154e-16	8.498e-15
5.6571e+13	9.9325e-16	8.2324e-15
5.6762e+13	9.46e-16	6.9706e-15
5.6952e+13	6.7359e-16	6.2483e-15
5.7143e+13	7.2187e-16	7.2824e-15
5.7333e+13	8.6995e-16	8.2319e-15
5.7524e+13	8.0779e-16	7.6428e-15
5.7714e+13	8.4583e-16	6.8109e-15
5.7905e+13	9.5796e-16	6.7041e-15
5.8095e+13	8.0363e-16	6.6332e-15
5.8286e+13	6.7318e-16	6.4825e-15
5.8476e+13	8.2639e-16	6.6544e-15
5.8667e+13	8.5251e-16	6.6062e-15
5.8857e+13	6.6873e-16	6.0206e-15
5.9048e+13	6.6649e-16	5.7254e-15
5.9238e+13	7.5035e-16	6.0423e-15
5.9429e+13	6.8289e-16	6.2668e-15
5.9619e+13	6.8785e-16	6.1571e-15
5.981e+13	7.9704e-16	6.1065e-15
6e+13	7.5943e-16	6.1876e-15
6.019e+13	7.0454e-16	6.2503e-15
6.0381e+13	7.6553e-16	6.2687e-15
6.0571e+13	7.0724e-16	6.1241e-15
6.0762e+13	5.8378e-16	5.7946e-15
6.0952e+13	6.6362e-16	5.6009e-15
6.1143e+13	7.6247e-16	5.7252e-15
6.1333e+13	7.075e-16	5.9659e-15
6.1524e+13	7.2232e-16	6.0921e-15
6.1714e+13	7.7269e-16	5.9582e-15
6.1905e+13	6.5488e-16	5.5883e-15
6.2095e+13	6.0137e-16	5.356e-15
6.2286e+13	7.2879e-16	5.4334e-15
6.2476e+13	6.94e-16	5.3546e-15
6.2667e+13	5.2204e-16	4.9678e-15
6.2857e+13	5.7468e-16	4.9462e-15
6.3048e+13	7.1382e-16	5.4669e-15
6.3238e+13	6.6221e-16	5.6785e-15
6.3429e+13	5.9373e-16	5.2329e-15
6.3619e+13	6.2707e-16	4.9004e-15
6.381e+13	6.3925e-16	5.2066e-15
6.4e+13	6.8427e-16	5.7398e-15
6.419e+13	7.6898e-16	5.8965e-15
6.4381e+13	6.9987e-16	5.5097e-15
6.4571e+13	5.6922e-16	4.9914e-15
6.4762e+13	5.9696e-16	4.9821e-15
6.4952e+13	6.4234e-16	5.4029e-15
6.5143e+13	5.9391e-16	5.4443e-15
6.5333e+13	6.0543e-16	4.9534e-15
6.5524e+13	6.3565e-16	4.6936e-15
6.5714e+13	5.8691e-16	4.9883e-15
6.5905e+13	6.299e-16	5.3954e-15
6.6095e+13	7.3364e-16	5.5118e-15
6.6286e+13	6.4481e-16	5.1389e-15
6.6476e+13	5.1708e-16	4.4577e-15
6.6667e+13	5.8823e-16	4.2741e-15
6.6857e+13	6.4377e-16	4.7824e-15
6.7048e+13	5.8081e-16	4.8659e-15
6.7238e+13	6.0902e-16	4.1546e-15
6.7429e+13	6.3193e-16	3.9251e-15
6.7619e+13	4.9896e-16	4.5927e-15
6.781e+13	4.7483e-16	4.9509e-15
6.8e+13	6.0515e-16	4.6326e-15
6.819e+13	5.6402e-16	4.4082e-15
6.8381e+13	4.4915e-16	4.3563e-15
6.8571e+13	5.4184e-16	4.3333e-15
6.8762e+13	6.1819e-16	4.7385e-15
6.8952e+13	5.1526e-16	5.1205e-15
6.9143e+13	4.9828e-16	4.5895e-15
6.9333e+13	5.6749e-16	3.9942e-15
6.9524e+13	5.1387e-16	4.5293e-15
6.9714e+13	4.9079e-16	5.2196e-15
6.9905e+13	5.8168e-16	4.8855e-15
7.0095e+13	5.4662e-16	4.364e-15
7.0286e+13	4.4809e-16	4.4344e-15
7.0476e+13	5.1223e-16	4.5267e-15
7.0667e+13	5.6347e-16	4.5667e-15
7.0857e+13	4.8577e-16	4.9927e-15
7.1048e+13	5.0336e-16	5.3134e-15
7.1238e+13	5.8372e-16	5.2049e-15
7.1429e+13	5.4774e-16	5.3297e-15
7.1619e+13	5.5746e-16	5.5624e-15
7.181e+13	6.5246e-16	5.0596e-15
7.2e+13	5.7698e-16	4.3895e-15
7.219e+13	4.3937e-16	4.6164e-15
7.2381e+13	4.994e-16	5.1025e-15
7.2571e+13	5.5399e-16	4.8985e-15
7.2762e+13	4.6208e-16	4.5971e-15
7.2952e+13	4.7431e-16	4.77e-15
7.3143e+13	5.6054e-16	4.744e-15
7.3333e+13	4.8683e-16	4.2584e-15
7.3524e+13	4.3157e-16	4.1478e-15
7.3714e+13	5.4817e-16	4.6448e-15
7.3905e+13	5.8855e-16	4.9122e-15
7.4095e+13	5.1475e-16	4.6607e-15
7.4286e+13	5.3349e-16	4.6018e-15
7.4476e+13	5.5185e-16	4.9121e-15
7.4667e+13	4.7233e-16	4.8027e-15
7.4857e+13	4.8242e-16	4.2702e-15
7.5048e+13	5.6915e-16	4.5224e-15
7.5238e+13	5.528e-16	5.6383e-15
7.5429e+13	5.36e-16	5.959e-15
7.5619e+13	5.91e-16	5.0568e-15
7.581e+13	5.5116e-16	4.6393e-15
7.6e+13	4.6847e-16	5.3215e-15
7.619e+13	5.0258e-16	5.6464e-15
7.6381e+13	5.1864e-16	5.156e-15
7.6571e+13	4.6032e-16	5.0275e-15
7.6762e+13	5.0595e-16	5.374e-15
7.6952e+13	5.8115e-16	5.257e-15
7.7143e+13	5.2563e-16	4.9954e-15
7.7333e+13	4.9544e-16	5.4195e-15
7.7524e+13	5.4058e-16	5.836e-15
7.7714e+13	4.8251e-16	5.3843e-15
7.7905e+13	4.3326e-16	4.9801e-15
7.8095e+13	5.4039e-16	5.5708e-15
7.8286e+13	5.5726e-16	6.0858e-15
7.8476e+13	4.2276e-16	5.3388e-15
7.8667e+13	4.4711e-16	4.3831e-15
7.8857e+13	5.8693e-16	4.7517e-15
7.9048e+13	5.6394e-16	5.781e-15
7.9238e+13	4.9147e-16	5.9097e-15
7.9429e+13	5.077e-16	5.3072e-15
7.9619e+13	4.7133e-16	5.1086e-15
7.981e+13	4.3432e-16	5.3519e-15
8e+13	5.158e-16	5.4239e-15
8.019e+13	5.0794e-16	5.3053e-15
8.0381e+13	3.8675e-16	5.3244e-15
8.0571e+13	4.5525e-16	5.6563e-15
8.0762e+13	6.1154e-16	6.1195e-15
8.0952e+13	5.4162e-16	6.0581e-15
8.1143e+13	4.4948e-16	5.3989e-15
8.1333e+13	5.6107e-16	5.2507e-15
8.1524e+13	5.9957e-16	5.757e-15
8.1714e+13	4.5566e-16	5.3692e-15
8.1905e+13	4.1005e-16	4.1656e-15
8.2095e+13	4.8202e-16	4.2704e-15
8.2286e+13	4.812e-16	5.4933e-15
8.2476e+13	4.5076e-16	5.5025e-15
8.2667e+13	4.556e-16	4.6379e-15
8.2857e+13	4.4135e-16	4.9058e-15
8.3048e+13	4.4412e-16	5.5732e-15
8.3238e+13	4.6728e-16	5.2319e-15
8.3429e+13	4.2921e-16	5.0558e-15
8.3619e+13	4.1038e-16	5.668e-15
8.381e+13	4.6494e-16	5.4465e-15
8.4e+13	4.367e-16	4.477e-15
8.419e+13	3.7058e-16	4.7747e-15
8.4381e+13	4.7278e-16	6.0403e-15
8.4571e+13	5.7412e-16	6.2903e-15
8.4762e+13	4.5015e-16	5.5295e-15
8.4952e+13	3.4215e-16	5.0192e-15
8.5143e+13	4.3821e-16	5.0514e-15
8.5333e+13	5.1351e-16	5.2663e-15
8.5524e+13	4.7211e-16	5.1138e-15
8.5714e+13	4.4937e-16	4.3603e-15
8.5905e+13	4.3005e-16	4.1278e-15
8.6095e+13	3.9532e-16	5.1882e-15
8.6286e+13	4.2666e-16	5.8408e-15
8.6476e+13	4.3497e-16	4.7546e-15
8.6667e+13	3.5967e-16	3.6655e-15
8.6857e+13	3.7842e-16	4.0975e-15
8.7048e+13	4.7572e-16	4.929e-15
8.7238e+13	4.4587e-16	5.2515e-15
8.7429e+13	3.9585e-16	5.5139e-15
8.7619e+13	4.6505e-16	5.3851e-15
8.781e+13	4.4649e-16	4.39e-15
8.8e+13	3.1032e-16	3.6698e-15
8.819e+13	3.2669e-16	4.2364e-15
8.8381e+13	4.4419e-16	5.342e-15
8.8571e+13	4.4356e-16	5.9389e-15
8.8762e+13	4.2945e-16	5.7771e-15
8.8952e+13	4.6027e-16	5.0958e-15
8.9143e+13	3.8402e-16	4.5124e-15
8.9333e+13	3.1099e-16	4.3554e-15
8.9524e+13	3.9434e-16	4.1809e-15
8.9714e+13	4.23e-16	3.9914e-15
8.9905e+13	3.3201e-16	4.3882e-15
9.0095e+13	3.6517e-16	4.8555e-15
9.0286e+13	4.4632e-16	4.3986e-15
9.0476e+13	3.5853e-16	3.6786e-15
9.0667e+13	3.0078e-16	3.8224e-15
9.0857e+13	4.0653e-16	4.3159e-15
9.1048e+13	4.2083e-16	4.2778e-15
9.1238e+13	3.278e-16	3.9861e-15
9.1429e+13	3.5571e-16	3.9086e-15
9.1619e+13	4.075e-16	4.0082e-15
9.181e+13	3.4844e-16	4.1219e-15
9.2e+13	3.4461e-16	3.9735e-15
9.219e+13	4.0791e-16	3.5462e-15
9.2381e+13	3.6791e-16	3.3367e-15
9.2571e+13	3.1245e-16	3.3119e-15
9.2762e+13	3.4509e-16	2.9934e-15
9.2952e+13	3.3279e-16	2.9686e-15
9.3143e+13	2.8894e-16	3.8922e-15
9.3333e+13	3.4131e-16	4.5739e-15
9.3524e+13	3.753e-16	3.9084e-15
9.3714e+13	3.2223e-16	3.0496e-15
9.3905e+13	3.368e-16	3.1689e-15
9.4095e+13	3.8197e-16	3.5205e-15
9.4286e+13	3.1729e-16	3.3057e-15
9.4476e+13	2.7541e-16	2.83e-15
9.4667e+13	3.3725e-16	2.4543e-15
9.4857e+13	3.3903e-16	2.4424e-15
9.5048e+13	2.9829e-16	3.0129e-15
9.5238e+13	3.396e-16	3.5559e-15
9.5429e+13	3.3978e-16	3.3508e-15
9.5619e+13	2.5345e-16	2.8446e-15
9.581e+13	2.6166e-16	2.6774e-15
9.6e+13	3.206e-16	2.6763e-15
9.619e+13	2.7793e-16	2.7331e-15
9.6381e+13	2.6357e-16	2.9698e-15
9.6571e+13	3.3573e-16	3.0841e-15
9.6762e+13	3.0793e-16	2.9773e-15
9.6952e+13	2.2906e-16	2.9756e-15
9.7143e+13	2.7536e-16	2.8544e-15
9.7333e+13	3.1589e-16	2.3887e-15
9.7524e+13	2.5875e-16	2.2963e-15
9.7714e+13	2.7434e-16	2.7951e-15
9.7905e+13	3.3256e-16	2.8838e-15
9.8095e+13	2.7546e-16	2.3663e-15
9.8286e+13	2.3495e-16	2.2059e-15
9.8476e+13	2.9528e-16	2.4586e-15
9.8667e+13	2.7459e-16	2.3955e-15
9.8857e+13	2.0354e-16	2.1554e-15
9.9048e+13	2.586e-16	2.1794e-15
9.9238e+13	3.0567e-16	2.1925e-15
9.9429e+13	2.2867e-16	1.9967e-15
9.9619e+13	2.1198e-16	1.8828e-15
9.981e+13	2.7245e-16	1.9282e-15
1e+14	2.4296e-16	1.9999e-15
1.0019e+14	2.1291e-16	2.0823e-15
1.0038e+14	2.8034e-16	2.0867e-15
1.0057e+14	2.8365e-16	1.9717e-15
1.0076e+14	2.1579e-16	1.9196e-15
1.0095e+14	2.4392e-16	1.9601e-15
1.0114e+14	2.8456e-16	1.987e-15
1.0133e+14	2.209e-16	2.0668e-15
1.0152e+14	1.9332e-16	2.1128e-15
1.0171e+14	2.4124e-16	1.8959e-15
1.019e+14	2.2815e-16	1.6519e-15
1.021e+14	1.9477e-16	1.7085e-15
1.0229e+14	2.2126e-16	1.8297e-15
1.0248e+14	2.1337e-16	1.8323e-15
1.0267e+14	1.7365e-16	1.9145e-15
1.0286e+14	2.086e-16	1.9347e-15
1.0305e+14	2.4762e-16	1.6654e-15
1.0324e+14	2.1715e-16	1.5094e-15
1.0343e+14	2.0839e-16	1.7144e-15
1.0362e+14	2.2103e-16	1.8076e-15
1.0381e+14	1.8277e-16	1.6047e-15
1.04e+14	1.6686e-16	1.4561e-15
1.0419e+14	1.9999e-16	1.396e-15
1.0438e+14	1.8265e-16	1.3057e-15
1.0457e+14	1.5476e-16	1.3274e-15
1.0476e+14	1.903e-16	1.3824e-15
1.0495e+14	1.9029e-16	1.3015e-15
1.0514e+14	1.4525e-16	1.3432e-15
1.0533e+14	1.7839e-16	1.5495e-15
1.0552e+14	2.2309e-16	1.4925e-15
1.0571e+14	1.7896e-16	1.2646e-15
1.059e+14	1.6329e-16	1.2977e-15
1.061e+14	2.0467e-16	1.3453e-15
1.0629e+14	1.7629e-16	1.1267e-15
1.0648e+14	1.4299e-16	1.0564e-15
1.0667e+14	1.9911e-16	1.2646e-15
1.0686e+14	2.0998e-16	1.3308e-15
1.0705e+14	1.5097e-16	1.2834e-15
1.0724e+14	1.712e-16	1.3577e-15
1.0743e+14	2.0394e-16	1.3261e-15
1.0762e+14	1.4077e-16	1.1665e-15
1.0781e+14	1.2532e-16	1.2154e-15
1.08e+14	1.8777e-16	1.3153e-15
1.0819e+14	1.5908e-16	1.1746e-15
1.0838e+14	1.0319e-16	1.0643e-15
1.0857e+14	1.551e-16	1.1167e-15
1.0876e+14	1.7628e-16	1.0787e-15
1.0895e+14	1.1396e-16	1.0755e-15
1.0914e+14	1.3338e-16	1.2459e-15
1.0933e+14	1.8519e-16	1.1833e-15
1.0952e+14	1.3379e-16	8.6062e-16
1.0971e+14	1.0977e-16	8.3518e-16
1.099e+14	1.6963e-16	1.057e-15
1.101e+14	1.5163e-16	1.0617e-15
1.1029e+14	1.0134e-16	1.0065e-15
1.1048e+14	1.5235e-16	1.1036e-15
1.1067e+14	1.7058e-16	1.0537e-15
1.1086e+14	9.6536e-17	8.6877e-16
1.1105e+14	1.042e-16	8.959e-16
1.1124e+14	1.6094e-16	9.9751e-16
1.1143e+14	1.1952e-16	9.4625e-16
1.1162e+14	9.3108e-17	9.3514e-16
1.1181e+14	1.478e-16	9.6665e-16
1.12e+14	1.2879e-16	8.3582e-16
1.1219e+14	7.0664e-17	7.4244e-16
1.1238e+14	1.1309e-16	8.5676e-16
1.1257e+14	1.404e-16	9.0462e-16
1.1276e+14	8.3255e-17	8.203e-16
1.1295e+14	9.2274e-17	8.2248e-16
1.1314e+14	1.3784e-16	8.3518e-16
1.1333e+14	9.1739e-17	7.7225e-16
1.1352e+14	7.3614e-17	8.1728e-16
1.1371e+14	1.404e-16	9.0499e-16
1.139e+14	1.2287e-16	8.2395e-16
1.141e+14	5.4633e-17	7.3419e-16
1.1429e+14	9.3864e-17	7.6064e-16
1.1448e+14	1.3036e-16	7.4223e-16
1.1467e+14	7.5814e-17	7.5576e-16
1.1486e+14	8.1551e-17	9.1196e-16
1.1505e+14	1.3949e-16	9.1465e-16
1.1524e+14	1.0583e-16	7.1743e-16
1.1543e+14	6.6895e-17	7.1136e-16
1.1562e+14	1.0516e-16	8.1941e-16
1.1581e+14	9.9847e-17	6.8375e-16
1.16e+14	6.3614e-17	5.379e-16
1.1619e+14	1.034e-16	6.3941e-16
1.1638e+14	1.1914e-16	6.8212e-16
1.1657e+14	5.9985e-17	5.9397e-16
1.1676e+14	6.9832e-17	6.6911e-16
1.1695e+14	1.2097e-16	7.6535e-16
1.1714e+14	8.5009e-17	6.5604e-16
1.1733e+14	6.1539e-17	6.2042e-16
1.1752e+14	1.1159e-16	7.4462e-16
1.1771e+14	9.6767e-17	6.9887e-16
1.179e+14	4.6617e-17	5.5686e-16
1.181e+14	8.9665e-17	6.2317e-16
1.1829e+14	1.1872e-16	7.2878e-16
1.1848e+14	6.1927e-17	6.7684e-16
1.1867e+14	6.2119e-17	6.4042e-16
1.1886e+14	1.0785e-16	6.4606e-16
1.1905e+14	7.3514e-17	5.6993e-16
1.1924e+14	4.8056e-17	5.3914e-16
1.1943e+14	9.645e-17	6.1007e-16
1.1962e+14	9.1458e-17	5.9987e-16
1.1981e+14	5.126e-17	5.3758e-16
1.2e+14	8.7297e-17	5.6694e-16
1.2019e+14	1.0503e-16	5.9287e-16
1.2038e+14	5.3658e-17	5.7525e-16
1.2057e+14	6.6247e-17	6.1205e-16
1.2076e+14	1.1104e-16	5.9705e-16
1.2095e+14	7.0108e-17	4.7944e-16
1.2114e+14	5.0006e-17	5.0136e-16
1.2133e+14	1.0659e-16	6.5455e-16
1.2152e+14	9.348e-17	6.4345e-16
1.2171e+14	3.7498e-17	5.3092e-16
1.219e+14	7.2489e-17	5.4611e-16
1.221e+14	9.9069e-17	5.5863e-16
1.2229e+14	4.5241e-17	4.6545e-16
1.2248e+14	4.8955e-17	4.4785e-16
1.2267e+14	9.773e-17	5.0237e-16
1.2286e+14	6.4916e-17	4.839e-16
1.2305e+14	3.8268e-17	4.866e-16
1.2324e+14	8.6536e-17	5.5253e-16
1.2343e+14	8.1103e-17	5.1275e-16
1.2362e+14	3.2699e-17	4.171e-16
1.2381e+14	6.1332e-17	4.4781e-16
1.24e+14	8.7443e-17	5.0565e-16
1.2419e+14	4.6864e-17	4.6398e-16
1.2438e+14	5.2378e-17	4.2275e-16
1.2457e+14	8.7797e-17	4.2013e-16
1.2476e+14	5.454e-17	4.1182e-16
1.2495e+14	4.0299e-17	4.5544e-16
1.2514e+14	8.5617e-17	5.1863e-16
1.2533e+14	6.6903e-17	4.8356e-16
1.2552e+14	2.2971e-17	4.3735e-16
1.2571e+14	6.4147e-17	4.682e-16
1.259e+14	8.2742e-17	4.4351e-16
1.261e+14	2.8026e-17	3.7421e-16
1.2629e+14	4.1715e-17	4.4081e-16
1.2648e+14	9.3006e-17	5.4371e-16
1.2667e+14	5.499e-17	4.8749e-16
1.2686e+14	2.9455e-17	4.0045e-16
1.2705e+14	8.154e-17	4.259e-16
1.2724e+14	7.346e-17	4.564e-16
1.2743e+14	2.582e-17	4.4403e-16
1.2762e+14	6.4857e-17	4.4764e-16
1.2781e+14	9.269e-17	4.3209e-16
1.28e+14	3.7794e-17	4.0631e-16
1.2819e+14	3.7797e-17	4.3879e-16
1.2838e+14	8.5499e-17	4.4177e-16
1.2857e+14	5.3626e-17	3.5921e-16
1.2876e+14	2.2565e-17	3.3898e-16
1.2895e+14	6.6209e-17	4.0052e-16
1.2914e+14	6.7129e-17	3.9617e-16
1.2933e+14	2.937e-17	3.6432e-16
1.2952e+14	5.812e-17	3.9701e-16
1.2971e+14	7.5392e-17	3.9634e-16
1.299e+14	3.0648e-17	3.4765e-16
1.301e+14	4.2648e-17	3.7037e-16
1.3029e+14	8.5081e-17	3.9868e-16
1.3048e+14	4.5778e-17	3.3832e-16
1.3067e+14	2.0279e-17	3.1516e-16
1.3086e+14	7.0176e-17	3.6495e-16
1.3105e+14	6.5477e-17	3.426e-16
1.3124e+14	2.06e-17	2.8186e-16
1.3143e+14	5.3395e-17	3.0869e-16
1.3162e+14	7.7747e-17	3.5028e-16
1.3181e+14	2.9568e-17	3.4172e-16
1.32e+14	3.4336e-17	3.506e-16
1.3219e+14	8.0291e-17	3.5136e-16
1.3238e+14	4.8844e-17	3.0371e-16
1.3257e+14	2.0517e-17	2.9937e-16
1.3276e+14	6.3549e-17	3.3162e-16
1.3295e+14	6.1688e-17	2.993e-16
1.3314e+14	2.1737e-17	2.76e-16
1.3333e+14	5.0242e-17	3.322e-16
1.3352e+14	6.9226e-17	3.4409e-16
1.3371e+14	2.2394e-17	2.977e-16
1.339e+14	2.7801e-17	3.1781e-16
1.341e+14	7.085e-17	3.4035e-16
1.3429e+14	4.0289e-17	2.7635e-16
1.3448e+14	1.6509e-17	2.5832e-16
1.3467e+14	6.1377e-17	3.2726e-16
1.3486e+14	5.8401e-17	3.339e-16
1.3505e+14	1.6313e-17	2.885e-16
1.3524e+14	4.2203e-17	2.9471e-16
1.3543e+14	6.1368e-17	2.9305e-16
1.3562e+14	1.7741e-17	2.6013e-16
1.3581e+14	2.3847e-17	2.8691e-16
1.36e+14	6.5793e-17	3.2601e-16
1.3619e+14	3.8227e-17	2.99e-16
1.3638e+14	1.7775e-17	2.925e-16
1.3657e+14	5.9409e-17	3.2384e-16
1.3676e+14	5.3013e-17	2.9491e-16
1.3695e+14	1.6131e-17	2.6037e-16
1.3714e+14	4.9082e-17	2.9453e-16
1.3733e+14	6.592e-17	2.9251e-16
1.3752e+14	1.4193e-17	2.3917e-16
1.3771e+14	1.8072e-17	2.5963e-16
1.379e+14	6.4012e-17	3.056e-16
1.381e+14	3.6561e-17	2.7102e-16
1.3829e+14	1.0296e-17	2.4389e-16
1.3848e+14	4.9733e-17	2.7445e-16
1.3867e+14	4.7214e-17	2.7081e-16
1.3886e+14	1.047e-17	2.5238e-16
1.3905e+14	3.8613e-17	2.7535e-16
1.3924e+14	5.7791e-17	2.5997e-16
1.3943e+14	1.6339e-17	2.094e-16
1.3962e+14	2.3705e-17	2.3268e-16
1.3981e+14	6.3496e-17	2.7221e-16
1.4e+14	3.3782e-17	2.407e-16
1.4019e+14	1.2033e-17	2.3053e-16
1.4038e+14	5.0787e-17	2.6246e-16
1.4057e+14	4.0793e-17	2.3443e-16
1.4076e+14	2.7873e-18	2.039e-16
1.4095e+14	3.9038e-17	2.4873e-16
1.4114e+14	6.2092e-17	2.5057e-16
1.4133e+14	1.3566e-17	1.8536e-16
1.4152e+14	1.4572e-17	1.9775e-16
1.4171e+14	5.696e-17	2.4978e-16
1.419e+14	2.9723e-17	2.1463e-16
1.421e+14	5.1241e-18	1.7957e-16
1.4229e+14	4.6487e-17	2.1797e-16
1.4248e+14	4.6346e-17	2.2272e-16
1.4267e+14	9.2123e-18	1.8775e-16
1.4286e+14	3.4565e-17	2.0389e-16
1.4305e+14	5.3436e-17	2.2323e-16
1.4324e+14	1.2495e-17	2.054e-16
1.4343e+14	1.7376e-17	2.2047e-16
1.4362e+14	5.5716e-17	2.327e-16
1.4381e+14	2.7652e-17	1.7187e-16
1.44e+14	7.0397e-18	1.4021e-16
1.4419e+14	4.9363e-17	1.9647e-16
1.4438e+14	4.6665e-17	2.2333e-16
1.4457e+14	7.6633e-18	1.9671e-16
1.4476e+14	3.2583e-17	2.0039e-16
1.4495e+14	5.2187e-17	2.0323e-16
1.4514e+14	1.1828e-17	1.6658e-16
1.4533e+14	1.4713e-17	1.6193e-16
1.4552e+14	5.1461e-17	1.9368e-16
1.4571e+14	2.6878e-17	1.9417e-16
1.459e+14	9.9386e-18	1.8201e-16
1.461e+14	4.8741e-17	1.8567e-16
1.4629e+14	3.9944e-17	1.8024e-16
1.4648e+14	1.3805e-18	1.87e-16
1.4667e+14	3.1399e-17	2.1394e-16
1.4686e+14	5.2864e-17	2.0251e-16
1.4705e+14	1.1001e-17	1.7998e-16
1.4724e+14	1.4578e-17	2.1088e-16
1.4743e+14	5.3817e-17	2.2038e-16
1.4762e+14	2.771e-17	1.6359e-16
1.4781e+14	5.7403e-18	1.5097e-16
1.48e+14	4.3537e-17	1.9144e-16
1.4819e+14	3.8939e-17	1.7512e-16
1.4838e+14	2.4641e-18	1.4362e-16
1.4857e+14	3.0118e-17	1.7761e-16
1.4876e+14	4.9588e-17	1.9278e-16
1.4895e+14	7.56e-18	1.5524e-16
1.4914e+14	1.1219e-17	1.6427e-16
1.4933e+14	5.1582e-17	2.009e-16
1.4952e+14	2.6724e-17	1.8015e-16
1.4971e+14	4.3456e-18	1.5933e-16
1.499e+14	4.3378e-17	1.8413e-16
1.501e+14	4.1692e-17	1.8233e-16
1.5029e+14	2.2295e-18	1.5195e-16
1.5048e+14	2.3216e-17	1.5101e-16
1.5067e+14	4.4742e-17	1.5493e-16
1.5086e+14	1.0259e-17	1.509e-16
1.5105e+14	1.2316e-17	1.718e-16
1.5124e+14	4.6022e-17	1.7811e-16
1.5143e+14	2.2786e-17	1.479e-16
1.5162e+14	4.0617e-18	1.5018e-16
1.5181e+14	3.8686e-17	1.7084e-16
1.52e+14	3.4263e-17	1.4057e-16
1.5219e+14	1.6775e-18	1.2214e-16
1.5238e+14	2.7676e-17	1.6287e-16
1.5257e+14	4.5423e-17	1.6587e-16
1.5276e+14	7.5837e-18	1.225e-16
1.5295e+14	1.088e-17	1.3269e-16
1.5314e+14	4.4845e-17	1.6165e-16
1.5333e+14	2.1111e-17	1.4071e-16
1.5352e+14	4.76e-18	1.391e-16
1.5371e+14	4.1191e-17	1.7118e-16
1.539e+14	3.4643e-17	1.5174e-16
1.541e+14	-1.3113e-19	1.1768e-16
1.5429e+14	2.6629e-17	1.4131e-16
1.5448e+14	4.5578e-17	1.5823e-16
1.5467e+14	7.884e-18	1.4092e-16
1.5486e+14	1.1996e-17	1.5441e-16
1.5505e+14	4.7143e-17	1.6582e-16
1.5524e+14	2.2091e-17	1.2895e-16
1.5543e+14	2.2141e-18	1.2154e-16
1.5562e+14	3.719e-17	1.5526e-16
1.5581e+14	3.2807e-17	1.4377e-16
1.56e+14	5.3236e-20	1.2079e-16
1.5619e+14	2.5806e-17	1.4705e-16
1.5638e+14	4.2275e-17	1.4701e-16
1.5657e+14	2.8774e-18	1.039e-16
1.5676e+14	6.9169e-18	1.1348e-16
1.5695e+14	4.3771e-17	1.5069e-16
1.5714e+14	2.0612e-17	1.3559e-16
1.5733e+14	1.1106e-18	1.2247e-16
1.5752e+14	3.625e-17	1.4421e-16
1.5771e+14	3.2529e-17	1.3258e-16
1.579e+14	-1.2677e-18	1.0641e-16
1.581e+14	2.2977e-17	1.2473e-16
1.5829e+14	4.1438e-17	1.3576e-16
1.5848e+14	4.6778e-18	1.165e-16
1.5867e+14	6.512e-18	1.2722e-16
1.5886e+14	3.9661e-17	1.4302e-16
1.5905e+14	1.67e-17	1.1775e-16
1.5924e+14	-1.4378e-18	1.1212e-16
1.5943e+14	3.3519e-17	1.3836e-16
1.5962e+14	3.0709e-17	1.2559e-16
1.5981e+14	-1.9505e-18	1.0477e-16
1.6e+14	2.0744e-17	1.3228e-16
1.6019e+14	3.8746e-17	1.4383e-16
1.6038e+14	5.2333e-18	1.1436e-16
1.6057e+14	8.2606e-18	1.1443e-16
1.6076e+14	3.853e-17	1.2894e-16
1.6095e+14	1.4602e-17	1.0747e-16
1.6114e+14	-1.9066e-18	9.8327e-17
1.6133e+14	3.2644e-17	1.1765e-16
1.6152e+14	2.9058e-17	1.1107e-16
1.6171e+14	-1.7017e-18	1.0414e-16
1.619e+14	2.1625e-17	1.3096e-16
1.621e+14	3.7236e-17	1.3102e-16
1.6229e+14	3.5763e-18	1.0249e-16
1.6248e+14	9.4125e-18	1.1259e-16
1.6267e+14	3.9979e-17	1.2526e-16
1.6286e+14	1.3906e-17	9.5372e-17
1.6305e+14	-2.6735e-18	9.0741e-17
1.6324e+14	3.2719e-17	1.2087e-16
1.6343e+14	2.7671e-17	1.1118e-16
1.6362e+14	-4.0175e-18	9.0658e-17
1.6381e+14	2.1811e-17	1.1432e-16
1.64e+14	3.929e-17	1.2788e-16
1.6419e+14	3.4019e-18	1.1301e-16
1.6438e+14	6.9349e-18	1.1963e-16
1.6457e+14	3.8721e-17	1.1915e-16
1.6476e+14	1.4172e-17	9.1154e-17
1.6495e+14	-2.9586e-18	1.0429e-16
1.6514e+14	3.2752e-17	1.3756e-16
1.6533e+14	2.911e-17	1.0745e-16
1.6552e+14	-4.0015e-18	7.4969e-17
1.6571e+14	1.8923e-17	1.0814e-16
1.659e+14	3.6948e-17	1.2228e-16
1.661e+14	3.0505e-18	8.9277e-17
1.6629e+14	5.4713e-18	9.1859e-17
1.6648e+14	3.6131e-17	1.0871e-16
1.6667e+14	1.4028e-17	8.5829e-17
1.6686e+14	-1.6221e-18	8.7956e-17
1.6705e+14	3.1523e-17	1.2678e-16
1.6724e+14	2.6338e-17	1.1722e-16
1.6743e+14	-4.8496e-18	8.543e-17
1.6762e+14	1.8689e-17	1.0033e-16
1.6781e+14	3.4695e-17	1.1015e-16
1.68e+14	1.0319e-18	9.1512e-17
1.6819e+14	6.9125e-18	1.0544e-16
1.6838e+14	3.8951e-17	1.2344e-16
1.6857e+14	1.387e-17	9.5931e-17
1.6876e+14	-4.5708e-18	8.5726e-17
1.6895e+14	2.9453e-17	1.0828e-16
1.6914e+14	2.566e-17	9.2754e-17
1.6933e+14	-6.5926e-18	7.0551e-17
1.6952e+14	1.6943e-17	1.0092e-16
1.6971e+14	3.6254e-17	1.2008e-16
1.699e+14	3.8179e-18	9.7902e-17
1.701e+14	6.299e-18	9.8395e-17
1.7029e+14	3.6827e-17	1.0656e-16
1.7048e+14	1.4676e-17	8.1439e-17
1.7067e+14	-2.9481e-18	7.8421e-17
1.7086e+14	2.8377e-17	1.0401e-16
1.7105e+14	2.4673e-17	9.0056e-17
1.7124e+14	-4.9652e-18	7.0656e-17
1.7143e+14	1.7619e-17	9.882e-17
1.7162e+14	3.3611e-17	1.0825e-16
1.7181e+14	7.3524e-19	7.8072e-17
1.72e+14	4.468e-18	8.0783e-17
1.7219e+14	3.483e-17	9.8176e-17
1.7238e+14	1.2884e-17	8.065e-17
1.7257e+14	-2.4491e-18	7.9584e-17
1.7276e+14	3.1052e-17	1.0416e-16
1.7295e+14	2.7315e-17	9.1574e-17
1.7314e+14	-4.0315e-18	7.5974e-17
1.7333e+14	1.7183e-17	1.0225e-16
1.7352e+14	3.3867e-17	1.0251e-16
1.7371e+14	2.8884e-18	7.1735e-17
1.739e+14	7.109e-18	9.0487e-17
1.741e+14	3.6213e-17	1.1708e-16
1.7429e+14	1.283e-17	8.2563e-17
1.7448e+14	-4.0721e-18	6.2852e-17
1.7467e+14	2.762e-17	9.4624e-17
1.7486e+14	2.371e-17	9.4831e-17
1.7505e+14	-5.4786e-18	7.1899e-17
1.7524e+14	1.7517e-17	9.0176e-17
1.7543e+14	3.3026e-17	1.0083e-16
1.7562e+14	-8.0278e-19	7.4829e-17
1.7581e+14	2.7092e-18	7.8124e-17
1.76e+14	3.4448e-17	9.7558e-17
1.7619e+14	1.3556e-17	7.849e-17
1.7638e+14	-3.5132e-18	6.9983e-17
1.7657e+14	2.7827e-17	9.4651e-17
1.7676e+14	2.4761e-17	8.8302e-17
1.7695e+14	-5.3393e-18	6.848e-17
1.7714e+14	1.5337e-17	8.711e-17
1.7733e+14	3.1703e-17	9.1485e-17
1.7752e+14	9.813e-19	6.356e-17
1.7771e+14	4.5734e-18	7.4633e-17
1.779e+14	3.3965e-17	1.0157e-16
1.781e+14	1.2079e-17	7.7169e-17
1.7829e+14	-5.3561e-18	5.6778e-17
1.7848e+14	2.5504e-17	8.3065e-17
1.7867e+14	2.4037e-17	8.9418e-17
1.7886e+14	-3.9833e-18	6.8912e-17
1.7905e+14	1.5544e-17	7.6006e-17
1.7924e+14	2.9875e-17	8.5149e-17
1.7943e+14	-1.41e-19	7.1072e-17
1.7962e+14	4.318e-18	7.4902e-17
1.7981e+14	3.2566e-17	8.6985e-17
1.8e+14	1.0828e-17	7.312e-17
1.8019e+14	-4.2381e-18	6.9946e-17
1.8038e+14	2.7001e-17	8.5591e-17
1.8057e+14	2.2895e-17	7.4314e-17
1.8076e+14	-6.4697e-18	6.1638e-17
1.8095e+14	1.5247e-17	8.1646e-17
1.8114e+14	3.2152e-17	8.3413e-17
1.8133e+14	1.6255e-18	6.2058e-17
1.8152e+14	3.8267e-18	7.4538e-17
1.8171e+14	3.1747e-17	8.8946e-17
1.819e+14	1.1127e-17	6.3439e-17
1.821e+14	-4.7509e-18	5.9408e-17
1.8229e+14	2.4966e-17	8.8804e-17
1.8248e+14	2.2475e-17	8.218e-17
1.8267e+14	-4.2938e-18	6.2021e-17
1.8286e+14	1.6221e-17	7.8597e-17
1.8305e+14	3.0307e-17	8.115e-17
1.8324e+14	3.5104e-19	5.9673e-17
1.8343e+14	4.9699e-18	7.8116e-17
1.8362e+14	3.3026e-17	1.006e-16
1.8381e+14	1.1265e-17	6.9846e-17
1.84e+14	-4.4811e-18	5.443e-17
1.8419e+14	2.5205e-17	8.3106e-17
1.8438e+14	2.0602e-17	7.6185e-17
1.8457e+14	-8.3711e-18	4.6694e-17
1.8476e+14	1.2485e-17	6.6049e-17
1.8495e+14	2.8188e-17	8.675e-17
1.8514e+14	-1.5784e-18	6.3789e-17
1.8533e+14	2.5953e-18	5.8572e-17
1.8552e+14	3.1798e-17	7.7535e-17
1.8571e+14	1.1423e-17	6.4966e-17
1.859e+14	-4.846e-18	4.7978e-17
1.861e+14	2.4406e-17	6.1262e-17
1.8629e+14	2.1509e-17	6.4922e-17
1.8648e+14	-5.9996e-18	5.6271e-17
1.8667e+14	1.4344e-17	6.7091e-17
1.8686e+14	2.9601e-17	7.0759e-17
1.8705e+14	3.6048e-20	5.7933e-17
1.8724e+14	3.4267e-18	6.7607e-17
1.8743e+14	3.1666e-17	8.094e-17
1.8762e+14	1.1555e-17	6.7558e-17
1.8781e+14	-4.6257e-18	6.6528e-17
1.88e+14	2.3912e-17	7.9282e-17
1.8819e+14	2.1099e-17	6.0169e-17
1.8838e+14	-5.7965e-18	4.3511e-17
1.8857e+14	1.4275e-17	6.5603e-17
1.8876e+14	2.9171e-17	6.8937e-17
1.8895e+14	-1.2958e-19	4.6838e-17
1.8914e+14	3.1409e-18	6.3208e-17
1.8933e+14	3.0909e-17	8.605e-17
1.8952e+14	1.0656e-17	6.0127e-17
1.8971e+14	-5.8105e-18	4.3325e-17
1.899e+14	2.2642e-17	6.4526e-17
1.901e+14	2.0675e-17	6.2666e-17
1.9029e+14	-5.9525e-18	4.7877e-17
1.9048e+14	1.3222e-17	6.4869e-17
1.9067e+14	2.8371e-17	6.7796e-17
1.9086e+14	1.484e-19	4.066e-17
1.9105e+14	2.3645e-18	4.608e-17
1.9124e+14	2.8507e-17	6.7845e-17
1.9143e+14	9.5477e-18	5.228e-17
1.9162e+14	-4.8816e-18	4.2327e-17
1.9181e+14	2.3209e-17	6.3292e-17
1.92e+14	2.0751e-17	6.1531e-17
1.9219e+14	-4.8071e-18	4.7777e-17
1.9238e+14	1.4319e-17	6.4898e-17
1.9257e+14	2.7895e-17	7.0145e-17
1.9276e+14	-5.6745e-19	4.7051e-17
1.9295e+14	2.4313e-18	5.3899e-17
1.9314e+14	2.8074e-17	7.5821e-17
1.9333e+14	8.4478e-18	6.1874e-17
1.9352e+14	-4.9567e-18	5.1116e-17
1.9371e+14	2.4044e-17	6.5931e-17
1.939e+14	2.0278e-17	5.7629e-17
1.941e+14	-7.0752e-18	4.1798e-17
1.9429e+14	1.235e-17	5.9445e-17
1.9448e+14	2.7455e-17	6.4602e-17
1.9467e+14	-4.4903e-19	4.1419e-17
1.9486e+14	2.7457e-18	4.8765e-17
1.9505e+14	2.9424e-17	6.8505e-17
1.9524e+14	9.6217e-18	4.9321e-17
1.9543e+14	-6.3467e-18	3.8134e-17
1.9562e+14	2.1541e-17	6.0593e-17
1.9581e+14	2.0166e-17	5.6882e-17
1.96e+14	-5.8109e-18	3.6386e-17
1.9619e+14	1.1631e-17	5.2436e-17
1.9638e+14	2.5816e-17	6.468e-17
1.9657e+14	-3.4642e-19	4.2755e-17
1.9676e+14	3.0048e-18	4.2253e-17
1.9695e+14	2.7775e-17	6.234e-17
1.9714e+14	8.0562e-18	5.2651e-17
1.9733e+14	-6.1922e-18	4.1888e-17
1.9752e+14	2.1452e-17	5.768e-17
1.9771e+14	1.8617e-17	5.6537e-17
1.979e+14	-7.0911e-18	4.0372e-17
1.981e+14	1.1692e-17	4.7422e-17
1.9829e+14	2.5913e-17	5.0123e-17
1.9848e+14	-1.542e-18	3.4071e-17
1.9867e+14	1.0723e-18	4.1454e-17
1.9886e+14	2.6816e-17	5.6459e-17
1.9905e+14	8.7142e-18	3.9968e-17
1.9924e+14	-5.0257e-18	3.2101e-17
1.9943e+14	2.2399e-17	5.1015e-17
1.9962e+14	1.9865e-17	4.5961e-17
1.9981e+14	-5.8685e-18	2.9226e-17
2e+14	1.167e-17	4.5998e-17
2.0019e+14	2.5062e-17	5.7778e-17
2.0038e+14	-1.7406e-18	3.9625e-17
2.0057e+14	1.46e-18	4.0563e-17
2.0076e+14	2.6803e-17	5.5108e-17
2.0095e+14	8.234e-18	4.0176e-17
2.0114e+14	-5.6622e-18	2.9598e-17
2.0133e+14	2.1463e-17	4.8443e-17
2.0152e+14	1.846e-17	5.0108e-17
2.0171e+14	-7.4497e-18	3.4731e-17
2.019e+14	1.0924e-17	4.2173e-17
2.021e+14	2.5959e-17	4.8232e-17
2.0229e+14	-3.0418e-19	3.395e-17
2.0248e+14	1.6876e-18	3.601e-17
2.0267e+14	2.6265e-17	4.7726e-17
2.0286e+14	8.1486e-18	3.8681e-17
2.0305e+14	-5.8508e-18	3.8181e-17
2.0324e+14	2.1009e-17	5.4771e-17
2.0343e+14	1.9268e-17	4.632e-17
2.0362e+14	-5.7373e-18	2.9678e-17
2.0381e+14	1.0979e-17	4.2433e-17
2.04e+14	2.4086e-17	4.8132e-17
2.0419e+14	-2.0274e-18	3.0145e-17
2.0438e+14	8.47e-19	3.2736e-17
2.0457e+14	2.5985e-17	4.5494e-17
2.0476e+14	8.5962e-18	3.3172e-17
2.0495e+14	-5.4238e-18	2.9609e-17
2.0514e+14	1.9987e-17	4.7327e-17
2.0533e+14	1.723e-17	4.1302e-17
2.0552e+14	-7.0764e-18	2.6143e-17
2.0571e+14	1.0817e-17	4.0065e-17
2.059e+14	2.4264e-17	4.5793e-17
2.061e+14	-2.3531e-18	2.7306e-17
2.0629e+14	-4.862e-20	3.2585e-17
2.0648e+14	2.5184e-17	4.9149e-17
2.0667e+14	8.0803e-18	3.41e-17
2.0686e+14	-5.972e-18	2.3695e-17
2.0705e+14	2.0167e-17	4.1845e-17
2.0724e+14	1.8514e-17	4.1928e-17
2.0743e+14	-6.9907e-18	2.5777e-17
2.0762e+14	8.7017e-18	3.3904e-17
2.0781e+14	2.3516e-17	4.2134e-17
2.08e+14	2.4723e-20	2.9551e-17
2.0819e+14	1.4743e-18	3.0305e-17
2.0838e+14	2.3882e-17	3.9909e-17
2.0857e+14	7.4898e-18	3.0821e-17
2.0876e+14	-4.7969e-18	2.9861e-17
2.0895e+14	1.9942e-17	4.4618e-17
2.0914e+14	1.7198e-17	3.6826e-17
2.0933e+14	-6.1524e-18	2.2912e-17
2.0952e+14	1.0583e-17	3.6385e-17
2.0971e+14	2.3023e-17	4.1408e-17
2.099e+14	-2.0534e-18	2.2756e-17
2.101e+14	5.6229e-19	2.3725e-17
2.1029e+14	2.3913e-17	3.6784e-17
2.1048e+14	6.9682e-18	2.8486e-17
2.1067e+14	-5.7031e-18	2.6053e-17
2.1086e+14	1.9325e-17	3.9402e-17
2.1105e+14	1.6644e-17	3.1259e-17
2.1124e+14	-6.9304e-18	1.8379e-17
2.1143e+14	1.0086e-17	3.3182e-17
2.1162e+14	2.3488e-17	3.8816e-17
2.1181e+14	-9.8943e-19	2.1265e-17
2.12e+14	1.0116e-18	2.4193e-17
2.1219e+14	2.3437e-17	3.7537e-17
2.1238e+14	6.4711e-18	2.6902e-17
2.1257e+14	-5.8464e-18	2.2618e-17
2.1276e+14	1.8968e-17	3.7138e-17
2.1295e+14	1.5987e-17	3.1484e-17
2.1314e+14	-7.2508e-18	1.9122e-17
2.1333e+14	1.0272e-17	3.2076e-17
2.1352e+14	2.3484e-17	3.6505e-17
2.1371e+14	-1.707e-18	2.0362e-17
2.139e+14	3.4188e-19	2.4712e-17
2.141e+14	2.3877e-17	3.6281e-17
2.1429e+14	7.1624e-18	2.2696e-17
2.1448e+14	-6.6228e-18	1.8368e-17
2.1467e+14	1.7503e-17	3.5013e-17
2.1486e+14	1.5882e-17	3.063e-17
2.1505e+14	-6.6031e-18	1.9183e-17
2.1524e+14	9.9524e-18	3.3072e-17
2.1543e+14	2.2858e-17	3.5366e-17
2.1562e+14	-1.6434e-18	1.5078e-17
2.1581e+14	2.8196e-19	2.006e-17
2.16e+14	2.3658e-17	3.6598e-17
2.1619e+14	7.7834e-18	2.3539e-17
2.1638e+14	-5.9663e-18	1.5168e-17
2.1657e+14	1.719e-17	3.1813e-17
2.1676e+14	1.5775e-17	2.9854e-17
2.1695e+14	-6.199e-18	1.4901e-17
2.1714e+14	9.238e-18	2.4436e-17
2.1733e+14	2.1565e-17	3.0953e-17
2.1752e+14	-1.4163e-18	1.5947e-17
2.1771e+14	1.1292e-18	1.7522e-17
2.179e+14	2.3224e-17	3.1251e-17
2.181e+14	7.2888e-18	2.4724e-17
2.1829e+14	-5.1539e-18	2.075e-17
2.1848e+14	1.7738e-17	3.1182e-17
2.1867e+14	1.5003e-17	2.4108e-17
2.1886e+14	-6.8198e-18	1.2954e-17
2.1905e+14	9.5543e-18	2.5901e-17
2.1924e+14	2.1724e-17	3.084e-17
2.1943e+14	-2.0183e-18	1.6117e-17
2.1962e+14	3.2083e-19	1.9402e-17
2.1981e+14	2.2547e-17	2.9348e-17
2.2e+14	6.5099e-18	1.7186e-17
2.2019e+14	-5.9444e-18	1.4034e-17
2.2038e+14	1.7737e-17	2.9123e-17
2.2057e+14	1.6034e-17	2.381e-17
2.2076e+14	-6.0791e-18	1.2434e-17
2.2095e+14	9.1129e-18	2.5761e-17
2.2114e+14	2.1487e-17	3.0318e-17
2.2133e+14	-9.3117e-19	1.4983e-17
2.2152e+14	1.3417e-18	1.9741e-17
2.2171e+14	2.2369e-17	3.1111e-17
2.219e+14	6.1762e-18	1.774e-17
2.221e+14	-5.8981e-18	1.3516e-17
2.2229e+14	1.72e-17	2.9292e-17
2.2248e+14	1.4923e-17	2.2998e-17
2.2267e+14	-6.677e-18	9.1869e-18
2.2286e+14	9.1793e-18	2.3556e-17
2.2305e+14	2.1666e-17	3.1192e-17
2.2324e+14	-8.5619e-19	1.4763e-17
2.2343e+14	1.2256e-18	1.6196e-17
2.2362e+14	2.2266e-17	2.8375e-17
2.2381e+14	6.6022e-18	1.7493e-17
2.24e+14	-5.1317e-18	1.2019e-17
2.2419e+14	1.7693e-17	2.6488e-17
2.2438e+14	1.5312e-17	2.3374e-17
2.2457e+14	-6.2394e-18	1.2279e-17
2.2476e+14	8.8608e-18	2.4516e-17
2.2495e+14	2.0297e-17	2.9818e-17
2.2514e+14	-2.1764e-18	1.4403e-17
2.2533e+14	8.9301e-19	1.6657e-17
2.2552e+14	2.2636e-17	2.7533e-17
2.2571e+14	6.8245e-18	1.5876e-17
2.259e+14	-5.5279e-18	1.0797e-17
2.261e+14	1.7093e-17	2.5111e-17
2.2629e+14	1.5211e-17	2.1371e-17
2.2648e+14	-6.0066e-18	9.7803e-18
2.2667e+14	8.8903e-18	2.1165e-17
2.2686e+14	2.0365e-17	2.5856e-17
2.2705e+14	-1.9339e-18	1.1307e-17
2.2724e+14	6.3473e-19	1.5336e-17
2.2743e+14	2.191e-17	2.765e-17
2.2762e+14	6.5986e-18	1.6692e-17
2.2781e+14	-5.2775e-18	1.1039e-17
2.28e+14	1.6911e-17	2.3419e-17
2.2819e+14	1.4581e-17	1.8333e-17
2.2838e+14	-6.4269e-18	7.7297e-18
2.2857e+14	9.0176e-18	2.092e-17
2.2876e+14	2.1114e-17	2.5624e-17
2.2895e+14	-9.9729e-19	9.9235e-18
2.2914e+14	8.892e-19	1.4344e-17
2.2933e+14	2.1526e-17	2.816e-17
2.2952e+14	6.4582e-18	1.665e-17
2.2971e+14	-5.0634e-18	8.9227e-18
2.299e+14	1.7157e-17	2.1827e-17
2.301e+14	1.518e-17	1.9456e-17
2.3029e+14	-5.4864e-18	8.8503e-18
2.3048e+14	9.4639e-18	1.9373e-17
2.3067e+14	2.0826e-17	2.3397e-17
2.3086e+14	-1.4068e-18	8.507e-18
2.3105e+14	8.2874e-19	1.1363e-17
2.3124e+14	2.1978e-17	2.334e-17
2.3143e+14	7.0302e-18	1.3824e-17
2.3162e+14	-5.2718e-18	9.0607e-18
2.3181e+14	1.6392e-17	2.1543e-17
2.32e+14	1.5159e-17	1.7638e-17
2.3219e+14	-4.9537e-18	7.5089e-18
2.3238e+14	9.2919e-18	1.8444e-17
2.3257e+14	2.0437e-17	2.1435e-17
2.3276e+14	-1.0708e-18	6.9532e-18
2.3295e+14	7.3965e-19	1.2255e-17
2.3314e+14	2.0511e-17	2.4866e-17
2.3333e+14	5.5843e-18	1.3096e-17
2.3352e+14	-5.6966e-18	7.1373e-18
2.3371e+14	1.6065e-17	2.1211e-17
2.339e+14	1.4549e-17	1.8186e-17
2.341e+14	-5.1e-18	6.2419e-18
2.3429e+14	9.5604e-18	1.5929e-17
2.3448e+14	2.0448e-17	2.0508e-17
2.3467e+14	-1.2183e-18	7.5923e-18
2.3486e+14	9.1215e-19	1.2066e-17
2.3505e+14	2.0981e-17	2.3548e-17
2.3524e+14	5.9954e-18	1.2239e-17
2.3543e+14	-5.5052e-18	6.9987e-18
2.3562e+14	1.6113e-17	2.0993e-17
2.3581e+14	1.4181e-17	1.7844e-17
2.36e+14	-6.3439e-18	6.1514e-18
2.3619e+14	8.2328e-18	1.6288e-17
2.3638e+14	2.0522e-17	2.114e-17
2.3657e+14	-3.5458e-19	7.3395e-18
2.3676e+14	7.1093e-19	1.0215e-17
2.3695e+14	2.0287e-17	2.1935e-17
2.3714e+14	6.4593e-18	1.2731e-17
2.3733e+14	-4.8502e-18	7.9585e-18
2.3752e+14	1.5669e-17	2.0092e-17
2.3771e+14	1.4087e-17	1.6039e-17
2.379e+14	-5.3515e-18	5.1147e-18
2.381e+14	8.2445e-18	1.5109e-17
2.3829e+14	1.9072e-17	1.8767e-17
2.3848e+14	-9.6535e-19	5.0177e-18
2.3867e+14	1.4113e-18	9.3018e-18
2.3886e+14	2.0463e-17	2.1866e-17
2.3905e+14	5.9734e-18	1.2202e-17
2.3924e+14	-4.527e-18	6.6286e-18
2.3943e+14	1.6837e-17	1.8745e-17
2.3962e+14	1.4935e-17	1.5384e-17
2.3981e+14	-5.1631e-18	4.8008e-18
2.4e+14	8.3314e-18	1.4852e-17
2.4019e+14	1.9349e-17	1.9544e-17
2.4038e+14	-9.9721e-19	7.178e-18
2.4057e+14	6.5188e-19	1.0861e-17
2.4076e+14	1.9692e-17	2.1071e-17
2.4095e+14	5.9238e-18	1.028e-17
2.4114e+14	-4.6404e-18	5.861e-18
2.4133e+14	1.5897e-17	1.9285e-17
2.4152e+14	1.4088e-17	1.5557e-17
2.4171e+14	-5.1758e-18	3.6352e-18
2.419e+14	8.4223e-18	1.3176e-17
2.421e+14	1.9265e-17	1.8476e-17
2.4229e+14	-5.9275e-19	6.3188e-18
2.4248e+14	1.2907e-18	9.3071e-18
2.4267e+14	1.9682e-17	1.9655e-17
2.4286e+14	5.4448e-18	1.0436e-17
2.4305e+14	-4.7925e-18	6.7049e-18
2.4324e+14	1.6365e-17	1.8662e-17
2.4343e+14	1.4982e-17	1.3705e-17
2.4362e+14	-4.454e-18	2.9703e-18
2.4381e+14	8.4515e-18	1.4414e-17
2.44e+14	1.9033e-17	1.94e-17
2.4419e+14	-4.8816e-19	5.1806e-18
2.4438e+14	1.3278e-18	7.4901e-18
2.4457e+14	1.9341e-17	1.9058e-17
2.4476e+14	5.4218e-18	9.8682e-18
2.4495e+14	-4.3023e-18	4.2393e-18
2.4514e+14	1.6384e-17	1.5936e-17
2.4533e+14	1.4032e-17	1.3223e-17
2.4552e+14	-5.566e-18	3.1177e-18
2.4571e+14	8.0208e-18	1.2595e-17
2.459e+14	1.8996e-17	1.7487e-17
2.461e+14	-9.7978e-19	6.1e-18
2.4629e+14	6.4325e-19	9.5823e-18
2.4648e+14	1.9677e-17	1.9067e-17
2.4667e+14	6.3705e-18	8.2853e-18
2.4686e+14	-4.6957e-18	3.5748e-18
2.4705e+14	1.4894e-17	1.6607e-17
2.4724e+14	1.3839e-17	1.3906e-17
2.4743e+14	-4.391e-18	3.1016e-18
2.4762e+14	8.5507e-18	1.2096e-17
2.4781e+14	1.8926e-17	1.6491e-17
2.48e+14	-6.041e-19	4.1249e-18
2.4819e+14	4.5765e-19	7.0587e-18
2.4838e+14	1.8379e-17	1.7732e-17
2.4857e+14	5.9169e-18	8.7433e-18
2.4876e+14	-3.5129e-18	4.1212e-18
2.4895e+14	1.5866e-17	1.6013e-17
2.4914e+14	1.3609e-17	1.2885e-17
2.4933e+14	-5.2237e-18	2.0609e-18
2.4952e+14	7.1798e-18	1.0747e-17
2.4971e+14	1.724e-17	1.5755e-17
2.499e+14	-1.3566e-18	4.922e-18
2.501e+14	9.2571e-19	8.2161e-18
2.5029e+14	1.8942e-17	1.7835e-17
2.5048e+14	5.986e-18	7.9921e-18
2.5067e+14	-3.8189e-18	2.9131e-18
2.5086e+14	1.5257e-17	1.4496e-17
2.5105e+14	1.3344e-17	1.1933e-17
2.5124e+14	-4.2865e-18	2.0016e-18
2.5143e+14	8.8404e-18	1.0447e-17
2.5162e+14	1.8319e-17	1.4694e-17
2.5181e+14	-1.2358e-18	3.723e-18
2.52e+14	6.3581e-19	6.7709e-18
2.5219e+14	1.8764e-17	1.6027e-17
2.5238e+14	6.1258e-18	7.2648e-18
2.5257e+14	-3.411e-18	4.0063e-18
2.5276e+14	1.5775e-17	1.5654e-17
2.5295e+14	1.3744e-17	1.1888e-17
2.5314e+14	-4.4283e-18	1.9356e-18
2.5333e+14	8.1119e-18	1.1182e-17
2.5352e+14	1.7897e-17	1.5046e-17
2.5371e+14	-6.7635e-19	3.0664e-18
2.539e+14	1.6007e-18	6.3516e-18
2.541e+14	1.9414e-17	1.6585e-17
2.5429e+14	6.3877e-18	7.7334e-18
2.5448e+14	-3.7061e-18	3.5636e-18
2.5467e+14	1.4974e-17	1.5067e-17
2.5486e+14	1.3428e-17	1.1939e-17
2.5505e+14	-3.7826e-18	2.3275e-18
2.5524e+14	8.7253e-18	1.1664e-17
2.5543e+14	1.791e-17	1.5783e-17
2.5562e+14	-5.1765e-19	3.6736e-18
2.5581e+14	2.1215e-18	6.4022e-18
2.56e+14	1.9516e-17	1.6523e-17
2.5619e+14	5.9851e-18	7.7008e-18
2.5638e+14	-3.8585e-18	2.9009e-18
2.5657e+14	1.5212e-17	1.4106e-17
2.5676e+14	1.3512e-17	1.1702e-17
2.5695e+14	-3.92e-18	2.0844e-18
2.5714e+14	8.8673e-18	1.0016e-17
2.5733e+14	1.826e-17	1.3673e-17
2.5752e+14	-8.5489e-19	2.9553e-18
2.5771e+14	8.3614e-19	6.6869e-18
2.579e+14	1.8428e-17	1.6244e-17
2.581e+14	6.0408e-18	6.5591e-18
2.5829e+14	-3.2386e-18	1.4887e-18
2.5848e+14	1.5434e-17	1.2794e-17
2.5867e+14	1.3209e-17	1.0538e-17
2.5886e+14	-4.3937e-18	8.8191e-19
2.5905e+14	8.7111e-18	8.8978e-18
2.5924e+14	1.8884e-17	1.3154e-17
2.5943e+14	3.6857e-19	2.5005e-18
2.5962e+14	2.0945e-18	5.0086e-18
2.5981e+14	1.9519e-17	1.4007e-17
2.6e+14	6.6629e-18	5.7877e-18
2.6019e+14	-3.4198e-18	1.964e-18
2.6038e+14	1.5258e-17	1.2795e-17
2.6057e+14	1.3835e-17	1.0402e-17
2.6076e+14	-4.1076e-18	1.7952e-18
2.6095e+14	7.7203e-18	9.9495e-18
2.6114e+14	1.8069e-17	1.3218e-17
2.6133e+14	6.0047e-19	2.5863e-18
2.6152e+14	1.8339e-18	6.0505e-18
2.6171e+14	1.8394e-17	1.5166e-17
2.619e+14	6.5003e-18	6.4793e-18
2.621e+14	-2.4956e-18	2.6763e-18
2.6229e+14	1.5428e-17	1.3282e-17
2.6248e+14	1.3234e-17	9.7603e-18
2.6267e+14	-3.8547e-18	4.6671e-19
2.6286e+14	8.7962e-18	9.3356e-18
2.6305e+14	1.8386e-17	1.3349e-17
2.6324e+14	-3.3891e-19	2.1982e-18
2.6343e+14	8.6847e-19	4.911e-18
2.6362e+14	1.848e-17	1.4274e-17
2.6381e+14	6.9139e-18	5.9734e-18
2.64e+14	-2.8868e-18	1.7884e-18
2.6419e+14	1.513e-17	1.2282e-17
2.6438e+14	1.4271e-17	9.5254e-18
2.6457e+14	-2.9353e-18	5.9524e-19
2.6476e+14	8.0811e-18	9.0524e-18
2.6495e+14	1.7816e-17	1.3122e-17
2.6514e+14	6.496e-19	2.3846e-18
2.6533e+14	1.3585e-18	4.7235e-18
2.6552e+14	1.7411e-17	1.3531e-17
2.6571e+14	6.4773e-18	5.4946e-18
2.659e+14	-2.0281e-18	1.604e-18
2.661e+14	1.5382e-17	1.1942e-17
2.6629e+14	1.3787e-17	9.5181e-18
2.6648e+14	-2.9403e-18	1.2678e-18
2.6667e+14	7.8001e-18	9.6264e-18
2.6686e+14	1.647e-17	1.3206e-17
2.6705e+14	-2.6755e-19	2.5236e-18
2.6724e+14	1.8126e-18	5.0263e-18
2.6743e+14	1.8008e-17	1.3669e-17
2.6762e+14	6.3792e-18	5.6256e-18
2.6781e+14	-2.4347e-18	1.9163e-18
2.68e+14	1.4707e-17	1.216e-17
2.6819e+14	1.2761e-17	9.3744e-18
2.6838e+14	-3.5737e-18	6.1195e-19
2.6857e+14	8.28e-18	8.53e-18
2.6876e+14	1.7702e-17	1.2325e-17
2.6895e+14	6.1757e-19	2.2294e-18
2.6914e+14	1.7027e-18	4.5979e-18
2.6933e+14	1.7449e-17	1.2751e-17
2.6952e+14	6.2123e-18	5.115e-18
2.6971e+14	-2.3571e-18	2.1074e-18
2.699e+14	1.4639e-17	1.208e-17
2.701e+14	1.2973e-17	8.8385e-18
2.7029e+14	-2.9911e-18	5.0717e-19
2.7048e+14	8.2577e-18	8.7743e-18
2.7067e+14	1.6696e-17	1.2002e-17
2.7086e+14	-3.5892e-19	1.5351e-18
2.7105e+14	1.7326e-18	4.5099e-18
2.7124e+14	1.8389e-17	1.324e-17
2.7143e+14	7.0705e-18	5.345e-18
2.7162e+14	-2.5459e-18	1.8193e-18
2.7181e+14	1.3849e-17	1.1614e-17
2.72e+14	1.2912e-17	8.353e-18
2.7219e+14	-2.4746e-18	2.3392e-20
2.7238e+14	8.2645e-18	8.4955e-18
2.7257e+14	1.6804e-17	1.2011e-17
2.7276e+14	7.6745e-19	1.6586e-18
2.7295e+14	2.4033e-18	4.689e-18
2.7314e+14	1.7372e-17	1.3349e-17
2.7333e+14	6.2611e-18	4.9268e-18
2.7352e+14	-1.5134e-18	1.0409e-18
2.7371e+14	1.5148e-17	1.1608e-17
2.739e+14	1.295e-17	9.3444e-18
2.741e+14	-2.6998e-18	7.1962e-19
2.7429e+14	8.6969e-18	8.436e-18
2.7448e+14	1.7111e-17	1.2062e-17
2.7467e+14	4.3916e-19	1.6147e-18
2.7486e+14	2.1628e-18	3.6609e-18
2.7505e+14	1.7708e-17	1.2276e-17
2.7524e+14	6.6074e-18	5.1059e-18
2.7543e+14	-1.7759e-18	1.4601e-18
2.7562e+14	1.4679e-17	1.1038e-17
2.7581e+14	1.3092e-17	8.5945e-18
2.76e+14	-2.1489e-18	3.3657e-19
2.7619e+14	8.8126e-18	7.5877e-18
2.7638e+14	1.696e-17	1.1028e-17
2.7657e+14	7.685e-19	1.6425e-18
2.7676e+14	2.6203e-18	4.3574e-18
2.7695e+14	1.7496e-17	1.2501e-17
2.7714e+14	6.0215e-18	5.0835e-18
2.7733e+14	-2.1947e-18	1.5273e-18
2.7752e+14	1.4082e-17	1.0645e-17
2.7771e+14	1.222e-17	7.9144e-18
2.779e+14	-2.3837e-18	2.2751e-19
2.781e+14	9.5981e-18	7.8406e-18
2.7829e+14	1.7715e-17	1.101e-17
2.7848e+14	5.6645e-19	1.6727e-18
2.7867e+14	1.9535e-18	4.679e-18
2.7886e+14	1.7217e-17	1.2556e-17
2.7905e+14	6.1059e-18	4.776e-18
2.7924e+14	-1.9542e-18	1.4177e-18
2.7943e+14	1.4681e-17	1.0769e-17
2.7962e+14	1.2689e-17	8.0105e-18
2.7981e+14	-3.0951e-18	5.1087e-19
2.8e+14	8.2508e-18	8.2361e-18
2.8019e+14	1.7448e-17	1.073e-17
2.8038e+14	1.2667e-18	6.0761e-19
2.8057e+14	2.2227e-18	3.8582e-18
2.8076e+14	1.7383e-17	1.2375e-17
2.8095e+14	7.0628e-18	4.3511e-18
2.8114e+14	-1.306e-18	4.985e-19
2.8133e+14	1.4102e-17	1.0382e-17
2.8152e+14	1.23e-17	8.3065e-18
2.8171e+14	-2.3549e-18	2.1334e-19
2.819e+14	8.9319e-18	7.1844e-18
2.821e+14	1.7482e-17	1.0381e-17
2.8229e+14	1.4934e-18	1.2111e-18
2.8248e+14	2.7076e-18	3.9636e-18
2.8267e+14	1.74e-17	1.1633e-17
2.8286e+14	6.5667e-18	3.9901e-18
2.8305e+14	-1.9531e-18	9.2367e-19
2.8324e+14	1.3619e-17	1.07e-17
2.8343e+14	1.2313e-17	7.9579e-18
2.8362e+14	-2.2374e-18	-4.8791e-19
2.8381e+14	8.2673e-18	6.7405e-18
2.84e+14	1.6166e-17	1.05e-17
2.8419e+14	2.0154e-19	1.4099e-18
2.8438e+14	1.3826e-18	3.6246e-18
2.8457e+14	1.626e-17	1.1149e-17
2.8476e+14	6.428e-18	3.9119e-18
2.8495e+14	-1.5582e-18	6.6494e-19
2.8514e+14	1.3429e-17	9.8928e-18
2.8533e+14	1.2178e-17	7.6098e-18
2.8552e+14	-1.3826e-18	7.126e-20
2.8571e+14	9.0431e-18	7.0925e-18
2.859e+14	1.6038e-17	1.0105e-17
2.861e+14	3.6275e-19	1.0427e-18
2.8629e+14	2.2827e-18	3.5433e-18
2.8648e+14	1.6686e-17	1.0894e-17
2.8667e+14	6.5291e-18	3.6277e-18
2.8686e+14	-3.3588e-19	7.1183e-19
2.8705e+14	1.5238e-17	9.9433e-18
2.8724e+14	1.2733e-17	7.355e-18
2.8743e+14	-1.9072e-18	-1.8595e-19
2.8762e+14	8.9155e-18	7.1063e-18
2.8781e+14	1.6334e-17	1.0297e-17
2.88e+14	4.4007e-19	1.2458e-18
2.8819e+14	2.5564e-18	3.5875e-18
2.8838e+14	1.7215e-17	1.0701e-17
2.8857e+14	6.0727e-18	3.4748e-18
2.8876e+14	-1.8961e-18	9.787e-19
2.8895e+14	1.4374e-17	1.0545e-17
2.8914e+14	1.318e-17	7.7952e-18
2.8933e+14	-1.6381e-18	-1.2068e-19
2.8952e+14	8.4166e-18	7.1138e-18
2.8971e+14	1.5964e-17	1.0377e-17
2.899e+14	2.0787e-19	9.8691e-19
2.901e+14	2.0462e-18	3.0145e-18
2.9029e+14	1.7317e-17	1.0615e-17
2.9048e+14	7.1848e-18	3.9067e-18
2.9067e+14	-1.2235e-18	7.664e-19
2.9086e+14	1.3916e-17	9.3829e-18
2.9105e+14	1.2694e-17	6.8003e-18
2.9124e+14	-1.5687e-18	-5.3866e-19
2.9143e+14	8.8945e-18	6.5203e-18
2.9162e+14	1.7144e-17	9.5658e-18
2.9181e+14	1.5857e-18	6.9547e-19
2.92e+14	2.2878e-18	3.1786e-18
2.9219e+14	1.6825e-17	1.058e-17
2.9238e+14	7.3619e-18	3.6616e-18
2.9257e+14	-8.5596e-19	7.5131e-19
2.9276e+14	1.3519e-17	9.7135e-18
2.9295e+14	1.2215e-17	7.2073e-18
2.9314e+14	-1.9051e-18	-4.0462e-19
2.9333e+14	7.7708e-18	6.383e-18
2.9352e+14	1.5863e-17	9.6089e-18
2.9371e+14	1.6354e-18	1.1222e-18
2.939e+14	3.0343e-18	3.6223e-18
2.941e+14	1.6942e-17	1.0773e-17
2.9429e+14	7.1898e-18	3.6444e-18
2.9448e+14	-8.6806e-19	4.7371e-19
2.9467e+14	1.3405e-17	9.2164e-18
2.9486e+14	1.2518e-17	6.7544e-18
2.9505e+14	-8.1926e-19	-7.6479e-19
2.9524e+14	8.5512e-18	6.1062e-18
2.9543e+14	1.604e-17	9.6063e-18
2.9562e+14	2.4617e-18	1.1233e-18
2.9581e+14	4.2675e-18	3.0687e-18
2.96e+14	1.6827e-17	1.0072e-17
2.9619e+14	6.0022e-18	3.5814e-18
2.9638e+14	-1.1146e-18	6.4065e-19
2.9657e+14	1.4341e-17	8.9295e-18
2.9676e+14	1.3183e-17	6.4726e-18
2.9695e+14	-8.6659e-19	-6.7353e-19
2.9714e+14	8.4411e-18	5.9469e-18
2.9733e+14	1.5885e-17	9.0799e-18
2.9752e+14	1.824e-18	9.1991e-19
2.9771e+14	3.6721e-18	3.1277e-18
2.979e+14	1.7295e-17	9.7922e-18
2.981e+14	7.1024e-18	3.1851e-18
2.9829e+14	-1.0088e-18	6.6219e-19
2.9848e+14	1.3262e-17	9.2342e-18
2.9867e+14	1.2539e-17	6.7888e-18
2.9886e+14	-3.1557e-19	-3.0692e-19
2.9905e+14	9.2911e-18	6.2498e-18
2.9924e+14	1.6441e-17	9.0306e-18
2.9943e+14	2.295e-18	5.199e-19
2.9962e+14	3.9796e-18	2.7394e-18
2.9981e+14	1.7273e-17	9.7892e-18
3e+14	7.0715e-18	3.4313e-18
