#Error on normalization	O = 2.065 %	H = 2.281 %
#Frequence (s-1)	S_O (s)	S_H (s)
0	-3.0389e-16	1.4307e-15
1.0791e+11	4.6661e-16	1.3248e-15
2.1583e+11	5.7853e-16	1.2807e-15
3.2374e+11	-5.3667e-16	1.418e-15
4.3165e+11	-3.8605e-17	1.4051e-15
5.3957e+11	7.6997e-16	1.3217e-15
6.4748e+11	-2.1227e-16	1.4459e-15
7.554e+11	-2.8314e-16	1.522e-15
8.6331e+11	9.0091e-16	1.4047e-15
9.7122e+11	3.4996e-16	1.42e-15
1.0791e+12	-2.8785e-16	1.5397e-15
1.1871e+12	9.2704e-16	1.514e-15
1.295e+12	9.8578e-16	1.5538e-15
1.4029e+12	-3.9001e-17	1.7278e-15
1.5108e+12	9.3419e-16	1.6878e-15
1.6187e+12	1.6732e-15	1.5604e-15
1.7266e+12	4.5877e-16	1.697e-15
1.8345e+12	8.9127e-16	1.7988e-15
1.9424e+12	2.3915e-15	1.6394e-15
2.0504e+12	1.5296e-15	1.6115e-15
2.1583e+12	1.1615e-15	1.7304e-15
2.2662e+12	2.7217e-15	1.6461e-15
2.3741e+12	1.999e-15	1.6332e-15
2.482e+12	7.8914e-16	1.9433e-15
2.5899e+12	3.0555e-15	2.0713e-15
2.6978e+12	3.8981e-15	1.9136e-15
2.8058e+12	1.821e-15	2.0574e-15
2.9137e+12	4.0053e-15	2.3959e-15
3.0216e+12	8.5339e-15	2.4032e-15
3.1295e+12	8.3597e-15	2.4323e-15
3.2374e+12	8.402e-15	2.8337e-15
3.3453e+12	1.1897e-14	2.9657e-15
3.4532e+12	1.2764e-14	2.6743e-15
3.5612e+12	1.7358e-14	2.9512e-15
3.6691e+12	3.3798e-14	3.9285e-15
3.777e+12	4.2243e-14	4.2978e-15
3.8849e+12	2.5453e-14	3.5447e-15
3.9928e+12	6.2644e-15	2.7695e-15
4.1007e+12	7.5176e-15	2.7807e-15
4.2086e+12	1.4861e-14	3.0956e-15
4.3165e+12	1.3231e-14	3.1333e-15
4.4245e+12	1.0963e-14	3.021e-15
4.5324e+12	1.2749e-14	3.0212e-15
4.6403e+12	1.3564e-14	3.1265e-15
4.7482e+12	1.4048e-14	3.2743e-15
4.8561e+12	1.4181e-14	3.4064e-15
4.964e+12	1.329e-14	3.4844e-15
5.0719e+12	1.9339e-14	3.6338e-15
5.1799e+12	3.0446e-14	3.8917e-15
5.2878e+12	3.0138e-14	4.0172e-15
5.3957e+12	2.2322e-14	4.0294e-15
5.5036e+12	2.6501e-14	4.2778e-15
5.6115e+12	3.4066e-14	4.6046e-15
5.7194e+12	2.6708e-14	4.5499e-15
5.8273e+12	2.057e-14	4.4108e-15
5.9353e+12	3.3138e-14	4.6788e-15
6.0432e+12	4.3756e-14	4.981e-15
6.1511e+12	3.6458e-14	4.9915e-15
6.259e+12	3.124e-14	5.1225e-15
6.3669e+12	4.0185e-14	5.3296e-15
6.4748e+12	4.7516e-14	5.1846e-15
6.5827e+12	4.717e-14	5.2573e-15
6.6906e+12	4.9602e-14	6.0212e-15
6.7986e+12	5.3129e-14	6.3878e-15
6.9065e+12	4.9554e-14	5.8048e-15
7.0144e+12	4.7092e-14	5.6597e-15
7.1223e+12	5.7135e-14	6.4873e-15
7.2302e+12	7.1488e-14	6.806e-15
7.3381e+12	7.5418e-14	6.1642e-15
7.446e+12	7.2856e-14	5.9818e-15
7.554e+12	7.8748e-14	6.736e-15
7.6619e+12	9.1207e-14	7.3361e-15
7.7698e+12	9.1892e-14	7.1813e-15
7.8777e+12	7.5639e-14	6.7115e-15
7.9856e+12	6.0839e-14	6.5275e-15
8.0935e+12	6.6483e-14	6.9375e-15
8.2014e+12	8.984e-14	7.5979e-15
8.3094e+12	1.0597e-13	7.6744e-15
8.4173e+12	9.1379e-14	6.971e-15
8.5252e+12	5.7935e-14	6.2223e-15
8.6331e+12	4.4876e-14	6.0471e-15
8.741e+12	6.0935e-14	6.3681e-15
8.8489e+12	7.1471e-14	6.6803e-15
8.9568e+12	6.0473e-14	6.5126e-15
9.0647e+12	5.1137e-14	5.9928e-15
9.1727e+12	5.2253e-14	5.6989e-15
9.2806e+12	4.7095e-14	5.6895e-15
9.3885e+12	3.6763e-14	5.5296e-15
9.4964e+12	3.5091e-14	5.2537e-15
9.6043e+12	3.6467e-14	5.2208e-15
9.7122e+12	3.445e-14	5.3729e-15
9.8201e+12	3.8795e-14	5.4828e-15
9.9281e+12	4.7591e-14	5.5734e-15
1.0036e+13	4.6462e-14	5.7696e-15
1.0144e+13	4.0512e-14	6.1399e-15
1.0252e+13	4.3185e-14	6.4472e-15
1.036e+13	4.7272e-14	6.2464e-15
1.0468e+13	4.2243e-14	5.793e-15
1.0576e+13	3.6337e-14	5.8516e-15
1.0683e+13	4.0054e-14	6.2097e-15
1.0791e+13	4.9988e-14	6.1279e-15
1.0899e+13	5.6077e-14	5.9719e-15
1.1007e+13	5.4669e-14	6.3395e-15
1.1115e+13	5.5295e-14	6.8084e-15
1.1223e+13	6.5177e-14	7.1169e-15
1.1331e+13	6.8686e-14	7.4545e-15
1.1439e+13	5.4065e-14	7.3268e-15
1.1547e+13	4.7371e-14	6.7393e-15
1.1655e+13	6.9533e-14	6.9586e-15
1.1763e+13	8.936e-14	7.8178e-15
1.1871e+13	7.7367e-14	7.6024e-15
1.1978e+13	5.9303e-14	6.682e-15
1.2086e+13	6.2373e-14	6.742e-15
1.2194e+13	6.8285e-14	7.1972e-15
1.2302e+13	6.0533e-14	6.9725e-15
1.241e+13	5.551e-14	7.0419e-15
1.2518e+13	6.299e-14	7.7205e-15
1.2626e+13	6.8928e-14	7.7259e-15
1.2734e+13	6.4595e-14	7.2825e-15
1.2842e+13	5.7755e-14	7.4606e-15
1.295e+13	5.7354e-14	7.6157e-15
1.3058e+13	6.1377e-14	7.2805e-15
1.3165e+13	5.977e-14	7.3139e-15
1.3273e+13	5.348e-14	7.475e-15
1.3381e+13	5.7132e-14	7.0876e-15
1.3489e+13	6.767e-14	7.0556e-15
1.3597e+13	6.3657e-14	7.5581e-15
1.3705e+13	5.0865e-14	7.3511e-15
1.3813e+13	5.5496e-14	6.9754e-15
1.3921e+13	6.7962e-14	7.5512e-15
1.4029e+13	6.0031e-14	7.7403e-15
1.4137e+13	4.3889e-14	6.9144e-15
1.4245e+13	4.5682e-14	6.9919e-15
1.4353e+13	5.4254e-14	7.8916e-15
1.446e+13	5.3494e-14	7.5695e-15
1.4568e+13	5.4848e-14	6.835e-15
1.4676e+13	6.1098e-14	7.3114e-15
1.4784e+13	5.6998e-14	7.6573e-15
1.4892e+13	4.7737e-14	7.1633e-15
1.5e+13	5.0142e-14	7.4561e-15
1.5108e+13	5.6802e-14	8.2459e-15
1.5216e+13	5.3663e-14	8.0593e-15
1.5324e+13	4.7095e-14	7.9527e-15
1.5432e+13	4.658e-14	8.7224e-15
1.554e+13	5.0316e-14	8.8525e-15
1.5647e+13	5.5286e-14	8.3907e-15
1.5755e+13	5.8277e-14	8.7303e-15
1.5863e+13	5.5829e-14	8.9946e-15
1.5971e+13	5.3199e-14	8.4774e-15
1.6079e+13	5.5509e-14	8.7154e-15
1.6187e+13	5.6074e-14	9.4855e-15
1.6295e+13	5.2677e-14	8.9751e-15
1.6403e+13	5.5166e-14	8.1714e-15
1.6511e+13	6.2636e-14	8.6066e-15
1.6619e+13	6.2121e-14	9.1018e-15
1.6727e+13	5.6186e-14	9.2932e-15
1.6835e+13	5.9703e-14	1.0271e-14
1.6942e+13	7.0186e-14	1.067e-14
1.705e+13	7.1675e-14	9.2747e-15
1.7158e+13	6.3523e-14	8.5481e-15
1.7266e+13	5.9312e-14	9.5457e-15
1.7374e+13	6.1564e-14	9.732e-15
1.7482e+13	5.9762e-14	9.0308e-15
1.759e+13	5.2124e-14	9.7362e-15
1.7698e+13	4.8409e-14	1.088e-14
1.7806e+13	4.9502e-14	1.0655e-14
1.7914e+13	4.6665e-14	1.0432e-14
1.8022e+13	4.2289e-14	1.0767e-14
1.8129e+13	4.4851e-14	1.0037e-14
1.8237e+13	4.6996e-14	9.1709e-15
1.8345e+13	3.9394e-14	1.0205e-14
1.8453e+13	3.3425e-14	1.1509e-14
1.8561e+13	3.8088e-14	1.1016e-14
1.8669e+13	3.9438e-14	1.0212e-14
1.8777e+13	3.1404e-14	1.0598e-14
1.8885e+13	3.0005e-14	1.1225e-14
1.8993e+13	3.7065e-14	1.1342e-14
1.9101e+13	3.5115e-14	1.1154e-14
1.9209e+13	2.583e-14	1.0791e-14
1.9317e+13	2.6153e-14	1.0891e-14
1.9424e+13	3.2549e-14	1.1822e-14
1.9532e+13	3.14e-14	1.2341e-14
1.964e+13	2.662e-14	1.1668e-14
1.9748e+13	2.5839e-14	1.1042e-14
1.9856e+13	2.4943e-14	1.1316e-14
1.9964e+13	2.2626e-14	1.1789e-14
2.0072e+13	2.3052e-14	1.198e-14
2.018e+13	2.2966e-14	1.2136e-14
2.0288e+13	1.9235e-14	1.2483e-14
2.0396e+13	1.7875e-14	1.3102e-14
2.0504e+13	2.0479e-14	1.3556e-14
2.0612e+13	2.0202e-14	1.3264e-14
2.0719e+13	1.7061e-14	1.2837e-14
2.0827e+13	1.723e-14	1.3165e-14
2.0935e+13	1.9377e-14	1.364e-14
2.1043e+13	1.8442e-14	1.3614e-14
2.1151e+13	1.5815e-14	1.3747e-14
2.1259e+13	1.5097e-14	1.4108e-14
2.1367e+13	1.5907e-14	1.3905e-14
2.1475e+13	1.619e-14	1.3678e-14
2.1583e+13	1.4838e-14	1.4335e-14
2.1691e+13	1.253e-14	1.4999e-14
2.1799e+13	1.1627e-14	1.494e-14
2.1906e+13	1.2549e-14	1.5328e-14
2.2014e+13	1.2804e-14	1.6563e-14
2.2122e+13	1.1752e-14	1.6798e-14
2.223e+13	1.1131e-14	1.5215e-14
2.2338e+13	1.0995e-14	1.4187e-14
2.2446e+13	1.0755e-14	1.5898e-14
2.2554e+13	1.13e-14	1.8428e-14
2.2662e+13	1.2207e-14	1.8378e-14
2.277e+13	1.1779e-14	1.6715e-14
2.2878e+13	1.0705e-14	1.7159e-14
2.2986e+13	1.0478e-14	1.9104e-14
2.3094e+13	1.0447e-14	1.89e-14
2.3201e+13	1.0142e-14	1.725e-14
2.3309e+13	1.0106e-14	1.7379e-14
2.3417e+13	9.5513e-15	1.8466e-14
2.3525e+13	8.2373e-15	1.8641e-14
2.3633e+13	8.2242e-15	1.9202e-14
2.3741e+13	9.6569e-15	1.9939e-14
2.3849e+13	9.8495e-15	1.8457e-14
2.3957e+13	8.598e-15	1.6911e-14
2.4065e+13	8.0497e-15	1.9221e-14
2.4173e+13	7.9091e-15	2.2702e-14
2.4281e+13	7.0509e-15	2.2844e-14
2.4388e+13	6.9109e-15	2.1435e-14
2.4496e+13	8.1996e-15	2.1547e-14
2.4604e+13	8.7532e-15	2.2193e-14
2.4712e+13	7.8423e-15	2.2564e-14
2.482e+13	7.5162e-15	2.2933e-14
2.4928e+13	8.2782e-15	2.1898e-14
2.5036e+13	8.2923e-15	2.0163e-14
2.5144e+13	7.1404e-15	2.1254e-14
2.5252e+13	6.4446e-15	2.3884e-14
2.536e+13	6.8943e-15	2.3479e-14
2.5468e+13	7.3374e-15	2.1784e-14
2.5576e+13	6.8728e-15	2.2932e-14
2.5683e+13	6.226e-15	2.4053e-14
2.5791e+13	6.3663e-15	2.1842e-14
2.5899e+13	6.678e-15	2.0511e-14
2.6007e+13	6.0347e-15	2.2904e-14
2.6115e+13	5.1254e-15	2.4367e-14
2.6223e+13	5.454e-15	2.2793e-14
2.6331e+13	6.5279e-15	2.2718e-14
2.6439e+13	6.6815e-15	2.5128e-14
2.6547e+13	5.9387e-15	2.5381e-14
2.6655e+13	5.4276e-15	2.318e-14
2.6763e+13	5.2173e-15	2.3263e-14
2.6871e+13	5.0542e-15	2.5832e-14
2.6978e+13	5.3755e-15	2.646e-14
2.7086e+13	5.8933e-15	2.4792e-14
2.7194e+13	5.6202e-15	2.4142e-14
2.7302e+13	5.0484e-15	2.4054e-14
2.741e+13	5.3772e-15	2.2158e-14
2.7518e+13	5.9539e-15	2.0892e-14
2.7626e+13	5.613e-15	2.3477e-14
2.7734e+13	5.0772e-15	2.6686e-14
2.7842e+13	5.2192e-15	2.6093e-14
2.795e+13	5.3695e-15	2.3797e-14
2.8058e+13	5.2319e-15	2.3579e-14
2.8165e+13	5.3917e-15	2.4353e-14
2.8273e+13	5.4224e-15	2.3875e-14
2.8381e+13	4.7369e-15	2.2729e-14
2.8489e+13	4.3e-15	2.207e-14
2.8597e+13	4.7246e-15	2.2425e-14
2.8705e+13	4.9636e-15	2.3683e-14
2.8813e+13	4.5763e-15	2.3794e-14
2.8921e+13	4.3192e-15	2.1812e-14
2.9029e+13	4.253e-15	2.1141e-14
2.9137e+13	4.0713e-15	2.3372e-14
2.9245e+13	4.1052e-15	2.4172e-14
2.9353e+13	4.2268e-15	2.1821e-14
2.946e+13	3.9568e-15	2.0875e-14
2.9568e+13	3.8047e-15	2.2537e-14
2.9676e+13	4.0584e-15	2.2684e-14
2.9784e+13	3.8754e-15	2.1069e-14
2.9892e+13	3.4006e-15	2.1041e-14
3e+13	3.7543e-15	2.2197e-14
3.0108e+13	4.3947e-15	2.2512e-14
3.0216e+13	4.1295e-15	2.2457e-14
3.0324e+13	3.6863e-15	2.203e-14
3.0432e+13	3.9803e-15	2.0765e-14
3.054e+13	4.2011e-15	2.0584e-14
3.0647e+13	3.8039e-15	2.1882e-14
3.0755e+13	3.4672e-15	2.1709e-14
3.0863e+13	3.4333e-15	2.0266e-14
3.0971e+13	3.4597e-15	2.0805e-14
3.1079e+13	3.653e-15	2.222e-14
3.1187e+13	3.9261e-15	2.1443e-14
3.1295e+13	4.0841e-15	2.0189e-14
3.1403e+13	4.2808e-15	2.0726e-14
3.1511e+13	4.1922e-15	2.1091e-14
3.1619e+13	3.4381e-15	2.0219e-14
3.1727e+13	2.9839e-15	2.0012e-14
3.1835e+13	3.5456e-15	2.0333e-14
3.1942e+13	3.9401e-15	1.9585e-14
3.205e+13	3.4905e-15	1.8889e-14
3.2158e+13	3.292e-15	1.976e-14
3.2266e+13	3.5907e-15	2.0959e-14
3.2374e+13	3.4869e-15	2.0982e-14
3.2482e+13	3.2191e-15	2.0071e-14
3.259e+13	3.34e-15	1.9082e-14
3.2698e+13	3.2267e-15	1.8656e-14
3.2806e+13	2.7461e-15	1.8637e-14
3.2914e+13	2.7437e-15	1.833e-14
3.3022e+13	3.1287e-15	1.8349e-14
3.3129e+13	3.2361e-15	1.9591e-14
3.3237e+13	3.2255e-15	2.0504e-14
3.3345e+13	3.2195e-15	1.9659e-14
3.3453e+13	3.0074e-15	1.8967e-14
3.3561e+13	3.0032e-15	1.9774e-14
3.3669e+13	3.337e-15	2.0081e-14
3.3777e+13	3.249e-15	1.9085e-14
3.3885e+13	2.8367e-15	1.8742e-14
3.3993e+13	2.9371e-15	1.9428e-14
3.4101e+13	3.1493e-15	1.9917e-14
3.4209e+13	2.8104e-15	2.0465e-14
3.4317e+13	2.595e-15	2.1203e-14
3.4424e+13	2.8838e-15	2.0695e-14
3.4532e+13	2.9461e-15	1.8834e-14
3.464e+13	2.742e-15	1.7285e-14
3.4748e+13	2.826e-15	1.6759e-14
3.4856e+13	2.9107e-15	1.7113e-14
3.4964e+13	2.6951e-15	1.8298e-14
3.5072e+13	2.5772e-15	1.9415e-14
3.518e+13	2.5697e-15	1.9513e-14
3.5288e+13	2.4387e-15	1.9097e-14
3.5396e+13	2.4959e-15	1.8804e-14
3.5504e+13	2.7167e-15	1.8687e-14
3.5612e+13	2.5578e-15	1.9164e-14
3.5719e+13	2.2078e-15	1.9695e-14
3.5827e+13	2.1842e-15	1.8568e-14
3.5935e+13	2.2701e-15	1.6683e-14
3.6043e+13	2.2577e-15	1.7166e-14
3.6151e+13	2.3372e-15	1.9668e-14
3.6259e+13	2.3421e-15	2.0676e-14
3.6367e+13	2.1737e-15	1.9397e-14
3.6475e+13	2.2455e-15	1.81e-14
3.6583e+13	2.4995e-15	1.8213e-14
3.6691e+13	2.4854e-15	1.9351e-14
3.6799e+13	2.3782e-15	1.9896e-14
3.6906e+13	2.3727e-15	1.8469e-14
3.7014e+13	2.2408e-15	1.6837e-14
3.7122e+13	2.2482e-15	1.7736e-14
3.723e+13	2.5938e-15	1.9256e-14
3.7338e+13	2.5386e-15	1.8106e-14
3.7446e+13	2.0477e-15	1.6661e-14
3.7554e+13	2.197e-15	1.8112e-14
3.7662e+13	2.7279e-15	1.9109e-14
3.777e+13	2.4097e-15	1.6419e-14
3.7878e+13	1.7785e-15	1.4257e-14
3.7986e+13	1.977e-15	1.6559e-14
3.8094e+13	2.3336e-15	1.9675e-14
3.8201e+13	2.0809e-15	1.9394e-14
3.8309e+13	1.9493e-15	1.7701e-14
3.8417e+13	2.269e-15	1.7873e-14
3.8525e+13	2.3696e-15	1.9017e-14
3.8633e+13	2.2067e-15	1.8772e-14
3.8741e+13	2.1799e-15	1.7607e-14
3.8849e+13	2.1795e-15	1.771e-14
3.8957e+13	2.1387e-15	1.8881e-14
3.9065e+13	2.1498e-15	1.8619e-14
3.9173e+13	2.0205e-15	1.6954e-14
3.9281e+13	1.8526e-15	1.692e-14
3.9388e+13	2.0167e-15	1.8619e-14
3.9496e+13	2.2495e-15	1.8717e-14
3.9604e+13	2.2336e-15	1.7153e-14
3.9712e+13	2.287e-15	1.7117e-14
3.982e+13	2.3557e-15	1.8246e-14
3.9928e+13	2.0197e-15	1.7777e-14
4.0036e+13	1.7275e-15	1.6757e-14
4.0144e+13	1.995e-15	1.7459e-14
4.0252e+13	2.2379e-15	1.8219e-14
4.036e+13	2.0609e-15	1.7242e-14
4.0468e+13	1.9744e-15	1.6556e-14
4.0576e+13	2.0578e-15	1.7591e-14
4.0683e+13	1.9495e-15	1.8373e-14
4.0791e+13	1.8762e-15	1.7744e-14
4.0899e+13	2.0532e-15	1.7251e-14
4.1007e+13	2.1627e-15	1.7826e-14
4.1115e+13	2.1448e-15	1.8482e-14
4.1223e+13	2.143e-15	1.8367e-14
4.1331e+13	2.0307e-15	1.7793e-14
4.1439e+13	1.9464e-15	1.7445e-14
4.1547e+13	2.126e-15	1.7456e-14
4.1655e+13	2.1785e-15	1.7504e-14
4.1763e+13	1.9317e-15	1.7718e-14
4.1871e+13	1.9264e-15	1.8203e-14
4.1978e+13	2.11e-15	1.7826e-14
4.2086e+13	1.9318e-15	1.6102e-14
4.2194e+13	1.7419e-15	1.5382e-14
4.2302e+13	1.9755e-15	1.7263e-14
4.241e+13	2.0603e-15	1.8918e-14
4.2518e+13	1.7849e-15	1.7757e-14
4.2626e+13	1.7762e-15	1.637e-14
4.2734e+13	1.9768e-15	1.7669e-14
4.2842e+13	1.903e-15	1.9479e-14
4.295e+13	1.851e-15	1.8862e-14
4.3058e+13	2.0008e-15	1.7112e-14
4.3165e+13	1.8777e-15	1.6499e-14
4.3273e+13	1.617e-15	1.6687e-14
4.3381e+13	1.7628e-15	1.6971e-14
4.3489e+13	2.012e-15	1.771e-14
4.3597e+13	1.9362e-15	1.8315e-14
4.3705e+13	1.8484e-15	1.7681e-14
4.3813e+13	1.923e-15	1.6624e-14
4.3921e+13	1.9214e-15	1.6546e-14
4.4029e+13	1.8606e-15	1.6697e-14
4.4137e+13	1.7858e-15	1.5933e-14
4.4245e+13	1.6114e-15	1.5477e-14
4.4353e+13	1.5711e-15	1.6695e-14
4.446e+13	1.7592e-15	1.8065e-14
4.4568e+13	1.772e-15	1.765e-14
4.4676e+13	1.6062e-15	1.6586e-14
4.4784e+13	1.6522e-15	1.6807e-14
4.4892e+13	1.7341e-15	1.7508e-14
4.5e+13	1.6255e-15	1.72e-14
4.5108e+13	1.693e-15	1.689e-14
4.5216e+13	1.9346e-15	1.7813e-14
4.5324e+13	1.8744e-15	1.8472e-14
4.5432e+13	1.6778e-15	1.7303e-14
4.554e+13	1.7285e-15	1.5908e-14
4.5647e+13	1.7755e-15	1.6401e-14
4.5755e+13	1.6936e-15	1.7697e-14
4.5863e+13	1.7316e-15	1.7487e-14
4.5971e+13	1.7213e-15	1.605e-14
4.6079e+13	1.5372e-15	1.5263e-14
4.6187e+13	1.5771e-15	1.5365e-14
4.6295e+13	1.7714e-15	1.5442e-14
4.6403e+13	1.663e-15	1.5735e-14
4.6511e+13	1.5459e-15	1.6771e-14
4.6619e+13	1.7571e-15	1.7522e-14
4.6727e+13	1.8276e-15	1.7012e-14
4.6835e+13	1.6476e-15	1.6205e-14
4.6942e+13	1.6825e-15	1.6099e-14
4.705e+13	1.7267e-15	1.6086e-14
4.7158e+13	1.4874e-15	1.5915e-14
4.7266e+13	1.5041e-15	1.6391e-14
4.7374e+13	1.8359e-15	1.7073e-14
4.7482e+13	1.7328e-15	1.6716e-14
4.759e+13	1.3349e-15	1.6018e-14
4.7698e+13	1.3561e-15	1.6262e-14
4.7806e+13	1.5162e-15	1.648e-14
4.7914e+13	1.4115e-15	1.5613e-14
4.8022e+13	1.4796e-15	1.4989e-14
4.8129e+13	1.7497e-15	1.5506e-14
4.8237e+13	1.6489e-15	1.5713e-14
4.8345e+13	1.3584e-15	1.4893e-14
4.8453e+13	1.3966e-15	1.4255e-14
4.8561e+13	1.5071e-15	1.4163e-14
4.8669e+13	1.3752e-15	1.3952e-14
4.8777e+13	1.2672e-15	1.4059e-14
4.8885e+13	1.3377e-15	1.5043e-14
4.8993e+13	1.4352e-15	1.5822e-14
4.9101e+13	1.4724e-15	1.5304e-14
4.9209e+13	1.3817e-15	1.4067e-14
4.9317e+13	1.24e-15	1.3218e-14
4.9424e+13	1.3129e-15	1.3176e-14
4.9532e+13	1.4939e-15	1.366e-14
4.964e+13	1.4421e-15	1.3869e-14
4.9748e+13	1.3018e-15	1.339e-14
4.9856e+13	1.3045e-15	1.2937e-14
4.9964e+13	1.2578e-15	1.3004e-14
5.0072e+13	1.1747e-15	1.2862e-14
5.018e+13	1.3035e-15	1.222e-14
5.0288e+13	1.4006e-15	1.1981e-14
5.0396e+13	1.2258e-15	1.2323e-14
5.0504e+13	1.1458e-15	1.2284e-14
5.0612e+13	1.2983e-15	1.1779e-14
5.0719e+13	1.3319e-15	1.1678e-14
5.0827e+13	1.2722e-15	1.1895e-14
5.0935e+13	1.3313e-15	1.1585e-14
5.1043e+13	1.3167e-15	1.0934e-14
5.1151e+13	1.1956e-15	1.0924e-14
5.1259e+13	1.2262e-15	1.16e-14
5.1367e+13	1.2853e-15	1.1986e-14
5.1475e+13	1.2157e-15	1.1671e-14
5.1583e+13	1.2392e-15	1.1276e-14
5.1691e+13	1.2538e-15	1.1153e-14
5.1799e+13	9.8394e-16	1.0865e-14
5.1906e+13	8.4734e-16	1.0428e-14
5.2014e+13	1.1658e-15	1.0562e-14
5.2122e+13	1.3503e-15	1.1092e-14
5.223e+13	1.1136e-15	1.0915e-14
5.2338e+13	1.0053e-15	1.0018e-14
5.2446e+13	1.1599e-15	9.5761e-15
5.2554e+13	1.1964e-15	9.8767e-15
5.2662e+13	1.1497e-15	1.0069e-14
5.277e+13	1.1527e-15	9.718e-15
5.2878e+13	1.0581e-15	9.1988e-15
5.2986e+13	9.8822e-16	9.048e-15
5.3094e+13	1.1273e-15	9.4703e-15
5.3201e+13	1.2162e-15	9.891e-15
5.3309e+13	1.1684e-15	9.5367e-15
5.3417e+13	1.2567e-15	8.8762e-15
5.3525e+13	1.3626e-15	8.9416e-15
5.3633e+13	1.2315e-15	9.2918e-15
5.3741e+13	1.0894e-15	8.9172e-15
5.3849e+13	1.0749e-15	8.4273e-15
5.3957e+13	1.0106e-15	8.8066e-15
5.4065e+13	1.0141e-15	9.3588e-15
5.4173e+13	1.1825e-15	9.1067e-15
5.4281e+13	1.169e-15	8.4502e-15
5.4388e+13	9.6396e-16	8.0542e-15
5.4496e+13	9.8749e-16	7.9973e-15
5.4604e+13	1.135e-15	8.275e-15
5.4712e+13	1.0533e-15	8.4764e-15
5.482e+13	9.2791e-16	7.8618e-15
5.4928e+13	9.4814e-16	6.8847e-15
5.5036e+13	9.4465e-16	6.8246e-15
5.5144e+13	9.4853e-16	7.4942e-15
5.5252e+13	1.029e-15	7.6083e-15
5.536e+13	9.6788e-16	7.156e-15
5.5468e+13	8.407e-16	7.0954e-15
5.5576e+13	9.3091e-16	7.4174e-15
5.5683e+13	1.0101e-15	7.4069e-15
5.5791e+13	8.7281e-16	6.9882e-15
5.5899e+13	8.5805e-16	6.6287e-15
5.6007e+13	9.9257e-16	6.5902e-15
5.6115e+13	9.384e-16	6.7412e-15
5.6223e+13	9.0681e-16	6.8009e-15
5.6331e+13	1.1179e-15	6.7742e-15
5.6439e+13	1.1111e-15	6.9166e-15
5.6547e+13	8.1077e-16	7.0795e-15
5.6655e+13	8.1327e-16	6.8154e-15
5.6763e+13	1.0716e-15	6.274e-15
5.6871e+13	1.0418e-15	6.0497e-15
5.6978e+13	8.708e-16	6.2793e-15
5.7086e+13	9.0361e-16	6.7077e-15
5.7194e+13	9.3729e-16	7.0619e-15
5.7302e+13	8.6311e-16	6.9026e-15
5.741e+13	8.566e-16	6.1199e-15
5.7518e+13	8.5179e-16	5.5593e-15
5.7626e+13	8.2351e-16	5.9088e-15
5.7734e+13	9.5282e-16	6.4825e-15
5.7842e+13	1.0796e-15	6.3894e-15
5.795e+13	9.7805e-16	5.9984e-15
5.8058e+13	8.8828e-16	6.0409e-15
5.8165e+13	9.1694e-16	6.2907e-15
5.8273e+13	8.1575e-16	6.1778e-15
5.8381e+13	7.0025e-16	5.8449e-15
5.8489e+13	8.0512e-16	5.7715e-15
5.8597e+13	8.6601e-16	5.9176e-15
5.8705e+13	7.5712e-16	5.9059e-15
5.8813e+13	7.9349e-16	5.7555e-15
5.8921e+13	9.1616e-16	5.7759e-15
5.9029e+13	8.2359e-16	5.8596e-15
5.9137e+13	7.1651e-16	5.6585e-15
5.9245e+13	7.926e-16	5.3504e-15
5.9353e+13	7.9531e-16	5.3608e-15
5.946e+13	7.0633e-16	5.6074e-15
5.9568e+13	7.8176e-16	5.8226e-15
5.9676e+13	8.8375e-16	5.9772e-15
5.9784e+13	8.0534e-16	5.8588e-15
5.9892e+13	7.4099e-16	5.3156e-15
6e+13	8.0533e-16	4.9583e-15
6.0108e+13	8.5412e-16	5.2271e-15
6.0216e+13	8.7403e-16	5.4172e-15
6.0324e+13	8.8535e-16	5.0905e-15
6.0432e+13	8.1628e-16	5.0121e-15
6.054e+13	7.5258e-16	5.4305e-15
6.0647e+13	7.8e-16	5.5018e-15
6.0755e+13	7.8645e-16	5.1214e-15
6.0863e+13	7.8561e-16	4.9597e-15
6.0971e+13	8.6244e-16	4.8812e-15
6.1079e+13	8.5364e-16	4.6219e-15
6.1187e+13	7.2962e-16	4.7933e-15
6.1295e+13	7.4346e-16	5.3723e-15
6.1403e+13	8.237e-16	5.3255e-15
6.1511e+13	7.2053e-16	4.7289e-15
6.1619e+13	6.2415e-16	4.5922e-15
6.1727e+13	7.0117e-16	4.7428e-15
6.1835e+13	6.9785e-16	4.6234e-15
6.1942e+13	6.1494e-16	4.8064e-15
6.205e+13	7.1841e-16	5.4125e-15
6.2158e+13	8.4409e-16	5.4238e-15
6.2266e+13	7.8389e-16	4.9117e-15
6.2374e+13	7.7818e-16	4.925e-15
6.2482e+13	8.7305e-16	5.1507e-15
6.259e+13	8.0831e-16	4.8428e-15
6.2698e+13	6.9788e-16	4.7071e-15
6.2806e+13	7.3355e-16	5.1413e-15
6.2914e+13	7.1096e-16	5.1179e-15
6.3022e+13	6.0922e-16	4.5489e-15
6.3129e+13	6.7322e-16	4.5315e-15
6.3237e+13	7.604e-16	4.857e-15
6.3345e+13	6.7466e-16	4.6189e-15
6.3453e+13	6.4848e-16	4.307e-15
6.3561e+13	7.3309e-16	4.5172e-15
6.3669e+13	6.9002e-16	4.7e-15
6.3777e+13	6.5017e-16	4.7769e-15
6.3885e+13	7.8458e-16	5.1794e-15
6.3993e+13	8.2452e-16	5.259e-15
6.4101e+13	7.0675e-16	4.5788e-15
6.4209e+13	7.0795e-16	4.2513e-15
6.4317e+13	7.477e-16	4.677e-15
6.4424e+13	6.647e-16	4.7729e-15
6.4532e+13	6.7939e-16	4.5856e-15
6.464e+13	7.7454e-16	5.0589e-15
6.4748e+13	6.6002e-16	5.4939e-15
6.4856e+13	5.4894e-16	4.9246e-15
6.4964e+13	7.3162e-16	4.3629e-15
6.5072e+13	8.7702e-16	4.6842e-15
6.518e+13	7.7036e-16	5.0046e-15
6.5288e+13	7.1504e-16	4.91e-15
6.5396e+13	7.4606e-16	5.0544e-15
6.5504e+13	6.6347e-16	5.2298e-15
6.5612e+13	6.2954e-16	4.888e-15
6.5719e+13	7.3175e-16	4.5594e-15
6.5827e+13	7.1608e-16	4.6045e-15
6.5935e+13	6.1973e-16	4.5672e-15
6.6043e+13	6.7319e-16	4.6005e-15
6.6151e+13	7.4498e-16	5.0612e-15
6.6259e+13	7.154e-16	5.2219e-15
6.6367e+13	7.2966e-16	4.664e-15
6.6475e+13	7.3681e-16	4.3026e-15
6.6583e+13	6.4106e-16	4.5198e-15
6.6691e+13	6.4145e-16	4.5935e-15
6.6799e+13	7.4238e-16	4.4441e-15
6.6906e+13	6.9654e-16	4.5547e-15
6.7014e+13	6.2917e-16	4.677e-15
6.7122e+13	7.4341e-16	4.4908e-15
6.723e+13	7.9764e-16	4.3341e-15
6.7338e+13	6.8753e-16	4.3489e-15
6.7446e+13	6.8623e-16	4.3684e-15
6.7554e+13	7.5795e-16	4.5249e-15
6.7662e+13	6.757e-16	4.7256e-15
6.777e+13	6.0062e-16	4.5338e-15
6.7878e+13	6.7379e-16	4.2074e-15
6.7986e+13	7.0149e-16	4.3315e-15
6.8094e+13	6.534e-16	4.5579e-15
6.8201e+13	6.4519e-16	4.3196e-15
6.8309e+13	5.9632e-16	4.0108e-15
6.8417e+13	5.4863e-16	4.1604e-15
6.8525e+13	6.7902e-16	4.5129e-15
6.8633e+13	7.9992e-16	4.6391e-15
6.8741e+13	6.9353e-16	4.4918e-15
6.8849e+13	6.0211e-16	4.2989e-15
6.8957e+13	6.7736e-16	4.3969e-15
6.9065e+13	6.9784e-16	4.7467e-15
6.9173e+13	6.4148e-16	4.7942e-15
6.9281e+13	6.5756e-16	4.4264e-15
6.9388e+13	6.6212e-16	4.2476e-15
6.9496e+13	6.3007e-16	4.4356e-15
6.9604e+13	6.9351e-16	4.5463e-15
6.9712e+13	7.3908e-16	4.4977e-15
6.982e+13	6.4401e-16	4.4522e-15
6.9928e+13	6.0048e-16	4.2452e-15
7.0036e+13	6.5268e-16	3.9779e-15
7.0144e+13	6.1493e-16	4.1555e-15
7.0252e+13	5.7154e-16	4.6196e-15
7.036e+13	6.4676e-16	4.6419e-15
7.0468e+13	6.5862e-16	4.2128e-15
7.0576e+13	5.8841e-16	3.97e-15
7.0683e+13	6.3466e-16	4.1047e-15
7.0791e+13	6.8297e-16	4.335e-15
7.0899e+13	5.8674e-16	4.5178e-15
7.1007e+13	5.6362e-16	4.6511e-15
7.1115e+13	6.6666e-16	4.6665e-15
7.1223e+13	6.5784e-16	4.5183e-15
7.1331e+13	5.8948e-16	4.3089e-15
7.1439e+13	6.2414e-16	4.227e-15
7.1547e+13	6.2845e-16	4.3211e-15
7.1655e+13	5.8938e-16	4.4592e-15
7.1763e+13	6.7827e-16	4.6239e-15
7.1871e+13	7.4784e-16	4.8618e-15
7.1978e+13	6.4131e-16	4.9156e-15
7.2086e+13	5.9972e-16	4.6041e-15
7.2194e+13	6.9719e-16	4.3397e-15
7.2302e+13	6.8822e-16	4.4184e-15
7.241e+13	6.2021e-16	4.4262e-15
7.2518e+13	6.6278e-16	4.1424e-15
7.2626e+13	6.6204e-16	4.002e-15
7.2734e+13	5.7722e-16	4.1745e-15
7.2842e+13	6.1129e-16	4.3744e-15
7.295e+13	6.7786e-16	4.5282e-15
7.3058e+13	6.2537e-16	4.583e-15
7.3165e+13	6.4859e-16	4.3583e-15
7.3273e+13	7.6887e-16	4.169e-15
7.3381e+13	7.0049e-16	4.4019e-15
7.3489e+13	5.2738e-16	4.6235e-15
7.3597e+13	5.4958e-16	4.4765e-15
7.3705e+13	6.5959e-16	4.4673e-15
7.3813e+13	6.7057e-16	4.7275e-15
7.3921e+13	6.7439e-16	4.7076e-15
7.4029e+13	6.8427e-16	4.5735e-15
7.4137e+13	6.3167e-16	4.775e-15
7.4245e+13	6.1403e-16	4.7313e-15
7.4353e+13	6.3278e-16	4.1225e-15
7.446e+13	5.8542e-16	3.9585e-15
7.4568e+13	5.9885e-16	4.5592e-15
7.4676e+13	7.2271e-16	4.7871e-15
7.4784e+13	7.0567e-16	4.352e-15
7.4892e+13	5.6705e-16	4.1746e-15
7.5e+13	6.0091e-16	4.3491e-15
7.5108e+13	7.1178e-16	4.3632e-15
7.5216e+13	6.531e-16	4.5049e-15
7.5324e+13	5.7257e-16	4.9327e-15
7.5432e+13	6.0863e-16	4.9246e-15
7.554e+13	6.2929e-16	4.3947e-15
7.5647e+13	6.4122e-16	4.1835e-15
7.5755e+13	6.9594e-16	4.3648e-15
7.5863e+13	6.4593e-16	4.2808e-15
7.5971e+13	5.4105e-16	4.0234e-15
7.6079e+13	5.963e-16	4.133e-15
7.6187e+13	6.6363e-16	4.4598e-15
7.6295e+13	5.7039e-16	4.5623e-15
7.6403e+13	5.653e-16	4.4832e-15
7.6511e+13	7.2333e-16	4.4577e-15
7.6619e+13	7.3024e-16	4.4904e-15
7.6727e+13	5.9621e-16	4.4697e-15
7.6835e+13	6.0604e-16	4.3541e-15
7.6942e+13	6.8186e-16	4.238e-15
7.705e+13	6.416e-16	4.2478e-15
7.7158e+13	6.005e-16	4.316e-15
7.7266e+13	6.2664e-16	4.2965e-15
7.7374e+13	6.2991e-16	4.2842e-15
7.7482e+13	6.381e-16	4.4351e-15
7.759e+13	6.7349e-16	4.606e-15
7.7698e+13	6.6755e-16	4.5777e-15
7.7806e+13	6.7491e-16	4.4223e-15
7.7914e+13	7.1439e-16	4.3203e-15
7.8022e+13	6.3357e-16	4.2784e-15
7.8129e+13	4.96e-16	4.2685e-15
7.8237e+13	5.4471e-16	4.3563e-15
7.8345e+13	6.9125e-16	4.4707e-15
7.8453e+13	7.0249e-16	4.3961e-15
7.8561e+13	6.4672e-16	4.2587e-15
7.8669e+13	6.3127e-16	4.5036e-15
7.8777e+13	6.0004e-16	5.0005e-15
7.8885e+13	5.9988e-16	4.9757e-15
7.8993e+13	6.8108e-16	4.3583e-15
7.9101e+13	6.9206e-16	4.045e-15
7.9209e+13	6.0265e-16	4.2931e-15
7.9317e+13	5.9991e-16	4.3644e-15
7.9424e+13	6.9256e-16	4.1242e-15
7.9532e+13	7.2016e-16	4.1796e-15
7.964e+13	6.64e-16	4.4316e-15
7.9748e+13	6.0162e-16	4.3689e-15
7.9856e+13	5.895e-16	4.2705e-15
7.9964e+13	6.5299e-16	4.4666e-15
8.0072e+13	6.9991e-16	4.5499e-15
8.018e+13	6.5457e-16	4.4604e-15
8.0288e+13	6.4342e-16	4.6745e-15
8.0396e+13	7.105e-16	4.9134e-15
8.0504e+13	6.9215e-16	4.6379e-15
8.0612e+13	6.1588e-16	4.3717e-15
8.0719e+13	6.4001e-16	4.6192e-15
8.0827e+13	6.6132e-16	4.7651e-15
8.0935e+13	6.0617e-16	4.5489e-15
8.1043e+13	6.4699e-16	4.6622e-15
8.1151e+13	7.2507e-16	5.0559e-15
8.1259e+13	6.4518e-16	4.9731e-15
8.1367e+13	6.0281e-16	4.6556e-15
8.1475e+13	7.4067e-16	4.7582e-15
8.1583e+13	7.6168e-16	4.9209e-15
8.1691e+13	6.3903e-16	4.7693e-15
8.1799e+13	6.8619e-16	4.7815e-15
8.1906e+13	7.6101e-16	4.9742e-15
8.2014e+13	6.073e-16	4.7195e-15
8.2122e+13	5.2141e-16	4.2934e-15
8.223e+13	6.4699e-16	4.4908e-15
8.2338e+13	6.2804e-16	4.9817e-15
8.2446e+13	4.9447e-16	4.9896e-15
8.2554e+13	5.7657e-16	4.7851e-15
8.2662e+13	6.8584e-16	4.9196e-15
8.277e+13	6.146e-16	5.0685e-15
8.2878e+13	6.5047e-16	4.8007e-15
8.2986e+13	7.974e-16	4.4365e-15
8.3094e+13	7.0785e-16	4.4189e-15
8.3201e+13	5.4355e-16	4.6665e-15
8.3309e+13	6.2873e-16	4.8855e-15
8.3417e+13	7.3621e-16	4.9596e-15
8.3525e+13	6.7281e-16	4.9089e-15
8.3633e+13	6.5185e-16	4.7989e-15
8.3741e+13	6.9464e-16	4.7656e-15
8.3849e+13	6.6383e-16	4.9542e-15
8.3957e+13	6.6694e-16	5.2781e-15
8.4065e+13	7.1106e-16	5.3662e-15
8.4173e+13	6.3658e-16	5.0259e-15
8.4281e+13	5.8115e-16	4.6159e-15
8.4388e+13	6.8247e-16	4.5904e-15
8.4496e+13	7.0403e-16	4.8645e-15
8.4604e+13	5.9056e-16	5.0249e-15
8.4712e+13	6.0266e-16	4.9488e-15
8.482e+13	6.9827e-16	4.852e-15
8.4928e+13	6.7427e-16	4.8799e-15
8.5036e+13	6.359e-16	4.923e-15
8.5144e+13	6.6478e-16	4.8372e-15
8.5252e+13	6.5315e-16	4.7095e-15
8.536e+13	6.585e-16	4.7318e-15
8.5468e+13	7.2753e-16	4.8433e-15
8.5576e+13	6.9794e-16	4.8076e-15
8.5683e+13	6.1922e-16	4.6361e-15
8.5791e+13	6.6877e-16	4.563e-15
8.5899e+13	6.8309e-16	4.6701e-15
8.6007e+13	5.6118e-16	4.8578e-15
8.6115e+13	5.7545e-16	4.9996e-15
8.6223e+13	7.1791e-16	4.9504e-15
8.6331e+13	6.7245e-16	4.7219e-15
8.6439e+13	5.5358e-16	4.6372e-15
8.6547e+13	6.4384e-16	4.9134e-15
8.6655e+13	7.6707e-16	5.2533e-15
8.6763e+13	7.2545e-16	5.2227e-15
8.6871e+13	6.5668e-16	4.8378e-15
8.6978e+13	6.2334e-16	4.5605e-15
8.7086e+13	6.0451e-16	4.783e-15
8.7194e+13	6.9523e-16	5.292e-15
8.7302e+13	7.9999e-16	5.4326e-15
8.741e+13	7.2242e-16	5.0694e-15
8.7518e+13	6.1751e-16	4.8305e-15
8.7626e+13	6.5028e-16	4.9712e-15
8.7734e+13	6.5341e-16	4.9555e-15
8.7842e+13	6.2532e-16	4.6354e-15
8.795e+13	7.5542e-16	4.6015e-15
8.8058e+13	8.7989e-16	5.0133e-15
8.8165e+13	7.9929e-16	5.3588e-15
8.8273e+13	7.185e-16	5.3917e-15
8.8381e+13	7.32e-16	5.2226e-15
8.8489e+13	6.731e-16	4.9185e-15
8.8597e+13	6.4557e-16	4.7281e-15
8.8705e+13	7.8318e-16	4.8978e-15
8.8813e+13	8.2774e-16	5.0943e-15
8.8921e+13	6.7907e-16	5.0094e-15
8.9029e+13	6.2536e-16	5.0377e-15
8.9137e+13	7.0808e-16	5.3245e-15
8.9245e+13	7.2362e-16	5.2349e-15
8.9353e+13	7.0588e-16	4.6759e-15
8.946e+13	7.2942e-16	4.5198e-15
8.9568e+13	7.287e-16	5.0973e-15
8.9676e+13	7.5603e-16	5.6945e-15
8.9784e+13	8.2222e-16	5.7614e-15
8.9892e+13	7.5368e-16	5.4727e-15
9e+13	6.3451e-16	5.2313e-15
9.0108e+13	7.1831e-16	5.2588e-15
9.0216e+13	8.4705e-16	5.3687e-15
9.0324e+13	7.6786e-16	5.1889e-15
9.0432e+13	6.546e-16	4.9388e-15
9.054e+13	6.7033e-16	5.2302e-15
9.0647e+13	6.9143e-16	5.8152e-15
9.0755e+13	7.0819e-16	5.7671e-15
9.0863e+13	7.5469e-16	5.0659e-15
9.0971e+13	6.8479e-16	4.6399e-15
9.1079e+13	5.5862e-16	4.8829e-15
9.1187e+13	6.2343e-16	5.3166e-15
9.1295e+13	7.6601e-16	5.4768e-15
9.1403e+13	7.54e-16	5.3295e-15
9.1511e+13	7.2122e-16	5.1351e-15
9.1619e+13	7.8464e-16	5.1692e-15
9.1727e+13	7.9706e-16	5.3093e-15
9.1835e+13	7.4853e-16	5.223e-15
9.1942e+13	7.3189e-16	5.0943e-15
9.205e+13	6.857e-16	5.3292e-15
9.2158e+13	6.4936e-16	5.5944e-15
9.2266e+13	7.4648e-16	5.3269e-15
9.2374e+13	8.2289e-16	4.9249e-15
9.2482e+13	7.3671e-16	5.0783e-15
9.259e+13	6.7022e-16	5.4387e-15
9.2698e+13	6.932e-16	5.3568e-15
9.2806e+13	6.6745e-16	5.139e-15
9.2914e+13	6.6265e-16	5.1847e-15
9.3022e+13	7.4563e-16	4.9864e-15
9.3129e+13	7.2092e-16	4.3594e-15
9.3237e+13	5.9872e-16	4.2534e-15
9.3345e+13	6.24e-16	5.0347e-15
9.3453e+13	7.2627e-16	5.6483e-15
9.3561e+13	7.2728e-16	5.5405e-15
9.3669e+13	7.5173e-16	5.4062e-15
9.3777e+13	8.3176e-16	5.4325e-15
9.3885e+13	7.8647e-16	5.1653e-15
9.3993e+13	6.9529e-16	5.0904e-15
9.4101e+13	7.1599e-16	5.7365e-15
9.4209e+13	7.0871e-16	6.0543e-15
9.4317e+13	6.3729e-16	5.3248e-15
9.4424e+13	6.8871e-16	4.8773e-15
9.4532e+13	7.7477e-16	5.4897e-15
9.464e+13	7.0932e-16	5.8003e-15
9.4748e+13	6.5003e-16	5.2191e-15
9.4856e+13	7.0501e-16	5.0208e-15
9.4964e+13	6.9465e-16	5.4228e-15
9.5072e+13	6.2804e-16	5.2674e-15
9.518e+13	6.7622e-16	4.715e-15
9.5288e+13	7.4598e-16	4.742e-15
9.5396e+13	7.034e-16	4.949e-15
9.5504e+13	6.4239e-16	4.7708e-15
9.5612e+13	6.2649e-16	4.8926e-15
9.5719e+13	6.3831e-16	5.4541e-15
9.5827e+13	7.0586e-16	5.4541e-15
9.5935e+13	7.4933e-16	4.9048e-15
9.6043e+13	6.739e-16	4.8076e-15
9.6151e+13	6.2363e-16	5.092e-15
9.6259e+13	6.9062e-16	5.0752e-15
9.6367e+13	7.2292e-16	4.9751e-15
9.6475e+13	7.0875e-16	5.0744e-15
9.6583e+13	7.5546e-16	4.9492e-15
9.6691e+13	7.493e-16	4.6374e-15
9.6799e+13	6.5227e-16	4.7791e-15
9.6906e+13	6.7607e-16	5.2427e-15
9.7014e+13	7.7696e-16	5.308e-15
9.7122e+13	7.305e-16	4.9923e-15
9.723e+13	6.7899e-16	4.8377e-15
9.7338e+13	7.8132e-16	4.9293e-15
9.7446e+13	7.987e-16	5.0361e-15
9.7554e+13	6.6333e-16	5.0825e-15
9.7662e+13	6.4776e-16	4.9948e-15
9.777e+13	7.2148e-16	4.6956e-15
9.7878e+13	6.5398e-16	4.4608e-15
9.7986e+13	5.6257e-16	4.6925e-15
9.8094e+13	6.0146e-16	5.1977e-15
9.8201e+13	6.3885e-16	5.3116e-15
9.8309e+13	6.3267e-16	4.9576e-15
9.8417e+13	6.6739e-16	4.7913e-15
9.8525e+13	6.6445e-16	4.9513e-15
9.8633e+13	6.0364e-16	4.8088e-15
9.8741e+13	6.3952e-16	4.4136e-15
9.8849e+13	7.4194e-16	4.5972e-15
9.8957e+13	7.5034e-16	5.1804e-15
9.9065e+13	7.0023e-16	5.0917e-15
9.9173e+13	6.7448e-16	4.5198e-15
9.9281e+13	6.611e-16	4.6017e-15
9.9388e+13	6.894e-16	5.1185e-15
9.9496e+13	7.3701e-16	5.049e-15
9.9604e+13	7.1202e-16	4.7419e-15
9.9712e+13	6.9769e-16	4.9831e-15
9.982e+13	7.555e-16	5.1444e-15
9.9928e+13	6.8801e-16	4.6141e-15
1.0004e+14	5.0761e-16	4.2883e-15
1.0014e+14	5.3238e-16	4.6599e-15
1.0025e+14	6.9141e-16	4.6754e-15
1.0036e+14	6.344e-16	4.0062e-15
1.0047e+14	4.9106e-16	3.8538e-15
1.0058e+14	5.4962e-16	4.4617e-15
1.0068e+14	6.3052e-16	4.6085e-15
1.0079e+14	5.7226e-16	4.1148e-15
1.009e+14	5.8274e-16	4.0607e-15
1.0101e+14	6.844e-16	4.451e-15
1.0112e+14	6.6551e-16	4.3112e-15
1.0122e+14	5.7769e-16	3.7398e-15
1.0133e+14	5.7349e-16	3.5724e-15
1.0144e+14	5.9674e-16	3.786e-15
1.0155e+14	6.1357e-16	3.9994e-15
1.0165e+14	6.5764e-16	4.3541e-15
1.0176e+14	6.528e-16	4.7489e-15
1.0187e+14	5.9542e-16	4.7002e-15
1.0198e+14	6.0011e-16	4.4296e-15
1.0209e+14	6.264e-16	4.4882e-15
1.0219e+14	5.9499e-16	4.5876e-15
1.023e+14	5.8958e-16	4.3287e-15
1.0241e+14	6.0624e-16	4.1247e-15
1.0252e+14	5.3754e-16	4.1813e-15
1.0263e+14	4.8211e-16	4.0292e-15
1.0273e+14	5.5453e-16	3.722e-15
1.0284e+14	6.1254e-16	3.7377e-15
1.0295e+14	5.6708e-16	3.7718e-15
1.0306e+14	5.2413e-16	3.4383e-15
1.0317e+14	4.9525e-16	3.3234e-15
1.0327e+14	4.5055e-16	3.7295e-15
1.0338e+14	4.8252e-16	3.8631e-15
1.0349e+14	5.7528e-16	3.4651e-15
1.036e+14	5.8781e-16	3.3503e-15
1.0371e+14	5.3932e-16	3.7003e-15
1.0381e+14	5.1578e-16	3.8301e-15
1.0392e+14	4.9793e-16	3.6866e-15
1.0403e+14	5.0926e-16	3.7578e-15
1.0414e+14	5.7251e-16	3.9518e-15
1.0424e+14	5.8225e-16	3.9376e-15
1.0435e+14	5.4393e-16	3.8279e-15
1.0446e+14	5.837e-16	3.7539e-15
1.0457e+14	6.2311e-16	3.6253e-15
1.0468e+14	5.5861e-16	3.4895e-15
1.0478e+14	5.3421e-16	3.4273e-15
1.0489e+14	5.8521e-16	3.4001e-15
1.05e+14	5.4599e-16	3.5037e-15
1.0511e+14	4.8316e-16	3.7259e-15
1.0522e+14	5.3457e-16	3.662e-15
1.0532e+14	5.475e-16	3.2509e-15
1.0543e+14	4.7417e-16	3.072e-15
1.0554e+14	5.1511e-16	3.2277e-15
1.0565e+14	5.9133e-16	3.12e-15
1.0576e+14	5.0249e-16	2.7672e-15
1.0586e+14	4.3692e-16	2.8186e-15
1.0597e+14	5.3809e-16	3.1584e-15
1.0608e+14	5.6998e-16	3.1376e-15
1.0619e+14	4.9538e-16	2.9073e-15
1.0629e+14	5.1693e-16	2.9735e-15
1.064e+14	5.3076e-16	3.1104e-15
1.0651e+14	4.1034e-16	3.0138e-15
1.0662e+14	3.7172e-16	3.0037e-15
1.0673e+14	4.5748e-16	3.1446e-15
1.0683e+14	4.3812e-16	2.9577e-15
1.0694e+14	3.7183e-16	2.5341e-15
1.0705e+14	4.2108e-16	2.5323e-15
1.0716e+14	4.4038e-16	2.9221e-15
1.0727e+14	3.73e-16	3.0578e-15
1.0737e+14	4.0214e-16	2.819e-15
1.0748e+14	4.8721e-16	2.5927e-15
1.0759e+14	4.7493e-16	2.5355e-15
1.077e+14	4.4912e-16	2.5754e-15
1.0781e+14	4.5177e-16	2.6428e-15
1.0791e+14	3.9438e-16	2.6293e-15
1.0802e+14	3.6616e-16	2.5585e-15
1.0813e+14	4.2556e-16	2.6022e-15
1.0824e+14	4.0965e-16	2.6584e-15
1.0835e+14	3.494e-16	2.4788e-15
1.0845e+14	4.2207e-16	2.2483e-15
1.0856e+14	4.8374e-16	2.2918e-15
1.0867e+14	3.8631e-16	2.4381e-15
1.0878e+14	3.3789e-16	2.3908e-15
1.0888e+14	4.0585e-16	2.2545e-15
1.0899e+14	3.9251e-16	2.1988e-15
1.091e+14	3.4821e-16	2.2009e-15
1.0921e+14	4.0521e-16	2.2733e-15
1.0932e+14	4.1138e-16	2.3769e-15
1.0942e+14	3.3137e-16	2.3183e-15
1.0953e+14	3.5592e-16	2.1161e-15
1.0964e+14	4.1269e-16	2.0052e-15
1.0975e+14	3.4317e-16	2.0303e-15
1.0986e+14	3.0812e-16	2.156e-15
1.0996e+14	3.9003e-16	2.3947e-15
1.1007e+14	3.9793e-16	2.462e-15
1.1018e+14	3.3893e-16	2.1032e-15
1.1029e+14	3.5803e-16	1.7813e-15
1.104e+14	3.6378e-16	1.9644e-15
1.105e+14	3.005e-16	2.1961e-15
1.1061e+14	3.0597e-16	2.036e-15
1.1072e+14	3.5002e-16	1.9447e-15
1.1083e+14	3.2054e-16	2.1795e-15
1.1094e+14	3.1351e-16	2.1827e-15
1.1104e+14	3.6361e-16	1.8302e-15
1.1115e+14	3.4788e-16	1.7269e-15
1.1126e+14	3.1049e-16	1.9417e-15
1.1137e+14	3.3612e-16	1.9843e-15
1.1147e+14	3.3014e-16	1.883e-15
1.1158e+14	3.0828e-16	1.9513e-15
1.1169e+14	3.8371e-16	2.022e-15
1.118e+14	4.3091e-16	1.9112e-15
1.1191e+14	3.5702e-16	1.8735e-15
1.1201e+14	3.4271e-16	1.988e-15
1.1212e+14	4.0013e-16	1.9478e-15
1.1223e+14	3.5389e-16	1.7297e-15
1.1234e+14	3.0405e-16	1.6718e-15
1.1245e+14	3.7361e-16	1.8281e-15
1.1255e+14	3.7855e-16	1.9031e-15
1.1266e+14	2.9008e-16	1.7907e-15
1.1277e+14	3.1856e-16	1.6851e-15
1.1288e+14	3.9021e-16	1.6872e-15
1.1299e+14	3.4174e-16	1.6745e-15
1.1309e+14	3.2271e-16	1.5941e-15
1.132e+14	3.803e-16	1.5674e-15
1.1331e+14	3.2182e-16	1.6084e-15
1.1342e+14	2.2711e-16	1.5668e-15
1.1353e+14	2.7982e-16	1.4626e-15
1.1363e+14	3.1904e-16	1.5013e-15
1.1374e+14	2.4261e-16	1.6679e-15
1.1385e+14	2.433e-16	1.7133e-15
1.1396e+14	3.1347e-16	1.574e-15
1.1406e+14	2.9188e-16	1.4244e-15
1.1417e+14	2.8425e-16	1.3723e-15
1.1428e+14	3.618e-16	1.4026e-15
1.1439e+14	3.4399e-16	1.485e-15
1.145e+14	2.4243e-16	1.5488e-15
1.146e+14	2.4449e-16	1.5217e-15
1.1471e+14	3.0242e-16	1.4521e-15
1.1482e+14	3.1946e-16	1.4239e-15
1.1493e+14	3.4677e-16	1.4002e-15
1.1504e+14	3.3447e-16	1.3206e-15
1.1514e+14	2.4463e-16	1.2524e-15
1.1525e+14	2.4948e-16	1.2792e-15
1.1536e+14	3.4871e-16	1.337e-15
1.1547e+14	3.219e-16	1.323e-15
1.1558e+14	2.3129e-16	1.2776e-15
1.1568e+14	2.6406e-16	1.2768e-15
1.1579e+14	2.9912e-16	1.2622e-15
1.159e+14	2.5044e-16	1.2086e-15
1.1601e+14	2.7084e-16	1.2554e-15
1.1612e+14	3.1553e-16	1.3959e-15
1.1622e+14	2.4375e-16	1.3779e-15
1.1633e+14	2.149e-16	1.1913e-15
1.1644e+14	3.1184e-16	1.1488e-15
1.1655e+14	3.118e-16	1.2765e-15
1.1665e+14	2.1712e-16	1.2807e-15
1.1676e+14	2.4458e-16	1.173e-15
1.1687e+14	3.0592e-16	1.1851e-15
1.1698e+14	2.5083e-16	1.2179e-15
1.1709e+14	2.264e-16	1.1034e-15
1.1719e+14	2.8694e-16	1.0345e-15
1.173e+14	2.7696e-16	1.1402e-15
1.1741e+14	2.3372e-16	1.1834e-15
1.1752e+14	2.6578e-16	1.0561e-15
1.1763e+14	2.7143e-16	9.6118e-16
1.1773e+14	2.1998e-16	9.8679e-16
1.1784e+14	2.3492e-16	1.0399e-15
1.1795e+14	2.7827e-16	1.0863e-15
1.1806e+14	2.6215e-16	1.1052e-15
1.1817e+14	2.6787e-16	1.0718e-15
1.1827e+14	3.0781e-16	1.0669e-15
1.1838e+14	2.8411e-16	1.112e-15
1.1849e+14	2.4809e-16	1.08e-15
1.186e+14	2.6436e-16	9.8157e-16
1.1871e+14	2.4478e-16	9.6558e-16
1.1881e+14	2.0151e-16	9.9739e-16
1.1892e+14	2.4682e-16	9.6709e-16
1.1903e+14	3.0671e-16	9.4563e-16
1.1914e+14	2.7227e-16	9.7567e-16
1.1924e+14	2.2374e-16	9.5343e-16
1.1935e+14	2.122e-16	9.0337e-16
1.1946e+14	1.8506e-16	9.4016e-16
1.1957e+14	1.8396e-16	9.9027e-16
1.1968e+14	2.4275e-16	9.5374e-16
1.1978e+14	2.5775e-16	9.1581e-16
1.1989e+14	2.0411e-16	9.241e-16
1.2e+14	1.8479e-16	9.0014e-16
1.2011e+14	2.151e-16	8.6107e-16
1.2022e+14	2.4047e-16	8.7276e-16
1.2032e+14	2.4966e-16	8.8241e-16
1.2043e+14	2.2914e-16	8.6183e-16
1.2054e+14	1.8988e-16	8.6973e-16
1.2065e+14	1.9025e-16	8.6504e-16
1.2076e+14	2.1313e-16	7.8516e-16
1.2086e+14	2.12e-16	7.4793e-16
1.2097e+14	2.2862e-16	8.4326e-16
1.2108e+14	2.5508e-16	9.1868e-16
1.2119e+14	2.2462e-16	8.5258e-16
1.2129e+14	2.1409e-16	7.7238e-16
1.214e+14	2.8141e-16	7.9508e-16
1.2151e+14	2.7718e-16	8.3185e-16
1.2162e+14	1.8432e-16	7.9694e-16
1.2173e+14	2.0153e-16	7.6423e-16
1.2183e+14	2.8864e-16	7.9885e-16
1.2194e+14	2.5077e-16	8.2487e-16
1.2205e+14	1.8843e-16	7.7503e-16
1.2216e+14	2.3452e-16	7.2605e-16
1.2227e+14	2.4497e-16	7.5916e-16
1.2237e+14	1.976e-16	8.1015e-16
1.2248e+14	2.5999e-16	7.901e-16
1.2259e+14	3.3472e-16	7.3614e-16
1.227e+14	2.4909e-16	7.2586e-16
1.2281e+14	1.6694e-16	7.5319e-16
1.2291e+14	2.234e-16	7.6351e-16
1.2302e+14	2.548e-16	7.3252e-16
1.2313e+14	2.0358e-16	6.9326e-16
1.2324e+14	1.8771e-16	6.9908e-16
1.2335e+14	1.9298e-16	7.2879e-16
1.2345e+14	1.9067e-16	7.0832e-16
1.2356e+14	2.486e-16	6.7021e-16
1.2367e+14	2.9964e-16	7.0624e-16
1.2378e+14	2.5014e-16	7.551e-16
1.2388e+14	2.1315e-16	7.0874e-16
1.2399e+14	2.3994e-16	6.5544e-16
1.241e+14	2.0854e-16	7.0679e-16
1.2421e+14	1.5966e-16	7.5675e-16
1.2432e+14	2.1475e-16	6.968e-16
1.2442e+14	2.6022e-16	6.1826e-16
1.2453e+14	1.9636e-16	6.1001e-16
1.2464e+14	1.5933e-16	6.3476e-16
1.2475e+14	2.0744e-16	6.5789e-16
1.2486e+14	2.3498e-16	6.6121e-16
1.2496e+14	2.2819e-16	6.2315e-16
1.2507e+14	2.2618e-16	6.134e-16
1.2518e+14	2.1304e-16	6.9311e-16
1.2529e+14	2.1863e-16	7.3926e-16
1.254e+14	2.5277e-16	6.4761e-16
1.255e+14	2.361e-16	5.5629e-16
1.2561e+14	1.948e-16	5.9594e-16
1.2572e+14	2.1467e-16	6.617e-16
1.2583e+14	2.1535e-16	6.3783e-16
1.2594e+14	1.5337e-16	5.8147e-16
1.2604e+14	1.6923e-16	5.7239e-16
1.2615e+14	2.4486e-16	5.9968e-16
1.2626e+14	2.0972e-16	6.2216e-16
1.2637e+14	1.4198e-16	6.1714e-16
1.2647e+14	1.9059e-16	5.9474e-16
1.2658e+14	2.3103e-16	5.8362e-16
1.2669e+14	1.7933e-16	5.7998e-16
1.268e+14	1.8159e-16	5.6944e-16
1.2691e+14	2.3903e-16	5.7712e-16
1.2701e+14	2.1146e-16	6.073e-16
1.2712e+14	1.6282e-16	6.1157e-16
1.2723e+14	2.0261e-16	5.7844e-16
1.2734e+14	2.4469e-16	5.4301e-16
1.2745e+14	2.2479e-16	5.1858e-16
1.2755e+14	2.0301e-16	5.2132e-16
1.2766e+14	2.0076e-16	5.6608e-16
1.2777e+14	2.1513e-16	5.9312e-16
1.2788e+14	2.4268e-16	5.5795e-16
1.2799e+14	2.2033e-16	5.4081e-16
1.2809e+14	1.6895e-16	5.8699e-16
1.282e+14	2.0405e-16	5.9518e-16
1.2831e+14	2.5994e-16	5.1913e-16
1.2842e+14	1.998e-16	4.5753e-16
1.2853e+14	1.3831e-16	4.6156e-16
1.2863e+14	1.9441e-16	4.8559e-16
1.2874e+14	2.3012e-16	5.1248e-16
1.2885e+14	1.8808e-16	5.3574e-16
1.2896e+14	1.9636e-16	5.179e-16
1.2906e+14	2.2642e-16	4.7954e-16
1.2917e+14	1.8595e-16	4.8492e-16
1.2928e+14	1.7398e-16	5.1921e-16
1.2939e+14	2.2668e-16	5.236e-16
1.295e+14	2.1594e-16	5.0102e-16
1.296e+14	1.6508e-16	4.8222e-16
1.2971e+14	1.7696e-16	4.6892e-16
1.2982e+14	1.818e-16	4.5858e-16
1.2993e+14	1.4807e-16	4.5708e-16
1.3004e+14	1.714e-16	4.6431e-16
1.3014e+14	2.0512e-16	4.7204e-16
1.3025e+14	1.6768e-16	4.6551e-16
1.3036e+14	1.6236e-16	4.4958e-16
1.3047e+14	2.1142e-16	4.5938e-16
1.3058e+14	1.8533e-16	4.9252e-16
1.3068e+14	1.4234e-16	4.9484e-16
1.3079e+14	2.0248e-16	4.6366e-16
1.309e+14	2.3683e-16	4.5395e-16
1.3101e+14	1.6497e-16	4.6675e-16
1.3112e+14	1.4769e-16	4.614e-16
1.3122e+14	2.0386e-16	4.4159e-16
1.3133e+14	1.8514e-16	4.2596e-16
1.3144e+14	1.3839e-16	4.1553e-16
1.3155e+14	1.7397e-16	4.2349e-16
1.3165e+14	2.1157e-16	4.3927e-16
1.3176e+14	2.0029e-16	4.1876e-16
1.3187e+14	2.169e-16	3.8175e-16
1.3198e+14	2.4708e-16	3.8617e-16
1.3209e+14	2.3033e-16	4.0339e-16
1.3219e+14	2.0415e-16	3.8809e-16
1.323e+14	1.9178e-16	3.853e-16
1.3241e+14	1.7894e-16	4.1724e-16
1.3252e+14	2.0054e-16	4.2506e-16
1.3263e+14	2.4068e-16	4.0348e-16
1.3273e+14	2.3016e-16	4.0025e-16
1.3284e+14	2.0741e-16	4.0146e-16
1.3295e+14	2.1787e-16	3.8587e-16
1.3306e+14	1.923e-16	3.8354e-16
1.3317e+14	1.4094e-16	3.895e-16
1.3327e+14	1.628e-16	3.7495e-16
1.3338e+14	2.0576e-16	3.666e-16
1.3349e+14	1.8271e-16	3.7534e-16
1.336e+14	1.7248e-16	3.6459e-16
1.3371e+14	2.0822e-16	3.5537e-16
1.3381e+14	1.9223e-16	3.8693e-16
1.3392e+14	1.4885e-16	4.1291e-16
1.3403e+14	1.7226e-16	4.0111e-16
1.3414e+14	2.0337e-16	3.9545e-16
1.3424e+14	1.8124e-16	3.932e-16
1.3435e+14	1.7035e-16	3.6246e-16
1.3446e+14	1.8141e-16	3.4931e-16
1.3457e+14	1.6674e-16	3.7238e-16
1.3468e+14	1.5376e-16	3.621e-16
1.3478e+14	1.59e-16	3.2381e-16
1.3489e+14	1.5564e-16	3.2925e-16
1.35e+14	1.7358e-16	3.4688e-16
1.3511e+14	2.1053e-16	3.2651e-16
1.3522e+14	1.9653e-16	3.2675e-16
1.3532e+14	1.7084e-16	3.6963e-16
1.3543e+14	2.0207e-16	3.8185e-16
1.3554e+14	2.0511e-16	3.6086e-16
1.3565e+14	1.4884e-16	3.6192e-16
1.3576e+14	1.5619e-16	3.6059e-16
1.3586e+14	2.0581e-16	3.2485e-16
1.3597e+14	1.7196e-16	2.9862e-16
1.3608e+14	1.2988e-16	3.0907e-16
1.3619e+14	1.6613e-16	3.3269e-16
1.3629e+14	1.6528e-16	3.4861e-16
1.364e+14	1.1134e-16	3.3538e-16
1.3651e+14	1.4066e-16	2.9972e-16
1.3662e+14	2.0578e-16	2.9875e-16
1.3673e+14	1.8974e-16	3.3248e-16
1.3683e+14	1.7414e-16	3.3693e-16
1.3694e+14	2.0525e-16	3.2794e-16
1.3705e+14	1.8588e-16	3.4792e-16
1.3716e+14	1.55e-16	3.4005e-16
1.3727e+14	2.0257e-16	2.9229e-16
1.3737e+14	2.247e-16	3.0343e-16
1.3748e+14	1.6196e-16	3.5601e-16
1.3759e+14	1.4222e-16	3.3462e-16
1.377e+14	1.8248e-16	2.8736e-16
1.3781e+14	1.7922e-16	3.1425e-16
1.3791e+14	1.5765e-16	3.3624e-16
1.3802e+14	1.637e-16	2.9167e-16
1.3813e+14	1.476e-16	2.843e-16
1.3824e+14	1.3311e-16	3.3392e-16
1.3835e+14	1.7141e-16	3.332e-16
1.3845e+14	1.8791e-16	2.9574e-16
1.3856e+14	1.5816e-16	2.9875e-16
1.3867e+14	1.7112e-16	2.9423e-16
1.3878e+14	1.9457e-16	2.4635e-16
1.3888e+14	1.4379e-16	2.3246e-16
1.3899e+14	1.0478e-16	2.6751e-16
1.391e+14	1.5397e-16	2.8538e-16
1.3921e+14	1.9477e-16	2.8974e-16
1.3932e+14	1.6949e-16	3.0586e-16
1.3942e+14	1.3868e-16	3.0111e-16
1.3953e+14	1.3607e-16	2.7859e-16
1.3964e+14	1.6791e-16	2.7906e-16
1.3975e+14	2.2185e-16	2.827e-16
1.3986e+14	2.2326e-16	2.7035e-16
1.3996e+14	1.7205e-16	2.8386e-16
1.4007e+14	1.7448e-16	3.1746e-16
1.4018e+14	2.102e-16	3.0684e-16
1.4029e+14	1.7204e-16	2.601e-16
1.404e+14	1.2214e-16	2.3832e-16
1.405e+14	1.5611e-16	2.4353e-16
1.4061e+14	1.9361e-16	2.5081e-16
1.4072e+14	1.7663e-16	2.684e-16
1.4083e+14	1.7473e-16	2.9324e-16
1.4094e+14	1.8955e-16	2.9691e-16
1.4104e+14	1.7541e-16	2.799e-16
1.4115e+14	1.7096e-16	2.6973e-16
1.4126e+14	1.881e-16	2.7204e-16
1.4137e+14	1.842e-16	2.6903e-16
1.4147e+14	1.8648e-16	2.5572e-16
1.4158e+14	2.0589e-16	2.4606e-16
1.4169e+14	1.7989e-16	2.4144e-16
1.418e+14	1.4427e-16	2.2856e-16
1.4191e+14	1.7915e-16	2.1926e-16
1.4201e+14	2.1544e-16	2.3468e-16
1.4212e+14	1.9087e-16	2.4961e-16
1.4223e+14	1.8206e-16	2.3819e-16
1.4234e+14	1.9588e-16	2.3928e-16
1.4245e+14	1.6181e-16	2.7353e-16
1.4255e+14	1.2709e-16	2.8513e-16
1.4266e+14	1.3648e-16	2.5906e-16
1.4277e+14	1.248e-16	2.5405e-16
1.4288e+14	1.1272e-16	2.6879e-16
1.4299e+14	1.6658e-16	2.5084e-16
1.4309e+14	1.9648e-16	2.2252e-16
1.432e+14	1.4509e-16	2.2821e-16
1.4331e+14	1.2629e-16	2.4085e-16
1.4342e+14	1.5701e-16	2.394e-16
1.4353e+14	1.4344e-16	2.4366e-16
1.4363e+14	1.2976e-16	2.3739e-16
1.4374e+14	1.6412e-16	2.0869e-16
1.4385e+14	1.5688e-16	2.0849e-16
1.4396e+14	1.2526e-16	2.4471e-16
1.4406e+14	1.7406e-16	2.5165e-16
1.4417e+14	2.1969e-16	2.2546e-16
1.4428e+14	1.698e-16	2.2034e-16
1.4439e+14	1.3578e-16	2.2702e-16
1.445e+14	1.5391e-16	2.1476e-16
1.446e+14	1.2305e-16	2.1162e-16
1.4471e+14	1.0038e-16	2.3187e-16
1.4482e+14	1.7449e-16	2.3832e-16
1.4493e+14	2.1995e-16	2.2118e-16
1.4504e+14	1.6527e-16	2.0899e-16
1.4514e+14	1.3416e-16	2.1497e-16
1.4525e+14	1.4854e-16	2.3261e-16
1.4536e+14	1.3348e-16	2.4404e-16
1.4547e+14	1.3819e-16	2.3434e-16
1.4558e+14	1.8527e-16	2.2481e-16
1.4568e+14	1.802e-16	2.3673e-16
1.4579e+14	1.4237e-16	2.4066e-16
1.459e+14	1.5557e-16	2.2048e-16
1.4601e+14	1.5745e-16	2.1201e-16
1.4612e+14	1.1046e-16	2.1761e-16
1.4622e+14	1.1839e-16	2.0488e-16
1.4633e+14	1.8361e-16	1.9603e-16
1.4644e+14	1.957e-16	2.1901e-16
1.4655e+14	1.6269e-16	2.3295e-16
1.4665e+14	1.4889e-16	2.1728e-16
1.4676e+14	1.3875e-16	2.1302e-16
1.4687e+14	1.287e-16	2.2011e-16
1.4698e+14	1.37e-16	2.0475e-16
1.4709e+14	1.3223e-16	1.8981e-16
1.4719e+14	1.2037e-16	1.9982e-16
1.473e+14	1.4753e-16	2.0057e-16
1.4741e+14	1.7285e-16	1.8154e-16
1.4752e+14	1.496e-16	1.7804e-16
1.4763e+14	1.3616e-16	1.9091e-16
1.4773e+14	1.6748e-16	1.9842e-16
1.4784e+14	2.0194e-16	2.0574e-16
1.4795e+14	2.2464e-16	2.1051e-16
1.4806e+14	2.2205e-16	2.0031e-16
1.4817e+14	1.7266e-16	1.9516e-16
1.4827e+14	1.4251e-16	2.0819e-16
1.4838e+14	1.7844e-16	2.1139e-16
1.4849e+14	1.9163e-16	1.9765e-16
1.486e+14	1.5567e-16	1.9595e-16
1.4871e+14	1.6993e-16	2.0856e-16
1.4881e+14	2.152e-16	2.1225e-16
1.4892e+14	1.8953e-16	2.0246e-16
1.4903e+14	1.4277e-16	1.895e-16
1.4914e+14	1.5566e-16	1.8453e-16
1.4924e+14	1.7987e-16	1.909e-16
1.4935e+14	1.854e-16	1.921e-16
1.4946e+14	1.9622e-16	1.8369e-16
1.4957e+14	1.8342e-16	1.9147e-16
1.4968e+14	1.5526e-16	2.0993e-16
1.4978e+14	1.72e-16	1.9936e-16
1.4989e+14	1.8903e-16	1.7358e-16
1.5e+14	1.5748e-16	1.7697e-16
1.5011e+14	1.5417e-16	1.9178e-16
1.5022e+14	1.8063e-16	1.88e-16
1.5032e+14	1.4948e-16	1.91e-16
1.5043e+14	1.3158e-16	2.0663e-16
1.5054e+14	2.0162e-16	1.9782e-16
1.5065e+14	2.201e-16	1.7438e-16
1.5076e+14	1.4574e-16	1.754e-16
1.5086e+14	1.5041e-16	1.8699e-16
1.5097e+14	2.1635e-16	1.8297e-16
1.5108e+14	1.7209e-16	1.7403e-16
1.5119e+14	9.2214e-17	1.6676e-16
1.5129e+14	1.1919e-16	1.6121e-16
1.514e+14	1.6185e-16	1.6993e-16
1.5151e+14	1.513e-16	1.7951e-16
1.5162e+14	1.6863e-16	1.698e-16
1.5173e+14	1.9194e-16	1.6997e-16
1.5183e+14	1.5942e-16	1.9251e-16
1.5194e+14	1.5093e-16	1.8903e-16
1.5205e+14	1.9035e-16	1.601e-16
1.5216e+14	1.8143e-16	1.6648e-16
1.5227e+14	1.4139e-16	1.9321e-16
1.5237e+14	1.4182e-16	1.7924e-16
1.5248e+14	1.3801e-16	1.512e-16
1.5259e+14	1.1382e-16	1.596e-16
1.527e+14	1.296e-16	1.756e-16
1.5281e+14	1.5877e-16	1.7069e-16
1.5291e+14	1.5625e-16	1.6871e-16
1.5302e+14	1.5746e-16	1.7197e-16
1.5313e+14	1.5175e-16	1.6445e-16
1.5324e+14	1.1461e-16	1.6219e-16
1.5335e+14	1.1834e-16	1.6992e-16
1.5345e+14	1.6185e-16	1.6691e-16
1.5356e+14	1.4333e-16	1.6573e-16
1.5367e+14	1.0849e-16	1.8448e-16
1.5378e+14	1.4977e-16	1.9284e-16
1.5388e+14	1.7589e-16	1.7371e-16
1.5399e+14	1.397e-16	1.6306e-16
1.541e+14	1.5663e-16	1.7551e-16
1.5421e+14	1.9863e-16	1.8156e-16
1.5432e+14	1.4432e-16	1.7191e-16
1.5442e+14	8.7173e-17	1.6592e-16
1.5453e+14	1.3165e-16	1.696e-16
1.5464e+14	1.6874e-16	1.7229e-16
1.5475e+14	1.5278e-16	1.6716e-16
1.5486e+14	1.6713e-16	1.6158e-16
1.5496e+14	1.7598e-16	1.6805e-16
1.5507e+14	1.4042e-16	1.7779e-16
1.5518e+14	1.5541e-16	1.7015e-16
1.5529e+14	2.0369e-16	1.5424e-16
1.554e+14	1.762e-16	1.5143e-16
1.555e+14	1.4014e-16	1.5249e-16
1.5561e+14	1.6378e-16	1.4848e-16
1.5572e+14	1.4853e-16	1.5478e-16
1.5583e+14	1.1346e-16	1.6304e-16
1.5594e+14	1.7708e-16	1.4723e-16
1.5604e+14	2.3468e-16	1.263e-16
1.5615e+14	1.6624e-16	1.3343e-16
1.5626e+14	1.1065e-16	1.5284e-16
1.5637e+14	1.4739e-16	1.5925e-16
1.5647e+14	1.5958e-16	1.5871e-16
1.5658e+14	1.5059e-16	1.5398e-16
1.5669e+14	1.8929e-16	1.4296e-16
1.568e+14	1.8717e-16	1.429e-16
1.5691e+14	1.2514e-16	1.5503e-16
1.5701e+14	1.3347e-16	1.5323e-16
1.5712e+14	1.8263e-16	1.3885e-16
1.5723e+14	1.5155e-16	1.3763e-16
1.5734e+14	1.0579e-16	1.4766e-16
1.5745e+14	1.2285e-16	1.5361e-16
1.5755e+14	1.3314e-16	1.574e-16
1.5766e+14	1.232e-16	1.5858e-16
1.5777e+14	1.4225e-16	1.5272e-16
1.5788e+14	1.5611e-16	1.4969e-16
1.5799e+14	1.5662e-16	1.5297e-16
1.5809e+14	1.8398e-16	1.5128e-16
1.582e+14	1.8641e-16	1.4736e-16
1.5831e+14	1.4657e-16	1.4988e-16
1.5842e+14	1.6069e-16	1.4939e-16
1.5853e+14	1.9829e-16	1.4159e-16
1.5863e+14	1.5172e-16	1.4037e-16
1.5874e+14	1.0681e-16	1.4769e-16
1.5885e+14	1.4582e-16	1.5045e-16
1.5896e+14	1.4738e-16	1.4561e-16
1.5906e+14	9.5593e-17	1.4055e-16
1.5917e+14	1.2789e-16	1.4188e-16
1.5928e+14	1.8501e-16	1.4837e-16
1.5939e+14	1.3734e-16	1.4814e-16
1.595e+14	9.0584e-17	1.4038e-16
1.596e+14	1.3416e-16	1.4293e-16
1.5971e+14	1.5677e-16	1.5161e-16
1.5982e+14	1.2857e-16	1.4268e-16
1.5993e+14	1.2665e-16	1.3036e-16
1.6004e+14	1.2657e-16	1.4283e-16
1.6014e+14	1.1446e-16	1.5739e-16
1.6025e+14	1.4307e-16	1.4908e-16
1.6036e+14	1.5626e-16	1.4584e-16
1.6047e+14	1.1462e-16	1.5999e-16
1.6058e+14	1.3497e-16	1.5852e-16
1.6068e+14	2.1132e-16	1.4096e-16
1.6079e+14	1.9801e-16	1.3863e-16
1.609e+14	1.624e-16	1.4518e-16
1.6101e+14	2.2999e-16	1.4192e-16
1.6112e+14	2.5538e-16	1.3973e-16
1.6122e+14	1.4545e-16	1.4123e-16
1.6133e+14	9.398e-17	1.3683e-16
1.6144e+14	1.6239e-16	1.3873e-16
1.6155e+14	1.7756e-16	1.4892e-16
1.6165e+14	1.3366e-16	1.4394e-16
1.6176e+14	1.4815e-16	1.3054e-16
1.6187e+14	1.6581e-16	1.3569e-16
1.6198e+14	1.2307e-16	1.4685e-16
1.6209e+14	1.0881e-16	1.4255e-16
1.6219e+14	1.5019e-16	1.3526e-16
1.623e+14	1.6622e-16	1.3302e-16
1.6241e+14	1.4731e-16	1.2846e-16
1.6252e+14	1.3641e-16	1.3051e-16
1.6263e+14	1.4108e-16	1.415e-16
1.6273e+14	1.6001e-16	1.4215e-16
1.6284e+14	1.7238e-16	1.3441e-16
1.6295e+14	1.5116e-16	1.3511e-16
1.6306e+14	1.3102e-16	1.3499e-16
1.6317e+14	1.3501e-16	1.26e-16
1.6327e+14	1.1849e-16	1.243e-16
1.6338e+14	9.5226e-17	1.3306e-16
1.6349e+14	1.2261e-16	1.403e-16
1.636e+14	1.5593e-16	1.4439e-16
1.6371e+14	1.4939e-16	1.4013e-16
1.6381e+14	1.6191e-16	1.2633e-16
1.6392e+14	1.8932e-16	1.2591e-16
1.6403e+14	1.5364e-16	1.3906e-16
1.6414e+14	9.9794e-17	1.332e-16
1.6424e+14	1.0556e-16	1.1839e-16
1.6435e+14	1.2201e-16	1.2894e-16
1.6446e+14	1.3071e-16	1.3935e-16
1.6457e+14	1.8886e-16	1.2112e-16
1.6468e+14	2.3795e-16	1.1302e-16
1.6478e+14	1.9716e-16	1.3193e-16
1.6489e+14	1.5087e-16	1.3557e-16
1.65e+14	1.6362e-16	1.2397e-16
1.6511e+14	1.6002e-16	1.3358e-16
1.6522e+14	1.3665e-16	1.4917e-16
1.6532e+14	1.6527e-16	1.461e-16
1.6543e+14	1.9832e-16	1.4173e-16
1.6554e+14	1.7004e-16	1.3924e-16
1.6565e+14	1.3895e-16	1.2923e-16
1.6576e+14	1.4338e-16	1.3225e-16
1.6586e+14	1.3977e-16	1.4397e-16
1.6597e+14	1.2844e-16	1.2898e-16
1.6608e+14	1.36e-16	1.101e-16
1.6619e+14	1.4718e-16	1.2555e-16
1.6629e+14	1.6118e-16	1.3601e-16
1.664e+14	1.8239e-16	1.1506e-16
1.6651e+14	1.725e-16	1.1392e-16
1.6662e+14	1.3326e-16	1.3901e-16
1.6673e+14	1.26e-16	1.3527e-16
1.6683e+14	1.5474e-16	1.1412e-16
1.6694e+14	1.6703e-16	1.2023e-16
1.6705e+14	1.4839e-16	1.2946e-16
1.6716e+14	1.2596e-16	1.1936e-16
1.6727e+14	1.3639e-16	1.2076e-16
1.6737e+14	1.8308e-16	1.3056e-16
1.6748e+14	1.9896e-16	1.1674e-16
1.6759e+14	1.5531e-16	1.0067e-16
1.677e+14	1.3755e-16	1.1122e-16
1.6781e+14	1.6903e-16	1.2591e-16
1.6791e+14	1.5732e-16	1.2652e-16
1.6802e+14	1.1515e-16	1.2171e-16
1.6813e+14	1.3433e-16	1.1231e-16
1.6824e+14	1.6529e-16	1.069e-16
1.6835e+14	1.4465e-16	1.2008e-16
1.6845e+14	1.4937e-16	1.3188e-16
1.6856e+14	1.8379e-16	1.2385e-16
1.6867e+14	1.5214e-16	1.1979e-16
1.6878e+14	1.1159e-16	1.2998e-16
1.6888e+14	1.5578e-16	1.3246e-16
1.6899e+14	1.915e-16	1.2771e-16
1.691e+14	1.6211e-16	1.2639e-16
1.6921e+14	1.6155e-16	1.1893e-16
1.6932e+14	1.7583e-16	1.1336e-16
1.6942e+14	1.3358e-16	1.2559e-16
1.6953e+14	1.2238e-16	1.3062e-16
1.6964e+14	1.7815e-16	1.1212e-16
1.6975e+14	1.7794e-16	1.033e-16
1.6986e+14	1.4125e-16	1.1551e-16
1.6996e+14	1.812e-16	1.2175e-16
1.7007e+14	2.1004e-16	1.2074e-16
1.7018e+14	1.4771e-16	1.2079e-16
1.7029e+14	1.2345e-16	1.119e-16
1.704e+14	1.645e-16	1.1014e-16
1.705e+14	1.4752e-16	1.3226e-16
1.7061e+14	1.1685e-16	1.3978e-16
1.7072e+14	1.6132e-16	1.1627e-16
1.7083e+14	1.7941e-16	1.1111e-16
1.7094e+14	1.3602e-16	1.2934e-16
1.7104e+14	1.5335e-16	1.2372e-16
1.7115e+14	2.0284e-16	1.0881e-16
1.7126e+14	1.7288e-16	1.2094e-16
1.7137e+14	1.3557e-16	1.2851e-16
1.7147e+14	1.5853e-16	1.138e-16
1.7158e+14	1.5482e-16	1.1598e-16
1.7169e+14	1.2094e-16	1.2945e-16
1.718e+14	1.4043e-16	1.1717e-16
1.7191e+14	1.6918e-16	1.0505e-16
1.7201e+14	1.4332e-16	1.1982e-16
1.7212e+14	1.1232e-16	1.2571e-16
1.7223e+14	1.0555e-16	1.1185e-16
1.7234e+14	1.1518e-16	1.115e-16
1.7245e+14	1.6205e-16	1.1911e-16
1.7255e+14	1.9649e-16	1.141e-16
1.7266e+14	1.5416e-16	1.1225e-16
1.7277e+14	1.248e-16	1.1471e-16
1.7288e+14	1.7165e-16	1.0423e-16
1.7299e+14	1.7564e-16	1.012e-16
1.7309e+14	1.0981e-16	1.197e-16
1.732e+14	1.1269e-16	1.2649e-16
1.7331e+14	1.761e-16	1.1486e-16
1.7342e+14	1.7465e-16	1.1581e-16
1.7353e+14	1.3794e-16	1.2115e-16
1.7363e+14	1.3996e-16	1.0887e-16
1.7374e+14	1.3951e-16	1.0202e-16
1.7385e+14	1.3153e-16	1.1453e-16
1.7396e+14	1.6591e-16	1.2009e-16
1.7406e+14	1.9814e-16	1.1401e-16
1.7417e+14	1.7462e-16	1.141e-16
1.7428e+14	1.3953e-16	1.135e-16
1.7439e+14	1.2661e-16	1.0523e-16
1.745e+14	1.2724e-16	1.0431e-16
1.746e+14	1.4723e-16	1.1183e-16
1.7471e+14	1.6453e-16	1.1509e-16
1.7482e+14	1.5843e-16	1.1592e-16
1.7493e+14	1.7276e-16	1.1706e-16
1.7504e+14	1.9929e-16	1.1492e-16
1.7514e+14	1.6835e-16	1.1561e-16
1.7525e+14	1.2846e-16	1.208e-16
1.7536e+14	1.5138e-16	1.2074e-16
1.7547e+14	1.4707e-16	1.1805e-16
1.7558e+14	7.9379e-17	1.1784e-16
1.7568e+14	9.1467e-17	1.1061e-16
1.7579e+14	1.8684e-16	1.0025e-16
1.759e+14	1.9245e-16	1.0234e-16
1.7601e+14	1.1419e-16	1.0678e-16
1.7612e+14	9.5184e-17	1.0249e-16
1.7622e+14	1.2573e-16	1.0717e-16
1.7633e+14	1.4126e-16	1.2055e-16
1.7644e+14	1.6614e-16	1.1602e-16
1.7655e+14	1.8657e-16	1.0261e-16
1.7665e+14	1.6376e-16	1.0821e-16
1.7676e+14	1.4613e-16	1.1734e-16
1.7687e+14	1.5464e-16	1.0864e-16
1.7698e+14	1.4422e-16	1.0206e-16
1.7709e+14	1.405e-16	1.0971e-16
1.7719e+14	1.6445e-16	1.1105e-16
1.773e+14	1.4048e-16	1.0212e-16
1.7741e+14	8.2519e-17	1.01e-16
1.7752e+14	1.0775e-16	1.0911e-16
1.7763e+14	1.8968e-16	1.1388e-16
1.7773e+14	2.0907e-16	1.1012e-16
1.7784e+14	1.7364e-16	1.0318e-16
1.7795e+14	1.4131e-16	1.0461e-16
1.7806e+14	1.1708e-16	1.1451e-16
1.7817e+14	1.215e-16	1.1602e-16
1.7827e+14	1.4666e-16	1.0797e-16
1.7838e+14	1.3197e-16	1.0821e-16
1.7849e+14	1.1549e-16	1.1254e-16
1.786e+14	1.7064e-16	1.0546e-16
1.7871e+14	2.1629e-16	9.9662e-17
1.7881e+14	1.8241e-16	1.0678e-16
1.7892e+14	1.6521e-16	1.0907e-16
1.7903e+14	1.9235e-16	1.014e-16
1.7914e+14	1.7172e-16	1.015e-16
1.7924e+14	1.3937e-16	1.0731e-16
1.7935e+14	1.7049e-16	1.0536e-16
1.7946e+14	1.7422e-16	1.0096e-16
1.7957e+14	1.0579e-16	9.8097e-17
1.7968e+14	8.6738e-17	9.181e-17
1.7978e+14	1.3197e-16	8.9855e-17
1.7989e+14	1.3231e-16	9.7251e-17
1.8e+14	1.0814e-16	1.0294e-16
1.8011e+14	1.33e-16	1.0669e-16
1.8022e+14	1.5979e-16	1.1449e-16
1.8032e+14	1.5072e-16	1.1517e-16
1.8043e+14	1.5007e-16	1.0733e-16
1.8054e+14	1.629e-16	1.0893e-16
1.8065e+14	1.6883e-16	1.1616e-16
1.8076e+14	1.7764e-16	1.1285e-16
1.8086e+14	1.6942e-16	1.1007e-16
1.8097e+14	1.3459e-16	1.1719e-16
1.8108e+14	1.3305e-16	1.1694e-16
1.8119e+14	1.695e-16	1.0548e-16
1.8129e+14	1.7025e-16	9.8421e-17
1.814e+14	1.4219e-16	9.7205e-17
1.8151e+14	1.4066e-16	9.9893e-17
1.8162e+14	1.3898e-16	1.1004e-16
1.8173e+14	1.143e-16	1.1428e-16
1.8183e+14	1.0955e-16	1.0437e-16
1.8194e+14	1.237e-16	9.9891e-17
1.8205e+14	1.2386e-16	1.0473e-16
1.8216e+14	1.2839e-16	1.016e-16
1.8227e+14	1.4018e-16	1.0114e-16
1.8237e+14	1.3321e-16	1.1594e-16
1.8248e+14	1.3792e-16	1.2104e-16
1.8259e+14	1.734e-16	1.095e-16
1.827e+14	1.8349e-16	1.0916e-16
1.8281e+14	1.6122e-16	1.1464e-16
1.8291e+14	1.6046e-16	1.0474e-16
1.8302e+14	1.6607e-16	1.0188e-16
1.8313e+14	1.4862e-16	1.1762e-16
1.8324e+14	1.53e-16	1.1681e-16
1.8335e+14	1.9132e-16	9.6796e-17
1.8345e+14	2.1035e-16	9.4265e-17
1.8356e+14	1.965e-16	1.0628e-16
1.8367e+14	1.6119e-16	1.0912e-16
1.8378e+14	1.1446e-16	1.0954e-16
1.8388e+14	1.1587e-16	1.093e-16
1.8399e+14	1.7772e-16	9.8416e-17
1.841e+14	1.9457e-16	9.3981e-17
1.8421e+14	1.4296e-16	1.0425e-16
1.8432e+14	1.3058e-16	1.0372e-16
1.8442e+14	1.5571e-16	9.4237e-17
1.8453e+14	1.3234e-16	1.0049e-16
1.8464e+14	1.0994e-16	1.0707e-16
1.8475e+14	1.5057e-16	9.8231e-17
1.8486e+14	1.7249e-16	1.0147e-16
1.8496e+14	1.4069e-16	1.1994e-16
1.8507e+14	1.345e-16	1.192e-16
1.8518e+14	1.5594e-16	1.0337e-16
1.8529e+14	1.5697e-16	9.9525e-17
1.854e+14	1.636e-16	9.8751e-17
1.855e+14	1.7473e-16	9.1384e-17
1.8561e+14	1.476e-16	9.1055e-17
1.8572e+14	1.287e-16	9.4728e-17
1.8583e+14	1.5876e-16	9.4532e-17
1.8594e+14	1.6756e-16	1.0218e-16
1.8604e+14	1.401e-16	1.1186e-16
1.8615e+14	1.492e-16	1.0554e-16
1.8626e+14	1.7663e-16	9.725e-17
1.8637e+14	1.6807e-16	9.9102e-17
1.8647e+14	1.6356e-16	9.4463e-17
1.8658e+14	1.751e-16	8.914e-17
1.8669e+14	1.4901e-16	1.014e-16
1.868e+14	1.1402e-16	1.0863e-16
1.8691e+14	1.2291e-16	9.6019e-17
1.8701e+14	1.3392e-16	9.3835e-17
1.8712e+14	1.296e-16	1.0507e-16
1.8723e+14	1.5168e-16	1.0071e-16
1.8734e+14	1.6735e-16	9.2673e-17
1.8745e+14	1.3703e-16	1.0136e-16
1.8755e+14	1.1992e-16	1.0551e-16
1.8766e+14	1.3627e-16	1.0018e-16
1.8777e+14	1.3167e-16	1.0575e-16
1.8788e+14	1.2795e-16	1.0647e-16
1.8799e+14	1.6362e-16	9.0181e-17
1.8809e+14	1.769e-16	9.0559e-17
1.882e+14	1.4644e-16	1.0777e-16
1.8831e+14	1.4827e-16	1.0099e-16
1.8842e+14	1.848e-16	8.3712e-17
1.8853e+14	1.9138e-16	9.1724e-17
1.8863e+14	1.7677e-16	1.0105e-16
1.8874e+14	1.7071e-16	9.158e-17
1.8885e+14	1.5615e-16	9.1478e-17
1.8896e+14	1.3519e-16	1.0049e-16
1.8906e+14	1.2599e-16	9.3583e-17
1.8917e+14	1.2879e-16	8.8029e-17
1.8928e+14	1.5901e-16	9.8905e-17
1.8939e+14	1.9768e-16	1.02e-16
1.895e+14	1.729e-16	9.6983e-17
1.896e+14	1.16e-16	1.0257e-16
1.8971e+14	1.3615e-16	1.0247e-16
1.8982e+14	1.8543e-16	9.1693e-17
1.8993e+14	1.4653e-16	9.9572e-17
1.9004e+14	8.851e-17	1.1548e-16
1.9014e+14	1.1868e-16	1.0543e-16
1.9025e+14	1.6536e-16	8.9967e-17
1.9036e+14	1.5326e-16	9.4464e-17
1.9047e+14	1.356e-16	9.4914e-17
1.9058e+14	1.3995e-16	8.5362e-17
1.9068e+14	1.4047e-16	8.9993e-17
1.9079e+14	1.5013e-16	9.6898e-17
1.909e+14	1.6554e-16	8.889e-17
1.9101e+14	1.5625e-16	8.8884e-17
1.9112e+14	1.4691e-16	1.0012e-16
1.9122e+14	1.5068e-16	9.5716e-17
1.9133e+14	1.2582e-16	8.6546e-17
1.9144e+14	9.6677e-17	9.4665e-17
1.9155e+14	1.1552e-16	9.8849e-17
1.9165e+14	1.2845e-16	8.8255e-17
1.9176e+14	1.0145e-16	8.8977e-17
1.9187e+14	1.1864e-16	1.0007e-16
1.9198e+14	1.8982e-16	9.7575e-17
1.9209e+14	2.1128e-16	9.0486e-17
1.9219e+14	1.7119e-16	9.4894e-17
1.923e+14	1.387e-16	9.8976e-17
1.9241e+14	1.2517e-16	9.5242e-17
1.9252e+14	1.3213e-16	9.1362e-17
1.9263e+14	1.681e-16	8.8342e-17
1.9273e+14	1.7689e-16	8.8295e-17
1.9284e+14	1.3786e-16	9.5209e-17
1.9295e+14	1.3097e-16	9.9021e-17
1.9306e+14	1.6975e-16	9.4129e-17
1.9317e+14	1.7919e-16	9.0612e-17
1.9327e+14	1.639e-16	8.8753e-17
1.9338e+14	1.6738e-16	8.4104e-17
1.9349e+14	1.6198e-16	8.5413e-17
1.936e+14	1.4621e-16	9.028e-17
1.9371e+14	1.6462e-16	8.5828e-17
1.9381e+14	1.8425e-16	8.3522e-17
1.9392e+14	1.5985e-16	9.374e-17
1.9403e+14	1.378e-16	9.5427e-17
1.9414e+14	1.3929e-16	8.4894e-17
1.9424e+14	1.1993e-16	8.809e-17
1.9435e+14	9.9887e-17	9.8759e-17
1.9446e+14	1.2621e-16	9.2051e-17
1.9457e+14	1.5781e-16	8.3985e-17
1.9468e+14	1.4938e-16	9.2767e-17
1.9478e+14	1.2874e-16	9.6331e-17
1.9489e+14	1.2283e-16	8.6702e-17
1.95e+14	1.3199e-16	8.6692e-17
1.9511e+14	1.4978e-16	9.4086e-17
1.9522e+14	1.4676e-16	9.0364e-17
1.9532e+14	1.2003e-16	8.4097e-17
1.9543e+14	1.177e-16	8.6158e-17
1.9554e+14	1.3629e-16	8.7898e-17
1.9565e+14	1.3043e-16	8.7563e-17
1.9576e+14	1.2881e-16	8.8439e-17
1.9586e+14	1.6009e-16	8.3889e-17
1.9597e+14	1.698e-16	7.7488e-17
1.9608e+14	1.5749e-16	8.0562e-17
1.9619e+14	1.8439e-16	8.5634e-17
1.9629e+14	2.0409e-16	8.4018e-17
1.964e+14	1.5634e-16	8.4516e-17
1.9651e+14	1.293e-16	8.7551e-17
1.9662e+14	1.7587e-16	8.3157e-17
1.9673e+14	1.9367e-16	7.6059e-17
1.9683e+14	1.472e-16	7.2522e-17
1.9694e+14	1.1936e-16	6.7494e-17
1.9705e+14	1.2075e-16	6.6261e-17
1.9716e+14	1.1829e-16	7.7331e-17
1.9727e+14	1.387e-16	8.7944e-17
1.9737e+14	1.6841e-16	8.6308e-17
1.9748e+14	1.5093e-16	8.1403e-17
1.9759e+14	1.2121e-16	7.9142e-17
1.977e+14	1.3531e-16	7.6612e-17
1.9781e+14	1.5812e-16	7.7549e-17
1.9791e+14	1.6232e-16	8.2407e-17
1.9802e+14	1.731e-16	8.447e-17
1.9813e+14	1.7957e-16	8.4861e-17
1.9824e+14	1.6201e-16	8.4063e-17
1.9835e+14	1.4436e-16	7.6447e-17
1.9845e+14	1.3888e-16	6.9888e-17
1.9856e+14	1.4402e-16	7.4174e-17
1.9867e+14	1.6347e-16	7.8242e-17
1.9878e+14	1.5866e-16	7.7344e-17
1.9888e+14	1.1419e-16	8.4412e-17
1.9899e+14	1.1045e-16	9.2252e-17
1.991e+14	1.6163e-16	8.3997e-17
1.9921e+14	1.6026e-16	7.3627e-17
1.9932e+14	1.0515e-16	7.5326e-17
1.9942e+14	9.869e-17	7.4345e-17
1.9953e+14	1.2139e-16	6.9067e-17
1.9964e+14	1.2071e-16	7.5153e-17
1.9975e+14	1.5144e-16	8.1849e-17
1.9986e+14	1.9369e-16	7.521e-17
1.9996e+14	1.5278e-16	7.1671e-17
2.0007e+14	1.0524e-16	7.7196e-17
2.0018e+14	1.516e-16	7.5953e-17
2.0029e+14	1.7628e-16	7.3848e-17
2.004e+14	1.1387e-16	8.1441e-17
2.005e+14	1.0554e-16	8.1711e-17
2.0061e+14	1.6601e-16	7.0853e-17
2.0072e+14	1.5753e-16	6.9846e-17
2.0083e+14	1.1654e-16	7.5178e-17
2.0094e+14	1.4546e-16	7.1874e-17
2.0104e+14	1.6514e-16	7.2553e-17
2.0115e+14	1.2447e-16	8.1579e-17
2.0126e+14	1.2566e-16	7.8532e-17
2.0137e+14	1.7437e-16	6.7163e-17
2.0147e+14	1.7679e-16	6.7713e-17
2.0158e+14	1.5455e-16	7.1679e-17
2.0169e+14	1.5809e-16	6.8027e-17
2.018e+14	1.4566e-16	6.9034e-17
2.0191e+14	1.1511e-16	7.5326e-17
2.0201e+14	1.2117e-16	7.5009e-17
2.0212e+14	1.5101e-16	7.3863e-17
2.0223e+14	1.7019e-16	7.6389e-17
2.0234e+14	1.8221e-16	7.377e-17
2.0245e+14	1.708e-16	7.1653e-17
2.0255e+14	1.3756e-16	7.7968e-17
2.0266e+14	1.3957e-16	7.8946e-17
2.0277e+14	1.7617e-16	7.0427e-17
2.0288e+14	1.8509e-16	6.7088e-17
2.0299e+14	1.655e-16	6.6677e-17
2.0309e+14	1.4761e-16	6.2339e-17
2.032e+14	1.3326e-16	6.5946e-17
2.0331e+14	1.4842e-16	7.4121e-17
2.0342e+14	1.9424e-16	6.8199e-17
2.0353e+14	1.9375e-16	6.0573e-17
2.0363e+14	1.4238e-16	6.9455e-17
2.0374e+14	1.3294e-16	7.5984e-17
2.0385e+14	1.5903e-16	6.8697e-17
2.0396e+14	1.503e-16	6.7733e-17
2.0406e+14	1.4292e-16	7.3253e-17
2.0417e+14	1.68e-16	6.8318e-17
2.0428e+14	1.6318e-16	6.337e-17
2.0439e+14	1.4078e-16	6.8481e-17
2.045e+14	1.6611e-16	6.8381e-17
2.046e+14	1.8289e-16	6.3357e-17
2.0471e+14	1.4396e-16	6.7388e-17
2.0482e+14	1.3914e-16	6.9575e-17
2.0493e+14	1.8536e-16	6.2125e-17
2.0504e+14	1.7748e-16	6.3295e-17
2.0514e+14	1.2441e-16	7.2266e-17
2.0525e+14	1.2084e-16	6.8707e-17
2.0536e+14	1.4423e-16	6.1092e-17
2.0547e+14	1.3422e-16	6.5638e-17
2.0558e+14	1.2187e-16	6.8264e-17
2.0568e+14	1.3765e-16	5.9424e-17
2.0579e+14	1.5341e-16	5.4789e-17
2.059e+14	1.4444e-16	5.9115e-17
2.0601e+14	1.1726e-16	6.2286e-17
2.0612e+14	1.1377e-16	6.3716e-17
2.0622e+14	1.588e-16	6.4966e-17
2.0633e+14	1.7895e-16	6.3624e-17
2.0644e+14	1.2307e-16	6.3772e-17
2.0655e+14	9.5968e-17	6.6702e-17
2.0665e+14	1.5402e-16	6.6263e-17
2.0676e+14	1.7108e-16	6.4158e-17
2.0687e+14	1.1212e-16	6.3601e-17
2.0698e+14	1.1159e-16	6e-17
2.0709e+14	1.7208e-16	5.7636e-17
2.0719e+14	1.7242e-16	6.3666e-17
2.073e+14	1.3509e-16	6.6886e-17
2.0741e+14	1.3544e-16	6.065e-17
2.0752e+14	1.3037e-16	5.8786e-17
2.0763e+14	1.0205e-16	6.2224e-17
2.0773e+14	1.049e-16	5.8877e-17
2.0784e+14	1.2422e-16	5.6942e-17
2.0795e+14	1.3496e-16	6.3826e-17
2.0806e+14	1.6838e-16	6.3665e-17
2.0817e+14	1.8988e-16	5.6301e-17
2.0827e+14	1.5608e-16	6.0965e-17
2.0838e+14	1.4534e-16	6.9714e-17
2.0849e+14	1.8069e-16	6.4401e-17
2.086e+14	1.5717e-16	5.7384e-17
2.0871e+14	9.7244e-17	5.9754e-17
2.0881e+14	1.1831e-16	5.9147e-17
2.0892e+14	1.6359e-16	5.5729e-17
2.0903e+14	1.4142e-16	5.9276e-17
2.0914e+14	1.2908e-16	6.0049e-17
2.0924e+14	1.6168e-16	5.3505e-17
2.0935e+14	1.5841e-16	5.3538e-17
2.0946e+14	1.4847e-16	5.7579e-17
2.0957e+14	1.9035e-16	5.3823e-17
2.0968e+14	1.9219e-16	5.2021e-17
2.0978e+14	1.245e-16	5.7773e-17
2.0989e+14	1.1176e-16	5.7327e-17
2.1e+14	1.5797e-16	5.3278e-17
2.1011e+14	1.5962e-16	5.9017e-17
2.1022e+14	1.4682e-16	6.4287e-17
2.1032e+14	1.6655e-16	5.848e-17
2.1043e+14	1.4851e-16	5.4274e-17
2.1054e+14	1.0088e-16	5.7017e-17
2.1065e+14	1.1443e-16	5.7193e-17
2.1076e+14	1.4427e-16	5.5393e-17
2.1086e+14	1.2099e-16	5.4696e-17
2.1097e+14	1.2299e-16	5.1274e-17
2.1108e+14	1.7887e-16	5.016e-17
2.1119e+14	1.7854e-16	5.5743e-17
2.1129e+14	1.1689e-16	5.7717e-17
2.114e+14	1.1005e-16	5.424e-17
2.1151e+14	1.6293e-16	5.4575e-17
2.1162e+14	1.9174e-16	5.3695e-17
2.1173e+14	1.8924e-16	4.7301e-17
2.1183e+14	1.8846e-16	4.8096e-17
2.1194e+14	1.8351e-16	5.4448e-17
2.1205e+14	1.6732e-16	5.0676e-17
2.1216e+14	1.5405e-16	4.5013e-17
2.1227e+14	1.561e-16	5.0475e-17
2.1237e+14	1.7307e-16	5.3472e-17
2.1248e+14	1.8305e-16	4.8264e-17
2.1259e+14	1.6795e-16	5.0824e-17
2.127e+14	1.5085e-16	5.7543e-17
2.1281e+14	1.5459e-16	5.2734e-17
2.1291e+14	1.5914e-16	4.5872e-17
2.1302e+14	1.4938e-16	4.7935e-17
2.1313e+14	1.404e-16	4.8929e-17
2.1324e+14	1.3746e-16	4.664e-17
2.1335e+14	1.3196e-16	4.8017e-17
2.1345e+14	1.2003e-16	4.7428e-17
2.1356e+14	1.0424e-16	4.4867e-17
2.1367e+14	1.0883e-16	5.0775e-17
2.1378e+14	1.4859e-16	5.6079e-17
2.1388e+14	1.7038e-16	4.8092e-17
2.1399e+14	1.3022e-16	4.1578e-17
2.141e+14	8.8458e-17	4.6967e-17
2.1421e+14	1.0176e-16	4.9445e-17
2.1432e+14	1.3024e-16	4.6273e-17
2.1442e+14	1.498e-16	4.9472e-17
2.1453e+14	1.8469e-16	5.2929e-17
2.1464e+14	2.009e-16	4.7926e-17
2.1475e+14	1.6091e-16	4.4705e-17
2.1486e+14	1.2352e-16	4.7303e-17
2.1496e+14	1.304e-16	4.6705e-17
2.1507e+14	1.3545e-16	4.4163e-17
2.1518e+14	1.2879e-16	4.5104e-17
2.1529e+14	1.4816e-16	4.6442e-17
2.154e+14	1.7243e-16	4.7694e-17
2.155e+14	1.6358e-16	4.8961e-17
2.1561e+14	1.4126e-16	4.5123e-17
2.1572e+14	1.3458e-16	4.11e-17
2.1583e+14	1.5481e-16	4.5149e-17
2.1594e+14	1.9423e-16	4.7838e-17
2.1604e+14	1.9695e-16	4.296e-17
2.1615e+14	1.4117e-16	4.3357e-17
2.1626e+14	1.1328e-16	4.9302e-17
2.1637e+14	1.5026e-16	4.6958e-17
2.1647e+14	1.5919e-16	4.3189e-17
2.1658e+14	1.2029e-16	4.9607e-17
2.1669e+14	1.2437e-16	5.3519e-17
2.168e+14	1.5994e-16	4.7181e-17
2.1691e+14	1.4688e-16	4.3955e-17
2.1701e+14	1.2319e-16	4.6074e-17
2.1712e+14	1.4504e-16	4.5016e-17
2.1723e+14	1.5795e-16	4.5306e-17
2.1734e+14	1.322e-16	4.8914e-17
2.1745e+14	1.1863e-16	4.6698e-17
2.1755e+14	1.1959e-16	4.168e-17
2.1766e+14	1.0225e-16	4.1974e-17
2.1777e+14	9.2042e-17	4.1523e-17
2.1788e+14	1.182e-16	3.8574e-17
2.1799e+14	1.5941e-16	4.1013e-17
2.1809e+14	1.8451e-16	4.3711e-17
2.182e+14	1.7302e-16	4.0173e-17
2.1831e+14	1.377e-16	4.0561e-17
2.1842e+14	1.3271e-16	4.6894e-17
2.1853e+14	1.619e-16	4.6519e-17
2.1863e+14	1.6174e-16	4.1277e-17
2.1874e+14	1.3165e-16	4.1053e-17
2.1885e+14	1.3063e-16	4.1257e-17
2.1896e+14	1.5274e-16	3.878e-17
2.1906e+14	1.6241e-16	3.96e-17
2.1917e+14	1.6442e-16	4.0229e-17
2.1928e+14	1.4744e-16	3.6484e-17
2.1939e+14	1.0813e-16	3.6162e-17
2.195e+14	1.0987e-16	3.9141e-17
2.196e+14	1.6103e-16	3.7111e-17
2.1971e+14	1.7517e-16	3.5171e-17
2.1982e+14	1.4467e-16	3.832e-17
2.1993e+14	1.345e-16	3.7901e-17
2.2004e+14	1.3024e-16	3.4197e-17
2.2014e+14	1.1787e-16	3.581e-17
2.2025e+14	1.5261e-16	3.727e-17
2.2036e+14	2.0026e-16	3.3917e-17
2.2047e+14	1.74e-16	3.385e-17
2.2058e+14	1.3329e-16	3.5053e-17
2.2068e+14	1.5172e-16	3.106e-17
2.2079e+14	1.4893e-16	3.1911e-17
2.209e+14	9.7231e-17	3.9906e-17
2.2101e+14	9.9998e-17	3.9799e-17
2.2112e+14	1.4221e-16	3.4413e-17
2.2122e+14	1.1625e-16	3.7569e-17
2.2133e+14	6.7077e-17	4.007e-17
2.2144e+14	8.8798e-17	3.4308e-17
2.2155e+14	1.335e-16	3.4114e-17
2.2165e+14	1.4184e-16	3.8777e-17
2.2176e+14	1.4531e-16	3.498e-17
2.2187e+14	1.561e-16	3.2317e-17
2.2198e+14	1.5238e-16	3.8758e-17
2.2209e+14	1.4065e-16	3.8245e-17
2.2219e+14	1.293e-16	3.0987e-17
2.223e+14	1.2929e-16	3.4216e-17
2.2241e+14	1.6194e-16	3.8851e-17
2.2252e+14	1.9593e-16	3.2193e-17
2.2263e+14	1.8841e-16	3.0427e-17
2.2273e+14	1.7323e-16	3.8235e-17
2.2284e+14	1.712e-16	3.6883e-17
2.2295e+14	1.4373e-16	3.0478e-17
2.2306e+14	1.2087e-16	3.4679e-17
2.2317e+14	1.573e-16	3.819e-17
2.2327e+14	1.899e-16	3.2029e-17
2.2338e+14	1.6901e-16	3.0196e-17
2.2349e+14	1.637e-16	3.4178e-17
2.236e+14	1.7925e-16	3.3505e-17
2.2371e+14	1.4592e-16	3.3308e-17
2.2381e+14	1.119e-16	3.6087e-17
2.2392e+14	1.453e-16	3.2557e-17
2.2403e+14	1.7502e-16	2.8145e-17
2.2414e+14	1.5566e-16	3.1247e-17
2.2424e+14	1.4234e-16	3.1441e-17
2.2435e+14	1.3119e-16	2.7078e-17
2.2446e+14	1.0743e-16	3.0879e-17
2.2457e+14	1.3301e-16	3.6192e-17
2.2468e+14	1.7489e-16	3.1651e-17
2.2478e+14	1.2913e-16	2.9222e-17
2.2489e+14	7.3477e-17	3.381e-17
2.25e+14	1.2669e-16	3.1641e-17
2.2511e+14	1.8504e-16	2.649e-17
2.2522e+14	1.472e-16	3.0226e-17
2.2532e+14	1.1632e-16	3.2482e-17
2.2543e+14	1.4654e-16	2.7527e-17
2.2554e+14	1.4757e-16	2.8536e-17
2.2565e+14	1.0828e-16	3.2818e-17
2.2576e+14	9.3107e-17	2.8357e-17
2.2586e+14	1.0412e-16	2.5339e-17
2.2597e+14	1.3317e-16	3.1767e-17
2.2608e+14	1.7115e-16	3.4034e-17
2.2619e+14	1.6089e-16	2.9373e-17
2.2629e+14	1.1485e-16	2.9075e-17
2.264e+14	1.197e-16	3.04e-17
2.2651e+14	1.5111e-16	2.8118e-17
2.2662e+14	1.3748e-16	2.8927e-17
2.2673e+14	1.2659e-16	3.1991e-17
2.2683e+14	1.4671e-16	3.0609e-17
2.2694e+14	1.2978e-16	2.9259e-17
2.2705e+14	1.0198e-16	2.9885e-17
2.2716e+14	1.3661e-16	2.6756e-17
2.2727e+14	1.6052e-16	2.4482e-17
2.2737e+14	1.1512e-16	2.7955e-17
2.2748e+14	9.8351e-17	2.9017e-17
2.2759e+14	1.3816e-16	2.6856e-17
2.277e+14	1.4294e-16	2.8659e-17
2.2781e+14	1.2789e-16	2.8767e-17
2.2791e+14	1.5926e-16	2.4359e-17
2.2802e+14	1.8058e-16	2.6489e-17
2.2813e+14	1.4437e-16	3.1461e-17
2.2824e+14	1.1215e-16	2.6741e-17
2.2835e+14	1.1839e-16	2.3193e-17
2.2845e+14	1.455e-16	3.0483e-17
2.2856e+14	1.8276e-16	3.2264e-17
2.2867e+14	1.8485e-16	2.4584e-17
2.2878e+14	1.3087e-16	2.4869e-17
2.2888e+14	1.0427e-16	3.01e-17
2.2899e+14	1.3245e-16	2.6745e-17
2.291e+14	1.2495e-16	2.4167e-17
2.2921e+14	9.1564e-17	2.9157e-17
2.2932e+14	1.2865e-16	2.9492e-17
2.2942e+14	1.8301e-16	2.5771e-17
2.2953e+14	1.5387e-16	2.8231e-17
2.2964e+14	1.0876e-16	3.0022e-17
2.2975e+14	1.3008e-16	2.622e-17
2.2986e+14	1.5992e-16	2.6394e-17
2.2996e+14	1.5265e-16	2.8739e-17
2.3007e+14	1.4492e-16	2.5063e-17
2.3018e+14	1.4284e-16	2.2943e-17
2.3029e+14	1.2818e-16	2.6691e-17
2.304e+14	1.1777e-16	2.6944e-17
2.305e+14	1.2296e-16	2.4469e-17
2.3061e+14	1.3526e-16	2.5785e-17
2.3072e+14	1.4705e-16	2.5569e-17
2.3083e+14	1.3833e-16	2.2858e-17
2.3094e+14	1.0922e-16	2.4564e-17
2.3104e+14	9.9643e-17	2.5718e-17
2.3115e+14	1.1439e-16	2.1973e-17
2.3126e+14	1.263e-16	2.2536e-17
2.3137e+14	1.5149e-16	2.6094e-17
2.3147e+14	1.9298e-16	2.2794e-17
2.3158e+14	2.022e-16	2.0741e-17
2.3169e+14	1.8726e-16	2.6628e-17
2.318e+14	1.9062e-16	2.7e-17
2.3191e+14	1.7298e-16	2.0514e-17
2.3201e+14	1.1876e-16	2.1569e-17
2.3212e+14	1.1481e-16	2.5392e-17
2.3223e+14	1.6453e-16	2.1664e-17
2.3234e+14	1.6749e-16	2.0408e-17
2.3245e+14	1.3322e-16	2.5171e-17
2.3255e+14	1.3198e-16	2.4314e-17
2.3266e+14	1.2724e-16	2.1426e-17
2.3277e+14	9.8442e-17	2.4686e-17
2.3288e+14	1.0941e-16	2.4549e-17
2.3299e+14	1.336e-16	1.9476e-17
2.3309e+14	1.0241e-16	2.1578e-17
2.332e+14	8.7566e-17	2.5434e-17
2.3331e+14	1.4989e-16	2.1336e-17
2.3342e+14	1.9066e-16	1.9901e-17
2.3353e+14	1.5901e-16	2.4404e-17
2.3363e+14	1.3988e-16	2.2526e-17
2.3374e+14	1.5507e-16	1.9005e-17
2.3385e+14	1.4724e-16	2.3822e-17
2.3396e+14	1.2447e-16	2.5653e-17
2.3406e+14	1.235e-16	1.9889e-17
2.3417e+14	1.343e-16	2.0109e-17
2.3428e+14	1.4086e-16	2.3705e-17
2.3439e+14	1.3125e-16	1.9624e-17
2.345e+14	9.9857e-17	1.7447e-17
2.346e+14	8.5872e-17	2.2943e-17
2.3471e+14	1.1663e-16	2.3238e-17
2.3482e+14	1.5427e-16	1.9401e-17
2.3493e+14	1.7453e-16	2.3042e-17
2.3504e+14	1.8125e-16	2.6279e-17
2.3514e+14	1.4936e-16	2.1011e-17
2.3525e+14	1.0008e-16	1.8243e-17
2.3536e+14	1.1846e-16	2.1428e-17
2.3547e+14	1.8821e-16	2.1337e-17
2.3558e+14	2.0544e-16	1.9126e-17
2.3568e+14	1.699e-16	1.9188e-17
2.3579e+14	1.483e-16	1.8251e-17
2.359e+14	1.4556e-16	1.8042e-17
2.3601e+14	1.5808e-16	2.0911e-17
2.3612e+14	1.7906e-16	2.0395e-17
2.3622e+14	1.5073e-16	1.7572e-17
2.3633e+14	9.9285e-17	2.0094e-17
2.3644e+14	1.4045e-16	2.2114e-17
2.3655e+14	2.2555e-16	1.8304e-17
2.3665e+14	2.0179e-16	1.8187e-17
2.3676e+14	1.2357e-16	2.2315e-17
2.3687e+14	1.2749e-16	2.0735e-17
2.3698e+14	1.5457e-16	1.8468e-17
2.3709e+14	1.2707e-16	2.2107e-17
2.3719e+14	1.1734e-16	2.2165e-17
2.373e+14	1.4339e-16	1.7698e-17
2.3741e+14	1.3362e-16	1.9227e-17
2.3752e+14	1.1461e-16	2.1534e-17
2.3763e+14	1.3572e-16	1.7386e-17
2.3773e+14	1.4533e-16	1.7333e-17
2.3784e+14	1.2334e-16	2.3009e-17
2.3795e+14	1.1726e-16	2.1526e-17
2.3806e+14	1.2002e-16	1.6492e-17
2.3817e+14	1.1335e-16	1.8371e-17
2.3827e+14	1.2222e-16	2.0083e-17
2.3838e+14	1.3064e-16	1.7528e-17
2.3849e+14	1.1965e-16	1.8667e-17
2.386e+14	1.3422e-16	2.0096e-17
2.3871e+14	1.6432e-16	1.6048e-17
2.3881e+14	1.468e-16	1.5821e-17
2.3892e+14	1.2158e-16	2.083e-17
2.3903e+14	1.3992e-16	1.9715e-17
2.3914e+14	1.3699e-16	1.5923e-17
2.3924e+14	1.0276e-16	1.8434e-17
2.3935e+14	1.1995e-16	2.0328e-17
2.3946e+14	1.5159e-16	1.8376e-17
2.3957e+14	1.1719e-16	2.0232e-17
2.3968e+14	8.9969e-17	2.2279e-17
2.3978e+14	1.2443e-16	1.8669e-17
2.3989e+14	1.332e-16	1.7268e-17
2.4e+14	1.0575e-16	1.9541e-17
2.4011e+14	1.2233e-16	1.7863e-17
2.4022e+14	1.5145e-16	1.7149e-17
2.4032e+14	1.391e-16	2.1731e-17
2.4043e+14	1.3821e-16	2.1653e-17
2.4054e+14	1.593e-16	1.7339e-17
2.4065e+14	1.4544e-16	1.9143e-17
2.4076e+14	1.2208e-16	2.0883e-17
2.4086e+14	1.3013e-16	1.5983e-17
2.4097e+14	1.3549e-16	1.5323e-17
2.4108e+14	1.3824e-16	1.9861e-17
2.4119e+14	1.6261e-16	1.8249e-17
2.4129e+14	1.6496e-16	1.5697e-17
2.414e+14	1.3995e-16	1.9409e-17
2.4151e+14	1.4454e-16	1.907e-17
2.4162e+14	1.5132e-16	1.3897e-17
2.4173e+14	1.2783e-16	1.5582e-17
2.4183e+14	1.4645e-16	1.8442e-17
2.4194e+14	1.9657e-16	1.44e-17
2.4205e+14	1.7381e-16	1.4361e-17
2.4216e+14	1.3476e-16	1.9752e-17
2.4227e+14	1.7532e-16	1.7432e-17
2.4237e+14	1.8629e-16	1.2406e-17
2.4248e+14	1.0968e-16	1.5435e-17
2.4259e+14	9.9586e-17	1.7473e-17
2.427e+14	1.7037e-16	1.4382e-17
2.4281e+14	1.6281e-16	1.6207e-17
2.4291e+14	1.1393e-16	1.9128e-17
2.4302e+14	1.515e-16	1.5149e-17
2.4313e+14	1.8807e-16	1.3601e-17
2.4324e+14	1.3973e-16	1.7604e-17
2.4335e+14	1.129e-16	1.6777e-17
2.4345e+14	1.3671e-16	1.411e-17
2.4356e+14	1.2043e-16	1.6458e-17
2.4367e+14	9.6624e-17	1.5976e-17
2.4378e+14	1.3001e-16	1.269e-17
2.4388e+14	1.4956e-16	1.6325e-17
2.4399e+14	1.2415e-16	1.949e-17
2.441e+14	1.332e-16	1.4511e-17
2.4421e+14	1.7092e-16	1.3624e-17
2.4432e+14	1.6393e-16	1.8521e-17
2.4442e+14	1.3472e-16	1.5728e-17
2.4453e+14	1.3394e-16	1.1005e-17
2.4464e+14	1.379e-16	1.539e-17
2.4475e+14	1.2098e-16	1.7969e-17
2.4486e+14	1.0247e-16	1.4047e-17
2.4496e+14	1.0508e-16	1.5893e-17
2.4507e+14	1.2954e-16	1.9604e-17
2.4518e+14	1.4515e-16	1.4644e-17
2.4529e+14	1.2955e-16	1.1686e-17
2.454e+14	1.2038e-16	1.6652e-17
2.455e+14	1.4204e-16	1.65e-17
2.4561e+14	1.5169e-16	1.1823e-17
2.4572e+14	1.4854e-16	1.3784e-17
2.4583e+14	1.7842e-16	1.629e-17
2.4594e+14	1.9789e-16	1.3608e-17
2.4604e+14	1.4948e-16	1.4335e-17
2.4615e+14	1.0395e-16	1.7208e-17
2.4626e+14	1.1813e-16	1.4522e-17
2.4637e+14	1.2773e-16	1.2957e-17
2.4647e+14	1.1659e-16	1.5916e-17
2.4658e+14	1.3784e-16	1.4526e-17
2.4669e+14	1.5097e-16	1.1399e-17
2.468e+14	1.0919e-16	1.4363e-17
2.4691e+14	9.8389e-17	1.6353e-17
2.4701e+14	1.6283e-16	1.3789e-17
2.4712e+14	1.965e-16	1.4782e-17
2.4723e+14	1.5023e-16	1.6656e-17
2.4734e+14	1.1301e-16	1.3331e-17
2.4745e+14	1.3336e-16	1.276e-17
2.4755e+14	1.5982e-16	1.6674e-17
2.4766e+14	1.5645e-16	1.5116e-17
2.4777e+14	1.4957e-16	1.1554e-17
2.4788e+14	1.6456e-16	1.4186e-17
2.4799e+14	1.7197e-16	1.5762e-17
2.4809e+14	1.3975e-16	1.2943e-17
2.482e+14	1.1787e-16	1.3755e-17
2.4831e+14	1.5669e-16	1.5454e-17
2.4842e+14	1.8756e-16	1.2516e-17
2.4853e+14	1.5288e-16	1.2362e-17
2.4863e+14	1.3025e-16	1.5476e-17
2.4874e+14	1.577e-16	1.3144e-17
2.4885e+14	1.5961e-16	1.0964e-17
2.4896e+14	1.4509e-16	1.5314e-17
2.4906e+14	1.7934e-16	1.5719e-17
2.4917e+14	1.9286e-16	1.0515e-17
2.4928e+14	1.3553e-16	1.1677e-17
2.4939e+14	1.2506e-16	1.5509e-17
2.495e+14	1.8819e-16	1.2645e-17
2.496e+14	1.8514e-16	1.1038e-17
2.4971e+14	1.1672e-16	1.479e-17
2.4982e+14	1.1449e-16	1.4703e-17
2.4993e+14	1.5831e-16	1.2338e-17
2.5004e+14	1.5763e-16	1.4042e-17
2.5014e+14	1.4148e-16	1.3928e-17
2.5025e+14	1.4296e-16	1.1388e-17
2.5036e+14	1.4088e-16	1.3703e-17
2.5047e+14	1.6039e-16	1.5146e-17
2.5058e+14	1.9841e-16	1.0635e-17
2.5068e+14	1.7846e-16	1.0542e-17
2.5079e+14	1.2106e-16	1.5375e-17
2.509e+14	1.217e-16	1.4119e-17
2.5101e+14	1.5687e-16	1.1704e-17
2.5112e+14	1.5901e-16	1.5219e-17
2.5122e+14	1.5075e-16	1.4969e-17
2.5133e+14	1.418e-16	1.039e-17
2.5144e+14	1.097e-16	1.3089e-17
2.5155e+14	1.0133e-16	1.6982e-17
2.5165e+14	1.3525e-16	1.2488e-17
2.5176e+14	1.359e-16	1.0144e-17
2.5187e+14	1.05e-16	1.4112e-17
2.5198e+14	1.2259e-16	1.3091e-17
2.5209e+14	1.6109e-16	9.9475e-18
2.5219e+14	1.506e-16	1.3324e-17
2.523e+14	1.239e-16	1.4894e-17
2.5241e+14	1.2021e-16	1.1308e-17
2.5252e+14	1.2739e-16	1.2479e-17
2.5263e+14	1.5964e-16	1.5228e-17
2.5273e+14	2.0113e-16	1.2076e-17
2.5284e+14	1.7577e-16	1.1459e-17
2.5295e+14	1.0294e-16	1.5406e-17
2.5306e+14	8.5171e-17	1.3312e-17
2.5317e+14	1.1898e-16	9.2694e-18
2.5327e+14	1.3449e-16	1.2192e-17
2.5338e+14	1.3571e-16	1.3993e-17
2.5349e+14	1.4092e-16	1.1317e-17
2.536e+14	1.328e-16	1.298e-17
2.5371e+14	1.2374e-16	1.4839e-17
2.5381e+14	1.2981e-16	1.0268e-17
2.5392e+14	1.3141e-16	9.3153e-18
2.5403e+14	1.3066e-16	1.4019e-17
2.5414e+14	1.3777e-16	1.2491e-17
2.5424e+14	1.3039e-16	8.6009e-18
2.5435e+14	1.1653e-16	1.1924e-17
2.5446e+14	1.2077e-16	1.3834e-17
2.5457e+14	1.1132e-16	1.0184e-17
2.5468e+14	9.0488e-17	1.1169e-17
2.5478e+14	1.2297e-16	1.4306e-17
2.5489e+14	1.6895e-16	1.1645e-17
2.55e+14	1.3691e-16	1.1008e-17
2.5511e+14	9.3473e-17	1.4912e-17
2.5522e+14	1.267e-16	1.3005e-17
2.5532e+14	1.5569e-16	8.9609e-18
2.5543e+14	1.241e-16	1.1892e-17
2.5554e+14	1.0655e-16	1.387e-17
2.5565e+14	1.0892e-16	1.0768e-17
2.5576e+14	8.7524e-17	1.1577e-17
2.5586e+14	1.0014e-16	1.3521e-17
2.5597e+14	1.6102e-16	9.7218e-18
2.5608e+14	1.7357e-16	8.8709e-18
2.5619e+14	1.4365e-16	1.3561e-17
2.5629e+14	1.4778e-16	1.2884e-17
2.564e+14	1.4591e-16	9.346e-18
2.5651e+14	1.1318e-16	1.138e-17
2.5662e+14	1.2344e-16	1.206e-17
2.5673e+14	1.4749e-16	8.9094e-18
2.5683e+14	1.0723e-16	1.1062e-17
2.5694e+14	8.2075e-17	1.413e-17
2.5705e+14	1.2791e-16	9.9e-18
2.5716e+14	1.3945e-16	7.7766e-18
2.5727e+14	1.0629e-16	1.2094e-17
2.5737e+14	1.2504e-16	1.2158e-17
2.5748e+14	1.4428e-16	9.2947e-18
2.5759e+14	9.8518e-17	1.1758e-17
2.577e+14	9.172e-17	1.3074e-17
2.5781e+14	1.4851e-16	9.7658e-18
2.5791e+14	1.4959e-16	1.0342e-17
2.5802e+14	1.1901e-16	1.2609e-17
2.5813e+14	1.4936e-16	9.8813e-18
2.5824e+14	1.6332e-16	9.0568e-18
2.5835e+14	1.1566e-16	1.2386e-17
2.5845e+14	1.2015e-16	1.1501e-17
2.5856e+14	1.6854e-16	9.6364e-18
2.5867e+14	1.3772e-16	1.2674e-17
2.5878e+14	8.2236e-17	1.2542e-17
2.5888e+14	1.1369e-16	8.2912e-18
2.5899e+14	1.5998e-16	1.0024e-17
2.591e+14	1.417e-16	1.3525e-17
2.5921e+14	1.1641e-16	1.0843e-17
2.5932e+14	1.165e-16	9.8665e-18
2.5942e+14	1.1869e-16	1.2845e-17
2.5953e+14	1.4079e-16	1.0876e-17
2.5964e+14	1.7448e-16	8.5858e-18
2.5975e+14	1.6842e-16	1.2696e-17
2.5986e+14	1.4327e-16	1.3264e-17
2.5996e+14	1.446e-16	8.3535e-18
2.6007e+14	1.4264e-16	9.6102e-18
2.6018e+14	1.1909e-16	1.3157e-17
2.6029e+14	1.1331e-16	9.9106e-18
2.604e+14	1.2432e-16	8.6446e-18
2.605e+14	1.1968e-16	1.2872e-17
2.6061e+14	1.1491e-16	1.1978e-17
2.6072e+14	1.3104e-16	9.0882e-18
2.6083e+14	1.4528e-16	1.2585e-17
2.6094e+14	1.3473e-16	1.3498e-17
2.6104e+14	1.1305e-16	8.512e-18
2.6115e+14	1.202e-16	9.4458e-18
2.6126e+14	1.6713e-16	1.37e-17
2.6137e+14	1.9007e-16	1.0831e-17
2.6147e+14	1.4966e-16	8.3041e-18
2.6158e+14	1.2499e-16	1.166e-17
2.6169e+14	1.6264e-16	1.13e-17
2.618e+14	1.7449e-16	8.2854e-18
2.6191e+14	1.3262e-16	1.1222e-17
2.6201e+14	1.2626e-16	1.3502e-17
2.6212e+14	1.4646e-16	1.007e-17
2.6223e+14	1.1881e-16	9.5434e-18
2.6234e+14	1.0604e-16	1.178e-17
2.6245e+14	1.6734e-16	1.0078e-17
2.6255e+14	1.9833e-16	9.521e-18
2.6266e+14	1.5724e-16	1.2232e-17
2.6277e+14	1.5567e-16	1.0679e-17
2.6288e+14	1.9561e-16	8.236e-18
2.6299e+14	1.6753e-16	1.1446e-17
2.6309e+14	1.0692e-16	1.2759e-17
2.632e+14	1.1858e-16	9.6825e-18
2.6331e+14	1.5742e-16	1.0819e-17
2.6342e+14	1.4045e-16	1.2693e-17
2.6353e+14	1.0677e-16	8.7521e-18
2.6363e+14	1.1343e-16	7.8672e-18
2.6374e+14	1.3701e-16	1.2474e-17
2.6385e+14	1.4078e-16	1.1518e-17
2.6396e+14	1.307e-16	7.703e-18
2.6406e+14	1.3297e-16	1.0385e-17
2.6417e+14	1.5135e-16	1.2445e-17
2.6428e+14	1.5903e-16	9.0075e-18
2.6439e+14	1.5391e-16	8.8289e-18
2.645e+14	1.6659e-16	1.1165e-17
2.646e+14	1.7822e-16	9.2924e-18
2.6471e+14	1.4409e-16	8.868e-18
2.6482e+14	1.0544e-16	1.1726e-17
2.6493e+14	1.2449e-16	9.8217e-18
2.6504e+14	1.5894e-16	7.317e-18
2.6514e+14	1.504e-16	1.1395e-17
2.6525e+14	1.2947e-16	1.2985e-17
2.6536e+14	1.3241e-16	8.499e-18
2.6547e+14	1.4798e-16	8.9652e-18
2.6558e+14	1.684e-16	1.3079e-17
2.6568e+14	1.781e-16	1.1342e-17
2.6579e+14	1.4881e-16	9.0296e-18
2.659e+14	1.0392e-16	1.0965e-17
2.6601e+14	9.126e-17	1.024e-17
2.6612e+14	1.1065e-16	8.1726e-18
2.6622e+14	1.4498e-16	1.075e-17
2.6633e+14	1.7702e-16	1.1951e-17
2.6644e+14	1.6659e-16	9.254e-18
2.6655e+14	1.2114e-16	1.005e-17
2.6665e+14	1.0741e-16	1.1616e-17
2.6676e+14	1.2297e-16	8.3564e-18
2.6687e+14	1.1654e-16	7.7636e-18
2.6698e+14	1.1567e-16	1.1586e-17
2.6709e+14	1.4501e-16	1.0579e-17
2.6719e+14	1.4545e-16	7.8199e-18
2.673e+14	1.1641e-16	1.0503e-17
2.6741e+14	1.2212e-16	1.1132e-17
2.6752e+14	1.3138e-16	7.1696e-18
2.6763e+14	1.0374e-16	8.3933e-18
2.6773e+14	1.1248e-16	1.2233e-17
2.6784e+14	1.6851e-16	1.0116e-17
2.6795e+14	1.7e-16	8.4254e-18
2.6806e+14	1.2665e-16	1.1252e-17
2.6817e+14	1.249e-16	1.0583e-17
2.6827e+14	1.3044e-16	7.8416e-18
2.6838e+14	1.0888e-16	9.6868e-18
2.6849e+14	1.2762e-16	1.053e-17
2.686e+14	1.6544e-16	8.0688e-18
2.6871e+14	1.3428e-16	9.5937e-18
2.6881e+14	9.448e-17	1.1788e-17
2.6892e+14	1.2142e-16	8.4919e-18
2.6903e+14	1.301e-16	7.4513e-18
2.6914e+14	8.7343e-17	1.1225e-17
2.6924e+14	9.7453e-17	1.0635e-17
2.6935e+14	1.5561e-16	8.006e-18
2.6946e+14	1.6019e-16	1.0544e-17
2.6957e+14	1.3562e-16	1.1556e-17
2.6968e+14	1.4627e-16	8.0937e-18
2.6978e+14	1.5312e-16	8.6144e-18
2.6989e+14	1.4004e-16	1.1012e-17
2.7e+14	1.5543e-16	8.6266e-18
2.7011e+14	1.8148e-16	8.0119e-18
2.7022e+14	1.7095e-16	1.1575e-17
2.7032e+14	1.4278e-16	1.0718e-17
2.7043e+14	1.1722e-16	7.8696e-18
2.7054e+14	9.3139e-17	1.0023e-17
2.7065e+14	1.0117e-16	1.0681e-17
2.7076e+14	1.4017e-16	7.2573e-18
2.7086e+14	1.461e-16	8.2531e-18
2.7097e+14	1.105e-16	1.131e-17
2.7108e+14	9.3662e-17	9.2348e-18
2.7119e+14	1.0979e-16	8.0949e-18
2.7129e+14	1.2918e-16	1.0701e-17
2.714e+14	1.4288e-16	9.4687e-18
2.7151e+14	1.4848e-16	6.929e-18
2.7162e+14	1.4547e-16	9.2717e-18
2.7173e+14	1.4702e-16	9.934e-18
2.7183e+14	1.4496e-16	6.9591e-18
2.7194e+14	1.2325e-16	8.4734e-18
2.7205e+14	1.0841e-16	1.115e-17
2.7216e+14	1.223e-16	8.3789e-18
2.7227e+14	1.3441e-16	7.7398e-18
2.7237e+14	1.2476e-16	1.1649e-17
2.7248e+14	1.1382e-16	1.0634e-17
2.7259e+14	1.1231e-16	7.2486e-18
2.727e+14	1.1375e-16	9.5595e-18
2.7281e+14	1.1309e-16	1.1126e-17
2.7291e+14	1.0602e-16	8.2725e-18
2.7302e+14	1.0537e-16	9.0881e-18
2.7313e+14	1.2095e-16	1.1648e-17
2.7324e+14	1.2073e-16	8.8844e-18
2.7335e+14	9.827e-17	7.1575e-18
2.7345e+14	1.1159e-16	1.0041e-17
2.7356e+14	1.6012e-16	9.4977e-18
2.7367e+14	1.7041e-16	6.7769e-18
2.7378e+14	1.5213e-16	8.6973e-18
2.7388e+14	1.6364e-16	1.0075e-17
2.7399e+14	1.6681e-16	7.7847e-18
2.741e+14	1.285e-16	8.4867e-18
2.7421e+14	1.1879e-16	1.0475e-17
2.7432e+14	1.5182e-16	8.4249e-18
2.7442e+14	1.5345e-16	7.9499e-18
2.7453e+14	1.3578e-16	1.0656e-17
2.7464e+14	1.5916e-16	9.2997e-18
2.7475e+14	1.9058e-16	6.7049e-18
2.7486e+14	1.8913e-16	8.7704e-18
2.7496e+14	1.7546e-16	9.4241e-18
2.7507e+14	1.4767e-16	6.7884e-18
2.7518e+14	1.105e-16	7.9892e-18
2.7529e+14	1.1591e-16	1.0111e-17
2.754e+14	1.4717e-16	7.8623e-18
2.755e+14	1.4465e-16	7.8068e-18
2.7561e+14	1.4611e-16	1.0871e-17
2.7572e+14	1.7616e-16	9.0852e-18
2.7583e+14	1.5554e-16	6.5454e-18
2.7594e+14	1.0149e-16	9.7689e-18
2.7604e+14	1.2717e-16	1.0974e-17
2.7615e+14	1.8424e-16	7.5511e-18
2.7626e+14	1.6e-16	8.2509e-18
2.7637e+14	1.2368e-16	1.0748e-17
2.7647e+14	1.5156e-16	8.3227e-18
2.7658e+14	1.6058e-16	7.2868e-18
2.7669e+14	1.2656e-16	1.0076e-17
2.768e+14	1.358e-16	9.06e-18
2.7691e+14	1.7028e-16	6.9879e-18
2.7701e+14	1.552e-16	9.6951e-18
2.7712e+14	1.1702e-16	1.0082e-17
2.7723e+14	9.4307e-17	6.3026e-18
2.7734e+14	8.7684e-17	7.242e-18
2.7745e+14	1.2531e-16	1.0128e-17
2.7755e+14	1.7816e-16	7.6795e-18
2.7766e+14	1.5624e-16	6.428e-18
2.7777e+14	1.0298e-16	9.5361e-18
2.7788e+14	1.2804e-16	9.041e-18
2.7799e+14	1.7585e-16	6.705e-18
2.7809e+14	1.5647e-16	8.8996e-18
2.782e+14	1.341e-16	9.9211e-18
2.7831e+14	1.5719e-16	7.3482e-18
2.7842e+14	1.6469e-16	8.2863e-18
2.7853e+14	1.5285e-16	1.0276e-17
2.7863e+14	1.6159e-16	7.8481e-18
2.7874e+14	1.5594e-16	7.5097e-18
2.7885e+14	1.2173e-16	1.0793e-17
2.7896e+14	1.1187e-16	9.422e-18
2.7906e+14	1.2556e-16	6.3596e-18
2.7917e+14	1.3054e-16	8.5161e-18
2.7928e+14	1.3928e-16	9.5314e-18
2.7939e+14	1.4295e-16	6.6018e-18
2.795e+14	1.2554e-16	7.5403e-18
2.796e+14	1.3055e-16	1.0431e-17
2.7971e+14	1.5328e-16	8.6858e-18
2.7982e+14	1.2829e-16	7.4421e-18
2.7993e+14	9.9843e-17	9.3788e-18
2.8004e+14	1.3879e-16	8.473e-18
2.8014e+14	1.6262e-16	6.9466e-18
2.8025e+14	1.2056e-16	9.181e-18
2.8036e+14	1.1952e-16	9.3238e-18
2.8047e+14	1.6559e-16	6.788e-18
2.8058e+14	1.4476e-16	8.3612e-18
2.8068e+14	1.0419e-16	9.9716e-18
2.8079e+14	1.4528e-16	6.782e-18
2.809e+14	1.7515e-16	6.5093e-18
2.8101e+14	1.1736e-16	1.0051e-17
2.8112e+14	8.4178e-17	8.7873e-18
2.8122e+14	1.2291e-16	6.4059e-18
2.8133e+14	1.436e-16	9.2417e-18
2.8144e+14	1.3967e-16	1.0027e-17
2.8155e+14	1.5659e-16	6.9541e-18
2.8165e+14	1.5891e-16	8.2747e-18
2.8176e+14	1.3976e-16	1.048e-17
2.8187e+14	1.5147e-16	7.1799e-18
2.8198e+14	1.7182e-16	5.9703e-18
2.8209e+14	1.5937e-16	9.3479e-18
2.8219e+14	1.5118e-16	8.7049e-18
2.823e+14	1.5663e-16	6.3289e-18
2.8241e+14	1.3645e-16	8.4953e-18
2.8252e+14	1.2172e-16	8.9702e-18
2.8263e+14	1.55e-16	6.1556e-18
2.8273e+14	1.8729e-16	7.8012e-18
2.8284e+14	1.7463e-16	1.0168e-17
2.8295e+14	1.4153e-16	6.9587e-18
2.8306e+14	1.1134e-16	5.9032e-18
2.8317e+14	1.0523e-16	9.4316e-18
2.8327e+14	1.4241e-16	8.6488e-18
2.8338e+14	1.749e-16	5.9448e-18
2.8349e+14	1.5724e-16	8.2272e-18
2.836e+14	1.4298e-16	9.386e-18
2.8371e+14	1.6552e-16	7.0775e-18
2.8381e+14	1.6339e-16	8.5416e-18
2.8392e+14	1.2991e-16	1.0372e-17
2.8403e+14	1.3395e-16	6.8636e-18
2.8414e+14	1.6048e-16	6.003e-18
2.8424e+14	1.4273e-16	9.876e-18
2.8435e+14	1.0668e-16	8.995e-18
2.8446e+14	1.106e-16	5.9822e-18
2.8457e+14	1.356e-16	8.5843e-18
2.8468e+14	1.436e-16	1.0258e-17
2.8478e+14	1.4188e-16	7.2371e-18
2.8489e+14	1.4411e-16	7.202e-18
2.85e+14	1.4103e-16	8.905e-18
2.8511e+14	1.2335e-16	6.7992e-18
2.8522e+14	1.0648e-16	6.5833e-18
2.8532e+14	1.159e-16	9.5632e-18
2.8543e+14	1.397e-16	8.1602e-18
2.8554e+14	1.4157e-16	6.0208e-18
2.8565e+14	1.3244e-16	9.2401e-18
2.8576e+14	1.4615e-16	9.9388e-18
2.8586e+14	1.6102e-16	5.7777e-18
2.8597e+14	1.4516e-16	6.311e-18
2.8608e+14	1.2022e-16	9.3914e-18
2.8619e+14	1.0606e-16	7.2609e-18
2.8629e+14	9.9055e-17	5.8709e-18
2.864e+14	1.1424e-16	8.6402e-18
2.8651e+14	1.4456e-16	8.1519e-18
2.8662e+14	1.4943e-16	6.413e-18
2.8673e+14	1.4465e-16	9.4537e-18
2.8683e+14	1.6413e-16	1.056e-17
2.8694e+14	1.6186e-16	6.9498e-18
2.8705e+14	1.2143e-16	7.093e-18
2.8716e+14	1.2639e-16	9.5625e-18
2.8727e+14	1.8005e-16	7.6171e-18
2.8737e+14	1.8125e-16	6.47e-18
2.8748e+14	1.3791e-16	8.7801e-18
2.8759e+14	1.3925e-16	7.7572e-18
2.877e+14	1.6708e-16	5.6639e-18
2.8781e+14	1.677e-16	7.9799e-18
2.8791e+14	1.6149e-16	8.5962e-18
2.8802e+14	1.4777e-16	5.9434e-18
2.8813e+14	1.0557e-16	7.6697e-18
2.8824e+14	8.6918e-17	1.034e-17
2.8835e+14	1.1692e-16	7.3452e-18
2.8845e+14	1.2947e-16	5.8649e-18
2.8856e+14	1.152e-16	8.9942e-18
2.8867e+14	1.2661e-16	8.4968e-18
2.8878e+14	1.4159e-16	6.0987e-18
2.8888e+14	1.2965e-16	8.2103e-18
2.8899e+14	1.3184e-16	8.9533e-18
2.891e+14	1.4357e-16	5.9797e-18
2.8921e+14	1.1859e-16	7.0352e-18
2.8932e+14	9.9869e-17	9.7057e-18
2.8942e+14	1.3521e-16	7.4939e-18
2.8953e+14	1.6998e-16	6.5884e-18
2.8964e+14	1.6954e-16	9.4805e-18
2.8975e+14	1.657e-16	8.271e-18
2.8986e+14	1.5149e-16	5.3907e-18
2.8996e+14	1.1936e-16	7.6828e-18
2.9007e+14	1.1619e-16	8.988e-18
2.9018e+14	1.3916e-16	6.2943e-18
2.9029e+14	1.4052e-16	7.1962e-18
2.904e+14	1.3602e-16	9.5479e-18
2.905e+14	1.387e-16	6.9397e-18
2.9061e+14	1.1285e-16	5.8801e-18
2.9072e+14	9.3733e-17	9.36e-18
2.9083e+14	1.3672e-16	8.9245e-18
2.9094e+14	1.7032e-16	5.9676e-18
2.9104e+14	1.3583e-16	7.781e-18
2.9115e+14	1.1738e-16	9.217e-18
2.9126e+14	1.5292e-16	6.7415e-18
2.9137e+14	1.6483e-16	7.2593e-18
2.9147e+14	1.4912e-16	9.407e-18
2.9158e+14	1.6455e-16	7.0546e-18
2.9169e+14	1.8519e-16	5.6537e-18
2.918e+14	1.7272e-16	8.3666e-18
2.9191e+14	1.5652e-16	8.0896e-18
2.9201e+14	1.5217e-16	5.8523e-18
2.9212e+14	1.5647e-16	7.6292e-18
2.9223e+14	1.7461e-16	8.7084e-18
2.9234e+14	1.5996e-16	6.4859e-18
2.9245e+14	8.8232e-17	7.3402e-18
2.9255e+14	6.3253e-17	9.475e-18
2.9266e+14	1.3582e-16	7.2724e-18
2.9277e+14	1.79e-16	6.0526e-18
2.9288e+14	1.3158e-16	8.5517e-18
2.9299e+14	1.0357e-16	8.278e-18
2.9309e+14	1.3623e-16	6.4775e-18
2.932e+14	1.5073e-16	8.1204e-18
2.9331e+14	1.3294e-16	8.5009e-18
2.9342e+14	1.2709e-16	6.182e-18
2.9353e+14	1.3458e-16	7.2497e-18
2.9363e+14	1.4711e-16	8.8611e-18
2.9374e+14	1.5801e-16	6.3044e-18
2.9385e+14	1.4479e-16	6.0412e-18
2.9396e+14	1.3008e-16	9.3697e-18
2.9406e+14	1.5291e-16	8.3653e-18
2.9417e+14	1.7421e-16	5.8841e-18
2.9428e+14	1.5517e-16	8.4628e-18
2.9439e+14	1.3671e-16	9.6641e-18
2.945e+14	1.3683e-16	6.3247e-18
2.946e+14	1.2893e-16	6.266e-18
2.9471e+14	1.2819e-16	8.5247e-18
2.9482e+14	1.3953e-16	6.8076e-18
2.9493e+14	1.2985e-16	5.7488e-18
2.9504e+14	1.3241e-16	8.1531e-18
2.9514e+14	1.8111e-16	7.7853e-18
2.9525e+14	1.9689e-16	5.9752e-18
2.9536e+14	1.5358e-16	7.7129e-18
2.9547e+14	1.507e-16	8.138e-18
2.9558e+14	1.8317e-16	5.552e-18
2.9568e+14	1.595e-16	6.2941e-18
2.9579e+14	1.364e-16	8.1092e-18
2.959e+14	1.7624e-16	6.0306e-18
2.9601e+14	1.6781e-16	5.7251e-18
2.9612e+14	9.136e-17	8.7343e-18
2.9622e+14	1.017e-16	7.8612e-18
2.9633e+14	1.8352e-16	5.5454e-18
2.9644e+14	1.7508e-16	7.851e-18
2.9655e+14	1.1769e-16	9.1541e-18
2.9665e+14	1.39e-16	6.5341e-18
2.9676e+14	1.772e-16	6.6134e-18
2.9687e+14	1.5933e-16	8.3685e-18
2.9698e+14	1.5268e-16	6.8807e-18
2.9709e+14	1.6949e-16	6.5856e-18
2.9719e+14	1.4858e-16	8.8223e-18
2.973e+14	1.2128e-16	7.65e-18
2.9741e+14	1.3113e-16	5.725e-18
2.9752e+14	1.3557e-16	7.8685e-18
2.9763e+14	1.239e-16	8.4284e-18
2.9773e+14	1.2366e-16	5.8374e-18
2.9784e+14	1.0512e-16	6.6753e-18
2.9795e+14	6.9144e-17	8.6046e-18
2.9806e+14	8.7784e-17	6.7103e-18
2.9817e+14	1.4791e-16	6.3472e-18
2.9827e+14	1.622e-16	8.7048e-18
2.9838e+14	1.3727e-16	7.3837e-18
2.9849e+14	1.3002e-16	5.4262e-18
2.986e+14	1.2909e-16	7.7808e-18
2.9871e+14	1.1745e-16	8.3765e-18
2.9881e+14	1.1586e-16	5.8543e-18
2.9892e+14	1.23e-16	6.9663e-18
2.9903e+14	1.3349e-16	8.5468e-18
2.9914e+14	1.5782e-16	5.6403e-18
2.9924e+14	1.6187e-16	5.1433e-18
2.9935e+14	1.1335e-16	8.5857e-18
2.9946e+14	7.4481e-17	7.9004e-18
2.9957e+14	1.0188e-16	5.5805e-18
2.9968e+14	1.389e-16	7.7363e-18
2.9978e+14	1.3372e-16	8.3496e-18
2.9989e+14	1.3111e-16	5.2875e-18
3e+14	1.5984e-16	6.1653e-18
