#Error on normalization	O = 1.190 %	H = 2.166 %
#Frequence (s-1)	S_O (s)	S_H (s)
0	-1.8783e-16	2.6422e-16
1.1219e+11	3.403e-16	4.2189e-16
2.2438e+11	4.3358e-16	4.7096e-16
3.3657e+11	-4.1332e-16	2.5313e-16
4.4877e+11	-1.5718e-16	3.1984e-16
5.6096e+11	6.0582e-16	5.3227e-16
6.7315e+11	-1.5267e-17	4.1738e-16
7.8534e+11	-4.1135e-16	3.451e-16
8.9753e+11	5.0914e-16	5.1751e-16
1.0097e+12	4.7874e-16	4.5628e-16
1.1219e+12	-4.0828e-16	3.0624e-16
1.2341e+12	1.4342e-16	4.9149e-16
1.3463e+12	7.8733e-16	5.9033e-16
1.4585e+12	-4.4015e-17	4.1153e-16
1.5707e+12	-1.2134e-17	5.0809e-16
1.6829e+12	1.0971e-15	7.4243e-16
1.7951e+12	5.3945e-16	6.0967e-16
1.9073e+12	-2.7454e-16	5.3445e-16
2.0194e+12	9.3834e-16	7.7375e-16
2.1316e+12	1.2944e-15	7.1649e-16
2.2438e+12	-9.6978e-17	4.4434e-16
2.356e+12	5.5186e-16	5.9927e-16
2.4682e+12	2.0662e-15	8.3045e-16
2.5804e+12	7.3272e-16	7.0043e-16
2.6926e+12	1.9054e-17	7.3113e-16
2.8048e+12	2.4025e-15	1.002e-15
2.917e+12	2.5342e-15	9.2831e-16
3.0292e+12	2.8865e-16	7.5438e-16
3.1414e+12	1.8339e-15	9.4978e-16
3.2536e+12	4.1782e-15	1.0696e-15
3.3657e+12	2.0381e-15	9.3057e-16
3.4779e+12	1.8557e-15	1.0485e-15
3.5901e+12	5.9338e-15	1.2525e-15
3.7023e+12	4.8962e-15	1.0962e-15
3.8145e+12	4.11e-15	1.2163e-15
3.9267e+12	2.1496e-14	2.2549e-15
4.0389e+12	4.7648e-14	3.4748e-15
4.1511e+12	5.2462e-14	3.7641e-15
4.2633e+12	3.4293e-14	2.9951e-15
4.3755e+12	1.8239e-14	1.9804e-15
4.4877e+12	1.3529e-14	1.595e-15
4.5999e+12	1.1461e-14	1.7649e-15
4.712e+12	9.4905e-15	1.7005e-15
4.8242e+12	8.9281e-15	1.3873e-15
4.9364e+12	7.2819e-15	1.4831e-15
5.0486e+12	5.6253e-15	1.7726e-15
5.1608e+12	6.4384e-15	1.6527e-15
5.273e+12	7.2597e-15	1.5343e-15
5.3852e+12	8.3075e-15	1.8999e-15
5.4974e+12	1.1884e-14	2.2393e-15
5.6096e+12	1.2809e-14	2.2299e-15
5.7218e+12	1.0459e-14	2.3661e-15
5.834e+12	1.8029e-14	2.8636e-15
5.9461e+12	3.633e-14	3.308e-15
6.0583e+12	4.3196e-14	3.2987e-15
6.1705e+12	3.0479e-14	2.8746e-15
6.2827e+12	1.8326e-14	2.6702e-15
6.3949e+12	1.8192e-14	3.1588e-15
6.5071e+12	1.9646e-14	3.6599e-15
6.6193e+12	1.9313e-14	3.5089e-15
6.7315e+12	2.4798e-14	3.4633e-15
6.8437e+12	3.3193e-14	4.0935e-15
6.9559e+12	3.7354e-14	4.5374e-15
7.0681e+12	4.0238e-14	4.392e-15
7.1803e+12	4.137e-14	4.2686e-15
7.2924e+12	3.2836e-14	4.0121e-15
7.4046e+12	2.059e-14	3.2827e-15
7.5168e+12	1.9742e-14	2.9628e-15
7.629e+12	2.7571e-14	3.4856e-15
7.7412e+12	3.1938e-14	3.9135e-15
7.8534e+12	3.4578e-14	3.9226e-15
7.9656e+12	3.9024e-14	3.9596e-15
8.0778e+12	4.1014e-14	3.9536e-15
8.19e+12	4.8737e-14	4.2913e-15
8.3022e+12	7.3339e-14	5.7008e-15
8.4144e+12	9.5769e-14	6.9831e-15
8.5266e+12	9.4296e-14	6.6383e-15
8.6387e+12	9.0493e-14	6.0953e-15
8.7509e+12	1.0905e-13	7.0072e-15
8.8631e+12	1.2632e-13	7.9209e-15
8.9753e+12	1.188e-13	7.4916e-15
9.0875e+12	1.0957e-13	6.9665e-15
9.1997e+12	1.1439e-13	6.9486e-15
9.3119e+12	1.0897e-13	6.3455e-15
9.4241e+12	8.5998e-14	5.292e-15
9.5363e+12	7.0945e-14	4.874e-15
9.6485e+12	6.7892e-14	4.8421e-15
9.7607e+12	6.0113e-14	4.5526e-15
9.8728e+12	5.2018e-14	4.2182e-15
9.985e+12	5.2655e-14	3.9818e-15
1.0097e+13	5.1126e-14	3.8384e-15
1.0209e+13	4.3869e-14	4.0207e-15
1.0322e+13	4.0417e-14	4.148e-15
1.0434e+13	3.5686e-14	3.7132e-15
1.0546e+13	2.4884e-14	3.4148e-15
1.0658e+13	2.3828e-14	3.7944e-15
1.077e+13	3.5213e-14	3.9736e-15
1.0883e+13	3.8218e-14	3.6285e-15
1.0995e+13	3.1394e-14	3.6988e-15
1.1107e+13	3.1698e-14	4.167e-15
1.1219e+13	3.545e-14	4.1265e-15
1.1331e+13	3.2194e-14	3.8832e-15
1.1444e+13	3.0786e-14	4.1887e-15
1.1556e+13	3.511e-14	4.5466e-15
1.1668e+13	3.5486e-14	4.3912e-15
1.178e+13	3.656e-14	4.2378e-15
1.1892e+13	4.6299e-14	4.425e-15
1.2004e+13	5.0255e-14	4.4848e-15
1.2117e+13	3.9631e-14	4.2694e-15
1.2229e+13	3.326e-14	4.2476e-15
1.2341e+13	4.1966e-14	4.544e-15
1.2453e+13	5.0459e-14	4.6972e-15
1.2565e+13	4.8092e-14	4.5131e-15
1.2678e+13	4.2896e-14	4.4189e-15
1.279e+13	4.4051e-14	4.6037e-15
1.2902e+13	4.9715e-14	4.6164e-15
1.3014e+13	5.0136e-14	4.4344e-15
1.3126e+13	4.4488e-14	4.7356e-15
1.3239e+13	4.799e-14	5.41e-15
1.3351e+13	6.1514e-14	5.47e-15
1.3463e+13	6.0297e-14	4.8771e-15
1.3575e+13	4.3877e-14	4.5431e-15
1.3687e+13	4.535e-14	4.6613e-15
1.38e+13	6.3545e-14	4.8284e-15
1.3912e+13	6.3036e-14	5.0173e-15
1.4024e+13	5.1043e-14	5.227e-15
1.4136e+13	6.005e-14	5.3414e-15
1.4248e+13	7.3136e-14	5.5097e-15
1.4361e+13	6.3645e-14	5.6146e-15
1.4473e+13	5.6892e-14	5.3441e-15
1.4585e+13	6.928e-14	5.1699e-15
1.4697e+13	6.8064e-14	5.4518e-15
1.4809e+13	4.7072e-14	5.3917e-15
1.4921e+13	4.252e-14	4.8584e-15
1.5034e+13	5.4527e-14	5.0117e-15
1.5146e+13	5.3841e-14	5.7053e-15
1.5258e+13	4.7546e-14	5.6679e-15
1.537e+13	5.2711e-14	5.3505e-15
1.5482e+13	5.4473e-14	5.6862e-15
1.5595e+13	4.6483e-14	5.6856e-15
1.5707e+13	4.6245e-14	4.8322e-15
1.5819e+13	5.0811e-14	4.5758e-15
1.5931e+13	4.5609e-14	5.1376e-15
1.6043e+13	4.1358e-14	5.1822e-15
1.6156e+13	4.6704e-14	5.0208e-15
1.6268e+13	4.6362e-14	5.5381e-15
1.638e+13	3.8518e-14	5.6849e-15
1.6492e+13	3.9131e-14	4.9477e-15
1.6604e+13	4.4778e-14	4.8813e-15
1.6717e+13	4.4357e-14	5.7793e-15
1.6829e+13	4.6484e-14	6.1172e-15
1.6941e+13	5.5064e-14	5.7717e-15
1.7053e+13	5.6121e-14	5.6577e-15
1.7165e+13	4.9631e-14	5.5767e-15
1.7277e+13	4.966e-14	5.4458e-15
1.739e+13	5.3067e-14	5.8623e-15
1.7502e+13	4.9742e-14	6.2193e-15
1.7614e+13	4.7279e-14	5.7163e-15
1.7726e+13	5.3283e-14	5.4811e-15
1.7838e+13	5.8129e-14	6.3223e-15
1.7951e+13	5.5458e-14	6.7973e-15
1.8063e+13	5.4337e-14	6.1724e-15
1.8175e+13	6.0443e-14	5.8872e-15
1.8287e+13	6.4729e-14	6.4887e-15
1.8399e+13	5.8167e-14	6.7509e-15
1.8512e+13	4.8422e-14	6.3703e-15
1.8624e+13	5.1252e-14	6.3482e-15
1.8736e+13	6.4101e-14	6.9085e-15
1.8848e+13	6.6897e-14	7.3126e-15
1.896e+13	5.7798e-14	7.235e-15
1.9073e+13	5.8662e-14	7.0991e-15
1.9185e+13	7.3043e-14	7.3613e-15
1.9297e+13	7.778e-14	7.7775e-15
1.9409e+13	6.7096e-14	7.676e-15
1.9521e+13	6.1438e-14	7.2853e-15
1.9634e+13	6.724e-14	7.6477e-15
1.9746e+13	7.0127e-14	8.5391e-15
1.9858e+13	6.5289e-14	8.4642e-15
1.997e+13	5.9276e-14	7.4471e-15
2.0082e+13	5.2509e-14	7.1602e-15
2.0194e+13	4.4753e-14	7.83e-15
2.0307e+13	4.1492e-14	8.1272e-15
2.0419e+13	4.243e-14	7.9906e-15
2.0531e+13	4.1634e-14	8.2054e-15
2.0643e+13	3.9356e-14	8.1721e-15
2.0755e+13	3.7755e-14	7.443e-15
2.0868e+13	3.425e-14	7.4335e-15
2.098e+13	3.01e-14	8.5735e-15
2.1092e+13	3.0626e-14	8.97e-15
2.1204e+13	3.294e-14	8.2182e-15
2.1316e+13	3.0031e-14	8.1855e-15
2.1429e+13	2.4019e-14	8.8518e-15
2.1541e+13	2.106e-14	8.6362e-15
2.1653e+13	2.1383e-14	8.4389e-15
2.1765e+13	2.3276e-14	9.693e-15
2.1877e+13	2.5844e-14	1.0671e-14
2.199e+13	2.6039e-14	1.0028e-14
2.2102e+13	2.3666e-14	9.8352e-15
2.2214e+13	2.3526e-14	1.0955e-14
2.2326e+13	2.5189e-14	1.12e-14
2.2438e+13	2.3138e-14	1.0406e-14
2.255e+13	1.9332e-14	1.0665e-14
2.2663e+13	1.9222e-14	1.1446e-14
2.2775e+13	1.9468e-14	1.0987e-14
2.2887e+13	1.6358e-14	1.035e-14
2.2999e+13	1.5249e-14	1.0884e-14
2.3111e+13	1.769e-14	1.1565e-14
2.3224e+13	1.636e-14	1.1918e-14
2.3336e+13	1.1348e-14	1.2715e-14
2.3448e+13	1.0681e-14	1.3335e-14
2.356e+13	1.3196e-14	1.3127e-14
2.3672e+13	1.2247e-14	1.3304e-14
2.3785e+13	1.0571e-14	1.4015e-14
2.3897e+13	1.2533e-14	1.3647e-14
2.4009e+13	1.343e-14	1.2727e-14
2.4121e+13	1.0401e-14	1.3401e-14
2.4233e+13	8.8034e-15	1.5172e-14
2.4346e+13	1.0474e-14	1.5989e-14
2.4458e+13	1.1133e-14	1.5865e-14
2.457e+13	1.0128e-14	1.5789e-14
2.4682e+13	9.8901e-15	1.5729e-14
2.4794e+13	9.9615e-15	1.5711e-14
2.4907e+13	9.5833e-15	1.6081e-14
2.5019e+13	9.6139e-15	1.6314e-14
2.5131e+13	9.569e-15	1.5935e-14
2.5243e+13	9.0039e-15	1.6024e-14
2.5355e+13	9.1798e-15	1.7825e-14
2.5467e+13	9.7227e-15	2.0362e-14
2.558e+13	9.1044e-15	2.1035e-14
2.5692e+13	8.2357e-15	1.9261e-14
2.5804e+13	8.0204e-15	1.8023e-14
2.5916e+13	7.3415e-15	1.9633e-14
2.6028e+13	6.7209e-15	2.1896e-14
2.6141e+13	7.5882e-15	2.1868e-14
2.6253e+13	8.3814e-15	2.0615e-14
2.6365e+13	7.823e-15	2.0473e-14
2.6477e+13	7.6695e-15	2.1314e-14
2.6589e+13	8.0107e-15	2.2325e-14
2.6702e+13	7.0941e-15	2.3037e-14
2.6814e+13	6.2433e-15	2.2167e-14
2.6926e+13	6.9507e-15	2.017e-14
2.7038e+13	6.942e-15	2.0293e-14
2.715e+13	5.6181e-15	2.2801e-14
2.7263e+13	5.9488e-15	2.3768e-14
2.7375e+13	7.5777e-15	2.256e-14
2.7487e+13	7.3269e-15	2.2848e-14
2.7599e+13	6.1557e-15	2.5131e-14
2.7711e+13	6.6421e-15	2.6407e-14
2.7823e+13	7.3312e-15	2.6108e-14
2.7936e+13	6.5525e-15	2.5652e-14
2.8048e+13	6.0606e-15	2.526e-14
2.816e+13	6.7941e-15	2.5131e-14
2.8272e+13	7.0417e-15	2.5477e-14
2.8384e+13	6.1624e-15	2.5169e-14
2.8497e+13	5.4142e-15	2.4624e-14
2.8609e+13	5.5116e-15	2.6295e-14
2.8721e+13	5.9229e-15	2.9118e-14
2.8833e+13	5.801e-15	2.925e-14
2.8945e+13	5.1666e-15	2.7536e-14
2.9058e+13	5.089e-15	2.7739e-14
2.917e+13	5.7422e-15	2.8639e-14
2.9282e+13	5.8106e-15	2.692e-14
2.9394e+13	5.0831e-15	2.4724e-14
2.9506e+13	4.9163e-15	2.6045e-14
2.9619e+13	5.5257e-15	2.9554e-14
2.9731e+13	5.8536e-15	3.137e-14
2.9843e+13	5.6081e-15	3.0878e-14
2.9955e+13	5.2066e-15	2.9603e-14
3.0067e+13	5.081e-15	2.8014e-14
3.018e+13	5.5882e-15	2.6461e-14
3.0292e+13	6.1312e-15	2.6484e-14
3.0404e+13	5.7383e-15	2.8458e-14
3.0516e+13	5.102e-15	2.9746e-14
3.0628e+13	5.2692e-15	2.8267e-14
3.074e+13	5.3417e-15	2.6345e-14
3.0853e+13	4.6143e-15	2.7047e-14
3.0965e+13	4.2645e-15	2.8917e-14
3.1077e+13	4.6782e-15	2.9068e-14
3.1189e+13	4.8701e-15	2.801e-14
3.1301e+13	4.8854e-15	2.6978e-14
3.1414e+13	5.0668e-15	2.5719e-14
3.1526e+13	4.8097e-15	2.5548e-14
3.1638e+13	4.4383e-15	2.7472e-14
3.175e+13	4.7878e-15	2.7922e-14
3.1862e+13	4.8556e-15	2.4894e-14
3.1975e+13	3.9662e-15	2.3526e-14
3.2087e+13	3.7351e-15	2.6474e-14
3.2199e+13	4.505e-15	2.7655e-14
3.2311e+13	4.4054e-15	2.4039e-14
3.2423e+13	3.535e-15	2.1825e-14
3.2536e+13	3.6264e-15	2.4339e-14
3.2648e+13	4.2064e-15	2.665e-14
3.276e+13	4.0454e-15	2.5899e-14
3.2872e+13	3.8796e-15	2.5118e-14
3.2984e+13	4.3224e-15	2.595e-14
3.3096e+13	4.5142e-15	2.6499e-14
3.3209e+13	4.1485e-15	2.5191e-14
3.3321e+13	3.7565e-15	2.2437e-14
3.3433e+13	3.5111e-15	2.0623e-14
3.3545e+13	3.4993e-15	2.1951e-14
3.3657e+13	3.7184e-15	2.4522e-14
3.377e+13	3.7478e-15	2.472e-14
3.3882e+13	3.6171e-15	2.3235e-14
3.3994e+13	3.6416e-15	2.2593e-14
3.4106e+13	3.4315e-15	2.211e-14
3.4218e+13	2.9718e-15	2.1526e-14
3.4331e+13	3.1166e-15	2.3285e-14
3.4443e+13	3.7077e-15	2.6769e-14
3.4555e+13	3.8961e-15	2.8161e-14
3.4667e+13	4.0436e-15	2.7046e-14
3.4779e+13	4.3922e-15	2.5471e-14
3.4892e+13	4.0557e-15	2.3714e-14
3.5004e+13	3.3531e-15	2.2901e-14
3.5116e+13	3.4888e-15	2.4842e-14
3.5228e+13	3.7605e-15	2.6574e-14
3.534e+13	3.1812e-15	2.419e-14
3.5453e+13	2.8311e-15	2.0773e-14
3.5565e+13	3.2748e-15	2.1056e-14
3.5677e+13	3.3667e-15	2.305e-14
3.5789e+13	3.0798e-15	2.3144e-14
3.5901e+13	3.2134e-15	2.2592e-14
3.6013e+13	3.2089e-15	2.3333e-14
3.6126e+13	2.8293e-15	2.4143e-14
3.6238e+13	3.0168e-15	2.3523e-14
3.635e+13	3.3983e-15	2.1945e-14
3.6462e+13	3.0362e-15	2.1213e-14
3.6574e+13	2.8826e-15	2.2474e-14
3.6687e+13	3.5491e-15	2.375e-14
3.6799e+13	3.6479e-15	2.2424e-14
3.6911e+13	2.9572e-15	2.0492e-14
3.7023e+13	2.9026e-15	2.1294e-14
3.7135e+13	3.2939e-15	2.3072e-14
3.7248e+13	3.0106e-15	2.3042e-14
3.736e+13	2.5622e-15	2.2537e-14
3.7472e+13	2.6158e-15	2.219e-14
3.7584e+13	2.6158e-15	2.0534e-14
3.7696e+13	2.434e-15	1.9581e-14
3.7809e+13	2.5114e-15	2.1305e-14
3.7921e+13	2.593e-15	2.1745e-14
3.8033e+13	2.4454e-15	1.9092e-14
3.8145e+13	2.4072e-15	1.8652e-14
3.8257e+13	2.452e-15	2.1466e-14
3.8369e+13	2.395e-15	2.1638e-14
3.8482e+13	2.4605e-15	1.9129e-14
3.8594e+13	2.5722e-15	1.9302e-14
3.8706e+13	2.4415e-15	2.1005e-14
3.8818e+13	2.325e-15	2.0427e-14
3.893e+13	2.3902e-15	2.0012e-14
3.9043e+13	2.3751e-15	2.1495e-14
3.9155e+13	2.3442e-15	2.1148e-14
3.9267e+13	2.3395e-15	1.8821e-14
3.9379e+13	2.0567e-15	1.8758e-14
3.9491e+13	1.8716e-15	2.0571e-14
3.9604e+13	2.323e-15	2.1418e-14
3.9716e+13	2.7181e-15	2.2309e-14
3.9828e+13	2.5115e-15	2.3409e-14
3.994e+13	2.4981e-15	2.2102e-14
4.0052e+13	2.8721e-15	1.9811e-14
4.0165e+13	2.8057e-15	2.0037e-14
4.0277e+13	2.4537e-15	2.0916e-14
4.0389e+13	2.3884e-15	1.9892e-14
4.0501e+13	2.1786e-15	1.9626e-14
4.0613e+13	1.813e-15	2.1244e-14
4.0726e+13	2.0126e-15	2.0897e-14
4.0838e+13	2.3729e-15	1.7987e-14
4.095e+13	2.2608e-15	1.6956e-14
4.1062e+13	2.3888e-15	1.9176e-14
4.1174e+13	2.9166e-15	2.1541e-14
4.1286e+13	2.792e-15	2.2116e-14
4.1399e+13	2.1995e-15	2.1363e-14
4.1511e+13	2.1328e-15	2.033e-14
4.1623e+13	2.1917e-15	2.0298e-14
4.1735e+13	1.9353e-15	2.1405e-14
4.1847e+13	2.0271e-15	2.1933e-14
4.196e+13	2.2746e-15	2.1135e-14
4.2072e+13	1.8965e-15	2.0445e-14
4.2184e+13	1.5773e-15	2.0669e-14
4.2296e+13	1.9862e-15	2.0961e-14
4.2408e+13	2.231e-15	2.0843e-14
4.2521e+13	1.9639e-15	2.0809e-14
4.2633e+13	1.9577e-15	2.1331e-14
4.2745e+13	2.1084e-15	2.2268e-14
4.2857e+13	1.9632e-15	2.2753e-14
4.2969e+13	2.0003e-15	2.219e-14
4.3082e+13	2.257e-15	2.1479e-14
4.3194e+13	2.0696e-15	2.1451e-14
4.3306e+13	1.7324e-15	2.0999e-14
4.3418e+13	1.8172e-15	1.9497e-14
4.353e+13	1.891e-15	1.9095e-14
4.3642e+13	1.789e-15	2.1219e-14
4.3755e+13	2.032e-15	2.3423e-14
4.3867e+13	2.378e-15	2.2946e-14
4.3979e+13	2.264e-15	2.0614e-14
4.4091e+13	1.9791e-15	1.8992e-14
4.4203e+13	1.8513e-15	1.9502e-14
4.4316e+13	1.8179e-15	2.2026e-14
4.4428e+13	2.0212e-15	2.4487e-14
4.454e+13	2.2554e-15	2.3914e-14
4.4652e+13	1.9801e-15	2.0719e-14
4.4764e+13	1.6539e-15	1.8912e-14
4.4877e+13	1.9606e-15	1.975e-14
4.4989e+13	2.2387e-15	2.0173e-14
4.5101e+13	1.9296e-15	1.9316e-14
4.5213e+13	1.7886e-15	1.9768e-14
4.5325e+13	2.0768e-15	2.1368e-14
4.5438e+13	2.1011e-15	2.1419e-14
4.555e+13	1.915e-15	2.0525e-14
4.5662e+13	1.9741e-15	2.0822e-14
4.5774e+13	2.0197e-15	2.132e-14
4.5886e+13	1.9676e-15	2.1315e-14
4.5999e+13	2.1283e-15	2.2702e-14
4.6111e+13	2.2014e-15	2.4456e-14
4.6223e+13	1.9472e-15	2.2892e-14
4.6335e+13	1.8839e-15	1.9391e-14
4.6447e+13	2.0672e-15	1.856e-14
4.6559e+13	1.9889e-15	1.9797e-14
4.6672e+13	1.8043e-15	1.9724e-14
4.6784e+13	1.8068e-15	1.8989e-14
4.6896e+13	1.7415e-15	1.9276e-14
4.7008e+13	1.7401e-15	1.9657e-14
4.712e+13	2.0814e-15	2.0042e-14
4.7233e+13	2.169e-15	2.1264e-14
4.7345e+13	1.7189e-15	2.1602e-14
4.7457e+13	1.5508e-15	1.9897e-14
4.7569e+13	1.8319e-15	1.8599e-14
4.7681e+13	1.7889e-15	1.879e-14
4.7794e+13	1.484e-15	1.8293e-14
4.7906e+13	1.5057e-15	1.698e-14
4.8018e+13	1.6444e-15	1.6924e-14
4.813e+13	1.5948e-15	1.7785e-14
4.8242e+13	1.5488e-15	1.8044e-14
4.8355e+13	1.5126e-15	1.804e-14
4.8467e+13	1.4825e-15	1.827e-14
4.8579e+13	1.6768e-15	1.8497e-14
4.8691e+13	1.7982e-15	1.8844e-14
4.8803e+13	1.5088e-15	1.8618e-14
4.8915e+13	1.3519e-15	1.69e-14
4.9028e+13	1.6025e-15	1.543e-14
4.914e+13	1.588e-15	1.5964e-14
4.9252e+13	1.2372e-15	1.6531e-14
4.9364e+13	1.2262e-15	1.577e-14
4.9476e+13	1.4563e-15	1.607e-14
4.9589e+13	1.4766e-15	1.7851e-14
4.9701e+13	1.5022e-15	1.7936e-14
4.9813e+13	1.5895e-15	1.6068e-14
4.9925e+13	1.432e-15	1.5091e-14
5.0037e+13	1.2995e-15	1.5044e-14
5.015e+13	1.4425e-15	1.4332e-14
5.0262e+13	1.3997e-15	1.3875e-14
5.0374e+13	1.1425e-15	1.4707e-14
5.0486e+13	1.2419e-15	1.5625e-14
5.0598e+13	1.5341e-15	1.5846e-14
5.0711e+13	1.4905e-15	1.5781e-14
5.0823e+13	1.3384e-15	1.5332e-14
5.0935e+13	1.368e-15	1.4592e-14
5.1047e+13	1.3535e-15	1.4274e-14
5.1159e+13	1.2853e-15	1.4255e-14
5.1272e+13	1.3336e-15	1.4183e-14
5.1384e+13	1.3338e-15	1.4394e-14
5.1496e+13	1.2409e-15	1.4341e-14
5.1608e+13	1.2563e-15	1.3074e-14
5.172e+13	1.2946e-15	1.1758e-14
5.1832e+13	1.2402e-15	1.1947e-14
5.1945e+13	1.2364e-15	1.2595e-14
5.2057e+13	1.2402e-15	1.2276e-14
5.2169e+13	1.156e-15	1.1699e-14
5.2281e+13	1.1696e-15	1.1606e-14
5.2393e+13	1.2305e-15	1.1491e-14
5.2506e+13	1.1189e-15	1.1313e-14
5.2618e+13	1.1087e-15	1.1509e-14
5.273e+13	1.3305e-15	1.178e-14
5.2842e+13	1.2764e-15	1.1696e-14
5.2954e+13	9.6072e-16	1.1256e-14
5.3067e+13	9.983e-16	1.0556e-14
5.3179e+13	1.2077e-15	1.0186e-14
5.3291e+13	1.0658e-15	1.0744e-14
5.3403e+13	9.3457e-16	1.1343e-14
5.3515e+13	1.1312e-15	1.0821e-14
5.3628e+13	1.196e-15	9.9548e-15
5.374e+13	1.0326e-15	9.921e-15
5.3852e+13	1.0129e-15	1.011e-14
5.3964e+13	1.0346e-15	9.6931e-15
5.4076e+13	9.6914e-16	9.1885e-15
5.4188e+13	1.0326e-15	9.0861e-15
5.4301e+13	1.0451e-15	9.103e-15
5.4413e+13	8.1114e-16	9.107e-15
5.4525e+13	7.9195e-16	9.0427e-15
5.4637e+13	1.0561e-15	8.6024e-15
5.4749e+13	1.0211e-15	8.0124e-15
5.4862e+13	8.4206e-16	7.9436e-15
5.4974e+13	1.034e-15	8.3372e-15
5.5086e+13	1.1699e-15	8.6173e-15
5.5198e+13	9.0729e-16	8.7318e-15
5.531e+13	8.4851e-16	8.8144e-15
5.5423e+13	1.1052e-15	8.5494e-15
5.5535e+13	1.0662e-15	7.9335e-15
5.5647e+13	8.4002e-16	7.8068e-15
5.5759e+13	8.8333e-16	8.51e-15
5.5871e+13	9.5227e-16	8.9044e-15
5.5984e+13	8.606e-16	8.123e-15
5.6096e+13	8.899e-16	7.277e-15
5.6208e+13	9.7103e-16	7.5625e-15
5.632e+13	9.0319e-16	8.0121e-15
5.6432e+13	8.9438e-16	7.4439e-15
5.6545e+13	9.4635e-16	6.8075e-15
5.6657e+13	8.2721e-16	7.1126e-15
5.6769e+13	7.5128e-16	7.4225e-15
5.6881e+13	8.7527e-16	7.0727e-15
5.6993e+13	8.6838e-16	7.0032e-15
5.7105e+13	7.4486e-16	7.4742e-15
5.7218e+13	8.4104e-16	7.5489e-15
5.733e+13	9.6381e-16	7.2353e-15
5.7442e+13	8.6738e-16	7.2768e-15
5.7554e+13	8.2401e-16	7.422e-15
5.7666e+13	8.9466e-16	7.1235e-15
5.7779e+13	8.3149e-16	6.7159e-15
5.7891e+13	7.698e-16	6.6304e-15
5.8003e+13	8.5471e-16	6.743e-15
5.8115e+13	8.4511e-16	6.7148e-15
5.8227e+13	7.5171e-16	6.1918e-15
5.834e+13	7.989e-16	5.3658e-15
5.8452e+13	8.3207e-16	5.2427e-15
5.8564e+13	7.4811e-16	6.1228e-15
5.8676e+13	7.6063e-16	6.8201e-15
5.8788e+13	7.9602e-16	6.6121e-15
5.8901e+13	7.0501e-16	6.2488e-15
5.9013e+13	7.3254e-16	6.2263e-15
5.9125e+13	8.7002e-16	6.0925e-15
5.9237e+13	7.8781e-16	5.7611e-15
5.9349e+13	6.9354e-16	5.7405e-15
5.9461e+13	8.6578e-16	6.1454e-15
5.9574e+13	9.0076e-16	6.5244e-15
5.9686e+13	6.569e-16	6.449e-15
5.9798e+13	6.3843e-16	6.0495e-15
5.991e+13	8.245e-16	5.9135e-15
6.0022e+13	7.7912e-16	6.0922e-15
6.0135e+13	6.8594e-16	5.928e-15
6.0247e+13	7.8346e-16	5.4434e-15
6.0359e+13	7.772e-16	5.4166e-15
6.0471e+13	6.6071e-16	5.753e-15
6.0583e+13	7.2596e-16	5.7706e-15
6.0696e+13	7.9314e-16	5.7341e-15
6.0808e+13	7.0146e-16	6.0621e-15
6.092e+13	7.3481e-16	6.2349e-15
6.1032e+13	8.6136e-16	6.0173e-15
6.1144e+13	7.8983e-16	5.8625e-15
6.1257e+13	6.8658e-16	5.6375e-15
6.1369e+13	7.2577e-16	5.169e-15
6.1481e+13	7.2129e-16	5.2222e-15
6.1593e+13	7.1225e-16	5.9036e-15
6.1705e+13	7.9676e-16	6.0568e-15
6.1818e+13	7.2044e-16	5.5384e-15
6.193e+13	5.5436e-16	5.4048e-15
6.2042e+13	6.8726e-16	5.6215e-15
6.2154e+13	8.6185e-16	5.4419e-15
6.2266e+13	6.9238e-16	5.2149e-15
6.2378e+13	5.7055e-16	5.4115e-15
6.2491e+13	7.3455e-16	5.4928e-15
6.2603e+13	7.4616e-16	5.2701e-15
6.2715e+13	5.9153e-16	5.3491e-15
6.2827e+13	6.5189e-16	5.6528e-15
6.2939e+13	7.4575e-16	5.4852e-15
6.3052e+13	6.5526e-16	4.9618e-15
6.3164e+13	6.5718e-16	4.8395e-15
6.3276e+13	7.3751e-16	5.2431e-15
6.3388e+13	6.3424e-16	5.488e-15
6.35e+13	5.7051e-16	5.125e-15
6.3613e+13	7.0823e-16	4.7613e-15
6.3725e+13	7.4344e-16	5.2126e-15
6.3837e+13	6.8148e-16	5.9273e-15
6.3949e+13	7.432e-16	5.656e-15
6.4061e+13	7.0966e-16	4.6722e-15
6.4174e+13	5.1796e-16	4.3947e-15
6.4286e+13	5.3912e-16	4.9852e-15
6.4398e+13	6.8373e-16	5.3439e-15
6.451e+13	5.9376e-16	5.0512e-15
6.4622e+13	4.9676e-16	4.6507e-15
6.4734e+13	6.165e-16	4.5864e-15
6.4847e+13	6.6428e-16	4.7895e-15
6.4959e+13	6.0201e-16	4.8679e-15
6.5071e+13	6.5766e-16	4.6631e-15
6.5183e+13	6.9249e-16	4.6582e-15
6.5295e+13	6.2476e-16	5.1069e-15
6.5408e+13	6.7313e-16	5.3241e-15
6.552e+13	7.2939e-16	4.9584e-15
6.5632e+13	6.1567e-16	4.7375e-15
6.5744e+13	5.9087e-16	4.9553e-15
6.5856e+13	6.8129e-16	5.04e-15
6.5969e+13	5.8829e-16	5.0634e-15
6.6081e+13	5.1753e-16	5.4768e-15
6.6193e+13	7.068e-16	5.6652e-15
6.6305e+13	7.4376e-16	5.0329e-15
6.6417e+13	5.232e-16	4.456e-15
6.653e+13	5.2351e-16	4.6799e-15
6.6642e+13	6.5887e-16	4.9481e-15
6.6754e+13	5.5149e-16	4.6899e-15
6.6866e+13	4.9415e-16	4.5432e-15
6.6978e+13	6.6518e-16	4.7764e-15
6.7091e+13	6.4961e-16	4.7631e-15
6.7203e+13	5.006e-16	4.4521e-15
6.7315e+13	6.0018e-16	4.4836e-15
6.7427e+13	6.7318e-16	4.824e-15
6.7539e+13	4.8679e-16	4.8923e-15
6.7651e+13	4.5082e-16	4.7602e-15
6.7764e+13	6.0639e-16	4.8591e-15
6.7876e+13	5.699e-16	4.9874e-15
6.7988e+13	4.9241e-16	4.7915e-15
6.81e+13	5.9537e-16	4.5601e-15
6.8212e+13	5.8952e-16	4.5547e-15
6.8325e+13	4.6358e-16	4.4908e-15
6.8437e+13	5.323e-16	4.4398e-15
6.8549e+13	6.3502e-16	4.9185e-15
6.8661e+13	5.6113e-16	5.5528e-15
6.8773e+13	5.4748e-16	5.377e-15
6.8886e+13	6.1023e-16	4.7373e-15
6.8998e+13	5.4617e-16	4.8642e-15
6.911e+13	5.3729e-16	5.5365e-15
6.9222e+13	6.6039e-16	5.392e-15
6.9334e+13	6.1639e-16	4.4455e-15
6.9447e+13	5.0042e-16	4.0938e-15
6.9559e+13	5.9968e-16	4.7076e-15
6.9671e+13	6.6761e-16	5.2297e-15
6.9783e+13	5.596e-16	5.1783e-15
6.9895e+13	6.0426e-16	5.1951e-15
7.0007e+13	7.264e-16	5.4035e-15
7.012e+13	5.9457e-16	5.1105e-15
7.0232e+13	4.6649e-16	4.5641e-15
7.0344e+13	5.8398e-16	4.873e-15
7.0456e+13	6.3237e-16	5.6893e-15
7.0568e+13	5.4962e-16	5.5145e-15
7.0681e+13	5.7623e-16	4.5673e-15
7.0793e+13	5.6355e-16	4.3455e-15
7.0905e+13	4.3135e-16	4.6891e-15
7.1017e+13	4.8953e-16	4.5922e-15
7.1129e+13	6.5377e-16	4.6515e-15
7.1242e+13	5.9068e-16	5.4365e-15
7.1354e+13	5.0609e-16	5.736e-15
7.1466e+13	6.0018e-16	5.1101e-15
7.1578e+13	5.9804e-16	4.9421e-15
7.169e+13	4.9513e-16	5.3806e-15
7.1803e+13	5.3852e-16	5.1273e-15
7.1915e+13	5.6811e-16	4.5096e-15
7.2027e+13	4.8648e-16	4.7948e-15
7.2139e+13	5.4504e-16	5.3894e-15
7.2251e+13	6.1908e-16	5.0525e-15
7.2364e+13	4.5515e-16	4.1862e-15
7.2476e+13	3.8593e-16	3.8524e-15
7.2588e+13	5.9902e-16	4.3492e-15
7.27e+13	6.7079e-16	5.2282e-15
7.2812e+13	5.2325e-16	5.4537e-15
7.2924e+13	4.9686e-16	4.6196e-15
7.3037e+13	5.2954e-16	4.1151e-15
7.3149e+13	4.8807e-16	4.8979e-15
7.3261e+13	5.5243e-16	5.4822e-15
7.3373e+13	6.2372e-16	4.8099e-15
7.3485e+13	4.9393e-16	4.3609e-15
7.3598e+13	4.3107e-16	4.96e-15
7.371e+13	5.4825e-16	5.1684e-15
7.3822e+13	5.1992e-16	4.5121e-15
7.3934e+13	4.2555e-16	4.3286e-15
7.4046e+13	5.3822e-16	4.7822e-15
7.4159e+13	5.7648e-16	4.7116e-15
7.4271e+13	4.126e-16	4.1836e-15
7.4383e+13	4.5604e-16	4.2548e-15
7.4495e+13	6.4104e-16	4.86e-15
7.4607e+13	5.4893e-16	4.9954e-15
7.472e+13	4.1764e-16	4.4999e-15
7.4832e+13	5.4661e-16	4.3072e-15
7.4944e+13	5.9389e-16	4.8362e-15
7.5056e+13	4.5435e-16	5.2056e-15
7.5168e+13	4.8097e-16	4.8661e-15
7.528e+13	6.0441e-16	4.6667e-15
7.5393e+13	5.715e-16	4.974e-15
7.5505e+13	5.4131e-16	4.8173e-15
7.5617e+13	5.7549e-16	4.2325e-15
7.5729e+13	5.1276e-16	4.4697e-15
7.5841e+13	4.8735e-16	5.1453e-15
7.5954e+13	5.8861e-16	4.897e-15
7.6066e+13	5.7851e-16	4.4325e-15
7.6178e+13	4.9987e-16	4.9669e-15
7.629e+13	5.6588e-16	5.4369e-15
7.6402e+13	5.7512e-16	4.826e-15
7.6515e+13	4.2232e-16	4.2768e-15
7.6627e+13	4.0868e-16	4.4533e-15
7.6739e+13	5.0627e-16	4.4728e-15
7.6851e+13	4.5917e-16	4.3186e-15
7.6963e+13	4.4882e-16	4.6201e-15
7.7076e+13	5.8043e-16	4.82e-15
7.7188e+13	5.5695e-16	4.5764e-15
7.73e+13	4.5645e-16	4.8386e-15
7.7412e+13	5.8213e-16	5.6248e-15
7.7524e+13	6.7347e-16	5.6267e-15
7.7636e+13	4.9936e-16	4.7656e-15
7.7749e+13	4.1423e-16	4.3332e-15
7.7861e+13	5.2624e-16	4.7995e-15
7.7973e+13	5.2846e-16	5.4697e-15
7.8085e+13	4.7124e-16	5.5956e-15
7.8197e+13	5.2131e-16	5.0562e-15
7.831e+13	5.068e-16	4.6191e-15
7.8422e+13	4.4178e-16	5.0277e-15
7.8534e+13	5.4174e-16	5.625e-15
7.8646e+13	6.4209e-16	5.3433e-15
7.8758e+13	5.6338e-16	4.6027e-15
7.8871e+13	5.0847e-16	4.4277e-15
7.8983e+13	5.2997e-16	4.7874e-15
7.9095e+13	4.8983e-16	5.2722e-15
7.9207e+13	4.9727e-16	5.7883e-15
7.9319e+13	5.7145e-16	5.872e-15
7.9432e+13	5.0741e-16	5.199e-15
7.9544e+13	4.3891e-16	4.6599e-15
7.9656e+13	5.7363e-16	5.1389e-15
7.9768e+13	6.504e-16	5.9862e-15
7.988e+13	5.3747e-16	6.1384e-15
7.9993e+13	5.1739e-16	5.6779e-15
8.0105e+13	5.6707e-16	5.2915e-15
8.0217e+13	4.8124e-16	5.178e-15
8.0329e+13	4.5386e-16	5.089e-15
8.0441e+13	5.5765e-16	4.8545e-15
8.0553e+13	5.088e-16	4.6119e-15
8.0666e+13	3.9959e-16	4.6485e-15
8.0778e+13	4.9415e-16	4.9769e-15
8.089e+13	5.5865e-16	5.1792e-15
8.1002e+13	4.4632e-16	4.9391e-15
8.1114e+13	4.5606e-16	4.6413e-15
8.1227e+13	5.6724e-16	4.9407e-15
8.1339e+13	5.132e-16	5.6141e-15
8.1451e+13	4.51e-16	5.6815e-15
8.1563e+13	5.111e-16	5.0653e-15
8.1675e+13	4.8341e-16	4.8242e-15
8.1788e+13	4.4309e-16	5.2155e-15
8.19e+13	5.6532e-16	5.314e-15
8.2012e+13	5.8425e-16	4.9291e-15
8.2124e+13	4.3093e-16	4.7841e-15
8.2236e+13	4.5998e-16	4.9344e-15
8.2349e+13	5.8899e-16	5.0861e-15
8.2461e+13	5.1481e-16	5.4885e-15
8.2573e+13	4.7663e-16	5.8499e-15
8.2685e+13	6.1343e-16	5.3231e-15
8.2797e+13	5.7249e-16	4.4677e-15
8.2909e+13	4.0952e-16	4.5766e-15
8.3022e+13	4.8605e-16	5.1658e-15
8.3134e+13	5.9175e-16	5.0111e-15
8.3246e+13	4.8401e-16	4.5628e-15
8.3358e+13	4.5776e-16	4.7768e-15
8.347e+13	5.6941e-16	5.2868e-15
8.3583e+13	5.4003e-16	5.3765e-15
8.3695e+13	4.8701e-16	4.984e-15
8.3807e+13	5.612e-16	4.3941e-15
8.3919e+13	5.2431e-16	4.2062e-15
8.4031e+13	3.9956e-16	4.7358e-15
8.4144e+13	4.5568e-16	5.1878e-15
8.4256e+13	5.4807e-16	5.0125e-15
8.4368e+13	5.1621e-16	4.9821e-15
8.448e+13	5.4195e-16	5.3023e-15
8.4592e+13	5.5909e-16	5.0864e-15
8.4705e+13	4.0255e-16	4.6663e-15
8.4817e+13	3.5924e-16	5.1124e-15
8.4929e+13	5.2122e-16	5.6883e-15
8.5041e+13	4.9996e-16	5.2652e-15
8.5153e+13	3.5827e-16	4.6552e-15
8.5266e+13	4.7481e-16	4.6941e-15
8.5378e+13	6.2049e-16	4.7635e-15
8.549e+13	5.1144e-16	4.7542e-15
8.5602e+13	4.5389e-16	5.1768e-15
8.5714e+13	5.55e-16	5.4176e-15
8.5826e+13	5.2937e-16	4.973e-15
8.5939e+13	4.5161e-16	4.7436e-15
8.6051e+13	4.9511e-16	4.9934e-15
8.6163e+13	4.7915e-16	4.8323e-15
8.6275e+13	4.1901e-16	4.429e-15
8.6387e+13	5.18e-16	4.5736e-15
8.65e+13	5.8856e-16	4.7972e-15
8.6612e+13	5.0071e-16	4.5807e-15
8.6724e+13	5.1469e-16	4.4922e-15
8.6836e+13	5.78e-16	4.6208e-15
8.6948e+13	4.4064e-16	4.4542e-15
8.7061e+13	3.6566e-16	4.4311e-15
8.7173e+13	5.4678e-16	5.1067e-15
8.7285e+13	6.1377e-16	5.7684e-15
8.7397e+13	4.8334e-16	5.6579e-15
8.7509e+13	4.7605e-16	5.0575e-15
8.7622e+13	5.119e-16	4.5897e-15
8.7734e+13	4.2445e-16	4.7504e-15
8.7846e+13	4.4666e-16	5.4574e-15
8.7958e+13	5.7534e-16	5.6146e-15
8.807e+13	5.341e-16	4.7583e-15
8.8182e+13	4.6724e-16	4.2949e-15
8.8295e+13	5.4955e-16	5.0211e-15
8.8407e+13	5.3707e-16	5.5372e-15
8.8519e+13	4.3656e-16	5.0419e-15
8.8631e+13	5.1115e-16	4.7079e-15
8.8743e+13	5.7311e-16	5.0726e-15
8.8856e+13	4.4389e-16	5.2838e-15
8.8968e+13	4.3461e-16	5.1159e-15
8.908e+13	5.638e-16	4.9277e-15
8.9192e+13	4.8672e-16	4.4953e-15
8.9304e+13	3.5242e-16	3.8535e-15
8.9417e+13	4.3955e-16	3.7284e-15
8.9529e+13	4.9688e-16	4.1844e-15
8.9641e+13	4.0509e-16	4.5488e-15
8.9753e+13	4.3416e-16	4.6729e-15
8.9865e+13	5.1512e-16	4.8421e-15
8.9978e+13	4.3635e-16	4.9799e-15
9.009e+13	3.9434e-16	4.814e-15
9.0202e+13	4.6902e-16	4.3452e-15
9.0314e+13	4.3897e-16	3.9618e-15
9.0426e+13	4.0245e-16	4.116e-15
9.0539e+13	5.3233e-16	4.6089e-15
9.0651e+13	5.8997e-16	4.7804e-15
9.0763e+13	4.9175e-16	4.6421e-15
9.0875e+13	4.9381e-16	4.6387e-15
9.0987e+13	5.4148e-16	4.564e-15
9.1099e+13	4.5331e-16	4.2271e-15
9.1212e+13	4.1486e-16	4.1548e-15
9.1324e+13	4.9993e-16	4.3431e-15
9.1436e+13	4.883e-16	4.1693e-15
9.1548e+13	4.3415e-16	4.0474e-15
9.166e+13	4.9327e-16	4.6664e-15
9.1773e+13	5.0175e-16	5.1654e-15
9.1885e+13	4.2942e-16	4.7241e-15
9.1997e+13	4.8741e-16	4.2571e-15
9.2109e+13	5.6067e-16	4.3582e-15
9.2221e+13	4.4937e-16	4.2271e-15
9.2334e+13	3.6156e-16	3.8102e-15
9.2446e+13	4.3359e-16	3.8537e-15
9.2558e+13	4.619e-16	3.9456e-15
9.267e+13	4.1991e-16	3.5295e-15
9.2782e+13	4.4319e-16	3.43e-15
9.2895e+13	4.6525e-16	3.9975e-15
9.3007e+13	4.4184e-16	4.1745e-15
9.3119e+13	4.5184e-16	3.7911e-15
9.3231e+13	4.4806e-16	3.885e-15
9.3343e+13	4.2945e-16	4.43e-15
9.3455e+13	5.0792e-16	4.4988e-15
9.3568e+13	5.4942e-16	4.1091e-15
9.368e+13	4.1899e-16	3.8585e-15
9.3792e+13	3.7034e-16	3.8342e-15
9.3904e+13	4.9847e-16	3.9352e-15
9.4016e+13	4.9658e-16	4.0647e-15
9.4129e+13	3.6917e-16	3.9778e-15
9.4241e+13	4.004e-16	3.8482e-15
9.4353e+13	4.8052e-16	4.1466e-15
9.4465e+13	4.2796e-16	4.5591e-15
9.4577e+13	4.2071e-16	4.3982e-15
9.469e+13	4.8445e-16	3.9603e-15
9.4802e+13	4.2768e-16	3.9416e-15
9.4914e+13	3.6674e-16	4.0694e-15
9.5026e+13	4.3652e-16	3.8049e-15
9.5138e+13	4.4994e-16	3.5979e-15
9.5251e+13	4.0408e-16	4.0151e-15
9.5363e+13	4.8654e-16	4.4425e-15
9.5475e+13	5.4508e-16	4.0958e-15
9.5587e+13	4.3935e-16	3.5881e-15
9.5699e+13	4.105e-16	3.8842e-15
9.5812e+13	4.9424e-16	4.4091e-15
9.5924e+13	4.4567e-16	4.1046e-15
9.6036e+13	3.6066e-16	3.5158e-15
9.6148e+13	4.2873e-16	3.6301e-15
9.626e+13	4.7253e-16	3.8716e-15
9.6372e+13	4.1119e-16	3.5379e-15
9.6485e+13	4.2406e-16	3.4094e-15
9.6597e+13	4.5699e-16	3.8669e-15
9.6709e+13	3.8477e-16	3.8752e-15
9.6821e+13	3.5368e-16	3.3013e-15
9.6933e+13	3.9787e-16	3.2756e-15
9.7046e+13	3.7368e-16	3.7299e-15
9.7158e+13	3.7077e-16	3.7113e-15
9.727e+13	4.6335e-16	3.5476e-15
9.7382e+13	4.5663e-16	3.84e-15
9.7494e+13	3.6843e-16	3.9353e-15
9.7607e+13	4.1303e-16	3.5422e-15
9.7719e+13	4.6355e-16	3.4873e-15
9.7831e+13	3.5998e-16	3.7782e-15
9.7943e+13	3.2087e-16	3.6021e-15
9.8055e+13	4.2572e-16	3.1959e-15
9.8168e+13	4.3792e-16	3.2118e-15
9.828e+13	3.6089e-16	3.27e-15
9.8392e+13	3.6629e-16	3.0504e-15
9.8504e+13	3.8349e-16	3.1054e-15
9.8616e+13	3.4608e-16	3.4761e-15
9.8728e+13	3.46e-16	3.4501e-15
9.8841e+13	3.5732e-16	3.0384e-15
9.8953e+13	3.4051e-16	2.9124e-15
9.9065e+13	3.8473e-16	3.0834e-15
9.9177e+13	4.3082e-16	3.0532e-15
9.9289e+13	3.6145e-16	2.8881e-15
9.9402e+13	3.1087e-16	3.1199e-15
9.9514e+13	3.6306e-16	3.7144e-15
9.9626e+13	3.6672e-16	3.8748e-15
9.9738e+13	3.3248e-16	3.2447e-15
9.985e+13	3.8038e-16	2.6719e-15
9.9963e+13	3.9951e-16	2.9082e-15
1.0007e+14	3.4249e-16	3.3425e-15
1.0019e+14	3.7191e-16	3.2071e-15
1.003e+14	4.2819e-16	2.8916e-15
1.0041e+14	3.5183e-16	2.8521e-15
1.0052e+14	2.9463e-16	2.7285e-15
1.0064e+14	3.6077e-16	2.4568e-15
1.0075e+14	3.6972e-16	2.5364e-15
1.0086e+14	3.167e-16	2.8282e-15
1.0097e+14	3.3771e-16	2.7675e-15
1.0108e+14	3.2745e-16	2.5096e-15
1.012e+14	2.4824e-16	2.4814e-15
1.0131e+14	2.8689e-16	2.5393e-15
1.0142e+14	3.7818e-16	2.474e-15
1.0153e+14	3.3176e-16	2.4127e-15
1.0165e+14	2.8975e-16	2.3997e-15
1.0176e+14	3.5372e-16	2.3841e-15
1.0187e+14	3.3229e-16	2.4243e-15
1.0198e+14	2.4777e-16	2.4484e-15
1.0209e+14	2.9022e-16	2.346e-15
1.0221e+14	3.4446e-16	2.3286e-15
1.0232e+14	2.9925e-16	2.5709e-15
1.0243e+14	3.1019e-16	2.7936e-15
1.0254e+14	3.5449e-16	2.7155e-15
1.0266e+14	2.8739e-16	2.5086e-15
1.0277e+14	2.5807e-16	2.4975e-15
1.0288e+14	3.4868e-16	2.6771e-15
1.0299e+14	3.4045e-16	2.6995e-15
1.031e+14	2.4756e-16	2.4017e-15
1.0322e+14	2.7947e-16	2.1559e-15
1.0333e+14	3.249e-16	2.2508e-15
1.0344e+14	2.526e-16	2.3447e-15
1.0355e+14	2.375e-16	2.2166e-15
1.0366e+14	3.0705e-16	2.2487e-15
1.0378e+14	2.9486e-16	2.472e-15
1.0389e+14	2.699e-16	2.3547e-15
1.04e+14	3.1431e-16	1.9617e-15
1.0411e+14	2.8718e-16	1.8771e-15
1.0423e+14	2.1485e-16	2.0527e-15
1.0434e+14	2.5476e-16	2.1177e-15
1.0445e+14	3.0191e-16	2.1771e-15
1.0456e+14	2.5972e-16	2.2965e-15
1.0467e+14	2.6175e-16	2.2617e-15
1.0479e+14	2.895e-16	2.2013e-15
1.049e+14	2.3096e-16	2.2826e-15
1.0501e+14	2.1581e-16	2.222e-15
1.0512e+14	2.8891e-16	1.9963e-15
1.0524e+14	2.6451e-16	1.9562e-15
1.0535e+14	1.9566e-16	1.9399e-15
1.0546e+14	2.513e-16	1.6921e-15
1.0557e+14	2.8386e-16	1.6606e-15
1.0568e+14	2.0141e-16	2.0299e-15
1.058e+14	2.0339e-16	2.191e-15
1.0591e+14	2.7696e-16	2.0064e-15
1.0602e+14	2.3876e-16	1.9456e-15
1.0613e+14	1.9668e-16	1.9365e-15
1.0625e+14	2.5639e-16	1.7613e-15
1.0636e+14	2.5997e-16	1.7727e-15
1.0647e+14	2.0633e-16	1.9733e-15
1.0658e+14	2.3027e-16	1.8565e-15
1.0669e+14	2.3495e-16	1.6189e-15
1.0681e+14	1.7527e-16	1.7639e-15
1.0692e+14	2.1115e-16	1.9397e-15
1.0703e+14	2.7647e-16	1.7719e-15
1.0714e+14	2.1489e-16	1.6744e-15
1.0726e+14	1.8466e-16	1.8118e-15
1.0737e+14	2.6792e-16	1.8269e-15
1.0748e+14	2.5571e-16	1.7868e-15
1.0759e+14	1.674e-16	1.8767e-15
1.077e+14	1.9527e-16	1.794e-15
1.0782e+14	2.3746e-16	1.5342e-15
1.0793e+14	1.9376e-16	1.5481e-15
1.0804e+14	2.0822e-16	1.7212e-15
1.0815e+14	2.5139e-16	1.6354e-15
1.0826e+14	1.9111e-16	1.5074e-15
1.0838e+14	1.6743e-16	1.6209e-15
1.0849e+14	2.4142e-16	1.6997e-15
1.086e+14	2.1709e-16	1.5917e-15
1.0871e+14	1.3786e-16	1.5012e-15
1.0883e+14	1.8672e-16	1.4364e-15
1.0894e+14	2.3193e-16	1.3608e-15
1.0905e+14	1.7579e-16	1.4445e-15
1.0916e+14	1.9227e-16	1.6281e-15
1.0927e+14	2.4888e-16	1.6607e-15
1.0939e+14	1.7849e-16	1.584e-15
1.095e+14	1.2418e-16	1.5077e-15
1.0961e+14	1.924e-16	1.3753e-15
1.0972e+14	1.9534e-16	1.3013e-15
1.0984e+14	1.3025e-16	1.4094e-15
1.0995e+14	1.5911e-16	1.4493e-15
1.1006e+14	1.8446e-16	1.2953e-15
1.1017e+14	1.3213e-16	1.2472e-15
1.1028e+14	1.5737e-16	1.3605e-15
1.104e+14	2.1637e-16	1.3365e-15
1.1051e+14	1.5579e-16	1.2024e-15
1.1062e+14	1.1552e-16	1.2255e-15
1.1073e+14	1.8292e-16	1.3592e-15
1.1085e+14	1.7951e-16	1.4079e-15
1.1096e+14	1.2395e-16	1.3503e-15
1.1107e+14	1.6439e-16	1.2498e-15
1.1118e+14	1.803e-16	1.2125e-15
1.1129e+14	1.1122e-16	1.299e-15
1.1141e+14	1.3313e-16	1.3514e-15
1.1152e+14	1.9555e-16	1.2803e-15
1.1163e+14	1.3959e-16	1.2687e-15
1.1174e+14	1.0856e-16	1.3092e-15
1.1185e+14	1.7388e-16	1.1888e-15
1.1197e+14	1.5071e-16	1.0954e-15
1.1208e+14	9.2186e-17	1.2928e-15
1.1219e+14	1.5594e-16	1.4149e-15
1.123e+14	1.762e-16	1.143e-15
1.1242e+14	8.792e-17	9.4297e-16
1.1253e+14	1.1826e-16	1.1621e-15
1.1264e+14	2.0553e-16	1.3535e-15
1.1275e+14	1.334e-16	1.2165e-15
1.1286e+14	7.8273e-17	1.1012e-15
1.1298e+14	1.7652e-16	1.1885e-15
1.1309e+14	1.8789e-16	1.2091e-15
1.132e+14	9.2335e-17	1.0768e-15
1.1331e+14	1.1784e-16	9.9542e-16
1.1343e+14	1.7431e-16	1.0363e-15
1.1354e+14	1.1928e-16	1.0911e-15
1.1365e+14	1.0955e-16	1.0817e-15
1.1376e+14	1.6101e-16	1.0202e-15
1.1387e+14	1.1505e-16	9.6499e-16
1.1399e+14	7.5819e-17	9.3289e-16
1.141e+14	1.413e-16	8.9326e-16
1.1421e+14	1.4045e-16	8.896e-16
1.1432e+14	7.7623e-17	9.7984e-16
1.1444e+14	1.178e-16	1.0629e-15
1.1455e+14	1.5274e-16	1.0309e-15
1.1466e+14	9.0077e-17	9.7724e-16
1.1477e+14	1.0245e-16	9.976e-16
1.1488e+14	1.7274e-16	1.0145e-15
1.15e+14	1.2682e-16	9.765e-16
1.1511e+14	8.2076e-17	9.4908e-16
1.1522e+14	1.4691e-16	9.5033e-16
1.1533e+14	1.4786e-16	9.4833e-16
1.1545e+14	8.0876e-17	9.5563e-16
1.1556e+14	1.0902e-16	9.6577e-16
1.1567e+14	1.3615e-16	9.4474e-16
1.1578e+14	7.809e-17	9.2974e-16
1.1589e+14	9.5521e-17	9.5581e-16
1.1601e+14	1.5943e-16	9.4402e-16
1.1612e+14	1.0454e-16	8.4372e-16
1.1623e+14	6.1354e-17	7.7095e-16
1.1634e+14	1.35e-16	8.3114e-16
1.1645e+14	1.4047e-16	9.2557e-16
1.1657e+14	7.2646e-17	9.1846e-16
1.1668e+14	1.0474e-16	8.8305e-16
1.1679e+14	1.4278e-16	9.4365e-16
1.169e+14	8.7091e-17	9.9202e-16
1.1702e+14	8.9621e-17	8.9062e-16
1.1713e+14	1.4129e-16	7.9952e-16
1.1724e+14	9.5928e-17	8.8589e-16
1.1735e+14	6.611e-17	9.5766e-16
1.1746e+14	1.2998e-16	8.3902e-16
1.1758e+14	1.1454e-16	7.3299e-16
1.1769e+14	4.7313e-17	7.9556e-16
1.178e+14	1.0035e-16	8.4586e-16
1.1791e+14	1.4662e-16	7.8785e-16
1.1803e+14	7.5104e-17	7.6219e-16
1.1814e+14	6.534e-17	7.9037e-16
1.1825e+14	1.2788e-16	7.9092e-16
1.1836e+14	9.5073e-17	8.0959e-16
1.1847e+14	5.6682e-17	8.4832e-16
1.1859e+14	1.1087e-16	8.0175e-16
1.187e+14	1.1093e-16	7.3391e-16
1.1881e+14	6.3347e-17	7.77e-16
1.1892e+14	1.0723e-16	8.3358e-16
1.1904e+14	1.3258e-16	8.0416e-16
1.1915e+14	6.437e-17	8.0388e-16
1.1926e+14	7.1981e-17	8.5051e-16
1.1937e+14	1.3328e-16	7.9898e-16
1.1948e+14	8.5935e-17	7.0031e-16
1.196e+14	4.5169e-17	7.1678e-16
1.1971e+14	1.0407e-16	7.69e-16
1.1982e+14	9.6926e-17	7.2649e-16
1.1993e+14	3.8936e-17	6.9554e-16
1.2004e+14	8.6723e-17	7.6371e-16
1.2016e+14	1.208e-16	7.9188e-16
1.2027e+14	5.0466e-17	6.9406e-16
1.2038e+14	5.4537e-17	6.0028e-16
1.2049e+14	1.2336e-16	6.1211e-16
1.2061e+14	8.5432e-17	6.6087e-16
1.2072e+14	4.8459e-17	6.8e-16
1.2083e+14	1.1261e-16	7.081e-16
1.2094e+14	1.0749e-16	7.4595e-16
1.2105e+14	3.6266e-17	7.0107e-16
1.2117e+14	7.1673e-17	5.9048e-16
1.2128e+14	1.1688e-16	5.8466e-16
1.2139e+14	6.2539e-17	7.0443e-16
1.215e+14	5.8643e-17	7.5513e-16
1.2162e+14	1.1135e-16	6.876e-16
1.2173e+14	7.579e-17	6.5655e-16
1.2184e+14	4.596e-17	6.6915e-16
1.2195e+14	1.0291e-16	6.0534e-16
1.2206e+14	9.1675e-17	5.2786e-16
1.2218e+14	2.9612e-17	5.5724e-16
1.2229e+14	7.3832e-17	6.172e-16
1.224e+14	1.1484e-16	6.1148e-16
1.2251e+14	5.298e-17	5.8169e-16
1.2263e+14	4.7384e-17	5.5772e-16
1.2274e+14	1.0186e-16	5.4406e-16
1.2285e+14	6.7335e-17	5.8621e-16
1.2296e+14	3.6616e-17	6.3189e-16
1.2307e+14	9.5133e-17	5.7437e-16
1.2319e+14	9.3163e-17	5.0208e-16
1.233e+14	3.932e-17	5.5008e-16
1.2341e+14	7.735e-17	6.1817e-16
1.2352e+14	1.0719e-16	5.9317e-16
1.2364e+14	4.812e-17	5.6961e-16
1.2375e+14	5.2037e-17	5.9338e-16
1.2386e+14	1.0479e-16	5.722e-16
1.2397e+14	6.4932e-17	5.3322e-16
1.2408e+14	3.9756e-17	5.7117e-16
1.242e+14	1.0393e-16	6.2129e-16
1.2431e+14	9.467e-17	6.0118e-16
1.2442e+14	3.2215e-17	5.6811e-16
1.2453e+14	7.1837e-17	5.6104e-16
1.2464e+14	1.0443e-16	5.4488e-16
1.2476e+14	4.3293e-17	5.2739e-16
1.2487e+14	4.8002e-17	5.2044e-16
1.2498e+14	1.0347e-16	5.0189e-16
1.2509e+14	6.0096e-17	5.0528e-16
1.2521e+14	3.2226e-17	5.5258e-16
1.2532e+14	1.035e-16	5.548e-16
1.2543e+14	9.8239e-17	4.84e-16
1.2554e+14	2.5764e-17	4.6265e-16
1.2565e+14	5.7885e-17	5.2856e-16
1.2577e+14	9.8755e-17	5.6534e-16
1.2588e+14	4.6009e-17	5.364e-16
1.2599e+14	4.7783e-17	5.2039e-16
1.261e+14	1.0181e-16	5.2485e-16
1.2622e+14	6.1585e-17	4.9991e-16
1.2633e+14	2.5992e-17	4.7538e-16
1.2644e+14	8.2716e-17	5.0194e-16
1.2655e+14	7.9292e-17	5.3379e-16
1.2666e+14	2.3921e-17	5.0829e-16
1.2678e+14	6.4396e-17	4.7084e-16
1.2689e+14	9.9711e-17	4.9366e-16
1.27e+14	4.3009e-17	5.2858e-16
1.2711e+14	4.673e-17	4.9005e-16
1.2723e+14	9.9135e-17	4.2876e-16
1.2734e+14	5.2416e-17	4.4204e-16
1.2745e+14	1.5005e-17	4.8755e-16
1.2756e+14	7.8612e-17	4.8028e-16
1.2767e+14	8.2668e-17	4.5591e-16
1.2779e+14	2.6967e-17	4.6776e-16
1.279e+14	6.1468e-17	4.8339e-16
1.2801e+14	9.1168e-17	4.8264e-16
1.2812e+14	3.0329e-17	4.7898e-16
1.2823e+14	3.3505e-17	4.5373e-16
1.2835e+14	9.2629e-17	4.238e-16
1.2846e+14	5.3562e-17	4.4967e-16
1.2857e+14	1.6292e-17	4.9277e-16
1.2868e+14	7.9325e-17	4.7154e-16
1.288e+14	8.8054e-17	4.3361e-16
1.2891e+14	3.0108e-17	4.4446e-16
1.2902e+14	5.3134e-17	4.5032e-16
1.2913e+14	8.3008e-17	4.3012e-16
1.2924e+14	3.5834e-17	4.4687e-16
1.2936e+14	4.0478e-17	4.7408e-16
1.2947e+14	8.8447e-17	4.4179e-16
1.2958e+14	5.1379e-17	3.9982e-16
1.2969e+14	2.3427e-17	4.0108e-16
1.2981e+14	7.6387e-17	3.9477e-16
1.2992e+14	6.835e-17	3.771e-16
1.3003e+14	1.7085e-17	4.0867e-16
1.3014e+14	5.7219e-17	4.5504e-16
1.3025e+14	8.5795e-17	4.4475e-16
1.3037e+14	2.8879e-17	4.1054e-16
1.3048e+14	3.6284e-17	4.0561e-16
1.3059e+14	9.0045e-17	4.1351e-16
1.307e+14	4.9305e-17	4.1265e-16
1.3082e+14	1.8093e-17	4.0404e-16
1.3093e+14	7.3761e-17	3.9044e-16
1.3104e+14	6.5073e-17	3.8489e-16
1.3115e+14	9.7492e-18	3.7858e-16
1.3126e+14	4.9655e-17	3.4426e-16
1.3138e+14	7.725e-17	3.2046e-16
1.3149e+14	1.5243e-17	3.5678e-16
1.316e+14	2.3895e-17	3.9276e-16
1.3171e+14	8.6546e-17	3.7027e-16
1.3182e+14	4.7599e-17	3.5277e-16
1.3194e+14	1.0274e-17	3.7643e-16
1.3205e+14	6.761e-17	3.8428e-16
1.3216e+14	6.804e-17	3.8006e-16
1.3227e+14	1.4647e-17	4.0361e-16
1.3239e+14	5.1191e-17	4.0419e-16
1.325e+14	8.1631e-17	3.5998e-16
1.3261e+14	2.2696e-17	3.5239e-16
1.3272e+14	2.3962e-17	3.847e-16
1.3283e+14	7.7766e-17	3.7729e-16
1.3295e+14	4.1411e-17	3.5564e-16
1.3306e+14	1.1928e-17	3.7698e-16
1.3317e+14	7.0301e-17	3.8366e-16
1.3328e+14	6.6857e-17	3.4384e-16
1.334e+14	1.254e-17	3.3408e-16
1.3351e+14	5.0268e-17	3.6725e-16
1.3362e+14	7.9192e-17	3.7469e-16
1.3373e+14	1.871e-17	3.601e-16
1.3384e+14	2.3747e-17	3.6242e-16
1.3396e+14	8.162e-17	3.5542e-16
1.3407e+14	4.0655e-17	3.2246e-16
1.3418e+14	3.5178e-18	3.0162e-16
1.3429e+14	6.3427e-17	3.0628e-16
1.3441e+14	6.584e-17	3.1703e-16
1.3452e+14	1.0254e-17	3.3088e-16
1.3463e+14	4.6233e-17	3.4895e-16
1.3474e+14	8.1165e-17	3.6407e-16
1.3485e+14	2.2741e-17	3.6944e-16
1.3497e+14	2.0072e-17	3.5088e-16
1.3508e+14	7.6685e-17	3.1291e-16
1.3519e+14	4.4058e-17	2.9588e-16
1.353e+14	5.9316e-18	3.1125e-16
1.3542e+14	5.5628e-17	3.2355e-16
1.3553e+14	5.8328e-17	3.2289e-16
1.3564e+14	1.0512e-17	3.2191e-16
1.3575e+14	4.4073e-17	3.0776e-16
1.3586e+14	7.2599e-17	2.8418e-16
1.3598e+14	1.8202e-17	2.8513e-16
1.3609e+14	2.1705e-17	3.0543e-16
1.362e+14	7.6073e-17	3.1755e-16
1.3631e+14	4.133e-17	3.2622e-16
1.3642e+14	7.1777e-18	3.233e-16
1.3654e+14	5.8415e-17	2.8972e-16
1.3665e+14	5.7002e-17	2.7214e-16
1.3676e+14	6.6511e-18	3.1383e-16
1.3687e+14	4.2007e-17	3.5247e-16
1.3699e+14	7.2751e-17	3.3013e-16
1.371e+14	1.8019e-17	2.9574e-16
1.3721e+14	1.8309e-17	2.9669e-16
1.3732e+14	6.9096e-17	3.0848e-16
1.3743e+14	3.3817e-17	3.0648e-16
1.3755e+14	1.2968e-18	2.8923e-16
1.3766e+14	5.3697e-17	2.6643e-16
1.3777e+14	5.4182e-17	2.7378e-16
1.3788e+14	6.6104e-18	3.1453e-16
1.38e+14	4.1268e-17	3.2538e-16
1.3811e+14	6.7933e-17	2.9144e-16
1.3822e+14	1.2543e-17	2.7542e-16
1.3833e+14	1.7187e-17	2.8579e-16
1.3844e+14	7.0924e-17	2.8185e-16
1.3856e+14	3.4662e-17	2.8098e-16
1.3867e+14	1.9039e-18	2.9806e-16
1.3878e+14	5.5899e-17	2.874e-16
1.3889e+14	5.4112e-17	2.528e-16
1.3901e+14	-4.3588e-19	2.4947e-16
1.3912e+14	3.1428e-17	2.6004e-16
1.3923e+14	6.4174e-17	2.4853e-16
1.3934e+14	1.4743e-17	2.5533e-16
1.3945e+14	1.6651e-17	2.9064e-16
1.3957e+14	6.4783e-17	2.9083e-16
1.3968e+14	2.8972e-17	2.5768e-16
1.3979e+14	-2.3886e-19	2.5174e-16
1.399e+14	5.3397e-17	2.6071e-16
1.4001e+14	4.9495e-17	2.4993e-16
1.4013e+14	-2.9006e-18	2.5015e-16
1.4024e+14	3.356e-17	2.6937e-16
1.4035e+14	6.6096e-17	2.609e-16
1.4046e+14	1.1146e-17	2.3414e-16
1.4058e+14	1.0852e-17	2.3851e-16
1.4069e+14	6.4302e-17	2.5122e-16
1.408e+14	3.2945e-17	2.2798e-16
1.4091e+14	8.1851e-19	2.0532e-16
1.4102e+14	5.1654e-17	2.3008e-16
1.4114e+14	5.1218e-17	2.6364e-16
1.4125e+14	8.0868e-19	2.5342e-16
1.4136e+14	3.2821e-17	2.2752e-16
1.4147e+14	6.2383e-17	2.3419e-16
1.4159e+14	9.0732e-18	2.4957e-16
1.417e+14	8.0415e-18	2.3366e-16
1.4181e+14	5.8585e-17	2.2022e-16
1.4192e+14	2.9019e-17	2.499e-16
1.4203e+14	9.1073e-19	2.7835e-16
1.4215e+14	5.1463e-17	2.5756e-16
1.4226e+14	4.9059e-17	2.2551e-16
1.4237e+14	-5.3223e-19	2.2255e-16
1.4248e+14	3.2979e-17	2.2689e-16
1.426e+14	6.3287e-17	2.297e-16
1.4271e+14	1.2149e-17	2.5021e-16
1.4282e+14	1.3822e-17	2.6759e-16
1.4293e+14	6.3914e-17	2.5387e-16
1.4304e+14	2.9994e-17	2.3306e-16
1.4316e+14	-3.0967e-18	2.2807e-16
1.4327e+14	4.6202e-17	2.2832e-16
1.4338e+14	4.642e-17	2.3496e-16
1.4349e+14	-2.0506e-18	2.4778e-16
1.4361e+14	2.9265e-17	2.3999e-16
1.4372e+14	5.9494e-17	2.1589e-16
1.4383e+14	1.1164e-17	2.1642e-16
1.4394e+14	1.1983e-17	2.3848e-16
1.4405e+14	5.8254e-17	2.4254e-16
1.4417e+14	2.5384e-17	2.2595e-16
1.4428e+14	-2.9251e-18	2.119e-16
1.4439e+14	4.7521e-17	2.093e-16
1.445e+14	4.6602e-17	2.1702e-16
1.4461e+14	-5.7436e-19	2.2208e-16
1.4473e+14	3.1128e-17	2.1013e-16
1.4484e+14	5.7604e-17	1.9695e-16
1.4495e+14	6.3933e-18	1.9707e-16
1.4506e+14	8.953e-18	1.8988e-16
1.4518e+14	5.7896e-17	1.7694e-16
1.4529e+14	2.5564e-17	1.9354e-16
1.454e+14	-2.59e-18	2.2544e-16
1.4551e+14	4.8613e-17	2.2596e-16
1.4562e+14	4.7203e-17	2.1022e-16
1.4574e+14	-1.8527e-18	2.1917e-16
1.4585e+14	2.929e-17	2.3869e-16
1.4596e+14	5.7034e-17	2.358e-16
1.4607e+14	5.7951e-18	2.1009e-16
1.4619e+14	6.7237e-18	1.8582e-16
1.463e+14	5.6661e-17	1.969e-16
1.4641e+14	2.8043e-17	2.3777e-16
1.4652e+14	5.8544e-19	2.4143e-16
1.4663e+14	4.8526e-17	1.9462e-16
1.4675e+14	4.4997e-17	1.8347e-16
1.4686e+14	-4.2033e-18	2.2561e-16
1.4697e+14	2.6527e-17	2.2628e-16
1.4708e+14	5.6024e-17	1.7407e-16
1.472e+14	9.1726e-18	1.6343e-16
1.4731e+14	1.0224e-17	2.0396e-16
1.4742e+14	5.4519e-17	2.2267e-16
1.4753e+14	2.2939e-17	2.1158e-16
1.4764e+14	-2.2485e-18	2.0662e-16
1.4776e+14	4.6669e-17	2.0841e-16
1.4787e+14	4.2539e-17	2.0921e-16
1.4798e+14	-3.664e-18	2.0652e-16
1.4809e+14	3.0172e-17	1.9431e-16
1.482e+14	5.6508e-17	1.9115e-16
1.4832e+14	5.0338e-18	2.0585e-16
1.4843e+14	7.2411e-18	1.9835e-16
1.4854e+14	5.4558e-17	1.6752e-16
1.4865e+14	2.2025e-17	1.714e-16
1.4877e+14	-4.8873e-18	1.9738e-16
1.4888e+14	4.463e-17	1.8232e-16
1.4899e+14	3.9942e-17	1.5523e-16
1.491e+14	-8.0592e-18	1.6999e-16
1.4921e+14	2.7351e-17	1.8468e-16
1.4933e+14	5.6136e-17	1.66e-16
1.4944e+14	2.0642e-18	1.5962e-16
1.4955e+14	1.2577e-18	1.7464e-16
1.4966e+14	5.2326e-17	1.7514e-16
1.4978e+14	2.45e-17	1.7501e-16
1.4989e+14	-4.4041e-18	1.9137e-16
1.5e+14	4.2153e-17	1.9466e-16
1.5011e+14	3.9406e-17	1.8408e-16
1.5022e+14	-7.7575e-18	1.8455e-16
1.5034e+14	2.4855e-17	1.8191e-16
1.5045e+14	5.5009e-17	1.7197e-16
1.5056e+14	6.5119e-18	1.7883e-16
1.5067e+14	5.3116e-18	1.798e-16
1.5079e+14	4.9849e-17	1.5253e-16
1.509e+14	1.9838e-17	1.4675e-16
1.5101e+14	-5.2135e-18	1.7469e-16
1.5112e+14	4.3351e-17	1.7034e-16
1.5123e+14	3.8803e-17	1.3997e-16
1.5135e+14	-9.1063e-18	1.5402e-16
1.5146e+14	2.4562e-17	1.868e-16
1.5157e+14	5.3691e-17	1.73e-16
1.5168e+14	2.3367e-18	1.4723e-16
1.518e+14	1.676e-18	1.589e-16
1.5191e+14	5.0539e-17	1.7751e-16
1.5202e+14	2.1437e-17	1.7754e-16
1.5213e+14	-8.3285e-18	1.7668e-16
1.5224e+14	3.7986e-17	1.7384e-16
1.5236e+14	3.6843e-17	1.609e-16
1.5247e+14	-9.8246e-18	1.5368e-16
1.5258e+14	2.127e-17	1.5711e-16
1.5269e+14	5.2371e-17	1.6327e-16
1.528e+14	6.6876e-18	1.756e-16
1.5292e+14	5.4142e-18	1.8511e-16
1.5303e+14	4.9021e-17	1.748e-16
1.5314e+14	1.9937e-17	1.5916e-16
1.5325e+14	-6.1253e-18	1.5737e-16
1.5337e+14	4.0059e-17	1.5932e-16
1.5348e+14	3.7137e-17	1.5813e-16
1.5359e+14	-8.5712e-18	1.5817e-16
1.537e+14	2.2577e-17	1.5156e-16
1.5381e+14	5.0129e-17	1.4127e-16
1.5393e+14	1.8591e-18	1.4646e-16
1.5404e+14	2.2954e-18	1.6075e-16
1.5415e+14	4.9182e-17	1.6657e-16
1.5426e+14	2.1148e-17	1.7068e-16
1.5438e+14	-6.348e-18	1.7393e-16
1.5449e+14	3.9186e-17	1.6433e-16
1.546e+14	3.8238e-17	1.5434e-16
1.5471e+14	-6.5436e-18	1.5533e-16
1.5482e+14	2.1702e-17	1.5073e-16
1.5494e+14	4.7373e-17	1.4303e-16
1.5505e+14	1.9815e-18	1.4852e-16
1.5516e+14	4.2503e-18	1.4618e-16
1.5527e+14	4.7356e-17	1.2576e-16
1.5539e+14	1.599e-17	1.25e-16
1.555e+14	-9.112e-18	1.4525e-16
1.5561e+14	3.9394e-17	1.4241e-16
1.5572e+14	3.6979e-17	1.2574e-16
1.5583e+14	-9.4691e-18	1.3469e-16
1.5595e+14	2.1102e-17	1.5308e-16
1.5606e+14	4.8696e-17	1.54e-16
1.5617e+14	6.3946e-19	1.4694e-16
1.5628e+14	6.8589e-19	1.3432e-16
1.5639e+14	4.7262e-17	1.207e-16
1.5651e+14	1.9786e-17	1.3282e-16
1.5662e+14	-7.6417e-18	1.5463e-16
1.5673e+14	3.6875e-17	1.4402e-16
1.5684e+14	3.5656e-17	1.2922e-16
1.5696e+14	-8.0777e-18	1.5031e-16
1.5707e+14	2.1269e-17	1.6589e-16
1.5718e+14	4.7539e-17	1.4736e-16
1.5729e+14	1.9225e-18	1.392e-16
1.574e+14	3.6278e-18	1.4982e-16
1.5752e+14	4.806e-17	1.4352e-16
1.5763e+14	1.9201e-17	1.3614e-16
1.5774e+14	-6.5263e-18	1.4828e-16
1.5785e+14	3.847e-17	1.4651e-16
1.5797e+14	3.4308e-17	1.2897e-16
1.5808e+14	-1.1997e-17	1.3419e-16
1.5819e+14	1.8194e-17	1.4586e-16
1.583e+14	4.6629e-17	1.3345e-16
1.5841e+14	1.5178e-18	1.2749e-16
1.5853e+14	2.9475e-18	1.4313e-16
1.5864e+14	4.814e-17	1.4268e-16
1.5875e+14	1.9016e-17	1.2397e-16
1.5886e+14	-9.7173e-18	1.2081e-16
1.5898e+14	3.3997e-17	1.3256e-16
1.5909e+14	3.3912e-17	1.4566e-16
1.592e+14	-8.4194e-18	1.5827e-16
1.5931e+14	1.9819e-17	1.5359e-16
1.5942e+14	4.4562e-17	1.3135e-16
1.5954e+14	-1.1159e-19	1.2766e-16
1.5965e+14	3.053e-18	1.4295e-16
1.5976e+14	4.6712e-17	1.4019e-16
1.5987e+14	1.5465e-17	1.269e-16
1.5999e+14	-1.1731e-17	1.3046e-16
1.601e+14	3.4928e-17	1.3276e-16
1.6021e+14	3.4382e-17	1.1965e-16
1.6032e+14	-1.0775e-17	1.163e-16
1.6043e+14	1.752e-17	1.2867e-16
1.6055e+14	4.5315e-17	1.3711e-16
1.6066e+14	1.4377e-18	1.3975e-16
1.6077e+14	2.8633e-18	1.3801e-16
1.6088e+14	4.742e-17	1.2696e-16
1.6099e+14	1.9025e-17	1.2015e-16
1.6111e+14	-8.9134e-18	1.266e-16
1.6122e+14	3.4821e-17	1.3028e-16
1.6133e+14	3.4324e-17	1.284e-16
1.6144e+14	-9.7033e-18	1.3065e-16
1.6156e+14	1.7495e-17	1.2706e-16
1.6167e+14	4.4617e-17	1.1772e-16
1.6178e+14	1.0475e-18	1.2284e-16
1.6189e+14	1.337e-19	1.316e-16
1.62e+14	4.2178e-17	1.2324e-16
1.6212e+14	1.6221e-17	1.2076e-16
1.6223e+14	-8.2799e-18	1.3887e-16
1.6234e+14	3.4287e-17	1.4591e-16
1.6245e+14	3.202e-17	1.343e-16
1.6257e+14	-1.0034e-17	1.3136e-16
1.6268e+14	1.886e-17	1.325e-16
1.6279e+14	4.4457e-17	1.2142e-16
1.629e+14	-2.678e-19	1.1452e-16
1.6301e+14	-3.3768e-20	1.192e-16
1.6313e+14	4.2896e-17	1.2076e-16
1.6324e+14	1.6085e-17	1.2204e-16
1.6335e+14	-9.7961e-18	1.2398e-16
1.6346e+14	3.2635e-17	1.1294e-16
1.6358e+14	3.1978e-17	1.0573e-16
1.6369e+14	-9.0136e-18	1.219e-16
1.638e+14	1.8218e-17	1.2928e-16
1.6391e+14	4.2139e-17	1.1128e-16
1.6402e+14	-6.8707e-19	1.0984e-16
1.6414e+14	2.5162e-18	1.3197e-16
1.6425e+14	4.5141e-17	1.3413e-16
1.6436e+14	1.6118e-17	1.1977e-16
1.6447e+14	-1.0396e-17	1.2199e-16
1.6458e+14	3.2169e-17	1.2638e-16
1.647e+14	3.0346e-17	1.1603e-16
1.6481e+14	-1.1544e-17	1.121e-16
1.6492e+14	1.7275e-17	1.1736e-16
1.6503e+14	4.3576e-17	1.159e-16
1.6515e+14	6.6847e-19	1.1762e-16
1.6526e+14	1.5031e-18	1.2403e-16
1.6537e+14	4.2467e-17	1.1509e-16
1.6548e+14	1.3983e-17	1.0566e-16
1.6559e+14	-1.0672e-17	1.2023e-16
1.6571e+14	3.375e-17	1.3064e-16
1.6582e+14	3.2602e-17	1.1269e-16
1.6593e+14	-1.0195e-17	9.9193e-17
1.6604e+14	1.7213e-17	1.0973e-16
1.6616e+14	4.2013e-17	1.1701e-16
1.6627e+14	-3.0931e-18	1.1032e-16
1.6638e+14	-3.0088e-18	1.0788e-16
1.6649e+14	4.1315e-17	1.1474e-16
1.666e+14	1.6595e-17	1.23e-16
1.6672e+14	-9.2679e-18	1.2531e-16
1.6683e+14	3.1767e-17	1.1563e-16
1.6694e+14	3.0374e-17	1.046e-16
1.6705e+14	-1.1308e-17	1.0941e-16
1.6717e+14	1.6062e-17	1.1967e-16
1.6728e+14	4.2531e-17	1.1793e-16
1.6739e+14	6.9481e-19	1.1425e-16
1.675e+14	5.6292e-19	1.1713e-16
1.6761e+14	4.1337e-17	1.1504e-16
1.6773e+14	1.4848e-17	1.1016e-16
1.6784e+14	-1.0275e-17	1.1474e-16
1.6795e+14	3.1597e-17	1.1976e-16
1.6806e+14	3.0873e-17	1.1636e-16
1.6818e+14	-1.0567e-17	1.1691e-16
1.6829e+14	1.5898e-17	1.2366e-16
1.684e+14	4.1498e-17	1.2014e-16
1.6851e+14	-9.6362e-19	1.0374e-16
1.6862e+14	-2.7421e-18	9.0121e-17
1.6874e+14	3.7358e-17	9.0866e-17
1.6885e+14	1.3181e-17	1.0272e-16
1.6896e+14	-1.0232e-17	1.0913e-16
1.6907e+14	3.0398e-17	1.0011e-16
1.6918e+14	2.9395e-17	9.0984e-17
1.693e+14	-1.0258e-17	9.7556e-17
1.6941e+14	1.5903e-17	1.0966e-16
1.6952e+14	3.9943e-17	1.148e-16
1.6963e+14	-5.7017e-19	1.1462e-16
1.6975e+14	9.3921e-19	1.0807e-16
1.6986e+14	4.0124e-17	9.8324e-17
1.6997e+14	1.245e-17	1.0024e-16
1.7008e+14	-1.2124e-17	1.0952e-16
1.7019e+14	2.9394e-17	1.0625e-16
1.7031e+14	2.8758e-17	9.8639e-17
1.7042e+14	-1.0713e-17	1.0537e-16
1.7053e+14	1.6279e-17	1.133e-16
1.7064e+14	4.0485e-17	1.0842e-16
1.7076e+14	-1.4499e-18	1.0488e-16
1.7087e+14	-1.2868e-18	1.0778e-16
1.7098e+14	3.8582e-17	1.0482e-16
1.7109e+14	1.2916e-17	1.0067e-16
1.712e+14	-1.0398e-17	1.0526e-16
1.7132e+14	3.1062e-17	1.0974e-16
1.7143e+14	2.9297e-17	1.0868e-16
1.7154e+14	-1.2332e-17	1.0773e-16
1.7165e+14	1.3057e-17	1.0375e-16
1.7177e+14	3.8131e-17	9.5971e-17
1.7188e+14	-2.0059e-18	9.5591e-17
1.7199e+14	-1.5525e-18	1.0115e-16
1.721e+14	3.815e-17	1.0068e-16
1.7221e+14	1.2947e-17	9.7495e-17
1.7233e+14	-1.0802e-17	9.8984e-17
1.7244e+14	2.9898e-17	1.0189e-16
1.7255e+14	2.9383e-17	1.0593e-16
1.7266e+14	-1.075e-17	1.1015e-16
1.7277e+14	1.3818e-17	1.0483e-16
1.7289e+14	3.7981e-17	9.3968e-17
1.73e+14	-1.6801e-18	9.39e-17
1.7311e+14	-1.9597e-18	1.009e-16
1.7322e+14	3.6189e-17	1.0211e-16
1.7334e+14	1.1652e-17	1.0254e-16
1.7345e+14	-1.117e-17	1.0543e-16
1.7356e+14	2.8045e-17	1.0178e-16
1.7367e+14	2.7111e-17	9.479e-17
1.7378e+14	-1.0529e-17	9.3347e-17
1.739e+14	1.4609e-17	9.2705e-17
1.7401e+14	3.6199e-17	9.185e-17
1.7412e+14	-3.6705e-18	9.656e-17
1.7423e+14	-6.2217e-19	9.9225e-17
1.7435e+14	3.9609e-17	9.5905e-17
1.7446e+14	1.4634e-17	9.9638e-17
1.7457e+14	-8.6906e-18	1.0815e-16
1.7468e+14	2.994e-17	1.0584e-16
1.7479e+14	2.7575e-17	1.0084e-16
1.7491e+14	-1.0652e-17	1.0531e-16
1.7502e+14	1.5429e-17	1.0707e-16
1.7513e+14	3.7473e-17	1.026e-16
1.7524e+14	-3.3829e-18	1.0489e-16
1.7536e+14	-1.664e-18	1.0625e-16
1.7547e+14	3.7414e-17	9.613e-17
1.7558e+14	1.1592e-17	9.2632e-17
1.7569e+14	-1.13e-17	1.0325e-16
1.758e+14	2.8744e-17	1.0691e-16
1.7592e+14	2.6518e-17	1.0055e-16
1.7603e+14	-1.2784e-17	9.8985e-17
1.7614e+14	1.4104e-17	9.8369e-17
1.7625e+14	3.8731e-17	9.5047e-17
1.7636e+14	-1.8875e-18	9.9386e-17
1.7648e+14	-2.3816e-18	1.0339e-16
1.7659e+14	3.6535e-17	9.4272e-17
1.767e+14	1.258e-17	9.0077e-17
1.7681e+14	-1.0555e-17	1.0219e-16
1.7693e+14	2.8063e-17	1.0674e-16
1.7704e+14	2.6713e-17	9.6059e-17
1.7715e+14	-1.1818e-17	9.3304e-17
1.7726e+14	1.2883e-17	9.9202e-17
1.7737e+14	3.6294e-17	9.3583e-17
1.7749e+14	-2.0931e-18	8.1242e-17
1.776e+14	-1.755e-18	7.9337e-17
1.7771e+14	3.4468e-17	8.3305e-17
1.7782e+14	9.3109e-18	8.1934e-17
1.7794e+14	-1.1693e-17	7.9567e-17
1.7805e+14	2.8163e-17	8.4422e-17
1.7816e+14	2.6004e-17	9.2269e-17
1.7827e+14	-1.2287e-17	9.2092e-17
1.7838e+14	1.3532e-17	8.4835e-17
1.785e+14	3.6079e-17	8.3894e-17
1.7861e+14	-4.1099e-18	9.0781e-17
1.7872e+14	-3.0981e-18	9.2786e-17
1.7883e+14	3.5385e-17	8.9468e-17
1.7895e+14	1.0278e-17	8.9487e-17
1.7906e+14	-1.2373e-17	8.9863e-17
1.7917e+14	2.8069e-17	9.0156e-17
1.7928e+14	2.815e-17	9.7536e-17
1.7939e+14	-1.0629e-17	1.0077e-16
1.7951e+14	1.2592e-17	8.8233e-17
1.7962e+14	3.5181e-17	8.0904e-17
1.7973e+14	-2.6505e-18	9.0861e-17
1.7984e+14	-1.1656e-18	9.2064e-17
1.7996e+14	3.6194e-17	7.889e-17
1.8007e+14	1.1161e-17	7.9574e-17
1.8018e+14	-1.1333e-17	9.1582e-17
1.8029e+14	2.7613e-17	9.0123e-17
1.804e+14	2.6642e-17	8.4502e-17
1.8052e+14	-1.1034e-17	8.9673e-17
1.8063e+14	1.3458e-17	9.1687e-17
1.8074e+14	3.5505e-17	8.6879e-17
1.8085e+14	-3.7865e-18	8.7487e-17
1.8096e+14	-2.6609e-18	8.6146e-17
1.8108e+14	3.586e-17	7.8281e-17
1.8119e+14	1.172e-17	8.0694e-17
1.813e+14	-1.1274e-17	9.0492e-17
1.8141e+14	2.7339e-17	8.9001e-17
1.8153e+14	2.6866e-17	8.4133e-17
1.8164e+14	-1.132e-17	8.6494e-17
1.8175e+14	1.237e-17	8.4854e-17
1.8186e+14	3.6029e-17	8.0907e-17
1.8197e+14	-1.7539e-18	8.3503e-17
1.8209e+14	-3.2633e-18	7.7866e-17
1.822e+14	3.2333e-17	6.508e-17
1.8231e+14	1.0173e-17	7.5034e-17
1.8242e+14	-1.0025e-17	9.9645e-17
1.8254e+14	2.7239e-17	1.0198e-16
1.8265e+14	2.534e-17	9.0464e-17
1.8276e+14	-1.0869e-17	9.0192e-17
1.8287e+14	1.3378e-17	8.7941e-17
1.8298e+14	3.3792e-17	7.7451e-17
1.831e+14	-5.1352e-18	7.9558e-17
1.8321e+14	-2.8007e-18	8.8285e-17
1.8332e+14	3.5866e-17	8.3935e-17
1.8343e+14	1.1772e-17	7.8681e-17
1.8355e+14	-1.1567e-17	8.1347e-17
1.8366e+14	2.5728e-17	7.7592e-17
1.8377e+14	2.5156e-17	7.3658e-17
1.8388e+14	-1.1564e-17	8.3357e-17
1.8399e+14	1.2276e-17	8.9328e-17
1.8411e+14	3.4892e-17	8.1721e-17
1.8422e+14	-2.209e-18	7.9952e-17
1.8433e+14	-1.4947e-18	8.5186e-17
1.8444e+14	3.507e-17	8.3059e-17
1.8455e+14	1.1307e-17	8.2483e-17
1.8467e+14	-1.1581e-17	8.9567e-17
1.8478e+14	2.5024e-17	8.8954e-17
1.8489e+14	2.5021e-17	8.2537e-17
1.85e+14	-1.038e-17	8.4879e-17
1.8512e+14	1.2573e-17	8.7668e-17
1.8523e+14	3.3319e-17	8.2892e-17
1.8534e+14	-3.8257e-18	8.2333e-17
1.8545e+14	-2.4429e-18	8.6456e-17
1.8556e+14	3.4081e-17	8.4751e-17
1.8568e+14	1.0826e-17	8.0459e-17
1.8579e+14	-1.1185e-17	7.649e-17
1.859e+14	2.4852e-17	7.1007e-17
1.8601e+14	2.3603e-17	7.4397e-17
1.8613e+14	-1.1844e-17	8.6699e-17
1.8624e+14	1.1812e-17	8.7443e-17
1.8635e+14	3.3077e-17	7.8515e-17
1.8646e+14	-3.558e-18	7.9811e-17
1.8657e+14	-1.9693e-18	8.3269e-17
1.8669e+14	3.4121e-17	7.6999e-17
1.868e+14	1.0704e-17	7.6983e-17
1.8691e+14	-1.0703e-17	8.5086e-17
1.8702e+14	2.571e-17	8.2006e-17
1.8714e+14	2.396e-17	7.5897e-17
1.8725e+14	-1.2151e-17	8.2581e-17
1.8736e+14	1.1578e-17	8.574e-17
1.8747e+14	3.345e-17	7.7543e-17
1.8758e+14	-3.0942e-18	7.7347e-17
1.877e+14	-2.1667e-18	8.3244e-17
1.8781e+14	3.346e-17	7.886e-17
1.8792e+14	1.0052e-17	7.4196e-17
1.8803e+14	-1.1331e-17	7.8742e-17
1.8815e+14	2.5594e-17	8.0844e-17
1.8826e+14	2.4824e-17	8.1014e-17
1.8837e+14	-1.157e-17	8.6013e-17
1.8848e+14	1.0655e-17	8.463e-17
1.8859e+14	3.229e-17	7.7269e-17
1.8871e+14	-3.2985e-18	8.0161e-17
1.8882e+14	-2.4999e-18	8.4902e-17
1.8893e+14	3.2678e-17	7.822e-17
1.8904e+14	1.0129e-17	7.5474e-17
1.8915e+14	-1.0994e-17	7.9979e-17
1.8927e+14	2.4471e-17	7.161e-17
1.8938e+14	2.3193e-17	5.9607e-17
1.8949e+14	-1.2063e-17	6.6473e-17
1.896e+14	1.0384e-17	7.6027e-17
1.8972e+14	3.1419e-17	7.094e-17
1.8983e+14	-3.5565e-18	6.9237e-17
1.8994e+14	-1.9389e-18	7.7311e-17
1.9005e+14	3.2549e-17	7.7881e-17
1.9016e+14	8.9012e-18	7.311e-17
1.9028e+14	-1.253e-17	7.3668e-17
1.9039e+14	2.3179e-17	7.2352e-17
1.905e+14	2.2826e-17	6.9675e-17
1.9061e+14	-1.1246e-17	7.6077e-17
1.9073e+14	1.1114e-17	8.1569e-17
1.9084e+14	3.1063e-17	7.4896e-17
1.9095e+14	-4.2177e-18	6.9483e-17
1.9106e+14	-2.2708e-18	7.3782e-17
1.9117e+14	3.2188e-17	7.5491e-17
1.9129e+14	8.9399e-18	6.9333e-17
1.914e+14	-1.1236e-17	6.4595e-17
1.9151e+14	2.4994e-17	6.9321e-17
1.9162e+14	2.3726e-17	8.1642e-17
1.9174e+14	-1.1299e-17	8.632e-17
1.9185e+14	1.0839e-17	7.3191e-17
1.9196e+14	3.0524e-17	6.0484e-17
1.9207e+14	-5.2305e-18	6.6026e-17
1.9218e+14	-2.9193e-18	7.5504e-17
1.923e+14	3.2826e-17	7.6401e-17
1.9241e+14	9.976e-18	7.7988e-17
1.9252e+14	-1.1695e-17	7.6956e-17
1.9263e+14	2.2981e-17	6.534e-17
1.9274e+14	2.1933e-17	6.1588e-17
1.9286e+14	-1.204e-17	7.2723e-17
1.9297e+14	1.0699e-17	7.3142e-17
1.9308e+14	3.0927e-17	6.1595e-17
1.9319e+14	-4.6444e-18	6.3795e-17
1.9331e+14	-3.6108e-18	7.1792e-17
1.9342e+14	3.0677e-17	6.4441e-17
1.9353e+14	8.333e-18	5.7646e-17
1.9364e+14	-1.1859e-17	6.5431e-17
1.9375e+14	2.3216e-17	6.9663e-17
1.9387e+14	2.2063e-17	6.5167e-17
1.9398e+14	-1.1425e-17	6.6622e-17
1.9409e+14	1.1614e-17	7.0875e-17
1.942e+14	3.1515e-17	6.8533e-17
1.9432e+14	-4.1881e-18	6.4663e-17
1.9443e+14	-3.1441e-18	6.168e-17
1.9454e+14	3.0617e-17	5.9869e-17
1.9465e+14	7.8238e-18	6.5466e-17
1.9476e+14	-1.1976e-17	7.0827e-17
1.9488e+14	2.336e-17	6.3794e-17
1.9499e+14	2.1324e-17	5.7505e-17
1.951e+14	-1.3063e-17	6.3825e-17
1.9521e+14	1.0418e-17	6.7471e-17
1.9533e+14	3.1063e-17	6.263e-17
1.9544e+14	-4.7937e-18	6.3267e-17
1.9555e+14	-3.4286e-18	6.7526e-17
1.9566e+14	3.1883e-17	6.6472e-17
1.9577e+14	9.3985e-18	6.6509e-17
1.9589e+14	-1.212e-17	6.7123e-17
1.96e+14	2.272e-17	6.0791e-17
1.9611e+14	2.2117e-17	5.8199e-17
1.9622e+14	-1.2333e-17	6.5493e-17
1.9634e+14	9.6596e-18	6.7683e-17
1.9645e+14	3.0855e-17	6.4205e-17
1.9656e+14	-3.5778e-18	6.6948e-17
1.9667e+14	-3.4076e-18	6.7312e-17
1.9678e+14	3.0015e-17	6.0499e-17
1.969e+14	8.277e-18	6.2006e-17
1.9701e+14	-1.1646e-17	6.7916e-17
1.9712e+14	2.3226e-17	6.34e-17
1.9723e+14	2.2123e-17	6.2065e-17
1.9734e+14	-1.2654e-17	7.0319e-17
1.9746e+14	8.7319e-18	6.5407e-17
1.9757e+14	2.9852e-17	5.2384e-17
1.9768e+14	-3.9523e-18	5.8688e-17
1.9779e+14	-3.5464e-18	7.0116e-17
1.9791e+14	3.0304e-17	6.3758e-17
1.9802e+14	9.6439e-18	6.0126e-17
1.9813e+14	-1.0668e-17	7.0483e-17
1.9824e+14	2.2237e-17	7.1187e-17
1.9835e+14	2.0742e-17	6.1915e-17
1.9847e+14	-1.2848e-17	6.1086e-17
1.9858e+14	8.3628e-18	6.0653e-17
1.9869e+14	2.8594e-17	5.5685e-17
1.988e+14	-4.4835e-18	6.1496e-17
1.9892e+14	-3.0791e-18	6.9914e-17
1.9903e+14	3.0198e-17	6.2735e-17
1.9914e+14	8.5932e-18	5.385e-17
1.9925e+14	-1.1921e-17	5.574e-17
1.9936e+14	2.1217e-17	5.6624e-17
1.9948e+14	2.0459e-17	5.763e-17
1.9959e+14	-1.2318e-17	6.4318e-17
1.997e+14	8.8617e-18	6.0541e-17
1.9981e+14	2.8978e-17	4.7691e-17
1.9993e+14	-3.7186e-18	5.1036e-17
2.0004e+14	-2.9558e-18	6.3755e-17
2.0015e+14	2.8886e-17	6.2539e-17
2.0026e+14	7.7751e-18	5.8839e-17
2.0037e+14	-1.0739e-17	6.4894e-17
2.0049e+14	2.2631e-17	6.5094e-17
2.006e+14	2.0539e-17	5.8898e-17
2.0071e+14	-1.2447e-17	6.0202e-17
2.0082e+14	9.236e-18	6.0208e-17
2.0093e+14	2.8679e-17	5.2842e-17
2.0105e+14	-5.0156e-18	5.2178e-17
2.0116e+14	-4.1233e-18	5.53e-17
2.0127e+14	2.808e-17	5.1576e-17
2.0138e+14	6.5425e-18	5.3788e-17
2.015e+14	-1.224e-17	6.3314e-17
2.0161e+14	2.1889e-17	5.89e-17
2.0172e+14	2.0559e-17	4.7131e-17
2.0183e+14	-1.2886e-17	4.9721e-17
2.0194e+14	7.7358e-18	5.532e-17
2.0206e+14	2.6924e-17	5.1574e-17
2.0217e+14	-6.0668e-18	5.2283e-17
2.0228e+14	-4.2893e-18	5.5692e-17
2.0239e+14	2.8453e-17	4.8681e-17
2.0251e+14	6.7327e-18	4.575e-17
2.0262e+14	-1.2928e-17	5.5845e-17
2.0273e+14	2.0551e-17	5.8123e-17
2.0284e+14	1.9327e-17	5.068e-17
2.0295e+14	-1.3774e-17	5.1926e-17
2.0307e+14	7.4392e-18	5.4413e-17
2.0318e+14	2.7578e-17	4.7345e-17
2.0329e+14	-5.546e-18	4.5327e-17
2.034e+14	-5.5067e-18	5.0567e-17
2.0352e+14	2.6375e-17	4.9435e-17
2.0363e+14	5.9319e-18	4.9872e-17
2.0374e+14	-1.2639e-17	5.8126e-17
2.0385e+14	2.0583e-17	5.5588e-17
2.0396e+14	1.9439e-17	4.289e-17
2.0408e+14	-1.2977e-17	4.4144e-17
2.0419e+14	8.1255e-18	5.589e-17
2.043e+14	2.7644e-17	5.7564e-17
2.0441e+14	-5.6189e-18	5.2023e-17
2.0453e+14	-5.4784e-18	4.9156e-17
2.0464e+14	2.6651e-17	4.8561e-17
2.0475e+14	6.7212e-18	5.2071e-17
2.0486e+14	-1.1808e-17	5.5966e-17
2.0497e+14	2.0983e-17	5.0786e-17
2.0509e+14	1.9834e-17	4.5545e-17
2.052e+14	-1.2793e-17	5.0968e-17
2.0531e+14	7.1664e-18	5.3194e-17
2.0542e+14	2.63e-17	4.6149e-17
2.0553e+14	-5.633e-18	4.6317e-17
2.0565e+14	-4.4916e-18	5.2422e-17
2.0576e+14	2.7135e-17	4.9492e-17
2.0587e+14	6.3895e-18	4.5188e-17
2.0598e+14	-1.2826e-17	4.7917e-17
2.061e+14	1.939e-17	4.6614e-17
2.0621e+14	1.8954e-17	4.2692e-17
2.0632e+14	-1.1947e-17	4.7212e-17
2.0643e+14	8.3305e-18	4.9997e-17
2.0654e+14	2.6105e-17	4.3816e-17
2.0666e+14	-6.5574e-18	4.3261e-17
2.0677e+14	-5.0062e-18	4.856e-17
2.0688e+14	2.671e-17	4.5418e-17
2.0699e+14	5.7542e-18	4.0449e-17
2.0711e+14	-1.2902e-17	4.3302e-17
2.0722e+14	1.9915e-17	4.3671e-17
2.0733e+14	1.847e-17	3.9335e-17
2.0744e+14	-1.4314e-17	4.0478e-17
2.0755e+14	5.9192e-18	4.3166e-17
2.0767e+14	2.5786e-17	4.1913e-17
2.0778e+14	-5.6451e-18	4.3061e-17
2.0789e+14	-4.8651e-18	4.4056e-17
2.08e+14	2.6599e-17	4.0337e-17
2.0812e+14	6.6415e-18	4.2362e-17
2.0823e+14	-1.231e-17	4.8747e-17
2.0834e+14	1.8973e-17	4.3097e-17
2.0845e+14	1.7827e-17	3.3231e-17
2.0856e+14	-1.3127e-17	3.6642e-17
2.0868e+14	7.2457e-18	4.2289e-17
2.0879e+14	2.5639e-17	3.9657e-17
2.089e+14	-6.3087e-18	4.1226e-17
2.0901e+14	-5.0724e-18	4.5802e-17
2.0912e+14	2.6227e-17	4.0179e-17
2.0924e+14	5.7113e-18	3.4721e-17
2.0935e+14	-1.3035e-17	4.0187e-17
2.0946e+14	1.9001e-17	4.285e-17
2.0957e+14	1.791e-17	3.8388e-17
2.0969e+14	-1.3879e-17	3.8801e-17
2.098e+14	6.3633e-18	4.0884e-17
2.0991e+14	2.6069e-17	3.7582e-17
2.1002e+14	-5.2078e-18	3.6442e-17
2.1013e+14	-5.1973e-18	3.7992e-17
2.1025e+14	2.5279e-17	3.63e-17
2.1036e+14	5.4759e-18	3.8237e-17
2.1047e+14	-1.34e-17	4.4124e-17
2.1058e+14	1.7544e-17	4.1737e-17
2.107e+14	1.7362e-17	3.6979e-17
2.1081e+14	-1.2406e-17	4.1343e-17
2.1092e+14	7.2027e-18	4.2772e-17
2.1103e+14	2.4706e-17	3.568e-17
2.1114e+14	-6.5268e-18	3.6303e-17
2.1126e+14	-5.0653e-18	4.2404e-17
2.1137e+14	2.5429e-17	3.8381e-17
2.1148e+14	5.1827e-18	3.4237e-17
2.1159e+14	-1.2886e-17	4.0799e-17
2.1171e+14	1.8639e-17	4.3548e-17
2.1182e+14	1.7478e-17	3.9078e-17
2.1193e+14	-1.3316e-17	4.0855e-17
2.1204e+14	6.5461e-18	4.3091e-17
2.1215e+14	2.46e-17	3.6876e-17
2.1227e+14	-6.8095e-18	3.5473e-17
2.1238e+14	-5.509e-18	4.2358e-17
2.1249e+14	2.5624e-17	4.2231e-17
2.126e+14	5.8755e-18	3.6732e-17
2.1272e+14	-1.2793e-17	3.6935e-17
2.1283e+14	1.8007e-17	3.6722e-17
2.1294e+14	1.7003e-17	3.2501e-17
2.1305e+14	-1.3572e-17	3.322e-17
2.1316e+14	6.0338e-18	3.6224e-17
2.1328e+14	2.4226e-17	3.3541e-17
2.1339e+14	-6.7991e-18	3.1379e-17
2.135e+14	-5.992e-18	3.4062e-17
2.1361e+14	2.436e-17	3.5497e-17
2.1372e+14	4.8248e-18	3.539e-17
2.1384e+14	-1.3167e-17	3.5884e-17
2.1395e+14	1.7849e-17	3.4134e-17
2.1406e+14	1.6862e-17	3.2985e-17
2.1417e+14	-1.3696e-17	3.511e-17
2.1429e+14	5.8438e-18	3.3306e-17
2.144e+14	2.4184e-17	2.8561e-17
2.1451e+14	-6.785e-18	3.073e-17
2.1462e+14	-6.5228e-18	3.4642e-17
2.1473e+14	2.3601e-17	3.2547e-17
2.1485e+14	4.7738e-18	3.3966e-17
2.1496e+14	-1.2951e-17	4.047e-17
2.1507e+14	1.7366e-17	3.8072e-17
2.1518e+14	1.6272e-17	3.0396e-17
2.153e+14	-1.3541e-17	3.1892e-17
2.1541e+14	6.2007e-18	3.6119e-17
2.1552e+14	2.4284e-17	3.3521e-17
2.1563e+14	-6.4728e-18	3.1644e-17
2.1574e+14	-6.0484e-18	3.2965e-17
2.1586e+14	2.364e-17	3.145e-17
2.1597e+14	4.5027e-18	3.1011e-17
2.1608e+14	-1.3064e-17	3.3562e-17
2.1619e+14	1.7342e-17	3.1323e-17
2.1631e+14	1.6058e-17	2.7273e-17
2.1642e+14	-1.4058e-17	2.9293e-17
2.1653e+14	5.4599e-18	3.0782e-17
2.1664e+14	2.3648e-17	2.7411e-17
2.1675e+14	-6.788e-18	2.6926e-17
2.1687e+14	-6.2142e-18	2.8591e-17
2.1698e+14	2.3407e-17	2.6844e-17
2.1709e+14	3.9664e-18	2.6888e-17
2.172e+14	-1.4049e-17	2.9707e-17
2.1731e+14	1.6534e-17	2.8333e-17
2.1743e+14	1.6106e-17	2.6747e-17
2.1754e+14	-1.3843e-17	2.9596e-17
2.1765e+14	5.0351e-18	2.9084e-17
2.1776e+14	2.3309e-17	2.5878e-17
2.1788e+14	-6.5016e-18	2.8724e-17
2.1799e+14	-6.0898e-18	3.0989e-17
2.181e+14	2.3397e-17	2.687e-17
2.1821e+14	4.7604e-18	2.7418e-17
2.1832e+14	-1.3075e-17	3.2492e-17
2.1844e+14	1.6474e-17	3.0036e-17
2.1855e+14	1.569e-17	2.6751e-17
2.1866e+14	-1.364e-17	3.0911e-17
2.1877e+14	5.2469e-18	3.0193e-17
2.1889e+14	2.3019e-17	2.311e-17
2.19e+14	-6.9179e-18	2.4136e-17
2.1911e+14	-6.6876e-18	2.7508e-17
2.1922e+14	2.2541e-17	2.2271e-17
2.1933e+14	4.2068e-18	2.1407e-17
2.1945e+14	-1.3373e-17	2.9564e-17
2.1956e+14	1.5946e-17	2.9659e-17
2.1967e+14	1.5401e-17	2.3065e-17
2.1978e+14	-1.3427e-17	2.4661e-17
2.199e+14	4.9767e-18	2.7946e-17
2.2001e+14	2.2058e-17	2.5236e-17
2.2012e+14	-7.4086e-18	2.589e-17
2.2023e+14	-6.502e-18	2.8541e-17
2.2034e+14	2.255e-17	2.4459e-17
2.2046e+14	4.0269e-18	2.2724e-17
2.2057e+14	-1.33e-17	2.8313e-17
2.2068e+14	1.6048e-17	2.8449e-17
2.2079e+14	1.5318e-17	2.3581e-17
2.2091e+14	-1.3494e-17	2.5131e-17
2.2102e+14	4.9913e-18	2.7594e-17
2.2113e+14	2.2146e-17	2.4917e-17
2.2124e+14	-7.304e-18	2.5182e-17
2.2135e+14	-6.695e-18	2.7614e-17
2.2147e+14	2.2144e-17	2.5487e-17
2.2158e+14	3.9346e-18	2.5059e-17
2.2169e+14	-1.3315e-17	2.7659e-17
2.218e+14	1.5482e-17	2.462e-17
2.2191e+14	1.4666e-17	2.2318e-17
2.2203e+14	-1.3491e-17	2.8589e-17
2.2214e+14	5.2594e-18	3.0387e-17
2.2225e+14	2.2202e-17	2.3219e-17
2.2236e+14	-7.1176e-18	2.218e-17
2.2248e+14	-6.3692e-18	2.6084e-17
2.2259e+14	2.2e-17	2.2674e-17
2.227e+14	3.3762e-18	1.963e-17
2.2281e+14	-1.3533e-17	2.4357e-17
2.2292e+14	1.5783e-17	2.6205e-17
2.2304e+14	1.4768e-17	2.3407e-17
2.2315e+14	-1.4118e-17	2.3987e-17
2.2326e+14	4.4597e-18	2.3812e-17
2.2337e+14	2.2031e-17	2.0832e-17
2.2349e+14	-7.0781e-18	2.2925e-17
2.236e+14	-6.8774e-18	2.5917e-17
2.2371e+14	2.1629e-17	2.2865e-17
2.2382e+14	3.8954e-18	2.247e-17
2.2393e+14	-1.3164e-17	2.6013e-17
2.2405e+14	1.5255e-17	2.2796e-17
2.2416e+14	1.4528e-17	1.8931e-17
2.2427e+14	-1.3648e-17	2.3544e-17
2.2438e+14	4.3363e-18	2.4852e-17
2.245e+14	2.1383e-17	1.9201e-17
2.2461e+14	-6.7788e-18	2.0579e-17
2.2472e+14	-6.0095e-18	2.5347e-17
2.2483e+14	2.1595e-17	2.1618e-17
2.2494e+14	3.322e-18	1.8973e-17
2.2506e+14	-1.3326e-17	2.2788e-17
2.2517e+14	1.4999e-17	2.0863e-17
2.2528e+14	1.3821e-17	1.7237e-17
2.2539e+14	-1.3966e-17	2.3706e-17
2.255e+14	4.5998e-18	2.8261e-17
2.2562e+14	2.1355e-17	2.2498e-17
2.2573e+14	-7.3008e-18	2.0974e-17
2.2584e+14	-6.3693e-18	2.4807e-17
2.2595e+14	2.1593e-17	2.1321e-17
2.2607e+14	3.2958e-18	1.7529e-17
2.2618e+14	-1.341e-17	2.1412e-17
2.2629e+14	1.5251e-17	2.1242e-17
2.264e+14	1.4356e-17	1.6126e-17
2.2651e+14	-1.3813e-17	1.8544e-17
2.2663e+14	4.1897e-18	2.2953e-17
2.2674e+14	2.1021e-17	2.0232e-17
2.2685e+14	-7.3229e-18	1.9323e-17
2.2696e+14	-6.5297e-18	2.2883e-17
2.2708e+14	2.1326e-17	2.1882e-17
2.2719e+14	3.3188e-18	1.9901e-17
2.273e+14	-1.3355e-17	2.2447e-17
2.2741e+14	1.5036e-17	2.1991e-17
2.2752e+14	1.4215e-17	1.838e-17
2.2764e+14	-1.3859e-17	1.934e-17
2.2775e+14	3.7709e-18	2.0193e-17
2.2786e+14	2.0414e-17	1.714e-17
2.2797e+14	-7.617e-18	1.8021e-17
2.2809e+14	-6.7018e-18	2.1149e-17
2.282e+14	2.0993e-17	1.9089e-17
2.2831e+14	2.9614e-18	1.8592e-17
2.2842e+14	-1.3746e-17	2.3125e-17
2.2853e+14	1.4618e-17	2.2553e-17
2.2865e+14	1.4087e-17	1.8113e-17
2.2876e+14	-1.3746e-17	1.9188e-17
2.2887e+14	3.876e-18	2.049e-17
2.2898e+14	2.0774e-17	1.7538e-17
2.2909e+14	-7.0546e-18	1.8416e-17
2.2921e+14	-6.6142e-18	2.1926e-17
2.2932e+14	2.0828e-17	2.0677e-17
2.2943e+14	3.3708e-18	2.0072e-17
2.2954e+14	-1.3245e-17	2.2385e-17
2.2966e+14	1.4358e-17	1.9698e-17
2.2977e+14	1.3666e-17	1.6651e-17
2.2988e+14	-1.3657e-17	2.1439e-17
2.2999e+14	4.0121e-18	2.4388e-17
2.301e+14	2.0827e-17	2.0018e-17
2.3022e+14	-6.7549e-18	1.9008e-17
2.3033e+14	-6.5928e-18	2.1312e-17
2.3044e+14	2.0161e-17	1.8735e-17
2.3055e+14	2.7681e-18	1.7019e-17
2.3067e+14	-1.3426e-17	1.9629e-17
2.3078e+14	1.4065e-17	1.8052e-17
2.3089e+14	1.3363e-17	1.4843e-17
2.31e+14	-1.3604e-17	1.7624e-17
2.3111e+14	3.7976e-18	1.888e-17
2.3123e+14	1.991e-17	1.525e-17
2.3134e+14	-7.6014e-18	1.6291e-17
2.3145e+14	-6.7877e-18	1.9274e-17
2.3156e+14	2.0269e-17	1.6153e-17
2.3168e+14	2.9077e-18	1.5191e-17
2.3179e+14	-1.3149e-17	2.0069e-17
2.319e+14	1.4425e-17	1.9863e-17
2.3201e+14	1.3591e-17	1.6302e-17
2.3212e+14	-1.3609e-17	1.8356e-17
2.3224e+14	3.7305e-18	1.8971e-17
2.3235e+14	2.0081e-17	1.4491e-17
2.3246e+14	-7.3158e-18	1.5283e-17
2.3257e+14	-6.792e-18	1.8865e-17
2.3269e+14	2.0127e-17	1.5585e-17
2.328e+14	2.997e-18	1.3347e-17
2.3291e+14	-1.31e-17	1.7774e-17
2.3302e+14	1.4175e-17	1.8261e-17
2.3313e+14	1.3354e-17	1.4853e-17
2.3325e+14	-1.3794e-17	1.7166e-17
2.3336e+14	3.4099e-18	1.9917e-17
2.3347e+14	1.9974e-17	1.727e-17
2.3358e+14	-7.0968e-18	1.6626e-17
2.3369e+14	-6.7691e-18	1.8141e-17
2.3381e+14	2.0051e-17	1.5829e-17
2.3392e+14	3.1808e-18	1.4848e-17
2.3403e+14	-1.3343e-17	1.7019e-17
2.3414e+14	1.3257e-17	1.4655e-17
2.3426e+14	1.3025e-17	1.1678e-17
2.3437e+14	-1.3271e-17	1.5302e-17
2.3448e+14	3.435e-18	1.7409e-17
2.3459e+14	1.9557e-17	1.4667e-17
2.347e+14	-6.6918e-18	1.6108e-17
2.3482e+14	-6.0716e-18	1.8494e-17
2.3493e+14	1.9833e-17	1.4252e-17
2.3504e+14	2.7626e-18	1.2246e-17
2.3515e+14	-1.3041e-17	1.6614e-17
2.3527e+14	1.3553e-17	1.6835e-17
2.3538e+14	1.2825e-17	1.386e-17
2.3549e+14	-1.3312e-17	1.5716e-17
2.356e+14	3.6342e-18	1.6685e-17
2.3571e+14	1.9371e-17	1.4185e-17
2.3583e+14	-7.2292e-18	1.6215e-17
2.3594e+14	-6.4175e-18	1.8845e-17
2.3605e+14	1.9878e-17	1.5118e-17
2.3616e+14	3.0054e-18	1.3811e-17
2.3628e+14	-1.2896e-17	1.7554e-17
2.3639e+14	1.362e-17	1.6151e-17
2.365e+14	1.3173e-17	1.3162e-17
2.3661e+14	-1.2786e-17	1.6495e-17
2.3672e+14	3.7825e-18	1.7056e-17
2.3684e+14	1.9197e-17	1.1984e-17
2.3695e+14	-7.3011e-18	1.2805e-17
2.3706e+14	-6.5753e-18	1.6371e-17
2.3717e+14	1.9438e-17	1.3181e-17
2.3728e+14	2.6899e-18	1.1656e-17
2.374e+14	-1.301e-17	1.5915e-17
2.3751e+14	1.3282e-17	1.5036e-17
2.3762e+14	1.2641e-17	1.1358e-17
2.3773e+14	-1.3212e-17	1.4084e-17
2.3785e+14	3.4905e-18	1.5578e-17
2.3796e+14	1.9195e-17	1.2248e-17
2.3807e+14	-6.9221e-18	1.4263e-17
2.3818e+14	-6.3022e-18	1.7869e-17
2.3829e+14	1.9414e-17	1.382e-17
2.3841e+14	2.8783e-18	1.1733e-17
2.3852e+14	-1.2646e-17	1.6241e-17
2.3863e+14	1.3256e-17	1.5187e-17
2.3874e+14	1.2466e-17	1.059e-17
2.3886e+14	-1.3037e-17	1.3257e-17
2.3897e+14	3.6083e-18	1.5584e-17
2.3908e+14	1.8849e-17	1.2078e-17
2.3919e+14	-7.3179e-18	1.2919e-17
2.393e+14	-6.5044e-18	1.5863e-17
2.3942e+14	1.9091e-17	1.1689e-17
2.3953e+14	2.3823e-18	9.8289e-18
2.3964e+14	-1.3017e-17	1.5476e-17
2.3975e+14	1.3132e-17	1.537e-17
2.3987e+14	1.2447e-17	1.0187e-17
2.3998e+14	-1.3178e-17	1.2294e-17
2.4009e+14	3.3733e-18	1.4995e-17
2.402e+14	1.8855e-17	1.067e-17
2.4031e+14	-7.1662e-18	1.0099e-17
2.4043e+14	-6.7083e-18	1.4757e-17
2.4054e+14	1.8786e-17	1.3902e-17
2.4065e+14	2.6356e-18	1.1724e-17
2.4076e+14	-1.262e-17	1.464e-17
2.4088e+14	1.2955e-17	1.4425e-17
2.4099e+14	1.2193e-17	1.0718e-17
2.411e+14	-1.2946e-17	1.2488e-17
2.4121e+14	3.4956e-18	1.4767e-17
2.4132e+14	1.8501e-17	1.1636e-17
2.4144e+14	-7.3695e-18	1.1297e-17
2.4155e+14	-6.5568e-18	1.4691e-17
2.4166e+14	1.8759e-17	1.3581e-17
2.4177e+14	2.3638e-18	1.1468e-17
2.4188e+14	-1.2709e-17	1.3141e-17
2.42e+14	1.3108e-17	1.2686e-17
2.4211e+14	1.2265e-17	1.0524e-17
2.4222e+14	-1.312e-17	1.2116e-17
2.4233e+14	3.3002e-18	1.2672e-17
2.4245e+14	1.8564e-17	1.0185e-17
2.4256e+14	-7.2315e-18	1.1139e-17
2.4267e+14	-6.631e-18	1.2398e-17
2.4278e+14	1.8765e-17	9.3682e-18
2.4289e+14	2.6352e-18	1.0249e-17
2.4301e+14	-1.2729e-17	1.5135e-17
2.4312e+14	1.2653e-17	1.3036e-17
2.4323e+14	1.2038e-17	8.9097e-18
2.4334e+14	-1.3106e-17	1.2297e-17
2.4346e+14	3.0225e-18	1.3936e-17
2.4357e+14	1.8341e-17	9.3718e-18
2.4368e+14	-7.0306e-18	9.9208e-18
2.4379e+14	-6.7183e-18	1.3562e-17
2.439e+14	1.8142e-17	1.058e-17
2.4402e+14	2.3389e-18	8.9172e-18
2.4413e+14	-1.2553e-17	1.3669e-17
2.4424e+14	1.27e-17	1.3655e-17
2.4435e+14	1.213e-17	9.5746e-18
2.4447e+14	-1.2756e-17	1.1626e-17
2.4458e+14	3.0129e-18	1.3767e-17
2.4469e+14	1.7963e-17	1.0248e-17
2.448e+14	-6.9551e-18	1.0006e-17
2.4491e+14	-6.2653e-18	1.2863e-17
2.4503e+14	1.8303e-17	1.1036e-17
2.4514e+14	2.3687e-18	1.0386e-17
2.4525e+14	-1.238e-17	1.4167e-17
2.4536e+14	1.2652e-17	1.2932e-17
2.4547e+14	1.1838e-17	9.0038e-18
2.4559e+14	-1.2866e-17	1.1351e-17
2.457e+14	3.0261e-18	1.2838e-17
2.4581e+14	1.7848e-17	9.0125e-18
2.4592e+14	-7.1103e-18	9.8094e-18
2.4604e+14	-6.4716e-18	1.3505e-17
2.4615e+14	1.797e-17	1.0892e-17
2.4626e+14	2.148e-18	9.17e-18
2.4637e+14	-1.2441e-17	1.3094e-17
2.4648e+14	1.2431e-17	1.2133e-17
2.466e+14	1.1515e-17	7.6646e-18
2.4671e+14	-1.2918e-17	1.0152e-17
2.4682e+14	3.1825e-18	1.3011e-17
2.4693e+14	1.7862e-17	9.6879e-18
2.4705e+14	-7.3013e-18	9.4412e-18
2.4716e+14	-6.6264e-18	1.2456e-17
2.4727e+14	1.8053e-17	9.9151e-18
2.4738e+14	2.2764e-18	7.794e-18
2.4749e+14	-1.2633e-17	1.158e-17
2.4761e+14	1.2147e-17	1.1899e-17
2.4772e+14	1.1635e-17	8.5378e-18
2.4783e+14	-1.2733e-17	1.046e-17
2.4794e+14	2.9359e-18	1.2475e-17
2.4806e+14	1.7744e-17	9.2354e-18
2.4817e+14	-6.8426e-18	9.157e-18
2.4828e+14	-6.3698e-18	1.2055e-17
2.4839e+14	1.7688e-17	9.6281e-18
2.485e+14	2.0454e-18	7.6586e-18
2.4862e+14	-1.2432e-17	1.1666e-17
2.4873e+14	1.2288e-17	1.2737e-17
2.4884e+14	1.1682e-17	9.6277e-18
2.4895e+14	-1.2665e-17	1.0377e-17
2.4907e+14	2.6996e-18	1.1629e-17
2.4918e+14	1.7346e-17	9.2698e-18
2.4929e+14	-6.855e-18	9.4206e-18
2.494e+14	-6.2227e-18	1.091e-17
2.4951e+14	1.7539e-17	8.3327e-18
2.4963e+14	1.8827e-18	8.0979e-18
2.4974e+14	-1.2431e-17	1.2217e-17
2.4985e+14	1.2154e-17	1.1341e-17
2.4996e+14	1.1631e-17	7.9436e-18
2.5007e+14	-1.2208e-17	1.0186e-17
2.5019e+14	3.225e-18	1.1167e-17
2.503e+14	1.7348e-17	7.5054e-18
2.5041e+14	-7.1057e-18	9.1767e-18
2.5052e+14	-6.2318e-18	1.3632e-17
2.5064e+14	1.7759e-17	1.0715e-17
2.5075e+14	2.0961e-18	7.409e-18
2.5086e+14	-1.2347e-17	1.0253e-17
2.5097e+14	1.2144e-17	1.0644e-17
2.5108e+14	1.1567e-17	8.5646e-18
2.512e+14	-1.2458e-17	1.1506e-17
2.5131e+14	2.8366e-18	1.2796e-17
2.5142e+14	1.7276e-17	8.0433e-18
2.5153e+14	-6.8253e-18	7.5231e-18
2.5165e+14	-6.2166e-18	1.1035e-17
2.5176e+14	1.7419e-17	9.1811e-18
2.5187e+14	1.9622e-18	7.4182e-18
2.5198e+14	-1.2278e-17	1.1138e-17
2.5209e+14	1.2013e-17	1.1298e-17
2.5221e+14	1.1426e-17	7.7345e-18
2.5232e+14	-1.2351e-17	9.3337e-18
2.5243e+14	2.8953e-18	1.1119e-17
2.5254e+14	1.7104e-17	7.8284e-18
2.5266e+14	-7.0378e-18	7.829e-18
2.5277e+14	-6.3761e-18	1.0992e-17
2.5288e+14	1.7412e-17	8.7096e-18
2.5299e+14	2.1755e-18	6.3794e-18
2.531e+14	-1.2221e-17	9.7999e-18
2.5322e+14	1.1627e-17	1.0356e-17
2.5333e+14	1.0939e-17	6.9266e-18
2.5344e+14	-1.2674e-17	8.2121e-18
2.5355e+14	2.6652e-18	1.0685e-17
2.5366e+14	1.7132e-17	8.6039e-18
2.5378e+14	-6.7296e-18	8.2847e-18
2.5389e+14	-6.2584e-18	1.0679e-17
2.54e+14	1.7297e-17	9.4858e-18
2.5411e+14	2.2345e-18	8.2952e-18
2.5423e+14	-1.2143e-17	1.0436e-17
2.5434e+14	1.1552e-17	9.5968e-18
2.5445e+14	1.1227e-17	7.0422e-18
2.5456e+14	-1.2055e-17	9.0439e-18
2.5467e+14	2.7872e-18	1.0295e-17
2.5479e+14	1.6826e-17	7.7128e-18
2.549e+14	-6.7313e-18	8.7835e-18
2.5501e+14	-6.2192e-18	1.1531e-17
2.5512e+14	1.6873e-17	8.6591e-18
2.5524e+14	1.894e-18	6.5084e-18
2.5535e+14	-1.1958e-17	9.5029e-18
2.5546e+14	1.1735e-17	9.4774e-18
2.5557e+14	1.103e-17	6.8843e-18
2.5568e+14	-1.2408e-17	8.8142e-18
2.558e+14	2.4714e-18	9.9918e-18
2.5591e+14	1.6664e-17	6.8884e-18
2.5602e+14	-6.7126e-18	7.4606e-18
2.5613e+14	-6.2635e-18	1.0308e-17
2.5625e+14	1.6753e-17	8.0426e-18
2.5636e+14	1.9915e-18	6.8026e-18
2.5647e+14	-1.1801e-17	1.0529e-17
2.5658e+14	1.1633e-17	1.0142e-17
2.5669e+14	1.0958e-17	6.2748e-18
2.5681e+14	-1.2243e-17	7.6192e-18
2.5692e+14	2.5017e-18	9.4043e-18
2.5703e+14	1.6517e-17	6.7083e-18
2.5714e+14	-6.6924e-18	6.9085e-18
2.5726e+14	-6.226e-18	9.6375e-18
2.5737e+14	1.6554e-17	7.5628e-18
2.5748e+14	1.7864e-18	5.7521e-18
2.5759e+14	-1.1936e-17	8.7225e-18
2.577e+14	1.1407e-17	9.0318e-18
2.5782e+14	1.0882e-17	6.7783e-18
2.5793e+14	-1.1984e-17	8.6502e-18
2.5804e+14	2.7278e-18	9.6524e-18
2.5815e+14	1.652e-17	6.128e-18
2.5826e+14	-6.7272e-18	6.0137e-18
2.5838e+14	-6.3035e-18	8.9794e-18
2.5849e+14	1.6488e-17	7.7527e-18
2.586e+14	1.9989e-18	6.6806e-18
2.5871e+14	-1.1655e-17	9.4204e-18
2.5883e+14	1.1372e-17	9.0149e-18
2.5894e+14	1.0831e-17	6.3894e-18
2.5905e+14	-1.1746e-17	8.069e-18
2.5916e+14	2.8499e-18	9.0857e-18
2.5927e+14	1.6322e-17	6.3327e-18
2.5939e+14	-6.8444e-18	6.954e-18
2.595e+14	-6.2122e-18	9.1724e-18
2.5961e+14	1.6538e-17	6.5537e-18
2.5972e+14	1.9361e-18	5.5133e-18
2.5984e+14	-1.1823e-17	9.3267e-18
2.5995e+14	1.1104e-17	9.1165e-18
2.6006e+14	1.0608e-17	5.9988e-18
2.6017e+14	-1.195e-17	7.9128e-18
2.6028e+14	2.5223e-18	9.4236e-18
2.604e+14	1.6123e-17	6.4263e-18
2.6051e+14	-6.7072e-18	7.1228e-18
2.6062e+14	-6.1215e-18	1.0608e-17
2.6073e+14	1.6374e-17	8.5887e-18
2.6085e+14	1.8731e-18	6.0186e-18
2.6096e+14	-1.1688e-17	8.1336e-18
2.6107e+14	1.1188e-17	8.0662e-18
2.6118e+14	1.0648e-17	5.6008e-18
2.6129e+14	-1.1893e-17	7.0345e-18
2.6141e+14	2.5372e-18	7.9789e-18
2.6152e+14	1.6202e-17	5.2957e-18
2.6163e+14	-6.6209e-18	6.0205e-18
2.6174e+14	-6.3015e-18	8.8951e-18
2.6185e+14	1.6219e-17	7.1878e-18
2.6197e+14	2.1522e-18	5.9449e-18
2.6208e+14	-1.1495e-17	8.5284e-18
2.6219e+14	1.0871e-17	7.8666e-18
2.623e+14	1.0485e-17	5.455e-18
2.6242e+14	-1.1642e-17	7.7801e-18
2.6253e+14	2.4739e-18	9.0247e-18
2.6264e+14	1.5847e-17	5.809e-18
2.6275e+14	-6.5306e-18	6.031e-18
2.6286e+14	-6.0121e-18	8.5508e-18
2.6298e+14	1.6089e-17	6.4911e-18
2.6309e+14	1.956e-18	5.3638e-18
2.632e+14	-1.1381e-17	8.4844e-18
2.6331e+14	1.0929e-17	7.891e-18
2.6343e+14	1.0357e-17	4.9677e-18
2.6354e+14	-1.1701e-17	7.096e-18
2.6365e+14	2.4289e-18	8.6994e-18
2.6376e+14	1.5769e-17	5.763e-18
2.6387e+14	-6.4679e-18	5.9953e-18
2.6399e+14	-5.942e-18	8.5708e-18
2.641e+14	1.5986e-17	6.4964e-18
2.6421e+14	1.8955e-18	4.9928e-18
2.6432e+14	-1.1351e-17	7.7423e-18
2.6444e+14	1.0808e-17	7.3835e-18
2.6455e+14	1.0173e-17	5.1056e-18
2.6466e+14	-1.1739e-17	7.4669e-18
2.6477e+14	2.4394e-18	8.6397e-18
2.6488e+14	1.5772e-17	5.3047e-18
2.65e+14	-6.4592e-18	5.6972e-18
2.6511e+14	-6.0933e-18	8.5806e-18
2.6522e+14	1.5786e-17	6.5469e-18
2.6533e+14	1.9941e-18	5.1516e-18
2.6545e+14	-1.1144e-17	8.1236e-18
2.6556e+14	1.0803e-17	7.4025e-18
2.6567e+14	1.0246e-17	4.3028e-18
2.6578e+14	-1.1499e-17	6.5966e-18
2.6589e+14	2.3454e-18	8.5389e-18
2.6601e+14	1.5402e-17	5.4645e-18
2.6612e+14	-6.5272e-18	5.3242e-18
2.6623e+14	-5.9583e-18	7.9386e-18
2.6634e+14	1.5738e-17	6.0987e-18
2.6645e+14	1.949e-18	4.7978e-18
2.6657e+14	-1.1049e-17	7.9951e-18
2.6668e+14	1.0832e-17	7.7625e-18
2.6679e+14	1.0299e-17	4.5516e-18
2.669e+14	-1.1315e-17	6.057e-18
2.6702e+14	2.3765e-18	7.7018e-18
2.6713e+14	1.5309e-17	5.0141e-18
2.6724e+14	-6.3874e-18	5.1522e-18
2.6735e+14	-5.7691e-18	8.1326e-18
2.6746e+14	1.5663e-17	7.0519e-18
2.6758e+14	1.917e-18	5.8579e-18
2.6769e+14	-1.0835e-17	8.2138e-18
2.678e+14	1.0928e-17	7.7504e-18
2.6791e+14	1.0157e-17	5.2379e-18
2.6803e+14	-1.141e-17	6.6819e-18
2.6814e+14	2.4043e-18	7.4727e-18
2.6825e+14	1.5359e-17	4.9756e-18
2.6836e+14	-6.384e-18	6.0265e-18
2.6847e+14	-5.9025e-18	8.5594e-18
2.6859e+14	1.5477e-17	6.1268e-18
2.687e+14	1.8369e-18	4.8629e-18
2.6881e+14	-1.1006e-17	8.0675e-18
2.6892e+14	1.0548e-17	7.5431e-18
2.6904e+14	9.9863e-18	4.6451e-18
2.6915e+14	-1.122e-17	6.8416e-18
2.6926e+14	2.5128e-18	8.4494e-18
2.6937e+14	1.532e-17	5.3369e-18
2.6948e+14	-6.2325e-18	5.5238e-18
2.696e+14	-5.7017e-18	8.3175e-18
2.6971e+14	1.5441e-17	6.1196e-18
2.6982e+14	1.7816e-18	4.1081e-18
2.6993e+14	-1.0902e-17	6.9587e-18
2.7004e+14	1.0631e-17	7.2189e-18
2.7016e+14	9.9874e-18	4.7559e-18
2.7027e+14	-1.1264e-17	6.3231e-18
2.7038e+14	2.3702e-18	7.4259e-18
2.7049e+14	1.5197e-17	4.4223e-18
2.7061e+14	-6.2239e-18	4.6794e-18
2.7072e+14	-5.7542e-18	7.6318e-18
2.7083e+14	1.5296e-17	6.0876e-18
2.7094e+14	1.7374e-18	4.5521e-18
2.7105e+14	-1.0984e-17	7.2232e-18
2.7117e+14	1.0381e-17	7.2919e-18
2.7128e+14	9.9141e-18	4.8901e-18
2.7139e+14	-1.1083e-17	6.3797e-18
2.715e+14	2.4018e-18	7.5662e-18
2.7162e+14	1.51e-17	5.1419e-18
2.7173e+14	-6.1471e-18	5.5987e-18
2.7184e+14	-5.6674e-18	7.7746e-18
2.7195e+14	1.5268e-17	5.4538e-18
2.7206e+14	1.8526e-18	3.9167e-18
2.7218e+14	-1.0836e-17	6.7324e-18
2.7229e+14	1.0253e-17	6.624e-18
2.724e+14	9.768e-18	4.2078e-18
2.7251e+14	-1.1004e-17	6.0216e-18
2.7263e+14	2.401e-18	7.3862e-18
2.7274e+14	1.4939e-17	4.8294e-18
2.7285e+14	-6.1962e-18	5.1693e-18
2.7296e+14	-5.6785e-18	7.5189e-18
2.7307e+14	1.515e-17	5.752e-18
2.7319e+14	1.7921e-18	4.9672e-18
2.733e+14	-1.0848e-17	8.1713e-18
2.7341e+14	1.0176e-17	7.68e-18
2.7352e+14	9.7891e-18	4.4742e-18
2.7364e+14	-1.096e-17	5.879e-18
2.7375e+14	2.1774e-18	7.4827e-18
2.7386e+14	1.4786e-17	5.2262e-18
2.7397e+14	-5.8946e-18	5.28e-18
2.7408e+14	-5.4603e-18	7.0285e-18
2.742e+14	1.4896e-17	5.0932e-18
2.7431e+14	1.6404e-18	4.4133e-18
2.7442e+14	-1.0666e-17	7.2221e-18
2.7453e+14	1.0188e-17	6.2021e-18
2.7464e+14	9.6613e-18	3.4658e-18
2.7476e+14	-1.0818e-17	5.8969e-18
2.7487e+14	2.3186e-18	7.4814e-18
2.7498e+14	1.4555e-17	4.402e-18
2.7509e+14	-6.2001e-18	4.6814e-18
2.7521e+14	-5.506e-18	7.6714e-18
2.7532e+14	1.504e-17	5.9991e-18
2.7543e+14	1.8373e-18	4.3378e-18
2.7554e+14	-1.0551e-17	6.7923e-18
2.7565e+14	1.0166e-17	6.5497e-18
2.7577e+14	9.7196e-18	4.2618e-18
2.7588e+14	-1.0592e-17	6.3583e-18
2.7599e+14	2.476e-18	7.8218e-18
2.761e+14	1.4604e-17	4.9346e-18
2.7622e+14	-6.1196e-18	4.9354e-18
2.7633e+14	-5.5229e-18	7.4149e-18
2.7644e+14	1.4842e-17	5.807e-18
2.7655e+14	1.6854e-18	4.5576e-18
2.7666e+14	-1.0573e-17	7.1576e-18
2.7678e+14	1.0181e-17	6.946e-18
2.7689e+14	9.7654e-18	4.7146e-18
2.77e+14	-1.0662e-17	6.4975e-18
2.7711e+14	2.1691e-18	7.46e-18
2.7723e+14	1.4406e-17	4.6867e-18
2.7734e+14	-6.032e-18	5.2485e-18
2.7745e+14	-5.5795e-18	7.6811e-18
2.7756e+14	1.4594e-17	5.3938e-18
2.7767e+14	1.7324e-18	3.8503e-18
2.7779e+14	-1.0386e-17	6.6443e-18
2.779e+14	9.9911e-18	6.2718e-18
2.7801e+14	9.4842e-18	3.6191e-18
2.7812e+14	-1.0571e-17	5.6051e-18
2.7823e+14	2.3759e-18	7.1424e-18
2.7835e+14	1.4493e-17	4.2785e-18
2.7846e+14	-5.8902e-18	4.3449e-18
2.7857e+14	-5.439e-18	6.9942e-18
2.7868e+14	1.4587e-17	5.4242e-18
2.788e+14	1.7225e-18	3.9786e-18
2.7891e+14	-1.0406e-17	6.3417e-18
2.7902e+14	9.8463e-18	5.9929e-18
2.7913e+14	9.4499e-18	3.8513e-18
2.7924e+14	-1.0434e-17	6.0907e-18
2.7936e+14	2.2952e-18	7.4487e-18
2.7947e+14	1.4211e-17	4.3078e-18
2.7958e+14	-5.9495e-18	4.1276e-18
2.7969e+14	-5.3381e-18	6.5532e-18
2.7981e+14	1.458e-17	4.8665e-18
2.7992e+14	1.7506e-18	3.5208e-18
2.8003e+14	-1.0288e-17	6.2996e-18
2.8014e+14	9.8278e-18	6.4654e-18
2.8025e+14	9.3445e-18	4.238e-18
2.8037e+14	-1.0436e-17	5.6018e-18
2.8048e+14	2.366e-18	6.3836e-18
2.8059e+14	1.4338e-17	3.8838e-18
2.807e+14	-5.8447e-18	4.7043e-18
2.8082e+14	-5.5228e-18	7.1505e-18
2.8093e+14	1.4251e-17	4.7894e-18
2.8104e+14	1.7504e-18	3.1871e-18
2.8115e+14	-1.0104e-17	6.0483e-18
2.8126e+14	9.7655e-18	5.927e-18
2.8138e+14	9.23e-18	3.4314e-18
2.8149e+14	-1.0399e-17	5.2783e-18
2.816e+14	2.2139e-18	6.645e-18
2.8171e+14	1.4006e-17	3.8245e-18
2.8182e+14	-5.8944e-18	4.0694e-18
2.8194e+14	-5.3685e-18	6.9134e-18
2.8205e+14	1.4229e-17	5.3996e-18
2.8216e+14	1.6573e-18	3.7207e-18
2.8227e+14	-1.01e-17	5.7957e-18
2.8239e+14	9.7318e-18	5.3946e-18
2.825e+14	9.1866e-18	3.1721e-18
2.8261e+14	-1.0319e-17	5.0862e-18
2.8272e+14	2.3115e-18	6.3721e-18
2.8283e+14	1.4055e-17	3.7695e-18
2.8295e+14	-5.8331e-18	4.2596e-18
2.8306e+14	-5.3495e-18	7.0123e-18
2.8317e+14	1.4245e-17	5.3907e-18
2.8328e+14	1.792e-18	3.8301e-18
2.834e+14	-1.0018e-17	5.889e-18
2.8351e+14	9.6568e-18	5.2389e-18
2.8362e+14	9.2387e-18	3.0433e-18
2.8373e+14	-1.0153e-17	5.3857e-18
2.8384e+14	2.241e-18	6.9208e-18
2.8396e+14	1.3903e-17	4.0969e-18
2.8407e+14	-5.7725e-18	4.2047e-18
2.8418e+14	-5.3984e-18	6.5561e-18
2.8429e+14	1.3911e-17	4.5515e-18
2.8441e+14	1.6324e-18	3.1755e-18
2.8452e+14	-9.9051e-18	6.1874e-18
2.8463e+14	9.6578e-18	6.1669e-18
2.8474e+14	9.1451e-18	3.4456e-18
2.8485e+14	-1.0172e-17	5.0661e-18
2.8497e+14	2.1444e-18	6.6913e-18
2.8508e+14	1.3822e-17	4.1155e-18
2.8519e+14	-5.5578e-18	4.0472e-18
2.853e+14	-5.1482e-18	6.5631e-18
2.8542e+14	1.3865e-17	5.1843e-18
2.8553e+14	1.4925e-18	3.7313e-18
2.8564e+14	-9.9996e-18	5.9607e-18
2.8575e+14	9.515e-18	5.8167e-18
2.8586e+14	9.1739e-18	3.6609e-18
2.8598e+14	-9.8434e-18	5.27e-18
2.8609e+14	2.3627e-18	6.2947e-18
2.862e+14	1.3737e-17	3.5754e-18
2.8631e+14	-5.6477e-18	3.8973e-18
2.8642e+14	-5.1487e-18	6.7137e-18
2.8654e+14	1.3863e-17	5.3973e-18
2.8665e+14	1.5824e-18	3.7446e-18
2.8676e+14	-9.8771e-18	5.4691e-18
2.8687e+14	9.4526e-18	5.025e-18
2.8699e+14	8.9973e-18	3.1662e-18
2.871e+14	-1.0016e-17	5.1729e-18
2.8721e+14	2.1359e-18	6.3441e-18
2.8732e+14	1.3603e-17	3.8667e-18
2.8743e+14	-5.5539e-18	4.3365e-18
2.8755e+14	-5.1212e-18	6.5718e-18
2.8766e+14	1.3714e-17	4.5454e-18
2.8777e+14	1.5945e-18	3.2261e-18
2.8788e+14	-9.7346e-18	5.8012e-18
2.88e+14	9.3836e-18	5.324e-18
2.8811e+14	8.8796e-18	2.8621e-18
2.8822e+14	-9.8929e-18	4.9558e-18
2.8833e+14	2.2876e-18	6.59e-18
2.8844e+14	1.3592e-17	3.8596e-18
2.8856e+14	-5.6027e-18	3.7838e-18
2.8867e+14	-5.1867e-18	6.1845e-18
2.8878e+14	1.3634e-17	4.544e-18
2.8889e+14	1.6293e-18	2.928e-18
2.8901e+14	-9.6882e-18	5.1048e-18
2.8912e+14	9.3019e-18	5.0156e-18
2.8923e+14	8.8747e-18	3.1278e-18
2.8934e+14	-9.7807e-18	5.0183e-18
2.8945e+14	2.2321e-18	6.0641e-18
2.8957e+14	1.3457e-17	3.2532e-18
2.8968e+14	-5.525e-18	3.5016e-18
2.8979e+14	-5.0705e-18	6.0484e-18
2.899e+14	1.3599e-17	4.3999e-18
2.9001e+14	1.6239e-18	2.9022e-18
2.9013e+14	-9.6874e-18	5.1811e-18
2.9024e+14	9.1416e-18	5.0059e-18
2.9035e+14	8.7512e-18	3.0746e-18
2.9046e+14	-9.7865e-18	5.092e-18
2.9058e+14	2.0729e-18	6.1661e-18
2.9069e+14	1.3252e-17	3.2328e-18
2.908e+14	-5.4719e-18	3.5193e-18
2.9091e+14	-5.0031e-18	6.2163e-18
2.9102e+14	1.3463e-17	4.5112e-18
2.9114e+14	1.6059e-18	2.9783e-18
2.9125e+14	-9.5372e-18	5.5573e-18
2.9136e+14	9.1174e-18	5.4937e-18
2.9147e+14	8.6556e-18	3.0551e-18
2.9159e+14	-9.674e-18	4.6578e-18
2.917e+14	2.2113e-18	5.9509e-18
2.9181e+14	1.327e-17	3.2008e-18
2.9192e+14	-5.4171e-18	3.2561e-18
2.9203e+14	-4.9502e-18	5.9323e-18
2.9215e+14	1.3413e-17	4.4498e-18
2.9226e+14	1.6013e-18	2.7108e-18
2.9237e+14	-9.4925e-18	4.934e-18
2.9248e+14	9.0778e-18	5.0711e-18
2.926e+14	8.6627e-18	2.9389e-18
2.9271e+14	-9.5795e-18	4.3919e-18
2.9282e+14	2.162e-18	5.6734e-18
2.9293e+14	1.317e-17	3.3675e-18
2.9304e+14	-5.3213e-18	3.6054e-18
2.9316e+14	-4.8977e-18	6.0691e-18
2.9327e+14	1.3237e-17	4.5887e-18
2.9338e+14	1.5421e-18	2.9072e-18
2.9349e+14	-9.3255e-18	4.8505e-18
2.9361e+14	9.1528e-18	4.9293e-18
2.9372e+14	8.6476e-18	3.2117e-18
2.9383e+14	-9.4949e-18	4.691e-18
2.9394e+14	2.2033e-18	5.4685e-18
2.9405e+14	1.3076e-17	3.1202e-18
2.9417e+14	-5.3749e-18	3.7609e-18
2.9428e+14	-4.8934e-18	6.0768e-18
2.9439e+14	1.3215e-17	4.1721e-18
2.945e+14	1.5365e-18	2.8107e-18
2.9461e+14	-9.3745e-18	5.2689e-18
2.9473e+14	8.9899e-18	4.8662e-18
2.9484e+14	8.5304e-18	2.2684e-18
2.9495e+14	-9.5379e-18	3.8124e-18
2.9506e+14	2.0813e-18	5.2609e-18
2.9518e+14	1.3004e-17	3.0269e-18
2.9529e+14	-5.2771e-18	3.3324e-18
2.954e+14	-4.8957e-18	5.602e-18
2.9551e+14	1.3064e-17	3.8543e-18
2.9562e+14	1.5436e-18	2.5481e-18
2.9574e+14	-9.293e-18	5.1547e-18
2.9585e+14	8.9093e-18	4.9626e-18
2.9596e+14	8.5441e-18	2.3368e-18
2.9607e+14	-9.3092e-18	3.8713e-18
2.9619e+14	2.1467e-18	5.556e-18
2.963e+14	1.2891e-17	3.2119e-18
2.9641e+14	-5.225e-18	2.9036e-18
2.9652e+14	-4.7969e-18	5.0204e-18
2.9663e+14	1.301e-17	3.8133e-18
2.9675e+14	1.5811e-18	2.7127e-18
2.9686e+14	-9.1481e-18	5.0938e-18
2.9697e+14	8.829e-18	5.2118e-18
2.9708e+14	8.3291e-18	3.0914e-18
2.972e+14	-9.3432e-18	4.1939e-18
2.9731e+14	2.2112e-18	5.1452e-18
2.9742e+14	1.2906e-17	3.0709e-18
2.9753e+14	-5.2077e-18	3.3639e-18
2.9764e+14	-4.8037e-18	5.2434e-18
2.9776e+14	1.2998e-17	3.6887e-18
2.9787e+14	1.6956e-18	2.9222e-18
2.9798e+14	-9.031e-18	5.2863e-18
2.9809e+14	8.8004e-18	4.5042e-18
2.982e+14	8.3547e-18	2.021e-18
2.9832e+14	-9.2446e-18	3.8973e-18
2.9843e+14	2.0949e-18	5.3349e-18
2.9854e+14	1.2706e-17	2.9177e-18
2.9865e+14	-5.1818e-18	3.2686e-18
2.9877e+14	-4.7971e-18	5.7877e-18
2.9888e+14	1.2777e-17	4.1776e-18
2.9899e+14	1.5966e-18	2.6802e-18
2.991e+14	-8.8952e-18	4.9274e-18
2.9921e+14	8.845e-18	4.6142e-18
2.9933e+14	8.3078e-18	2.1897e-18
2.9944e+14	-9.192e-18	3.8715e-18
2.9955e+14	2.1144e-18	5.4113e-18
2.9966e+14	1.2625e-17	2.884e-18
2.9978e+14	-5.1789e-18	2.68e-18
2.9989e+14	-4.7229e-18	5.0732e-18
3e+14	1.2783e-17	3.9156e-18
