#Error on normalization	O = -0.704 %	H = 3.799 %
#Frequence (s-1)	S_O (s)	S_H (s)
0	1.4824e-15	4.3606e-15
1.9854e+11	-2.4729e-16	4.6865e-15
3.9709e+11	5.5827e-16	5.0984e-15
5.9563e+11	4.9333e-15	4.9985e-15
7.9418e+11	4.6203e-15	4.9046e-15
9.9272e+11	5.2665e-15	5.3939e-15
1.1913e+12	1.5008e-14	5.9976e-15
1.3898e+12	2.195e-14	6.3071e-15
1.5884e+12	1.8728e-14	6.8663e-15
1.7869e+12	1.8208e-14	7.8338e-15
1.9854e+12	2.4287e-14	8.4289e-15
2.184e+12	2.856e-14	8.6118e-15
2.3825e+12	3.3953e-14	9.1927e-15
2.5811e+12	4.2537e-14	9.8482e-15
2.7796e+12	4.4902e-14	9.6949e-15
2.9782e+12	4.5675e-14	9.649e-15
3.1767e+12	5.697e-14	1.1006e-14
3.3752e+12	6.5996e-14	1.242e-14
3.5738e+12	5.9113e-14	1.1872e-14
3.7723e+12	5.3672e-14	1.0522e-14
3.9709e+12	6.1372e-14	1.0902e-14
4.1694e+12	6.4511e-14	1.2658e-14
4.368e+12	5.7749e-14	1.3607e-14
4.5665e+12	5.8835e-14	1.3523e-14
4.7651e+12	6.8461e-14	1.3606e-14
4.9636e+12	7.0598e-14	1.3735e-14
5.1621e+12	6.4241e-14	1.3285e-14
5.3607e+12	5.9755e-14	1.3188e-14
5.5592e+12	6.3028e-14	1.4252e-14
5.7578e+12	7.4098e-14	1.491e-14
5.9563e+12	8.1546e-14	1.3624e-14
6.1549e+12	7.3113e-14	1.2076e-14
6.3534e+12	6.1848e-14	1.2767e-14
6.552e+12	6.6213e-14	1.475e-14
6.7505e+12	7.2078e-14	1.5231e-14
6.949e+12	6.1502e-14	1.4307e-14
7.1476e+12	5.165e-14	1.4387e-14
7.3461e+12	5.8513e-14	1.5651e-14
7.5447e+12	6.5583e-14	1.5899e-14
7.7432e+12	6.3082e-14	1.4787e-14
7.9418e+12	6.5208e-14	1.4571e-14
8.1403e+12	7.2474e-14	1.6089e-14
8.3388e+12	7.067e-14	1.7182e-14
8.5374e+12	6.4048e-14	1.6275e-14
8.7359e+12	6.4625e-14	1.4847e-14
8.9345e+12	6.7468e-14	1.4787e-14
9.133e+12	6.6722e-14	1.5504e-14
9.3316e+12	6.7985e-14	1.5485e-14
9.5301e+12	7.0774e-14	1.4936e-14
9.7287e+12	6.8184e-14	1.5078e-14
9.9272e+12	6.3881e-14	1.6037e-14
1.0126e+13	6.4827e-14	1.6857e-14
1.0324e+13	6.6374e-14	1.6958e-14
1.0523e+13	6.1874e-14	1.685e-14
1.0721e+13	5.5299e-14	1.7387e-14
1.092e+13	5.4026e-14	1.833e-14
1.1118e+13	5.7889e-14	1.8444e-14
1.1317e+13	6.1129e-14	1.7646e-14
1.1516e+13	6.1679e-14	1.7381e-14
1.1714e+13	6.3009e-14	1.794e-14
1.1913e+13	6.5135e-14	1.7961e-14
1.2111e+13	6.2752e-14	1.7322e-14
1.231e+13	5.7129e-14	1.7258e-14
1.2508e+13	5.626e-14	1.7568e-14
1.2707e+13	5.8769e-14	1.7361e-14
1.2905e+13	5.5443e-14	1.7465e-14
1.3104e+13	4.7983e-14	1.8409e-14
1.3302e+13	4.6446e-14	1.8568e-14
1.3501e+13	5.0321e-14	1.7535e-14
1.37e+13	5.0129e-14	1.7522e-14
1.3898e+13	4.3744e-14	1.8977e-14
1.4097e+13	3.8687e-14	1.9493e-14
1.4295e+13	4.1154e-14	1.8367e-14
1.4494e+13	4.7153e-14	1.7444e-14
1.4692e+13	4.6024e-14	1.7408e-14
1.4891e+13	3.6494e-14	1.7489e-14
1.5089e+13	3.1085e-14	1.7698e-14
1.5288e+13	3.491e-14	1.8213e-14
1.5486e+13	3.5779e-14	1.8428e-14
1.5685e+13	2.7666e-14	1.8244e-14
1.5884e+13	2.2043e-14	1.8152e-14
1.6082e+13	2.4645e-14	1.8042e-14
1.6281e+13	2.5959e-14	1.7804e-14
1.6479e+13	2.1841e-14	1.7846e-14
1.6678e+13	1.9216e-14	1.7966e-14
1.6876e+13	1.9951e-14	1.7678e-14
1.7075e+13	1.9678e-14	1.7526e-14
1.7273e+13	1.8717e-14	1.8029e-14
1.7472e+13	1.9295e-14	1.859e-14
1.767e+13	1.9116e-14	1.8829e-14
1.7869e+13	1.6468e-14	1.8866e-14
1.8068e+13	1.3898e-14	1.8188e-14
1.8266e+13	1.3112e-14	1.685e-14
1.8465e+13	1.2648e-14	1.6385e-14
1.8663e+13	1.1354e-14	1.7111e-14
1.8862e+13	1.0268e-14	1.73e-14
1.906e+13	1.0739e-14	1.654e-14
1.9259e+13	1.1896e-14	1.6103e-14
1.9457e+13	1.1526e-14	1.5877e-14
1.9656e+13	9.8965e-15	1.5282e-14
1.9854e+13	9.3821e-15	1.565e-14
2.0053e+13	9.8402e-15	1.7518e-14
2.0251e+13	9.2712e-15	1.8611e-14
2.045e+13	8.256e-15	1.7765e-14
2.0649e+13	8.2862e-15	1.6767e-14
2.0847e+13	8.2076e-15	1.6546e-14
2.1046e+13	6.9889e-15	1.6134e-14
2.1244e+13	6.1823e-15	1.5595e-14
2.1443e+13	6.7631e-15	1.5784e-14
2.1641e+13	7.5762e-15	1.6323e-14
2.184e+13	7.6097e-15	1.6733e-14
2.2038e+13	6.811e-15	1.7254e-14
2.2237e+13	5.7528e-15	1.739e-14
2.2435e+13	5.5306e-15	1.6602e-14
2.2634e+13	6.1081e-15	1.6009e-14
2.2833e+13	5.9832e-15	1.6494e-14
2.3031e+13	5.044e-15	1.6888e-14
2.323e+13	4.7376e-15	1.6221e-14
2.3428e+13	5.0047e-15	1.5405e-14
2.3627e+13	4.7674e-15	1.5429e-14
2.3825e+13	4.421e-15	1.5988e-14
2.4024e+13	4.6229e-15	1.6144e-14
2.4222e+13	4.7619e-15	1.5364e-14
2.4421e+13	4.4683e-15	1.433e-14
2.4619e+13	4.1873e-15	1.4181e-14
2.4818e+13	4.0462e-15	1.4462e-14
2.5017e+13	3.9837e-15	1.4031e-14
2.5215e+13	3.9865e-15	1.3792e-14
2.5414e+13	3.7239e-15	1.4934e-14
2.5612e+13	3.3468e-15	1.5788e-14
2.5811e+13	3.5444e-15	1.4648e-14
2.6009e+13	3.9154e-15	1.3123e-14
2.6208e+13	3.535e-15	1.2981e-14
2.6406e+13	2.8893e-15	1.3388e-14
2.6605e+13	2.7417e-15	1.3624e-14
2.6803e+13	2.6709e-15	1.4187e-14
2.7002e+13	2.5351e-15	1.4618e-14
2.7201e+13	2.7963e-15	1.4295e-14
2.7399e+13	2.9632e-15	1.4079e-14
2.7598e+13	2.5224e-15	1.4366e-14
2.7796e+13	2.2738e-15	1.4309e-14
2.7995e+13	2.563e-15	1.395e-14
2.8193e+13	2.5745e-15	1.3803e-14
2.8392e+13	2.3308e-15	1.3424e-14
2.859e+13	2.5353e-15	1.3074e-14
2.8789e+13	2.8435e-15	1.3708e-14
2.8987e+13	2.7127e-15	1.4195e-14
2.9186e+13	2.4949e-15	1.3065e-14
2.9385e+13	2.3941e-15	1.2069e-14
2.9583e+13	2.23e-15	1.2985e-14
2.9782e+13	2.1805e-15	1.3845e-14
2.998e+13	2.2172e-15	1.2844e-14
3.0179e+13	1.9652e-15	1.1672e-14
3.0377e+13	1.7326e-15	1.1832e-14
3.0576e+13	1.9844e-15	1.2384e-14
3.0774e+13	2.2581e-15	1.2639e-14
3.0973e+13	2.108e-15	1.2893e-14
3.1171e+13	1.8763e-15	1.2912e-14
3.137e+13	1.7974e-15	1.2554e-14
3.1568e+13	1.802e-15	1.2328e-14
3.1767e+13	1.9473e-15	1.2296e-14
3.1966e+13	2.009e-15	1.2262e-14
3.2164e+13	1.7134e-15	1.235e-14
3.2363e+13	1.5148e-15	1.2102e-14
3.2561e+13	1.7644e-15	1.1086e-14
3.276e+13	1.94e-15	1.0534e-14
3.2958e+13	1.7774e-15	1.1453e-14
3.3157e+13	1.6595e-15	1.2335e-14
3.3355e+13	1.6034e-15	1.1752e-14
3.3554e+13	1.4895e-15	1.1015e-14
3.3752e+13	1.6081e-15	1.1518e-14
3.3951e+13	1.8155e-15	1.2096e-14
3.415e+13	1.6047e-15	1.1333e-14
3.4348e+13	1.2932e-15	1.0184e-14
3.4547e+13	1.4015e-15	1.0349e-14
3.4745e+13	1.5565e-15	1.1445e-14
3.4944e+13	1.4636e-15	1.1683e-14
3.5142e+13	1.5189e-15	1.0903e-14
3.5341e+13	1.7163e-15	1.0768e-14
3.5539e+13	1.642e-15	1.155e-14
3.5738e+13	1.4478e-15	1.1586e-14
3.5936e+13	1.4447e-15	1.0618e-14
3.6135e+13	1.4994e-15	1.0237e-14
3.6334e+13	1.5211e-15	1.0633e-14
3.6532e+13	1.5431e-15	1.0674e-14
3.6731e+13	1.4371e-15	1.07e-14
3.6929e+13	1.2888e-15	1.1452e-14
3.7128e+13	1.3366e-15	1.1917e-14
3.7326e+13	1.4213e-15	1.146e-14
3.7525e+13	1.384e-15	1.1352e-14
3.7723e+13	1.4192e-15	1.1946e-14
3.7922e+13	1.4596e-15	1.1781e-14
3.812e+13	1.3033e-15	1.0683e-14
3.8319e+13	1.2629e-15	1.0198e-14
3.8518e+13	1.4995e-15	1.074e-14
3.8716e+13	1.54e-15	1.1339e-14
3.8915e+13	1.2908e-15	1.1558e-14
3.9113e+13	1.1981e-15	1.1502e-14
3.9312e+13	1.251e-15	1.1086e-14
3.951e+13	1.222e-15	1.052e-14
3.9709e+13	1.2843e-15	1.0274e-14
3.9907e+13	1.3979e-15	1.0194e-14
4.0106e+13	1.2651e-15	9.906e-15
4.0304e+13	1.1405e-15	9.8085e-15
4.0503e+13	1.3227e-15	1.0346e-14
4.0702e+13	1.4269e-15	1.0856e-14
4.09e+13	1.2704e-15	1.0577e-14
4.1099e+13	1.2751e-15	1.0132e-14
4.1297e+13	1.4513e-15	1.0397e-14
4.1496e+13	1.4073e-15	1.0809e-14
4.1694e+13	1.243e-15	1.067e-14
4.1893e+13	1.2462e-15	1.0772e-14
4.2091e+13	1.3318e-15	1.1657e-14
4.229e+13	1.4089e-15	1.2203e-14
4.2488e+13	1.489e-15	1.1847e-14
4.2687e+13	1.4448e-15	1.1587e-14
4.2886e+13	1.2834e-15	1.1574e-14
4.3084e+13	1.1894e-15	1.1025e-14
4.3283e+13	1.1539e-15	1.0621e-14
4.3481e+13	1.1459e-15	1.1251e-14
4.368e+13	1.2558e-15	1.1571e-14
4.3878e+13	1.3332e-15	1.0492e-14
4.4077e+13	1.2244e-15	9.6988e-15
4.4275e+13	1.1816e-15	1.0552e-14
4.4474e+13	1.291e-15	1.1641e-14
4.4672e+13	1.2732e-15	1.1639e-14
4.4871e+13	1.2334e-15	1.1345e-14
4.5069e+13	1.4318e-15	1.1691e-14
4.5268e+13	1.5287e-15	1.2282e-14
4.5467e+13	1.2881e-15	1.2282e-14
4.5665e+13	1.1676e-15	1.1528e-14
4.5864e+13	1.3226e-15	1.0954e-14
4.6062e+13	1.3408e-15	1.1541e-14
4.6261e+13	1.2448e-15	1.2599e-14
4.6459e+13	1.3302e-15	1.272e-14
4.6658e+13	1.389e-15	1.213e-14
4.6856e+13	1.2427e-15	1.175e-14
4.7055e+13	1.1782e-15	1.1242e-14
4.7253e+13	1.2635e-15	1.0473e-14
4.7452e+13	1.2601e-15	1.0521e-14
4.7651e+13	1.1851e-15	1.1314e-14
4.7849e+13	1.1454e-15	1.1346e-14
4.8048e+13	1.098e-15	1.0564e-14
4.8246e+13	1.0974e-15	1.0226e-14
4.8445e+13	1.1527e-15	1.0296e-14
4.8643e+13	1.0976e-15	1.0024e-14
4.8842e+13	1.0179e-15	9.712e-15
4.904e+13	1.1058e-15	9.7119e-15
4.9239e+13	1.1468e-15	9.5854e-15
4.9437e+13	9.9608e-16	9.3125e-15
4.9636e+13	9.5867e-16	9.3336e-15
4.9835e+13	1.0567e-15	9.4295e-15
5.0033e+13	9.5488e-16	9.1855e-15
5.0232e+13	7.8643e-16	8.7696e-15
5.043e+13	8.7177e-16	8.3417e-15
5.0629e+13	9.8487e-16	7.8702e-15
5.0827e+13	8.8806e-16	7.6406e-15
5.1026e+13	8.0736e-16	7.7423e-15
5.1224e+13	8.3519e-16	7.6435e-15
5.1423e+13	8.0574e-16	7.2446e-15
5.1621e+13	7.6875e-16	7.2191e-15
5.182e+13	8.0015e-16	7.6121e-15
5.2019e+13	7.7305e-16	7.5832e-15
5.2217e+13	7.0592e-16	7.0362e-15
5.2416e+13	7.1651e-16	6.8041e-15
5.2614e+13	7.1602e-16	6.8795e-15
5.2813e+13	6.6852e-16	6.4347e-15
5.3011e+13	6.9807e-16	5.8002e-15
5.321e+13	7.5025e-16	6.0692e-15
5.3408e+13	7.2758e-16	6.7049e-15
5.3607e+13	7.3192e-16	6.2922e-15
5.3805e+13	7.5027e-16	5.3426e-15
5.4004e+13	6.5864e-16	5.2962e-15
5.4203e+13	5.9199e-16	5.6627e-15
5.4401e+13	6.5118e-16	5.2901e-15
5.46e+13	6.3097e-16	4.82e-15
5.4798e+13	5.2722e-16	5.0628e-15
5.4997e+13	5.7383e-16	5.2449e-15
5.5195e+13	6.5714e-16	4.8998e-15
5.5394e+13	5.6113e-16	4.7455e-15
5.5592e+13	4.7833e-16	4.8343e-15
5.5791e+13	5.5289e-16	4.6359e-15
5.5989e+13	5.7804e-16	4.5121e-15
5.6188e+13	5.2043e-16	4.7463e-15
5.6386e+13	5.4698e-16	4.6646e-15
5.6585e+13	5.8062e-16	4.2101e-15
5.6784e+13	5.1265e-16	4.1649e-15
5.6982e+13	4.6839e-16	4.4431e-15
5.7181e+13	4.9146e-16	4.433e-15
5.7379e+13	4.9225e-16	4.3022e-15
5.7578e+13	4.9817e-16	4.2486e-15
5.7776e+13	5.2319e-16	3.99e-15
5.7975e+13	4.9975e-16	3.7512e-15
5.8173e+13	4.871e-16	3.9203e-15
5.8372e+13	5.2786e-16	4.0573e-15
5.857e+13	5.0563e-16	3.8433e-15
5.8769e+13	4.4841e-16	3.7846e-15
5.8968e+13	4.8731e-16	4.0141e-15
5.9166e+13	5.022e-16	4.063e-15
5.9365e+13	3.9197e-16	3.9364e-15
5.9563e+13	3.5738e-16	3.8351e-15
5.9762e+13	4.4911e-16	3.5128e-15
5.996e+13	4.4526e-16	3.0186e-15
6.0159e+13	3.6093e-16	2.8867e-15
6.0357e+13	3.803e-16	3.1297e-15
6.0556e+13	4.369e-16	3.2805e-15
6.0754e+13	4.2886e-16	3.2505e-15
6.0953e+13	4.3178e-16	3.2178e-15
6.1152e+13	4.3399e-16	3.2132e-15
6.135e+13	3.7828e-16	3.2449e-15
6.1549e+13	3.6785e-16	3.28e-15
6.1747e+13	4.163e-16	3.1856e-15
6.1946e+13	3.873e-16	2.9921e-15
6.2144e+13	3.3606e-16	2.8626e-15
6.2343e+13	3.849e-16	2.8632e-15
6.2541e+13	4.2249e-16	3.014e-15
6.274e+13	3.8212e-16	3.1826e-15
6.2938e+13	3.9679e-16	3.0804e-15
6.3137e+13	4.5032e-16	2.8514e-15
6.3336e+13	4.0861e-16	2.964e-15
6.3534e+13	3.4008e-16	3.2175e-15
6.3733e+13	3.4304e-16	3.0516e-15
6.3931e+13	3.4932e-16	2.7478e-15
6.413e+13	3.4415e-16	2.8816e-15
6.4328e+13	3.8034e-16	3.153e-15
6.4527e+13	3.9784e-16	3.0864e-15
6.4725e+13	3.7037e-16	2.9365e-15
6.4924e+13	3.8194e-16	2.9702e-15
6.5122e+13	4.0375e-16	2.9689e-15
6.5321e+13	3.5452e-16	2.8481e-15
6.552e+13	3.1308e-16	2.7888e-15
6.5718e+13	3.4759e-16	2.8047e-15
6.5917e+13	3.706e-16	2.7833e-15
6.6115e+13	3.3961e-16	2.6957e-15
6.6314e+13	3.1462e-16	2.6233e-15
6.6512e+13	3.204e-16	2.7287e-15
6.6711e+13	3.5215e-16	2.9501e-15
6.6909e+13	3.8542e-16	2.9291e-15
6.7108e+13	3.6001e-16	2.6669e-15
6.7306e+13	3.1003e-16	2.6207e-15
6.7505e+13	3.3776e-16	2.8444e-15
6.7704e+13	3.9198e-16	2.9616e-15
6.7902e+13	3.6511e-16	2.9317e-15
6.8101e+13	3.1912e-16	2.8783e-15
6.8299e+13	3.2743e-16	2.6864e-15
6.8498e+13	3.3567e-16	2.4591e-15
6.8696e+13	3.3414e-16	2.5025e-15
6.8895e+13	3.5257e-16	2.6843e-15
6.9093e+13	3.3565e-16	2.7428e-15
6.9292e+13	2.9362e-16	2.7909e-15
6.949e+13	3.2748e-16	2.8349e-15
6.9689e+13	3.8871e-16	2.7042e-15
6.9887e+13	3.6626e-16	2.6139e-15
7.0086e+13	3.2396e-16	2.7466e-15
7.0285e+13	3.3452e-16	2.7816e-15
7.0483e+13	3.399e-16	2.6603e-15
7.0682e+13	3.3154e-16	2.7397e-15
7.088e+13	3.421e-16	2.8832e-15
7.1079e+13	3.2745e-16	2.7456e-15
7.1277e+13	3.0593e-16	2.5925e-15
7.1476e+13	3.4703e-16	2.6383e-15
7.1674e+13	3.7313e-16	2.5661e-15
7.1873e+13	3.2558e-16	2.4203e-15
7.2071e+13	3.245e-16	2.59e-15
7.227e+13	3.8098e-16	2.8572e-15
7.2469e+13	3.6312e-16	2.855e-15
7.2667e+13	3.2225e-16	2.8495e-15
7.2866e+13	3.5861e-16	2.9944e-15
7.3064e+13	3.6488e-16	2.9158e-15
7.3263e+13	3.115e-16	2.6248e-15
7.3461e+13	3.4193e-16	2.597e-15
7.366e+13	4.0386e-16	2.8498e-15
7.3858e+13	3.4835e-16	2.9709e-15
7.4057e+13	2.8115e-16	2.8275e-15
7.4255e+13	3.1355e-16	2.6422e-15
7.4454e+13	3.3894e-16	2.6544e-15
7.4653e+13	3.3784e-16	2.8418e-15
7.4851e+13	3.9363e-16	2.9148e-15
7.505e+13	4.2566e-16	2.7958e-15
7.5248e+13	3.7288e-16	2.7815e-15
7.5447e+13	3.4685e-16	2.9222e-15
7.5645e+13	3.5415e-16	2.925e-15
7.5844e+13	3.2285e-16	2.8121e-15
7.6042e+13	3.3914e-16	2.8096e-15
7.6241e+13	4.1583e-16	2.829e-15
7.6439e+13	3.8898e-16	2.8349e-15
7.6638e+13	3.0059e-16	3.0314e-15
7.6837e+13	3.3243e-16	3.2388e-15
7.7035e+13	3.9488e-16	3.1259e-15
7.7234e+13	3.5205e-16	3.0025e-15
7.7432e+13	3.3137e-16	3.2099e-15
7.7631e+13	3.8996e-16	3.3326e-15
7.7829e+13	3.8626e-16	3.0977e-15
7.8028e+13	3.3943e-16	3.0176e-15
7.8226e+13	3.7138e-16	3.3199e-15
7.8425e+13	4.1245e-16	3.4963e-15
7.8623e+13	3.8529e-16	3.378e-15
7.8822e+13	3.706e-16	3.3943e-15
7.9021e+13	3.9478e-16	3.6104e-15
7.9219e+13	4.0503e-16	3.6331e-15
7.9418e+13	4.1535e-16	3.4262e-15
7.9616e+13	4.3376e-16	3.3295e-15
7.9815e+13	4.3615e-16	3.416e-15
8.0013e+13	4.4948e-16	3.4923e-15
8.0212e+13	4.5849e-16	3.5373e-15
8.041e+13	4.1123e-16	3.6312e-15
8.0609e+13	3.8961e-16	3.6897e-15
8.0807e+13	4.5377e-16	3.6565e-15
8.1006e+13	4.6455e-16	3.6424e-15
8.1205e+13	3.8472e-16	3.6363e-15
8.1403e+13	3.8632e-16	3.5385e-15
8.1602e+13	4.6651e-16	3.5034e-15
8.18e+13	4.6354e-16	3.6628e-15
8.1999e+13	4.2645e-16	3.7647e-15
8.2197e+13	4.648e-16	3.6837e-15
8.2396e+13	4.8383e-16	3.706e-15
8.2594e+13	4.3287e-16	3.8838e-15
8.2793e+13	4.2254e-16	3.9588e-15
8.2991e+13	4.617e-16	3.9877e-15
8.319e+13	4.7799e-16	4.1103e-15
8.3388e+13	4.9498e-16	4.111e-15
8.3587e+13	5.1668e-16	3.9551e-15
8.3786e+13	4.9953e-16	3.9313e-15
8.3984e+13	4.9647e-16	4.0022e-15
8.4183e+13	5.3748e-16	4.0389e-15
8.4381e+13	5.3467e-16	4.2414e-15
8.458e+13	4.9708e-16	4.4547e-15
8.4778e+13	5.2447e-16	4.2545e-15
8.4977e+13	5.7462e-16	4.041e-15
8.5175e+13	5.6591e-16	4.3552e-15
8.5374e+13	5.4157e-16	4.6309e-15
8.5572e+13	5.2711e-16	4.43e-15
8.5771e+13	5.0816e-16	4.4453e-15
8.597e+13	5.4192e-16	4.8284e-15
8.6168e+13	6.083e-16	4.7634e-15
8.6367e+13	5.7807e-16	4.388e-15
8.6565e+13	4.9473e-16	4.5491e-15
8.6764e+13	5.1269e-16	4.9422e-15
8.6962e+13	5.754e-16	4.8922e-15
8.7161e+13	5.5872e-16	4.7844e-15
8.7359e+13	5.3603e-16	4.9679e-15
8.7558e+13	5.9128e-16	4.9798e-15
8.7756e+13	6.565e-16	4.7082e-15
8.7955e+13	6.6518e-16	4.6097e-15
8.8154e+13	6.1408e-16	4.8208e-15
8.8352e+13	5.3778e-16	5.1772e-15
8.8551e+13	5.3085e-16	5.4342e-15
8.8749e+13	6.0796e-16	5.2689e-15
8.8948e+13	6.4104e-16	4.9213e-15
8.9146e+13	6.1915e-16	5.0803e-15
8.9345e+13	6.6143e-16	5.6016e-15
8.9543e+13	7.0473e-16	5.7434e-15
8.9742e+13	6.2395e-16	5.5757e-15
8.994e+13	5.549e-16	5.6084e-15
9.0139e+13	6.4365e-16	5.7727e-15
9.0338e+13	7.48e-16	5.8698e-15
9.0536e+13	7.2465e-16	5.9091e-15
9.0735e+13	6.5288e-16	5.7692e-15
9.0933e+13	6.2601e-16	5.549e-15
9.1132e+13	6.4637e-16	5.5663e-15
9.133e+13	6.913e-16	5.6323e-15
9.1529e+13	7.1389e-16	5.6183e-15
9.1727e+13	7.1749e-16	6.0169e-15
9.1926e+13	7.669e-16	6.5981e-15
9.2124e+13	8.0077e-16	6.4329e-15
9.2323e+13	7.2124e-16	6.007e-15
9.2522e+13	6.6758e-16	6.4637e-15
9.272e+13	7.7498e-16	7.0936e-15
9.2919e+13	8.596e-16	6.7827e-15
9.3117e+13	7.7333e-16	6.3564e-15
9.3316e+13	6.8876e-16	6.6695e-15
9.3514e+13	7.3126e-16	6.9914e-15
9.3713e+13	8.0448e-16	7.0212e-15
9.3911e+13	8.5762e-16	7.3627e-15
9.411e+13	8.8736e-16	7.6851e-15
9.4308e+13	8.3822e-16	7.3765e-15
9.4507e+13	7.7467e-16	6.9984e-15
9.4705e+13	8.1559e-16	7.0104e-15
9.4904e+13	8.7192e-16	7.0297e-15
9.5103e+13	8.4038e-16	7.1705e-15
9.5301e+13	8.3709e-16	7.767e-15
9.55e+13	9.2143e-16	8.1468e-15
9.5698e+13	9.6677e-16	7.7226e-15
9.5897e+13	9.4435e-16	7.1366e-15
9.6095e+13	9.3205e-16	7.0901e-15
9.6294e+13	9.1828e-16	7.4317e-15
9.6492e+13	8.9586e-16	7.7389e-15
9.6691e+13	9.1177e-16	7.7638e-15
9.6889e+13	9.2702e-16	7.5821e-15
9.7088e+13	9.1308e-16	7.5428e-15
9.7287e+13	9.4524e-16	7.6648e-15
9.7485e+13	9.9578e-16	7.7229e-15
9.7684e+13	9.7408e-16	7.9584e-15
9.7882e+13	9.8872e-16	8.4633e-15
9.8081e+13	1.1189e-15	8.5705e-15
9.8279e+13	1.1423e-15	8.1951e-15
9.8478e+13	9.5504e-16	8.2572e-15
9.8676e+13	8.4834e-16	8.8456e-15
9.8875e+13	9.7769e-16	9.0391e-15
9.9073e+13	1.0755e-15	8.762e-15
9.9272e+13	9.7073e-16	8.6957e-15
9.9471e+13	8.7143e-16	8.8704e-15
9.9669e+13	9.4994e-16	8.9739e-15
9.9868e+13	1.0815e-15	9.0595e-15
1.0007e+14	1.1169e-15	9.1405e-15
1.0026e+14	1.1002e-15	9.1034e-15
1.0046e+14	1.1045e-15	9.022e-15
1.0066e+14	1.0811e-15	8.9573e-15
1.0086e+14	1.0076e-15	8.8839e-15
1.0106e+14	9.8465e-16	8.7736e-15
1.0126e+14	1.0289e-15	8.5281e-15
1.0146e+14	1.0186e-15	8.445e-15
1.0165e+14	9.6963e-16	9.0934e-15
1.0185e+14	1.0229e-15	9.8442e-15
1.0205e+14	1.1193e-15	9.4073e-15
1.0225e+14	1.1016e-15	8.43e-15
1.0245e+14	1.0397e-15	8.5814e-15
1.0265e+14	1.0515e-15	9.339e-15
1.0285e+14	1.0651e-15	9.2652e-15
1.0304e+14	1.0501e-15	8.9592e-15
1.0324e+14	1.0771e-15	9.3237e-15
1.0344e+14	1.063e-15	9.5166e-15
1.0364e+14	9.3987e-16	9.0093e-15
1.0384e+14	9.0424e-16	8.5385e-15
1.0404e+14	1.0404e-15	8.3238e-15
1.0424e+14	1.0942e-15	8.2325e-15
1.0443e+14	9.6313e-16	8.6184e-15
1.0463e+14	8.8153e-16	9.1888e-15
1.0483e+14	9.531e-16	9.3082e-15
1.0503e+14	1.0333e-15	9.3631e-15
1.0523e+14	1.051e-15	9.3393e-15
1.0543e+14	1.0333e-15	8.3543e-15
1.0563e+14	9.781e-16	7.3404e-15
1.0582e+14	9.2082e-16	8.0165e-15
1.0602e+14	9.1052e-16	9.0765e-15
1.0622e+14	9.0976e-16	8.4859e-15
1.0642e+14	8.9386e-16	7.549e-15
1.0662e+14	9.0602e-16	7.8419e-15
1.0682e+14	9.3941e-16	8.0755e-15
1.0702e+14	9.5059e-16	7.5286e-15
1.0721e+14	9.389e-16	7.4832e-15
1.0741e+14	8.9705e-16	7.8725e-15
1.0761e+14	8.3747e-16	7.6097e-15
1.0781e+14	8.4033e-16	7.2373e-15
1.0801e+14	8.8869e-16	7.2724e-15
1.0821e+14	8.5025e-16	6.8955e-15
1.0841e+14	7.6241e-16	6.351e-15
1.086e+14	7.9584e-16	6.6746e-15
1.088e+14	8.8677e-16	7.1447e-15
1.09e+14	8.2141e-16	6.766e-15
1.092e+14	6.4473e-16	6.2889e-15
1.094e+14	5.844e-16	6.228e-15
1.096e+14	6.6455e-16	6.0079e-15
1.0979e+14	7.148e-16	5.828e-15
1.0999e+14	6.6453e-16	6.123e-15
1.1019e+14	6.0514e-16	6.1583e-15
1.1039e+14	6.0359e-16	5.5893e-15
1.1059e+14	6.0629e-16	5.2305e-15
1.1079e+14	5.6825e-16	5.2599e-15
1.1099e+14	5.4718e-16	5.1804e-15
1.1118e+14	5.6979e-16	5.1055e-15
1.1138e+14	5.6996e-16	5.1068e-15
1.1158e+14	5.5398e-16	4.8125e-15
1.1178e+14	5.8779e-16	4.4599e-15
1.1198e+14	6.0289e-16	4.4496e-15
1.1218e+14	5.2087e-16	4.3905e-15
1.1238e+14	4.5758e-16	4.1175e-15
1.1257e+14	4.913e-16	4.09e-15
1.1277e+14	4.9425e-16	4.1663e-15
1.1297e+14	4.3092e-16	3.9407e-15
1.1317e+14	4.3147e-16	3.782e-15
1.1337e+14	4.7597e-16	3.8981e-15
1.1357e+14	4.4596e-16	3.8129e-15
1.1377e+14	4.0217e-16	3.5681e-15
1.1396e+14	4.2266e-16	3.6e-15
1.1416e+14	4.1762e-16	3.6561e-15
1.1436e+14	3.5901e-16	3.4473e-15
1.1456e+14	3.4692e-16	3.2862e-15
1.1476e+14	3.7291e-16	3.2273e-15
1.1496e+14	3.588e-16	3.0505e-15
1.1516e+14	3.352e-16	2.9576e-15
1.1535e+14	3.3891e-16	2.9852e-15
1.1555e+14	3.351e-16	2.7526e-15
1.1575e+14	3.2654e-16	2.4482e-15
1.1595e+14	3.2621e-16	2.5567e-15
1.1615e+14	2.9938e-16	2.7897e-15
1.1635e+14	2.6996e-16	2.7272e-15
1.1655e+14	2.9154e-16	2.5901e-15
1.1674e+14	3.0687e-16	2.4871e-15
1.1694e+14	2.6097e-16	2.2398e-15
1.1714e+14	2.2704e-16	2.0613e-15
1.1734e+14	2.493e-16	2.137e-15
1.1754e+14	2.6862e-16	2.1612e-15
1.1774e+14	2.633e-16	2.0539e-15
1.1794e+14	2.557e-16	2.0555e-15
1.1813e+14	2.3963e-16	2.0554e-15
1.1833e+14	2.2869e-16	1.9229e-15
1.1853e+14	2.3793e-16	1.904e-15
1.1873e+14	2.2232e-16	1.9956e-15
1.1893e+14	1.7996e-16	1.922e-15
1.1913e+14	1.8044e-16	1.791e-15
1.1932e+14	2.0966e-16	1.7676e-15
1.1952e+14	1.9983e-16	1.6608e-15
1.1972e+14	1.7934e-16	1.4888e-15
1.1992e+14	1.8394e-16	1.5097e-15
1.2012e+14	1.7303e-16	1.5893e-15
1.2032e+14	1.5855e-16	1.5063e-15
1.2052e+14	1.8776e-16	1.4402e-15
1.2071e+14	2.0837e-16	1.4979e-15
1.2091e+14	1.7772e-16	1.5146e-15
1.2111e+14	1.5888e-16	1.4752e-15
1.2131e+14	1.6383e-16	1.4083e-15
1.2151e+14	1.4027e-16	1.2385e-15
1.2171e+14	1.2519e-16	1.1254e-15
1.2191e+14	1.5849e-16	1.23e-15
1.221e+14	1.7021e-16	1.2844e-15
1.223e+14	1.3733e-16	1.136e-15
1.225e+14	1.2937e-16	1.0725e-15
1.227e+14	1.4069e-16	1.1427e-15
1.229e+14	1.2483e-16	1.112e-15
1.231e+14	1.1868e-16	1.0763e-15
1.233e+14	1.4095e-16	1.1595e-15
1.2349e+14	1.4028e-16	1.1236e-15
1.2369e+14	1.2179e-16	9.4607e-16
1.2389e+14	1.2373e-16	9.1086e-16
1.2409e+14	1.1976e-16	9.474e-16
1.2429e+14	1.0034e-16	8.422e-16
1.2449e+14	1.0412e-16	7.7211e-16
1.2469e+14	1.1324e-16	8.5413e-16
1.2488e+14	9.6007e-17	8.6658e-16
1.2508e+14	9.2438e-17	7.996e-16
1.2528e+14	1.1529e-16	8.498e-16
1.2548e+14	1.1478e-16	9.2202e-16
1.2568e+14	9.5889e-17	8.5457e-16
1.2588e+14	9.5762e-17	7.6431e-16
1.2608e+14	9.3661e-17	7.5073e-16
1.2627e+14	7.969e-17	7.4968e-16
1.2647e+14	8.4828e-17	7.4583e-16
1.2667e+14	9.307e-17	7.3501e-16
1.2687e+14	7.7201e-17	6.7646e-16
1.2707e+14	7.1535e-17	6.2981e-16
1.2727e+14	8.8432e-17	6.4521e-16
1.2747e+14	8.7151e-17	6.4777e-16
1.2766e+14	7.1836e-17	6.3177e-16
1.2786e+14	7.4218e-17	6.5126e-16
1.2806e+14	7.7661e-17	6.374e-16
1.2826e+14	6.9825e-17	5.678e-16
1.2846e+14	7.17e-17	5.5862e-16
1.2866e+14	7.6208e-17	5.9162e-16
1.2886e+14	6.9037e-17	5.5997e-16
1.2905e+14	6.8323e-17	5.3407e-16
1.2925e+14	7.2229e-17	5.7397e-16
1.2945e+14	6.3183e-17	5.718e-16
1.2965e+14	6.1963e-17	5.251e-16
1.2985e+14	7.533e-17	5.3414e-16
1.3005e+14	6.9161e-17	5.4294e-16
1.3024e+14	5.3117e-17	4.9489e-16
1.3044e+14	6.391e-17	4.8083e-16
1.3064e+14	7.7419e-17	4.9817e-16
1.3084e+14	6.612e-17	4.6853e-16
1.3104e+14	5.8995e-17	4.5827e-16
1.3124e+14	6.3774e-17	4.975e-16
1.3144e+14	5.6159e-17	4.7482e-16
1.3163e+14	5.0326e-17	4.1657e-16
1.3183e+14	5.982e-17	4.2836e-16
1.3203e+14	5.8411e-17	4.2877e-16
1.3223e+14	4.7858e-17	3.6694e-16
1.3243e+14	5.255e-17	3.6992e-16
1.3263e+14	5.596e-17	4.2451e-16
1.3283e+14	4.6991e-17	4.0316e-16
1.3302e+14	4.9121e-17	3.7585e-16
1.3322e+14	5.335e-17	4.1129e-16
1.3342e+14	3.9782e-17	3.847e-16
1.3362e+14	3.6879e-17	3.0711e-16
1.3382e+14	5.3651e-17	3.3793e-16
1.3402e+14	5.3055e-17	4.0708e-16
1.3422e+14	4.0904e-17	3.6737e-16
1.3441e+14	4.6699e-17	3.1505e-16
1.3461e+14	4.8739e-17	3.3611e-16
1.3481e+14	3.5911e-17	3.3175e-16
1.3501e+14	3.9777e-17	2.9535e-16
1.3521e+14	5.0882e-17	3.1436e-16
1.3541e+14	4.0568e-17	3.4097e-16
1.3561e+14	3.4233e-17	3.151e-16
1.358e+14	4.4544e-17	2.9149e-16
1.36e+14	3.9464e-17	2.8229e-16
1.362e+14	2.9326e-17	2.5972e-16
1.364e+14	4.1866e-17	2.6683e-16
1.366e+14	4.6665e-17	3.0186e-16
1.368e+14	3.0331e-17	2.9334e-16
1.37e+14	3.2492e-17	2.6454e-16
1.3719e+14	4.6391e-17	2.7312e-16
1.3739e+14	3.6613e-17	2.7724e-16
1.3759e+14	2.8122e-17	2.5266e-16
1.3779e+14	4.0893e-17	2.4667e-16
1.3799e+14	4.1125e-17	2.5495e-16
1.3819e+14	2.9666e-17	2.4975e-16
1.3839e+14	3.6065e-17	2.5123e-16
1.3858e+14	4.0929e-17	2.517e-16
1.3878e+14	3.0563e-17	2.3211e-16
1.3898e+14	3.3883e-17	2.3222e-16
1.3918e+14	4.2885e-17	2.499e-16
1.3938e+14	3.0849e-17	2.2831e-16
1.3958e+14	2.4444e-17	2.0142e-16
1.3977e+14	3.7517e-17	2.2235e-16
1.3997e+14	3.5195e-17	2.3149e-16
1.4017e+14	2.2434e-17	2.0285e-16
1.4037e+14	2.9271e-17	2.0714e-16
1.4057e+14	3.3934e-17	2.3187e-16
1.4077e+14	2.2639e-17	2.1321e-16
1.4097e+14	2.5561e-17	1.9317e-16
1.4116e+14	3.5321e-17	2.0764e-16
1.4136e+14	2.5192e-17	2.0581e-16
1.4156e+14	2.0235e-17	1.946e-16
1.4176e+14	3.2788e-17	2.1298e-16
1.4196e+14	3.0157e-17	2.1374e-16
1.4216e+14	1.9773e-17	1.8537e-16
1.4236e+14	2.9113e-17	1.9636e-16
1.4255e+14	3.3559e-17	2.2453e-16
1.4275e+14	2.1945e-17	2.0717e-16
1.4295e+14	2.6634e-17	1.9351e-16
1.4315e+14	3.686e-17	2.1306e-16
1.4335e+14	2.3935e-17	2.0117e-16
1.4355e+14	1.6873e-17	1.7143e-16
1.4375e+14	3.0419e-17	1.8506e-16
1.4394e+14	2.8723e-17	1.943e-16
1.4414e+14	1.7249e-17	1.6406e-16
1.4434e+14	2.5983e-17	1.5967e-16
1.4454e+14	3.1765e-17	1.8029e-16
1.4474e+14	2.1449e-17	1.6795e-16
1.4494e+14	2.6134e-17	1.594e-16
1.4514e+14	3.6279e-17	1.8676e-16
1.4533e+14	2.4232e-17	1.8974e-16
1.4553e+14	1.8405e-17	1.6477e-16
1.4573e+14	3.2423e-17	1.6774e-16
1.4593e+14	3.0237e-17	1.7508e-16
1.4613e+14	1.8589e-17	1.5748e-16
1.4633e+14	2.8296e-17	1.5675e-16
1.4653e+14	3.4072e-17	1.712e-16
1.4672e+14	2.0484e-17	1.622e-16
1.4692e+14	2.1519e-17	1.571e-16
1.4712e+14	3.2448e-17	1.7142e-16
1.4732e+14	2.3724e-17	1.6491e-16
1.4752e+14	1.7486e-17	1.5252e-16
1.4772e+14	2.7793e-17	1.6799e-16
1.4792e+14	2.5375e-17	1.704e-16
1.4811e+14	1.8012e-17	1.4866e-16
1.4831e+14	2.9752e-17	1.5423e-16
1.4851e+14	3.2352e-17	1.6854e-16
1.4871e+14	1.5869e-17	1.4938e-16
1.4891e+14	1.8506e-17	1.4039e-16
1.4911e+14	3.1985e-17	1.582e-16
1.4931e+14	2.2703e-17	1.4858e-16
1.495e+14	1.5301e-17	1.2704e-16
1.497e+14	2.7014e-17	1.4128e-16
1.499e+14	2.5289e-17	1.527e-16
1.501e+14	1.4418e-17	1.3855e-16
1.503e+14	2.2846e-17	1.4486e-16
1.505e+14	2.7723e-17	1.6107e-16
1.5069e+14	1.5809e-17	1.5054e-16
1.5089e+14	1.9278e-17	1.4859e-16
1.5109e+14	3.0908e-17	1.6304e-16
1.5129e+14	2.1373e-17	1.4634e-16
1.5149e+14	1.5388e-17	1.259e-16
1.5169e+14	2.8048e-17	1.4604e-16
1.5189e+14	2.6111e-17	1.537e-16
1.5208e+14	1.4085e-17	1.2514e-16
1.5228e+14	2.1801e-17	1.2319e-16
1.5248e+14	2.7974e-17	1.4442e-16
1.5268e+14	1.7351e-17	1.3646e-16
1.5288e+14	1.8928e-17	1.2633e-16
1.5308e+14	2.7522e-17	1.398e-16
1.5328e+14	1.7938e-17	1.3757e-16
1.5347e+14	1.3818e-17	1.2362e-16
1.5367e+14	2.6952e-17	1.3104e-16
1.5387e+14	2.4522e-17	1.3261e-16
1.5407e+14	1.2579e-17	1.1736e-16
1.5427e+14	2.0144e-17	1.2313e-16
1.5447e+14	2.5083e-17	1.3516e-16
1.5467e+14	1.2958e-17	1.2226e-16
1.5486e+14	1.4461e-17	1.162e-16
1.5506e+14	2.5835e-17	1.2495e-16
1.5526e+14	2.0008e-17	1.1623e-16
1.5546e+14	1.5928e-17	1.1587e-16
1.5566e+14	2.5665e-17	1.4337e-16
1.5586e+14	2.2566e-17	1.4364e-16
1.5606e+14	1.3678e-17	1.1719e-16
1.5625e+14	2.2167e-17	1.268e-16
1.5645e+14	2.5224e-17	1.4423e-16
1.5665e+14	1.3515e-17	1.1829e-16
1.5685e+14	1.6904e-17	1.028e-16
1.5705e+14	2.666e-17	1.2809e-16
1.5725e+14	1.7562e-17	1.333e-16
1.5745e+14	1.3301e-17	1.1479e-16
1.5764e+14	2.409e-17	1.1938e-16
1.5784e+14	2.0024e-17	1.2487e-16
1.5804e+14	1.0408e-17	1.1057e-16
1.5824e+14	2.0242e-17	1.126e-16
1.5844e+14	2.42e-17	1.2377e-16
1.5864e+14	1.2062e-17	1.1344e-16
1.5884e+14	1.5567e-17	1.124e-16
1.5903e+14	2.5629e-17	1.3112e-16
1.5923e+14	1.6037e-17	1.252e-16
1.5943e+14	1.221e-17	1.0532e-16
1.5963e+14	2.4657e-17	1.1236e-16
1.5983e+14	2.0689e-17	1.2278e-16
1.6003e+14	9.8327e-18	1.1642e-16
1.6023e+14	2.0397e-17	1.1814e-16
1.6042e+14	2.6348e-17	1.1963e-16
1.6062e+14	1.3927e-17	1.0587e-16
1.6082e+14	1.5574e-17	1.083e-16
1.6102e+14	2.5184e-17	1.2476e-16
1.6122e+14	1.618e-17	1.176e-16
1.6142e+14	1.2786e-17	1.0973e-16
1.6161e+14	2.6395e-17	1.2652e-16
1.6181e+14	2.3736e-17	1.2612e-16
1.6201e+14	1.1909e-17	1.0403e-16
1.6221e+14	1.962e-17	1.0875e-16
1.6241e+14	2.3628e-17	1.2482e-16
1.6261e+14	1.1351e-17	1.1576e-16
1.6281e+14	1.481e-17	1.1069e-16
1.63e+14	2.6644e-17	1.2031e-16
1.632e+14	1.7932e-17	1.1254e-16
1.634e+14	1.2443e-17	1.0457e-16
1.636e+14	2.4235e-17	1.1868e-16
1.638e+14	2.1149e-17	1.1998e-16
1.64e+14	9.2241e-18	1.079e-16
1.642e+14	1.8318e-17	1.1846e-16
1.6439e+14	2.5791e-17	1.239e-16
1.6459e+14	1.4953e-17	1.0068e-16
1.6479e+14	1.5943e-17	9.9418e-17
1.6499e+14	2.6013e-17	1.235e-16
1.6519e+14	1.7938e-17	1.1559e-16
1.6539e+14	1.1447e-17	9.4031e-17
1.6559e+14	2.1194e-17	1.0481e-16
1.6578e+14	1.9728e-17	1.1447e-16
1.6598e+14	1.0738e-17	1.0199e-16
1.6618e+14	1.8517e-17	1.0416e-16
1.6638e+14	2.2938e-17	1.1372e-16
1.6658e+14	1.2289e-17	1.0392e-16
1.6678e+14	1.4579e-17	1.0162e-16
1.6698e+14	2.4189e-17	1.1204e-16
1.6717e+14	1.654e-17	1.0452e-16
1.6737e+14	1.2443e-17	1.014e-16
1.6757e+14	2.2859e-17	1.2293e-16
1.6777e+14	1.9356e-17	1.2354e-16
1.6797e+14	9.2115e-18	1.0012e-16
1.6817e+14	1.8368e-17	1.038e-16
1.6837e+14	2.4618e-17	1.1657e-16
1.6856e+14	1.4485e-17	1.0113e-16
1.6876e+14	1.6346e-17	9.7066e-17
1.6896e+14	2.5519e-17	1.1992e-16
1.6916e+14	1.7262e-17	1.1927e-16
1.6936e+14	1.1668e-17	9.9733e-17
1.6956e+14	2.0874e-17	1.046e-16
1.6976e+14	1.8787e-17	1.1462e-16
1.6995e+14	1.1466e-17	1.0678e-16
1.7015e+14	2.0535e-17	1.0601e-16
1.7035e+14	2.3636e-17	1.1377e-16
1.7055e+14	1.2101e-17	1.1207e-16
1.7075e+14	1.5542e-17	1.1281e-16
1.7095e+14	2.5136e-17	1.1535e-16
1.7114e+14	1.5288e-17	1.0585e-16
1.7134e+14	1.0184e-17	1.0571e-16
1.7154e+14	2.1995e-17	1.1759e-16
1.7174e+14	1.9765e-17	1.0544e-16
1.7194e+14	9.7766e-18	8.7014e-17
1.7214e+14	1.9013e-17	1.0278e-16
1.7234e+14	2.4609e-17	1.1796e-16
1.7253e+14	1.2354e-17	1.0464e-16
1.7273e+14	1.2917e-17	1.0603e-16
1.7293e+14	2.3066e-17	1.2339e-16
1.7313e+14	1.5756e-17	1.1407e-16
1.7333e+14	1.0351e-17	1.0382e-16
1.7353e+14	2.1342e-17	1.2287e-16
1.7373e+14	2.1391e-17	1.2858e-16
1.7392e+14	1.2773e-17	1.1238e-16
1.7412e+14	1.9131e-17	1.1678e-16
1.7432e+14	2.2702e-17	1.2499e-16
1.7452e+14	1.3246e-17	1.109e-16
1.7472e+14	1.7139e-17	1.125e-16
1.7492e+14	2.6986e-17	1.3064e-16
1.7512e+14	1.7593e-17	1.1845e-16
1.7531e+14	1.0847e-17	9.9173e-17
1.7551e+14	2.1151e-17	1.1194e-16
1.7571e+14	2.0994e-17	1.1986e-16
1.7591e+14	1.3089e-17	1.0886e-16
1.7611e+14	2.0883e-17	1.1842e-16
1.7631e+14	2.5628e-17	1.3036e-16
1.7651e+14	1.5775e-17	1.1108e-16
1.767e+14	1.761e-17	1.0167e-16
1.769e+14	2.5911e-17	1.2043e-16
1.771e+14	1.715e-17	1.209e-16
1.773e+14	1.2062e-17	1.0732e-16
1.775e+14	2.354e-17	1.1626e-16
1.777e+14	2.3811e-17	1.2258e-16
1.779e+14	1.4772e-17	1.0852e-16
1.7809e+14	1.9507e-17	1.0929e-16
1.7829e+14	2.1746e-17	1.2228e-16
1.7849e+14	1.2145e-17	1.1752e-16
1.7869e+14	1.5462e-17	1.1342e-16
1.7889e+14	2.4507e-17	1.229e-16
1.7909e+14	1.6582e-17	1.2124e-16
1.7929e+14	1.2891e-17	1.153e-16
1.7948e+14	2.4242e-17	1.2295e-16
1.7968e+14	2.218e-17	1.2187e-16
1.7988e+14	1.1776e-17	1.1155e-16
1.8008e+14	1.8421e-17	1.2041e-16
1.8028e+14	2.3115e-17	1.2939e-16
1.8048e+14	1.3206e-17	1.157e-16
1.8068e+14	1.5351e-17	1.1162e-16
1.8087e+14	2.5537e-17	1.2356e-16
1.8107e+14	1.9038e-17	1.18e-16
1.8127e+14	1.3866e-17	1.114e-16
1.8147e+14	2.2973e-17	1.2841e-16
1.8167e+14	2.1066e-17	1.3238e-16
1.8187e+14	1.1885e-17	1.1257e-16
1.8206e+14	1.9164e-17	1.1216e-16
1.8226e+14	2.4803e-17	1.2424e-16
1.8246e+14	1.5605e-17	1.1378e-16
1.8266e+14	1.677e-17	1.0657e-16
1.8286e+14	2.5706e-17	1.2436e-16
1.8306e+14	1.8887e-17	1.3116e-16
1.8326e+14	1.2991e-17	1.1697e-16
1.8345e+14	2.1666e-17	1.1295e-16
1.8365e+14	2.1518e-17	1.2018e-16
1.8385e+14	1.3901e-17	1.2293e-16
1.8405e+14	2.0072e-17	1.2408e-16
1.8425e+14	2.4757e-17	1.2341e-16
1.8445e+14	1.6392e-17	1.2195e-16
1.8465e+14	1.7263e-17	1.2845e-16
1.8484e+14	2.5013e-17	1.294e-16
1.8504e+14	1.9107e-17	1.1587e-16
1.8524e+14	1.405e-17	1.1543e-16
1.8544e+14	2.0861e-17	1.3007e-16
1.8564e+14	2.0172e-17	1.2647e-16
1.8584e+14	1.5422e-17	1.1513e-16
1.8604e+14	2.2603e-17	1.2124e-16
1.8623e+14	2.497e-17	1.1838e-16
1.8643e+14	1.6295e-17	1.0033e-16
1.8663e+14	1.904e-17	1.0722e-16
1.8683e+14	2.5859e-17	1.2448e-16
1.8703e+14	1.761e-17	1.1089e-16
1.8723e+14	1.3626e-17	1.0041e-16
1.8743e+14	2.2508e-17	1.219e-16
1.8762e+14	2.0095e-17	1.2767e-16
1.8782e+14	1.2256e-17	1.0768e-16
1.8802e+14	1.9474e-17	1.1066e-16
1.8822e+14	2.3683e-17	1.2709e-16
1.8842e+14	1.5842e-17	1.2081e-16
1.8862e+14	1.931e-17	1.1643e-16
1.8882e+14	2.7406e-17	1.294e-16
1.8901e+14	1.9039e-17	1.2969e-16
1.8921e+14	1.373e-17	1.2151e-16
1.8941e+14	2.3011e-17	1.253e-16
1.8961e+14	2.2353e-17	1.2149e-16
1.8981e+14	1.4311e-17	1.1153e-16
1.9001e+14	2.0155e-17	1.2702e-16
1.9021e+14	2.5102e-17	1.4683e-16
1.904e+14	1.806e-17	1.3619e-16
1.906e+14	1.8727e-17	1.2357e-16
1.908e+14	2.4247e-17	1.3213e-16
1.91e+14	1.885e-17	1.3544e-16
1.912e+14	1.808e-17	1.2918e-16
1.914e+14	2.7119e-17	1.309e-16
1.9159e+14	2.3979e-17	1.2941e-16
1.9179e+14	1.5936e-17	1.2216e-16
1.9199e+14	2.1729e-17	1.281e-16
1.9219e+14	2.3916e-17	1.3547e-16
1.9239e+14	1.5595e-17	1.2949e-16
1.9259e+14	1.9477e-17	1.3317e-16
1.9279e+14	2.8535e-17	1.4894e-16
1.9298e+14	2.2843e-17	1.4688e-16
1.9318e+14	1.9536e-17	1.3338e-16
1.9338e+14	2.7148e-17	1.3291e-16
1.9358e+14	2.4593e-17	1.3509e-16
1.9378e+14	1.811e-17	1.3246e-16
1.9398e+14	2.4981e-17	1.3782e-16
1.9418e+14	2.6925e-17	1.418e-16
1.9437e+14	1.7303e-17	1.3342e-16
1.9457e+14	1.9648e-17	1.3056e-16
1.9477e+14	2.7768e-17	1.3659e-16
1.9497e+14	2.2155e-17	1.3448e-16
1.9517e+14	1.9302e-17	1.31e-16
1.9537e+14	2.6986e-17	1.3771e-16
1.9557e+14	2.4606e-17	1.4532e-16
1.9576e+14	1.8596e-17	1.5274e-16
1.9596e+14	2.5232e-17	1.6168e-16
1.9616e+14	2.6876e-17	1.5713e-16
1.9636e+14	1.8886e-17	1.4421e-16
1.9656e+14	2.3072e-17	1.4443e-16
1.9676e+14	2.9324e-17	1.4669e-16
1.9696e+14	1.9697e-17	1.3924e-16
1.9715e+14	1.5925e-17	1.4137e-16
1.9735e+14	2.5404e-17	1.4655e-16
1.9755e+14	2.2901e-17	1.3216e-16
1.9775e+14	1.5008e-17	1.2691e-16
1.9795e+14	2.1603e-17	1.5144e-16
1.9815e+14	2.4535e-17	1.6137e-16
1.9835e+14	1.6467e-17	1.4385e-16
1.9854e+14	2.034e-17	1.4182e-16
1.9874e+14	2.8509e-17	1.4884e-16
1.9894e+14	2.1771e-17	1.3405e-16
1.9914e+14	1.8801e-17	1.2678e-16
1.9934e+14	2.659e-17	1.4337e-16
1.9954e+14	2.2441e-17	1.4423e-16
1.9974e+14	1.5264e-17	1.3195e-16
1.9993e+14	2.4062e-17	1.4169e-16
2.0013e+14	2.7827e-17	1.5123e-16
2.0033e+14	1.884e-17	1.3946e-16
2.0053e+14	2.1985e-17	1.3918e-16
2.0073e+14	2.9433e-17	1.5005e-16
2.0093e+14	2.104e-17	1.3908e-16
2.0113e+14	1.7874e-17	1.2759e-16
2.0132e+14	2.8216e-17	1.4025e-16
2.0152e+14	2.5254e-17	1.4539e-16
2.0172e+14	1.5735e-17	1.3417e-16
2.0192e+14	2.2716e-17	1.3561e-16
2.0212e+14	2.6788e-17	1.4123e-16
2.0232e+14	1.7118e-17	1.3743e-16
2.0251e+14	1.9543e-17	1.4696e-16
2.0271e+14	2.9171e-17	1.6156e-16
2.0291e+14	2.2003e-17	1.4881e-16
2.0311e+14	1.5762e-17	1.312e-16
2.0331e+14	2.4599e-17	1.3816e-16
2.0351e+14	2.526e-17	1.449e-16
2.0371e+14	1.7979e-17	1.3959e-16
2.039e+14	2.2981e-17	1.4205e-16
2.041e+14	2.6713e-17	1.4257e-16
2.043e+14	1.8777e-17	1.3165e-16
2.045e+14	1.9641e-17	1.3437e-16
2.047e+14	2.6946e-17	1.4769e-16
2.049e+14	2.2383e-17	1.4396e-16
2.051e+14	1.9437e-17	1.3717e-16
2.0529e+14	2.6494e-17	1.4306e-16
2.0549e+14	2.4584e-17	1.3943e-16
2.0569e+14	1.8365e-17	1.2969e-16
2.0589e+14	2.407e-17	1.3827e-16
2.0609e+14	2.5817e-17	1.4438e-16
2.0629e+14	1.7206e-17	1.2824e-16
2.0649e+14	1.9329e-17	1.177e-16
2.0668e+14	2.5955e-17	1.2119e-16
2.0688e+14	1.9373e-17	1.182e-16
2.0708e+14	1.6775e-17	1.1893e-16
2.0728e+14	2.54e-17	1.3164e-16
2.0748e+14	2.2928e-17	1.3171e-16
2.0768e+14	1.5275e-17	1.2249e-16
2.0788e+14	2.1534e-17	1.2774e-16
2.0807e+14	2.4578e-17	1.3117e-16
2.0827e+14	1.5477e-17	1.2104e-16
2.0847e+14	1.6483e-17	1.2307e-16
2.0867e+14	2.3939e-17	1.3301e-16
2.0887e+14	1.9594e-17	1.2605e-16
2.0907e+14	1.8247e-17	1.2161e-16
2.0927e+14	2.6721e-17	1.3332e-16
2.0946e+14	2.406e-17	1.3235e-16
2.0966e+14	1.6719e-17	1.2218e-16
2.0986e+14	2.3196e-17	1.3075e-16
2.1006e+14	2.5978e-17	1.3513e-16
2.1026e+14	1.641e-17	1.1456e-16
2.1046e+14	1.7141e-17	1.0476e-16
2.1066e+14	2.4369e-17	1.1796e-16
2.1085e+14	1.9408e-17	1.2283e-16
2.1105e+14	1.7495e-17	1.2103e-16
2.1125e+14	2.6223e-17	1.2873e-16
2.1145e+14	2.3694e-17	1.2938e-16
2.1165e+14	1.4933e-17	1.2061e-16
2.1185e+14	1.9791e-17	1.211e-16
2.1205e+14	2.3311e-17	1.2057e-16
2.1224e+14	1.6361e-17	1.1188e-16
2.1244e+14	1.8952e-17	1.1733e-16
2.1264e+14	2.5989e-17	1.2905e-16
2.1284e+14	1.9168e-17	1.1972e-16
2.1304e+14	1.5243e-17	1.0821e-16
2.1324e+14	2.3911e-17	1.1576e-16
2.1343e+14	2.2976e-17	1.19e-16
2.1363e+14	1.4599e-17	1.1033e-16
2.1383e+14	1.8262e-17	1.0933e-16
2.1403e+14	2.1271e-17	1.0922e-16
2.1423e+14	1.4032e-17	1.0302e-16
2.1443e+14	1.5189e-17	1.0815e-16
2.1463e+14	2.2308e-17	1.1558e-16
2.1482e+14	1.8429e-17	1.0549e-16
2.1502e+14	1.5565e-17	1.0084e-16
2.1522e+14	2.1518e-17	1.1452e-16
2.1542e+14	1.9933e-17	1.1547e-16
2.1562e+14	1.5159e-17	1.0149e-16
2.1582e+14	2.0328e-17	1.0057e-16
2.1602e+14	2.0305e-17	1.0411e-16
2.1621e+14	1.1618e-17	9.846e-17
2.1641e+14	1.5341e-17	1.0011e-16
2.1661e+14	2.3402e-17	1.0378e-16
2.1681e+14	1.6317e-17	9.2601e-17
2.1701e+14	1.1028e-17	8.9675e-17
2.1721e+14	1.8164e-17	1.0445e-16
2.1741e+14	1.7676e-17	1.0206e-16
2.176e+14	1.1603e-17	8.3783e-17
2.178e+14	1.6473e-17	8.5817e-17
2.18e+14	1.9158e-17	9.8149e-17
2.182e+14	1.2346e-17	9.5803e-17
2.184e+14	1.4623e-17	9.3336e-17
2.186e+14	2.1816e-17	9.631e-17
2.188e+14	1.7259e-17	8.9564e-17
2.1899e+14	1.4012e-17	8.4284e-17
2.1919e+14	1.9495e-17	8.8759e-17
2.1939e+14	1.6793e-17	8.2718e-17
2.1959e+14	1.0748e-17	7.096e-17
2.1979e+14	1.5772e-17	7.5147e-17
2.1999e+14	1.7477e-17	7.9646e-17
2.2019e+14	1.0665e-17	7.1932e-17
2.2038e+14	1.3824e-17	7.3376e-17
2.2058e+14	1.9952e-17	8.048e-17
2.2078e+14	1.3009e-17	7.1768e-17
2.2098e+14	9.9296e-18	6.4796e-17
2.2118e+14	1.8424e-17	7.3532e-17
2.2138e+14	1.7692e-17	7.3301e-17
2.2158e+14	1.1077e-17	6.3003e-17
2.2177e+14	1.5608e-17	6.6014e-17
2.2197e+14	1.8026e-17	7.1437e-17
2.2217e+14	1.0758e-17	6.5728e-17
2.2237e+14	1.1774e-17	6.5979e-17
2.2257e+14	1.7319e-17	7.0198e-17
2.2277e+14	1.2349e-17	6.1811e-17
2.2296e+14	1.0353e-17	5.6687e-17
2.2316e+14	1.7535e-17	6.4344e-17
2.2336e+14	1.5752e-17	6.3707e-17
2.2356e+14	9.3787e-18	5.7998e-17
2.2376e+14	1.3809e-17	6.3301e-17
2.2396e+14	1.6334e-17	6.1715e-17
2.2416e+14	1.073e-17	4.8025e-17
2.2435e+14	1.2679e-17	4.8957e-17
2.2455e+14	1.6489e-17	5.7773e-17
2.2475e+14	1.0063e-17	5.208e-17
2.2495e+14	9.0849e-18	5.0782e-17
2.2515e+14	1.6866e-17	6.0896e-17
2.2535e+14	1.3704e-17	5.3794e-17
2.2555e+14	7.1384e-18	4.0678e-17
2.2574e+14	1.3416e-17	5.1851e-17
2.2594e+14	1.6101e-17	6.1401e-17
2.2614e+14	8.3295e-18	4.7153e-17
2.2634e+14	9.841e-18	4.1735e-17
2.2654e+14	1.5697e-17	5.1806e-17
2.2674e+14	9.7927e-18	4.7251e-17
2.2694e+14	6.8587e-18	3.8496e-17
2.2713e+14	1.3861e-17	4.653e-17
2.2733e+14	1.2271e-17	5.1157e-17
2.2753e+14	6.732e-18	4.5572e-17
2.2773e+14	1.2419e-17	4.8105e-17
2.2793e+14	1.4874e-17	4.808e-17
2.2813e+14	7.7549e-18	3.6344e-17
2.2833e+14	9.4755e-18	3.7086e-17
2.2852e+14	1.5213e-17	4.8004e-17
2.2872e+14	9.7965e-18	4.2447e-17
2.2892e+14	7.3558e-18	3.4167e-17
2.2912e+14	1.4119e-17	4.1776e-17
2.2932e+14	1.22e-17	4.375e-17
2.2952e+14	6.5583e-18	3.4806e-17
2.2972e+14	1.1822e-17	3.6241e-17
2.2991e+14	1.3848e-17	3.9714e-17
2.3011e+14	6.9472e-18	3.2478e-17
2.3031e+14	8.9033e-18	3.2502e-17
2.3051e+14	1.4305e-17	4.0291e-17
2.3071e+14	8.7809e-18	3.6959e-17
2.3091e+14	6.863e-18	3.3499e-17
2.3111e+14	1.3919e-17	3.9998e-17
2.313e+14	1.1871e-17	3.7411e-17
2.315e+14	6.4123e-18	2.8955e-17
2.317e+14	1.1935e-17	3.4729e-17
2.319e+14	1.3437e-17	3.9613e-17
2.321e+14	5.648e-18	3.0432e-17
2.323e+14	7.5065e-18	2.8084e-17
2.325e+14	1.3673e-17	3.3462e-17
2.3269e+14	8.8525e-18	2.8658e-17
2.3289e+14	6.8994e-18	2.6317e-17
2.3309e+14	1.3366e-17	3.4574e-17
2.3329e+14	1.1063e-17	3.2337e-17
2.3349e+14	6.1266e-18	2.4885e-17
2.3369e+14	1.2019e-17	3.2596e-17
2.3388e+14	1.297e-17	3.6526e-17
2.3408e+14	4.8121e-18	2.4401e-17
2.3428e+14	7.3988e-18	2.3033e-17
2.3448e+14	1.393e-17	3.2239e-17
2.3468e+14	8.0441e-18	2.7042e-17
2.3488e+14	5.364e-18	2.1154e-17
2.3508e+14	1.2561e-17	2.9844e-17
2.3527e+14	1.0591e-17	3.0411e-17
2.3547e+14	4.907e-18	2.1338e-17
2.3567e+14	1.1138e-17	2.538e-17
2.3587e+14	1.3699e-17	2.9924e-17
2.3607e+14	5.7517e-18	2.0307e-17
2.3627e+14	6.9739e-18	1.8922e-17
2.3647e+14	1.3087e-17	2.8521e-17
2.3666e+14	7.8527e-18	2.5916e-17
2.3686e+14	5.0545e-18	2.0077e-17
2.3706e+14	1.1602e-17	2.5489e-17
2.3726e+14	9.5702e-18	2.5007e-17
2.3746e+14	3.8316e-18	1.8013e-17
2.3766e+14	9.6447e-18	2.316e-17
2.3786e+14	1.2399e-17	2.7817e-17
2.3805e+14	5.2671e-18	1.9447e-17
2.3825e+14	6.7667e-18	1.8431e-17
2.3845e+14	1.2436e-17	2.5623e-17
2.3865e+14	6.8197e-18	2.0665e-17
2.3885e+14	4.213e-18	1.5424e-17
2.3905e+14	1.1417e-17	2.3394e-17
2.3925e+14	9.637e-18	2.4671e-17
2.3944e+14	3.1455e-18	1.6918e-17
2.3964e+14	8.2733e-18	1.9822e-17
2.3984e+14	1.1364e-17	2.3745e-17
2.4004e+14	4.4617e-18	1.6662e-17
2.4024e+14	5.5042e-18	1.6423e-17
2.4044e+14	1.1531e-17	2.3589e-17
2.4064e+14	7.0845e-18	1.9782e-17
2.4083e+14	4.5385e-18	1.5778e-17
2.4103e+14	1.1186e-17	2.258e-17
2.4123e+14	1.0169e-17	2.182e-17
2.4143e+14	4.6996e-18	1.408e-17
2.4163e+14	9.4485e-18	1.8491e-17
2.4183e+14	1.2296e-17	2.3483e-17
2.4203e+14	6.3058e-18	1.6489e-17
2.4222e+14	7.2849e-18	1.5294e-17
2.4242e+14	1.1726e-17	2.1216e-17
2.4262e+14	6.6749e-18	1.7471e-17
2.4282e+14	4.96e-18	1.4376e-17
2.4302e+14	1.1672e-17	2.1064e-17
2.4322e+14	9.7422e-18	1.9903e-17
2.4341e+14	4.0987e-18	1.3069e-17
2.4361e+14	9.3368e-18	1.8054e-17
2.4381e+14	1.1919e-17	2.1622e-17
2.4401e+14	5.099e-18	1.3391e-17
2.4421e+14	6.1368e-18	1.2976e-17
2.4441e+14	1.1658e-17	1.9653e-17
2.4461e+14	7.1231e-18	1.5222e-17
2.448e+14	4.5512e-18	1.1975e-17
2.45e+14	1.0528e-17	1.9839e-17
2.452e+14	9.332e-18	1.8801e-17
2.454e+14	4.5891e-18	1.0367e-17
2.456e+14	9.3495e-18	1.4884e-17
2.458e+14	1.1258e-17	2.0261e-17
2.46e+14	5.0637e-18	1.338e-17
2.4619e+14	6.9542e-18	1.2409e-17
2.4639e+14	1.2307e-17	1.8796e-17
2.4659e+14	7.5164e-18	1.515e-17
2.4679e+14	5.3532e-18	1.1499e-17
2.4699e+14	1.1333e-17	1.7796e-17
2.4719e+14	9.2443e-18	1.7074e-17
2.4739e+14	4.0133e-18	1.0708e-17
2.4758e+14	9.4088e-18	1.5651e-17
2.4778e+14	1.1947e-17	1.9733e-17
2.4798e+14	5.4625e-18	1.264e-17
2.4818e+14	6.8954e-18	1.2193e-17
2.4838e+14	1.2286e-17	1.7695e-17
2.4858e+14	7.1194e-18	1.2971e-17
2.4878e+14	3.7343e-18	1.0235e-17
2.4897e+14	9.4125e-18	1.8102e-17
2.4917e+14	8.9882e-18	1.7404e-17
2.4937e+14	5.1414e-18	9.9942e-18
2.4957e+14	9.6249e-18	1.3947e-17
2.4977e+14	1.0737e-17	1.7161e-17
2.4997e+14	4.526e-18	9.9972e-18
2.5017e+14	6.7359e-18	1.104e-17
2.5036e+14	1.1806e-17	1.8149e-17
2.5056e+14	6.5485e-18	1.311e-17
2.5076e+14	4.5009e-18	8.7385e-18
2.5096e+14	1.1024e-17	1.5737e-17
2.5116e+14	9.2306e-18	1.5371e-17
2.5136e+14	3.6724e-18	8.6473e-18
2.5156e+14	8.5472e-18	1.3431e-17
2.5175e+14	1.1101e-17	1.7521e-17
2.5195e+14	4.9147e-18	1.0359e-17
2.5215e+14	6.1839e-18	1.0286e-17
2.5235e+14	1.1437e-17	1.6569e-17
2.5255e+14	7.0226e-18	1.1947e-17
2.5275e+14	4.5497e-18	8.212e-18
2.5295e+14	1.0102e-17	1.5002e-17
2.5314e+14	8.8427e-18	1.4208e-17
2.5334e+14	4.5097e-18	7.609e-18
2.5354e+14	9.1554e-18	1.2512e-17
2.5374e+14	1.0693e-17	1.62e-17
2.5394e+14	4.5895e-18	8.8384e-18
2.5414e+14	6.3977e-18	9.3379e-18
2.5433e+14	1.1188e-17	1.6242e-17
2.5453e+14	6.1934e-18	1.1617e-17
2.5473e+14	4.3078e-18	7.73e-18
2.5493e+14	1.0562e-17	1.4697e-17
2.5513e+14	8.8769e-18	1.4027e-17
2.5533e+14	4.0565e-18	7.2684e-18
2.5553e+14	9.2849e-18	1.2078e-17
2.5572e+14	1.1334e-17	1.5661e-17
2.5592e+14	4.6352e-18	7.8594e-18
2.5612e+14	6.0111e-18	8.0297e-18
2.5632e+14	1.1494e-17	1.5135e-17
2.5652e+14	6.9765e-18	1.0649e-17
2.5672e+14	4.5688e-18	6.5428e-18
2.5692e+14	1.064e-17	1.3612e-17
2.5711e+14	9.4541e-18	1.3325e-17
2.5731e+14	4.3763e-18	6.4449e-18
2.5751e+14	8.7486e-18	1.1108e-17
2.5771e+14	1.0983e-17	1.5495e-17
2.5791e+14	5.1884e-18	8.6295e-18
2.5811e+14	6.7766e-18	8.6173e-18
2.5831e+14	1.2159e-17	1.5086e-17
2.585e+14	7.8009e-18	1.0683e-17
2.587e+14	4.9065e-18	7.0447e-18
2.589e+14	9.9462e-18	1.4171e-17
2.591e+14	8.694e-18	1.3631e-17
2.593e+14	4.2453e-18	6.6787e-18
2.595e+14	8.4742e-18	1.1538e-17
2.597e+14	1.0323e-17	1.5992e-17
2.5989e+14	4.9578e-18	8.8227e-18
2.6009e+14	6.7497e-18	8.725e-18
2.6029e+14	1.1369e-17	1.567e-17
2.6049e+14	6.8502e-18	1.1206e-17
2.6069e+14	5.2239e-18	6.4642e-18
2.6089e+14	1.13e-17	1.3109e-17
2.6109e+14	9.7352e-18	1.3383e-17
2.6128e+14	4.6429e-18	6.5412e-18
2.6148e+14	8.7109e-18	1.0224e-17
2.6168e+14	1.0368e-17	1.4508e-17
2.6188e+14	4.6986e-18	8.7609e-18
2.6208e+14	6.8611e-18	9.3983e-18
2.6228e+14	1.2288e-17	1.5646e-17
2.6248e+14	7.5979e-18	1.07e-17
2.6267e+14	4.7199e-18	6.345e-18
2.6287e+14	1.0193e-17	1.3312e-17
2.6307e+14	9.3383e-18	1.3309e-17
2.6327e+14	4.8731e-18	5.9684e-18
2.6347e+14	8.7241e-18	9.5199e-18
2.6367e+14	1.0168e-17	1.396e-17
2.6386e+14	4.5509e-18	7.723e-18
2.6406e+14	6.4545e-18	7.3154e-18
2.6426e+14	1.1722e-17	1.369e-17
2.6446e+14	7.6888e-18	1.0249e-17
2.6466e+14	5.5667e-18	6.637e-18
2.6486e+14	1.0892e-17	1.3136e-17
2.6506e+14	9.3638e-18	1.3308e-17
2.6525e+14	4.5981e-18	6.7918e-18
2.6545e+14	8.7133e-18	1.0205e-17
2.6565e+14	1.0579e-17	1.3997e-17
2.6585e+14	5.0356e-18	7.9484e-18
2.6605e+14	6.6307e-18	7.9625e-18
2.6625e+14	1.1685e-17	1.4181e-17
2.6645e+14	7.5579e-18	1.0501e-17
2.6664e+14	5.0873e-18	6.5388e-18
2.6684e+14	1.0228e-17	1.2165e-17
2.6704e+14	9.1981e-18	1.1855e-17
2.6724e+14	4.9442e-18	5.9767e-18
2.6744e+14	9.1222e-18	1.0117e-17
2.6764e+14	1.1233e-17	1.3878e-17
2.6784e+14	5.8806e-18	7.4642e-18
2.6803e+14	6.7392e-18	7.0388e-18
2.6823e+14	1.1142e-17	1.2779e-17
2.6843e+14	7.6394e-18	9.1205e-18
2.6863e+14	5.5262e-18	5.7483e-18
2.6883e+14	9.5316e-18	1.186e-17
2.6903e+14	7.8011e-18	1.1747e-17
2.6923e+14	4.2835e-18	5.8378e-18
2.6942e+14	8.61e-18	9.415e-18
2.6962e+14	1.0009e-17	1.2669e-17
2.6982e+14	5.3412e-18	7.0472e-18
2.7002e+14	7.7027e-18	8.0372e-18
2.7022e+14	1.1619e-17	1.3815e-17
2.7042e+14	6.5351e-18	9.0287e-18
2.7062e+14	4.8818e-18	5.2617e-18
2.7081e+14	1.067e-17	1.1665e-17
2.7101e+14	9.1057e-18	1.1269e-17
2.7121e+14	4.5719e-18	5.2435e-18
2.7141e+14	8.9817e-18	9.9463e-18
2.7161e+14	1.1007e-17	1.3836e-17
2.7181e+14	5.6154e-18	6.7365e-18
2.7201e+14	6.6651e-18	6.276e-18
2.722e+14	1.0822e-17	1.2867e-17
2.724e+14	7.3185e-18	9.3698e-18
2.726e+14	6.4616e-18	5.3158e-18
2.728e+14	1.1552e-17	1.1275e-17
2.73e+14	9.1284e-18	1.1436e-17
2.732e+14	4.4778e-18	5.3903e-18
2.734e+14	8.7569e-18	9.1377e-18
2.7359e+14	1.011e-17	1.2987e-17
2.7379e+14	4.632e-18	6.6974e-18
2.7399e+14	6.9088e-18	6.2048e-18
2.7419e+14	1.1889e-17	1.2288e-17
2.7439e+14	7.1477e-18	8.8719e-18
2.7459e+14	4.6275e-18	4.7981e-18
2.7478e+14	1.0131e-17	1.0437e-17
2.7498e+14	9.3367e-18	1.1035e-17
2.7518e+14	5.108e-18	5.5907e-18
2.7538e+14	8.8457e-18	8.8295e-18
2.7558e+14	1.0196e-17	1.2187e-17
2.7578e+14	4.7288e-18	6.573e-18
2.7598e+14	6.2961e-18	6.4553e-18
2.7617e+14	1.1177e-17	1.1889e-17
2.7637e+14	7.6538e-18	8.5824e-18
2.7657e+14	5.9523e-18	5.6481e-18
2.7677e+14	1.0782e-17	1.1364e-17
2.7697e+14	9.0067e-18	1.075e-17
2.7717e+14	4.5529e-18	4.8378e-18
2.7737e+14	8.6214e-18	8.8157e-18
2.7756e+14	1.0601e-17	1.2679e-17
2.7776e+14	5.7796e-18	6.9017e-18
2.7796e+14	7.2457e-18	6.8074e-18
2.7816e+14	1.1037e-17	1.2571e-17
2.7836e+14	6.3972e-18	9.0666e-18
2.7856e+14	4.7193e-18	5.4159e-18
2.7876e+14	1.0644e-17	1.1104e-17
2.7895e+14	9.4737e-18	1.1434e-17
2.7915e+14	4.0724e-18	5.9395e-18
2.7935e+14	7.1301e-18	9.056e-18
2.7955e+14	9.8758e-18	1.212e-17
2.7975e+14	6.2646e-18	6.4397e-18
2.7995e+14	7.2688e-18	6.4167e-18
2.8015e+14	1.0276e-17	1.204e-17
2.8034e+14	6.4495e-18	9.122e-18
2.8054e+14	5.4403e-18	6.2374e-18
2.8074e+14	1.0328e-17	1.154e-17
2.8094e+14	8.8599e-18	1.113e-17
2.8114e+14	5.3094e-18	6.0429e-18
2.8134e+14	9.1513e-18	9.8753e-18
2.8154e+14	9.7114e-18	1.2588e-17
2.8173e+14	4.2006e-18	6.4021e-18
2.8193e+14	6.2891e-18	6.8948e-18
2.8213e+14	1.1281e-17	1.2979e-17
2.8233e+14	7.6312e-18	9.324e-18
2.8253e+14	5.6021e-18	5.6046e-18
2.8273e+14	1.0093e-17	1.1076e-17
2.8293e+14	8.9589e-18	1.0819e-17
2.8312e+14	5.535e-18	5.0415e-18
2.8332e+14	9.2617e-18	8.6918e-18
2.8352e+14	1.0221e-17	1.264e-17
2.8372e+14	5.4119e-18	7.4881e-18
2.8392e+14	7.2302e-18	7.4406e-18
2.8412e+14	1.0954e-17	1.258e-17
2.8432e+14	6.8013e-18	8.8992e-18
2.8451e+14	5.6794e-18	5.503e-18
2.8471e+14	1.0835e-17	1.0921e-17
2.8491e+14	9.1052e-18	1.0601e-17
2.8511e+14	5.0408e-18	5.0269e-18
2.8531e+14	9.0621e-18	8.8415e-18
2.8551e+14	1.0433e-17	1.2678e-17
2.857e+14	5.399e-18	7.1091e-18
2.859e+14	6.9465e-18	6.7335e-18
2.861e+14	1.0984e-17	1.2294e-17
2.863e+14	7.3144e-18	9.3541e-18
2.865e+14	6.177e-18	5.7918e-18
2.867e+14	1.0988e-17	1.0547e-17
2.869e+14	9.3246e-18	1.0643e-17
2.8709e+14	5.7482e-18	6.1764e-18
2.8729e+14	9.7004e-18	1.0041e-17
2.8749e+14	1.0143e-17	1.3009e-17
2.8769e+14	4.5023e-18	7.0678e-18
2.8789e+14	6.4595e-18	6.8437e-18
2.8809e+14	1.0913e-17	1.232e-17
2.8829e+14	7.0007e-18	9.1708e-18
2.8848e+14	5.772e-18	5.6466e-18
2.8868e+14	1.084e-17	1.0587e-17
2.8888e+14	8.8911e-18	1.0794e-17
2.8908e+14	4.865e-18	6.0859e-18
2.8928e+14	9.4803e-18	9.3554e-18
2.8948e+14	1.1093e-17	1.2152e-17
2.8968e+14	5.6013e-18	6.9126e-18
2.8987e+14	7.1453e-18	7.352e-18
2.9007e+14	1.1776e-17	1.2772e-17
2.9027e+14	8.0676e-18	9.6314e-18
2.9047e+14	6.4051e-18	6.6622e-18
2.9067e+14	1.1183e-17	1.1697e-17
2.9087e+14	9.4062e-18	1.092e-17
2.9107e+14	5.2393e-18	5.2488e-18
2.9126e+14	9.4255e-18	8.7059e-18
2.9146e+14	1.1001e-17	1.2269e-17
2.9166e+14	5.7019e-18	7.0684e-18
2.9186e+14	7.2103e-18	6.7654e-18
2.9206e+14	1.1508e-17	1.1741e-17
2.9226e+14	7.1337e-18	8.8311e-18
2.9246e+14	5.1453e-18	6.1309e-18
2.9265e+14	1.0949e-17	1.1317e-17
2.9285e+14	1.0413e-17	1.0997e-17
2.9305e+14	5.5549e-18	5.7079e-18
2.9325e+14	8.1703e-18	8.732e-18
2.9345e+14	9.891e-18	1.1598e-17
2.9365e+14	5.6105e-18	6.5456e-18
2.9385e+14	6.9699e-18	6.891e-18
2.9404e+14	1.1242e-17	1.1792e-17
2.9424e+14	8.2453e-18	8.1512e-18
2.9444e+14	6.7549e-18	5.2866e-18
2.9464e+14	1.0966e-17	1.1102e-17
2.9484e+14	9.3622e-18	1.1084e-17
2.9504e+14	5.3338e-18	5.45e-18
2.9523e+14	8.8971e-18	8.6155e-18
2.9543e+14	1.0952e-17	1.2264e-17
2.9563e+14	7.1136e-18	7.0852e-18
2.9583e+14	8.3528e-18	6.3234e-18
2.9603e+14	1.1419e-17	1.1271e-17
2.9623e+14	7.6077e-18	9.0276e-18
2.9643e+14	6.3432e-18	6.3857e-18
2.9662e+14	1.0596e-17	1.0916e-17
2.9682e+14	8.7922e-18	1.0672e-17
2.9702e+14	5.2506e-18	6.076e-18
2.9722e+14	9.0659e-18	9.0388e-18
2.9742e+14	9.9513e-18	1.1336e-17
2.9762e+14	4.9175e-18	6.2056e-18
2.9782e+14	6.5991e-18	6.7271e-18
2.9801e+14	1.0815e-17	1.1727e-17
2.9821e+14	7.435e-18	8.2393e-18
2.9841e+14	6.3023e-18	5.046e-18
2.9861e+14	1.108e-17	9.9629e-18
2.9881e+14	9.5915e-18	9.8409e-18
2.9901e+14	5.5414e-18	5.1974e-18
2.9921e+14	8.6845e-18	8.7993e-18
2.994e+14	9.8208e-18	1.1903e-17
2.996e+14	5.8579e-18	6.6633e-18
2.998e+14	8.0258e-18	6.5384e-18
3e+14	1.143e-17	1.1456e-17
