#Error on normalization	O = 1.851 %	H = 2.509 %
#Frequence (s-1)	S_O (s)	S_H (s)
0	3.855e-14	6.1424e-15
1.9557e+11	4.2585e-14	6.0109e-15
3.9113e+11	5.3604e-14	6.1113e-15
5.867e+11	6.1441e-14	6.6375e-15
7.8227e+11	5.6909e-14	6.8071e-15
9.7784e+11	5.2675e-14	6.726e-15
1.1734e+12	5.9687e-14	7.3964e-15
1.369e+12	6.3097e-14	8.3402e-15
1.5645e+12	5.5893e-14	8.3147e-15
1.7601e+12	5.5458e-14	8.0601e-15
1.9557e+12	6.3905e-14	8.8754e-15
2.1512e+12	6.4309e-14	9.8587e-15
2.3468e+12	5.9267e-14	9.9672e-15
2.5424e+12	6.1096e-14	1.0195e-14
2.7379e+12	6.2777e-14	1.092e-14
2.9335e+12	5.9377e-14	1.0955e-14
3.1291e+12	6.1737e-14	1.0804e-14
3.3246e+12	6.7872e-14	1.1991e-14
3.5202e+12	6.5744e-14	1.3275e-14
3.7158e+12	6.2429e-14	1.2831e-14
3.9113e+12	6.781e-14	1.2136e-14
4.1069e+12	7.1317e-14	1.2786e-14
4.3025e+12	6.66e-14	1.3342e-14
4.498e+12	6.5427e-14	1.3009e-14
4.6936e+12	7.1389e-14	1.3259e-14
4.8892e+12	7.4541e-14	1.395e-14
5.0847e+12	7.1681e-14	1.3582e-14
5.2803e+12	6.6363e-14	1.3051e-14
5.4759e+12	6.1224e-14	1.3776e-14
5.6714e+12	6.0745e-14	1.4562e-14
5.867e+12	6.5154e-14	1.4461e-14
6.0626e+12	6.7205e-14	1.4732e-14
6.2581e+12	6.6765e-14	1.5497e-14
6.4537e+12	6.9972e-14	1.5354e-14
6.6493e+12	7.2659e-14	1.4888e-14
6.8449e+12	6.9211e-14	1.5641e-14
7.0404e+12	6.7013e-14	1.6566e-14
7.236e+12	7.0254e-14	1.5944e-14
7.4316e+12	7.0376e-14	1.5003e-14
7.6271e+12	6.5086e-14	1.5875e-14
7.8227e+12	6.1603e-14	1.7721e-14
8.0183e+12	6.1225e-14	1.8e-14
8.2138e+12	6.2553e-14	1.6633e-14
8.4094e+12	6.7333e-14	1.6206e-14
8.605e+12	7.0502e-14	1.763e-14
8.8005e+12	6.5439e-14	1.8402e-14
8.9961e+12	5.927e-14	1.7018e-14
9.1917e+12	6.017e-14	1.5904e-14
9.3872e+12	6.1563e-14	1.6996e-14
9.5828e+12	5.769e-14	1.8151e-14
9.7784e+12	5.4722e-14	1.7458e-14
9.9739e+12	5.5556e-14	1.68e-14
1.0169e+13	5.51e-14	1.7791e-14
1.0365e+13	5.205e-14	1.874e-14
1.0561e+13	4.9018e-14	1.8277e-14
1.0756e+13	4.7537e-14	1.7624e-14
1.0952e+13	4.9565e-14	1.7723e-14
1.1147e+13	5.3269e-14	1.7947e-14
1.1343e+13	5.1612e-14	1.8048e-14
1.1538e+13	4.5219e-14	1.8328e-14
1.1734e+13	4.3263e-14	1.8446e-14
1.193e+13	4.6154e-14	1.817e-14
1.2125e+13	4.574e-14	1.8103e-14
1.2321e+13	4.1822e-14	1.8367e-14
1.2516e+13	4.0252e-14	1.8195e-14
1.2712e+13	4.0938e-14	1.7661e-14
1.2907e+13	4.099e-14	1.7994e-14
1.3103e+13	4.0422e-14	1.9426e-14
1.3299e+13	3.8853e-14	2.044e-14
1.3494e+13	3.5582e-14	2.0016e-14
1.369e+13	3.2008e-14	1.9071e-14
1.3885e+13	2.898e-14	1.874e-14
1.4081e+13	2.6977e-14	1.8788e-14
1.4276e+13	2.7727e-14	1.879e-14
1.4472e+13	2.9583e-14	1.9175e-14
1.4668e+13	2.8444e-14	1.9895e-14
1.4863e+13	2.6186e-14	1.9853e-14
1.5059e+13	2.6764e-14	1.8837e-14
1.5254e+13	2.6748e-14	1.829e-14
1.545e+13	2.2768e-14	1.9063e-14
1.5645e+13	1.9875e-14	2.0074e-14
1.5841e+13	2.1284e-14	2.0132e-14
1.6037e+13	2.2231e-14	1.9542e-14
1.6232e+13	2.0408e-14	1.9001e-14
1.6428e+13	1.8817e-14	1.844e-14
1.6623e+13	1.7838e-14	1.7928e-14
1.6819e+13	1.6398e-14	1.8172e-14
1.7014e+13	1.5996e-14	1.9009e-14
1.721e+13	1.6103e-14	1.9055e-14
1.7405e+13	1.4158e-14	1.8022e-14
1.7601e+13	1.1949e-14	1.751e-14
1.7797e+13	1.2256e-14	1.8393e-14
1.7992e+13	1.2697e-14	1.9498e-14
1.8188e+13	1.1312e-14	1.9609e-14
1.8383e+13	1.0782e-14	1.8663e-14
1.8579e+13	1.1728e-14	1.7078e-14
1.8774e+13	1.1123e-14	1.5881e-14
1.897e+13	9.1726e-15	1.6318e-14
1.9166e+13	8.6706e-15	1.7602e-14
1.9361e+13	8.9498e-15	1.7412e-14
1.9557e+13	7.9844e-15	1.5817e-14
1.9752e+13	6.9958e-15	1.5404e-14
1.9948e+13	7.5705e-15	1.6801e-14
2.0143e+13	8.3297e-15	1.7895e-14
2.0339e+13	7.7949e-15	1.7663e-14
2.0535e+13	6.8674e-15	1.7124e-14
2.073e+13	6.6865e-15	1.6841e-14
2.0926e+13	6.842e-15	1.6458e-14
2.1121e+13	6.6546e-15	1.6025e-14
2.1317e+13	6.2802e-15	1.5844e-14
2.1512e+13	5.9383e-15	1.5851e-14
2.1708e+13	5.4547e-15	1.5961e-14
2.1904e+13	4.9909e-15	1.6192e-14
2.2099e+13	4.9762e-15	1.6374e-14
2.2295e+13	5.1623e-15	1.6257e-14
2.249e+13	4.997e-15	1.5758e-14
2.2686e+13	4.623e-15	1.5163e-14
2.2881e+13	4.3699e-15	1.515e-14
2.3077e+13	4.1273e-15	1.5846e-14
2.3272e+13	3.935e-15	1.6194e-14
2.3468e+13	3.9554e-15	1.5544e-14
2.3664e+13	3.9049e-15	1.4957e-14
2.3859e+13	3.7046e-15	1.5388e-14
2.4055e+13	3.7241e-15	1.5991e-14
2.425e+13	3.7314e-15	1.5826e-14
2.4446e+13	3.3091e-15	1.5469e-14
2.4641e+13	3.0288e-15	1.5535e-14
2.4837e+13	3.2932e-15	1.5482e-14
2.5033e+13	3.379e-15	1.497e-14
2.5228e+13	3.0936e-15	1.4628e-14
2.5424e+13	3.1279e-15	1.4681e-14
2.5619e+13	3.2748e-15	1.4382e-14
2.5815e+13	2.9183e-15	1.35e-14
2.601e+13	2.601e-15	1.3104e-14
2.6206e+13	2.8133e-15	1.3897e-14
2.6402e+13	2.9099e-15	1.4732e-14
2.6597e+13	2.6047e-15	1.4113e-14
2.6793e+13	2.4047e-15	1.2571e-14
2.6988e+13	2.3825e-15	1.1853e-14
2.7184e+13	2.3837e-15	1.2242e-14
2.7379e+13	2.5434e-15	1.262e-14
2.7575e+13	2.6202e-15	1.2629e-14
2.7771e+13	2.351e-15	1.2705e-14
2.7966e+13	2.2394e-15	1.2764e-14
2.8162e+13	2.4824e-15	1.2648e-14
2.8357e+13	2.4447e-15	1.2738e-14
2.8553e+13	2.0987e-15	1.2847e-14
2.8748e+13	2.0462e-15	1.2242e-14
2.8944e+13	2.1596e-15	1.1451e-14
2.914e+13	2.0699e-15	1.1727e-14
2.9335e+13	2.0215e-15	1.2539e-14
2.9531e+13	2.0509e-15	1.2288e-14
2.9726e+13	1.8721e-15	1.1248e-14
2.9922e+13	1.755e-15	1.1044e-14
3.0117e+13	1.9531e-15	1.1749e-14
3.0313e+13	2.0397e-15	1.207e-14
3.0508e+13	1.861e-15	1.1695e-14
3.0704e+13	1.7973e-15	1.1356e-14
3.09e+13	1.8488e-15	1.1331e-14
3.1095e+13	1.8085e-15	1.1386e-14
3.1291e+13	1.788e-15	1.1489e-14
3.1486e+13	1.771e-15	1.1604e-14
3.1682e+13	1.6443e-15	1.1428e-14
3.1877e+13	1.6308e-15	1.0939e-14
3.2073e+13	1.7453e-15	1.0664e-14
3.2269e+13	1.647e-15	1.0851e-14
3.2464e+13	1.4623e-15	1.0885e-14
3.266e+13	1.5097e-15	1.03e-14
3.2855e+13	1.5436e-15	9.8706e-15
3.3051e+13	1.3962e-15	1.0407e-14
3.3246e+13	1.3442e-15	1.1069e-14
3.3442e+13	1.337e-15	1.066e-14
3.3638e+13	1.2197e-15	9.7974e-15
3.3833e+13	1.3169e-15	9.6956e-15
3.4029e+13	1.603e-15	1.0068e-14
3.4224e+13	1.5412e-15	1.025e-14
3.442e+13	1.2976e-15	1.0521e-14
3.4615e+13	1.4006e-15	1.0713e-14
3.4811e+13	1.5349e-15	1.0034e-14
3.5007e+13	1.343e-15	9.135e-15
3.5202e+13	1.2576e-15	9.3348e-15
3.5398e+13	1.4307e-15	9.9931e-15
3.5593e+13	1.4536e-15	9.8419e-15
3.5789e+13	1.365e-15	9.5187e-15
3.5984e+13	1.3729e-15	9.7739e-15
3.618e+13	1.255e-15	9.6478e-15
3.6375e+13	1.0671e-15	8.8728e-15
3.6571e+13	1.1689e-15	8.8764e-15
3.6767e+13	1.3402e-15	9.8147e-15
3.6962e+13	1.2662e-15	1.0114e-14
3.7158e+13	1.2563e-15	9.5546e-15
3.7353e+13	1.4369e-15	9.4295e-15
3.7549e+13	1.4499e-15	9.858e-15
3.7744e+13	1.3395e-15	9.8544e-15
3.794e+13	1.3928e-15	9.393e-15
3.8136e+13	1.4314e-15	9.2802e-15
3.8331e+13	1.2988e-15	9.7003e-15
3.8527e+13	1.2081e-15	1.0125e-14
3.8722e+13	1.174e-15	1.0153e-14
3.8918e+13	1.0891e-15	9.904e-15
3.9113e+13	1.1255e-15	9.7348e-15
3.9309e+13	1.2897e-15	9.7326e-15
3.9505e+13	1.2931e-15	9.7226e-15
3.97e+13	1.1811e-15	9.6705e-15
3.9896e+13	1.2253e-15	9.579e-15
4.0091e+13	1.345e-15	9.2925e-15
4.0287e+13	1.3308e-15	8.9498e-15
4.0482e+13	1.2284e-15	9.035e-15
4.0678e+13	1.17e-15	9.5468e-15
4.0874e+13	1.1953e-15	9.8899e-15
4.1069e+13	1.2128e-15	9.8187e-15
4.1265e+13	1.1144e-15	9.7425e-15
4.146e+13	1.0865e-15	1.0013e-14
4.1656e+13	1.3285e-15	1.0404e-14
4.1851e+13	1.4846e-15	1.0452e-14
4.2047e+13	1.2631e-15	1.0212e-14
4.2243e+13	1.1404e-15	1.0244e-14
4.2438e+13	1.3811e-15	1.0542e-14
4.2634e+13	1.4423e-15	1.0416e-14
4.2829e+13	1.2094e-15	9.9627e-15
4.3025e+13	1.2349e-15	1.0107e-14
4.322e+13	1.435e-15	1.0749e-14
4.3416e+13	1.3475e-15	1.0901e-14
4.3611e+13	1.2597e-15	1.0691e-14
4.3807e+13	1.4551e-15	1.0913e-14
4.4003e+13	1.464e-15	1.1236e-14
4.4198e+13	1.1766e-15	1.1134e-14
4.4394e+13	1.1437e-15	1.1221e-14
4.4589e+13	1.3622e-15	1.1721e-14
4.4785e+13	1.3581e-15	1.1597e-14
4.498e+13	1.2097e-15	1.0733e-14
4.5176e+13	1.2316e-15	1.061e-14
4.5372e+13	1.3413e-15	1.1647e-14
4.5567e+13	1.4059e-15	1.2235e-14
4.5763e+13	1.4237e-15	1.1455e-14
4.5958e+13	1.3258e-15	1.0546e-14
4.6154e+13	1.1713e-15	1.0606e-14
4.6349e+13	1.1419e-15	1.0814e-14
4.6545e+13	1.1942e-15	1.0365e-14
4.6741e+13	1.2341e-15	1.0228e-14
4.6936e+13	1.3291e-15	1.1102e-14
4.7132e+13	1.4033e-15	1.1616e-14
4.7327e+13	1.3085e-15	1.0715e-14
4.7523e+13	1.1754e-15	9.5856e-15
4.7718e+13	1.1322e-15	9.3776e-15
4.7914e+13	1.0854e-15	9.6625e-15
4.811e+13	1.0601e-15	1.0112e-14
4.8305e+13	1.1216e-15	1.0645e-14
4.8501e+13	1.1142e-15	1.0287e-14
4.8696e+13	1.0427e-15	8.9704e-15
4.8892e+13	1.1219e-15	8.5078e-15
4.9087e+13	1.2085e-15	9.2405e-15
4.9283e+13	1.0536e-15	9.3017e-15
4.9478e+13	9.1238e-16	8.6318e-15
4.9674e+13	1.0301e-15	8.9084e-15
4.987e+13	1.1435e-15	9.4781e-15
5.0065e+13	1.0806e-15	8.6608e-15
5.0261e+13	1.0094e-15	7.5992e-15
5.0456e+13	9.5018e-16	7.9189e-15
5.0652e+13	8.471e-16	8.4108e-15
5.0847e+13	8.3679e-16	7.8158e-15
5.1043e+13	9.2299e-16	7.2109e-15
5.1239e+13	9.2864e-16	7.3278e-15
5.1434e+13	8.7378e-16	7.2984e-15
5.163e+13	8.5509e-16	6.8618e-15
5.1825e+13	8.2795e-16	6.6396e-15
5.2021e+13	8.0471e-16	6.598e-15
5.2216e+13	8.05e-16	6.3347e-15
5.2412e+13	7.1733e-16	5.9333e-15
5.2608e+13	6.0802e-16	5.6564e-15
5.2803e+13	6.7416e-16	5.6784e-15
5.2999e+13	7.7543e-16	5.9795e-15
5.3194e+13	7.0222e-16	6.1481e-15
5.339e+13	6.2386e-16	5.9455e-15
5.3585e+13	6.5851e-16	5.7015e-15
5.3781e+13	6.408e-16	5.5756e-15
5.3977e+13	6.0117e-16	5.3955e-15
5.4172e+13	6.656e-16	5.2665e-15
5.4368e+13	6.5696e-16	5.1942e-15
5.4563e+13	5.1151e-16	4.8352e-15
5.4759e+13	4.865e-16	4.416e-15
5.4954e+13	5.7277e-16	4.4569e-15
5.515e+13	5.4162e-16	4.5496e-15
5.5346e+13	4.9237e-16	4.2037e-15
5.5541e+13	5.5086e-16	4.0131e-15
5.5737e+13	5.3558e-16	4.332e-15
5.5932e+13	4.3281e-16	4.4745e-15
5.6128e+13	4.4958e-16	4.2588e-15
5.6323e+13	5.2161e-16	4.2446e-15
5.6519e+13	4.9683e-16	4.3066e-15
5.6714e+13	4.6556e-16	4.0073e-15
5.691e+13	4.6015e-16	3.6753e-15
5.7106e+13	4.1019e-16	3.6452e-15
5.7301e+13	4.171e-16	3.6658e-15
5.7497e+13	5.0642e-16	3.6553e-15
5.7692e+13	4.98e-16	3.6953e-15
5.7888e+13	4.2545e-16	3.5793e-15
5.8083e+13	4.4931e-16	3.3676e-15
5.8279e+13	4.5915e-16	3.4388e-15
5.8475e+13	3.867e-16	3.6443e-15
5.867e+13	4.1397e-16	3.6111e-15
5.8866e+13	5.0584e-16	3.5235e-15
5.9061e+13	4.6582e-16	3.5843e-15
5.9257e+13	4.0594e-16	3.5529e-15
5.9452e+13	4.5067e-16	3.3626e-15
5.9648e+13	4.3911e-16	3.234e-15
5.9844e+13	3.6659e-16	3.2159e-15
6.0039e+13	3.9958e-16	3.2806e-15
6.0235e+13	4.2964e-16	3.3664e-15
6.043e+13	3.4613e-16	3.2105e-15
6.0626e+13	3.3665e-16	2.8233e-15
6.0821e+13	4.1477e-16	2.6495e-15
6.1017e+13	3.6604e-16	2.7636e-15
6.1213e+13	2.7729e-16	2.8093e-15
6.1408e+13	3.3576e-16	2.7674e-15
6.1604e+13	3.9256e-16	2.7808e-15
6.1799e+13	3.3259e-16	2.7253e-15
6.1995e+13	3.091e-16	2.6686e-15
6.219e+13	3.4677e-16	2.817e-15
6.2386e+13	3.4191e-16	2.8808e-15
6.2581e+13	3.4542e-16	2.6243e-15
6.2777e+13	3.8068e-16	2.4982e-15
6.2973e+13	3.6092e-16	2.7171e-15
6.3168e+13	3.3128e-16	2.7832e-15
6.3364e+13	3.4538e-16	2.5381e-15
6.3559e+13	3.119e-16	2.3885e-15
6.3755e+13	2.6337e-16	2.4109e-15
6.395e+13	3.1224e-16	2.4136e-15
6.4146e+13	3.3891e-16	2.4658e-15
6.4342e+13	2.5588e-16	2.5735e-15
6.4537e+13	2.4761e-16	2.5513e-15
6.4733e+13	3.484e-16	2.4746e-15
6.4928e+13	3.5571e-16	2.4915e-15
6.5124e+13	2.883e-16	2.4332e-15
6.5319e+13	2.989e-16	2.2332e-15
6.5515e+13	3.1678e-16	2.1823e-15
6.5711e+13	2.7192e-16	2.3865e-15
6.5906e+13	2.6305e-16	2.546e-15
6.6102e+13	2.8681e-16	2.4329e-15
6.6297e+13	2.7127e-16	2.1982e-15
6.6493e+13	2.7716e-16	2.1539e-15
6.6688e+13	3.1127e-16	2.3652e-15
6.6884e+13	2.828e-16	2.5628e-15
6.708e+13	2.5467e-16	2.5489e-15
6.7275e+13	3.0852e-16	2.424e-15
6.7471e+13	3.2956e-16	2.298e-15
6.7666e+13	2.7334e-16	2.2166e-15
6.7862e+13	2.6858e-16	2.2951e-15
6.8057e+13	3.0872e-16	2.4216e-15
6.8253e+13	2.8604e-16	2.267e-15
6.8449e+13	2.4944e-16	1.9825e-15
6.8644e+13	2.7075e-16	2.0463e-15
6.884e+13	2.9738e-16	2.3075e-15
6.9035e+13	2.9914e-16	2.2858e-15
6.9231e+13	2.9072e-16	2.1458e-15
6.9426e+13	2.6468e-16	2.2526e-15
6.9622e+13	2.6223e-16	2.4041e-15
6.9817e+13	3.0667e-16	2.3659e-15
7.0013e+13	3.0795e-16	2.2951e-15
7.0209e+13	2.5666e-16	2.2541e-15
7.0404e+13	2.6581e-16	2.1924e-15
7.06e+13	3.0874e-16	2.2465e-15
7.0795e+13	2.8463e-16	2.3793e-15
7.0991e+13	2.5974e-16	2.3269e-15
7.1186e+13	2.9079e-16	2.2008e-15
7.1382e+13	2.8812e-16	2.3042e-15
7.1578e+13	2.5545e-16	2.4662e-15
7.1773e+13	2.7518e-16	2.3841e-15
7.1969e+13	2.8871e-16	2.2116e-15
7.2164e+13	2.5639e-16	2.1972e-15
7.236e+13	2.7364e-16	2.2509e-15
7.2555e+13	3.2156e-16	2.2043e-15
7.2751e+13	3.011e-16	2.1115e-15
7.2947e+13	2.8086e-16	2.1535e-15
7.3142e+13	3.1826e-16	2.3401e-15
7.3338e+13	3.0624e-16	2.414e-15
7.3533e+13	2.4703e-16	2.2774e-15
7.3729e+13	2.6015e-16	2.2457e-15
7.3924e+13	2.9892e-16	2.4571e-15
7.412e+13	2.812e-16	2.5787e-15
7.4316e+13	2.8655e-16	2.4832e-15
7.4511e+13	3.3119e-16	2.4052e-15
7.4707e+13	3.1351e-16	2.3358e-15
7.4902e+13	2.6466e-16	2.1932e-15
7.5098e+13	2.7496e-16	2.215e-15
7.5293e+13	3.0198e-16	2.3909e-15
7.5489e+13	3.045e-16	2.3576e-15
7.5684e+13	3.0578e-16	2.2385e-15
7.588e+13	2.8291e-16	2.4058e-15
7.6076e+13	2.5263e-16	2.6092e-15
7.6271e+13	2.8904e-16	2.5377e-15
7.6467e+13	3.286e-16	2.4668e-15
7.6662e+13	2.807e-16	2.5025e-15
7.6858e+13	2.4876e-16	2.3899e-15
7.7053e+13	3.0054e-16	2.3074e-15
7.7249e+13	3.1096e-16	2.5286e-15
7.7445e+13	2.6077e-16	2.743e-15
7.764e+13	2.7007e-16	2.7415e-15
7.7836e+13	3.0844e-16	2.756e-15
7.8031e+13	2.9432e-16	2.7224e-15
7.8227e+13	2.9656e-16	2.5089e-15
7.8422e+13	3.3912e-16	2.4982e-15
7.8618e+13	3.3805e-16	2.7807e-15
7.8814e+13	3.2425e-16	2.864e-15
7.9009e+13	3.6494e-16	2.7841e-15
7.9205e+13	3.8505e-16	2.923e-15
7.94e+13	3.4304e-16	2.9425e-15
7.9596e+13	3.2005e-16	2.6099e-15
7.9791e+13	3.307e-16	2.6154e-15
7.9987e+13	3.3761e-16	3.1306e-15
8.0183e+13	3.6587e-16	3.2762e-15
8.0378e+13	3.9374e-16	2.8822e-15
8.0574e+13	3.5472e-16	2.7487e-15
8.0769e+13	3.0443e-16	2.991e-15
8.0965e+13	3.2747e-16	3.0551e-15
8.116e+13	3.8202e-16	2.9485e-15
8.1356e+13	4.1641e-16	2.9977e-15
8.1551e+13	4.3292e-16	3.1418e-15
8.1747e+13	4.0683e-16	3.2249e-15
8.1943e+13	3.5734e-16	3.213e-15
8.2138e+13	3.6652e-16	3.0772e-15
8.2334e+13	4.0383e-16	2.9807e-15
8.2529e+13	3.7688e-16	3.1166e-15
8.2725e+13	3.3345e-16	3.2888e-15
8.292e+13	3.4902e-16	3.2914e-15
8.3116e+13	3.7892e-16	3.2873e-15
8.3312e+13	4.0049e-16	3.3258e-15
8.3507e+13	4.4409e-16	3.2801e-15
8.3703e+13	4.5539e-16	3.3373e-15
8.3898e+13	3.9483e-16	3.6165e-15
8.4094e+13	3.5331e-16	3.7317e-15
8.4289e+13	3.8093e-16	3.536e-15
8.4485e+13	4.1542e-16	3.4212e-15
8.4681e+13	4.3281e-16	3.4706e-15
8.4876e+13	4.4536e-16	3.4546e-15
8.5072e+13	4.324e-16	3.5284e-15
8.5267e+13	4.1661e-16	3.7622e-15
8.5463e+13	4.4148e-16	3.6952e-15
8.5658e+13	4.6601e-16	3.3374e-15
8.5854e+13	4.6091e-16	3.4154e-15
8.605e+13	4.7702e-16	3.978e-15
8.6245e+13	5.0059e-16	4.2256e-15
8.6441e+13	4.6352e-16	3.9883e-15
8.6636e+13	4.1357e-16	3.8768e-15
8.6832e+13	4.3457e-16	4.0627e-15
8.7027e+13	4.7948e-16	4.1981e-15
8.7223e+13	4.7378e-16	4.1971e-15
8.7419e+13	4.5081e-16	4.1851e-15
8.7614e+13	4.7052e-16	4.1603e-15
8.781e+13	5.1674e-16	4.1634e-15
8.8005e+13	5.2551e-16	4.2822e-15
8.8201e+13	4.8477e-16	4.4321e-15
8.8396e+13	4.727e-16	4.5107e-15
8.8592e+13	5.2715e-16	4.5391e-15
8.8787e+13	5.5985e-16	4.5193e-15
8.8983e+13	5.3732e-16	4.5228e-15
8.9179e+13	5.5641e-16	4.7244e-15
8.9374e+13	6.0417e-16	4.9939e-15
8.957e+13	5.6337e-16	4.9994e-15
8.9765e+13	5.1411e-16	4.8934e-15
8.9961e+13	6.0488e-16	5.0423e-15
9.0156e+13	7.0052e-16	5.2057e-15
9.0352e+13	6.2333e-16	5.0417e-15
9.0548e+13	5.2158e-16	4.9201e-15
9.0743e+13	5.7274e-16	5.1595e-15
9.0939e+13	6.5333e-16	5.3688e-15
9.1134e+13	6.2817e-16	5.4112e-15
9.133e+13	5.9814e-16	5.6955e-15
9.1525e+13	6.5624e-16	6.0284e-15
9.1721e+13	7.1901e-16	5.8303e-15
9.1917e+13	7.0555e-16	5.4983e-15
9.2112e+13	6.7071e-16	5.7766e-15
9.2308e+13	7.0116e-16	6.2762e-15
9.2503e+13	7.7297e-16	6.3058e-15
9.2699e+13	7.8571e-16	6.1999e-15
9.2894e+13	7.2536e-16	6.4157e-15
9.309e+13	6.7103e-16	6.5646e-15
9.3286e+13	6.4783e-16	6.3391e-15
9.3481e+13	6.421e-16	6.1335e-15
9.3677e+13	6.8934e-16	6.2494e-15
9.3872e+13	7.7817e-16	6.5411e-15
9.4068e+13	8.3384e-16	6.8752e-15
9.4263e+13	8.6967e-16	7.1969e-15
9.4459e+13	9.0335e-16	7.3469e-15
9.4654e+13	8.3484e-16	7.177e-15
9.485e+13	7.0129e-16	6.7548e-15
9.5046e+13	7.3375e-16	6.513e-15
9.5241e+13	9.133e-16	6.9481e-15
9.5437e+13	9.5426e-16	7.7725e-15
9.5632e+13	8.3301e-16	8.0517e-15
9.5828e+13	7.7954e-16	7.6596e-15
9.6023e+13	8.2738e-16	7.437e-15
9.6219e+13	8.6031e-16	7.601e-15
9.6415e+13	8.5972e-16	7.5613e-15
9.661e+13	8.3024e-16	7.3414e-15
9.6806e+13	8.1026e-16	7.5055e-15
9.7001e+13	9.2057e-16	7.971e-15
9.7197e+13	1.0925e-15	8.2675e-15
9.7392e+13	1.0911e-15	8.3532e-15
9.7588e+13	9.7867e-16	8.4083e-15
9.7784e+13	9.9707e-16	8.5789e-15
9.7979e+13	1.0563e-15	8.8854e-15
9.8175e+13	9.7073e-16	8.8517e-15
9.837e+13	8.9268e-16	8.2234e-15
9.8566e+13	9.6869e-16	7.9934e-15
9.8761e+13	1.0487e-15	8.7834e-15
9.8957e+13	1.0544e-15	9.1728e-15
9.9153e+13	1.0902e-15	8.2981e-15
9.9348e+13	1.144e-15	8.0074e-15
9.9544e+13	1.1413e-15	9.3538e-15
9.9739e+13	1.1269e-15	1.0216e-14
9.9935e+13	1.1343e-15	9.4523e-15
1.0013e+14	1.1467e-15	9.1081e-15
1.0033e+14	1.1801e-15	1.0011e-14
1.0052e+14	1.1861e-15	1.0271e-14
1.0072e+14	1.1087e-15	9.6401e-15
1.0091e+14	1.0701e-15	9.822e-15
1.0111e+14	1.1396e-15	1.0331e-14
1.013e+14	1.1488e-15	9.6086e-15
1.015e+14	1.0711e-15	8.8484e-15
1.0169e+14	1.1044e-15	9.5928e-15
1.0189e+14	1.2023e-15	1.0343e-14
1.0209e+14	1.157e-15	9.7603e-15
1.0228e+14	1.0712e-15	9.2661e-15
1.0248e+14	1.1125e-15	9.6152e-15
1.0267e+14	1.1441e-15	9.625e-15
1.0287e+14	1.0838e-15	9.4795e-15
1.0306e+14	1.0867e-15	1.0278e-14
1.0326e+14	1.1516e-15	1.0864e-14
1.0346e+14	1.1545e-15	9.9291e-15
1.0365e+14	1.1788e-15	9.1617e-15
1.0385e+14	1.2719e-15	1.0075e-14
1.0404e+14	1.257e-15	1.0972e-14
1.0424e+14	1.1414e-15	1.0384e-14
1.0443e+14	1.1499e-15	9.6971e-15
1.0463e+14	1.2471e-15	1.0048e-14
1.0482e+14	1.2362e-15	1.0343e-14
1.0502e+14	1.1735e-15	9.7134e-15
1.0522e+14	1.1591e-15	8.9446e-15
1.0541e+14	1.0855e-15	8.8705e-15
1.0561e+14	9.5973e-16	9.3199e-15
1.058e+14	9.7528e-16	9.6942e-15
1.06e+14	1.0946e-15	9.6712e-15
1.0619e+14	1.0969e-15	9.3876e-15
1.0639e+14	1.0212e-15	9.0673e-15
1.0658e+14	1.0517e-15	8.7215e-15
1.0678e+14	1.1172e-15	8.5165e-15
1.0698e+14	1.0544e-15	8.707e-15
1.0717e+14	9.5061e-16	8.9363e-15
1.0737e+14	9.6746e-16	8.7579e-15
1.0756e+14	1.0388e-15	8.6111e-15
1.0776e+14	1.0151e-15	8.8541e-15
1.0795e+14	9.2665e-16	8.8266e-15
1.0815e+14	9.0604e-16	8.2643e-15
1.0834e+14	9.651e-16	7.9489e-15
1.0854e+14	9.925e-16	8.0112e-15
1.0874e+14	9.3523e-16	7.7602e-15
1.0893e+14	8.8205e-16	7.3562e-15
1.0913e+14	9.2012e-16	7.3591e-15
1.0932e+14	9.8131e-16	7.349e-15
1.0952e+14	9.5391e-16	6.9858e-15
1.0971e+14	8.783e-16	6.902e-15
1.0991e+14	8.5089e-16	7.1983e-15
1.101e+14	8.3545e-16	7.0979e-15
1.103e+14	7.8191e-16	6.609e-15
1.105e+14	7.6483e-16	6.3937e-15
1.1069e+14	7.9877e-16	6.3055e-15
1.1089e+14	7.6559e-16	5.9352e-15
1.1108e+14	6.7161e-16	5.6692e-15
1.1128e+14	6.5342e-16	5.8305e-15
1.1147e+14	6.8833e-16	5.9557e-15
1.1167e+14	6.556e-16	5.6976e-15
1.1186e+14	5.9274e-16	5.3646e-15
1.1206e+14	5.7471e-16	5.2984e-15
1.1226e+14	5.5917e-16	5.4318e-15
1.1245e+14	5.4216e-16	5.457e-15
1.1265e+14	5.6068e-16	5.1956e-15
1.1284e+14	5.4188e-16	4.8248e-15
1.1304e+14	4.6645e-16	4.5874e-15
1.1323e+14	4.6935e-16	4.4464e-15
1.1343e+14	5.4467e-16	4.3463e-15
1.1362e+14	5.3402e-16	4.3426e-15
1.1382e+14	4.6794e-16	4.253e-15
1.1402e+14	4.5968e-16	3.9151e-15
1.1421e+14	4.2792e-16	3.6784e-15
1.1441e+14	3.4438e-16	3.7972e-15
1.146e+14	3.7058e-16	3.8701e-15
1.148e+14	4.8004e-16	3.6349e-15
1.1499e+14	4.6786e-16	3.4229e-15
1.1519e+14	3.7483e-16	3.352e-15
1.1538e+14	3.6201e-16	3.1618e-15
1.1558e+14	3.6885e-16	2.9493e-15
1.1578e+14	3.285e-16	2.9981e-15
1.1597e+14	3.3648e-16	3.1241e-15
1.1617e+14	3.8014e-16	3.0239e-15
1.1636e+14	3.502e-16	2.8073e-15
1.1656e+14	2.9963e-16	2.6957e-15
1.1675e+14	3.0644e-16	2.6974e-15
1.1695e+14	3.1027e-16	2.7418e-15
1.1714e+14	2.9886e-16	2.7569e-15
1.1734e+14	3.1979e-16	2.6694e-15
1.1754e+14	3.1625e-16	2.494e-15
1.1773e+14	2.6319e-16	2.3258e-15
1.1793e+14	2.5451e-16	2.2696e-15
1.1812e+14	2.8114e-16	2.3516e-15
1.1832e+14	2.5392e-16	2.3929e-15
1.1851e+14	2.2516e-16	2.2123e-15
1.1871e+14	2.5665e-16	1.991e-15
1.189e+14	2.6991e-16	1.9862e-15
1.191e+14	2.4047e-16	2.0455e-15
1.193e+14	2.3445e-16	1.9592e-15
1.1949e+14	2.2829e-16	1.8713e-15
1.1969e+14	1.9286e-16	1.8575e-15
1.1988e+14	1.9465e-16	1.7458e-15
1.2008e+14	2.2514e-16	1.6061e-15
1.2027e+14	2.0793e-16	1.6436e-15
1.2047e+14	1.8315e-16	1.6857e-15
1.2066e+14	1.9756e-16	1.5276e-15
1.2086e+14	1.8558e-16	1.3873e-15
1.2106e+14	1.4873e-16	1.4263e-15
1.2125e+14	1.6247e-16	1.4351e-15
1.2145e+14	1.8429e-16	1.3358e-15
1.2164e+14	1.5779e-16	1.3137e-15
1.2184e+14	1.5011e-16	1.3656e-15
1.2203e+14	1.7515e-16	1.3169e-15
1.2223e+14	1.5824e-16	1.1876e-15
1.2243e+14	1.2727e-16	1.1223e-15
1.2262e+14	1.4171e-16	1.1321e-15
1.2282e+14	1.509e-16	1.1374e-15
1.2301e+14	1.3376e-16	1.1167e-15
1.2321e+14	1.4155e-16	1.104e-15
1.234e+14	1.4822e-16	1.0914e-15
1.236e+14	1.2002e-16	1.0331e-15
1.2379e+14	1.174e-16	9.7583e-16
1.2399e+14	1.4242e-16	1.0054e-15
1.2419e+14	1.2422e-16	1.0199e-15
1.2438e+14	9.4798e-17	8.7991e-16
1.2458e+14	1.0934e-16	7.4442e-16
1.2477e+14	1.137e-16	8.1114e-16
1.2497e+14	9.1572e-17	9.1944e-16
1.2516e+14	1.0472e-16	8.7943e-16
1.2536e+14	1.2613e-16	8.1573e-16
1.2555e+14	1.0253e-16	8.1989e-16
1.2575e+14	8.6936e-17	7.8565e-16
1.2595e+14	1.0478e-16	7.4184e-16
1.2614e+14	9.9467e-17	7.8438e-16
1.2634e+14	8.2339e-17	7.903e-16
1.2653e+14	9.3619e-17	6.8091e-16
1.2673e+14	9.3188e-17	6.2428e-16
1.2692e+14	7.1885e-17	6.7944e-16
1.2712e+14	8.0445e-17	7.015e-16
1.2731e+14	9.449e-17	6.6035e-16
1.2751e+14	7.4623e-17	6.2493e-16
1.2771e+14	6.8627e-17	5.8743e-16
1.279e+14	8.6569e-17	5.679e-16
1.281e+14	7.4433e-17	6.0666e-16
1.2829e+14	5.751e-17	6.2117e-16
1.2849e+14	7.8263e-17	5.636e-16
1.2868e+14	8.4841e-17	5.337e-16
1.2888e+14	5.9243e-17	5.5225e-16
1.2907e+14	6.0848e-17	5.367e-16
1.2927e+14	7.9859e-17	5.0874e-16
1.2947e+14	6.9708e-17	5.1365e-16
1.2966e+14	5.8428e-17	4.996e-16
1.2986e+14	6.3965e-17	4.6692e-16
1.3005e+14	5.7929e-17	4.6969e-16
1.3025e+14	5.71e-17	4.6934e-16
1.3044e+14	7.2986e-17	4.4229e-16
1.3064e+14	6.1783e-17	4.4827e-16
1.3083e+14	3.9863e-17	4.5646e-16
1.3103e+14	5.9793e-17	4.0158e-16
1.3123e+14	7.6247e-17	3.666e-16
1.3142e+14	4.7932e-17	4.0973e-16
1.3162e+14	3.723e-17	4.2739e-16
1.3181e+14	5.7642e-17	3.8402e-16
1.3201e+14	4.9215e-17	3.6287e-16
1.322e+14	3.4028e-17	3.6177e-16
1.324e+14	5.2646e-17	3.4128e-16
1.3259e+14	5.4857e-17	3.3886e-16
1.3279e+14	3.0378e-17	3.4968e-16
1.3299e+14	3.8705e-17	3.2822e-16
1.3318e+14	5.8265e-17	3.156e-16
1.3338e+14	4.1921e-17	3.3486e-16
1.3357e+14	3.3628e-17	3.2193e-16
1.3377e+14	5.107e-17	2.8986e-16
1.3396e+14	4.3928e-17	3.0184e-16
1.3416e+14	2.8567e-17	3.1159e-16
1.3435e+14	4.3339e-17	2.8168e-16
1.3455e+14	4.6631e-17	2.7686e-16
1.3475e+14	2.7249e-17	2.9733e-16
1.3494e+14	3.5999e-17	2.8679e-16
1.3514e+14	5.3158e-17	2.8157e-16
1.3533e+14	3.7657e-17	3.0173e-16
1.3553e+14	3.1498e-17	2.8099e-16
1.3572e+14	4.9711e-17	2.408e-16
1.3592e+14	4.2509e-17	2.529e-16
1.3611e+14	2.526e-17	2.639e-16
1.3631e+14	3.8592e-17	2.3064e-16
1.3651e+14	4.5511e-17	2.3028e-16
1.367e+14	2.9235e-17	2.6555e-16
1.369e+14	3.2701e-17	2.5556e-16
1.3709e+14	4.4038e-17	2.2856e-16
1.3729e+14	3.1822e-17	2.3745e-16
1.3748e+14	2.9927e-17	2.3568e-16
1.3768e+14	4.5162e-17	2.1638e-16
1.3787e+14	3.5887e-17	2.2559e-16
1.3807e+14	2.2217e-17	2.2533e-16
1.3827e+14	3.5839e-17	1.9245e-16
1.3846e+14	3.7982e-17	1.9754e-16
1.3866e+14	2.1324e-17	2.3071e-16
1.3885e+14	2.9151e-17	2.1243e-16
1.3905e+14	4.101e-17	1.8105e-16
1.3924e+14	2.5537e-17	1.9633e-16
1.3944e+14	2.2883e-17	2.0496e-16
1.3963e+14	3.9518e-17	1.8736e-16
1.3983e+14	3.0727e-17	1.9383e-16
1.4003e+14	1.8458e-17	2.003e-16
1.4022e+14	3.544e-17	1.7825e-16
1.4042e+14	3.8792e-17	1.8492e-16
1.4061e+14	1.9566e-17	2.1641e-16
1.4081e+14	2.5789e-17	2.0152e-16
1.41e+14	3.9644e-17	1.7058e-16
1.412e+14	2.5454e-17	1.8043e-16
1.414e+14	2.0401e-17	1.8574e-16
1.4159e+14	3.4881e-17	1.6634e-16
1.4179e+14	2.7096e-17	1.7271e-16
1.4198e+14	1.5595e-17	1.8835e-16
1.4218e+14	3.1149e-17	1.7231e-16
1.4237e+14	3.4586e-17	1.6251e-16
1.4257e+14	1.8226e-17	1.762e-16
1.4276e+14	2.5492e-17	1.7204e-16
1.4296e+14	3.6275e-17	1.5863e-16
1.4316e+14	1.9079e-17	1.6433e-16
1.4335e+14	1.5453e-17	1.6662e-16
1.4355e+14	3.4561e-17	1.6231e-16
1.4374e+14	2.9604e-17	1.6999e-16
1.4394e+14	1.6839e-17	1.6366e-16
1.4413e+14	3.0293e-17	1.4205e-16
1.4433e+14	3.3554e-17	1.5164e-16
1.4452e+14	1.6282e-17	1.7255e-16
1.4472e+14	2.0528e-17	1.5686e-16
1.4492e+14	3.0878e-17	1.398e-16
1.4511e+14	1.7223e-17	1.4743e-16
1.4531e+14	1.4596e-17	1.3823e-16
1.455e+14	2.9718e-17	1.2205e-16
1.457e+14	2.2361e-17	1.3829e-16
1.4589e+14	1.1839e-17	1.4859e-16
1.4609e+14	2.6986e-17	1.3105e-16
1.4628e+14	2.9231e-17	1.3777e-16
1.4648e+14	1.2928e-17	1.6295e-16
1.4668e+14	2.1778e-17	1.5535e-16
1.4687e+14	3.5074e-17	1.3911e-16
1.4707e+14	1.9076e-17	1.4068e-16
1.4726e+14	1.2839e-17	1.2743e-16
1.4746e+14	2.8267e-17	1.1183e-16
1.4765e+14	2.2845e-17	1.2816e-16
1.4785e+14	1.0731e-17	1.3676e-16
1.4804e+14	2.3453e-17	1.1925e-16
1.4824e+14	2.8292e-17	1.2438e-16
1.4844e+14	1.5591e-17	1.4021e-16
1.4863e+14	2.1494e-17	1.2436e-16
1.4883e+14	3.0028e-17	1.1635e-16
1.4902e+14	1.6669e-17	1.3533e-16
1.4922e+14	1.6143e-17	1.2547e-16
1.4941e+14	3.067e-17	9.9271e-17
1.4961e+14	2.0902e-17	1.1486e-16
1.498e+14	9.2113e-18	1.3727e-16
1.5e+14	2.4218e-17	1.2629e-16
1.502e+14	2.6989e-17	1.233e-16
1.5039e+14	1.1565e-17	1.3415e-16
1.5059e+14	1.9382e-17	1.2371e-16
1.5078e+14	3.0477e-17	1.1935e-16
1.5098e+14	1.5419e-17	1.3695e-16
1.5117e+14	1.2331e-17	1.2771e-16
1.5137e+14	2.7637e-17	1.0051e-16
1.5156e+14	1.9771e-17	1.084e-16
1.5176e+14	8.7879e-18	1.2569e-16
1.5196e+14	2.5136e-17	1.1762e-16
1.5215e+14	2.9559e-17	1.1627e-16
1.5235e+14	1.2578e-17	1.2395e-16
1.5254e+14	1.6705e-17	1.0994e-16
1.5274e+14	2.7082e-17	9.817e-17
1.5293e+14	1.4676e-17	1.0824e-16
1.5313e+14	1.3786e-17	1.1062e-16
1.5332e+14	2.966e-17	1.0839e-16
1.5352e+14	2.1164e-17	1.1726e-16
1.5372e+14	7.506e-18	1.0852e-16
1.5391e+14	2.0596e-17	9.137e-17
1.5411e+14	2.4771e-17	1.1063e-16
1.543e+14	1.0174e-17	1.3102e-16
1.545e+14	1.5893e-17	1.0801e-16
1.5469e+14	2.6189e-17	9.149e-17
1.5489e+14	1.2687e-17	1.0567e-16
1.5508e+14	1.0151e-17	1.0262e-16
1.5528e+14	2.6297e-17	9.3458e-17
1.5548e+14	2.1321e-17	1.1237e-16
1.5567e+14	1.0206e-17	1.1641e-16
1.5587e+14	2.1572e-17	9.462e-17
1.5606e+14	2.3359e-17	1.0305e-16
1.5626e+14	9.004e-18	1.2216e-16
1.5645e+14	1.5485e-17	1.0275e-16
1.5665e+14	2.577e-17	9.1188e-17
1.5684e+14	1.2667e-17	1.1369e-16
1.5704e+14	9.6285e-18	1.1108e-16
1.5724e+14	2.3391e-17	8.7601e-17
1.5743e+14	1.7819e-17	9.6637e-17
1.5763e+14	9.6673e-18	1.0823e-16
1.5782e+14	2.3178e-17	9.3087e-17
1.5802e+14	2.3858e-17	9.4321e-17
1.5821e+14	8.6782e-18	1.0828e-16
1.5841e+14	1.6667e-17	9.532e-17
1.586e+14	2.8367e-17	8.8351e-17
1.588e+14	1.553e-17	1.0855e-16
1.59e+14	1.3188e-17	1.0807e-16
1.5919e+14	2.7628e-17	9.2309e-17
1.5939e+14	2.0293e-17	1.0491e-16
1.5958e+14	8.1194e-18	1.148e-16
1.5978e+14	1.8603e-17	9.6247e-17
1.5997e+14	1.9554e-17	9.2389e-17
1.6017e+14	6.889e-18	1.0414e-16
1.6037e+14	1.6605e-17	9.5726e-17
1.6056e+14	2.7203e-17	9.04e-17
1.6076e+14	1.1502e-17	1.0331e-16
1.6095e+14	7.6916e-18	1.0051e-16
1.6115e+14	2.3302e-17	9.3827e-17
1.6134e+14	1.7658e-17	1.0815e-16
1.6154e+14	6.3393e-18	1.0418e-16
1.6173e+14	1.8451e-17	7.7564e-17
1.6193e+14	2.1767e-17	8.2608e-17
1.6213e+14	8.8627e-18	1.0272e-16
1.6232e+14	1.5598e-17	9.3665e-17
1.6252e+14	2.5203e-17	9.1176e-17
1.6271e+14	1.1818e-17	1.0939e-16
1.6291e+14	9.284e-18	9.9754e-17
1.631e+14	2.366e-17	8.1055e-17
1.633e+14	1.7896e-17	9.7249e-17
1.6349e+14	8.2705e-18	1.0384e-16
1.6369e+14	2.0085e-17	7.9414e-17
1.6389e+14	2.0669e-17	8.1396e-17
1.6408e+14	7.0993e-18	1.03e-16
1.6428e+14	1.6696e-17	9.5367e-17
1.6447e+14	2.807e-17	9.0674e-17
1.6467e+14	1.2391e-17	1.0892e-16
1.6486e+14	7.3758e-18	9.9075e-17
1.6506e+14	2.2834e-17	7.3753e-17
1.6525e+14	1.8646e-17	8.6476e-17
1.6545e+14	7.8473e-18	1.0157e-16
1.6565e+14	1.911e-17	8.4697e-17
1.6584e+14	2.1877e-17	8.1974e-17
1.6604e+14	8.2464e-18	9.7343e-17
1.6623e+14	1.4121e-17	9.0362e-17
1.6643e+14	2.5054e-17	8.4675e-17
1.6662e+14	1.3685e-17	9.822e-17
1.6682e+14	9.6754e-18	9.0888e-17
1.6701e+14	2.1001e-17	7.5833e-17
1.6721e+14	1.5334e-17	9.4647e-17
1.6741e+14	7.6682e-18	1.0779e-16
1.676e+14	2.0477e-17	8.7018e-17
1.678e+14	2.1721e-17	8.1931e-17
1.6799e+14	7.142e-18	9.602e-17
1.6819e+14	1.2605e-17	8.8325e-17
1.6838e+14	2.2416e-17	8.2549e-17
1.6858e+14	1.1782e-17	9.8507e-17
1.6877e+14	1.1161e-17	9.6268e-17
1.6897e+14	2.4393e-17	8.2429e-17
1.6917e+14	1.7124e-17	9.4541e-17
1.6936e+14	7.4671e-18	1.0171e-16
1.6956e+14	2.0305e-17	8.3838e-17
1.6975e+14	2.2428e-17	8.3437e-17
1.6995e+14	8.1837e-18	9.5376e-17
1.7014e+14	1.3735e-17	8.4334e-17
1.7034e+14	2.3688e-17	8.0885e-17
1.7053e+14	1.2403e-17	9.8451e-17
1.7073e+14	9.8725e-18	9.0635e-17
1.7093e+14	2.1485e-17	7.1178e-17
1.7112e+14	1.4557e-17	8.5378e-17
1.7132e+14	5.9827e-18	9.697e-17
1.7151e+14	1.8556e-17	7.9131e-17
1.7171e+14	2.0258e-17	7.9393e-17
1.719e+14	7.6812e-18	9.751e-17
1.721e+14	1.5254e-17	9.003e-17
1.7229e+14	2.4428e-17	8.0174e-17
1.7249e+14	1.0995e-17	9.0821e-17
1.7269e+14	8.7592e-18	8.7597e-17
1.7288e+14	2.2747e-17	7.7511e-17
1.7308e+14	1.6885e-17	9.0883e-17
1.7327e+14	7.6388e-18	9.3469e-17
1.7347e+14	1.999e-17	7.3695e-17
1.7366e+14	2.2008e-17	8.1248e-17
1.7386e+14	8.6407e-18	1.015e-16
1.7405e+14	1.4678e-17	8.6162e-17
1.7425e+14	2.341e-17	7.3416e-17
1.7445e+14	1.09e-17	9.4426e-17
1.7464e+14	9.6499e-18	9.8645e-17
1.7484e+14	2.3647e-17	7.985e-17
1.7503e+14	1.6917e-17	8.4396e-17
1.7523e+14	7.0818e-18	9.5706e-17
1.7542e+14	1.9653e-17	8.6743e-17
1.7562e+14	2.1227e-17	8.541e-17
1.7581e+14	6.2749e-18	9.1146e-17
1.7601e+14	1.2469e-17	8.0684e-17
1.7621e+14	2.4108e-17	8.0349e-17
1.764e+14	1.2921e-17	9.4839e-17
1.766e+14	9.2132e-18	8.4203e-17
1.7679e+14	2.1473e-17	7.041e-17
1.7699e+14	1.6307e-17	9.1733e-17
1.7718e+14	7.4978e-18	1.0353e-16
1.7738e+14	1.8951e-17	8.3836e-17
1.7757e+14	2.0771e-17	8.4379e-17
1.7777e+14	7.5532e-18	9.8416e-17
1.7797e+14	1.3193e-17	8.3591e-17
1.7816e+14	2.2713e-17	7.7701e-17
1.7836e+14	1.1795e-17	1.0331e-16
1.7855e+14	1.0073e-17	1.0414e-16
1.7875e+14	2.2729e-17	8.2268e-17
1.7894e+14	1.6834e-17	9.0962e-17
1.7914e+14	8.2856e-18	1.0319e-16
1.7934e+14	2.0481e-17	8.6616e-17
1.7953e+14	2.239e-17	8.6298e-17
1.7973e+14	9.0365e-18	1.077e-16
1.7992e+14	1.4491e-17	1.0391e-16
1.8012e+14	2.3472e-17	9.2199e-17
1.8031e+14	1.2688e-17	1.0227e-16
1.8051e+14	1.2502e-17	1.0355e-16
1.807e+14	2.6012e-17	9.381e-17
1.809e+14	1.8478e-17	1.0293e-16
1.811e+14	8.1572e-18	1.0782e-16
1.8129e+14	2.1093e-17	9.5774e-17
1.8149e+14	2.4192e-17	1.0561e-16
1.8168e+14	1.0171e-17	1.2281e-16
1.8188e+14	1.5469e-17	1.0563e-16
1.8207e+14	2.5901e-17	9.1521e-17
1.8227e+14	1.4137e-17	1.0792e-16
1.8246e+14	1.0315e-17	1.0599e-16
1.8266e+14	2.4039e-17	8.6763e-17
1.8286e+14	2.1264e-17	9.9445e-17
1.8305e+14	1.2172e-17	1.1606e-16
1.8325e+14	2.0785e-17	1.0089e-16
1.8344e+14	2.1723e-17	9.7393e-17
1.8364e+14	1.0724e-17	1.1603e-16
1.8383e+14	1.8722e-17	1.1111e-16
1.8403e+14	2.8889e-17	9.7174e-17
1.8422e+14	1.6554e-17	1.0715e-16
1.8442e+14	1.2262e-17	1.1053e-16
1.8462e+14	2.3903e-17	9.8951e-17
1.8481e+14	1.8711e-17	1.0831e-16
1.8501e+14	9.4868e-18	1.2226e-16
1.852e+14	2.0099e-17	1.1022e-16
1.854e+14	2.2744e-17	1.0093e-16
1.8559e+14	1.1108e-17	1.0871e-16
1.8579e+14	1.6409e-17	1.0617e-16
1.8598e+14	2.4638e-17	9.7804e-17
1.8618e+14	1.3439e-17	9.8187e-17
1.8638e+14	1.2138e-17	9.3612e-17
1.8657e+14	2.5415e-17	9.4076e-17
1.8677e+14	1.9317e-17	1.1393e-16
1.8696e+14	8.8449e-18	1.1791e-16
1.8716e+14	2.0323e-17	9.7353e-17
1.8735e+14	2.4581e-17	9.9249e-17
1.8755e+14	1.2059e-17	1.1803e-16
1.8774e+14	1.5102e-17	1.0896e-16
1.8794e+14	2.3803e-17	9.252e-17
1.8814e+14	1.5029e-17	1.0065e-16
1.8833e+14	1.3893e-17	1.0919e-16
1.8853e+14	2.5593e-17	1.0981e-16
1.8872e+14	1.9158e-17	1.1889e-16
1.8892e+14	8.3874e-18	1.1736e-16
1.8911e+14	1.8637e-17	1.0098e-16
1.8931e+14	2.4086e-17	1.0533e-16
1.895e+14	1.5178e-17	1.2146e-16
1.897e+14	1.8814e-17	1.165e-16
1.899e+14	2.4375e-17	1.1147e-16
1.9009e+14	1.3858e-17	1.1956e-16
1.9029e+14	1.3431e-17	1.1224e-16
1.9048e+14	2.5799e-17	1.0306e-16
1.9068e+14	2.1048e-17	1.1896e-16
1.9087e+14	1.3143e-17	1.2278e-16
1.9107e+14	2.2254e-17	9.86e-17
1.9126e+14	2.185e-17	9.6014e-17
1.9146e+14	1.0567e-17	1.1657e-16
1.9166e+14	1.8711e-17	1.1737e-16
1.9185e+14	2.7917e-17	1.1207e-16
1.9205e+14	1.5239e-17	1.2054e-16
1.9224e+14	1.2072e-17	1.1612e-16
1.9244e+14	2.475e-17	1.0549e-16
1.9263e+14	1.9952e-17	1.1897e-16
1.9283e+14	1.1305e-17	1.3058e-16
1.9302e+14	2.3119e-17	1.1926e-16
1.9322e+14	2.6545e-17	1.1568e-16
1.9342e+14	1.3487e-17	1.1881e-16
1.9361e+14	1.6491e-17	1.055e-16
1.9381e+14	2.5337e-17	1.0245e-16
1.94e+14	1.6466e-17	1.1986e-16
1.942e+14	1.4394e-17	1.1826e-16
1.9439e+14	2.5584e-17	1.0759e-16
1.9459e+14	2.139e-17	1.2578e-16
1.9478e+14	1.4252e-17	1.4134e-16
1.9498e+14	2.4902e-17	1.2573e-16
1.9518e+14	2.6611e-17	1.1928e-16
1.9537e+14	1.4799e-17	1.3289e-16
1.9557e+14	1.9986e-17	1.3158e-16
1.9576e+14	2.8228e-17	1.2331e-16
1.9596e+14	1.7092e-17	1.2722e-16
1.9615e+14	1.4803e-17	1.2462e-16
1.9635e+14	2.7694e-17	1.1907e-16
1.9654e+14	2.3717e-17	1.3041e-16
1.9674e+14	1.51e-17	1.3605e-16
1.9694e+14	2.5652e-17	1.2465e-16
1.9713e+14	2.8141e-17	1.2549e-16
1.9733e+14	1.4807e-17	1.3357e-16
1.9752e+14	1.8047e-17	1.2659e-16
1.9772e+14	2.7752e-17	1.2691e-16
1.9791e+14	1.8818e-17	1.4086e-16
1.9811e+14	1.5961e-17	1.373e-16
1.9831e+14	2.8596e-17	1.2922e-16
1.985e+14	2.5802e-17	1.4222e-16
1.987e+14	1.5064e-17	1.4528e-16
1.9889e+14	2.1792e-17	1.2874e-16
1.9909e+14	2.5788e-17	1.3241e-16
1.9928e+14	1.6215e-17	1.4635e-16
1.9948e+14	1.7997e-17	1.3676e-16
1.9967e+14	2.5743e-17	1.3097e-16
1.9987e+14	2.0734e-17	1.446e-16
2.0007e+14	2.0733e-17	1.4161e-16
2.0026e+14	2.9952e-17	1.2948e-16
2.0046e+14	2.5711e-17	1.408e-16
2.0065e+14	1.9013e-17	1.5034e-16
2.0085e+14	2.679e-17	1.4213e-16
2.0104e+14	2.743e-17	1.4699e-16
2.0124e+14	1.8081e-17	1.5505e-16
2.0143e+14	2.3198e-17	1.426e-16
2.0163e+14	3.0209e-17	1.4434e-16
2.0183e+14	2.1217e-17	1.6535e-16
2.0202e+14	1.888e-17	1.5367e-16
2.0222e+14	2.7147e-17	1.2566e-16
2.0241e+14	2.2748e-17	1.3717e-16
2.0261e+14	1.826e-17	1.5971e-16
2.028e+14	2.871e-17	1.5485e-16
2.03e+14	2.9717e-17	1.5484e-16
2.0319e+14	2.0154e-17	1.6617e-16
2.0339e+14	2.5698e-17	1.5731e-16
2.0359e+14	3.196e-17	1.4864e-16
2.0378e+14	2.2242e-17	1.599e-16
2.0398e+14	2.153e-17	1.5613e-16
2.0417e+14	3.0433e-17	1.3899e-16
2.0437e+14	2.2885e-17	1.4668e-16
2.0456e+14	1.6318e-17	1.5869e-16
2.0476e+14	2.8743e-17	1.4637e-16
2.0495e+14	3.0204e-17	1.3908e-16
2.0515e+14	1.7156e-17	1.4699e-16
2.0535e+14	2.1565e-17	1.4439e-16
2.0554e+14	3.0883e-17	1.3966e-16
2.0574e+14	2.1845e-17	1.4305e-16
2.0593e+14	1.8604e-17	1.3632e-16
2.0613e+14	2.8654e-17	1.3398e-16
2.0632e+14	2.5355e-17	1.5536e-16
2.0652e+14	1.8026e-17	1.6296e-16
2.0671e+14	2.558e-17	1.4452e-16
2.0691e+14	2.7013e-17	1.4677e-16
2.0711e+14	1.8346e-17	1.6515e-16
2.073e+14	2.2973e-17	1.5618e-16
2.075e+14	2.8791e-17	1.4111e-16
2.0769e+14	2.0232e-17	1.4792e-16
2.0789e+14	2.0272e-17	1.4678e-16
2.0808e+14	2.9098e-17	1.3434e-16
2.0828e+14	2.1684e-17	1.402e-16
2.0847e+14	1.4356e-17	1.4548e-16
2.0867e+14	2.4701e-17	1.3214e-16
2.0887e+14	2.5842e-17	1.3299e-16
2.0906e+14	1.5135e-17	1.4773e-16
2.0926e+14	2.0514e-17	1.4107e-16
2.0945e+14	2.8129e-17	1.2947e-16
2.0965e+14	1.8745e-17	1.3825e-16
2.0984e+14	1.7416e-17	1.4334e-16
2.1004e+14	2.7836e-17	1.3828e-16
2.1023e+14	2.3506e-17	1.4287e-16
2.1043e+14	1.7395e-17	1.4137e-16
2.1063e+14	2.6714e-17	1.2581e-16
2.1082e+14	2.6224e-17	1.2749e-16
2.1102e+14	1.477e-17	1.3943e-16
2.1121e+14	2.1139e-17	1.2865e-16
2.1141e+14	3.0707e-17	1.1861e-16
2.116e+14	2.1989e-17	1.351e-16
2.118e+14	1.9074e-17	1.4588e-16
2.1199e+14	2.7222e-17	1.3653e-16
2.1219e+14	2.1859e-17	1.3327e-16
2.1239e+14	1.6241e-17	1.3455e-16
2.1258e+14	2.6405e-17	1.274e-16
2.1278e+14	2.6029e-17	1.2617e-16
2.1297e+14	1.4302e-17	1.3312e-16
2.1317e+14	2.0676e-17	1.3566e-16
2.1336e+14	2.96e-17	1.3814e-16
2.1356e+14	1.9164e-17	1.3576e-16
2.1375e+14	1.602e-17	1.1951e-16
2.1395e+14	2.6751e-17	1.1458e-16
2.1415e+14	2.3036e-17	1.2862e-16
2.1434e+14	1.5334e-17	1.2565e-16
2.1454e+14	2.3147e-17	1.1191e-16
2.1473e+14	2.348e-17	1.243e-16
2.1493e+14	1.3149e-17	1.3633e-16
2.1512e+14	1.9153e-17	1.192e-16
2.1532e+14	2.7547e-17	1.1299e-16
2.1551e+14	1.7531e-17	1.2657e-16
2.1571e+14	1.4501e-17	1.1716e-16
2.1591e+14	2.4895e-17	1.0318e-16
2.161e+14	2.1252e-17	1.2026e-16
2.163e+14	1.3959e-17	1.2707e-16
2.1649e+14	2.2762e-17	1.04e-16
2.1669e+14	2.4759e-17	1.0181e-16
2.1688e+14	1.471e-17	1.1878e-16
2.1708e+14	1.859e-17	1.1149e-16
2.1728e+14	2.537e-17	1.0212e-16
2.1747e+14	1.6398e-17	1.1314e-16
2.1767e+14	1.5067e-17	1.0958e-16
2.1786e+14	2.5922e-17	9.5863e-17
2.1806e+14	2.1993e-17	1.0768e-16
2.1825e+14	1.3585e-17	1.1786e-16
2.1845e+14	2.0162e-17	1.0275e-16
2.1864e+14	2.088e-17	9.9603e-17
2.1884e+14	1.2172e-17	1.0872e-16
2.1904e+14	1.8022e-17	9.5461e-17
2.1923e+14	2.4745e-17	8.4898e-17
2.1943e+14	1.4114e-17	9.9882e-17
2.1962e+14	1.1501e-17	1.002e-16
2.1982e+14	2.2157e-17	8.1433e-17
2.2001e+14	1.8828e-17	8.3711e-17
2.2021e+14	1.1805e-17	9.2267e-17
2.204e+14	2.0148e-17	8.1267e-17
2.206e+14	2.138e-17	7.8799e-17
2.208e+14	1.1048e-17	8.8555e-17
2.2099e+14	1.5073e-17	8.0215e-17
2.2119e+14	2.1921e-17	7.1924e-17
2.2138e+14	1.2371e-17	8.3987e-17
2.2158e+14	9.9953e-18	8.3382e-17
2.2177e+14	2.0525e-17	6.7331e-17
2.2197e+14	1.7211e-17	7.2204e-17
2.2216e+14	9.5998e-18	8.348e-17
2.2236e+14	1.7624e-17	7.4229e-17
2.2256e+14	2.0215e-17	6.9287e-17
2.2275e+14	1.1047e-17	7.6204e-17
2.2295e+14	1.4074e-17	6.8932e-17
2.2314e+14	2.0092e-17	6.0858e-17
2.2334e+14	1.1803e-17	7.0556e-17
2.2353e+14	1.0084e-17	7.1511e-17
2.2373e+14	1.8889e-17	5.9682e-17
2.2392e+14	1.4208e-17	6.2948e-17
2.2412e+14	7.3002e-18	6.8944e-17
2.2432e+14	1.5931e-17	5.908e-17
2.2451e+14	1.7701e-17	5.7076e-17
2.2471e+14	8.1142e-18	6.5686e-17
2.249e+14	1.268e-17	5.9123e-17
2.251e+14	2.0853e-17	5.0506e-17
2.2529e+14	1.282e-17	5.8223e-17
2.2549e+14	9.4508e-18	6.0591e-17
2.2568e+14	1.7601e-17	5.4265e-17
2.2588e+14	1.4349e-17	5.9717e-17
2.2608e+14	8.2786e-18	6.3293e-17
2.2627e+14	1.6028e-17	5.3169e-17
2.2647e+14	1.7561e-17	5.2694e-17
2.2666e+14	8.3979e-18	5.878e-17
2.2686e+14	1.1287e-17	4.8584e-17
2.2705e+14	1.6995e-17	4.1709e-17
2.2725e+14	9.6486e-18	5.3308e-17
2.2744e+14	8.786e-18	5.4709e-17
2.2764e+14	1.7188e-17	4.3668e-17
2.2784e+14	1.2868e-17	4.6391e-17
2.2803e+14	7.1216e-18	5.0465e-17
2.2823e+14	1.5012e-17	4.1199e-17
2.2842e+14	1.515e-17	4.1523e-17
2.2862e+14	6.0508e-18	5.1322e-17
2.2881e+14	1.1535e-17	4.665e-17
2.2901e+14	1.8277e-17	3.989e-17
2.292e+14	8.5809e-18	4.4714e-17
2.294e+14	5.8435e-18	4.1994e-17
2.296e+14	1.5085e-17	3.4786e-17
2.2979e+14	1.1352e-17	4.1713e-17
2.2999e+14	4.2532e-18	4.4956e-17
2.3018e+14	1.1744e-17	3.4808e-17
2.3038e+14	1.3816e-17	3.6278e-17
2.3057e+14	5.7264e-18	4.4529e-17
2.3077e+14	9.5454e-18	3.661e-17
2.3096e+14	1.5275e-17	3.0721e-17
2.3116e+14	7.6665e-18	3.879e-17
2.3136e+14	7.3841e-18	3.6086e-17
2.3155e+14	1.6588e-17	2.7256e-17
2.3175e+14	1.189e-17	3.5011e-17
2.3194e+14	5.1651e-18	3.975e-17
2.3214e+14	1.3228e-17	2.8728e-17
2.3233e+14	1.4219e-17	2.8142e-17
2.3253e+14	4.4588e-18	3.5384e-17
2.3272e+14	8.1152e-18	2.8235e-17
2.3292e+14	1.4809e-17	2.4683e-17
2.3312e+14	7.2613e-18	3.4603e-17
2.3331e+14	5.8487e-18	3.0894e-17
2.3351e+14	1.4463e-17	1.9598e-17
2.337e+14	1.0458e-17	2.6749e-17
2.339e+14	4.4534e-18	3.2828e-17
2.3409e+14	1.2464e-17	2.3264e-17
2.3429e+14	1.3542e-17	2.4151e-17
2.3449e+14	4.5956e-18	3.2568e-17
2.3468e+14	8.8368e-18	2.4373e-17
2.3488e+14	1.5085e-17	1.8015e-17
2.3507e+14	6.7549e-18	2.7067e-17
2.3527e+14	5.1807e-18	2.5885e-17
2.3546e+14	1.4011e-17	1.7643e-17
2.3566e+14	9.7955e-18	2.5634e-17
2.3585e+14	3.2446e-18	3.0503e-17
2.3605e+14	1.1117e-17	1.8984e-17
2.3625e+14	1.2497e-17	1.8352e-17
2.3644e+14	3.7819e-18	2.6973e-17
2.3664e+14	8.2555e-18	2.1069e-17
2.3683e+14	1.4899e-17	1.7375e-17
2.3703e+14	6.5841e-18	2.7161e-17
2.3722e+14	4.5883e-18	2.4574e-17
2.3742e+14	1.3458e-17	1.4772e-17
2.3761e+14	9.7296e-18	2.2411e-17
2.3781e+14	3.0878e-18	2.7287e-17
2.3801e+14	1.0502e-17	1.5225e-17
2.382e+14	1.2117e-17	1.4444e-17
2.384e+14	3.9407e-18	2.405e-17
2.3859e+14	8.3129e-18	1.8893e-17
2.3879e+14	1.4773e-17	1.4713e-17
2.3898e+14	6.982e-18	2.4128e-17
2.3918e+14	5.5398e-18	2.2231e-17
2.3937e+14	1.412e-17	1.2815e-17
2.3957e+14	9.6085e-18	1.9677e-17
2.3977e+14	2.6023e-18	2.4175e-17
2.3996e+14	1.0417e-17	1.3425e-17
2.4016e+14	1.2579e-17	1.4287e-17
2.4035e+14	4.2817e-18	2.3742e-17
2.4055e+14	8.1427e-18	1.6906e-17
2.4074e+14	1.4426e-17	1.1808e-17
2.4094e+14	6.3682e-18	2.174e-17
2.4113e+14	4.1765e-18	1.9889e-17
2.4133e+14	1.2787e-17	9.5086e-18
2.4153e+14	9.7349e-18	1.6602e-17
2.4172e+14	3.7841e-18	2.2789e-17
2.4192e+14	1.0888e-17	1.2389e-17
2.4211e+14	1.1847e-17	1.2069e-17
2.4231e+14	3.1785e-18	2.1684e-17
2.425e+14	7.0342e-18	1.6113e-17
2.427e+14	1.3173e-17	1.064e-17
2.4289e+14	5.3206e-18	1.9375e-17
2.4309e+14	3.9732e-18	1.7898e-17
2.4329e+14	1.3248e-17	8.1893e-18
2.4348e+14	9.548e-18	1.4674e-17
2.4368e+14	2.1248e-18	2.0897e-17
2.4387e+14	9.1529e-18	1.2096e-17
2.4407e+14	1.1935e-17	1.2465e-17
2.4426e+14	4.3527e-18	2.0842e-17
2.4446e+14	7.2594e-18	1.3857e-17
2.4465e+14	1.2706e-17	7.6837e-18
2.4485e+14	5.6011e-18	1.6441e-17
2.4505e+14	4.4955e-18	1.6163e-17
2.4524e+14	1.2947e-17	7.7649e-18
2.4544e+14	9.1639e-18	1.3594e-17
2.4563e+14	2.4354e-18	1.7969e-17
2.4583e+14	9.2988e-18	8.7676e-18
2.4602e+14	1.1187e-17	1.0291e-17
2.4622e+14	3.3231e-18	1.9644e-17
2.4641e+14	6.8654e-18	1.3239e-17
2.4661e+14	1.3274e-17	7.7954e-18
2.4681e+14	6.4316e-18	1.675e-17
2.47e+14	4.334e-18	1.5636e-17
2.472e+14	1.2092e-17	6.5948e-18
2.4739e+14	9.4687e-18	1.3117e-17
2.4759e+14	3.9113e-18	1.859e-17
2.4778e+14	9.9173e-18	9.3499e-18
2.4798e+14	1.0881e-17	9.9695e-18
2.4817e+14	3.825e-18	1.883e-17
2.4837e+14	7.6666e-18	1.2391e-17
2.4857e+14	1.274e-17	6.8117e-18
2.4876e+14	5.6384e-18	1.5849e-17
2.4896e+14	4.7683e-18	1.5085e-17
2.4915e+14	1.2122e-17	5.7945e-18
2.4935e+14	7.7476e-18	1.1641e-17
2.4954e+14	2.6713e-18	1.7079e-17
2.4974e+14	1.0864e-17	8.0556e-18
2.4993e+14	1.2103e-17	8.3184e-18
2.5013e+14	3.842e-18	1.7145e-17
2.5033e+14	7.8313e-18	1.1564e-17
2.5052e+14	1.356e-17	6.2911e-18
2.5072e+14	5.6442e-18	1.447e-17
2.5091e+14	4.1449e-18	1.3184e-17
2.5111e+14	1.2584e-17	4.5311e-18
2.513e+14	8.7072e-18	1.1384e-17
2.515e+14	2.2196e-18	1.7433e-17
2.5169e+14	9.6136e-18	8.2522e-18
2.5189e+14	1.1624e-17	7.648e-18
2.5209e+14	3.2876e-18	1.5835e-17
2.5228e+14	6.2246e-18	1.0433e-17
2.5248e+14	1.2571e-17	5.6578e-18
2.5267e+14	6.4814e-18	1.4463e-17
2.5287e+14	5.1091e-18	1.3817e-17
2.5306e+14	1.2512e-17	4.6157e-18
2.5326e+14	9.0278e-18	9.6441e-18
2.5346e+14	3.5564e-18	1.4946e-17
2.5365e+14	1.021e-17	7.1743e-18
2.5385e+14	1.0668e-17	8.2066e-18
2.5404e+14	2.4561e-18	1.6861e-17
2.5424e+14	6.8146e-18	1.1246e-17
2.5443e+14	1.3598e-17	5.8585e-18
2.5463e+14	6.5924e-18	1.3928e-17
2.5482e+14	4.6947e-18	1.3383e-17
2.5502e+14	1.2699e-17	4.9827e-18
2.5522e+14	9.5623e-18	1.026e-17
2.5541e+14	3.465e-18	1.5051e-17
2.5561e+14	1.0042e-17	6.5519e-18
2.558e+14	1.1626e-17	6.8898e-18
2.56e+14	3.6399e-18	1.5493e-17
2.5619e+14	6.2649e-18	1.0593e-17
2.5639e+14	1.1695e-17	5.3459e-18
2.5658e+14	5.4371e-18	1.2781e-17
2.5678e+14	4.7744e-18	1.2543e-17
2.5698e+14	1.2758e-17	5.1865e-18
2.5717e+14	8.8514e-18	1.0275e-17
2.5737e+14	2.2738e-18	1.4359e-17
2.5756e+14	8.9618e-18	6.4767e-18
2.5776e+14	1.118e-17	7.2809e-18
2.5795e+14	3.9138e-18	1.4561e-17
2.5815e+14	6.876e-18	8.8373e-18
2.5834e+14	1.2302e-17	5.0188e-18
2.5854e+14	5.7136e-18	1.3621e-17
2.5874e+14	4.3449e-18	1.2437e-17
2.5893e+14	1.1915e-17	4.1365e-18
2.5913e+14	8.4439e-18	9.8861e-18
2.5932e+14	2.5479e-18	1.4665e-17
2.5952e+14	9.6102e-18	6.3426e-18
2.5971e+14	1.2088e-17	6.7621e-18
2.5991e+14	4.813e-18	1.4507e-17
2.601e+14	7.3968e-18	9.0023e-18
2.603e+14	1.2886e-17	4.3895e-18
2.605e+14	6.8601e-18	1.2266e-17
2.6069e+14	5.3373e-18	1.1594e-17
2.6089e+14	1.2128e-17	4.3776e-18
2.6108e+14	8.6614e-18	1.0385e-17
2.6128e+14	3.3059e-18	1.4638e-17
2.6147e+14	1.0031e-17	6.1856e-18
2.6167e+14	1.1576e-17	7.1989e-18
2.6186e+14	4.1024e-18	1.5364e-17
2.6206e+14	7.2514e-18	9.5971e-18
2.6226e+14	1.3026e-17	4.7758e-18
2.6245e+14	6.379e-18	1.3082e-17
2.6265e+14	3.9399e-18	1.2571e-17
2.6284e+14	1.0919e-17	4.3567e-18
2.6304e+14	8.7661e-18	9.2785e-18
2.6323e+14	3.8939e-18	1.3632e-17
2.6343e+14	9.599e-18	5.5196e-18
2.6362e+14	1.0457e-17	5.9622e-18
2.6382e+14	3.3309e-18	1.3666e-17
2.6402e+14	6.5527e-18	8.3261e-18
2.6421e+14	1.2242e-17	3.5992e-18
2.6441e+14	6.4462e-18	1.1372e-17
2.646e+14	4.7221e-18	1.1162e-17
2.648e+14	1.1051e-17	3.9405e-18
2.6499e+14	8.2641e-18	8.9771e-18
2.6519e+14	3.7736e-18	1.2958e-17
2.6538e+14	9.6775e-18	5.2259e-18
2.6558e+14	1.0497e-17	6.0037e-18
2.6578e+14	4.2619e-18	1.3196e-17
2.6597e+14	8.0924e-18	7.8441e-18
2.6617e+14	1.2427e-17	4.2651e-18
2.6636e+14	5.26e-18	1.2691e-17
2.6656e+14	4.4541e-18	1.1734e-17
2.6675e+14	1.213e-17	3.6409e-18
2.6695e+14	8.724e-18	8.5885e-18
2.6714e+14	3.0953e-18	1.2625e-17
2.6734e+14	9.2717e-18	4.5693e-18
2.6754e+14	1.0627e-17	5.1007e-18
2.6773e+14	3.9651e-18	1.2584e-17
2.6793e+14	7.5896e-18	7.675e-18
2.6812e+14	1.2728e-17	3.9784e-18
2.6832e+14	6.1511e-18	1.1847e-17
2.6851e+14	5.0562e-18	1.0827e-17
2.6871e+14	1.2529e-17	3.4026e-18
2.689e+14	9.5104e-18	8.8183e-18
2.691e+14	4.1931e-18	1.2645e-17
2.693e+14	1.0146e-17	4.545e-18
2.6949e+14	1.0959e-17	5.7209e-18
2.6969e+14	3.8451e-18	1.358e-17
2.6988e+14	7.3968e-18	8.0201e-18
2.7008e+14	1.2592e-17	3.6127e-18
2.7027e+14	5.659e-18	1.1691e-17
2.7047e+14	4.0712e-18	1.0941e-17
2.7066e+14	1.1615e-17	2.969e-18
2.7086e+14	8.9204e-18	8.035e-18
2.7106e+14	3.6327e-18	1.2432e-17
2.7125e+14	9.7906e-18	4.5518e-18
2.7145e+14	1.11e-17	5.0543e-18
2.7164e+14	3.8941e-18	1.2772e-17
2.7184e+14	6.9542e-18	7.8006e-18
2.7203e+14	1.2365e-17	3.1995e-18
2.7223e+14	5.9507e-18	1.0545e-17
2.7243e+14	4.2404e-18	1.0082e-17
2.7262e+14	1.1638e-17	2.9141e-18
2.7282e+14	9.1589e-18	7.9935e-18
2.7301e+14	3.526e-18	1.2249e-17
2.7321e+14	9.1017e-18	4.7249e-18
2.734e+14	1.0722e-17	5.1684e-18
2.736e+14	3.7325e-18	1.2319e-17
2.7379e+14	6.0016e-18	7.297e-18
2.7399e+14	1.1517e-17	2.8767e-18
2.7419e+14	6.7701e-18	9.8944e-18
2.7438e+14	5.4565e-18	9.4086e-18
2.7458e+14	1.1295e-17	3.0907e-18
2.7477e+14	8.5102e-18	8.7834e-18
2.7497e+14	4.5628e-18	1.2758e-17
2.7516e+14	1.0847e-17	4.7106e-18
2.7536e+14	1.1613e-17	4.7859e-18
2.7555e+14	4.5631e-18	1.1866e-17
2.7575e+14	7.7114e-18	7.4968e-18
2.7595e+14	1.3054e-17	4.0032e-18
2.7614e+14	7.01e-18	1.1071e-17
2.7634e+14	4.9009e-18	9.8515e-18
2.7653e+14	1.086e-17	2.9699e-18
2.7673e+14	8.2372e-18	8.3268e-18
2.7692e+14	4.0716e-18	1.2023e-17
2.7712e+14	1.0306e-17	4.306e-18
2.7731e+14	1.1662e-17	5.1823e-18
2.7751e+14	5.1436e-18	1.235e-17
2.7771e+14	7.7198e-18	7.3164e-18
2.779e+14	1.2015e-17	3.7409e-18
2.781e+14	6.2498e-18	1.1432e-17
2.7829e+14	5.8314e-18	1.0217e-17
2.7849e+14	1.2933e-17	2.6787e-18
2.7868e+14	9.7933e-18	8.0974e-18
2.7888e+14	4.3748e-18	1.2554e-17
2.7907e+14	9.678e-18	4.8851e-18
2.7927e+14	1.0487e-17	5.133e-18
2.7947e+14	3.9146e-18	1.221e-17
2.7966e+14	7.4026e-18	7.4043e-18
2.7986e+14	1.3027e-17	3.4643e-18
2.8005e+14	7.3324e-18	1.0748e-17
2.8025e+14	5.2873e-18	9.7701e-18
2.8044e+14	1.0909e-17	2.4628e-18
2.8064e+14	8.0377e-18	7.8444e-18
2.8083e+14	3.9099e-18	1.2537e-17
2.8103e+14	1.0091e-17	4.8737e-18
2.8123e+14	1.1262e-17	4.431e-18
2.8142e+14	4.9942e-18	1.15e-17
2.8162e+14	8.5583e-18	7.9035e-18
2.8181e+14	1.3819e-17	4.387e-18
2.8201e+14	7.6958e-18	1.0671e-17
2.822e+14	5.5866e-18	9.3771e-18
2.824e+14	1.1444e-17	2.8952e-18
2.8259e+14	8.6803e-18	8.319e-18
2.8279e+14	4.2661e-18	1.2236e-17
2.8299e+14	9.9849e-18	4.7674e-18
2.8318e+14	1.0721e-17	5.2831e-18
2.8338e+14	3.8013e-18	1.2445e-17
2.8357e+14	6.5357e-18	8.0629e-18
2.8377e+14	1.1544e-17	4.0179e-18
2.8396e+14	6.0598e-18	1.0466e-17
2.8416e+14	4.7209e-18	9.7143e-18
2.8435e+14	1.089e-17	3.4829e-18
2.8455e+14	8.3086e-18	8.4248e-18
2.8475e+14	4.2871e-18	1.1777e-17
2.8494e+14	1.0367e-17	4.4278e-18
2.8514e+14	1.1204e-17	5.0739e-18
2.8533e+14	4.3578e-18	1.1585e-17
2.8553e+14	7.4324e-18	6.6887e-18
2.8572e+14	1.2835e-17	3.3133e-18
2.8592e+14	7.3027e-18	1.0826e-17
2.8611e+14	5.5581e-18	1.031e-17
2.8631e+14	1.149e-17	3.6519e-18
2.8651e+14	8.6668e-18	8.2582e-18
2.867e+14	3.8376e-18	1.152e-17
2.869e+14	9.1466e-18	4.233e-18
2.8709e+14	1.0436e-17	5.163e-18
2.8729e+14	4.8458e-18	1.2021e-17
2.8748e+14	8.2123e-18	7.1e-18
2.8768e+14	1.2352e-17	3.2927e-18
2.8787e+14	5.5232e-18	1.0548e-17
2.8807e+14	4.2359e-18	1.0305e-17
2.8827e+14	1.2118e-17	3.9583e-18
2.8846e+14	1.0597e-17	8.3367e-18
2.8866e+14	5.3971e-18	1.1201e-17
2.8885e+14	1.0034e-17	4.0745e-18
2.8905e+14	1.1152e-17	5.4163e-18
2.8924e+14	4.7579e-18	1.2007e-17
2.8944e+14	7.048e-18	6.4439e-18
2.8963e+14	1.2156e-17	2.8974e-18
2.8983e+14	7.668e-18	1.1033e-17
2.9003e+14	6.418e-18	1.0562e-17
2.9022e+14	1.18e-17	3.085e-18
2.9042e+14	8.9539e-18	7.6586e-18
2.9061e+14	4.7193e-18	1.2017e-17
2.9081e+14	1.0167e-17	5.1336e-18
2.91e+14	1.1097e-17	5.2747e-18
2.912e+14	4.8167e-18	1.1697e-17
2.914e+14	7.4909e-18	7.1608e-18
2.9159e+14	1.2311e-17	3.6338e-18
2.9179e+14	7.2853e-18	1.0843e-17
2.9198e+14	5.9393e-18	1.0365e-17
2.9218e+14	1.1287e-17	3.5518e-18
2.9237e+14	8.3412e-18	8.0391e-18
2.9257e+14	4.4675e-18	1.19e-17
2.9276e+14	1.0361e-17	5.0514e-18
2.9296e+14	1.0968e-17	5.461e-18
2.9316e+14	4.2426e-18	1.185e-17
2.9335e+14	7.5209e-18	7.067e-18
2.9355e+14	1.3182e-17	3.3398e-18
2.9374e+14	7.7418e-18	1.0647e-17
2.9394e+14	5.6032e-18	1.0447e-17
2.9413e+14	1.1456e-17	3.5298e-18
2.9433e+14	9.3945e-18	7.7004e-18
2.9452e+14	5.1323e-18	1.1765e-17
2.9472e+14	1.0408e-17	5.205e-18
2.9492e+14	1.1625e-17	5.285e-18
2.9511e+14	5.4277e-18	1.1668e-17
2.9531e+14	7.7549e-18	7.8013e-18
2.955e+14	1.2274e-17	4.3972e-18
2.957e+14	6.9258e-18	1.0902e-17
2.9589e+14	5.5832e-18	1.0668e-17
2.9609e+14	1.2058e-17	4.9117e-18
2.9628e+14	9.9964e-18	9.3302e-18
2.9648e+14	4.9124e-18	1.2307e-17
2.9668e+14	9.5856e-18	5.3241e-18
2.9687e+14	1.157e-17	6.0892e-18
2.9707e+14	6.2593e-18	1.2566e-17
2.9726e+14	8.1354e-18	7.7216e-18
2.9746e+14	1.2333e-17	3.5956e-18
2.9765e+14	7.9435e-18	1.0146e-17
2.9785e+14	6.848e-18	9.8049e-18
2.9804e+14	1.214e-17	3.528e-18
2.9824e+14	9.9993e-18	8.0479e-18
2.9844e+14	6.233e-18	1.194e-17
2.9863e+14	1.0676e-17	5.3002e-18
2.9883e+14	1.0969e-17	5.4191e-18
2.9902e+14	5.6969e-18	1.1784e-17
2.9922e+14	8.9622e-18	7.8899e-18
2.9941e+14	1.2594e-17	4.2664e-18
2.9961e+14	6.2299e-18	1.0345e-17
2.998e+14	5.0933e-18	9.7703e-18
3e+14	1.1743e-17	3.727e-18
