#Error on normalization	O = 15.420 %	H = -4.549 %
#Frequence (s-1)	S_O (s)	S_H (s)
0	3.4782e-15	2.2463e-16
1.5873e+11	-4.0232e-16	3.5366e-17
3.1746e+11	-1.6899e-15	-4.7224e-17
4.7619e+11	3.1136e-15	1.6569e-16
6.3492e+11	1.2187e-15	9.2424e-17
7.9365e+11	-2.348e-15	-6.9795e-17
9.5238e+11	2.1567e-15	1.2769e-16
1.1111e+12	2.9758e-15	1.7468e-16
1.2698e+12	-2.1431e-15	-5.4237e-17
1.4286e+12	5.4244e-16	5.4715e-17
1.5873e+12	4.1384e-15	2.2272e-16
1.746e+12	-1.0189e-15	1.7228e-18
1.9048e+12	-8.0958e-16	3.8602e-18
2.0635e+12	5.3262e-15	2.8282e-16
2.2222e+12	1.3493e-15	1.1671e-16
2.381e+12	-1.9747e-15	-4.0458e-17
2.5397e+12	7.2345e-15	3.8136e-16
2.6984e+12	1.1303e-14	6.1273e-16
2.8571e+12	1.0366e-14	6.0537e-16
3.0159e+12	1.9185e-14	1.0039e-15
3.1746e+12	1.6376e-14	8.7857e-16
3.3333e+12	3.1312e-15	3.3285e-16
3.4921e+12	3.8054e-14	2.1223e-15
3.6508e+12	1.0589e-13	5.5026e-15
3.8095e+12	1.0156e-13	5.327e-15
3.9683e+12	2.5373e-14	1.4762e-15
4.127e+12	-9.9031e-15	-4.2164e-16
4.2857e+12	1.0355e-14	6.0616e-16
4.4444e+12	1.1878e-14	7.9205e-16
4.6032e+12	1.3119e-15	2.3915e-16
4.7619e+12	1.5133e-14	9.0754e-16
4.9206e+12	1.8704e-14	1.2055e-15
5.0794e+12	1.2392e-14	9.48e-16
5.2381e+12	5.7854e-14	3.2023e-15
5.3968e+12	1.1929e-13	6.3927e-15
5.5556e+12	9.792e-14	5.4381e-15
5.7143e+12	2.6818e-14	1.7475e-15
5.873e+12	9.3772e-15	6.9658e-16
6.0317e+12	3.5077e-14	2.0599e-15
6.1905e+12	5.4812e-14	3.3608e-15
6.3492e+12	1.0807e-13	6.3631e-15
6.5079e+12	2.0635e-13	1.1365e-14
6.6667e+12	2.4886e-13	1.3257e-14
6.8254e+12	1.8788e-13	1.0011e-14
6.9841e+12	1.2298e-13	6.6644e-15
7.1429e+12	1.3683e-13	6.7486e-15
7.3016e+12	1.7701e-13	7.6471e-15
7.4603e+12	1.673e-13	6.6552e-15
7.619e+12	1.1902e-13	4.842e-15
7.7778e+12	7.8777e-14	3.6349e-15
7.9365e+12	5.3457e-14	2.6159e-15
8.0952e+12	3.1875e-14	1.5033e-15
8.254e+12	1.9867e-14	9.8289e-16
8.4127e+12	1.9936e-14	1.1036e-15
8.5714e+12	2.0328e-14	1.1192e-15
8.7302e+12	2.3265e-14	1.1679e-15
8.8889e+12	4.2617e-14	2.083e-15
9.0476e+12	6.6175e-14	3.3064e-15
9.2063e+12	6.6096e-14	3.3218e-15
9.3651e+12	5.1586e-14	2.6289e-15
9.5238e+12	6.4574e-14	3.5892e-15
9.6825e+12	1.135e-13	6.4468e-15
9.8413e+12	1.5134e-13	8.2567e-15
1e+13	1.3832e-13	7.0785e-15
1.0159e+13	9.905e-14	4.8377e-15
1.0317e+13	8.7373e-14	4.3817e-15
1.0476e+13	1.0898e-13	5.5172e-15
1.0635e+13	1.1983e-13	5.9071e-15
1.0794e+13	9.7795e-14	4.7473e-15
1.0952e+13	7.0048e-14	3.4562e-15
1.1111e+13	6.5834e-14	3.2356e-15
1.127e+13	8.1217e-14	3.8009e-15
1.1429e+13	9.2896e-14	4.2799e-15
1.1587e+13	8.5091e-14	4.1206e-15
1.1746e+13	6.6772e-14	3.4772e-15
1.1905e+13	6.1609e-14	3.1393e-15
1.2063e+13	7.2219e-14	3.4646e-15
1.2222e+13	7.7547e-14	3.8116e-15
1.2381e+13	7.1221e-14	3.6899e-15
1.254e+13	6.4017e-14	3.3467e-15
1.2698e+13	5.7408e-14	3.0201e-15
1.2857e+13	5.65e-14	3.0745e-15
1.3016e+13	7.5887e-14	4.041e-15
1.3175e+13	1.0167e-13	5.239e-15
1.3333e+13	1.0621e-13	5.4865e-15
1.3492e+13	1.0405e-13	5.4849e-15
1.3651e+13	1.149e-13	6.1066e-15
1.381e+13	1.081e-13	5.772e-15
1.3968e+13	7.2079e-14	3.8508e-15
1.4127e+13	6.0649e-14	3.1409e-15
1.4286e+13	8.9914e-14	4.6042e-15
1.4444e+13	1.0066e-13	5.1704e-15
1.4603e+13	7.7826e-14	4.0461e-15
1.4762e+13	7.5095e-14	4.0817e-15
1.4921e+13	1.0016e-13	5.4227e-15
1.5079e+13	1.0729e-13	5.4689e-15
1.5238e+13	9.0179e-14	4.3949e-15
1.5397e+13	7.4429e-14	3.9294e-15
1.5556e+13	6.08e-14	3.5683e-15
1.5714e+13	4.6125e-14	2.7756e-15
1.5873e+13	4.1489e-14	2.5557e-15
1.6032e+13	4.1971e-14	2.7377e-15
1.619e+13	3.5217e-14	2.3522e-15
1.6349e+13	2.8762e-14	2.0252e-15
1.6508e+13	2.7726e-14	2.2594e-15
1.6667e+13	2.2481e-14	2.1371e-15
1.6825e+13	1.5747e-14	1.6703e-15
1.6984e+13	1.7329e-14	1.7533e-15
1.7143e+13	1.9887e-14	2.0048e-15
1.7302e+13	1.6259e-14	1.8684e-15
1.746e+13	1.3865e-14	1.8294e-15
1.7619e+13	1.3758e-14	1.8819e-15
1.7778e+13	9.8132e-15	1.6428e-15
1.7937e+13	6.527e-15	1.6078e-15
1.8095e+13	8.2242e-15	1.8636e-15
1.8254e+13	8.6129e-15	1.711e-15
1.8413e+13	6.3875e-15	1.5039e-15
1.8571e+13	6.3961e-15	1.8464e-15
1.873e+13	6.5912e-15	2.011e-15
1.8889e+13	5.0335e-15	1.76e-15
1.9048e+13	5.5413e-15	1.9935e-15
1.9206e+13	6.6863e-15	2.4875e-15
1.9365e+13	4.9202e-15	2.4181e-15
1.9524e+13	4.185e-15	2.2433e-15
1.9683e+13	6.0088e-15	2.388e-15
1.9841e+13	5.6328e-15	2.5869e-15
2e+13	4.2876e-15	3.1428e-15
2.0159e+13	5.5466e-15	3.8007e-15
2.0317e+13	5.668e-15	3.4404e-15
2.0476e+13	3.5224e-15	2.8458e-15
2.0635e+13	3.9833e-15	3.4593e-15
2.0794e+13	5.4308e-15	4.024e-15
2.0952e+13	3.7785e-15	3.6176e-15
2.1111e+13	2.8693e-15	4.059e-15
2.127e+13	4.5406e-15	5.3278e-15
2.1429e+13	4.0481e-15	5.3032e-15
2.1587e+13	2.3877e-15	4.807e-15
2.1746e+13	3.6405e-15	5.3899e-15
2.1905e+13	4.4573e-15	5.8495e-15
2.2063e+13	2.6316e-15	6.4418e-15
2.2222e+13	2.4639e-15	8.56e-15
2.2381e+13	3.7302e-15	9.8024e-15
2.254e+13	2.9053e-15	9.5821e-15
2.2698e+13	2.4507e-15	1.2685e-14
2.2857e+13	3.8364e-15	1.8131e-14
2.3016e+13	3.2707e-15	1.915e-14
2.3175e+13	1.6474e-15	1.8122e-14
2.3333e+13	2.6053e-15	2.1443e-14
2.3492e+13	3.4136e-15	2.484e-14
2.3651e+13	2.1193e-15	2.4923e-14
2.381e+13	2.4423e-15	2.8252e-14
2.3968e+13	3.9697e-15	3.28e-14
2.4127e+13	3.0337e-15	2.9489e-14
2.4286e+13	1.9657e-15	2.7314e-14
2.4444e+13	3.2244e-15	3.8277e-14
2.4603e+13	3.593e-15	4.7254e-14
2.4762e+13	2.5332e-15	3.9536e-14
2.4921e+13	2.9726e-15	3.1951e-14
2.5079e+13	3.5924e-15	3.7509e-14
2.5238e+13	2.7385e-15	4.0526e-14
2.5397e+13	2.8679e-15	3.4925e-14
2.5556e+13	3.8657e-15	3.5672e-14
2.5714e+13	3.1206e-15	4.0768e-14
2.5873e+13	2.3483e-15	3.642e-14
2.6032e+13	3.4922e-15	3.1665e-14
2.619e+13	4.0503e-15	3.8144e-14
2.6349e+13	3.2062e-15	4.2155e-14
2.6508e+13	3.1512e-15	3.4965e-14
2.6667e+13	3.5076e-15	3.131e-14
2.6825e+13	3.1581e-15	3.5886e-14
2.6984e+13	3.1965e-15	3.5949e-14
2.7143e+13	3.3935e-15	3.1112e-14
2.7302e+13	2.6683e-15	2.9909e-14
2.746e+13	2.3095e-15	2.9339e-14
2.7619e+13	2.8118e-15	2.7209e-14
2.7778e+13	2.7233e-15	3.0092e-14
2.7937e+13	2.5909e-15	3.4652e-14
2.8095e+13	3.165e-15	3.1296e-14
2.8254e+13	2.8031e-15	2.526e-14
2.8413e+13	1.8062e-15	2.5501e-14
2.8571e+13	2.2458e-15	2.6644e-14
2.873e+13	2.769e-15	2.3422e-14
2.8889e+13	1.8574e-15	2.1416e-14
2.9048e+13	1.6761e-15	2.236e-14
2.9206e+13	2.5518e-15	2.1878e-14
2.9365e+13	2.1651e-15	2.1764e-14
2.9524e+13	1.579e-15	2.4632e-14
2.9683e+13	2.4648e-15	2.5269e-14
2.9841e+13	2.6028e-15	2.1219e-14
3e+13	1.4478e-15	1.849e-14
3.0159e+13	1.5797e-15	1.9706e-14
3.0317e+13	2.2166e-15	2.0328e-14
3.0476e+13	1.3403e-15	1.8365e-14
3.0635e+13	9.7082e-16	1.7204e-14
3.0794e+13	2.1323e-15	1.9353e-14
3.0952e+13	2.2754e-15	2.292e-14
3.1111e+13	1.4423e-15	2.4252e-14
3.127e+13	1.711e-15	2.3091e-14
3.1429e+13	2.1081e-15	2.2491e-14
3.1587e+13	1.6519e-15	2.2487e-14
3.1746e+13	1.6738e-15	2.0224e-14
3.1905e+13	1.8254e-15	1.708e-14
3.2063e+13	1.1252e-15	1.6424e-14
3.2222e+13	1.0812e-15	1.6591e-14
3.2381e+13	1.9178e-15	1.5888e-14
3.254e+13	1.6824e-15	1.7564e-14
3.2698e+13	1.0779e-15	2.1601e-14
3.2857e+13	1.663e-15	2.2707e-14
3.3016e+13	1.9338e-15	2.0797e-14
3.3175e+13	1.2318e-15	2.0314e-14
3.3333e+13	1.2844e-15	2.0469e-14
3.3492e+13	1.6857e-15	1.8988e-14
3.3651e+13	1.2415e-15	1.8644e-14
3.381e+13	1.2874e-15	2.0065e-14
3.3968e+13	1.9908e-15	1.9032e-14
3.4127e+13	1.5622e-15	1.6274e-14
3.4286e+13	9.2865e-16	1.7344e-14
3.4444e+13	1.6596e-15	2.218e-14
3.4603e+13	2.0386e-15	2.5727e-14
3.4762e+13	1.2525e-15	2.5506e-14
3.4921e+13	1.2008e-15	2.2289e-14
3.5079e+13	1.7347e-15	1.9323e-14
3.5238e+13	1.4849e-15	2.1001e-14
3.5397e+13	1.4282e-15	2.5588e-14
3.5556e+13	1.9024e-15	2.5634e-14
3.5714e+13	1.5341e-15	2.1117e-14
3.5873e+13	1.1016e-15	2.0234e-14
3.6032e+13	1.7572e-15	2.359e-14
3.619e+13	1.8802e-15	2.3037e-14
3.6349e+13	1.0333e-15	1.7765e-14
3.6508e+13	1.1312e-15	1.5564e-14
3.6667e+13	1.7329e-15	1.8308e-14
3.6825e+13	1.2906e-15	2.0086e-14
3.6984e+13	9.4518e-16	1.8249e-14
3.7143e+13	1.382e-15	1.5971e-14
3.7302e+13	1.2295e-15	1.582e-14
3.746e+13	8.4201e-16	1.6991e-14
3.7619e+13	1.2705e-15	1.7384e-14
3.7778e+13	1.3403e-15	1.6317e-14
3.7937e+13	7.7111e-16	1.5584e-14
3.8095e+13	1.0555e-15	1.6426e-14
3.8254e+13	1.5061e-15	1.6384e-14
3.8413e+13	8.2522e-16	1.3268e-14
3.8571e+13	4.3124e-16	1.0084e-14
3.873e+13	1.0036e-15	1.0326e-14
3.8889e+13	9.4468e-16	1.164e-14
3.9048e+13	4.42e-16	1.0402e-14
3.9206e+13	7.4583e-16	8.3444e-15
3.9365e+13	9.375e-16	8.5092e-15
3.9524e+13	4.9247e-16	9.4674e-15
3.9683e+13	6.0347e-16	8.8036e-15
3.9841e+13	9.1212e-16	7.4487e-15
4e+13	4.5669e-16	6.9468e-15
4.0159e+13	3.0042e-16	6.9855e-15
4.0317e+13	8.0665e-16	7.1539e-15
4.0476e+13	6.7913e-16	7.3382e-15
4.0635e+13	2.982e-16	6.9098e-15
4.0794e+13	6.5074e-16	6.0496e-15
4.0952e+13	7.3546e-16	5.7388e-15
4.1111e+13	2.388e-16	5.6779e-15
4.127e+13	3.9478e-16	5.1657e-15
4.1429e+13	7.6355e-16	4.8961e-15
4.1587e+13	3.8866e-16	5.1802e-15
4.1746e+13	2.8175e-16	5.1153e-15
4.1905e+13	7.3501e-16	4.876e-15
4.2063e+13	5.5262e-16	5.2411e-15
4.2222e+13	2.111e-16	5.5073e-15
4.2381e+13	6.1823e-16	5.2077e-15
4.254e+13	7.0636e-16	5.1676e-15
4.2698e+13	2.0241e-16	5.0539e-15
4.2857e+13	3.6159e-16	4.1028e-15
4.3016e+13	7.232e-16	3.6391e-15
4.3175e+13	3.1903e-16	4.3568e-15
4.3333e+13	1.8059e-16	4.454e-15
4.3492e+13	6.5679e-16	3.7531e-15
4.3651e+13	5.3507e-16	4.0728e-15
4.381e+13	1.7555e-16	4.7283e-15
4.3968e+13	5.1493e-16	4.2323e-15
4.4127e+13	6.57e-16	4.0868e-15
4.4286e+13	2.7769e-16	5.0648e-15
4.4444e+13	4.4155e-16	5.0446e-15
4.4603e+13	7.7079e-16	4.036e-15
4.4762e+13	4.5299e-16	4.3213e-15
4.4921e+13	3.8991e-16	5.4686e-15
4.5079e+13	8.5232e-16	6.09e-15
4.5238e+13	8.1647e-16	7.1066e-15
4.5397e+13	6.2271e-16	8.2906e-15
4.5556e+13	9.2584e-16	7.6505e-15
4.5714e+13	8.7303e-16	6.2455e-15
4.5873e+13	4.9268e-16	6.8843e-15
4.6032e+13	9.1845e-16	9.2614e-15
4.619e+13	1.5081e-15	1.1465e-14
4.6349e+13	1.2684e-15	1.2737e-14
4.6508e+13	1.1697e-15	1.3012e-14
4.6667e+13	1.6585e-15	1.3642e-14
4.6825e+13	1.7372e-15	1.6066e-14
4.6984e+13	1.5661e-15	1.7894e-14
4.7143e+13	1.7928e-15	1.6668e-14
4.7302e+13	1.8253e-15	1.562e-14
4.746e+13	1.6277e-15	1.747e-14
4.7619e+13	1.9219e-15	1.898e-14
4.7778e+13	2.1784e-15	1.8787e-14
4.7937e+13	1.9467e-15	1.9881e-14
4.8095e+13	2.0392e-15	2.1073e-14
4.8254e+13	2.2724e-15	1.9278e-14
4.8413e+13	1.8707e-15	1.7974e-14
4.8571e+13	1.7565e-15	2.0515e-14
4.873e+13	2.458e-15	2.308e-14
4.8889e+13	2.6378e-15	2.3331e-14
4.9048e+13	2.1659e-15	2.3628e-14
4.9206e+13	2.1919e-15	2.2971e-14
4.9365e+13	2.2722e-15	1.9898e-14
4.9524e+13	1.8444e-15	1.8725e-14
4.9683e+13	1.8481e-15	2.0783e-14
4.9841e+13	2.2057e-15	2.0933e-14
5e+13	1.9849e-15	1.9401e-14
5.0159e+13	1.8789e-15	2.0941e-14
5.0317e+13	2.2988e-15	2.2908e-14
5.0476e+13	2.0923e-15	2.1389e-14
5.0635e+13	1.6044e-15	2.0994e-14
5.0794e+13	2.0571e-15	2.4e-14
5.0952e+13	2.3504e-15	2.4103e-14
5.1111e+13	1.5817e-15	1.989e-14
5.127e+13	1.2936e-15	1.7255e-14
5.1429e+13	1.7648e-15	1.6659e-14
5.1587e+13	1.499e-15	1.4731e-14
5.1746e+13	9.9771e-16	1.3489e-14
5.1905e+13	1.3525e-15	1.478e-14
5.2063e+13	1.5025e-15	1.5044e-14
5.2222e+13	1.0069e-15	1.2955e-14
5.2381e+13	1.0319e-15	1.1392e-14
5.254e+13	1.2827e-15	1.0857e-14
5.2698e+13	9.171e-16	1.0227e-14
5.2857e+13	7.7376e-16	1.0006e-14
5.3016e+13	1.0719e-15	9.5584e-15
5.3175e+13	8.0033e-16	7.756e-15
5.3333e+13	4.2361e-16	6.4609e-15
5.3492e+13	7.3024e-16	6.853e-15
5.3651e+13	8.0422e-16	6.75e-15
5.381e+13	4.1565e-16	5.7037e-15
5.3968e+13	5.678e-16	5.661e-15
5.4127e+13	8.2848e-16	6.131e-15
5.4286e+13	4.7446e-16	5.8567e-15
5.4444e+13	4.0579e-16	5.9035e-15
5.4603e+13	7.6734e-16	6.1599e-15
5.4762e+13	5.2855e-16	4.9136e-15
5.4921e+13	1.8328e-16	3.3314e-15
5.5079e+13	5.1926e-16	3.4657e-15
5.5238e+13	6.1788e-16	4.056e-15
5.5397e+13	2.5172e-16	3.8069e-15
5.5556e+13	4.1924e-16	3.7717e-15
5.5714e+13	6.8456e-16	3.8816e-15
5.5873e+13	3.1908e-16	3.2727e-15
5.6032e+13	2.4907e-16	3.1591e-15
5.619e+13	6.6708e-16	4.01e-15
5.6349e+13	4.9437e-16	3.8826e-15
5.6508e+13	1.3251e-16	2.7355e-15
5.6667e+13	4.3138e-16	2.6087e-15
5.6825e+13	5.7322e-16	3.2021e-15
5.6984e+13	2.4324e-16	3.1024e-15
5.7143e+13	3.6689e-16	3.026e-15
5.7302e+13	6.3377e-16	3.4851e-15
5.746e+13	3.4112e-16	3.3671e-15
5.7619e+13	2.5792e-16	2.8206e-15
5.7778e+13	6.1266e-16	2.997e-15
5.7937e+13	5.1206e-16	3.4298e-15
5.8095e+13	2.7873e-16	3.3574e-15
5.8254e+13	5.7056e-16	3.2874e-15
5.8413e+13	6.4494e-16	3.3192e-15
5.8571e+13	3.1351e-16	3.0484e-15
5.873e+13	4.1684e-16	3.0093e-15
5.8889e+13	6.1013e-16	3.4239e-15
5.9048e+13	3.2051e-16	3.3798e-15
5.9206e+13	3.1154e-16	2.8746e-15
5.9365e+13	6.5651e-16	2.8514e-15
5.9524e+13	4.5668e-16	3.0833e-15
5.9683e+13	1.703e-16	2.8805e-15
5.9841e+13	4.8899e-16	2.6835e-15
6e+13	5.8805e-16	2.8435e-15
6.0159e+13	2.4612e-16	2.8637e-15
6.0317e+13	3.6608e-16	2.7692e-15
6.0476e+13	6.2953e-16	2.9742e-15
6.0635e+13	3.6443e-16	3.0877e-15
6.0794e+13	2.8081e-16	2.8032e-15
6.0952e+13	6.0396e-16	2.77e-15
6.1111e+13	5.36e-16	3.2088e-15
6.127e+13	3.3773e-16	3.3172e-15
6.1429e+13	5.4221e-16	2.8359e-15
6.1587e+13	5.2366e-16	2.5337e-15
6.1746e+13	2.4708e-16	2.7713e-15
6.1905e+13	4.5908e-16	3.0291e-15
6.2063e+13	6.9493e-16	3.0193e-15
6.2222e+13	4.0201e-16	3.0343e-15
6.2381e+13	3.4551e-16	3.0728e-15
6.254e+13	6.1033e-16	2.7865e-15
6.2698e+13	4.0514e-16	2.4146e-15
6.2857e+13	1.8668e-16	2.5159e-15
6.3016e+13	5.1031e-16	2.7989e-15
6.3175e+13	5.685e-16	2.6628e-15
6.3333e+13	2.6629e-16	2.5062e-15
6.3492e+13	4.4822e-16	2.8577e-15
6.3651e+13	6.6921e-16	3.106e-15
6.381e+13	3.3199e-16	2.7461e-15
6.3968e+13	2.648e-16	2.4899e-15
6.4127e+13	6.1441e-16	2.7619e-15
6.4286e+13	4.7714e-16	2.8788e-15
6.4444e+13	2.1416e-16	2.5967e-15
6.4603e+13	4.9881e-16	2.5408e-15
6.4762e+13	6.0912e-16	2.8039e-15
6.4921e+13	3.142e-16	2.8637e-15
6.5079e+13	4.0203e-16	2.6736e-15
6.5238e+13	5.995e-16	2.5601e-15
6.5397e+13	3.5557e-16	2.5862e-15
6.5556e+13	3.2589e-16	2.6995e-15
6.5714e+13	6.3806e-16	2.8636e-15
6.5873e+13	5.3023e-16	2.9044e-15
6.6032e+13	3.1548e-16	2.7759e-15
6.619e+13	5.3757e-16	2.7439e-15
6.6349e+13	5.7854e-16	2.9232e-15
6.6508e+13	3.301e-16	3.0179e-15
6.6667e+13	4.5751e-16	2.82e-15
6.6825e+13	6.0038e-16	2.6144e-15
6.6984e+13	3.3489e-16	2.7166e-15
6.7143e+13	3.4411e-16	2.8743e-15
6.7302e+13	6.2121e-16	2.7392e-15
6.746e+13	4.5109e-16	2.6459e-15
6.7619e+13	3.1511e-16	2.9822e-15
6.7778e+13	6.6017e-16	3.2705e-15
6.7937e+13	6.5349e-16	3.0714e-15
6.8095e+13	2.9182e-16	2.9261e-15
6.8254e+13	4.9013e-16	3.2232e-15
6.8413e+13	8.1829e-16	3.5014e-15
6.8571e+13	6.1316e-16	3.6453e-15
6.873e+13	5.6764e-16	3.933e-15
6.8889e+13	8.0508e-16	3.8889e-15
6.9048e+13	5.6648e-16	3.2041e-15
6.9206e+13	3.0543e-16	2.8609e-15
6.9365e+13	6.3344e-16	3.3535e-15
6.9524e+13	7.6207e-16	3.6626e-15
6.9683e+13	4.7225e-16	3.4145e-15
6.9841e+13	5.7648e-16	3.4469e-15
7e+13	7.8783e-16	3.6769e-15
7.0159e+13	5.2178e-16	3.3509e-15
7.0317e+13	4.4397e-16	2.9998e-15
7.0476e+13	7.4523e-16	3.4104e-15
7.0635e+13	6.8277e-16	3.929e-15
7.0794e+13	5.1398e-16	3.8521e-15
7.0952e+13	7.4769e-16	3.6623e-15
7.1111e+13	7.7399e-16	3.7226e-15
7.127e+13	4.9808e-16	3.6956e-15
7.1429e+13	6.256e-16	3.5427e-15
7.1587e+13	8.1435e-16	3.5462e-15
7.1746e+13	5.7597e-16	3.7228e-15
7.1905e+13	5.7918e-16	3.9788e-15
7.2063e+13	8.8778e-16	4.1366e-15
7.2222e+13	7.3312e-16	3.9344e-15
7.2381e+13	4.88e-16	3.6108e-15
7.254e+13	7.2056e-16	3.6395e-15
7.2698e+13	7.6172e-16	3.823e-15
7.2857e+13	4.9198e-16	3.8798e-15
7.3016e+13	6.6634e-16	4.1236e-15
7.3175e+13	8.9644e-16	4.357e-15
7.3333e+13	5.7143e-16	3.8451e-15
7.3492e+13	4.3744e-16	3.1602e-15
7.3651e+13	7.7675e-16	3.5187e-15
7.381e+13	7.7246e-16	4.2966e-15
7.3968e+13	5.5615e-16	4.1808e-15
7.4127e+13	7.3496e-16	3.7955e-15
7.4286e+13	8.3172e-16	4.1567e-15
7.4444e+13	6.1328e-16	4.4684e-15
7.4603e+13	6.7317e-16	4.0833e-15
7.4762e+13	8.3072e-16	3.9665e-15
7.4921e+13	6.3883e-16	4.4087e-15
7.5079e+13	5.8789e-16	4.4077e-15
7.5238e+13	7.9475e-16	4.0081e-15
7.5397e+13	6.7799e-16	4.0684e-15
7.5556e+13	5.0361e-16	4.233e-15
7.5714e+13	7.2622e-16	3.998e-15
7.5873e+13	8.3811e-16	4.1292e-15
7.6032e+13	6.9181e-16	4.8057e-15
7.619e+13	7.8102e-16	4.8516e-15
7.6349e+13	8.3819e-16	4.1324e-15
7.6508e+13	5.6197e-16	3.8138e-15
7.6667e+13	5.1954e-16	3.9556e-15
7.6825e+13	7.1527e-16	3.7487e-15
7.6984e+13	5.8089e-16	3.4869e-15
7.7143e+13	4.9244e-16	3.8214e-15
7.7302e+13	7.9212e-16	4.3088e-15
7.746e+13	8.0435e-16	4.3784e-15
7.7619e+13	5.1295e-16	4.2749e-15
7.7778e+13	6.3954e-16	4.3381e-15
7.7937e+13	8.7132e-16	4.5962e-15
7.8095e+13	7.1107e-16	4.8828e-15
7.8254e+13	6.7268e-16	4.758e-15
7.8413e+13	8.2838e-16	4.1651e-15
7.8571e+13	6.5546e-16	3.9035e-15
7.873e+13	5.4398e-16	4.3451e-15
7.8889e+13	8.4591e-16	4.7716e-15
7.9048e+13	8.83e-16	4.8296e-15
7.9206e+13	6.2335e-16	4.9365e-15
7.9365e+13	7.5531e-16	5.0226e-15
7.9524e+13	9.3309e-16	4.783e-15
7.9683e+13	6.9024e-16	4.6046e-15
7.9841e+13	6.1742e-16	4.6691e-15
8e+13	7.9618e-16	4.5115e-15
8.0159e+13	6.5799e-16	4.3525e-15
8.0317e+13	6.086e-16	4.9304e-15
8.0476e+13	1.0093e-15	5.844e-15
8.0635e+13	1.0596e-15	6.0361e-15
8.0794e+13	6.5893e-16	5.5323e-15
8.0952e+13	6.7983e-16	5.2241e-15
8.1111e+13	9.4236e-16	5.5392e-15
8.127e+13	8.439e-16	6.0797e-15
8.1429e+13	8.2765e-16	6.2849e-15
8.1587e+13	1.0787e-15	6.3148e-15
8.1746e+13	1.0315e-15	6.6244e-15
8.1905e+13	8.3943e-16	6.598e-15
8.2063e+13	9.1029e-16	5.6422e-15
8.2222e+13	9.173e-16	5.3038e-15
8.2381e+13	8.5659e-16	6.8174e-15
8.254e+13	1.0689e-15	7.9487e-15
8.2698e+13	1.1294e-15	6.8413e-15
8.2857e+13	8.7166e-16	5.9866e-15
8.3016e+13	9.9528e-16	7.4235e-15
8.3175e+13	1.3579e-15	8.736e-15
8.3333e+13	1.2375e-15	8.166e-15
8.3492e+13	1.0623e-15	7.5911e-15
8.3651e+13	1.2477e-15	7.7986e-15
8.381e+13	1.1732e-15	7.5836e-15
8.3968e+13	9.4885e-16	7.5463e-15
8.4127e+13	1.2283e-15	8.2711e-15
8.4286e+13	1.3804e-15	7.8523e-15
8.4444e+13	9.6361e-16	6.5252e-15
8.4603e+13	9.8877e-16	7.4708e-15
8.4762e+13	1.4806e-15	9.6156e-15
8.4921e+13	1.2487e-15	8.5369e-15
8.5079e+13	7.0774e-16	5.7328e-15
8.5238e+13	9.9427e-16	6.497e-15
8.5397e+13	1.4542e-15	9.5672e-15
8.5556e+13	1.3097e-15	9.7715e-15
8.5714e+13	1.2496e-15	8.0359e-15
8.5873e+13	1.4968e-15	8.5541e-15
8.6032e+13	1.4239e-15	1.0339e-14
8.619e+13	1.2408e-15	1.0217e-14
8.6349e+13	1.3715e-15	9.117e-15
8.6508e+13	1.4089e-15	9.0311e-15
8.6667e+13	1.2361e-15	9.1894e-15
8.6825e+13	1.2689e-15	8.999e-15
8.6984e+13	1.3967e-15	9.3156e-15
8.7143e+13	1.3559e-15	9.6151e-15
8.7302e+13	1.3081e-15	9.0246e-15
8.746e+13	1.2875e-15	8.8547e-15
8.7619e+13	1.2483e-15	9.6308e-15
8.7778e+13	1.3075e-15	9.2327e-15
8.7937e+13	1.2634e-15	7.5866e-15
8.8095e+13	1.0194e-15	7.6627e-15
8.8254e+13	1.0907e-15	9.4004e-15
8.8413e+13	1.4275e-15	9.5235e-15
8.8571e+13	1.3113e-15	8.2188e-15
8.873e+13	1.0281e-15	8.4817e-15
8.8889e+13	1.2891e-15	9.8226e-15
8.9048e+13	1.5459e-15	9.9331e-15
8.9206e+13	1.2872e-15	9.7675e-15
8.9365e+13	1.2258e-15	1.0754e-14
8.9524e+13	1.5334e-15	1.1284e-14
8.9683e+13	1.4691e-15	1.0344e-14
8.9841e+13	1.1754e-15	9.5548e-15
9e+13	1.2406e-15	9.5336e-15
9.0159e+13	1.3556e-15	9.2541e-15
9.0317e+13	1.2563e-15	8.9241e-15
9.0476e+13	1.2811e-15	9.4468e-15
9.0635e+13	1.373e-15	1.0346e-14
9.0794e+13	1.2976e-15	1.0459e-14
9.0952e+13	1.2519e-15	9.3724e-15
9.1111e+13	1.2355e-15	8.1657e-15
9.127e+13	1.1417e-15	8.7248e-15
9.1429e+13	1.2648e-15	1.0515e-14
9.1587e+13	1.4783e-15	1.0593e-14
9.1746e+13	1.3289e-15	9.3637e-15
9.1905e+13	1.2626e-15	1.0418e-14
9.2063e+13	1.6432e-15	1.2647e-14
9.2222e+13	1.6425e-15	1.1601e-14
9.2381e+13	1.09e-15	8.833e-15
9.254e+13	1.0114e-15	9.0107e-15
9.2698e+13	1.3492e-15	1.0707e-14
9.2857e+13	1.292e-15	1.0791e-14
9.3016e+13	1.2804e-15	1.1225e-14
9.3175e+13	1.6952e-15	1.2911e-14
9.3333e+13	1.6961e-15	1.2795e-14
9.3492e+13	1.2875e-15	1.1596e-14
9.3651e+13	1.4106e-15	1.2603e-14
9.381e+13	1.7257e-15	1.363e-14
9.3968e+13	1.508e-15	1.1871e-14
9.4127e+13	1.3247e-15	1.0621e-14
9.4286e+13	1.5064e-15	1.1956e-14
9.4444e+13	1.5055e-15	1.2937e-14
9.4603e+13	1.4862e-15	1.3362e-14
9.4762e+13	1.751e-15	1.4774e-14
9.4921e+13	1.63e-15	1.3864e-14
9.5079e+13	1.0984e-15	9.7592e-15
9.5238e+13	1.1529e-15	9.4399e-15
9.5397e+13	1.7013e-15	1.4714e-14
9.5556e+13	1.8438e-15	1.7227e-14
9.5714e+13	1.6764e-15	1.3998e-14
9.5873e+13	1.5808e-15	1.1696e-14
9.6032e+13	1.3875e-15	1.2525e-14
9.619e+13	1.2821e-15	1.2427e-14
9.6349e+13	1.525e-15	1.1617e-14
9.6508e+13	1.624e-15	1.2477e-14
9.6667e+13	1.3561e-15	1.2613e-14
9.6825e+13	1.2116e-15	1.0487e-14
9.6984e+13	1.2525e-15	9.5691e-15
9.7143e+13	1.2289e-15	1.0958e-14
9.7302e+13	1.2749e-15	1.14e-14
9.746e+13	1.3167e-15	1.0405e-14
9.7619e+13	1.1296e-15	1.0318e-14
9.7778e+13	1.0697e-15	1.0729e-14
9.7937e+13	1.2723e-15	1.0022e-14
9.8095e+13	1.2054e-15	9.0715e-15
9.8254e+13	9.2444e-16	8.8389e-15
9.8413e+13	9.5265e-16	8.6285e-15
9.8571e+13	1.0597e-15	8.6049e-15
9.873e+13	9.5744e-16	9.4654e-15
9.8889e+13	9.6857e-16	9.8598e-15
9.9048e+13	1.0048e-15	8.4925e-15
9.9206e+13	7.8967e-16	7.2037e-15
9.9365e+13	7.9885e-16	8.0422e-15
9.9524e+13	1.1276e-15	9.4906e-15
9.9683e+13	1.0393e-15	9.0877e-15
9.9841e+13	6.8044e-16	7.4865e-15
1e+14	7.898e-16	6.7716e-15
1.0016e+14	9.5696e-16	6.9069e-15
1.0032e+14	6.6833e-16	6.645e-15
1.0048e+14	5.2703e-16	6.0424e-15
1.0063e+14	7.2092e-16	5.7499e-15
1.0079e+14	6.5931e-16	5.5608e-15
1.0095e+14	5.0666e-16	5.2878e-15
1.0111e+14	6.5298e-16	5.3224e-15
1.0127e+14	6.7465e-16	5.4872e-15
1.0143e+14	4.7759e-16	5.1439e-15
1.0159e+14	5.3069e-16	4.5724e-15
1.0175e+14	6.2154e-16	4.5478e-15
1.019e+14	4.6378e-16	4.9669e-15
1.0206e+14	5.0152e-16	5.1908e-15
1.0222e+14	7.0529e-16	4.9909e-15
1.0238e+14	5.4547e-16	4.4454e-15
1.0254e+14	3.3497e-16	3.7545e-15
1.027e+14	4.6616e-16	3.2766e-15
1.0286e+14	4.6139e-16	3.1102e-15
1.0302e+14	2.5246e-16	3.0297e-15
1.0317e+14	3.5268e-16	3.0406e-15
1.0333e+14	4.9883e-16	3.2377e-15
1.0349e+14	3.0901e-16	3.3048e-15
1.0365e+14	2.4139e-16	2.9721e-15
1.0381e+14	3.8796e-16	2.5089e-15
1.0397e+14	2.7256e-16	2.2182e-15
1.0413e+14	1.3913e-16	2.0745e-15
1.0429e+14	3.2106e-16	2.0495e-15
1.0444e+14	3.4622e-16	2.1618e-15
1.046e+14	1.4633e-16	2.2766e-15
1.0476e+14	2.2985e-16	2.2685e-15
1.0492e+14	3.6715e-16	2.1634e-15
1.0508e+14	2.0371e-16	2.03e-15
1.0524e+14	1.7956e-16	1.9672e-15
1.054e+14	3.6185e-16	2.0282e-15
1.0556e+14	2.6244e-16	2.0611e-15
1.0571e+14	1.1947e-16	1.9421e-15
1.0587e+14	2.8476e-16	1.8371e-15
1.0603e+14	3.0921e-16	1.8752e-15
1.0619e+14	1.088e-16	1.8732e-15
1.0635e+14	1.7361e-16	1.696e-15
1.0651e+14	2.9477e-16	1.5285e-15
1.0667e+14	1.2991e-16	1.5479e-15
1.0683e+14	1.0087e-16	1.6213e-15
1.0698e+14	2.7583e-16	1.521e-15
1.0714e+14	1.8007e-16	1.2872e-15
1.073e+14	3.8912e-17	1.1587e-15
1.0746e+14	1.9744e-16	1.1715e-15
1.0762e+14	2.2241e-16	1.1385e-15
1.0778e+14	2.597e-17	1.0432e-15
1.0794e+14	8.9526e-17	1.0319e-15
1.081e+14	2.241e-16	1.0641e-15
1.0825e+14	8.4335e-17	1.0267e-15
1.0841e+14	5.4357e-17	9.885e-16
1.0857e+14	2.1211e-16	9.845e-16
1.0873e+14	1.272e-16	9.3899e-16
1.0889e+14	9.0886e-18	9.1994e-16
1.0905e+14	1.6301e-16	9.6569e-16
1.0921e+14	1.7878e-16	8.8405e-16
1.0937e+14	-5.7327e-19	6.9512e-16
1.0952e+14	7.8327e-17	7.0088e-16
1.0968e+14	2.0128e-16	8.4332e-16
1.0984e+14	4.534e-17	8.0543e-16
1.1e+14	1.5214e-17	6.929e-16
1.1016e+14	1.8344e-16	7.55e-16
1.1032e+14	1.0935e-16	8.34e-16
1.1048e+14	-8.148e-18	7.7134e-16
1.1063e+14	1.349e-16	7.0383e-16
1.1079e+14	1.4599e-16	6.5521e-16
1.1095e+14	-2.478e-17	5.6333e-16
1.1111e+14	5.914e-17	5.5932e-16
1.1127e+14	1.7792e-16	6.3535e-16
1.1143e+14	2.0333e-17	5.7765e-16
1.1159e+14	-8.5481e-18	4.7563e-16
1.1175e+14	1.5733e-16	5.4251e-16
1.119e+14	8.0485e-17	6.0641e-16
1.1206e+14	-3.7103e-17	5.0666e-16
1.1222e+14	1.0909e-16	4.4697e-16
1.1238e+14	1.2861e-16	4.8623e-16
1.1254e+14	-3.662e-17	4.4354e-16
1.127e+14	4.0987e-17	3.8664e-16
1.1286e+14	1.5455e-16	4.5267e-16
1.1302e+14	4.8547e-18	4.9075e-16
1.1317e+14	-1.7871e-17	4.2704e-16
1.1333e+14	1.4249e-16	4.1944e-16
1.1349e+14	6.3505e-17	4.5392e-16
1.1365e+14	-4.6966e-17	4.1035e-16
1.1381e+14	1.0266e-16	3.7196e-16
1.1397e+14	1.1956e-16	3.9644e-16
1.1413e+14	-4.6587e-17	3.7969e-16
1.1429e+14	3.0431e-17	3.3279e-16
1.1444e+14	1.4079e-16	3.3519e-16
1.146e+14	-1.0165e-17	3.3444e-16
1.1476e+14	-2.927e-17	3.186e-16
1.1492e+14	1.3585e-16	3.5006e-16
1.1508e+14	5.6063e-17	3.6323e-16
1.1524e+14	-6.2271e-17	3.1445e-16
1.154e+14	8.2998e-17	3.1452e-16
1.1556e+14	1.0644e-16	3.5372e-16
1.1571e+14	-5.4036e-17	3.1274e-16
1.1587e+14	2.0222e-17	2.633e-16
1.1603e+14	1.3254e-16	3.0123e-16
1.1619e+14	-9.4878e-18	3.2374e-16
1.1635e+14	-2.9808e-17	2.946e-16
1.1651e+14	1.2605e-16	3.098e-16
1.1667e+14	4.7555e-17	3.2806e-16
1.1683e+14	-6.2742e-17	2.8698e-16
1.1698e+14	8.3417e-17	2.8816e-16
1.1714e+14	1.0615e-16	3.4457e-16
1.173e+14	-5.0861e-17	3.3184e-16
1.1746e+14	2.299e-17	2.7992e-16
1.1762e+14	1.3102e-16	2.8556e-16
1.1778e+14	-1.1525e-17	2.9409e-16
1.1794e+14	-3.1119e-17	2.7508e-16
1.181e+14	1.2314e-16	2.8697e-16
1.1825e+14	4.3794e-17	2.9002e-16
1.1841e+14	-6.7638e-17	2.4906e-16
1.1857e+14	7.5966e-17	2.499e-16
1.1873e+14	9.8967e-17	2.8309e-16
1.1889e+14	-5.6962e-17	2.5741e-16
1.1905e+14	1.5047e-17	2.342e-16
1.1921e+14	1.2423e-16	2.7143e-16
1.1937e+14	-1.4726e-17	2.6791e-16
1.1952e+14	-3.8103e-17	2.2022e-16
1.1968e+14	1.1149e-16	2.3834e-16
1.1984e+14	3.8862e-17	2.717e-16
1.2e+14	-6.5585e-17	2.4123e-16
1.2016e+14	7.3682e-17	2.3567e-16
1.2032e+14	9.3316e-17	2.7531e-16
1.2048e+14	-5.8742e-17	2.59e-16
1.2063e+14	1.3387e-17	2.2682e-16
1.2079e+14	1.211e-16	2.6125e-16
1.2095e+14	-1.1588e-17	2.8375e-16
1.2111e+14	-3.0149e-17	2.5589e-16
1.2127e+14	1.1502e-16	2.589e-16
1.2143e+14	3.9255e-17	2.7475e-16
1.2159e+14	-6.3481e-17	2.4784e-16
1.2175e+14	7.3884e-17	2.3654e-16
1.219e+14	9.0242e-17	2.5051e-16
1.2206e+14	-5.9821e-17	2.2592e-16
1.2222e+14	1.4504e-17	2.1127e-16
1.2238e+14	1.1949e-16	2.5214e-16
1.2254e+14	-1.7163e-17	2.6085e-16
1.227e+14	-3.6903e-17	2.2563e-16
1.2286e+14	1.1103e-16	2.3135e-16
1.2302e+14	3.9174e-17	2.4467e-16
1.2317e+14	-6.4225e-17	2.1831e-16
1.2333e+14	7.0828e-17	2.2212e-16
1.2349e+14	9.0581e-17	2.4761e-16
1.2365e+14	-5.6543e-17	2.1784e-16
1.2381e+14	1.3162e-17	2.0049e-16
1.2397e+14	1.1594e-16	2.4829e-16
1.2413e+14	-1.6202e-17	2.4969e-16
1.2429e+14	-3.7254e-17	1.9365e-16
1.2444e+14	1.0461e-16	1.9945e-16
1.246e+14	3.5702e-17	2.319e-16
1.2476e+14	-6.2425e-17	2.0281e-16
1.2492e+14	6.7229e-17	1.8096e-16
1.2508e+14	8.1256e-17	1.9546e-16
1.2524e+14	-6.206e-17	1.7173e-16
1.254e+14	1.0126e-17	1.5418e-16
1.2556e+14	1.0962e-16	2.0238e-16
1.2571e+14	-2.1921e-17	2.1602e-16
1.2587e+14	-3.9181e-17	1.6732e-16
1.2603e+14	1.0224e-16	1.7169e-16
1.2619e+14	3.1752e-17	2.1134e-16
1.2635e+14	-6.4402e-17	1.928e-16
1.2651e+14	6.8638e-17	1.7473e-16
1.2667e+14	8.526e-17	2.0115e-16
1.2683e+14	-5.834e-17	1.8851e-16
1.2698e+14	9.7973e-18	1.4732e-16
1.2714e+14	1.0735e-16	1.64e-16
1.273e+14	-2.107e-17	1.9757e-16
1.2746e+14	-3.6753e-17	1.9224e-16
1.2762e+14	1.027e-16	1.9294e-16
1.2778e+14	3.1153e-17	1.9959e-16
1.2794e+14	-6.7052e-17	1.7333e-16
1.281e+14	6.2186e-17	1.5707e-16
1.2825e+14	8.0723e-17	1.7318e-16
1.2841e+14	-5.6791e-17	1.7319e-16
1.2857e+14	1.0853e-17	1.6628e-16
1.2873e+14	1.0341e-16	1.7642e-16
1.2889e+14	-2.5524e-17	1.6147e-16
1.2905e+14	-4.0218e-17	1.3586e-16
1.2921e+14	9.7529e-17	1.5798e-16
1.2937e+14	2.6499e-17	1.7853e-16
1.2952e+14	-6.8424e-17	1.5198e-16
1.2968e+14	6.1575e-17	1.4863e-16
1.2984e+14	7.8999e-17	1.7535e-16
1.3e+14	-5.8968e-17	1.5737e-16
1.3016e+14	8.2983e-18	1.3144e-16
1.3032e+14	1.021e-16	1.5685e-16
1.3048e+14	-2.4101e-17	1.6874e-16
1.3063e+14	-3.9196e-17	1.4107e-16
1.3079e+14	9.6328e-17	1.3997e-16
1.3095e+14	2.6053e-17	1.5005e-16
1.3111e+14	-6.8375e-17	1.3009e-16
1.3127e+14	5.9115e-17	1.3166e-16
1.3143e+14	7.6013e-17	1.5824e-16
1.3159e+14	-6.0653e-17	1.4287e-16
1.3175e+14	4.9416e-18	1.1704e-16
1.319e+14	9.7555e-17	1.3436e-16
1.3206e+14	-2.6371e-17	1.4271e-16
1.3222e+14	-4.1212e-17	1.2314e-16
1.3238e+14	9.2856e-17	1.2489e-16
1.3254e+14	2.5059e-17	1.2648e-16
1.327e+14	-6.724e-17	1.0835e-16
1.3286e+14	5.7374e-17	1.2475e-16
1.3302e+14	7.2971e-17	1.4952e-16
1.3317e+14	-6.1003e-17	1.1497e-16
1.3333e+14	5.0658e-18	8.9746e-17
1.3349e+14	9.6565e-17	1.2841e-16
1.3365e+14	-2.6502e-17	1.41e-16
1.3381e+14	-4.1873e-17	1.1213e-16
1.3397e+14	9.0551e-17	1.245e-16
1.3413e+14	2.4759e-17	1.3885e-16
1.3429e+14	-6.5502e-17	1.018e-16
1.3444e+14	5.7213e-17	9.9365e-17
1.346e+14	7.217e-17	1.4354e-16
1.3476e+14	-6.0286e-17	1.3155e-16
1.3492e+14	4.7388e-18	9.7325e-17
1.3508e+14	9.602e-17	1.2569e-16
1.3524e+14	-2.3772e-17	1.4303e-16
1.354e+14	-3.9397e-17	1.0529e-16
1.3556e+14	8.9396e-17	1.0387e-16
1.3571e+14	2.4498e-17	1.3368e-16
1.3587e+14	-6.4168e-17	1.1435e-16
1.3603e+14	5.4724e-17	9.4261e-17
1.3619e+14	6.83e-17	1.2154e-16
1.3635e+14	-5.9418e-17	1.2564e-16
1.3651e+14	6.5245e-18	9.915e-17
1.3667e+14	9.3666e-17	1.0716e-16
1.3683e+14	-2.6336e-17	1.2348e-16
1.3698e+14	-3.9231e-17	1.1323e-16
1.3714e+14	8.9402e-17	1.1736e-16
1.373e+14	2.3912e-17	1.268e-16
1.3746e+14	-6.3786e-17	1.0631e-16
1.3762e+14	5.4924e-17	1.0335e-16
1.3778e+14	6.818e-17	1.2945e-16
1.3794e+14	-5.8345e-17	1.1872e-16
1.381e+14	7.7623e-18	9.1603e-17
1.3825e+14	9.3701e-17	1.0709e-16
1.3841e+14	-2.6887e-17	1.1956e-16
1.3857e+14	-4.0283e-17	1.0121e-16
1.3873e+14	8.8169e-17	1.0655e-16
1.3889e+14	2.3497e-17	1.1921e-16
1.3905e+14	-6.478e-17	9.5093e-17
1.3921e+14	5.2753e-17	9.0529e-17
1.3937e+14	6.7835e-17	1.2329e-16
1.3952e+14	-5.7645e-17	1.1668e-16
1.3968e+14	5.1811e-18	8.6681e-17
1.3984e+14	9.0602e-17	1.027e-16
1.4e+14	-2.5671e-17	1.1702e-16
1.4016e+14	-3.9348e-17	9.1273e-17
1.4032e+14	8.478e-17	9.437e-17
1.4048e+14	2.1704e-17	1.2453e-16
1.4063e+14	-6.2648e-17	1.0881e-16
1.4079e+14	5.2503e-17	8.0073e-17
1.4095e+14	6.4832e-17	9.3844e-17
1.4111e+14	-5.789e-17	1.0596e-16
1.4127e+14	6.5818e-18	9.7465e-17
1.4143e+14	9.0304e-17	1.0806e-16
1.4159e+14	-2.5119e-17	1.187e-16
1.4175e+14	-3.6682e-17	1.0467e-16
1.419e+14	8.5961e-17	1.0324e-16
1.4206e+14	2.0471e-17	1.1147e-16
1.4222e+14	-6.3608e-17	9.4291e-17
1.4238e+14	5.317e-17	8.5969e-17
1.4254e+14	6.6837e-17	1.0891e-16
1.427e+14	-5.5578e-17	1.1441e-16
1.4286e+14	8.4626e-18	1.028e-16
1.4302e+14	9.296e-17	1.1624e-16
1.4317e+14	-2.193e-17	1.2651e-16
1.4333e+14	-3.618e-17	1.0725e-16
1.4349e+14	8.453e-17	1.0114e-16
1.4365e+14	2.1603e-17	1.1355e-16
1.4381e+14	-6.103e-17	1.0854e-16
1.4397e+14	5.3236e-17	1.037e-16
1.4413e+14	6.5973e-17	1.1508e-16
1.4429e+14	-5.606e-17	1.1142e-16
1.4444e+14	5.4176e-18	1.0066e-16
1.446e+14	8.9099e-17	1.1168e-16
1.4476e+14	-2.1823e-17	1.1639e-16
1.4492e+14	-3.4887e-17	1.0131e-16
1.4508e+14	8.2689e-17	1.0166e-16
1.4524e+14	1.9677e-17	1.0868e-16
1.454e+14	-6.1113e-17	9.5312e-17
1.4556e+14	5.1809e-17	9.0517e-17
1.4571e+14	6.424e-17	1.0539e-16
1.4587e+14	-5.4583e-17	1.0765e-16
1.4603e+14	7.3717e-18	1.0726e-16
1.4619e+14	8.7996e-17	1.1905e-16
1.4635e+14	-2.3858e-17	1.0998e-16
1.4651e+14	-3.5725e-17	9.099e-17
1.4667e+14	8.2561e-17	1.0671e-16
1.4683e+14	2.0355e-17	1.2221e-16
1.4698e+14	-6.0145e-17	1.0334e-16
1.4714e+14	5.202e-17	1.0405e-16
1.473e+14	6.4716e-17	1.2948e-16
1.4746e+14	-5.4065e-17	1.1337e-16
1.4762e+14	5.7883e-18	8.1227e-17
1.4778e+14	8.632e-17	9.8018e-17
1.4794e+14	-2.2643e-17	1.2025e-16
1.481e+14	-3.4864e-17	1.0379e-16
1.4825e+14	8.0723e-17	9.6967e-17
1.4841e+14	2.0151e-17	1.1309e-16
1.4857e+14	-5.7908e-17	1.1085e-16
1.4873e+14	5.1325e-17	1.0036e-16
1.4889e+14	6.095e-17	1.0081e-16
1.4905e+14	-5.6262e-17	9.1918e-17
1.4921e+14	4.9305e-18	8.7023e-17
1.4937e+14	8.4707e-17	1.0824e-16
1.4952e+14	-2.3169e-17	1.1807e-16
1.4968e+14	-3.3239e-17	1.0204e-16
1.4984e+14	8.2312e-17	1.0113e-16
1.5e+14	2.0483e-17	1.1043e-16
1.5016e+14	-5.8296e-17	1.005e-16
1.5032e+14	5.1327e-17	9.5903e-17
1.5048e+14	6.2729e-17	1.064e-16
1.5063e+14	-5.3401e-17	9.9931e-17
1.5079e+14	6.7042e-18	8.9594e-17
1.5095e+14	8.5557e-17	1.0155e-16
1.5111e+14	-2.2819e-17	1.0782e-16
1.5127e+14	-3.4929e-17	9.8748e-17
1.5143e+14	7.9619e-17	9.8121e-17
1.5159e+14	1.9406e-17	9.0227e-17
1.5175e+14	-5.9436e-17	7.3942e-17
1.519e+14	4.91e-17	9.5542e-17
1.5206e+14	6.3454e-17	1.3092e-16
1.5222e+14	-5.0011e-17	1.1482e-16
1.5238e+14	6.8829e-18	8.8016e-17
1.5254e+14	8.3262e-17	1.0695e-16
1.527e+14	-2.2697e-17	1.1817e-16
1.5286e+14	-3.4736e-17	9.1936e-17
1.5302e+14	7.6989e-17	8.5056e-17
1.5317e+14	1.8066e-17	9.7484e-17
1.5333e+14	-5.8607e-17	8.758e-17
1.5349e+14	4.7165e-17	8.4257e-17
1.5365e+14	5.9462e-17	1.0548e-16
1.5381e+14	-5.1514e-17	1.0782e-16
1.5397e+14	7.0295e-18	9.7168e-17
1.5413e+14	8.3417e-17	1.0713e-16
1.5429e+14	-2.1206e-17	1.0727e-16
1.5444e+14	-3.3617e-17	8.6139e-17
1.546e+14	7.552e-17	8.7104e-17
1.5476e+14	1.7426e-17	9.754e-17
1.5492e+14	-5.629e-17	8.3155e-17
1.5508e+14	4.86e-17	8.0614e-17
1.5524e+14	5.8414e-17	1.019e-16
1.554e+14	-5.2268e-17	9.7799e-17
1.5556e+14	7.151e-18	8.4204e-17
1.5571e+14	8.3083e-17	1.0463e-16
1.5587e+14	-2.1936e-17	1.1418e-16
1.5603e+14	-3.4335e-17	8.4923e-17
1.5619e+14	7.6015e-17	7.898e-17
1.5635e+14	2.0462e-17	1.0554e-16
1.5651e+14	-5.3448e-17	1.0438e-16
1.5667e+14	4.7782e-17	8.2591e-17
1.5683e+14	5.6454e-17	8.2279e-17
1.5698e+14	-5.1954e-17	9.1096e-17
1.5714e+14	7.6623e-18	9.8023e-17
1.573e+14	8.1958e-17	1.1154e-16
1.5746e+14	-2.2359e-17	1.1036e-16
1.5762e+14	-3.2769e-17	9.351e-17
1.5778e+14	7.8183e-17	9.8973e-17
1.5794e+14	2.1786e-17	1.1504e-16
1.581e+14	-5.3872e-17	1.0506e-16
1.5825e+14	4.7226e-17	9.4819e-17
1.5841e+14	5.8933e-17	1.0776e-16
1.5857e+14	-4.8649e-17	1.1088e-16
1.5873e+14	6.7153e-18	9.8125e-17
1.5889e+14	7.9076e-17	9.6908e-17
1.5905e+14	-2.2334e-17	9.7753e-17
1.5921e+14	-3.301e-17	9.0455e-17
1.5937e+14	7.4337e-17	9.5363e-17
1.5952e+14	1.9135e-17	1.0466e-16
1.5968e+14	-5.2764e-17	9.7329e-17
1.5984e+14	4.741e-17	9.097e-17
1.6e+14	5.6906e-17	9.4077e-17
1.6016e+14	-4.9425e-17	8.8878e-17
1.6032e+14	6.9169e-18	8.6314e-17
1.6048e+14	7.8208e-17	9.7269e-17
1.6063e+14	-2.2934e-17	9.7117e-17
1.6079e+14	-3.2473e-17	8.7595e-17
1.6095e+14	7.4288e-17	9.2476e-17
1.6111e+14	1.7865e-17	9.3472e-17
1.6127e+14	-5.4353e-17	8.0607e-17
1.6143e+14	4.6152e-17	8.5109e-17
1.6159e+14	5.6001e-17	9.6884e-17
1.6175e+14	-5.0979e-17	8.565e-17
1.619e+14	4.7233e-18	8.3936e-17
1.6206e+14	7.7897e-17	1.0642e-16
1.6222e+14	-2.1325e-17	1.0142e-16
1.6238e+14	-3.2624e-17	7.5252e-17
1.6254e+14	7.2736e-17	8.3799e-17
1.627e+14	1.8958e-17	1.0171e-16
1.6286e+14	-5.1452e-17	9.2094e-17
1.6302e+14	4.8122e-17	9.8302e-17
1.6317e+14	5.8878e-17	1.2383e-16
1.6333e+14	-4.7236e-17	1.0971e-16
1.6349e+14	4.8598e-18	7.8197e-17
1.6365e+14	7.5194e-17	8.6659e-17
1.6381e+14	-2.1772e-17	1.0276e-16
1.6397e+14	-3.1445e-17	9.4615e-17
1.6413e+14	7.2477e-17	9.432e-17
1.6429e+14	1.8393e-17	9.8286e-17
1.6444e+14	-5.2102e-17	8.509e-17
1.646e+14	4.5221e-17	8.7903e-17
1.6476e+14	5.5116e-17	1.0587e-16
1.6492e+14	-4.9279e-17	9.0324e-17
1.6508e+14	4.3285e-18	7.2265e-17
1.6524e+14	7.7038e-17	1.04e-16
1.654e+14	-1.7134e-17	1.3063e-16
1.6556e+14	-2.8618e-17	1.05e-16
1.6571e+14	7.1369e-17	8.391e-17
1.6587e+14	1.8585e-17	9.6526e-17
1.6603e+14	-4.8578e-17	1.033e-16
1.6619e+14	4.7541e-17	9.905e-17
1.6635e+14	5.5482e-17	9.7614e-17
1.6651e+14	-4.7428e-17	8.9617e-17
1.6667e+14	6.9911e-18	9.0546e-17
1.6683e+14	7.7534e-17	1.091e-16
1.6698e+14	-1.8735e-17	1.0411e-16
1.6714e+14	-3.0545e-17	8.0844e-17
1.673e+14	7.0761e-17	9.4704e-17
1.6746e+14	1.9207e-17	1.1934e-16
1.6762e+14	-4.9757e-17	9.9683e-17
1.6778e+14	4.4338e-17	7.9821e-17
1.6794e+14	5.5164e-17	9.9296e-17
1.681e+14	-4.4889e-17	1.0631e-16
1.6825e+14	5.8953e-18	8.6851e-17
1.6841e+14	7.305e-17	8.9743e-17
1.6857e+14	-1.9821e-17	1.0715e-16
1.6873e+14	-2.8353e-17	1.0618e-16
1.6889e+14	7.1362e-17	1.0376e-16
1.6905e+14	1.8878e-17	1.0374e-16
1.6921e+14	-4.9066e-17	9.0073e-17
1.6937e+14	4.3956e-17	8.9515e-17
1.6952e+14	5.3373e-17	1.1184e-16
1.6968e+14	-4.5404e-17	1.1389e-16
1.6984e+14	7.0438e-18	9.6945e-17
1.7e+14	7.4422e-17	9.8468e-17
1.7016e+14	-1.9379e-17	9.995e-17
1.7032e+14	-3.0065e-17	8.3521e-17
1.7048e+14	6.867e-17	8.338e-17
1.7063e+14	1.8179e-17	9.6696e-17
1.7079e+14	-4.8481e-17	8.9666e-17
1.7095e+14	4.3724e-17	8.5437e-17
1.7111e+14	5.3656e-17	1.0107e-16
1.7127e+14	-4.507e-17	9.5216e-17
1.7143e+14	4.1957e-18	7.2775e-17
1.7159e+14	7.1478e-17	8.4614e-17
1.7175e+14	-1.6717e-17	1.1075e-16
1.719e+14	-2.5382e-17	1.0694e-16
1.7206e+14	6.9509e-17	9.6996e-17
1.7222e+14	1.8253e-17	1.009e-16
1.7238e+14	-4.6089e-17	9.5357e-17
1.7254e+14	4.4544e-17	8.6109e-17
1.727e+14	5.2425e-17	8.9842e-17
1.7286e+14	-4.3617e-17	8.7098e-17
1.7302e+14	7.4092e-18	7.9336e-17
1.7317e+14	7.1488e-17	9.08e-17
1.7333e+14	-1.9559e-17	1.0047e-16
1.7349e+14	-2.7812e-17	8.8767e-17
1.7365e+14	6.824e-17	8.8625e-17
1.7381e+14	1.806e-17	1.0501e-16
1.7397e+14	-4.5597e-17	1.0051e-16
1.7413e+14	4.4013e-17	8.4927e-17
1.7429e+14	5.0648e-17	9.084e-17
1.7444e+14	-4.4692e-17	1.0123e-16
1.746e+14	7.7337e-18	9.7243e-17
1.7476e+14	7.2069e-17	9.3198e-17
1.7492e+14	-1.9696e-17	9.0513e-17
1.7508e+14	-2.8458e-17	8.7109e-17
1.7524e+14	6.8492e-17	9.774e-17
1.754e+14	1.9479e-17	1.0802e-16
1.7556e+14	-4.5271e-17	9.2865e-17
1.7571e+14	4.2823e-17	7.9339e-17
1.7587e+14	5.0697e-17	9.1944e-17
1.7603e+14	-4.392e-17	9.7667e-17
1.7619e+14	5.8437e-18	8.2778e-17
1.7635e+14	6.9351e-17	8.1135e-17
1.7651e+14	-1.9084e-17	9.5006e-17
1.7667e+14	-2.6629e-17	9.6953e-17
1.7683e+14	6.7792e-17	9.1302e-17
1.7698e+14	1.8096e-17	9.341e-17
1.7714e+14	-4.4762e-17	1.0007e-16
1.773e+14	4.4513e-17	1.0926e-16
1.7746e+14	5.2894e-17	1.1344e-16
1.7762e+14	-4.1951e-17	9.8788e-17
1.7778e+14	6.2097e-18	8.2405e-17
1.7794e+14	6.9644e-17	8.8444e-17
1.781e+14	-1.7102e-17	9.8512e-17
1.7825e+14	-2.5931e-17	9.3292e-17
1.7841e+14	6.556e-17	9.0902e-17
1.7857e+14	1.6921e-17	9.7937e-17
1.7873e+14	-4.3929e-17	9.6557e-17
1.7889e+14	4.3025e-17	8.8134e-17
1.7905e+14	4.9265e-17	8.4091e-17
1.7921e+14	-4.3127e-17	8.3295e-17
1.7937e+14	7.2899e-18	8.9632e-17
1.7952e+14	6.9495e-17	1.0177e-16
1.7968e+14	-1.8317e-17	1.0063e-16
1.7984e+14	-2.593e-17	9.0176e-17
1.8e+14	6.7087e-17	9.4289e-17
1.8016e+14	1.8367e-17	1.018e-16
1.8032e+14	-4.4368e-17	9.1495e-17
1.8048e+14	4.1328e-17	8.2138e-17
1.8063e+14	4.9171e-17	8.8842e-17
1.8079e+14	-4.1674e-17	9.2616e-17
1.8095e+14	7.2824e-18	8.8644e-17
1.8111e+14	6.8275e-17	8.9831e-17
1.8127e+14	-1.8507e-17	9.0296e-17
1.8143e+14	-2.6389e-17	8.5175e-17
1.8159e+14	6.5024e-17	8.4402e-17
1.8175e+14	1.7018e-17	8.4446e-17
1.819e+14	-4.4346e-17	8.0294e-17
1.8206e+14	4.0473e-17	8.3496e-17
1.8222e+14	4.7876e-17	9.0306e-17
1.8238e+14	-4.1586e-17	8.6403e-17
1.8254e+14	7.6605e-18	8.3701e-17
1.827e+14	6.7926e-17	9.0898e-17
1.8286e+14	-1.8621e-17	8.9757e-17
1.8302e+14	-2.6604e-17	8.0351e-17
1.8317e+14	6.3923e-17	7.9446e-17
1.8333e+14	1.6206e-17	7.8133e-17
1.8349e+14	-4.4274e-17	7.169e-17
1.8365e+14	4.0783e-17	7.8709e-17
1.8381e+14	4.8868e-17	9.021e-17
1.8397e+14	-4.0148e-17	8.4729e-17
1.8413e+14	7.7659e-18	8.1205e-17
1.8429e+14	6.712e-17	9.0352e-17
1.8444e+14	-1.8658e-17	8.4201e-17
1.846e+14	-2.6821e-17	6.9205e-17
1.8476e+14	6.2677e-17	7.8024e-17
1.8492e+14	1.544e-17	8.898e-17
1.8508e+14	-4.4527e-17	7.4139e-17
1.8524e+14	3.9882e-17	6.6136e-17
1.854e+14	4.8322e-17	8.2635e-17
1.8556e+14	-4.0196e-17	8.9093e-17
1.8571e+14	6.069e-18	7.8764e-17
1.8587e+14	6.4446e-17	7.5225e-17
1.8603e+14	-1.975e-17	7.3859e-17
1.8619e+14	-2.7236e-17	6.8796e-17
1.8635e+14	6.1505e-17	7.3038e-17
1.8651e+14	1.4714e-17	7.717e-17
1.8667e+14	-4.5384e-17	6.8476e-17
1.8683e+14	3.6982e-17	6.5013e-17
1.8698e+14	4.5235e-17	7.0416e-17
1.8714e+14	-4.144e-17	6.6711e-17
1.873e+14	4.8125e-18	6.4967e-17
1.8746e+14	6.2785e-17	7.667e-17
1.8762e+14	-1.9653e-17	7.7464e-17
1.8778e+14	-2.6697e-17	6.4784e-17
1.8794e+14	6.0031e-17	6.686e-17
1.881e+14	1.3451e-17	7.6344e-17
1.8825e+14	-4.3921e-17	7.158e-17
1.8841e+14	3.9432e-17	6.7767e-17
1.8857e+14	4.6851e-17	7.3642e-17
1.8873e+14	-4.0411e-17	7.2521e-17
1.8889e+14	5.2031e-18	6.9904e-17
1.8905e+14	6.2749e-17	7.599e-17
1.8921e+14	-1.9218e-17	7.4132e-17
1.8937e+14	-2.6076e-17	6.4928e-17
1.8952e+14	6.0411e-17	6.7731e-17
1.8968e+14	1.4092e-17	7.1465e-17
1.8984e+14	-4.3618e-17	6.6035e-17
1.9e+14	3.8605e-17	7.1054e-17
1.9016e+14	4.5991e-17	7.9402e-17
1.9032e+14	-4.0915e-17	6.6672e-17
1.9048e+14	4.1739e-18	5.6194e-17
1.9063e+14	6.2393e-17	6.9884e-17
1.9079e+14	-1.7888e-17	7.6387e-17
1.9095e+14	-2.5406e-17	6.6085e-17
1.9111e+14	5.9645e-17	6.9723e-17
1.9127e+14	1.4339e-17	7.8443e-17
1.9143e+14	-4.3043e-17	6.6517e-17
1.9159e+14	3.6893e-17	5.6295e-17
1.9175e+14	4.404e-17	6.4335e-17
1.919e+14	-4.0433e-17	6.7117e-17
1.9206e+14	4.8027e-18	6.2741e-17
1.9222e+14	6.1308e-17	6.6646e-17
1.9238e+14	-1.9091e-17	6.5607e-17
1.9254e+14	-2.6632e-17	5.5348e-17
1.927e+14	5.7459e-17	5.6825e-17
1.9286e+14	1.2717e-17	6.4658e-17
1.9302e+14	-4.3501e-17	6.28e-17
1.9317e+14	3.5779e-17	6.4164e-17
1.9333e+14	4.2545e-17	7.0451e-17
1.9349e+14	-4.0745e-17	6.3457e-17
1.9365e+14	4.6262e-18	5.4355e-17
1.9381e+14	6.0278e-17	5.8819e-17
1.9397e+14	-1.9583e-17	6.0034e-17
1.9413e+14	-2.618e-17	5.5225e-17
1.9429e+14	5.7606e-17	6.0714e-17
1.9444e+14	1.2242e-17	6.2034e-17
1.946e+14	-4.4242e-17	4.7902e-17
1.9476e+14	3.5126e-17	4.5217e-17
1.9492e+14	4.2404e-17	5.6646e-17
1.9508e+14	-4.1282e-17	5.4375e-17
1.9524e+14	2.83e-18	4.803e-17
1.954e+14	5.9257e-17	5.6798e-17
1.9556e+14	-1.8565e-17	5.974e-17
1.9571e+14	-2.5922e-17	4.9918e-17
1.9587e+14	5.5866e-17	5.0117e-17
1.9603e+14	1.1181e-17	5.2847e-17
1.9619e+14	-4.4357e-17	4.3515e-17
1.9635e+14	3.3777e-17	4.3356e-17
1.9651e+14	4.1016e-17	5.5281e-17
1.9667e+14	-4.0772e-17	5.3013e-17
1.9683e+14	3.5294e-18	4.5671e-17
1.9698e+14	5.8828e-17	5.2762e-17
1.9714e+14	-1.9091e-17	5.3423e-17
1.973e+14	-2.6847e-17	3.9696e-17
1.9746e+14	5.4191e-17	3.7784e-17
1.9762e+14	1.0701e-17	4.597e-17
1.9778e+14	-4.3415e-17	4.5377e-17
1.9794e+14	3.3828e-17	4.5555e-17
1.981e+14	4.0162e-17	4.9737e-17
1.9825e+14	-4.096e-17	4.3856e-17
1.9841e+14	3.3623e-18	3.8888e-17
1.9857e+14	5.7702e-17	4.4979e-17
1.9873e+14	-2.0656e-17	4.2828e-17
1.9889e+14	-2.859e-17	3.4385e-17
1.9905e+14	5.265e-17	4.0723e-17
1.9921e+14	1.0245e-17	4.694e-17
1.9937e+14	-4.3583e-17	3.832e-17
1.9952e+14	3.2761e-17	3.6849e-17
1.9968e+14	3.9042e-17	4.2903e-17
1.9984e+14	-4.1983e-17	3.5276e-17
2e+14	1.1839e-18	3.0428e-17
2.0016e+14	5.5662e-17	4.1084e-17
2.0032e+14	-2.0414e-17	3.8843e-17
2.0048e+14	-2.7453e-17	2.5856e-17
2.0063e+14	5.2915e-17	3.401e-17
2.0079e+14	1.0302e-17	4.544e-17
2.0095e+14	-4.411e-17	3.4333e-17
2.0111e+14	3.0902e-17	2.8272e-17
2.0127e+14	3.8082e-17	3.818e-17
2.0143e+14	-4.0967e-17	3.588e-17
2.0159e+14	1.3572e-18	2.9142e-17
2.0175e+14	5.4088e-17	3.7811e-17
2.019e+14	-2.1506e-17	3.9175e-17
2.0206e+14	-2.7994e-17	2.8632e-17
2.0222e+14	5.179e-17	3.449e-17
2.0238e+14	9.5235e-18	4.2928e-17
2.0254e+14	-4.4321e-17	2.9498e-17
2.027e+14	3.0101e-17	2.2311e-17
2.0286e+14	3.7246e-17	3.4328e-17
2.0302e+14	-4.1381e-17	3.3462e-17
2.0317e+14	1.4659e-19	2.3316e-17
2.0333e+14	5.2871e-17	3.0006e-17
2.0349e+14	-2.1008e-17	3.4868e-17
2.0365e+14	-2.7662e-17	2.4481e-17
2.0381e+14	5.0141e-17	2.4019e-17
2.0397e+14	8.174e-18	3.1109e-17
2.0413e+14	-4.4096e-17	2.4989e-17
2.0429e+14	2.9907e-17	2.2349e-17
2.0444e+14	3.6407e-17	3.1604e-17
2.046e+14	-4.1438e-17	2.8585e-17
2.0476e+14	2.0033e-19	1.9622e-17
2.0492e+14	5.2169e-17	2.5846e-17
2.0508e+14	-2.1835e-17	2.8508e-17
2.0524e+14	-2.8676e-17	1.8379e-17
2.054e+14	4.885e-17	1.9812e-17
2.0556e+14	7.5741e-18	2.6382e-17
2.0571e+14	-4.4456e-17	1.7862e-17
2.0587e+14	2.8772e-17	1.5251e-17
2.0603e+14	3.5806e-17	2.7425e-17
2.0619e+14	-4.093e-17	2.5694e-17
2.0635e+14	-2.4836e-19	1.5071e-17
2.0651e+14	5.0808e-17	2.1018e-17
2.0667e+14	-2.1838e-17	2.5739e-17
2.0683e+14	-2.796e-17	1.581e-17
2.0698e+14	4.8521e-17	1.6114e-17
2.0714e+14	7.2738e-18	2.4334e-17
2.073e+14	-4.4008e-17	1.75e-17
2.0746e+14	2.8568e-17	1.2586e-17
2.0762e+14	3.5046e-17	2.3202e-17
2.0778e+14	-4.1185e-17	2.3953e-17
2.0794e+14	-6.9276e-19	1.3701e-17
2.081e+14	4.9886e-17	1.6399e-17
2.0825e+14	-2.2281e-17	2.179e-17
2.0841e+14	-2.8418e-17	1.6496e-17
2.0857e+14	4.7399e-17	1.7678e-17
2.0873e+14	6.7629e-18	2.3645e-17
2.0889e+14	-4.3561e-17	1.6634e-17
2.0905e+14	2.8618e-17	1.1265e-17
2.0921e+14	3.4665e-17	1.948e-17
2.0937e+14	-4.1437e-17	2.099e-17
2.0952e+14	-1.4203e-18	1.3937e-17
2.0968e+14	4.897e-17	1.5492e-17
2.0984e+14	-2.2341e-17	1.7628e-17
2.1e+14	-2.8273e-17	1.3683e-17
2.1016e+14	4.7093e-17	1.7378e-17
2.1032e+14	6.6922e-18	2.1598e-17
2.1048e+14	-4.3969e-17	1.2739e-17
2.1063e+14	2.6884e-17	8.3425e-18
2.1079e+14	3.3097e-17	1.5481e-17
2.1095e+14	-4.1612e-17	1.4326e-17
2.1111e+14	-1.3746e-18	9.9915e-18
2.1127e+14	4.8985e-17	1.7256e-17
2.1143e+14	-2.1671e-17	1.8382e-17
2.1159e+14	-2.8171e-17	7.8519e-18
2.1175e+14	4.6046e-17	9.6797e-18
2.119e+14	6.286e-18	1.8469e-17
2.1206e+14	-4.3632e-17	1.3229e-17
2.1222e+14	2.6498e-17	8.9079e-18
2.1238e+14	3.2944e-17	1.6152e-17
2.1254e+14	-4.053e-17	1.5652e-17
2.127e+14	-8.5952e-19	1.0042e-17
2.1286e+14	4.831e-17	1.5394e-17
2.1302e+14	-2.1828e-17	1.7342e-17
2.1317e+14	-2.782e-17	9.1607e-18
2.1333e+14	4.5944e-17	1.0885e-17
2.1349e+14	6.5398e-18	1.7501e-17
2.1365e+14	-4.2781e-17	1.2128e-17
2.1381e+14	2.6778e-17	1.0186e-17
2.1397e+14	3.2749e-17	1.8005e-17
2.1413e+14	-4.0739e-17	1.4456e-17
2.1429e+14	-1.6595e-18	6.2451e-18
2.1444e+14	4.7516e-17	1.2825e-17
2.146e+14	-2.1554e-17	1.7101e-17
2.1476e+14	-2.7635e-17	8.7511e-18
2.1492e+14	4.5197e-17	9.3582e-18
2.1508e+14	6.1916e-18	1.6232e-17
2.1524e+14	-4.2608e-17	1.0454e-17
2.154e+14	2.6474e-17	6.1743e-18
2.1556e+14	3.2883e-17	1.3366e-17
2.1571e+14	-3.9736e-17	1.2657e-17
2.1587e+14	-1.556e-18	6.6432e-18
2.1603e+14	4.6795e-17	1.2274e-17
2.1619e+14	-2.1338e-17	1.5251e-17
2.1635e+14	-2.7264e-17	6.9976e-18
2.1651e+14	4.4547e-17	7.8246e-18
2.1667e+14	5.9567e-18	1.5248e-17
2.1683e+14	-4.207e-17	1.0945e-17
2.1698e+14	2.5996e-17	6.9461e-18
2.1714e+14	3.158e-17	1.2387e-17
2.173e+14	-4.0382e-17	1.0663e-17
2.1746e+14	-1.8807e-18	5.3429e-18
2.1762e+14	4.6378e-17	1.1331e-17
2.1778e+14	-2.1408e-17	1.4556e-17
2.1794e+14	-2.7562e-17	7.9848e-18
2.181e+14	4.3811e-17	9.7686e-18
2.1825e+14	5.9238e-18	1.5038e-17
2.1841e+14	-4.1761e-17	8.3889e-18
2.1857e+14	2.5503e-17	5.3964e-18
2.1873e+14	3.1399e-17	1.3251e-17
2.1889e+14	-3.9581e-17	1.1908e-17
2.1905e+14	-1.9116e-18	5.4131e-18
2.1921e+14	4.5306e-17	1.0404e-17
2.1937e+14	-2.1718e-17	1.2574e-17
2.1952e+14	-2.745e-17	4.9915e-18
2.1968e+14	4.3283e-17	7.2309e-18
2.1984e+14	5.8314e-18	1.4072e-17
2.2e+14	-4.105e-17	7.9948e-18
2.2016e+14	2.5744e-17	4.4401e-18
2.2032e+14	3.1403e-17	1.2366e-17
2.2048e+14	-3.9035e-17	1.1875e-17
2.2063e+14	-1.5836e-18	5.7246e-18
2.2079e+14	4.5418e-17	1.0553e-17
2.2095e+14	-2.0942e-17	1.2745e-17
2.2111e+14	-2.6891e-17	5.0238e-18
2.2127e+14	4.2872e-17	6.7737e-18
2.2143e+14	5.6681e-18	1.3593e-17
2.2159e+14	-4.0907e-17	8.1096e-18
2.2175e+14	2.5074e-17	4.8351e-18
2.219e+14	3.095e-17	1.2274e-17
2.2206e+14	-3.8161e-17	1.0882e-17
2.2222e+14	-8.8575e-19	4.0827e-18
2.2238e+14	4.5123e-17	9.2733e-18
2.2254e+14	-2.1048e-17	1.2525e-17
2.227e+14	-2.6751e-17	4.8932e-18
2.2286e+14	4.2654e-17	5.3564e-18
2.2302e+14	5.649e-18	1.1377e-17
2.2317e+14	-4.0804e-17	6.6771e-18
2.2333e+14	2.4652e-17	4.6694e-18
2.2349e+14	3.0746e-17	1.2749e-17
2.2365e+14	-3.7952e-17	1.1226e-17
2.2381e+14	-1.408e-18	3.7704e-18
2.2397e+14	4.4623e-17	8.7989e-18
2.2413e+14	-2.0183e-17	1.3275e-17
2.2429e+14	-2.6223e-17	7.0699e-18
2.2444e+14	4.1556e-17	7.4376e-18
2.246e+14	5.0446e-18	1.2302e-17
2.2476e+14	-4.0133e-17	6.6494e-18
2.2492e+14	2.4542e-17	3.9037e-18
2.2508e+14	2.9708e-17	1.1491e-17
2.2524e+14	-3.8462e-17	1.0304e-17
2.254e+14	-1.7925e-18	3.6512e-18
2.2556e+14	4.3863e-17	9.1798e-18
2.2571e+14	-2.052e-17	1.3796e-17
2.2587e+14	-2.6356e-17	6.9855e-18
2.2603e+14	4.1057e-17	5.8528e-18
2.2619e+14	4.9797e-18	1.0371e-17
2.2635e+14	-3.969e-17	6.9906e-18
2.2651e+14	2.4559e-17	6.2974e-18
2.2667e+14	2.9795e-17	1.2649e-17
2.2683e+14	-3.7825e-17	9.0248e-18
2.2698e+14	-1.7913e-18	1.924e-18
2.2714e+14	4.3189e-17	7.5512e-18
2.273e+14	-2.0431e-17	1.0846e-17
2.2746e+14	-2.5692e-17	3.9809e-18
2.2762e+14	4.1405e-17	6.0543e-18
2.2778e+14	5.3647e-18	1.2865e-17
2.2794e+14	-3.9564e-17	7.3149e-18
2.281e+14	2.3631e-17	3.9931e-18
2.2825e+14	2.8911e-17	1.1747e-17
2.2841e+14	-3.7629e-17	1.0528e-17
2.2857e+14	-1.537e-18	2.6926e-18
2.2873e+14	4.3073e-17	6.819e-18
2.2889e+14	-2.0277e-17	1.0846e-17
2.2905e+14	-2.5845e-17	4.5792e-18
2.2921e+14	4.0697e-17	5.2424e-18
2.2937e+14	5.3917e-18	1.1096e-17
2.2952e+14	-3.894e-17	5.9991e-18
2.2968e+14	2.3593e-17	2.5449e-18
2.2984e+14	2.8926e-17	1.0059e-17
2.3e+14	-3.685e-17	1.0367e-17
2.3016e+14	-1.3147e-18	4.1638e-18
2.3032e+14	4.2652e-17	7.803e-18
2.3048e+14	-1.9869e-17	1.0691e-17
2.3063e+14	-2.5144e-17	4.3366e-18
2.3079e+14	4.0453e-17	5.1194e-18
2.3095e+14	5.0068e-18	1.0838e-17
2.3111e+14	-3.8865e-17	5.8713e-18
2.3127e+14	2.3498e-17	2.1203e-18
2.3143e+14	2.896e-17	8.43e-18
2.3159e+14	-3.6467e-17	7.9689e-18
2.3175e+14	-1.6363e-18	2.2707e-18
2.319e+14	4.1836e-17	6.9482e-18
2.3206e+14	-1.9944e-17	1.0918e-17
2.3222e+14	-2.5096e-17	5.5122e-18
2.3238e+14	3.99e-17	6.5196e-18
2.3254e+14	5.014e-18	1.1856e-17
2.327e+14	-3.8115e-17	6.7261e-18
2.3286e+14	2.3708e-17	3.0538e-18
2.3302e+14	2.8892e-17	9.4065e-18
2.3317e+14	-3.6051e-17	9.3055e-18
2.3333e+14	-1.5094e-18	4.1261e-18
2.3349e+14	4.1427e-17	8.6373e-18
2.3365e+14	-2.0151e-17	1.1821e-17
2.3381e+14	-2.5359e-17	5.705e-18
2.3397e+14	3.9612e-17	6.0628e-18
2.3413e+14	5.7483e-18	1.0862e-17
2.3429e+14	-3.7144e-17	6.1552e-18
2.3444e+14	2.3213e-17	3.8559e-18
2.346e+14	2.7839e-17	1.0781e-17
2.3476e+14	-3.6219e-17	9.2693e-18
2.3492e+14	-1.5305e-18	2.1442e-18
2.3508e+14	4.1301e-17	6.3704e-18
2.3524e+14	-1.9456e-17	1.0604e-17
2.354e+14	-2.461e-17	4.9813e-18
2.3556e+14	3.9146e-17	5.3968e-18
2.3571e+14	4.7305e-18	1.0992e-17
2.3587e+14	-3.7963e-17	6.5743e-18
2.3603e+14	2.2532e-17	2.8136e-18
2.3619e+14	2.7832e-17	9.1623e-18
2.3635e+14	-3.5641e-17	1.0045e-17
2.3651e+14	-1.5497e-18	4.9412e-18
2.3667e+14	4.104e-17	7.6367e-18
2.3683e+14	-1.8933e-17	9.4444e-18
2.3698e+14	-2.4319e-17	3.7915e-18
2.3714e+14	3.8543e-17	5.4512e-18
2.373e+14	4.6863e-18	1.1725e-17
2.3746e+14	-3.7259e-17	7.6201e-18
2.3762e+14	2.2684e-17	3.7428e-18
2.3778e+14	2.7868e-17	9.2613e-18
2.3794e+14	-3.5033e-17	9.5626e-18
2.381e+14	-1.4764e-18	4.5732e-18
2.3825e+14	4.0407e-17	7.3981e-18
2.3841e+14	-1.9076e-17	9.4507e-18
2.3857e+14	-2.4224e-17	4.1794e-18
2.3873e+14	3.8345e-17	5.2474e-18
2.3889e+14	4.9469e-18	1.0515e-17
2.3905e+14	-3.689e-17	7.141e-18
2.3921e+14	2.2124e-17	4.882e-18
2.3937e+14	2.7467e-17	9.9695e-18
2.3952e+14	-3.4355e-17	8.4362e-18
2.3968e+14	-1.1562e-18	3.2786e-18
2.3984e+14	3.9984e-17	7.5273e-18
2.4e+14	-1.8894e-17	1.0281e-17
2.4016e+14	-2.3851e-17	4.6845e-18
2.4032e+14	3.789e-17	5.4446e-18
2.4048e+14	4.8072e-18	1.0463e-17
2.4063e+14	-3.591e-17	6.7432e-18
2.4079e+14	2.3073e-17	4.5563e-18
2.4095e+14	2.7824e-17	1.021e-17
2.4111e+14	-3.4278e-17	9.0373e-18
2.4127e+14	-1.4825e-18	3.6333e-18
2.4143e+14	3.9727e-17	7.3776e-18
2.4159e+14	-1.838e-17	9.7551e-18
2.4175e+14	-2.3264e-17	3.7791e-18
2.419e+14	3.8016e-17	4.1336e-18
2.4206e+14	4.9693e-18	9.3408e-18
2.4222e+14	-3.627e-17	6.4497e-18
2.4238e+14	2.1636e-17	4.5136e-18
2.4254e+14	2.6929e-17	9.5089e-18
2.427e+14	-3.3849e-17	8.3244e-18
2.4286e+14	-1.457e-18	4.1293e-18
2.4302e+14	3.8978e-17	8.7468e-18
2.4317e+14	-1.8562e-17	1.1031e-17
2.4333e+14	-2.3332e-17	5.0343e-18
2.4349e+14	3.7254e-17	5.3602e-18
2.4365e+14	4.6811e-18	9.6578e-18
2.4381e+14	-3.5722e-17	5.788e-18
2.4397e+14	2.1783e-17	3.8023e-18
2.4413e+14	2.6798e-17	8.8273e-18
2.4429e+14	-3.3563e-17	7.3763e-18
2.4444e+14	-1.4255e-18	3.6616e-18
2.446e+14	3.8702e-17	8.8045e-18
2.4476e+14	-1.8319e-17	9.8556e-18
2.4492e+14	-2.3146e-17	2.3554e-18
2.4508e+14	3.6848e-17	3.6428e-18
2.4524e+14	4.7589e-18	9.6305e-18
2.454e+14	-3.517e-17	4.8731e-18
2.4556e+14	2.1468e-17	1.176e-18
2.4571e+14	2.5996e-17	7.1007e-18
2.4587e+14	-3.3696e-17	7.3847e-18
2.4603e+14	-1.2015e-18	3.0925e-18
2.4619e+14	3.8986e-17	7.4928e-18
2.4635e+14	-1.7835e-17	1.0611e-17
2.4651e+14	-2.3275e-17	5.3798e-18
2.4667e+14	3.5955e-17	5.8535e-18
2.4683e+14	4.4241e-18	1.019e-17
2.4698e+14	-3.4879e-17	6.0174e-18
2.4714e+14	2.1567e-17	3.4035e-18
2.473e+14	2.6606e-17	8.3704e-18
2.4746e+14	-3.2446e-17	6.9124e-18
2.4762e+14	-1.0053e-18	1.9582e-18
2.4778e+14	3.8254e-17	5.9908e-18
2.4794e+14	-1.757e-17	8.2486e-18
2.481e+14	-2.2235e-17	2.9655e-18
2.4825e+14	3.6511e-17	4.9144e-18
2.4841e+14	4.8884e-18	1.0479e-17
2.4857e+14	-3.4442e-17	5.7316e-18
2.4873e+14	2.1124e-17	2.1018e-18
2.4889e+14	2.5916e-17	7.6533e-18
2.4905e+14	-3.253e-17	7.5349e-18
2.4921e+14	-1.2543e-18	2.6999e-18
2.4937e+14	3.7745e-17	6.6169e-18
2.4952e+14	-1.7456e-17	1.042e-17
2.4968e+14	-2.2143e-17	6.421e-18
2.4984e+14	3.5881e-17	6.6682e-18
2.5e+14	4.6543e-18	9.8854e-18
2.5016e+14	-3.4029e-17	5.7918e-18
2.5032e+14	2.0951e-17	3.915e-18
2.5048e+14	2.5392e-17	8.7889e-18
2.5063e+14	-3.248e-17	7.2284e-18
2.5079e+14	-1.2237e-18	2.8894e-18
2.5095e+14	3.737e-17	7.0597e-18
2.5111e+14	-1.7594e-17	8.7198e-18
2.5127e+14	-2.2216e-17	3.0525e-18
2.5143e+14	3.555e-17	4.4101e-18
2.5159e+14	4.648e-18	8.9944e-18
2.5175e+14	-3.3902e-17	4.7277e-18
2.519e+14	2.0582e-17	3.102e-18
2.5206e+14	2.5226e-17	9.2294e-18
2.5222e+14	-3.2187e-17	7.8485e-18
2.5238e+14	-1.5002e-18	2.7608e-18
2.5254e+14	3.7014e-17	7.155e-18
2.527e+14	-1.6813e-17	9.2594e-18
2.5286e+14	-2.1511e-17	2.9911e-18
2.5302e+14	3.4856e-17	4.4536e-18
2.5317e+14	3.8092e-18	1.064e-17
2.5333e+14	-3.4043e-17	6.7343e-18
2.5349e+14	2.0309e-17	3.5501e-18
2.5365e+14	2.5068e-17	9.1372e-18
2.5381e+14	-3.1578e-17	8.3259e-18
2.5397e+14	-1.1026e-18	2.1829e-18
2.5413e+14	3.6556e-17	5.1235e-18
2.5429e+14	-1.7419e-17	8.4773e-18
2.5444e+14	-2.203e-17	4.1627e-18
2.546e+14	3.4644e-17	4.8874e-18
2.5476e+14	4.66e-18	9.3371e-18
2.5492e+14	-3.2919e-17	5.0642e-18
2.5508e+14	2.0232e-17	1.469e-18
2.5524e+14	2.4536e-17	6.3721e-18
2.554e+14	-3.1417e-17	6.9462e-18
2.5556e+14	-9.9389e-19	3.2784e-18
2.5571e+14	3.6387e-17	6.6864e-18
2.5587e+14	-1.6865e-17	9.4605e-18
2.5603e+14	-2.1112e-17	5.6203e-18
2.5619e+14	3.5017e-17	6.2496e-18
2.5635e+14	4.9852e-18	9.2779e-18
2.5651e+14	-3.2408e-17	5.0563e-18
2.5667e+14	2.0333e-17	3.0664e-18
2.5683e+14	2.4562e-17	7.8211e-18
2.5698e+14	-3.116e-17	6.8991e-18
2.5714e+14	-1.2719e-18	3.3762e-18
2.573e+14	3.5742e-17	7.314e-18
2.5746e+14	-1.7025e-17	8.4644e-18
2.5762e+14	-2.1453e-17	3.0511e-18
2.5778e+14	3.3947e-17	4.6674e-18
2.5794e+14	4.3341e-18	9.0177e-18
2.581e+14	-3.2336e-17	4.5291e-18
2.5825e+14	2.0168e-17	2.7161e-18
2.5841e+14	2.4407e-17	8.9964e-18
2.5857e+14	-3.0821e-17	8.5852e-18
2.5873e+14	-1.2915e-18	3.8917e-18
2.5889e+14	3.5268e-17	7.2283e-18
2.5905e+14	-1.6915e-17	9.147e-18
2.5921e+14	-2.0929e-17	4.29e-18
2.5937e+14	3.4183e-17	5.4413e-18
2.5952e+14	4.4998e-18	9.1357e-18
2.5968e+14	-3.2435e-17	4.5078e-18
2.5984e+14	1.945e-17	2.7284e-18
2.6e+14	2.4134e-17	8.4878e-18
2.6016e+14	-3.0054e-17	7.1844e-18
2.6032e+14	-6.7516e-19	2.339e-18
2.6048e+14	3.5307e-17	6.2954e-18
2.6063e+14	-1.6821e-17	8.1944e-18
2.6079e+14	-2.1229e-17	2.6996e-18
2.6095e+14	3.3202e-17	4.4236e-18
2.6111e+14	4.0042e-18	9.7764e-18
2.6127e+14	-3.2155e-17	5.5612e-18
2.6143e+14	1.9586e-17	2.7213e-18
2.6159e+14	2.4099e-17	7.9805e-18
2.6175e+14	-3.014e-17	7.0523e-18
2.619e+14	-1.247e-18	2.3481e-18
2.6206e+14	3.5022e-17	6.5611e-18
2.6222e+14	-1.591e-17	9.3439e-18
2.6238e+14	-2.0313e-17	4.2917e-18
2.6254e+14	3.326e-17	5.5618e-18
2.627e+14	4.3482e-18	1.0526e-17
2.6286e+14	-3.1409e-17	6.1163e-18
2.6302e+14	1.9558e-17	2.864e-18
2.6317e+14	2.3788e-17	8.0489e-18
2.6333e+14	-2.9807e-17	7.3175e-18
2.6349e+14	-1.0371e-18	2.0152e-18
2.6365e+14	3.4752e-17	5.435e-18
2.6381e+14	-1.5926e-17	8.4983e-18
2.6397e+14	-2.0375e-17	3.5417e-18
2.6413e+14	3.2685e-17	3.4861e-18
2.6429e+14	3.9868e-18	7.7053e-18
2.6444e+14	-3.1474e-17	4.3729e-18
2.646e+14	1.9169e-17	1.7273e-18
2.6476e+14	2.3623e-17	6.289e-18
2.6492e+14	-2.9436e-17	6.2971e-18
2.6508e+14	-1.1792e-18	3.1028e-18
2.6524e+14	3.4092e-17	6.595e-18
2.654e+14	-1.6057e-17	7.5482e-18
2.6556e+14	-2.0248e-17	1.9248e-18
2.6571e+14	3.2637e-17	3.3844e-18
2.6587e+14	4.4392e-18	8.4461e-18
2.6603e+14	-3.0878e-17	4.5899e-18
2.6619e+14	1.8798e-17	2.1689e-18
2.6635e+14	2.2924e-17	7.7481e-18
2.6651e+14	-2.9497e-17	7.1644e-18
2.6667e+14	-1.0623e-18	1.7709e-18
2.6683e+14	3.4361e-17	4.6171e-18
2.6698e+14	-1.5246e-17	7.5601e-18
2.6714e+14	-1.9896e-17	3.5601e-18
2.673e+14	3.2045e-17	4.1774e-18
2.6746e+14	4.2143e-18	7.8891e-18
2.6762e+14	-3.0479e-17	4.2404e-18
2.6778e+14	1.8882e-17	2.508e-18
2.6794e+14	2.3164e-17	7.944e-18
2.681e+14	-2.8733e-17	7.2929e-18
2.6825e+14	-1.1274e-18	2.6401e-18
2.6841e+14	3.3357e-17	5.8909e-18
2.6857e+14	-1.5539e-17	7.9943e-18
2.6873e+14	-1.9406e-17	2.8723e-18
2.6889e+14	3.2257e-17	3.6421e-18
2.6905e+14	4.3521e-18	8.8886e-18
2.6921e+14	-3.0229e-17	6.3373e-18
2.6937e+14	1.8627e-17	3.6395e-18
2.6952e+14	2.2631e-17	7.1256e-18
2.6968e+14	-2.9009e-17	5.8767e-18
2.6984e+14	-1.4171e-18	1.9506e-18
2.7e+14	3.3218e-17	5.4931e-18
2.7016e+14	-1.5193e-17	7.3293e-18
2.7032e+14	-1.9387e-17	2.2795e-18
2.7048e+14	3.1697e-17	2.9467e-18
2.7063e+14	4.2292e-18	7.4498e-18
2.7079e+14	-3.0071e-17	4.7781e-18
2.7095e+14	1.8264e-17	3.1199e-18
2.7111e+14	2.2649e-17	7.3266e-18
2.7127e+14	-2.8001e-17	5.9567e-18
2.7143e+14	-7.6948e-19	2.3929e-18
2.7159e+14	3.3002e-17	6.8766e-18
2.7175e+14	-1.5402e-17	8.7209e-18
2.719e+14	-1.9769e-17	2.6916e-18
2.7206e+14	3.096e-17	2.8563e-18
2.7222e+14	4.262e-18	7.5505e-18
2.7238e+14	-2.9325e-17	4.8344e-18
2.7254e+14	1.8339e-17	2.8752e-18
2.727e+14	2.214e-17	6.9518e-18
2.7286e+14	-2.8392e-17	5.2704e-18
2.7302e+14	-1.435e-18	1.1057e-18
2.7317e+14	3.2363e-17	5.4668e-18
2.7333e+14	-1.5033e-17	7.9017e-18
2.7349e+14	-1.9096e-17	2.6229e-18
2.7365e+14	3.0919e-17	3.4844e-18
2.7381e+14	4.2012e-18	8.5241e-18
2.7397e+14	-2.8982e-17	5.1837e-18
2.7413e+14	1.8492e-17	2.5242e-18
2.7429e+14	2.2395e-17	7.6118e-18
2.7444e+14	-2.7645e-17	7.6676e-18
2.746e+14	-9.8786e-19	3.1651e-18
2.7476e+14	3.229e-17	5.6689e-18
2.7492e+14	-1.5015e-17	7.8579e-18
2.7508e+14	-1.9185e-17	3.9463e-18
2.7524e+14	3.069e-17	5.0675e-18
2.754e+14	4.5061e-18	8.8394e-18
2.7556e+14	-2.8791e-17	4.3725e-18
2.7571e+14	1.7571e-17	1.1786e-18
2.7587e+14	2.1492e-17	6.0697e-18
2.7603e+14	-2.7549e-17	6.5908e-18
2.7619e+14	-1.0453e-18	2.8939e-18
2.7635e+14	3.1753e-17	5.6321e-18
2.7651e+14	-1.4856e-17	7.4489e-18
2.7667e+14	-1.8661e-17	2.9014e-18
2.7683e+14	3.046e-17	3.4465e-18
2.7698e+14	3.9677e-18	7.8552e-18
2.7714e+14	-2.9069e-17	5.573e-18
2.773e+14	1.7353e-17	3.8013e-18
2.7746e+14	2.1778e-17	7.6911e-18
2.7762e+14	-2.658e-17	6.6827e-18
2.7778e+14	-3.9635e-19	2.7153e-18
2.7794e+14	3.1964e-17	5.2751e-18
2.781e+14	-1.4408e-17	6.3903e-18
2.7825e+14	-1.8694e-17	2.1142e-18
2.7841e+14	2.9417e-17	3.661e-18
2.7857e+14	3.3654e-18	7.5581e-18
2.7873e+14	-2.8495e-17	3.5613e-18
2.7889e+14	1.7909e-17	1.4887e-18
2.7905e+14	2.1709e-17	6.4514e-18
2.7921e+14	-2.6998e-17	5.3809e-18
2.7937e+14	-1.2924e-18	3.0062e-19
2.7952e+14	3.0947e-17	3.4916e-18
2.7968e+14	-1.4715e-17	7.1385e-18
2.7984e+14	-1.8451e-17	3.8752e-18
2.8e+14	2.9859e-17	3.6635e-18
2.8016e+14	4.1419e-18	6.3331e-18
2.8032e+14	-2.8126e-17	3.8513e-18
2.8048e+14	1.7196e-17	3.4085e-18
2.8063e+14	2.1119e-17	7.6866e-18
2.8079e+14	-2.658e-17	5.6955e-18
2.8095e+14	-8.9675e-19	1.5136e-18
2.8111e+14	3.0929e-17	5.2687e-18
2.8127e+14	-1.4455e-17	7.2604e-18
2.8143e+14	-1.8317e-17	2.5351e-18
2.8159e+14	2.9465e-17	3.2882e-18
2.8175e+14	4.1706e-18	7.2994e-18
2.819e+14	-2.7594e-17	4.1381e-18
2.8206e+14	1.7178e-17	2.2823e-18
2.8222e+14	2.0798e-17	6.5469e-18
2.8238e+14	-2.6478e-17	5.4725e-18
2.8254e+14	-8.614e-19	1.7388e-18
2.827e+14	3.0748e-17	5.5458e-18
2.8286e+14	-1.4276e-17	7.8332e-18
2.8302e+14	-1.8156e-17	3.5249e-18
2.8317e+14	2.9167e-17	4.5098e-18
2.8333e+14	3.9805e-18	8.6057e-18
2.8349e+14	-2.7722e-17	5.3028e-18
2.8365e+14	1.6622e-17	3.0177e-18
2.8381e+14	2.0566e-17	7.1388e-18
2.8397e+14	-2.5943e-17	6.6838e-18
2.8413e+14	-5.8626e-19	3.4095e-18
2.8429e+14	3.0632e-17	6.147e-18
2.8444e+14	-1.3899e-17	6.4784e-18
2.846e+14	-1.781e-17	1.5284e-18
2.8476e+14	2.8619e-17	3.4379e-18
2.8492e+14	3.2625e-18	7.8211e-18
2.8508e+14	-2.789e-17	3.5564e-18
2.8524e+14	1.6843e-17	1.1724e-18
2.854e+14	2.1215e-17	6.413e-18
2.8556e+14	-2.5298e-17	5.7474e-18
2.8571e+14	-9.1296e-19	8.502e-19
2.8587e+14	2.9889e-17	3.9441e-18
2.8603e+14	-1.3877e-17	6.9322e-18
2.8619e+14	-1.7569e-17	3.1001e-18
2.8635e+14	2.8567e-17	3.7905e-18
2.8651e+14	3.8528e-18	7.8437e-18
2.8667e+14	-2.6907e-17	4.4308e-18
2.8683e+14	1.6713e-17	1.4783e-18
2.8698e+14	2.0293e-17	5.6614e-18
2.8714e+14	-2.5686e-17	6.2331e-18
2.873e+14	-8.9834e-19	3.3997e-18
2.8746e+14	2.9902e-17	6.505e-18
2.8762e+14	-1.3671e-17	8.4746e-18
2.8778e+14	-1.7607e-17	4.2928e-18
2.8794e+14	2.7992e-17	4.3507e-18
2.881e+14	3.5142e-18	7.5003e-18
2.8825e+14	-2.6839e-17	4.5854e-18
2.8841e+14	1.6611e-17	2.5047e-18
2.8857e+14	2.0288e-17	5.6584e-18
2.8873e+14	-2.5389e-17	4.6426e-18
2.8889e+14	-9.6322e-19	1.9044e-18
2.8905e+14	2.9633e-17	5.4178e-18
2.8921e+14	-1.3428e-17	6.6252e-18
2.8937e+14	-1.7307e-17	2.3728e-18
2.8952e+14	2.7973e-17	4.0859e-18
2.8968e+14	3.7976e-18	8.3297e-18
2.8984e+14	-2.6474e-17	4.8221e-18
2.9e+14	1.6374e-17	2.4705e-18
2.9016e+14	2.01e-17	6.7194e-18
2.9032e+14	-2.5135e-17	6.5417e-18
2.9048e+14	-1.1247e-18	3.3302e-18
2.9063e+14	2.928e-17	6.0966e-18
2.9079e+14	-1.3001e-17	7.0984e-18
2.9095e+14	-1.6802e-17	2.3825e-18
2.9111e+14	2.7704e-17	2.7959e-18
2.9127e+14	3.4691e-18	6.1509e-18
2.9143e+14	-2.6691e-17	3.4068e-18
2.9159e+14	1.5668e-17	2.2896e-18
2.9175e+14	1.9667e-17	6.3355e-18
2.919e+14	-2.458e-17	5.135e-18
2.9206e+14	-6.8481e-19	1.9291e-18
2.9222e+14	2.8935e-17	5.3765e-18
2.9238e+14	-1.3403e-17	6.317e-18
2.9254e+14	-1.7079e-17	1.3825e-18
2.927e+14	2.7508e-17	2.574e-18
2.9286e+14	3.9972e-18	6.7843e-18
2.9302e+14	-2.5702e-17	3.8165e-18
2.9317e+14	1.6055e-17	2.315e-18
2.9333e+14	1.9591e-17	6.8055e-18
2.9349e+14	-2.4604e-17	5.9793e-18
2.9365e+14	-9.2818e-19	2.244e-18
2.9381e+14	2.8793e-17	5.1518e-18
2.9397e+14	-1.2863e-17	6.4606e-18
2.9413e+14	-1.6661e-17	2.2007e-18
2.9429e+14	2.7183e-17	3.3956e-18
2.9444e+14	3.7439e-18	7.0515e-18
2.946e+14	-2.5654e-17	3.7853e-18
2.9476e+14	1.5896e-17	2.4455e-18
2.9492e+14	1.9679e-17	6.8752e-18
2.9508e+14	-2.408e-17	5.3761e-18
2.9524e+14	-9.1e-19	1.0758e-18
2.954e+14	2.8388e-17	4.2972e-18
2.9556e+14	-1.2836e-17	6.3701e-18
2.9571e+14	-1.6672e-17	2.434e-18
2.9587e+14	2.6783e-17	3.4657e-18
2.9603e+14	3.9067e-18	6.9462e-18
2.9619e+14	-2.5048e-17	3.5801e-18
2.9635e+14	1.589e-17	2.0872e-18
2.9651e+14	1.9603e-17	6.5247e-18
2.9667e+14	-2.3538e-17	5.6691e-18
2.9683e+14	-7.6109e-19	2.6687e-18
2.9698e+14	2.7851e-17	6.7155e-18
2.9714e+14	-1.287e-17	7.7865e-18
2.973e+14	-1.6172e-17	1.8022e-18
2.9746e+14	2.6965e-17	2.2772e-18
2.9762e+14	3.914e-18	7.077e-18
2.9778e+14	-2.5079e-17	4.3785e-18
2.9794e+14	1.544e-17	1.8544e-18
2.981e+14	1.9122e-17	5.3369e-18
2.9825e+14	-2.362e-17	4.2182e-18
2.9841e+14	-8.3895e-19	5.2862e-19
2.9857e+14	2.7847e-17	4.2865e-18
2.9873e+14	-1.2624e-17	7.1134e-18
2.9889e+14	-1.6579e-17	3.2164e-18
2.9905e+14	2.5833e-17	3.4116e-18
2.9921e+14	3.5581e-18	6.6817e-18
2.9937e+14	-2.4509e-17	3.7345e-18
2.9952e+14	1.5654e-17	1.9818e-18
2.9968e+14	1.9019e-17	6.1637e-18
2.9984e+14	-2.3516e-17	5.9104e-18
3e+14	-1.1255e-18	2.6802e-18
