#Error on normalization	O = 1.472 %	H = 2.512 %
#Frequence (s-1)	S_O (s)	S_H (s)
0	-4.9484e-16	-3.8313e-18
1.0152e+11	6.7218e-17	8.7225e-17
2.0305e+11	3.8696e-16	7.3432e-17
3.0457e+11	-3.2822e-16	-1.0306e-16
4.0609e+11	-2.9859e-16	-2.7902e-17
5.0761e+11	5.1356e-16	1.1711e-16
6.0914e+11	1.3333e-16	-3.2461e-17
7.1066e+11	-5.4113e-16	-9.5102e-17
8.1218e+11	2.6904e-16	9.45e-17
9.1371e+11	6.5419e-16	5.5787e-17
1.0152e+12	-3.8673e-16	-1.0958e-16
1.1168e+12	-1.4016e-16	2.9403e-17
1.2183e+12	9.6778e-16	1.2166e-16
1.3198e+12	5.0954e-17	-7.1693e-17
1.4213e+12	-5.8432e-16	-4.6075e-17
1.5228e+12	1.0955e-15	1.5685e-16
1.6244e+12	1.0314e-15	2.7589e-17
1.7259e+12	-7.2639e-16	-1.0358e-16
1.8274e+12	6.4803e-16	1.1458e-16
1.9289e+12	1.9639e-15	1.3346e-16
2.0305e+12	-5.679e-16	-1.0629e-16
2.132e+12	-3.7239e-16	3.0574e-17
2.2335e+12	2.976e-15	2.4006e-16
2.335e+12	7.4066e-16	-2.7454e-17
2.4365e+12	-1.8164e-15	-1.0526e-16
2.5381e+12	3.1609e-15	2.7712e-16
2.6396e+12	3.4537e-15	1.6807e-16
2.7411e+12	-1.9654e-15	-1.6314e-16
2.8426e+12	7.2965e-15	4.7681e-16
2.9442e+12	1.8226e-14	1.02e-15
3.0457e+12	2.2387e-15	6.081e-17
3.1472e+12	-1.901e-15	-5.7867e-17
3.2487e+12	5.3814e-14	2.9333e-15
3.3503e+12	1.0797e-13	5.6901e-15
3.4518e+12	8.0195e-14	4.2702e-15
3.5533e+12	1.9879e-14	1.147e-15
3.6548e+12	9.6824e-15	4.7407e-16
3.7563e+12	2.2046e-14	1.1213e-15
3.8579e+12	8.8863e-15	5.9378e-16
3.9594e+12	9.5573e-17	9.2488e-17
4.0609e+12	1.3848e-14	7.2286e-16
4.1624e+12	1.4701e-14	8.9176e-16
4.264e+12	3.161e-15	3.2257e-16
4.3655e+12	1.0413e-14	5.6403e-16
4.467e+12	2.4702e-14	1.3827e-15
4.5685e+12	3.2817e-14	2.0749e-15
4.6701e+12	6.2241e-14	3.7739e-15
4.7716e+12	1.1038e-13	6.2395e-15
4.8731e+12	1.2863e-13	6.8293e-15
4.9746e+12	1.0266e-13	5.0124e-15
5.0761e+12	6.0858e-14	2.903e-15
5.1777e+12	2.4706e-14	1.4732e-15
5.2792e+12	9.6251e-15	7.0003e-16
5.3807e+12	2.2355e-14	1.1132e-15
5.4822e+12	4.0886e-14	2.2538e-15
5.5838e+12	5.0129e-14	2.9529e-15
5.6853e+12	6.5461e-14	3.5948e-15
5.7868e+12	9.094e-14	4.9804e-15
5.8883e+12	1.194e-13	6.8243e-15
5.9898e+12	1.5746e-13	8.7466e-15
6.0914e+12	1.799e-13	9.5479e-15
6.1929e+12	1.4254e-13	7.4919e-15
6.2944e+12	9.3836e-14	4.7644e-15
6.3959e+12	1.2547e-13	5.8399e-15
6.4975e+12	1.9467e-13	9.0387e-15
6.599e+12	1.8871e-13	8.6948e-15
6.7005e+12	1.3462e-13	5.7839e-15
6.802e+12	1.3438e-13	5.5746e-15
6.9036e+12	1.6714e-13	7.2553e-15
7.0051e+12	1.486e-13	6.491e-15
7.1066e+12	8.7066e-14	3.7135e-15
7.2081e+12	3.9927e-14	1.778e-15
7.3096e+12	2.061e-14	1.0266e-15
7.4112e+12	1.8897e-14	9.1056e-16
7.5127e+12	2.3373e-14	1.1634e-15
7.6142e+12	1.8882e-14	1.0226e-15
7.7157e+12	1.4552e-14	7.9192e-16
7.8173e+12	3.0136e-14	1.5205e-15
7.9188e+12	4.8413e-14	2.3661e-15
8.0203e+12	4.7051e-14	2.208e-15
8.1218e+12	4.2687e-14	1.9926e-15
8.2234e+12	4.8953e-14	2.3614e-15
8.3249e+12	5.4133e-14	2.6588e-15
8.4264e+12	6.0706e-14	3.1291e-15
8.5279e+12	7.7203e-14	4.1013e-15
8.6294e+12	9.2161e-14	4.8345e-15
8.731e+12	1.0583e-13	5.5953e-15
8.8325e+12	1.2969e-13	6.929e-15
8.934e+12	1.4422e-13	7.3401e-15
9.0355e+12	1.3316e-13	6.2816e-15
9.1371e+12	1.227e-13	5.7847e-15
9.2386e+12	1.2137e-13	5.9288e-15
9.3401e+12	1.0403e-13	4.9747e-15
9.4416e+12	8.7184e-14	4.219e-15
9.5431e+12	1.0553e-13	5.2974e-15
9.6447e+12	1.2758e-13	5.9362e-15
9.7462e+12	1.1282e-13	4.7875e-15
9.8477e+12	8.9676e-14	4.1142e-15
9.9492e+12	8.3137e-14	4.1865e-15
1.0051e+13	7.0567e-14	3.2382e-15
1.0152e+13	5.8417e-14	2.5939e-15
1.0254e+13	7.2623e-14	3.61e-15
1.0355e+13	7.8872e-14	3.7003e-15
1.0457e+13	4.616e-14	1.918e-15
1.0558e+13	2.9894e-14	1.6303e-15
1.066e+13	7.111e-14	3.7886e-15
1.0761e+13	1.1067e-13	5.2154e-15
1.0863e+13	9.867e-14	4.6771e-15
1.0964e+13	7.5287e-14	3.9951e-15
1.1066e+13	7.9572e-14	4.0454e-15
1.1168e+13	8.9285e-14	4.2168e-15
1.1269e+13	8.7424e-14	4.3237e-15
1.1371e+13	9.3908e-14	4.8138e-15
1.1472e+13	1.1247e-13	5.7529e-15
1.1574e+13	1.1598e-13	6.1154e-15
1.1675e+13	9.5542e-14	5.0629e-15
1.1777e+13	7.8056e-14	3.9433e-15
1.1878e+13	8.4259e-14	4.4188e-15
1.198e+13	9.9178e-14	5.3429e-15
1.2081e+13	9.962e-14	5.0262e-15
1.2183e+13	9.1004e-14	4.4897e-15
1.2284e+13	9.5206e-14	5.1004e-15
1.2386e+13	1.12e-13	6.0522e-15
1.2487e+13	1.1487e-13	6.1163e-15
1.2589e+13	8.9205e-14	5.0425e-15
1.269e+13	6.2386e-14	3.6796e-15
1.2792e+13	7.4408e-14	4.0149e-15
1.2893e+13	1.1403e-13	6.2432e-15
1.2995e+13	1.2334e-13	6.9917e-15
1.3096e+13	8.581e-14	4.7184e-15
1.3198e+13	5.3758e-14	2.8795e-15
1.3299e+13	6.157e-14	3.6466e-15
1.3401e+13	8.0661e-14	4.6839e-15
1.3503e+13	8.2886e-14	4.5349e-15
1.3604e+13	7.545e-14	4.2203e-15
1.3706e+13	6.5834e-14	3.7775e-15
1.3807e+13	5.6204e-14	3.1294e-15
1.3909e+13	5.6102e-14	3.3375e-15
1.401e+13	5.8218e-14	3.7509e-15
1.4112e+13	4.4144e-14	2.9046e-15
1.4213e+13	2.8046e-14	2.0796e-15
1.4315e+13	3.319e-14	2.5832e-15
1.4416e+13	4.0813e-14	2.7751e-15
1.4518e+13	2.7876e-14	1.8801e-15
1.4619e+13	1.4039e-14	1.5236e-15
1.4721e+13	1.6991e-14	1.8692e-15
1.4822e+13	1.9756e-14	1.7498e-15
1.4924e+13	1.3955e-14	1.5442e-15
1.5025e+13	1.2646e-14	1.7406e-15
1.5127e+13	1.5237e-14	1.6831e-15
1.5228e+13	1.3129e-14	1.5237e-15
1.533e+13	1.179e-14	1.791e-15
1.5431e+13	1.364e-14	1.8445e-15
1.5533e+13	1.1549e-14	1.5344e-15
1.5635e+13	8.8457e-15	1.6832e-15
1.5736e+13	1.1357e-14	1.9757e-15
1.5838e+13	1.1852e-14	1.6998e-15
1.5939e+13	7.4864e-15	1.511e-15
1.6041e+13	6.6069e-15	1.8331e-15
1.6142e+13	8.9624e-15	1.9731e-15
1.6244e+13	8.2664e-15	1.8769e-15
1.6345e+13	7.2384e-15	2.0093e-15
1.6447e+13	8.0227e-15	2.1178e-15
1.6548e+13	6.3399e-15	2.0274e-15
1.665e+13	3.9337e-15	1.9912e-15
1.6751e+13	4.9959e-15	1.894e-15
1.6853e+13	5.768e-15	1.8103e-15
1.6954e+13	4.2575e-15	2.1688e-15
1.7056e+13	4.4576e-15	2.5491e-15
1.7157e+13	5.2102e-15	2.3429e-15
1.7259e+13	3.7178e-15	2.0911e-15
1.736e+13	3.7471e-15	2.3136e-15
1.7462e+13	6.0069e-15	2.6176e-15
1.7563e+13	5.5795e-15	2.7642e-15
1.7665e+13	3.7331e-15	2.7756e-15
1.7766e+13	4.4884e-15	2.6209e-15
1.7868e+13	5.1407e-15	2.85e-15
1.797e+13	3.8928e-15	3.736e-15
1.8071e+13	3.8096e-15	4.2202e-15
1.8173e+13	4.3013e-15	3.8402e-15
1.8274e+13	3.4456e-15	3.7487e-15
1.8376e+13	3.7211e-15	4.348e-15
1.8477e+13	4.9842e-15	4.7657e-15
1.8579e+13	3.9768e-15	4.8759e-15
1.868e+13	2.8622e-15	5.1616e-15
1.8782e+13	4.1941e-15	5.5664e-15
1.8883e+13	4.4915e-15	5.97e-15
1.8985e+13	2.9495e-15	6.328e-15
1.9086e+13	3.1035e-15	6.43e-15
1.9188e+13	3.6611e-15	6.4412e-15
1.9289e+13	2.3331e-15	6.6046e-15
1.9391e+13	2.1632e-15	6.9152e-15
1.9492e+13	3.6141e-15	7.8623e-15
1.9594e+13	3.1641e-15	9.4275e-15
1.9695e+13	2.1854e-15	1.0237e-14
1.9797e+13	3.1149e-15	1.0199e-14
1.9898e+13	3.143e-15	1.0597e-14
2e+13	1.8359e-15	1.0783e-14
2.0102e+13	2.4674e-15	1.0486e-14
2.0203e+13	3.3857e-15	1.2253e-14
2.0305e+13	2.1064e-15	1.5245e-14
2.0406e+13	1.7714e-15	1.4908e-14
2.0508e+13	3.1266e-15	1.3019e-14
2.0609e+13	2.6209e-15	1.5405e-14
2.0711e+13	1.6122e-15	2.0813e-14
2.0812e+13	3.0503e-15	2.5744e-14
2.0914e+13	3.9769e-15	3.0945e-14
2.1015e+13	2.6387e-15	3.2885e-14
2.1117e+13	2.1975e-15	2.7279e-14
2.1218e+13	2.8155e-15	2.3582e-14
2.132e+13	2.5335e-15	3.1144e-14
2.1421e+13	2.7919e-15	3.9458e-14
2.1523e+13	3.7075e-15	3.76e-14
2.1624e+13	2.9503e-15	3.3068e-14
2.1726e+13	2.1121e-15	3.254e-14
2.1827e+13	3.2166e-15	3.3025e-14
2.1929e+13	3.5796e-15	3.7424e-14
2.203e+13	2.5274e-15	4.6847e-14
2.2132e+13	3.0153e-15	4.9374e-14
2.2234e+13	4.0806e-15	4.3216e-14
2.2335e+13	3.432e-15	4.2722e-14
2.2437e+13	3.1575e-15	4.7991e-14
2.2538e+13	4.0171e-15	4.7535e-14
2.264e+13	3.6069e-15	4.5869e-14
2.2741e+13	2.9149e-15	4.8653e-14
2.2843e+13	3.7354e-15	4.5539e-14
2.2944e+13	3.8283e-15	3.7172e-14
2.3046e+13	2.7796e-15	3.8298e-14
2.3147e+13	3.2003e-15	4.3993e-14
2.3249e+13	3.9557e-15	4.0758e-14
2.335e+13	3.1325e-15	3.7651e-14
2.3452e+13	3.0103e-15	4.2724e-14
2.3553e+13	3.9431e-15	4.3028e-14
2.3655e+13	3.2341e-15	3.6397e-14
2.3756e+13	2.3209e-15	3.6728e-14
2.3858e+13	3.5641e-15	4.2496e-14
2.3959e+13	4.423e-15	4.5437e-14
2.4061e+13	3.6435e-15	4.998e-14
2.4162e+13	3.6129e-15	5.2152e-14
2.4264e+13	3.6996e-15	4.0709e-14
2.4365e+13	2.4547e-15	2.8794e-14
2.4467e+13	2.3587e-15	3.3615e-14
2.4569e+13	3.761e-15	4.1314e-14
2.467e+13	3.5604e-15	3.8169e-14
2.4772e+13	2.6744e-15	3.6409e-14
2.4873e+13	3.4016e-15	3.9456e-14
2.4975e+13	3.508e-15	3.5491e-14
2.5076e+13	2.177e-15	3.0673e-14
2.5178e+13	2.2837e-15	3.4832e-14
2.5279e+13	3.0805e-15	3.5479e-14
2.5381e+13	2.2338e-15	2.7522e-14
2.5482e+13	1.9054e-15	2.6888e-14
2.5584e+13	3.1445e-15	3.4048e-14
2.5685e+13	3.0968e-15	3.4363e-14
2.5787e+13	2.1611e-15	3.0766e-14
2.5888e+13	2.6579e-15	3.0909e-14
2.599e+13	2.7815e-15	2.7678e-14
2.6091e+13	1.601e-15	2.1842e-14
2.6193e+13	1.8952e-15	2.4961e-14
2.6294e+13	3.1258e-15	3.1802e-14
2.6396e+13	2.5483e-15	3.0598e-14
2.6497e+13	1.819e-15	2.7554e-14
2.6599e+13	2.5765e-15	2.928e-14
2.6701e+13	2.5562e-15	2.8866e-14
2.6802e+13	1.7241e-15	2.5839e-14
2.6904e+13	2.3014e-15	2.7286e-14
2.7005e+13	2.96e-15	2.985e-14
2.7107e+13	2.209e-15	2.8004e-14
2.7208e+13	1.974e-15	2.5964e-14
2.731e+13	2.5016e-15	2.6197e-14
2.7411e+13	2.12e-15	2.6295e-14
2.7513e+13	1.884e-15	2.781e-14
2.7614e+13	2.6019e-15	3.0387e-14
2.7716e+13	2.4191e-15	2.8781e-14
2.7817e+13	1.6501e-15	2.4746e-14
2.7919e+13	2.1196e-15	2.4073e-14
2.802e+13	2.4789e-15	2.4201e-14
2.8122e+13	1.6276e-15	2.171e-14
2.8223e+13	1.4321e-15	2.0351e-14
2.8325e+13	1.9274e-15	2.1324e-14
2.8426e+13	1.559e-15	2.1473e-14
2.8528e+13	1.4721e-15	2.1877e-14
2.8629e+13	2.4138e-15	2.424e-14
2.8731e+13	2.4859e-15	2.6012e-14
2.8832e+13	1.826e-15	2.6345e-14
2.8934e+13	2.1164e-15	2.6351e-14
2.9036e+13	2.2995e-15	2.525e-14
2.9137e+13	1.5914e-15	2.4345e-14
2.9239e+13	1.6526e-15	2.5543e-14
2.934e+13	2.1864e-15	2.5263e-14
2.9442e+13	1.683e-15	2.2438e-14
2.9543e+13	1.5006e-15	2.3618e-14
2.9645e+13	2.447e-15	2.9009e-14
2.9746e+13	2.5057e-15	2.9945e-14
2.9848e+13	1.6741e-15	2.5417e-14
2.9949e+13	1.7375e-15	2.2166e-14
3.0051e+13	1.9096e-15	2.1675e-14
3.0152e+13	1.4133e-15	2.261e-14
3.0254e+13	1.6976e-15	2.5199e-14
3.0355e+13	2.4046e-15	2.5913e-14
3.0457e+13	1.9476e-15	2.2643e-14
3.0558e+13	1.5063e-15	2.1735e-14
3.066e+13	2.1253e-15	2.595e-14
3.0761e+13	2.2771e-15	2.8224e-14
3.0863e+13	1.7864e-15	2.5752e-14
3.0964e+13	1.8397e-15	2.2863e-14
3.1066e+13	1.7065e-15	2.0285e-14
3.1168e+13	1.0904e-15	1.8058e-14
3.1269e+13	1.3899e-15	1.9839e-14
3.1371e+13	1.9749e-15	2.3584e-14
3.1472e+13	1.4859e-15	2.3171e-14
3.1574e+13	1.3273e-15	2.1092e-14
3.1675e+13	2.1378e-15	2.2479e-14
3.1777e+13	1.994e-15	2.3531e-14
3.1878e+13	1.1075e-15	2.0694e-14
3.198e+13	1.3023e-15	1.8838e-14
3.2081e+13	1.7377e-15	2.0758e-14
3.2183e+13	1.4251e-15	2.2206e-14
3.2284e+13	1.5691e-15	2.1141e-14
3.2386e+13	2.0618e-15	2.0797e-14
3.2487e+13	1.7594e-15	2.3013e-14
3.2589e+13	1.551e-15	2.4724e-14
3.269e+13	1.8708e-15	2.2441e-14
3.2792e+13	1.5103e-15	1.9128e-14
3.2893e+13	1.1728e-15	2.1041e-14
3.2995e+13	1.9885e-15	2.594e-14
3.3096e+13	2.3085e-15	2.5935e-14
3.3198e+13	1.5313e-15	2.2692e-14
3.3299e+13	1.6229e-15	2.3102e-14
3.3401e+13	2.1997e-15	2.4051e-14
3.3503e+13	1.5302e-15	2.0673e-14
3.3604e+13	1.015e-15	1.8992e-14
3.3706e+13	1.7924e-15	2.3001e-14
3.3807e+13	1.9891e-15	2.5526e-14
3.3909e+13	1.3686e-15	2.3066e-14
3.401e+13	1.5979e-15	2.0831e-14
3.4112e+13	1.9218e-15	2.0363e-14
3.4213e+13	1.2924e-15	1.9069e-14
3.4315e+13	1.0294e-15	1.7258e-14
3.4416e+13	1.3279e-15	1.5688e-14
3.4518e+13	1.0248e-15	1.4944e-14
3.4619e+13	8.9286e-16	1.6848e-14
3.4721e+13	1.4482e-15	1.8224e-14
3.4822e+13	1.2071e-15	1.4055e-14
3.4924e+13	4.5447e-16	9.7699e-15
3.5025e+13	7.7642e-16	1.2417e-14
3.5127e+13	1.1807e-15	1.5611e-14
3.5228e+13	6.3972e-16	1.3137e-14
3.533e+13	6.0647e-16	1.1799e-14
3.5431e+13	1.2152e-15	1.4624e-14
3.5533e+13	9.7092e-16	1.4277e-14
3.5635e+13	5.4556e-16	1.0985e-14
3.5736e+13	9.5291e-16	1.1685e-14
3.5838e+13	1.05e-15	1.3966e-14
3.5939e+13	6.5392e-16	1.2969e-14
3.6041e+13	9.2092e-16	1.227e-14
3.6142e+13	1.1707e-15	1.3474e-14
3.6244e+13	6.2819e-16	1.2385e-14
3.6345e+13	4.8601e-16	9.9636e-15
3.6447e+13	8.7322e-16	9.8112e-15
3.6548e+13	6.4127e-16	9.9185e-15
3.665e+13	4.0501e-16	9.1062e-15
3.6751e+13	8.466e-16	9.8097e-15
3.6853e+13	8.2818e-16	1.0298e-14
3.6954e+13	3.11e-16	8.0098e-15
3.7056e+13	4.6109e-16	6.386e-15
3.7157e+13	7.0298e-16	7.2145e-15
3.7259e+13	3.3929e-16	6.79e-15
3.736e+13	3.3842e-16	5.0691e-15
3.7462e+13	6.8024e-16	5.392e-15
3.7563e+13	4e-16	6.3141e-15
3.7665e+13	1.8802e-16	5.4267e-15
3.7766e+13	5.8731e-16	4.8556e-15
3.7868e+13	5.2814e-16	5.749e-15
3.797e+13	1.4249e-16	6.0368e-15
3.8071e+13	4.5657e-16	5.4243e-15
3.8173e+13	6.7387e-16	4.9675e-15
3.8274e+13	1.9328e-16	4.3843e-15
3.8376e+13	1.8738e-16	3.8997e-15
3.8477e+13	6.2253e-16	4.1198e-15
3.8579e+13	4.0965e-16	4.266e-15
3.868e+13	2.0179e-16	4.1881e-15
3.8782e+13	5.7371e-16	4.5449e-15
3.8883e+13	4.7847e-16	4.4077e-15
3.8985e+13	5.1498e-17	3.4198e-15
3.9086e+13	3.3592e-16	3.3051e-15
3.9188e+13	5.7631e-16	3.9687e-15
3.9289e+13	1.7638e-16	3.7269e-15
3.9391e+13	2.3239e-16	3.3479e-15
3.9492e+13	6.3475e-16	3.7977e-15
3.9594e+13	3.3119e-16	3.7212e-15
3.9695e+13	9.301e-17	3.1998e-15
3.9797e+13	5.3844e-16	3.7202e-15
3.9898e+13	5.245e-16	4.1373e-15
4e+13	9.8892e-17	3.3147e-15
4.0102e+13	3.5012e-16	3.002e-15
4.0203e+13	5.7849e-16	3.5223e-15
4.0305e+13	1.493e-16	3.164e-15
4.0406e+13	1.6202e-16	2.6201e-15
4.0508e+13	5.8299e-16	3.0169e-15
4.0609e+13	3.2702e-16	2.9672e-15
4.0711e+13	7.3439e-17	2.4907e-15
4.0812e+13	4.9206e-16	3.2909e-15
4.0914e+13	5.0675e-16	4.0906e-15
4.1015e+13	8.7572e-17	3.2206e-15
4.1117e+13	3.1275e-16	2.6482e-15
4.1218e+13	6.0174e-16	3.476e-15
4.132e+13	2.7632e-16	3.772e-15
4.1421e+13	2.732e-16	3.3519e-15
4.1523e+13	6.0597e-16	3.4332e-15
4.1624e+13	3.2539e-16	3.1907e-15
4.1726e+13	6.0415e-17	2.4473e-15
4.1827e+13	4.3708e-16	2.8252e-15
4.1929e+13	4.9412e-16	3.7394e-15
4.203e+13	1.922e-16	3.5154e-15
4.2132e+13	4.2371e-16	3.0864e-15
4.2234e+13	5.9903e-16	3.3921e-15
4.2335e+13	2.4161e-16	3.5139e-15
4.2437e+13	3.4941e-16	3.5687e-15
4.2538e+13	7.7705e-16	4.0374e-15
4.264e+13	4.7588e-16	3.8793e-15
4.2741e+13	1.7134e-16	3.3798e-15
4.2843e+13	5.7282e-16	3.9699e-15
4.2944e+13	6.178e-16	4.3822e-15
4.3046e+13	2.0627e-16	3.3999e-15
4.3147e+13	4.1955e-16	3.2789e-15
4.3249e+13	7.6021e-16	4.7489e-15
4.335e+13	4.678e-16	5.0766e-15
4.3452e+13	3.8231e-16	4.0955e-15
4.3553e+13	6.7805e-16	4.1311e-15
4.3655e+13	4.9762e-16	4.612e-15
4.3756e+13	2.852e-16	4.1815e-15
4.3858e+13	6.3365e-16	4.1916e-15
4.3959e+13	7.3165e-16	5.1746e-15
4.4061e+13	4.5705e-16	5.6155e-15
4.4162e+13	6.189e-16	5.6609e-15
4.4264e+13	8.4054e-16	6.3966e-15
4.4365e+13	6.4495e-16	7.1093e-15
4.4467e+13	7.1498e-16	7.0701e-15
4.4569e+13	9.9431e-16	6.8361e-15
4.467e+13	8.022e-16	6.8073e-15
4.4772e+13	7.0991e-16	7.2688e-15
4.4873e+13	1.0829e-15	8.2531e-15
4.4975e+13	1.0504e-15	8.6189e-15
4.5076e+13	7.3458e-16	7.9905e-15
4.5178e+13	9.3699e-16	7.5823e-15
4.5279e+13	1.0421e-15	7.4001e-15
4.5381e+13	6.8839e-16	7.0779e-15
4.5482e+13	8.8855e-16	8.317e-15
4.5584e+13	1.4729e-15	1.1024e-14
4.5685e+13	1.3562e-15	1.1784e-14
4.5787e+13	1.1011e-15	1.0424e-14
4.5888e+13	1.3878e-15	1.0363e-14
4.599e+13	1.425e-15	1.1678e-14
4.6091e+13	1.2307e-15	1.2641e-14
4.6193e+13	1.6091e-15	1.4116e-14
4.6294e+13	1.8658e-15	1.5309e-14
4.6396e+13	1.4965e-15	1.427e-14
4.6497e+13	1.7248e-15	1.5038e-14
4.6599e+13	2.6125e-15	2.0914e-14
4.6701e+13	2.672e-15	2.4642e-14
4.6802e+13	2.1018e-15	2.0769e-14
4.6904e+13	2.087e-15	1.6926e-14
4.7005e+13	2.2098e-15	1.8375e-14
4.7107e+13	1.9299e-15	1.8643e-14
4.7208e+13	1.9552e-15	1.6477e-14
4.731e+13	2.4726e-15	1.9901e-14
4.7411e+13	2.823e-15	2.708e-14
4.7513e+13	2.8336e-15	2.7443e-14
4.7614e+13	2.6861e-15	2.2951e-14
4.7716e+13	2.6371e-15	2.4302e-14
4.7817e+13	2.9749e-15	2.9537e-14
4.7919e+13	3.1582e-15	2.8589e-14
4.802e+13	2.5826e-15	2.295e-14
4.8122e+13	2.1773e-15	2.1737e-14
4.8223e+13	2.6827e-15	2.4957e-14
4.8325e+13	2.9972e-15	2.597e-14
4.8426e+13	2.6104e-15	2.4431e-14
4.8528e+13	2.5729e-15	2.4965e-14
4.8629e+13	2.9201e-15	2.7633e-14
4.8731e+13	2.8237e-15	2.842e-14
4.8832e+13	2.6231e-15	2.6278e-14
4.8934e+13	2.6485e-15	2.3827e-14
4.9036e+13	2.3545e-15	2.2773e-14
4.9137e+13	1.999e-15	2.2081e-14
4.9239e+13	2.0957e-15	2.0113e-14
4.934e+13	2.0151e-15	1.7515e-14
4.9442e+13	1.7118e-15	1.732e-14
4.9543e+13	2.0801e-15	2.0623e-14
4.9645e+13	2.6174e-15	2.4027e-14
4.9746e+13	2.4321e-15	2.4819e-14
4.9848e+13	2.3419e-15	2.502e-14
4.9949e+13	2.7186e-15	2.599e-14
5.0051e+13	2.511e-15	2.5408e-14
5.0152e+13	2.0032e-15	2.3383e-14
5.0254e+13	2.1882e-15	2.2503e-14
5.0355e+13	2.1859e-15	2.0683e-14
5.0457e+13	1.4177e-15	1.5662e-14
5.0558e+13	1.2857e-15	1.3256e-14
5.066e+13	1.9699e-15	1.7469e-14
5.0761e+13	1.9791e-15	2.0775e-14
5.0863e+13	1.4536e-15	1.7744e-14
5.0964e+13	1.4411e-15	1.4756e-14
5.1066e+13	1.4704e-15	1.5315e-14
5.1168e+13	1.1469e-15	1.4053e-14
5.1269e+13	1.2017e-15	1.1665e-14
5.1371e+13	1.5625e-15	1.4414e-14
5.1472e+13	1.5237e-15	1.8211e-14
5.1574e+13	1.2921e-15	1.509e-14
5.1675e+13	1.1809e-15	9.9147e-15
5.1777e+13	1.0322e-15	1.0504e-14
5.1878e+13	9.9739e-16	1.23e-14
5.198e+13	1.043e-15	9.4304e-15
5.2081e+13	7.7464e-16	6.5961e-15
5.2183e+13	6.017e-16	8.1134e-15
5.2284e+13	9.5346e-16	9.9697e-15
5.2386e+13	1.0649e-15	9.1101e-15
5.2487e+13	6.5522e-16	7.8102e-15
5.2589e+13	6.1762e-16	7.644e-15
5.269e+13	9.4115e-16	8.16e-15
5.2792e+13	8.8134e-16	8.9259e-15
5.2893e+13	7.3009e-16	8.5541e-15
5.2995e+13	8.1046e-16	6.3879e-15
5.3096e+13	6.4493e-16	4.8917e-15
5.3198e+13	4.2611e-16	5.4878e-15
5.3299e+13	6.4538e-16	5.9318e-15
5.3401e+13	7.484e-16	5.303e-15
5.3503e+13	5.0027e-16	5.4527e-15
5.3604e+13	5.8779e-16	6.2306e-15
5.3706e+13	8.0842e-16	5.9117e-15
5.3807e+13	5.5867e-16	5.2238e-15
5.3909e+13	4.159e-16	5.3976e-15
5.401e+13	6.7204e-16	5.4182e-15
5.4112e+13	5.798e-16	4.726e-15
5.4213e+13	2.8556e-16	4.3495e-15
5.4315e+13	4.6003e-16	4.3077e-15
5.4416e+13	6.0083e-16	4.0974e-15
5.4518e+13	3.7848e-16	4.3857e-15
5.4619e+13	4.4951e-16	5.0312e-15
5.4721e+13	6.4678e-16	4.6214e-15
5.4822e+13	3.8612e-16	3.5369e-15
5.4924e+13	2.6187e-16	3.4112e-15
5.5025e+13	5.5606e-16	3.8432e-15
5.5127e+13	4.7243e-16	3.6264e-15
5.5228e+13	1.7034e-16	3.3386e-15
5.533e+13	3.8505e-16	3.62e-15
5.5431e+13	5.7964e-16	3.7236e-15
5.5533e+13	3.3611e-16	3.3975e-15
5.5635e+13	3.4634e-16	3.2068e-15
5.5736e+13	5.3777e-16	3.051e-15
5.5838e+13	3.1451e-16	2.8243e-15
5.5939e+13	2.1335e-16	3.0414e-15
5.6041e+13	5.1538e-16	3.4022e-15
5.6142e+13	4.3025e-16	3.1062e-15
5.6244e+13	1.1427e-16	2.6466e-15
5.6345e+13	3.1991e-16	2.7496e-15
5.6447e+13	4.9431e-16	2.82e-15
5.6548e+13	2.0399e-16	2.5352e-15
5.665e+13	2.2728e-16	2.67e-15
5.6751e+13	5.2799e-16	3.1202e-15
5.6853e+13	3.4694e-16	2.9213e-15
5.6954e+13	1.461e-16	2.3982e-15
5.7056e+13	4.1172e-16	2.5172e-15
5.7157e+13	4.4349e-16	2.877e-15
5.7259e+13	1.7631e-16	2.6622e-15
5.736e+13	2.8742e-16	2.253e-15
5.7462e+13	4.4377e-16	2.2935e-15
5.7563e+13	2.4744e-16	2.5875e-15
5.7665e+13	2.652e-16	2.7094e-15
5.7766e+13	4.6842e-16	2.5961e-15
5.7868e+13	2.9171e-16	2.3961e-15
5.797e+13	1.576e-16	2.313e-15
5.8071e+13	3.935e-16	2.3798e-15
5.8173e+13	3.6615e-16	2.3875e-15
5.8274e+13	1.341e-16	2.291e-15
5.8376e+13	2.9102e-16	2.2475e-15
5.8477e+13	4.0274e-16	2.2078e-15
5.8579e+13	1.4973e-16	2.0945e-15
5.868e+13	1.8792e-16	2.0947e-15
5.8782e+13	4.3796e-16	2.2254e-15
5.8883e+13	2.6046e-16	2.201e-15
5.8985e+13	1.0164e-16	2.039e-15
5.9086e+13	3.4936e-16	2.0459e-15
5.9188e+13	3.5945e-16	2.1896e-15
5.9289e+13	1.3483e-16	2.2047e-15
5.9391e+13	2.7945e-16	2.103e-15
5.9492e+13	4.0862e-16	2.0392e-15
5.9594e+13	1.678e-16	2.0054e-15
5.9695e+13	1.5924e-16	1.9702e-15
5.9797e+13	3.7621e-16	1.9879e-15
5.9898e+13	2.5118e-16	2.0319e-15
6e+13	1.3308e-16	1.9858e-15
6.0102e+13	3.2743e-16	1.8784e-15
6.0203e+13	2.9827e-16	1.9056e-15
6.0305e+13	1.2499e-16	2.0738e-15
6.0406e+13	3.0047e-16	2.0885e-15
6.0508e+13	3.8338e-16	1.8702e-15
6.0609e+13	1.3092e-16	1.7756e-15
6.0711e+13	1.7714e-16	1.9328e-15
6.0812e+13	4.008e-16	1.9741e-15
6.0914e+13	2.1921e-16	1.7945e-15
6.1015e+13	9.8874e-17	1.7757e-15
6.1117e+13	3.6382e-16	2.0131e-15
6.1218e+13	3.6993e-16	2.169e-15
6.132e+13	1.5745e-16	2.1027e-15
6.1421e+13	2.8766e-16	1.9314e-15
6.1523e+13	3.6026e-16	1.7338e-15
6.1624e+13	1.0968e-16	1.6366e-15
6.1726e+13	1.6047e-16	1.7587e-15
6.1827e+13	4.0974e-16	1.9551e-15
6.1929e+13	2.6518e-16	2.0196e-15
6.203e+13	1.5081e-16	1.9502e-15
6.2132e+13	3.7586e-16	1.8346e-15
6.2234e+13	3.4015e-16	1.8067e-15
6.2335e+13	1.3579e-16	1.9449e-15
6.2437e+13	3.1253e-16	1.9959e-15
6.2538e+13	4.0965e-16	1.7462e-15
6.264e+13	1.4151e-16	1.5508e-15
6.2741e+13	1.6875e-16	1.6887e-15
6.2843e+13	3.9739e-16	1.7705e-15
6.2944e+13	2.1454e-16	1.6117e-15
6.3046e+13	8.2665e-17	1.6566e-15
6.3147e+13	3.5839e-16	1.9408e-15
6.3249e+13	3.703e-16	1.9616e-15
6.335e+13	1.2515e-16	1.7564e-15
6.3452e+13	2.5083e-16	1.75e-15
6.3553e+13	3.8724e-16	1.8383e-15
6.3655e+13	1.7218e-16	1.7663e-15
6.3756e+13	1.7954e-16	1.7222e-15
6.3858e+13	3.9161e-16	1.8032e-15
6.3959e+13	2.3654e-16	1.7481e-15
6.4061e+13	8.0024e-17	1.5376e-15
6.4162e+13	2.8951e-16	1.4909e-15
6.4264e+13	3.2971e-16	1.7267e-15
6.4365e+13	1.7254e-16	2.0081e-15
6.4467e+13	2.9118e-16	2.0602e-15
6.4569e+13	3.6731e-16	1.9047e-15
6.467e+13	1.7336e-16	1.8184e-15
6.4772e+13	2.2133e-16	1.8752e-15
6.4873e+13	3.9417e-16	1.8718e-15
6.4975e+13	2.1788e-16	1.8165e-15
6.5076e+13	1.3153e-16	1.866e-15
6.5178e+13	3.651e-16	1.8712e-15
6.5279e+13	3.0861e-16	1.7283e-15
6.5381e+13	8.6161e-17	1.7255e-15
6.5482e+13	2.6408e-16	1.916e-15
6.5584e+13	4.0417e-16	1.9671e-15
6.5685e+13	1.96e-16	1.899e-15
6.5787e+13	2.2877e-16	1.9534e-15
6.5888e+13	4.2376e-16	1.9641e-15
6.599e+13	2.42e-16	1.8117e-15
6.6091e+13	1.2471e-16	1.7958e-15
6.6193e+13	3.8004e-16	1.9675e-15
6.6294e+13	3.8717e-16	2.0666e-15
6.6396e+13	1.8422e-16	2.1185e-15
6.6497e+13	3.2299e-16	2.1521e-15
6.6599e+13	4.1347e-16	1.9631e-15
6.6701e+13	1.749e-16	1.7677e-15
6.6802e+13	2.2145e-16	1.9754e-15
6.6904e+13	4.7533e-16	2.246e-15
6.7005e+13	3.2125e-16	2.0838e-15
6.7107e+13	1.5862e-16	1.8642e-15
6.7208e+13	3.9132e-16	2.0697e-15
6.731e+13	4.5777e-16	2.3929e-15
6.7411e+13	2.891e-16	2.4172e-15
6.7513e+13	3.7656e-16	2.2398e-15
6.7614e+13	4.3847e-16	2.101e-15
6.7716e+13	2.3542e-16	2.096e-15
6.7817e+13	2.7124e-16	2.1564e-15
6.7919e+13	4.6075e-16	2.1041e-15
6.802e+13	3.2075e-16	2.013e-15
6.8122e+13	2.4498e-16	2.1727e-15
6.8223e+13	4.8077e-16	2.4404e-15
6.8325e+13	4.4623e-16	2.394e-15
6.8426e+13	2.2317e-16	2.1534e-15
6.8528e+13	3.7099e-16	2.157e-15
6.8629e+13	5.1279e-16	2.3769e-15
6.8731e+13	3.163e-16	2.4748e-15
6.8832e+13	3.0026e-16	2.3293e-15
6.8934e+13	4.4321e-16	2.0908e-15
6.9036e+13	2.9228e-16	2.0417e-15
6.9137e+13	2.2725e-16	2.2604e-15
6.9239e+13	4.7447e-16	2.4131e-15
6.934e+13	4.4905e-16	2.33e-15
6.9442e+13	2.3528e-16	2.3246e-15
6.9543e+13	3.8322e-16	2.4594e-15
6.9645e+13	5.1012e-16	2.4173e-15
6.9746e+13	3.0954e-16	2.3154e-15
6.9848e+13	3.3723e-16	2.477e-15
6.9949e+13	5.5191e-16	2.6706e-15
7.0051e+13	4.2515e-16	2.6583e-15
7.0152e+13	3.1779e-16	2.6896e-15
7.0254e+13	5.3232e-16	2.7804e-15
7.0355e+13	5.2172e-16	2.6571e-15
7.0457e+13	3.0626e-16	2.4765e-15
7.0558e+13	4.0835e-16	2.4714e-15
7.066e+13	5.1356e-16	2.4718e-15
7.0761e+13	3.3402e-16	2.4754e-15
7.0863e+13	3.5067e-16	2.6182e-15
7.0964e+13	5.0734e-16	2.5963e-15
7.1066e+13	3.5272e-16	2.3247e-15
7.1168e+13	2.6824e-16	2.3471e-15
7.1269e+13	4.9419e-16	2.667e-15
7.1371e+13	4.6886e-16	2.6502e-15
7.1472e+13	2.6679e-16	2.4036e-15
7.1574e+13	4.1895e-16	2.4663e-15
7.1675e+13	5.4877e-16	2.5856e-15
7.1777e+13	3.4347e-16	2.4398e-15
7.1878e+13	3.3695e-16	2.4023e-15
7.198e+13	5.0015e-16	2.5005e-15
7.2081e+13	3.3791e-16	2.2953e-15
7.2183e+13	2.3337e-16	2.1117e-15
7.2284e+13	5.016e-16	2.517e-15
7.2386e+13	5.6025e-16	2.9894e-15
7.2487e+13	3.5375e-16	2.8309e-15
7.2589e+13	4.11e-16	2.4568e-15
7.269e+13	4.9861e-16	2.44e-15
7.2792e+13	3.2008e-16	2.4783e-15
7.2893e+13	2.9809e-16	2.2403e-15
7.2995e+13	4.3353e-16	2.0769e-15
7.3096e+13	3.3238e-16	2.2727e-15
7.3198e+13	2.7776e-16	2.4899e-15
7.3299e+13	4.4737e-16	2.399e-15
7.3401e+13	3.9323e-16	2.2402e-15
7.3503e+13	2.4558e-16	2.3275e-15
7.3604e+13	4.2195e-16	2.4696e-15
7.3706e+13	5.0003e-16	2.3995e-15
7.3807e+13	2.6436e-16	2.2994e-15
7.3909e+13	2.8984e-16	2.3371e-15
7.401e+13	4.885e-16	2.2952e-15
7.4112e+13	3.2785e-16	2.1308e-15
7.4213e+13	1.8415e-16	2.1167e-15
7.4315e+13	3.7652e-16	2.2183e-15
7.4416e+13	3.8846e-16	2.2104e-15
7.4518e+13	2.326e-16	2.2286e-15
7.4619e+13	3.7714e-16	2.3858e-15
7.4721e+13	4.751e-16	2.4128e-15
7.4822e+13	2.546e-16	2.2568e-15
7.4924e+13	2.5155e-16	2.2213e-15
7.5025e+13	4.5482e-16	2.325e-15
7.5127e+13	3.6193e-16	2.3709e-15
7.5228e+13	2.7011e-16	2.417e-15
7.533e+13	4.5578e-16	2.5132e-15
7.5431e+13	4.3398e-16	2.5307e-15
7.5533e+13	2.5051e-16	2.5663e-15
7.5635e+13	4.1089e-16	2.7911e-15
7.5736e+13	5.7176e-16	2.9604e-15
7.5838e+13	3.6752e-16	2.8022e-15
7.5939e+13	2.9209e-16	2.566e-15
7.6041e+13	4.624e-16	2.5983e-15
7.6142e+13	4.3489e-16	2.7864e-15
7.6244e+13	3.6111e-16	2.8343e-15
7.6345e+13	4.6948e-16	2.7206e-15
7.6447e+13	4.24e-16	2.5795e-15
7.6548e+13	2.7408e-16	2.406e-15
7.665e+13	3.7393e-16	2.2131e-15
7.6751e+13	4.4755e-16	2.249e-15
7.6853e+13	3.1135e-16	2.5691e-15
7.6954e+13	3.5121e-16	2.7175e-15
7.7056e+13	4.7637e-16	2.4836e-15
7.7157e+13	3.4679e-16	2.3833e-15
7.7259e+13	3.0211e-16	2.6626e-15
7.736e+13	4.8041e-16	2.7713e-15
7.7462e+13	4.0833e-16	2.4783e-15
7.7563e+13	2.2283e-16	2.2909e-15
7.7665e+13	3.6397e-16	2.4121e-15
7.7766e+13	4.6669e-16	2.5353e-15
7.7868e+13	2.9644e-16	2.5727e-15
7.797e+13	3.2033e-16	2.5781e-15
7.8071e+13	4.7777e-16	2.5125e-15
7.8173e+13	3.6675e-16	2.5587e-15
7.8274e+13	3.0899e-16	2.8068e-15
7.8376e+13	4.7706e-16	2.8431e-15
7.8477e+13	4.0696e-16	2.5403e-15
7.8579e+13	2.3844e-16	2.4357e-15
7.868e+13	4.2585e-16	2.7177e-15
7.8782e+13	5.72e-16	2.9619e-15
7.8883e+13	3.8477e-16	2.9909e-15
7.8985e+13	3.6094e-16	2.9769e-15
7.9086e+13	5.3249e-16	3.0531e-15
7.9188e+13	4.8568e-16	3.2941e-15
7.9289e+13	4.3087e-16	3.4816e-15
7.9391e+13	5.4202e-16	3.264e-15
7.9492e+13	4.8105e-16	3.0013e-15
7.9594e+13	3.7534e-16	3.2179e-15
7.9695e+13	5.1349e-16	3.3642e-15
7.9797e+13	5.1694e-16	2.9536e-15
7.9898e+13	3.2552e-16	2.8726e-15
8e+13	4.5773e-16	3.569e-15
8.0102e+13	6.8089e-16	3.9051e-15
8.0203e+13	5.0312e-16	3.4136e-15
8.0305e+13	3.8117e-16	3.1372e-15
8.0406e+13	6.0086e-16	3.4652e-15
8.0508e+13	6.1957e-16	3.7166e-15
8.0609e+13	4.3457e-16	3.6255e-15
8.0711e+13	4.7679e-16	3.3305e-15
8.0812e+13	5.0347e-16	3.0408e-15
8.0914e+13	3.9697e-16	3.3615e-15
8.1015e+13	5.5617e-16	4.213e-15
8.1117e+13	7.0929e-16	4.2701e-15
8.1218e+13	4.4051e-16	3.3307e-15
8.132e+13	3.3655e-16	3.0934e-15
8.1421e+13	6.8172e-16	4.0688e-15
8.1523e+13	7.5543e-16	4.6282e-15
8.1624e+13	4.8681e-16	4.0287e-15
8.1726e+13	4.8653e-16	3.4461e-15
8.1827e+13	6.0317e-16	3.6887e-15
8.1929e+13	5.3444e-16	4.1766e-15
8.203e+13	5.861e-16	4.1949e-15
8.2132e+13	6.9257e-16	3.9076e-15
8.2234e+13	5.4416e-16	3.9657e-15
8.2335e+13	4.9922e-16	4.3217e-15
8.2437e+13	6.9988e-16	4.22e-15
8.2538e+13	6.5805e-16	3.8004e-15
8.264e+13	5.02e-16	4.0203e-15
8.2741e+13	6.468e-16	4.5479e-15
8.2843e+13	6.9701e-16	4.296e-15
8.2944e+13	4.75e-16	3.8216e-15
8.3046e+13	5.2949e-16	4.1428e-15
8.3147e+13	7.4279e-16	4.5495e-15
8.3249e+13	6.2953e-16	4.4841e-15
8.335e+13	5.8808e-16	4.9065e-15
8.3452e+13	8.4961e-16	5.7204e-15
8.3553e+13	8.2422e-16	5.565e-15
8.3655e+13	5.8345e-16	4.869e-15
8.3756e+13	6.9974e-16	5.0151e-15
8.3858e+13	8.4464e-16	5.4535e-15
8.3959e+13	7.031e-16	5.3773e-15
8.4061e+13	7.8504e-16	5.6528e-15
8.4162e+13	1.0372e-15	6.3635e-15
8.4264e+13	8.9043e-16	6.201e-15
8.4365e+13	6.8924e-16	5.5315e-15
8.4467e+13	8.5611e-16	5.811e-15
8.4569e+13	8.9111e-16	6.3749e-15
8.467e+13	6.8145e-16	5.9257e-15
8.4772e+13	7.6268e-16	5.3789e-15
8.4873e+13	9.6206e-16	5.822e-15
8.4975e+13	8.7314e-16	6.3846e-15
8.5076e+13	8.3891e-16	6.4236e-15
8.5178e+13	1.0223e-15	6.7211e-15
8.5279e+13	1.0632e-15	7.423e-15
8.5381e+13	1.0279e-15	7.6833e-15
8.5482e+13	1.091e-15	7.3662e-15
8.5584e+13	9.8418e-16	6.9296e-15
8.5685e+13	7.8427e-16	6.5213e-15
8.5787e+13	8.6787e-16	6.4275e-15
8.5888e+13	1.0219e-15	6.9547e-15
8.599e+13	1.0072e-15	7.6319e-15
8.6091e+13	1.1088e-15	8.0393e-15
8.6193e+13	1.275e-15	8.5017e-15
8.6294e+13	1.1536e-15	8.719e-15
8.6396e+13	9.6141e-16	7.8214e-15
8.6497e+13	9.7093e-16	6.6641e-15
8.6599e+13	9.9863e-16	7.107e-15
8.6701e+13	1.0722e-15	8.659e-15
8.6802e+13	1.2928e-15	9.1616e-15
8.6904e+13	1.3234e-15	8.4665e-15
8.7005e+13	1.1611e-15	8.1786e-15
8.7107e+13	1.2442e-15	8.656e-15
8.7208e+13	1.3674e-15	8.9372e-15
8.731e+13	1.1456e-15	8.5764e-15
8.7411e+13	1.0119e-15	8.0423e-15
8.7513e+13	1.2247e-15	8.0999e-15
8.7614e+13	1.2791e-15	8.8463e-15
8.7716e+13	1.1419e-15	9.2649e-15
8.7817e+13	1.2467e-15	8.8902e-15
8.7919e+13	1.3754e-15	8.81e-15
8.802e+13	1.2205e-15	9.2785e-15
8.8122e+13	1.1116e-15	8.9359e-15
8.8223e+13	1.1739e-15	7.8918e-15
8.8325e+13	1.1396e-15	7.8248e-15
8.8426e+13	1.1273e-15	8.7767e-15
8.8528e+13	1.3352e-15	9.8386e-15
8.8629e+13	1.52e-15	1.1028e-14
8.8731e+13	1.4963e-15	1.1422e-14
8.8832e+13	1.3758e-15	1.0003e-14
8.8934e+13	1.3068e-15	9.1744e-15
8.9036e+13	1.4211e-15	1.0857e-14
8.9137e+13	1.572e-15	1.1781e-14
8.9239e+13	1.4468e-15	1.0133e-14
8.934e+13	1.3624e-15	1.0034e-14
8.9442e+13	1.7427e-15	1.2632e-14
8.9543e+13	1.9712e-15	1.3116e-14
8.9645e+13	1.5391e-15	1.0833e-14
8.9746e+13	1.2313e-15	1.0123e-14
8.9848e+13	1.4858e-15	1.1037e-14
8.9949e+13	1.6232e-15	1.1149e-14
9.0051e+13	1.5732e-15	1.1801e-14
9.0152e+13	1.7812e-15	1.3305e-14
9.0254e+13	1.8421e-15	1.3011e-14
9.0355e+13	1.6184e-15	1.2469e-14
9.0457e+13	1.8571e-15	1.4646e-14
9.0558e+13	2.2751e-15	1.5815e-14
9.066e+13	1.9233e-15	1.2702e-14
9.0761e+13	1.4116e-15	1.0342e-14
9.0863e+13	1.6516e-15	1.2295e-14
9.0964e+13	1.9557e-15	1.4256e-14
9.1066e+13	1.8011e-15	1.3766e-14
9.1168e+13	1.8071e-15	1.3499e-14
9.1269e+13	1.9427e-15	1.3656e-14
9.1371e+13	1.7372e-15	1.2717e-14
9.1472e+13	1.6569e-15	1.2361e-14
9.1574e+13	1.9332e-15	1.345e-14
9.1675e+13	1.9467e-15	1.3693e-14
9.1777e+13	1.7675e-15	1.2838e-14
9.1878e+13	1.8547e-15	1.2672e-14
9.198e+13	1.8323e-15	1.2747e-14
9.2081e+13	1.597e-15	1.2302e-14
9.2183e+13	1.7272e-15	1.2466e-14
9.2284e+13	1.9603e-15	1.3181e-14
9.2386e+13	1.7405e-15	1.3018e-14
9.2487e+13	1.5878e-15	1.2298e-14
9.2589e+13	1.8154e-15	1.2204e-14
9.269e+13	1.8291e-15	1.2779e-14
9.2792e+13	1.6648e-15	1.3568e-14
9.2893e+13	1.7648e-15	1.3744e-14
9.2995e+13	1.7662e-15	1.2717e-14
9.3096e+13	1.5542e-15	1.1945e-14
9.3198e+13	1.7034e-15	1.2915e-14
9.3299e+13	2.0103e-15	1.4273e-14
9.3401e+13	1.9367e-15	1.4559e-14
9.3503e+13	1.8511e-15	1.4332e-14
9.3604e+13	1.9106e-15	1.3662e-14
9.3706e+13	1.6886e-15	1.2641e-14
9.3807e+13	1.5707e-15	1.3111e-14
9.3909e+13	1.9388e-15	1.4706e-14
9.401e+13	1.969e-15	1.4184e-14
9.4112e+13	1.4841e-15	1.2161e-14
9.4213e+13	1.529e-15	1.25e-14
9.4315e+13	1.9995e-15	1.4357e-14
9.4416e+13	1.9019e-15	1.4047e-14
9.4518e+13	1.5635e-15	1.244e-14
9.4619e+13	1.6679e-15	1.2424e-14
9.4721e+13	1.821e-15	1.3473e-14
9.4822e+13	1.7852e-15	1.3829e-14
9.4924e+13	1.8109e-15	1.3419e-14
9.5025e+13	1.7321e-15	1.3325e-14
9.5127e+13	1.6711e-15	1.4882e-14
9.5228e+13	2.0572e-15	1.7201e-14
9.533e+13	2.2761e-15	1.6935e-14
9.5431e+13	1.7887e-15	1.427e-14
9.5533e+13	1.5413e-15	1.3492e-14
9.5635e+13	1.9324e-15	1.496e-14
9.5736e+13	2.0183e-15	1.5673e-14
9.5838e+13	1.8815e-15	1.657e-14
9.5939e+13	2.2321e-15	1.8444e-14
9.6041e+13	2.3131e-15	1.7165e-14
9.6142e+13	1.6648e-15	1.2895e-14
9.6244e+13	1.5236e-15	1.2397e-14
9.6345e+13	2.1356e-15	1.6059e-14
9.6447e+13	2.281e-15	1.7492e-14
9.6548e+13	1.9965e-15	1.6341e-14
9.665e+13	2.0233e-15	1.6169e-14
9.6751e+13	1.9209e-15	1.5511e-14
9.6853e+13	1.5632e-15	1.3608e-14
9.6954e+13	1.7598e-15	1.4261e-14
9.7056e+13	2.2264e-15	1.6992e-14
9.7157e+13	2.1249e-15	1.7356e-14
9.7259e+13	1.9185e-15	1.6212e-14
9.736e+13	2.0762e-15	1.653e-14
9.7462e+13	2.0829e-15	1.6917e-14
9.7563e+13	1.9847e-15	1.6564e-14
9.7665e+13	2.1924e-15	1.7012e-14
9.7766e+13	2.1724e-15	1.6745e-14
9.7868e+13	1.6874e-15	1.4359e-14
9.797e+13	1.5259e-15	1.3083e-14
9.8071e+13	1.7514e-15	1.4113e-14
9.8173e+13	1.7059e-15	1.426e-14
9.8274e+13	1.5963e-15	1.3676e-14
9.8376e+13	1.7965e-15	1.4958e-14
9.8477e+13	1.8797e-15	1.6222e-14
9.8579e+13	1.7018e-15	1.5016e-14
9.868e+13	1.6497e-15	1.3427e-14
9.8782e+13	1.7084e-15	1.3305e-14
9.8883e+13	1.8036e-15	1.4087e-14
9.8985e+13	2.0903e-15	1.5924e-14
9.9086e+13	2.2537e-15	1.7735e-14
9.9188e+13	1.9978e-15	1.666e-14
9.9289e+13	1.769e-15	1.3895e-14
9.9391e+13	1.7872e-15	1.3462e-14
9.9492e+13	1.7401e-15	1.4991e-14
9.9594e+13	1.7799e-15	1.5835e-14
9.9695e+13	2.0618e-15	1.6202e-14
9.9797e+13	2.0481e-15	1.6236e-14
9.9898e+13	1.7044e-15	1.5063e-14
1e+14	1.6983e-15	1.4292e-14
1.001e+14	1.8548e-15	1.4716e-14
1.002e+14	1.5594e-15	1.3362e-14
1.003e+14	1.2083e-15	1.0412e-14
1.0041e+14	1.3257e-15	1.0544e-14
1.0051e+14	1.5276e-15	1.3524e-14
1.0061e+14	1.5125e-15	1.4313e-14
1.0071e+14	1.485e-15	1.2768e-14
1.0081e+14	1.4529e-15	1.2472e-14
1.0091e+14	1.3913e-15	1.3047e-14
1.0102e+14	1.4168e-15	1.2253e-14
1.0112e+14	1.3331e-15	1.0754e-14
1.0122e+14	1.0783e-15	9.9294e-15
1.0132e+14	1.0884e-15	9.8751e-15
1.0142e+14	1.3165e-15	1.0309e-14
1.0152e+14	1.2308e-15	1.0294e-14
1.0162e+14	1.0321e-15	9.4543e-15
1.0173e+14	1.1813e-15	9.4971e-15
1.0183e+14	1.2999e-15	1.0571e-14
1.0193e+14	1.0512e-15	9.8458e-15
1.0203e+14	8.8569e-16	7.5447e-15
1.0213e+14	1.0194e-15	7.5308e-15
1.0223e+14	1.1173e-15	9.6097e-15
1.0234e+14	1.0903e-15	9.8037e-15
1.0244e+14	1.0365e-15	8.157e-15
1.0254e+14	9.21e-16	7.6808e-15
1.0264e+14	8.5399e-16	8.1287e-15
1.0274e+14	9.2225e-16	7.8746e-15
1.0284e+14	9.2787e-16	7.585e-15
1.0294e+14	8.4229e-16	7.6255e-15
1.0305e+14	8.2722e-16	6.9854e-15
1.0315e+14	7.8798e-16	6.167e-15
1.0325e+14	6.8361e-16	6.2912e-15
1.0335e+14	7.1217e-16	6.572e-15
1.0345e+14	7.769e-16	6.2872e-15
1.0355e+14	6.8933e-16	6.2275e-15
1.0365e+14	6.583e-16	6.3055e-15
1.0376e+14	7.2323e-16	5.5444e-15
1.0386e+14	6.0545e-16	4.6285e-15
1.0396e+14	4.8037e-16	4.8013e-15
1.0406e+14	6.1969e-16	5.3263e-15
1.0416e+14	6.6305e-16	4.9275e-15
1.0426e+14	4.3709e-16	4.0357e-15
1.0437e+14	3.868e-16	3.739e-15
1.0447e+14	5.3871e-16	4.1389e-15
1.0457e+14	5.2517e-16	4.6213e-15
1.0467e+14	4.8714e-16	4.6954e-15
1.0477e+14	5.8694e-16	4.4091e-15
1.0487e+14	5.4302e-16	4.1949e-15
1.0497e+14	4.1126e-16	4.1311e-15
1.0508e+14	4.8496e-16	3.8916e-15
1.0518e+14	5.3343e-16	3.6054e-15
1.0528e+14	3.9431e-16	3.6416e-15
1.0538e+14	3.8337e-16	3.6306e-15
1.0548e+14	4.4888e-16	3.1142e-15
1.0558e+14	3.1622e-16	2.6622e-15
1.0569e+14	2.5985e-16	2.8554e-15
1.0579e+14	4.1524e-16	3.0827e-15
1.0589e+14	3.8156e-16	2.7588e-15
1.0599e+14	2.2838e-16	2.5124e-15
1.0609e+14	3.4448e-16	2.8895e-15
1.0619e+14	4.5441e-16	3.2083e-15
1.0629e+14	2.9085e-16	2.8068e-15
1.064e+14	2.3047e-16	2.1971e-15
1.065e+14	3.372e-16	2.1023e-15
1.066e+14	2.789e-16	2.3852e-15
1.067e+14	2.2345e-16	2.5676e-15
1.068e+14	3.5827e-16	2.5915e-15
1.069e+14	3.6116e-16	2.602e-15
1.0701e+14	2.3294e-16	2.5505e-15
1.0711e+14	2.8967e-16	2.3376e-15
1.0721e+14	3.3094e-16	2.0336e-15
1.0731e+14	1.7693e-16	1.7994e-15
1.0741e+14	1.6883e-16	1.7438e-15
1.0751e+14	3.0388e-16	1.8585e-15
1.0761e+14	2.413e-16	1.9737e-15
1.0772e+14	1.5383e-16	1.8823e-15
1.0782e+14	2.398e-16	1.6638e-15
1.0792e+14	2.2988e-16	1.6669e-15
1.0802e+14	1.5065e-16	1.9271e-15
1.0812e+14	2.5158e-16	1.972e-15
1.0822e+14	2.7946e-16	1.5946e-15
1.0832e+14	1.0835e-16	1.2926e-15
1.0843e+14	1.2483e-16	1.4082e-15
1.0853e+14	2.6641e-16	1.5193e-15
1.0863e+14	1.5738e-16	1.29e-15
1.0873e+14	5.3743e-17	1.1078e-15
1.0883e+14	1.969e-16	1.2727e-15
1.0893e+14	2.1786e-16	1.4269e-15
1.0904e+14	8.3098e-17	1.2888e-15
1.0914e+14	1.4121e-16	1.0994e-15
1.0924e+14	2.0766e-16	1.0392e-15
1.0934e+14	6.8362e-17	9.8406e-16
1.0944e+14	5.2493e-17	9.4582e-16
1.0954e+14	1.8461e-16	1.0697e-15
1.0964e+14	1.3121e-16	1.2114e-15
1.0975e+14	5.199e-17	1.092e-15
1.0985e+14	1.4843e-16	8.2625e-16
1.0995e+14	1.4612e-16	8.0117e-16
1.1005e+14	5.1574e-17	1.0287e-15
1.1015e+14	1.3557e-16	1.1002e-15
1.1025e+14	1.8431e-16	8.8046e-16
1.1036e+14	4.2188e-17	7.1489e-16
1.1046e+14	4.6269e-17	7.7835e-16
1.1056e+14	1.7076e-16	8.284e-16
1.1066e+14	9.0793e-17	7.6441e-16
1.1076e+14	1.6971e-17	7.674e-16
1.1086e+14	1.3969e-16	8.3802e-16
1.1096e+14	1.3546e-16	8.2887e-16
1.1107e+14	1.4761e-17	7.843e-16
1.1117e+14	8.9276e-17	7.5987e-16
1.1127e+14	1.5151e-16	6.7331e-16
1.1137e+14	2.0931e-17	5.8606e-16
1.1147e+14	2.6323e-17	6.368e-16
1.1157e+14	1.5416e-16	7.3099e-16
1.1168e+14	8.2944e-17	7.4654e-16
1.1178e+14	1.128e-17	7.3387e-16
1.1188e+14	1.238e-16	6.7914e-16
1.1198e+14	1.0918e-16	5.6001e-16
1.1208e+14	-9.2287e-18	5.4422e-16
1.1218e+14	7.6036e-17	6.5151e-16
1.1228e+14	1.4656e-16	6.5054e-16
1.1239e+14	2.0093e-17	5.5873e-16
1.1249e+14	2.4933e-17	5.7069e-16
1.1259e+14	1.4129e-16	5.7986e-16
1.1269e+14	5.36e-17	4.842e-16
1.1279e+14	-1.8829e-17	4.8533e-16
1.1289e+14	1.1011e-16	5.7501e-16
1.1299e+14	1.0373e-16	5.1061e-16
1.131e+14	-2.2979e-17	4.1327e-16
1.132e+14	5.9097e-17	4.9614e-16
1.133e+14	1.3822e-16	5.5229e-16
1.134e+14	1.322e-17	4.6127e-16
1.135e+14	1.1227e-17	4.604e-16
1.136e+14	1.3044e-16	5.3407e-16
1.1371e+14	5.0885e-17	4.6755e-16
1.1381e+14	-2.5051e-17	4.0158e-16
1.1391e+14	9.7163e-17	4.7829e-16
1.1401e+14	9.5639e-17	4.9048e-16
1.1411e+14	-2.4578e-17	4.1029e-16
1.1421e+14	5.3942e-17	4.3851e-16
1.1431e+14	1.266e-16	4.7371e-16
1.1442e+14	-1.1474e-18	3.7519e-16
1.1452e+14	-2.8211e-18	3.4186e-16
1.1462e+14	1.2126e-16	4.2853e-16
1.1472e+14	4.675e-17	4.1404e-16
1.1482e+14	-3.088e-17	3.4257e-16
1.1492e+14	9.0503e-17	3.9018e-16
1.1503e+14	9.3556e-17	4.3008e-16
1.1513e+14	-3.1054e-17	3.6432e-16
1.1523e+14	3.5453e-17	3.4762e-16
1.1533e+14	1.1288e-16	3.9339e-16
1.1543e+14	2.5691e-18	3.8175e-16
1.1553e+14	8.9191e-19	3.6326e-16
1.1563e+14	1.1178e-16	3.792e-16
1.1574e+14	3.7489e-17	3.5501e-16
1.1584e+14	-3.3627e-17	3.3582e-16
1.1594e+14	8.2737e-17	3.7373e-16
1.1604e+14	8.3001e-17	3.6699e-16
1.1614e+14	-3.0996e-17	3.2664e-16
1.1624e+14	4.1125e-17	3.6457e-16
1.1635e+14	1.1042e-16	3.8951e-16
1.1645e+14	-6.8125e-18	3.1623e-16
1.1655e+14	-8.7821e-18	2.8813e-16
1.1665e+14	1.0251e-16	3.3786e-16
1.1675e+14	3.1315e-17	3.3039e-16
1.1685e+14	-3.4278e-17	3.0462e-16
1.1695e+14	8.1712e-17	3.3971e-16
1.1706e+14	7.7357e-17	3.3803e-16
1.1716e+14	-3.6607e-17	2.9933e-16
1.1726e+14	3.8625e-17	3.3689e-16
1.1736e+14	1.0908e-16	3.7189e-16
1.1746e+14	-6.4944e-18	3.1853e-16
1.1756e+14	-5.4234e-18	3.0139e-16
1.1766e+14	1.0617e-16	3.4658e-16
1.1777e+14	3.2223e-17	3.3611e-16
1.1787e+14	-3.6267e-17	3.1457e-16
1.1797e+14	7.8559e-17	3.4913e-16
1.1807e+14	7.6417e-17	3.4767e-16
1.1817e+14	-3.4286e-17	3.1747e-16
1.1827e+14	3.8656e-17	3.4669e-16
1.1838e+14	1.0261e-16	3.5072e-16
1.1848e+14	-1.3647e-17	2.9552e-16
1.1858e+14	-6.4027e-18	3.2089e-16
1.1868e+14	1.0804e-16	3.8302e-16
1.1878e+14	3.1445e-17	3.3425e-16
1.1888e+14	-3.6335e-17	2.8784e-16
1.1898e+14	8.354e-17	3.4197e-16
1.1909e+14	8.0715e-17	3.4384e-16
1.1919e+14	-3.7746e-17	2.8073e-16
1.1929e+14	3.19e-17	2.998e-16
1.1939e+14	1.002e-16	3.3358e-16
1.1949e+14	-1.4637e-17	2.9838e-16
1.1959e+14	-1.147e-17	3.1157e-16
1.197e+14	1.0306e-16	3.5183e-16
1.198e+14	3.0775e-17	2.9364e-16
1.199e+14	-3.824e-17	2.6475e-16
1.2e+14	7.6916e-17	3.5589e-16
1.201e+14	7.5685e-17	3.7359e-16
1.202e+14	-3.7199e-17	2.9369e-16
1.203e+14	3.4376e-17	3.0687e-16
1.2041e+14	1.0223e-16	3.5633e-16
1.2051e+14	-1.2995e-17	3.1605e-16
1.2061e+14	-1.2102e-17	3.0669e-16
1.2071e+14	9.9668e-17	3.5152e-16
1.2081e+14	2.6666e-17	3.0773e-16
1.2091e+14	-4.2253e-17	2.5772e-16
1.2102e+14	7.4596e-17	3.1944e-16
1.2112e+14	7.6946e-17	3.4345e-16
1.2122e+14	-3.6577e-17	2.7881e-16
1.2132e+14	3.0281e-17	2.8454e-16
1.2142e+14	9.9599e-17	3.2869e-16
1.2152e+14	-8.8064e-18	3.0137e-16
1.2162e+14	-7.4207e-18	3.0238e-16
1.2173e+14	1.0081e-16	3.5244e-16
1.2183e+14	2.9994e-17	3.1852e-16
1.2193e+14	-3.7112e-17	2.6679e-16
1.2203e+14	7.3376e-17	3.1116e-16
1.2213e+14	7.064e-17	3.3248e-16
1.2223e+14	-3.956e-17	2.8452e-16
1.2234e+14	3.0235e-17	2.933e-16
1.2244e+14	9.7424e-17	3.2025e-16
1.2254e+14	-1.1238e-17	2.8125e-16
1.2264e+14	-6.2139e-18	2.8325e-16
1.2274e+14	1.0404e-16	3.3496e-16
1.2284e+14	3.1676e-17	3.014e-16
1.2294e+14	-3.7882e-17	2.5152e-16
1.2305e+14	7.207e-17	2.9662e-16
1.2315e+14	7.1393e-17	3.1658e-16
1.2325e+14	-3.7104e-17	2.6672e-16
1.2335e+14	3.1312e-17	2.7701e-16
1.2345e+14	9.5978e-17	3.1488e-16
1.2355e+14	-1.4002e-17	2.8818e-16
1.2365e+14	-9.4199e-18	2.8552e-16
1.2376e+14	1.0156e-16	3.2312e-16
1.2386e+14	3.067e-17	2.9262e-16
1.2396e+14	-3.9024e-17	2.5765e-16
1.2406e+14	7.0243e-17	3.0056e-16
1.2416e+14	7.0768e-17	3.0408e-16
1.2426e+14	-3.75e-17	2.4851e-16
1.2437e+14	2.8794e-17	2.618e-16
1.2447e+14	9.3536e-17	2.9353e-16
1.2457e+14	-1.5292e-17	2.542e-16
1.2467e+14	-1.4475e-17	2.4542e-16
1.2477e+14	9.2238e-17	2.8577e-16
1.2487e+14	2.4391e-17	2.6133e-16
1.2497e+14	-4.0517e-17	2.2602e-16
1.2508e+14	6.7669e-17	2.5958e-16
1.2518e+14	6.6057e-17	2.6479e-16
1.2528e+14	-4.0853e-17	2.346e-16
1.2538e+14	2.6033e-17	2.6505e-16
1.2548e+14	8.9591e-17	2.7622e-16
1.2558e+14	-1.8143e-17	2.1087e-16
1.2569e+14	-1.5148e-17	2.0989e-16
1.2579e+14	9.0963e-17	2.6598e-16
1.2589e+14	2.104e-17	2.3126e-16
1.2599e+14	-4.3957e-17	1.8856e-16
1.2609e+14	6.637e-17	2.4496e-16
1.2619e+14	6.6094e-17	2.6352e-16
1.2629e+14	-4.2739e-17	2.0644e-16
1.264e+14	2.1824e-17	2.125e-16
1.265e+14	8.6774e-17	2.3756e-16
1.266e+14	-1.8806e-17	1.91e-16
1.267e+14	-1.6678e-17	1.8508e-16
1.268e+14	8.9325e-17	2.3692e-16
1.269e+14	2.1137e-17	2.1086e-16
1.2701e+14	-4.6264e-17	1.6543e-16
1.2711e+14	5.9791e-17	2.0824e-16
1.2721e+14	6.1783e-17	2.275e-16
1.2731e+14	-4.2708e-17	1.7762e-16
1.2741e+14	1.9593e-17	1.7867e-16
1.2751e+14	8.1404e-17	2.048e-16
1.2761e+14	-2.1972e-17	1.7676e-16
1.2772e+14	-1.8772e-17	1.7621e-16
1.2782e+14	8.5475e-17	2.1232e-16
1.2792e+14	2.0134e-17	1.8734e-16
1.2802e+14	-4.2456e-17	1.652e-16
1.2812e+14	6.2013e-17	2.1403e-16
1.2822e+14	6.0475e-17	2.1925e-16
1.2832e+14	-4.2038e-17	1.7083e-16
1.2843e+14	2.3321e-17	1.8766e-16
1.2853e+14	8.4066e-17	2.1543e-16
1.2863e+14	-2.1403e-17	1.7914e-16
1.2873e+14	-1.9001e-17	1.7757e-16
1.2883e+14	8.419e-17	2.1047e-16
1.2893e+14	1.7431e-17	1.7249e-16
1.2904e+14	-4.6465e-17	1.4029e-16
1.2914e+14	5.6493e-17	1.8301e-16
1.2924e+14	5.4132e-17	1.7811e-16
1.2934e+14	-4.8001e-17	1.2807e-16
1.2944e+14	1.7991e-17	1.5959e-16
1.2954e+14	7.957e-17	1.9475e-16
1.2964e+14	-2.4774e-17	1.4719e-16
1.2975e+14	-2.1835e-17	1.4101e-16
1.2985e+14	8.1515e-17	1.8465e-16
1.2995e+14	1.4912e-17	1.4795e-16
1.3005e+14	-4.9284e-17	1.0716e-16
1.3015e+14	5.4495e-17	1.5975e-16
1.3025e+14	5.4996e-17	1.7739e-16
1.3036e+14	-4.6244e-17	1.288e-16
1.3046e+14	1.6948e-17	1.4344e-16
1.3056e+14	7.6748e-17	1.7098e-16
1.3066e+14	-2.7157e-17	1.2302e-16
1.3076e+14	-2.483e-17	1.135e-16
1.3086e+14	7.9143e-17	1.6829e-16
1.3096e+14	1.6843e-17	1.5894e-16
1.3107e+14	-4.561e-17	1.2373e-16
1.3117e+14	5.4205e-17	1.4888e-16
1.3127e+14	5.1843e-17	1.4627e-16
1.3137e+14	-4.8409e-17	1.0443e-16
1.3147e+14	1.5574e-17	1.2916e-16
1.3157e+14	7.6625e-17	1.6132e-16
1.3168e+14	-2.4341e-17	1.2314e-16
1.3178e+14	-2.2567e-17	1.1522e-16
1.3188e+14	7.6615e-17	1.5032e-16
1.3198e+14	1.2021e-17	1.2496e-16
1.3208e+14	-4.9179e-17	9.613e-17
1.3218e+14	5.1256e-17	1.2868e-16
1.3228e+14	4.9457e-17	1.2131e-16
1.3239e+14	-4.9413e-17	7.7825e-17
1.3249e+14	1.3958e-17	1.0491e-16
1.3259e+14	7.3621e-17	1.3264e-16
1.3269e+14	-2.5993e-17	9.5943e-17
1.3279e+14	-2.2681e-17	1.0396e-16
1.3289e+14	7.5476e-17	1.4627e-16
1.3299e+14	1.046e-17	1.1111e-16
1.331e+14	-4.9501e-17	8.0733e-17
1.332e+14	5.0553e-17	1.2407e-16
1.333e+14	4.7447e-17	1.1701e-16
1.334e+14	-5.0368e-17	6.7912e-17
1.335e+14	1.4988e-17	1.0436e-16
1.336e+14	7.4277e-17	1.4325e-16
1.3371e+14	-2.771e-17	9.6716e-17
1.3381e+14	-2.6297e-17	8.7135e-17
1.3391e+14	7.2188e-17	1.2688e-16
1.3401e+14	9.469e-18	1.0047e-16
1.3411e+14	-4.8626e-17	7.756e-17
1.3421e+14	5.1396e-17	1.2406e-16
1.3431e+14	4.7428e-17	1.1603e-16
1.3442e+14	-5.1348e-17	6.4404e-17
1.3452e+14	1.2972e-17	9.8332e-17
1.3462e+14	7.2509e-17	1.2917e-16
1.3472e+14	-2.7557e-17	7.3085e-17
1.3482e+14	-2.4953e-17	6.9839e-17
1.3492e+14	7.2452e-17	1.2679e-16
1.3503e+14	7.9665e-18	1.0185e-16
1.3513e+14	-5.0189e-17	6.8707e-17
1.3523e+14	5.1934e-17	1.2149e-16
1.3533e+14	4.9551e-17	1.2782e-16
1.3543e+14	-5.088e-17	6.8219e-17
1.3553e+14	1.0701e-17	8.3154e-17
1.3563e+14	7.001e-17	1.1576e-16
1.3574e+14	-2.9056e-17	7.4153e-17
1.3584e+14	-2.5868e-17	7.2345e-17
1.3594e+14	7.3638e-17	1.2157e-16
1.3604e+14	1.0924e-17	9.2594e-17
1.3614e+14	-5.0364e-17	5.3465e-17
1.3624e+14	4.77e-17	9.737e-17
1.3635e+14	4.6966e-17	1.0646e-16
1.3645e+14	-5.0235e-17	6.227e-17
1.3655e+14	1.051e-17	8.65e-17
1.3665e+14	6.9127e-17	1.1332e-16
1.3675e+14	-2.8042e-17	6.2892e-17
1.3685e+14	-2.5592e-17	6.0424e-17
1.3695e+14	7.0919e-17	1.1352e-16
1.3706e+14	8.8368e-18	8.735e-17
1.3716e+14	-4.9887e-17	5.2507e-17
1.3726e+14	4.7759e-17	1.0072e-16
1.3736e+14	4.5852e-17	1.0594e-16
1.3746e+14	-5.0202e-17	5.4941e-17
1.3756e+14	1.1761e-17	8.3977e-17
1.3766e+14	6.9866e-17	1.2038e-16
1.3777e+14	-2.8406e-17	6.652e-17
1.3787e+14	-2.659e-17	5.581e-17
1.3797e+14	7.0307e-17	1.1119e-16
1.3807e+14	8.9288e-18	8.6102e-17
1.3817e+14	-5.0216e-17	4.3634e-17
1.3827e+14	4.7173e-17	9.4666e-17
1.3838e+14	4.6404e-17	1.1191e-16
1.3848e+14	-4.9822e-17	5.5225e-17
1.3858e+14	1.0376e-17	6.9112e-17
1.3868e+14	6.9064e-17	1.1099e-16
1.3878e+14	-2.7429e-17	7.0322e-17
1.3888e+14	-2.6567e-17	5.6347e-17
1.3898e+14	6.9745e-17	1.113e-16
1.3909e+14	1.0689e-17	1.0013e-16
1.3919e+14	-4.8483e-17	5.6217e-17
1.3929e+14	4.5957e-17	8.9269e-17
1.3939e+14	4.5723e-17	1.0766e-16
1.3949e+14	-4.8106e-17	6.3799e-17
1.3959e+14	1.0517e-17	6.8898e-17
1.397e+14	6.7616e-17	9.879e-17
1.398e+14	-2.6534e-17	7.0269e-17
1.399e+14	-2.5299e-17	6.3197e-17
1.4e+14	6.7631e-17	9.8208e-17
1.401e+14	8.0052e-18	7.6298e-17
1.402e+14	-4.8855e-17	4.833e-17
1.403e+14	4.5637e-17	8.9936e-17
1.4041e+14	4.4723e-17	9.8896e-17
1.4051e+14	-4.7868e-17	5.5776e-17
1.4061e+14	1.1165e-17	7.3741e-17
1.4071e+14	6.7278e-17	1.049e-16
1.4081e+14	-2.6572e-17	6.8503e-17
1.4091e+14	-2.4382e-17	6.395e-17
1.4102e+14	6.8938e-17	1.094e-16
1.4112e+14	9.9256e-18	8.9613e-17
1.4122e+14	-4.7397e-17	5.3038e-17
1.4132e+14	4.5031e-17	8.7163e-17
1.4142e+14	4.4041e-17	9.8525e-17
1.4152e+14	-4.6626e-17	6.1458e-17
1.4162e+14	1.1826e-17	7.7426e-17
1.4173e+14	6.6e-17	1.0117e-16
1.4183e+14	-2.6837e-17	6.2385e-17
1.4193e+14	-2.322e-17	5.7738e-17
1.4203e+14	6.8453e-17	1.0009e-16
1.4213e+14	8.4015e-18	8.3299e-17
1.4223e+14	-4.6589e-17	5.8117e-17
1.4234e+14	4.7566e-17	9.5839e-17
1.4244e+14	4.5204e-17	1.0048e-16
1.4254e+14	-4.6929e-17	6.4496e-17
1.4264e+14	1.2047e-17	8.9892e-17
1.4274e+14	6.6968e-17	1.1367e-16
1.4284e+14	-2.6358e-17	6.8595e-17
1.4294e+14	-2.2909e-17	6.7986e-17
1.4305e+14	7.0363e-17	1.1834e-16
1.4315e+14	1.1315e-17	9.7462e-17
1.4325e+14	-4.5748e-17	6.1748e-17
1.4335e+14	4.6127e-17	9.4358e-17
1.4345e+14	4.4575e-17	9.6302e-17
1.4355e+14	-4.6365e-17	5.7272e-17
1.4365e+14	1.1586e-17	8.3707e-17
1.4376e+14	6.5966e-17	1.0872e-16
1.4386e+14	-2.6463e-17	5.9139e-17
1.4396e+14	-2.3515e-17	5.6272e-17
1.4406e+14	6.8686e-17	1.1294e-16
1.4416e+14	1.0889e-17	9.7798e-17
1.4426e+14	-4.4393e-17	6.2982e-17
1.4437e+14	4.7299e-17	9.9607e-17
1.4447e+14	4.4822e-17	1.0553e-16
1.4457e+14	-4.6911e-17	5.9232e-17
1.4467e+14	1.0424e-17	7.5252e-17
1.4477e+14	6.5771e-17	1.0342e-16
1.4487e+14	-2.5178e-17	6.5478e-17
1.4497e+14	-2.3197e-17	6.7159e-17
1.4508e+14	6.736e-17	1.2083e-16
1.4518e+14	1.0357e-17	1.0142e-16
1.4528e+14	-4.3896e-17	6.1723e-17
1.4538e+14	4.6991e-17	9.5203e-17
1.4548e+14	4.4113e-17	1.0186e-16
1.4558e+14	-4.7048e-17	5.5954e-17
1.4569e+14	1.0387e-17	7.3016e-17
1.4579e+14	6.619e-17	1.0759e-16
1.4589e+14	-2.4326e-17	7.0926e-17
1.4599e+14	-2.4118e-17	5.8507e-17
1.4609e+14	6.4603e-17	1.0024e-16
1.4619e+14	8.4742e-18	8.8143e-17
1.4629e+14	-4.51e-17	5.8518e-17
1.464e+14	4.5123e-17	9.0018e-17
1.465e+14	4.412e-17	9.7743e-17
1.466e+14	-4.4163e-17	5.9951e-17
1.467e+14	1.1611e-17	7.2067e-17
1.468e+14	6.4075e-17	9.4391e-17
1.469e+14	-2.5484e-17	6.4872e-17
1.4701e+14	-2.3023e-17	6.6586e-17
1.4711e+14	6.4496e-17	9.8277e-17
1.4721e+14	6.6083e-18	6.9057e-17
1.4731e+14	-4.6186e-17	4.8677e-17
1.4741e+14	4.482e-17	9.6851e-17
1.4751e+14	4.2881e-17	9.7438e-17
1.4761e+14	-4.5865e-17	4.9762e-17
1.4772e+14	1.1182e-17	7.5031e-17
1.4782e+14	6.4524e-17	1.0653e-16
1.4792e+14	-2.6606e-17	5.8358e-17
1.4802e+14	-2.6014e-17	4.58e-17
1.4812e+14	6.2979e-17	9.4122e-17
1.4822e+14	7.8891e-18	8.1478e-17
1.4832e+14	-4.5577e-17	5.0316e-17
1.4843e+14	4.3391e-17	8.6601e-17
1.4853e+14	4.2734e-17	9.8125e-17
1.4863e+14	-4.4463e-17	6.1278e-17
1.4873e+14	1.0626e-17	7.796e-17
1.4883e+14	6.3071e-17	1.0336e-16
1.4893e+14	-2.4941e-17	6.7539e-17
1.4904e+14	-2.2534e-17	6.3359e-17
1.4914e+14	6.4655e-17	9.9247e-17
1.4924e+14	8.4e-18	7.2761e-17
1.4934e+14	-4.4691e-17	4.4009e-17
1.4944e+14	4.3624e-17	8.5772e-17
1.4954e+14	4.1999e-17	9.1671e-17
1.4964e+14	-4.5094e-17	4.8657e-17
1.4975e+14	1.0133e-17	7.0326e-17
1.4985e+14	6.2532e-17	1.0202e-16
1.4995e+14	-2.5359e-17	6.2454e-17
1.5005e+14	-2.3475e-17	5.3808e-17
1.5015e+14	6.3163e-17	9.6962e-17
1.5025e+14	7.6817e-18	8.1138e-17
1.5036e+14	-4.4527e-17	5.1996e-17
1.5046e+14	4.367e-17	8.7501e-17
1.5056e+14	4.1957e-17	9.4274e-17
1.5066e+14	-4.5216e-17	5.3891e-17
1.5076e+14	9.5182e-18	6.7838e-17
1.5086e+14	6.2316e-17	9.0692e-17
1.5096e+14	-2.4641e-17	5.8645e-17
1.5107e+14	-2.3122e-17	6.506e-17
1.5117e+14	6.3217e-17	1.0708e-16
1.5127e+14	8.8762e-18	7.7885e-17
1.5137e+14	-4.3163e-17	4.9366e-17
1.5147e+14	4.3842e-17	9.9357e-17
1.5157e+14	4.2302e-17	1.0722e-16
1.5168e+14	-4.4362e-17	5.2668e-17
1.5178e+14	9.1337e-18	6.492e-17
1.5188e+14	6.1561e-17	9.9861e-17
1.5198e+14	-2.4028e-17	6.4217e-17
1.5208e+14	-2.3038e-17	5.1192e-17
1.5218e+14	6.1519e-17	8.9568e-17
1.5228e+14	7.8247e-18	7.308e-17
1.5239e+14	-4.3285e-17	4.33e-17
1.5249e+14	4.2183e-17	7.8926e-17
1.5259e+14	4.0102e-17	8.7534e-17
1.5269e+14	-4.4419e-17	4.7955e-17
1.5279e+14	1.0118e-17	6.6503e-17
1.5289e+14	6.1662e-17	9.897e-17
1.5299e+14	-2.4146e-17	6.4532e-17
1.531e+14	-2.3086e-17	5.2984e-17
1.532e+14	6.0744e-17	8.83e-17
1.533e+14	6.8388e-18	7.0379e-17
1.534e+14	-4.3647e-17	4.1918e-17
1.535e+14	4.2383e-17	7.8413e-17
1.536e+14	4.0829e-17	9.1064e-17
1.5371e+14	-4.3996e-17	5.6135e-17
1.5381e+14	8.8105e-18	6.9263e-17
1.5391e+14	5.9594e-17	9.2737e-17
1.5401e+14	-2.4725e-17	6.3094e-17
1.5411e+14	-2.2398e-17	6.4023e-17
1.5421e+14	6.1553e-17	1.0049e-16
1.5431e+14	7.9981e-18	7.6659e-17
1.5442e+14	-4.2709e-17	5.0354e-17
1.5452e+14	4.1998e-17	9.1745e-17
1.5462e+14	4.0428e-17	1.0065e-16
1.5472e+14	-4.2865e-17	6.0234e-17
1.5482e+14	1.0356e-17	7.5844e-17
1.5492e+14	6.0447e-17	1.0243e-16
1.5503e+14	-2.4157e-17	6.5403e-17
1.5513e+14	-2.2476e-17	5.2994e-17
1.5523e+14	6.0419e-17	8.5708e-17
1.5533e+14	7.1929e-18	7.3315e-17
1.5543e+14	-4.223e-17	5.8579e-17
1.5553e+14	4.2778e-17	9.5256e-17
1.5563e+14	4.0608e-17	9.1891e-17
1.5574e+14	-4.3154e-17	5.2036e-17
1.5584e+14	1.0143e-17	7.7121e-17
1.5594e+14	6.0783e-17	1.028e-16
1.5604e+14	-2.3912e-17	5.8527e-17
1.5614e+14	-2.3234e-17	5.1145e-17
1.5624e+14	5.9865e-17	9.5232e-17
1.5635e+14	7.8607e-18	8.0057e-17
1.5645e+14	-4.2831e-17	5.1643e-17
1.5655e+14	3.9162e-17	8.2336e-17
1.5665e+14	3.6946e-17	8.2036e-17
1.5675e+14	-4.4428e-17	4.3756e-17
1.5685e+14	9.6053e-18	6.844e-17
1.5695e+14	6.0096e-17	9.7979e-17
1.5706e+14	-2.3188e-17	6.2453e-17
1.5716e+14	-2.1356e-17	6.169e-17
1.5726e+14	6.0745e-17	1.006e-16
1.5736e+14	7.3266e-18	7.175e-17
1.5746e+14	-4.3164e-17	4.2288e-17
1.5756e+14	4.0555e-17	9.0164e-17
1.5766e+14	3.9578e-17	9.7967e-17
1.5777e+14	-4.2997e-17	4.6595e-17
1.5787e+14	9.1457e-18	6.5664e-17
1.5797e+14	5.9997e-17	1.0744e-16
1.5807e+14	-2.2716e-17	7.0136e-17
1.5817e+14	-2.2566e-17	4.9273e-17
1.5827e+14	5.9099e-17	8.7833e-17
1.5838e+14	8.1312e-18	7.8428e-17
1.5848e+14	-4.1773e-17	4.7164e-17
1.5858e+14	4.0217e-17	7.6385e-17
1.5868e+14	4.0051e-17	8.9214e-17
1.5878e+14	-4.0794e-17	5.7595e-17
1.5888e+14	9.4408e-18	7.3126e-17
1.5898e+14	5.814e-17	9.8679e-17
1.5909e+14	-2.311e-17	6.4042e-17
1.5919e+14	-2.1586e-17	5.4946e-17
1.5929e+14	5.9272e-17	9.3334e-17
1.5939e+14	8.2315e-18	8.0322e-17
1.5949e+14	-4.1584e-17	5.0095e-17
1.5959e+14	3.8558e-17	7.4931e-17
1.597e+14	3.7397e-17	7.9016e-17
1.598e+14	-4.1794e-17	4.7355e-17
1.599e+14	9.802e-18	7.0581e-17
1.6e+14	5.8433e-17	1.0152e-16
1.601e+14	-2.3103e-17	6.5869e-17
1.602e+14	-2.2748e-17	4.8085e-17
1.603e+14	5.6618e-17	7.6601e-17
1.6041e+14	6.6146e-18	6.9434e-17
1.6051e+14	-4.037e-17	6.0742e-17
1.6061e+14	4.0817e-17	9.6632e-17
1.6071e+14	3.8546e-17	8.9386e-17
1.6081e+14	-4.1806e-17	4.5491e-17
1.6091e+14	9.7878e-18	7.196e-17
1.6102e+14	5.96e-17	1.1003e-16
1.6112e+14	-2.1119e-17	7.3846e-17
1.6122e+14	-2.1589e-17	5.4064e-17
1.6132e+14	5.7303e-17	8.422e-17
1.6142e+14	8.4872e-18	7.6395e-17
1.6152e+14	-3.8556e-17	6.1665e-17
1.6162e+14	4.0476e-17	9.1773e-17
1.6173e+14	3.767e-17	8.442e-17
1.6183e+14	-4.1123e-17	4.5431e-17
1.6193e+14	1.0423e-17	7.499e-17
1.6203e+14	5.8313e-17	1.0734e-16
1.6213e+14	-2.3268e-17	6.2675e-17
1.6223e+14	-2.2874e-17	4.6886e-17
1.6234e+14	5.7138e-17	8.9268e-17
1.6244e+14	8.0927e-18	7.7828e-17
1.6254e+14	-4.0671e-17	4.477e-17
1.6264e+14	3.8102e-17	7.4594e-17
1.6274e+14	3.7903e-17	8.9711e-17
1.6284e+14	-3.9741e-17	5.9079e-17
1.6294e+14	9.5532e-18	7.2177e-17
1.6305e+14	5.6956e-17	9.6649e-17
1.6315e+14	-2.1859e-17	6.4459e-17
1.6325e+14	-2.0595e-17	5.7283e-17
1.6335e+14	5.8209e-17	9.9505e-17
1.6345e+14	1.0008e-17	9.3833e-17
1.6355e+14	-3.7736e-17	6.4439e-17
1.6365e+14	3.9258e-17	8.3521e-17
1.6376e+14	3.7652e-17	8.7769e-17
1.6386e+14	-3.9611e-17	5.5785e-17
1.6396e+14	8.9107e-18	6.6251e-17
1.6406e+14	5.5753e-17	9.0547e-17
1.6416e+14	-2.0796e-17	7.1243e-17
1.6426e+14	-1.8486e-17	7.0641e-17
1.6437e+14	5.7391e-17	9.6069e-17
1.6447e+14	7.2468e-18	7.5407e-17
1.6457e+14	-3.8783e-17	5.4191e-17
1.6467e+14	3.9787e-17	8.5109e-17
1.6477e+14	3.8222e-17	9.127e-17
1.6487e+14	-3.8455e-17	6.5508e-17
1.6497e+14	1.0551e-17	8.4212e-17
1.6508e+14	5.6144e-17	9.8522e-17
1.6518e+14	-2.2071e-17	5.8365e-17
1.6528e+14	-2.0115e-17	5.2429e-17
1.6538e+14	5.6609e-17	9.0788e-17
1.6548e+14	7.5896e-18	8.4235e-17
1.6558e+14	-3.8119e-17	6.7338e-17
1.6569e+14	3.9747e-17	9.1996e-17
1.6579e+14	3.7626e-17	8.9345e-17
1.6589e+14	-3.8859e-17	6.2576e-17
1.6599e+14	1.0456e-17	8.4693e-17
1.6609e+14	5.6287e-17	9.8623e-17
1.6619e+14	-2.1583e-17	6.2118e-17
1.6629e+14	-1.9227e-17	6.8192e-17
1.664e+14	5.8073e-17	1.0725e-16
1.665e+14	9.3088e-18	8.265e-17
1.666e+14	-3.7217e-17	5.616e-17
1.667e+14	3.9942e-17	9.2562e-17
1.668e+14	3.8318e-17	9.6609e-17
1.669e+14	-3.8122e-17	5.924e-17
1.6701e+14	1.0427e-17	7.8936e-17
1.6711e+14	5.7152e-17	1.0874e-16
1.6721e+14	-1.9096e-17	8.0386e-17
1.6731e+14	-1.8029e-17	7.4544e-17
1.6741e+14	5.6701e-17	1.0313e-16
1.6751e+14	8.2702e-18	8.3855e-17
1.6761e+14	-3.6348e-17	6.5656e-17
1.6772e+14	4.1174e-17	1.0099e-16
1.6782e+14	3.9353e-17	1.0004e-16
1.6792e+14	-3.6797e-17	6.226e-17
1.6802e+14	1.1217e-17	8.4377e-17
1.6812e+14	5.665e-17	1.1192e-16
1.6822e+14	-2.0417e-17	7.4691e-17
1.6832e+14	-1.9506e-17	6.1983e-17
1.6843e+14	5.5968e-17	9.4481e-17
1.6853e+14	8.7064e-18	8.4245e-17
1.6863e+14	-3.6106e-17	6.824e-17
1.6873e+14	4.0595e-17	1.0177e-16
1.6883e+14	3.9638e-17	1.0615e-16
1.6893e+14	-3.5518e-17	7.523e-17
1.6904e+14	1.1562e-17	9.1935e-17
1.6914e+14	5.6737e-17	1.093e-16
1.6924e+14	-1.8585e-17	7.5761e-17
1.6934e+14	-1.7226e-17	7.5946e-17
1.6944e+14	5.684e-17	1.1069e-16
1.6954e+14	8.9813e-18	9.0113e-17
1.6964e+14	-3.6527e-17	6.2677e-17
1.6975e+14	3.8036e-17	8.6951e-17
1.6985e+14	3.661e-17	8.7271e-17
1.6995e+14	-3.6227e-17	6.6094e-17
1.7005e+14	1.2185e-17	9.8929e-17
1.7015e+14	5.6656e-17	1.1845e-16
1.7025e+14	-1.8717e-17	7.4814e-17
1.7036e+14	-1.6703e-17	7.2529e-17
1.7046e+14	5.7102e-17	1.1211e-16
1.7056e+14	8.9371e-18	8.9888e-17
1.7066e+14	-3.5647e-17	6.1409e-17
1.7076e+14	4.0259e-17	9.6842e-17
1.7086e+14	3.907e-17	1.0444e-16
1.7096e+14	-3.5136e-17	7.0924e-17
1.7107e+14	1.1876e-17	9.1372e-17
1.7117e+14	5.6838e-17	1.1894e-16
1.7127e+14	-1.7717e-17	8.5765e-17
1.7137e+14	-1.7119e-17	7.3535e-17
1.7147e+14	5.5131e-17	9.7535e-17
1.7157e+14	8.0743e-18	7.9206e-17
1.7168e+14	-3.5295e-17	6.6486e-17
1.7178e+14	3.9418e-17	1.055e-16
1.7188e+14	3.7151e-17	1.0301e-16
1.7198e+14	-3.6479e-17	6.1592e-17
1.7208e+14	1.0589e-17	7.9967e-17
1.7218e+14	5.4843e-17	1.0408e-16
1.7228e+14	-1.9136e-17	7.0675e-17
1.7239e+14	-1.6635e-17	7.3335e-17
1.7249e+14	5.7525e-17	1.1888e-16
1.7259e+14	1.1189e-17	1.0242e-16
1.7269e+14	-3.3796e-17	6.7468e-17
1.7279e+14	3.8629e-17	9.113e-17
1.7289e+14	3.719e-17	1.0324e-16
1.7299e+14	-3.3351e-17	8.6288e-17
1.731e+14	1.4376e-17	1.0747e-16
1.732e+14	5.6779e-17	1.1732e-16
1.733e+14	-1.7912e-17	7.8021e-17
1.734e+14	-1.5218e-17	8.3278e-17
1.735e+14	5.7513e-17	1.2212e-16
1.736e+14	9.3646e-18	9.5578e-17
1.7371e+14	-3.4942e-17	6.7043e-17
1.7381e+14	3.9823e-17	1.0454e-16
1.7391e+14	3.9009e-17	1.126e-16
1.7401e+14	-3.3396e-17	7.987e-17
1.7411e+14	1.2883e-17	9.9642e-17
1.7421e+14	5.6034e-17	1.2008e-16
1.7431e+14	-1.7728e-17	8.222e-17
1.7442e+14	-1.5054e-17	8.3075e-17
1.7452e+14	5.8768e-17	1.2877e-16
1.7462e+14	1.2391e-17	1.1397e-16
1.7472e+14	-3.2926e-17	8.463e-17
1.7482e+14	3.9079e-17	1.1147e-16
1.7492e+14	3.8076e-17	1.118e-16
1.7503e+14	-3.2746e-17	7.5681e-17
1.7513e+14	1.3438e-17	9.3717e-17
1.7523e+14	5.5744e-17	1.1605e-16
1.7533e+14	-1.7986e-17	8.1689e-17
1.7543e+14	-1.5887e-17	8.1878e-17
1.7553e+14	5.6977e-17	1.2387e-16
1.7563e+14	1.1443e-17	1.0715e-16
1.7574e+14	-3.2386e-17	7.7656e-17
1.7584e+14	3.9631e-17	1.0679e-16
1.7594e+14	3.8434e-17	1.1587e-16
1.7604e+14	-3.1916e-17	8.9606e-17
1.7614e+14	1.3813e-17	1.0509e-16
1.7624e+14	5.5245e-17	1.156e-16
1.7635e+14	-1.7578e-17	8.078e-17
1.7645e+14	-1.4041e-17	9.274e-17
1.7655e+14	5.7868e-17	1.3398e-16
1.7665e+14	1.002e-17	1.0182e-16
1.7675e+14	-3.4031e-17	7.1203e-17
1.7685e+14	3.9557e-17	1.1448e-16
1.7695e+14	3.8022e-17	1.1843e-16
1.7706e+14	-3.4598e-17	6.8744e-17
1.7716e+14	1.1436e-17	8.2715e-17
1.7726e+14	5.592e-17	1.1263e-16
1.7736e+14	-1.6724e-17	7.8043e-17
1.7746e+14	-1.614e-17	7.4382e-17
1.7756e+14	5.6001e-17	1.1996e-16
1.7766e+14	1.1683e-17	1.0442e-16
1.7777e+14	-3.159e-17	7.3659e-17
1.7787e+14	4.0415e-17	1.1097e-16
1.7797e+14	3.9381e-17	1.2197e-16
1.7807e+14	-3.2187e-17	7.9913e-17
1.7817e+14	1.3118e-17	9.5631e-17
1.7827e+14	5.7471e-17	1.3136e-16
1.7838e+14	-1.4794e-17	9.6713e-17
1.7848e+14	-1.5659e-17	7.9321e-17
1.7858e+14	5.5917e-17	1.2215e-16
1.7868e+14	1.3517e-17	1.2008e-16
1.7878e+14	-3.0029e-17	8.5572e-17
1.7888e+14	3.956e-17	1.039e-16
1.7898e+14	3.9753e-17	1.2142e-16
1.7909e+14	-2.9136e-17	1.0287e-16
1.7919e+14	1.4254e-17	1.1456e-16
1.7929e+14	5.6112e-17	1.2877e-16
1.7939e+14	-1.4041e-17	9.3433e-17
1.7949e+14	-1.3431e-17	8.3154e-17
1.7959e+14	5.531e-17	1.148e-16
1.797e+14	1.1348e-17	1.0426e-16
1.798e+14	-3.0369e-17	8.3025e-17
1.799e+14	3.9769e-17	1.113e-16
1.8e+14	3.8745e-17	1.1861e-16
1.801e+14	-2.9969e-17	8.9611e-17
1.802e+14	1.4316e-17	1.0475e-16
1.803e+14	5.6291e-17	1.2965e-16
1.8041e+14	-1.3403e-17	1.0701e-16
1.8051e+14	-1.2256e-17	1.0379e-16
1.8061e+14	5.5533e-17	1.2513e-16
1.8071e+14	1.0364e-17	9.8489e-17
1.8081e+14	-3.0561e-17	8.1661e-17
1.8091e+14	4.1752e-17	1.2889e-16
1.8102e+14	4.1711e-17	1.3816e-16
1.8112e+14	-2.847e-17	9.2458e-17
1.8122e+14	1.3662e-17	1.0038e-16
1.8132e+14	5.5525e-17	1.3337e-16
1.8142e+14	-1.25e-17	1.1391e-16
1.8152e+14	-1.0278e-17	1.0623e-16
1.8162e+14	5.767e-17	1.3113e-16
1.8173e+14	1.2477e-17	1.1197e-16
1.8183e+14	-2.9547e-17	8.6867e-17
1.8193e+14	4.0527e-17	1.1454e-16
1.8203e+14	3.9283e-17	1.1993e-16
1.8213e+14	-2.9917e-17	9.3327e-17
1.8223e+14	1.417e-17	1.1732e-16
1.8234e+14	5.6651e-17	1.3823e-16
1.8244e+14	-1.3861e-17	8.9303e-17
1.8254e+14	-1.4744e-17	7.1732e-17
1.8264e+14	5.4667e-17	1.2001e-16
1.8274e+14	1.3884e-17	1.2547e-16
1.8284e+14	-2.8033e-17	9.6856e-17
1.8294e+14	3.8701e-17	1.109e-16
1.8305e+14	3.8021e-17	1.1832e-16
1.8315e+14	-2.8058e-17	9.5297e-17
1.8325e+14	1.507e-17	1.0811e-16
1.8335e+14	5.475e-17	1.2368e-16
1.8345e+14	-1.5088e-17	8.7841e-17
1.8355e+14	-1.4772e-17	7.546e-17
1.8365e+14	5.2847e-17	1.0836e-16
1.8376e+14	1.099e-17	1.0512e-16
1.8386e+14	-2.8566e-17	9.0077e-17
1.8396e+14	4.0698e-17	1.2011e-16
1.8406e+14	3.976e-17	1.2841e-16
1.8416e+14	-2.872e-17	9.4923e-17
1.8426e+14	1.2272e-17	9.7446e-17
1.8437e+14	5.254e-17	1.1496e-16
1.8447e+14	-1.4294e-17	9.5699e-17
1.8457e+14	-1.1548e-17	9.8829e-17
1.8467e+14	5.6839e-17	1.3363e-16
1.8477e+14	1.4779e-17	1.252e-16
1.8487e+14	-2.6563e-17	1.0431e-16
1.8497e+14	4.0343e-17	1.2794e-16
1.8508e+14	3.9775e-17	1.3772e-16
1.8518e+14	-2.6518e-17	1.1525e-16
1.8528e+14	1.439e-17	1.1834e-16
1.8538e+14	5.2944e-17	1.1823e-16
1.8548e+14	-1.4405e-17	8.467e-17
1.8558e+14	-1.2374e-17	8.6788e-17
1.8569e+14	5.4007e-17	1.1926e-16
1.8579e+14	1.1451e-17	1.051e-16
1.8589e+14	-2.8411e-17	8.6084e-17
1.8599e+14	3.9028e-17	1.135e-16
1.8609e+14	3.7962e-17	1.2031e-16
1.8619e+14	-2.7916e-17	9.8421e-17
1.8629e+14	1.3805e-17	1.1166e-16
1.864e+14	5.2512e-17	1.1918e-16
1.865e+14	-1.4962e-17	8.5307e-17
1.866e+14	-1.3244e-17	8.6754e-17
1.867e+14	5.3138e-17	1.218e-16
1.868e+14	1.2267e-17	1.1424e-16
1.869e+14	-2.5285e-17	1.0586e-16
1.8701e+14	4.2315e-17	1.3769e-16
1.8711e+14	3.9559e-17	1.3432e-16
1.8721e+14	-2.7545e-17	9.8004e-17
1.8731e+14	1.3626e-17	1.0504e-16
1.8741e+14	5.2099e-17	1.1543e-16
1.8751e+14	-1.4151e-17	9.4061e-17
1.8761e+14	-1.0177e-17	1.1079e-16
1.8772e+14	5.6481e-17	1.4128e-16
1.8782e+14	1.3003e-17	1.0707e-16
1.8792e+14	-2.6987e-17	8.2963e-17
1.8802e+14	4.0586e-17	1.2376e-16
1.8812e+14	3.8731e-17	1.2915e-16
1.8822e+14	-2.7918e-17	9.3627e-17
1.8832e+14	1.4488e-17	1.1156e-16
1.8843e+14	5.4703e-17	1.3335e-16
1.8853e+14	-1.2379e-17	9.8778e-17
1.8863e+14	-1.1673e-17	9.3386e-17
1.8873e+14	5.3502e-17	1.2341e-16
1.8883e+14	1.1007e-17	9.9785e-17
1.8893e+14	-2.8866e-17	7.4015e-17
1.8904e+14	3.814e-17	1.1018e-16
1.8914e+14	3.7586e-17	1.2144e-16
1.8924e+14	-2.7573e-17	9.0889e-17
1.8934e+14	1.4064e-17	1.0521e-16
1.8944e+14	5.3463e-17	1.2667e-16
1.8954e+14	-1.268e-17	9.8582e-17
1.8964e+14	-1.1563e-17	9.4587e-17
1.8975e+14	5.2898e-17	1.2004e-16
1.8985e+14	1.1191e-17	9.967e-17
1.8995e+14	-2.6723e-17	8.5641e-17
1.9005e+14	3.9973e-17	1.2261e-16
1.9015e+14	3.6707e-17	1.1625e-16
1.9025e+14	-2.998e-17	7.1053e-17
1.9036e+14	1.2532e-17	8.9377e-17
1.9046e+14	5.2541e-17	1.1736e-16
1.9056e+14	-1.418e-17	8.6529e-17
1.9066e+14	-1.2006e-17	8.859e-17
1.9076e+14	5.5155e-17	1.3349e-16
1.9086e+14	1.3243e-17	1.1791e-16
1.9096e+14	-2.77e-17	8.8335e-17
1.9107e+14	3.9053e-17	1.2003e-16
1.9117e+14	3.8829e-17	1.2571e-16
1.9127e+14	-2.78e-17	8.6403e-17
1.9137e+14	1.2711e-17	1.0164e-16
1.9147e+14	5.3326e-17	1.2848e-16
1.9157e+14	-1.3037e-17	9.0948e-17
1.9168e+14	-1.3287e-17	8.2277e-17
1.9178e+14	5.4069e-17	1.3243e-16
1.9188e+14	1.5258e-17	1.2781e-16
1.9198e+14	-2.7166e-17	8.5065e-17
1.9208e+14	3.5042e-17	9.3183e-17
1.9218e+14	3.5241e-17	9.8472e-17
1.9228e+14	-2.8619e-17	7.253e-17
1.9239e+14	1.1e-17	9.1988e-17
1.9249e+14	5.1075e-17	1.2157e-16
1.9259e+14	-1.2974e-17	8.8879e-17
1.9269e+14	-1.3968e-17	7.1308e-17
1.9279e+14	4.9832e-17	1.055e-16
1.9289e+14	1.1422e-17	1.008e-16
1.9299e+14	-2.7989e-17	7.2017e-17
1.931e+14	3.4991e-17	9.5227e-17
1.932e+14	3.5896e-17	1.1319e-16
1.933e+14	-2.6226e-17	8.6507e-17
1.934e+14	1.2388e-17	8.8107e-17
1.935e+14	5.0315e-17	1.098e-16
1.936e+14	-1.2691e-17	9.1859e-17
1.9371e+14	-1.2381e-17	8.2424e-17
1.9381e+14	4.9913e-17	1.0818e-16
1.9391e+14	1.107e-17	1.0617e-16
1.9401e+14	-2.6447e-17	8.8968e-17
1.9411e+14	3.6272e-17	1.0171e-16
1.9421e+14	3.4682e-17	9.8299e-17
1.9431e+14	-2.79e-17	7.3409e-17
1.9442e+14	1.2192e-17	8.8211e-17
1.9452e+14	5.0376e-17	1.0518e-16
1.9462e+14	-1.3846e-17	7.5127e-17
1.9472e+14	-1.4366e-17	6.6379e-17
1.9482e+14	4.8239e-17	9.5069e-17
1.9492e+14	9.5844e-18	8.5715e-17
1.9503e+14	-2.9188e-17	6.257e-17
1.9513e+14	3.2766e-17	8.3361e-17
1.9523e+14	3.3288e-17	9.4564e-17
1.9533e+14	-2.7331e-17	7.5e-17
1.9543e+14	1.1175e-17	8.3857e-17
1.9553e+14	4.8049e-17	9.8684e-17
1.9563e+14	-1.389e-17	7.5698e-17
1.9574e+14	-1.3266e-17	6.6801e-17
1.9584e+14	4.6873e-17	8.5534e-17
1.9594e+14	7.8368e-18	8.0042e-17
1.9604e+14	-2.7641e-17	7.4373e-17
1.9614e+14	3.5214e-17	9.5279e-17
1.9624e+14	3.3224e-17	9.1057e-17
1.9635e+14	-2.8136e-17	7.142e-17
1.9645e+14	1.1397e-17	8.6099e-17
1.9655e+14	4.7285e-17	8.6217e-17
1.9665e+14	-1.5924e-17	5.3713e-17
1.9675e+14	-1.3488e-17	6.7514e-17
1.9685e+14	4.8812e-17	1.0193e-16
1.9695e+14	8.8306e-18	7.6289e-17
1.9706e+14	-2.8028e-17	5.9124e-17
1.9716e+14	3.5854e-17	1.004e-16
1.9726e+14	3.4249e-17	9.9764e-17
1.9736e+14	-2.9586e-17	5.3308e-17
1.9746e+14	8.8231e-18	6.5781e-17
1.9756e+14	4.7515e-17	9.758e-17
1.9766e+14	-1.3639e-17	7.5181e-17
1.9777e+14	-1.279e-17	6.9028e-17
1.9787e+14	4.8197e-17	9.8328e-17
1.9797e+14	8.69e-18	8.3662e-17
1.9807e+14	-2.9357e-17	6.0102e-17
1.9817e+14	3.254e-17	8.7078e-17
1.9827e+14	3.2208e-17	9.1884e-17
1.9838e+14	-2.9249e-17	5.6009e-17
1.9848e+14	8.5748e-18	6.1807e-17
1.9858e+14	4.6044e-17	8.4088e-17
1.9868e+14	-1.4548e-17	6.454e-17
1.9878e+14	-1.4033e-17	6.1515e-17
1.9888e+14	4.5591e-17	8.7737e-17
1.9898e+14	7.2138e-18	7.4974e-17
1.9909e+14	-2.8563e-17	5.7738e-17
1.9919e+14	3.2738e-17	8.2931e-17
1.9929e+14	3.0671e-17	8.0591e-17
1.9939e+14	-3.0079e-17	4.6291e-17
1.9949e+14	9.3517e-18	6.2556e-17
1.9959e+14	4.6533e-17	9.0268e-17
1.997e+14	-1.5352e-17	6.3922e-17
1.998e+14	-1.5182e-17	5.027e-17
1.999e+14	4.5024e-17	7.3379e-17
2e+14	6.9739e-18	6.4393e-17
2.001e+14	-2.9127e-17	5.0231e-17
2.002e+14	3.2257e-17	7.7975e-17
2.003e+14	3.1105e-17	8.1387e-17
2.0041e+14	-2.9494e-17	5.0448e-17
2.0051e+14	8.8498e-18	6.1954e-17
2.0061e+14	4.5698e-17	8.4461e-17
2.0071e+14	-1.537e-17	6.1077e-17
2.0081e+14	-1.4837e-17	5.4216e-17
2.0091e+14	4.5435e-17	8.0517e-17
2.0102e+14	7.4946e-18	6.8962e-17
2.0112e+14	-2.9946e-17	4.5624e-17
2.0122e+14	2.9677e-17	6.2964e-17
2.0132e+14	2.9476e-17	6.7194e-17
2.0142e+14	-2.9148e-17	4.7097e-17
2.0152e+14	8.3407e-18	6.1286e-17
2.0162e+14	4.3444e-17	7.4271e-17
2.0173e+14	-1.6944e-17	4.6541e-17
2.0183e+14	-1.5564e-17	4.5695e-17
2.0193e+14	4.3638e-17	7.3757e-17
2.0203e+14	5.4642e-18	5.7194e-17
2.0213e+14	-3.0343e-17	3.5452e-17
2.0223e+14	2.9752e-17	6.001e-17
2.0234e+14	2.8223e-17	6.2932e-17
2.0244e+14	-3.0882e-17	3.5641e-17
2.0254e+14	7.6714e-18	5.1509e-17
2.0264e+14	4.3577e-17	7.2005e-17
2.0274e+14	-1.7163e-17	4.3516e-17
2.0284e+14	-1.6304e-17	3.748e-17
2.0294e+14	4.3199e-17	6.8558e-17
2.0305e+14	5.3941e-18	5.7034e-17
2.0315e+14	-3.1091e-17	3.0529e-17
2.0325e+14	2.8398e-17	4.9483e-17
2.0335e+14	2.7615e-17	5.7109e-17
2.0345e+14	-3.1101e-17	3.3244e-17
2.0355e+14	6.2719e-18	4.2259e-17
2.0365e+14	4.182e-17	6.1575e-17
2.0376e+14	-1.7415e-17	4.4807e-17
2.0386e+14	-1.5955e-17	4.2197e-17
2.0396e+14	4.2467e-17	6.0883e-17
2.0406e+14	4.4524e-18	4.5169e-17
2.0416e+14	-3.104e-17	3.0713e-17
2.0426e+14	2.8632e-17	5.4393e-17
2.0437e+14	2.7185e-17	5.2257e-17
2.0447e+14	-3.1831e-17	2.4317e-17
2.0457e+14	5.4774e-18	3.7969e-17
2.0467e+14	4.0737e-17	5.3828e-17
2.0477e+14	-1.8706e-17	2.9286e-17
2.0487e+14	-1.6926e-17	3.2263e-17
2.0497e+14	4.2312e-17	6.3011e-17
2.0508e+14	4.6569e-18	4.6254e-17
2.0518e+14	-3.1623e-17	2.1978e-17
2.0528e+14	2.7463e-17	4.452e-17
2.0538e+14	2.6778e-17	4.9709e-17
2.0548e+14	-3.166e-17	2.6176e-17
2.0558e+14	5.2264e-18	3.9503e-17
2.0569e+14	4.0745e-17	5.429e-17
2.0579e+14	-1.8013e-17	2.7685e-17
2.0589e+14	-1.7217e-17	2.7305e-17
2.0599e+14	4.064e-17	5.6522e-17
2.0609e+14	3.5818e-18	4.1523e-17
2.0619e+14	-3.1832e-17	1.9837e-17
2.0629e+14	2.6443e-17	4.2576e-17
2.064e+14	2.5167e-17	4.4859e-17
2.065e+14	-3.24e-17	1.8645e-17
2.066e+14	5.0523e-18	3.3133e-17
2.067e+14	4.0124e-17	5.0452e-17
2.068e+14	-1.9041e-17	2.2531e-17
2.069e+14	-1.8249e-17	1.8798e-17
2.0701e+14	4.0009e-17	4.8667e-17
2.0711e+14	3.6036e-18	3.7156e-17
2.0721e+14	-3.1774e-17	1.5972e-17
2.0731e+14	2.6124e-17	3.7332e-17
2.0741e+14	2.5209e-17	4.1519e-17
2.0751e+14	-3.2035e-17	1.8615e-17
2.0761e+14	4.5372e-18	3.2236e-17
2.0772e+14	3.8862e-17	4.5791e-17
2.0782e+14	-1.9945e-17	1.6344e-17
2.0792e+14	-1.8981e-17	1.304e-17
2.0802e+14	3.9116e-17	4.232e-17
2.0812e+14	3.2708e-18	3.1034e-17
2.0822e+14	-3.1637e-17	1.3608e-17
2.0832e+14	2.578e-17	3.8194e-17
2.0843e+14	2.4532e-17	3.9346e-17
2.0853e+14	-3.2605e-17	1.0287e-17
2.0863e+14	3.752e-18	2.3265e-17
2.0873e+14	3.8319e-17	4.2972e-17
2.0883e+14	-1.9326e-17	1.9299e-17
2.0893e+14	-1.7998e-17	1.6354e-17
2.0904e+14	3.9051e-17	4.1779e-17
2.0914e+14	2.3565e-18	2.5767e-17
2.0924e+14	-3.2457e-17	6.562e-18
2.0934e+14	2.5503e-17	3.4669e-17
2.0944e+14	2.4817e-17	4.0591e-17
2.0954e+14	-3.2426e-17	1.0894e-17
2.0964e+14	3.2102e-18	1.928e-17
2.0975e+14	3.7753e-17	3.7828e-17
2.0985e+14	-1.9373e-17	1.7507e-17
2.0995e+14	-1.8383e-17	1.7219e-17
2.1005e+14	3.8232e-17	4.2382e-17
2.1015e+14	2.1561e-18	2.4292e-17
2.1025e+14	-3.2462e-17	1.915e-18
2.1036e+14	2.4613e-17	2.8059e-17
2.1046e+14	2.3873e-17	3.6017e-17
2.1056e+14	-3.2511e-17	1.0196e-17
2.1066e+14	3.1084e-18	1.9818e-17
2.1076e+14	3.7285e-17	3.6719e-17
2.1086e+14	-1.9427e-17	1.3875e-17
2.1096e+14	-1.8353e-17	1.0766e-17
2.1107e+14	3.7601e-17	3.448e-17
2.1117e+14	1.4385e-18	1.8819e-17
2.1127e+14	-3.2762e-17	9.1052e-19
2.1137e+14	2.4342e-17	2.8621e-17
2.1147e+14	2.3656e-17	3.4151e-17
2.1157e+14	-3.2544e-17	5.7886e-18
2.1168e+14	2.779e-18	1.5915e-17
2.1178e+14	3.664e-17	3.4789e-17
2.1188e+14	-1.9996e-17	1.1963e-17
2.1198e+14	-1.9029e-17	7.824e-18
2.1208e+14	3.7006e-17	3.3698e-17
2.1218e+14	1.6611e-18	2.2368e-17
2.1228e+14	-3.2232e-17	4.6229e-18
2.1239e+14	2.4116e-17	2.7857e-17
2.1249e+14	2.3069e-17	3.1151e-17
2.1259e+14	-3.2883e-17	5.0053e-18
2.1269e+14	2.263e-18	1.6677e-17
2.1279e+14	3.6069e-17	3.4104e-17
2.1289e+14	-2.0009e-17	9.6716e-18
2.1299e+14	-1.9017e-17	4.7867e-18
2.131e+14	3.653e-17	2.9265e-17
2.132e+14	1.3814e-18	1.6244e-17
2.133e+14	-3.2159e-17	-1.6717e-18
2.134e+14	2.3901e-17	2.3154e-17
2.135e+14	2.2808e-17	2.8031e-17
2.136e+14	-3.2709e-17	1.6006e-18
2.1371e+14	2.4626e-18	1.1918e-17
2.1381e+14	3.6105e-17	2.9837e-17
2.1391e+14	-1.9893e-17	8.0589e-18
2.1401e+14	-1.9093e-17	5.2938e-18
2.1411e+14	3.6179e-17	3.072e-17
2.1421e+14	1.1095e-18	1.8486e-17
2.1431e+14	-3.268e-17	-3.8751e-19
2.1442e+14	2.2993e-17	2.0972e-17
2.1452e+14	2.2499e-17	2.3933e-17
2.1462e+14	-3.239e-17	-3.4486e-19
2.1472e+14	2.1572e-18	1.2519e-17
2.1482e+14	3.538e-17	3.0186e-17
2.1492e+14	-1.9953e-17	6.7289e-18
2.1503e+14	-1.912e-17	2.2777e-18
2.1513e+14	3.5435e-17	2.6605e-17
2.1523e+14	6.3296e-19	1.5869e-17
2.1533e+14	-3.2484e-17	5.8705e-19
2.1543e+14	2.2851e-17	2.2812e-17
2.1553e+14	2.1941e-17	2.2553e-17
2.1563e+14	-3.2649e-17	-4.0283e-18
2.1574e+14	2.0636e-18	1.003e-17
2.1584e+14	3.5263e-17	2.8902e-17
2.1594e+14	-1.9827e-17	4.9095e-18
2.1604e+14	-1.8996e-17	1.0042e-18
2.1614e+14	3.5359e-17	2.7199e-17
2.1624e+14	7.7135e-19	1.575e-17
2.1635e+14	-3.229e-17	-2.9239e-18
2.1645e+14	2.2646e-17	1.8531e-17
2.1655e+14	2.1805e-17	2.1662e-17
2.1665e+14	-3.2471e-17	-2.7501e-18
2.1675e+14	1.8782e-18	9.275e-18
2.1685e+14	3.4784e-17	2.6208e-17
2.1695e+14	-1.9959e-17	3.6364e-18
2.1706e+14	-1.9123e-17	1.3074e-18
2.1716e+14	3.5014e-17	2.6643e-17
2.1726e+14	8.8785e-19	1.4785e-17
2.1736e+14	-3.1957e-17	-1.9462e-18
2.1746e+14	2.2252e-17	2.0691e-17
2.1756e+14	2.1131e-17	2.2462e-17
2.1766e+14	-3.2584e-17	-2.6273e-18
2.1777e+14	1.9448e-18	1.1306e-17
2.1787e+14	3.4778e-17	2.9377e-17
2.1797e+14	-1.9619e-17	4.6228e-18
2.1807e+14	-1.8714e-17	-3.7818e-19
2.1817e+14	3.4995e-17	2.4743e-17
2.1827e+14	7.2437e-19	1.3396e-17
2.1838e+14	-3.2098e-17	-4.1124e-18
2.1848e+14	2.2062e-17	1.8191e-17
2.1858e+14	2.1295e-17	2.1163e-17
2.1868e+14	-3.2189e-17	-3.6942e-18
2.1878e+14	1.7335e-18	8.6699e-18
2.1888e+14	3.4177e-17	2.6633e-17
2.1898e+14	-1.9755e-17	4.4404e-18
2.1909e+14	-1.8667e-17	1.1677e-18
2.1919e+14	3.4822e-17	2.5171e-17
2.1929e+14	8.7835e-19	1.2661e-17
2.1939e+14	-3.156e-17	-3.7029e-18
2.1949e+14	2.2386e-17	1.9966e-17
2.1959e+14	2.1506e-17	2.1932e-17
2.197e+14	-3.1852e-17	-4.7234e-18
2.198e+14	1.9487e-18	7.9659e-18
2.199e+14	3.4463e-17	2.7176e-17
2.2e+14	-1.9248e-17	4.2141e-18
2.201e+14	-1.8628e-17	-4.1609e-19
2.202e+14	3.4364e-17	2.4368e-17
2.203e+14	7.5619e-19	1.2369e-17
2.2041e+14	-3.1646e-17	-6.1688e-18
2.2051e+14	2.164e-17	1.6745e-17
2.2061e+14	2.0816e-17	2.1928e-17
2.2071e+14	-3.2028e-17	-3.0308e-18
2.2081e+14	1.4497e-18	6.984e-18
2.2091e+14	3.368e-17	2.4813e-17
2.2102e+14	-1.9483e-17	4.1171e-18
2.2112e+14	-1.8766e-17	5.5444e-19
2.2122e+14	3.381e-17	2.4509e-17
2.2132e+14	6.0294e-19	1.3555e-17
2.2142e+14	-3.1192e-17	-3.8531e-18
2.2152e+14	2.1877e-17	1.6695e-17
2.2162e+14	2.0882e-17	1.9221e-17
2.2173e+14	-3.1787e-17	-5.1981e-18
2.2183e+14	1.4077e-18	5.8256e-18
2.2193e+14	3.3528e-17	2.3204e-17
2.2203e+14	-1.8985e-17	2.6467e-18
2.2213e+14	-1.8118e-17	-3.6918e-19
2.2223e+14	3.3803e-17	2.2709e-17
2.2234e+14	3.6124e-19	1.0883e-17
2.2244e+14	-3.1385e-17	-5.8831e-18
2.2254e+14	2.139e-17	1.5541e-17
2.2264e+14	2.0564e-17	1.9213e-17
2.2274e+14	-3.141e-17	-2.6279e-18
2.2284e+14	1.7905e-18	1.0186e-17
2.2294e+14	3.3376e-17	2.6038e-17
2.2305e+14	-1.9286e-17	2.7847e-18
2.2315e+14	-1.8401e-17	-1.1632e-18
2.2325e+14	3.3561e-17	2.2252e-17
2.2335e+14	4.9146e-19	1.121e-17
2.2345e+14	-3.1127e-17	-3.9563e-18
2.2355e+14	2.1297e-17	1.8501e-17
2.2365e+14	2.0494e-17	2.0625e-17
2.2376e+14	-3.1247e-17	-4.1363e-18
2.2386e+14	1.634e-18	7.2185e-18
2.2396e+14	3.303e-17	2.3549e-17
2.2406e+14	-1.9293e-17	1.4178e-18
2.2416e+14	-1.8535e-17	-1.4584e-18
2.2426e+14	3.3028e-17	2.2604e-17
2.2437e+14	3.6012e-19	1.1184e-17
2.2447e+14	-3.0801e-17	-5.085e-18
2.2457e+14	2.1235e-17	1.682e-17
2.2467e+14	2.0142e-17	1.9587e-17
2.2477e+14	-3.1352e-17	-3.7965e-18
2.2487e+14	1.5345e-18	8.8839e-18
2.2497e+14	3.2863e-17	2.5541e-17
2.2508e+14	-1.9162e-17	2.2617e-18
2.2518e+14	-1.8311e-17	-1.8283e-18
2.2528e+14	3.3137e-17	2.2756e-17
2.2538e+14	6.8949e-19	1.2409e-17
2.2548e+14	-3.0374e-17	-4.774e-18
2.2558e+14	2.1435e-17	1.5164e-17
2.2569e+14	2.0517e-17	1.7766e-17
2.2579e+14	-3.0742e-17	-4.6869e-18
2.2589e+14	1.7117e-18	7.4757e-18
2.2599e+14	3.2793e-17	2.326e-17
2.2609e+14	-1.8824e-17	1.2283e-18
2.2619e+14	-1.7976e-17	-1.0605e-18
2.2629e+14	3.3039e-17	2.2906e-17
2.264e+14	6.1072e-19	1.0826e-17
2.265e+14	-3.0427e-17	-5.7545e-18
2.266e+14	2.106e-17	1.6768e-17
2.267e+14	2.0253e-17	2.0293e-17
2.268e+14	-3.0744e-17	-4.0349e-18
2.269e+14	1.348e-18	6.514e-18
2.2701e+14	3.2248e-17	2.3211e-17
2.2711e+14	-1.8968e-17	2.4221e-18
2.2721e+14	-1.8212e-17	-1.0181e-18
2.2731e+14	3.2428e-17	2.1205e-17
2.2741e+14	3.5564e-19	1.0044e-17
2.2751e+14	-3.0399e-17	-4.3326e-18
2.2761e+14	2.067e-17	1.7876e-17
2.2772e+14	1.9925e-17	1.9273e-17
2.2782e+14	-3.0465e-17	-4.8748e-18
2.2792e+14	1.5683e-18	8.1304e-18
2.2802e+14	3.2161e-17	2.5066e-17
2.2812e+14	-1.8831e-17	1.5434e-18
2.2822e+14	-1.8047e-17	-2.7318e-18
2.2832e+14	3.2311e-17	2.2168e-17
2.2843e+14	4.4185e-19	1.2096e-17
2.2853e+14	-3.0105e-17	-5.0707e-18
2.2863e+14	2.0668e-17	1.56e-17
2.2873e+14	1.9906e-17	1.9141e-17
2.2883e+14	-3.0277e-17	-4.3886e-18
2.2893e+14	1.4416e-18	5.7523e-18
2.2904e+14	3.188e-17	2.2256e-17
2.2914e+14	-1.8647e-17	2.5952e-18
2.2924e+14	-1.7845e-17	-5.1563e-20
2.2934e+14	3.2119e-17	2.1874e-17
2.2944e+14	4.9749e-19	1.0418e-17
2.2954e+14	-2.9772e-17	-3.9664e-18
2.2964e+14	2.0543e-17	1.8146e-17
2.2975e+14	1.9565e-17	1.9365e-17
2.2985e+14	-3.0302e-17	-5.1602e-18
2.2995e+14	1.3405e-18	7.6045e-18
2.3005e+14	3.1634e-17	2.5122e-17
2.3015e+14	-1.8483e-17	2.1722e-18
2.3025e+14	-1.7497e-17	-2.5764e-18
2.3036e+14	3.2156e-17	2.1821e-17
2.3046e+14	4.8289e-19	1.1813e-17
2.3056e+14	-2.9748e-17	-5.7974e-18
2.3066e+14	2.034e-17	1.4553e-17
2.3076e+14	1.9436e-17	1.928e-17
2.3086e+14	-3.0149e-17	-3.4267e-18
2.3096e+14	1.3499e-18	5.2857e-18
2.3107e+14	3.1544e-17	2.0329e-17
2.3117e+14	-1.8349e-17	1.2751e-18
2.3127e+14	-1.7528e-17	5.3229e-20
2.3137e+14	3.1874e-17	2.2846e-17
2.3147e+14	6.0042e-19	1.1018e-17
2.3157e+14	-2.9385e-17	-5.5191e-18
2.3168e+14	2.0318e-17	1.5169e-17
2.3178e+14	1.9443e-17	1.8782e-17
2.3188e+14	-2.9748e-17	-2.8637e-18
2.3198e+14	1.4972e-18	8.0165e-18
2.3208e+14	3.1317e-17	2.1757e-17
2.3218e+14	-1.8358e-17	-6.8538e-19
2.3228e+14	-1.744e-17	-2.1385e-18
2.3239e+14	3.1791e-17	2.2813e-17
2.3249e+14	6.9203e-19	1.0794e-17
2.3259e+14	-2.9246e-17	-7.3993e-18
2.3269e+14	2.0076e-17	1.4135e-17
2.3279e+14	1.9201e-17	1.8993e-17
2.3289e+14	-2.977e-17	-4.6999e-18
2.3299e+14	1.1616e-18	4.8324e-18
2.331e+14	3.0818e-17	2.2105e-17
2.332e+14	-1.8473e-17	2.3173e-18
2.333e+14	-1.7654e-17	-2.6276e-18
2.334e+14	3.1103e-17	1.8932e-17
2.335e+14	2.2648e-19	9.3821e-18
2.336e+14	-2.9288e-17	-5.713e-18
2.3371e+14	1.9961e-17	1.5293e-17
2.3381e+14	1.9169e-17	2.0133e-17
2.3391e+14	-2.9567e-17	-1.9765e-18
2.3401e+14	1.0983e-18	6.2254e-18
2.3411e+14	3.0654e-17	2.0362e-17
2.3421e+14	-1.8135e-17	6.9184e-19
2.3431e+14	-1.7193e-17	-2.2143e-18
2.3442e+14	3.1283e-17	1.9638e-17
2.3452e+14	5.737e-19	1.0049e-17
2.3462e+14	-2.886e-17	-4.4184e-18
2.3472e+14	1.9904e-17	1.5279e-17
2.3482e+14	1.902e-17	1.7498e-17
2.3492e+14	-2.9363e-17	-4.751e-18
2.3503e+14	1.1821e-18	5.6106e-18
2.3513e+14	3.0526e-17	2.1345e-17
2.3523e+14	-1.8089e-17	2.2966e-18
2.3533e+14	-1.7308e-17	-6.8797e-19
2.3543e+14	3.0819e-17	1.9752e-17
2.3553e+14	3.8358e-19	8.5344e-18
2.3563e+14	-2.8831e-17	-5.9465e-18
2.3574e+14	1.9599e-17	1.463e-17
2.3584e+14	1.888e-17	1.717e-17
2.3594e+14	-2.8867e-17	-4.9562e-18
2.3604e+14	1.5653e-18	5.8169e-18
2.3614e+14	3.0435e-17	2.1801e-17
2.3624e+14	-1.8083e-17	2.8708e-18
2.3635e+14	-1.7216e-17	4.1153e-19
2.3645e+14	3.0652e-17	2.1763e-17
2.3655e+14	2.7239e-19	1.1184e-17
2.3665e+14	-2.8727e-17	-3.8475e-18
2.3675e+14	1.9606e-17	1.503e-17
2.3685e+14	1.8823e-17	1.6635e-17
2.3695e+14	-2.8947e-17	-4.4427e-18
2.3706e+14	1.2773e-18	7.2433e-18
2.3716e+14	3.0291e-17	2.1772e-17
2.3726e+14	-1.7811e-17	6.4377e-19
2.3736e+14	-1.713e-17	-2.2037e-18
2.3746e+14	3.0436e-17	1.9774e-17
2.3756e+14	4.6798e-19	8.9812e-18
2.3766e+14	-2.8308e-17	-6.3207e-18
2.3777e+14	1.9568e-17	1.3684e-17
2.3787e+14	1.8738e-17	1.6768e-17
2.3797e+14	-2.8694e-17	-4.3055e-18
2.3807e+14	1.3115e-18	6.4279e-18
2.3817e+14	3.0146e-17	2.0971e-17
2.3827e+14	-1.7552e-17	1.1439e-18
2.3838e+14	-1.6841e-17	-6.5815e-19
2.3848e+14	3.0332e-17	2.1078e-17
2.3858e+14	4.5272e-19	9.5644e-18
2.3868e+14	-2.8183e-17	-5.6194e-18
2.3878e+14	1.9413e-17	1.5072e-17
2.3888e+14	1.8674e-17	1.7777e-17
2.3898e+14	-2.8425e-17	-4.9787e-18
2.3909e+14	1.2783e-18	4.8386e-18
2.3919e+14	2.9792e-17	2.0231e-17
2.3929e+14	-1.7649e-17	1.0037e-18
2.3939e+14	-1.6963e-17	-1.7e-18
2.3949e+14	2.9894e-17	1.9718e-17
2.3959e+14	2.5514e-19	9.7315e-18
2.397e+14	-2.8181e-17	-4.5367e-18
2.398e+14	1.9002e-17	1.4859e-17
2.399e+14	1.8232e-17	1.6678e-17
2.4e+14	-2.8372e-17	-4.3007e-18
2.401e+14	1.3057e-18	7.565e-18
2.402e+14	2.9561e-17	2.1911e-17
2.403e+14	-1.7649e-17	-3.5137e-19
2.4041e+14	-1.6826e-17	-4.1096e-18
2.4051e+14	2.9891e-17	1.8867e-17
2.4061e+14	4.6257e-19	9.5968e-18
2.4071e+14	-2.7772e-17	-6.0465e-18
2.4081e+14	1.9174e-17	1.2909e-17
2.4091e+14	1.8372e-17	1.6017e-17
2.4102e+14	-2.8055e-17	-5.3475e-18
2.4112e+14	1.3881e-18	4.4386e-18
2.4122e+14	2.9477e-17	1.9622e-17
2.4132e+14	-1.7487e-17	1.2164e-18
2.4142e+14	-1.6765e-17	-8.8547e-19
2.4152e+14	2.9612e-17	2.0638e-17
2.4162e+14	3.6881e-19	1.0614e-17
2.4173e+14	-2.7717e-17	-4.705e-18
2.4183e+14	1.8875e-17	1.3632e-17
2.4193e+14	1.8072e-17	1.6435e-17
2.4203e+14	-2.7982e-17	-3.6268e-18
2.4213e+14	1.3806e-18	6.9075e-18
2.4223e+14	2.9364e-17	2.1381e-17
2.4234e+14	-1.7225e-17	2.6628e-18
2.4244e+14	-1.6423e-17	4.0522e-19
2.4254e+14	2.9601e-17	2.0298e-17
2.4264e+14	3.1067e-19	8.5542e-18
2.4274e+14	-2.7715e-17	-6.5669e-18
2.4284e+14	1.8739e-17	1.2746e-17
2.4294e+14	1.8085e-17	1.5725e-17
2.4305e+14	-2.7782e-17	-4.5155e-18
2.4315e+14	1.2633e-18	5.9084e-18
2.4325e+14	2.9098e-17	1.9968e-17
2.4335e+14	-1.7185e-17	6.7684e-19
2.4345e+14	-1.6461e-17	-1.7839e-18
2.4355e+14	2.9318e-17	1.8921e-17
2.4365e+14	3.5333e-19	9.4364e-18
2.4376e+14	-2.7501e-17	-3.5506e-18
2.4386e+14	1.8561e-17	1.5259e-17
2.4396e+14	1.793e-17	1.5946e-17
2.4406e+14	-2.7575e-17	-5.1938e-18
2.4416e+14	1.2947e-18	5.7053e-18
2.4426e+14	2.9025e-17	1.9448e-17
2.4437e+14	-1.6824e-17	-1.4841e-19
2.4447e+14	-1.6129e-17	-1.4014e-18
2.4457e+14	2.9186e-17	1.9831e-17
2.4467e+14	3.6586e-19	8.5437e-18
2.4477e+14	-2.7179e-17	-5.3491e-18
2.4487e+14	1.8655e-17	1.5767e-17
2.4497e+14	1.7936e-17	1.8553e-17
2.4508e+14	-2.7425e-17	-3.7072e-18
2.4518e+14	1.1249e-18	5.4156e-18
2.4528e+14	2.8569e-17	1.9517e-17
2.4538e+14	-1.7015e-17	7.303e-19
2.4548e+14	-1.6265e-17	-1.1551e-18
2.4558e+14	2.8834e-17	1.9409e-17
2.4569e+14	2.3607e-19	8.5117e-18
2.4579e+14	-2.7133e-17	-5.5101e-18
2.4589e+14	1.8395e-17	1.4185e-17
2.4599e+14	1.7694e-17	1.6182e-17
2.4609e+14	-2.7331e-17	-4.9468e-18
2.4619e+14	1.0846e-18	5.7025e-18
2.4629e+14	2.8412e-17	2.0122e-17
2.464e+14	-1.6785e-17	1.2513e-18
2.465e+14	-1.598e-17	-6.8074e-20
2.466e+14	2.8751e-17	2.044e-17
2.467e+14	1.8543e-19	7.7595e-18
2.468e+14	-2.7048e-17	-7.6032e-18
2.469e+14	1.8287e-17	1.319e-17
2.4701e+14	1.7687e-17	1.6354e-17
2.4711e+14	-2.7028e-17	-5.9711e-18
2.4721e+14	1.1938e-18	3.6068e-18
2.4731e+14	2.83e-17	1.9265e-17
2.4741e+14	-1.6716e-17	9.034e-19
2.4751e+14	-1.5991e-17	-2.3004e-18
2.4761e+14	2.8538e-17	1.7939e-17
2.4772e+14	3.0722e-19	7.9988e-18
2.4782e+14	-2.6743e-17	-6.3665e-18
2.4792e+14	1.8189e-17	1.246e-17
2.4802e+14	1.758e-17	1.5677e-17
2.4812e+14	-2.6738e-17	-3.7611e-18
2.4822e+14	1.3278e-18	6.4795e-18
2.4832e+14	2.8159e-17	2.0005e-17
2.4843e+14	-1.6608e-17	1.5261e-18
2.4853e+14	-1.5846e-17	6.5218e-19
2.4863e+14	2.8347e-17	2.1218e-17
2.4873e+14	1.9423e-19	8.8531e-18
2.4883e+14	-2.662e-17	-7.1002e-18
2.4893e+14	1.819e-17	1.2126e-17
2.4904e+14	1.7584e-17	1.5563e-17
2.4914e+14	-2.6561e-17	-4.6413e-18
2.4924e+14	1.4042e-18	5.1139e-18
2.4934e+14	2.8262e-17	1.8715e-17
2.4944e+14	-1.6275e-17	-1.1951e-19
2.4954e+14	-1.5798e-17	-1.6688e-18
2.4964e+14	2.8028e-17	1.9302e-17
2.4975e+14	2.0419e-19	8.8885e-18
2.4985e+14	-2.6449e-17	-4.8897e-18
2.4995e+14	1.7853e-17	1.5036e-17
2.5005e+14	1.717e-17	1.7295e-17
2.5015e+14	-2.6604e-17	-4.5008e-18
2.5025e+14	1.1417e-18	5.1469e-18
2.5036e+14	2.7749e-17	1.9872e-17
2.5046e+14	-1.627e-17	1.2862e-18
2.5056e+14	-1.5414e-17	-1.3185e-18
2.5066e+14	2.819e-17	1.9013e-17
2.5076e+14	3.3209e-19	8.7192e-18
2.5086e+14	-2.6238e-17	-5.4218e-18
2.5096e+14	1.7827e-17	1.396e-17
2.5107e+14	1.7124e-17	1.6516e-17
2.5117e+14	-2.6389e-17	-4.8682e-18
2.5127e+14	1.2572e-18	4.8857e-18
2.5137e+14	2.7674e-17	2.0531e-17
2.5147e+14	-1.626e-17	2.8985e-18
2.5157e+14	-1.5548e-17	-9.3564e-19
2.5168e+14	2.7813e-17	1.7317e-17
2.5178e+14	2.1183e-19	7.1098e-18
2.5188e+14	-2.613e-17	-5.9768e-18
2.5198e+14	1.7708e-17	1.2949e-17
2.5208e+14	1.7015e-17	1.5248e-17
2.5218e+14	-2.624e-17	-4.675e-18
2.5228e+14	1.2684e-18	5.3436e-18
2.5239e+14	2.7554e-17	1.904e-17
2.5249e+14	-1.6152e-17	1.2265e-18
2.5259e+14	-1.5468e-17	-1.9286e-19
2.5269e+14	2.7708e-17	1.8616e-17
2.5279e+14	3.5654e-19	6.6642e-18
2.5289e+14	-2.583e-17	-5.9298e-18
2.5299e+14	1.7718e-17	1.536e-17
2.531e+14	1.6986e-17	1.7214e-17
2.532e+14	-2.6142e-17	-4.884e-18
2.533e+14	1.109e-18	5.6151e-18
2.534e+14	2.734e-17	2.0336e-17
2.535e+14	-1.5977e-17	2.7686e-19
2.536e+14	-1.5357e-17	-2.8792e-18
2.5371e+14	2.7464e-17	1.8563e-17
2.5381e+14	2.9424e-19	8.5919e-18
2.5391e+14	-2.5723e-17	-6.8917e-18
2.5401e+14	1.7528e-17	1.1843e-17
2.5411e+14	1.6851e-17	1.5585e-17
2.5421e+14	-2.5927e-17	-4.5626e-18
2.5431e+14	1.1312e-18	5.0801e-18
2.5442e+14	2.7097e-17	1.974e-17
2.5452e+14	-1.599e-17	1.6006e-18
2.5462e+14	-1.5259e-17	-8.5057e-19
2.5472e+14	2.7497e-17	1.9945e-17
2.5482e+14	5.8374e-19	1.0204e-17
2.5492e+14	-2.5371e-17	-4.9819e-18
2.5503e+14	1.7538e-17	1.3061e-17
2.5513e+14	1.6927e-17	1.68e-17
2.5523e+14	-2.5574e-17	-2.7461e-18
2.5533e+14	1.2701e-18	5.5181e-18
2.5543e+14	2.7193e-17	1.752e-17
2.5553e+14	-1.5509e-17	-1.1334e-18
2.5563e+14	-1.5043e-17	-2.1962e-18
2.5574e+14	2.7023e-17	1.8827e-17
2.5584e+14	1.6028e-19	8.3005e-18
2.5594e+14	-2.554e-17	-6.2663e-18
2.5604e+14	1.71e-17	1.2985e-17
2.5614e+14	1.6495e-17	1.5814e-17
2.5624e+14	-2.5644e-17	-5.4274e-18
2.5635e+14	1.0132e-18	4.2095e-18
2.5645e+14	2.6652e-17	1.9688e-17
2.5655e+14	-1.5746e-17	1.6279e-18
2.5665e+14	-1.5111e-17	-2.1609e-18
2.5675e+14	2.6835e-17	1.7506e-17
2.5685e+14	3.4e-19	8.4822e-18
2.5695e+14	-2.4973e-17	-4.8552e-18
2.5706e+14	1.737e-17	1.4126e-17
2.5716e+14	1.6526e-17	1.6729e-17
2.5726e+14	-2.5414e-17	-4.6492e-18
2.5736e+14	1.2232e-18	4.1166e-18
2.5746e+14	2.6752e-17	1.8862e-17
2.5756e+14	-1.5452e-17	1.1158e-18
2.5766e+14	-1.4828e-17	-1.9359e-18
2.5777e+14	2.6848e-17	1.8057e-17
2.5787e+14	3.573e-19	8.6001e-18
2.5797e+14	-2.4983e-17	-5.751e-18
2.5807e+14	1.7082e-17	1.255e-17
2.5817e+14	1.6328e-17	1.5285e-17
2.5827e+14	-2.5365e-17	-5.4134e-18
2.5838e+14	1.0082e-18	4.7754e-18
2.5848e+14	2.6363e-17	2.0918e-17
2.5858e+14	-1.5495e-17	2.1904e-18
2.5868e+14	-1.4842e-17	-3.3049e-18
2.5878e+14	2.6547e-17	1.706e-17
2.5888e+14	2.6332e-19	1.0077e-17
2.5898e+14	-2.4853e-17	-4.7125e-18
2.5909e+14	1.689e-17	1.1609e-17
2.5919e+14	1.6103e-17	1.6136e-17
2.5929e+14	-2.5118e-17	-1.7072e-18
2.5939e+14	1.2996e-18	6.3753e-18
2.5949e+14	2.6312e-17	1.8697e-17
2.5959e+14	-1.5619e-17	9.232e-19
2.597e+14	-1.4916e-17	-1.1848e-18
2.598e+14	2.6532e-17	1.9421e-17
2.599e+14	4.4199e-19	1.0553e-17
2.6e+14	-2.4755e-17	-4.7657e-18
2.601e+14	1.6676e-17	1.1757e-17
2.602e+14	1.6032e-17	1.5195e-17
2.603e+14	-2.4915e-17	-4.2904e-18
2.6041e+14	1.2918e-18	4.0116e-18
2.6051e+14	2.624e-17	1.8659e-17
2.6061e+14	-1.5372e-17	1.9275e-18
2.6071e+14	-1.4823e-17	-2.6105e-18
2.6081e+14	2.6248e-17	1.5798e-17
2.6091e+14	4.3565e-19	8.7485e-18
2.6102e+14	-2.4427e-17	-3.923e-18
2.6112e+14	1.6831e-17	1.2193e-17
2.6122e+14	1.6206e-17	1.4842e-17
2.6132e+14	-2.4599e-17	-3.309e-18
2.6142e+14	1.2147e-18	5.2575e-18
2.6152e+14	2.5941e-17	1.7764e-17
2.6162e+14	-1.5217e-17	2.698e-19
2.6173e+14	-1.4561e-17	-2.7758e-18
2.6183e+14	2.609e-17	1.5953e-17
2.6193e+14	2.7185e-19	7.577e-18
2.6203e+14	-2.4435e-17	-5.6674e-18
2.6213e+14	1.6551e-17	1.0647e-17
2.6223e+14	1.5833e-17	1.3297e-17
2.6234e+14	-2.4719e-17	-4.1629e-18
2.6244e+14	1.0552e-18	5.9988e-18
2.6254e+14	2.5704e-17	1.9556e-17
2.6264e+14	-1.5206e-17	2.2203e-18
2.6274e+14	-1.4551e-17	-9.8061e-19
2.6284e+14	2.5871e-17	1.6943e-17
2.6294e+14	2.0828e-19	7.3812e-18
2.6305e+14	-2.4362e-17	-5.831e-18
2.6315e+14	1.639e-17	1.1644e-17
2.6325e+14	1.5747e-17	1.4389e-17
2.6335e+14	-2.4444e-17	-4.4686e-18
2.6345e+14	1.2712e-18	4.9699e-18
2.6355e+14	2.5778e-17	1.9515e-17
2.6365e+14	-1.4951e-17	3.4252e-18
2.6376e+14	-1.431e-17	4.8736e-19
2.6386e+14	2.598e-17	1.8166e-17
2.6396e+14	5.4296e-19	8.6702e-18
2.6406e+14	-2.3993e-17	-4.2055e-18
2.6416e+14	1.6372e-17	1.3226e-17
2.6426e+14	1.5741e-17	1.5292e-17
2.6437e+14	-2.4211e-17	-4.0459e-18
2.6447e+14	1.1802e-18	5.7158e-18
2.6457e+14	2.5401e-17	2.0017e-17
2.6467e+14	-1.5049e-17	2.0778e-18
2.6477e+14	-1.4411e-17	-1.9642e-18
2.6487e+14	2.5517e-17	1.7333e-17
2.6497e+14	2.2694e-19	9.2183e-18
2.6508e+14	-2.3968e-17	-5.1839e-18
2.6518e+14	1.6332e-17	1.1163e-17
2.6528e+14	1.5726e-17	1.5383e-17
2.6538e+14	-2.405e-17	-2.4861e-18
2.6548e+14	1.1235e-18	5.1816e-18
2.6558e+14	2.5204e-17	1.8028e-17
2.6569e+14	-1.4871e-17	2.0555e-18
2.6579e+14	-1.4056e-17	-6.3922e-19
2.6589e+14	2.5676e-17	1.7067e-17
2.6599e+14	3.9699e-19	8.2432e-18
2.6609e+14	-2.3827e-17	-4.14e-18
2.6619e+14	1.6147e-17	1.311e-17
2.6629e+14	1.5503e-17	1.4913e-17
2.664e+14	-2.4094e-17	-5.3355e-18
2.665e+14	9.313e-19	3.053e-18
2.666e+14	2.4964e-17	1.7784e-17
2.667e+14	-1.4818e-17	1.8863e-18
2.668e+14	-1.4016e-17	-1.3539e-18
2.669e+14	2.5588e-17	1.763e-17
2.6701e+14	6.5674e-19	1.0067e-17
2.6711e+14	-2.3394e-17	-3.825e-18
2.6721e+14	1.6235e-17	1.1823e-17
2.6731e+14	1.5603e-17	1.5355e-17
2.6741e+14	-2.3698e-17	-3.0558e-18
2.6751e+14	1.1108e-18	3.2999e-18
2.6761e+14	2.4936e-17	1.5402e-17
2.6772e+14	-1.4582e-17	3.9365e-19
2.6782e+14	-1.3885e-17	-1.0468e-18
2.6792e+14	2.5231e-17	1.7394e-17
2.6802e+14	3.4265e-19	8.823e-18
2.6812e+14	-2.3483e-17	-4.8413e-18
2.6822e+14	1.5955e-17	1.0706e-17
2.6832e+14	1.5322e-17	1.3715e-17
2.6843e+14	-2.3685e-17	-3.6264e-18
2.6853e+14	1.0188e-18	4.9332e-18
2.6863e+14	2.4646e-17	1.7751e-17
2.6873e+14	-1.4683e-17	1.3446e-18
2.6883e+14	-1.3969e-17	-1.8817e-18
2.6893e+14	2.4943e-17	1.5785e-17
2.6904e+14	2.4771e-19	7.4916e-18
2.6914e+14	-2.3312e-17	-5.1982e-18
2.6924e+14	1.6036e-17	1.1753e-17
2.6934e+14	1.5438e-17	1.5539e-17
2.6944e+14	-2.3448e-17	-2.9315e-18
2.6954e+14	9.9723e-19	3.8163e-18
2.6964e+14	2.4507e-17	1.6922e-17
2.6975e+14	-1.448e-17	2.3316e-18
2.6985e+14	-1.3689e-17	-5.1158e-19
2.6995e+14	2.5029e-17	1.6788e-17
2.7005e+14	4.5051e-19	9.8355e-18
2.7015e+14	-2.3113e-17	-1.8201e-18
2.7025e+14	1.5863e-17	1.3334e-17
2.7036e+14	1.5295e-17	1.5774e-17
2.7046e+14	-2.3276e-17	-7.8767e-19
2.7056e+14	9.9194e-19	7.163e-18
2.7066e+14	2.4317e-17	1.7854e-17
2.7076e+14	-1.4385e-17	1.1592e-18
2.7086e+14	-1.3597e-17	-9.1534e-19
2.7096e+14	2.4778e-17	1.6707e-17
2.7107e+14	2.8719e-19	8.0709e-18
2.7117e+14	-2.3117e-17	-4.5364e-18
2.7127e+14	1.5581e-17	1.0874e-17
2.7137e+14	1.4964e-17	1.2782e-17
2.7147e+14	-2.3247e-17	-4.1424e-18
2.7157e+14	1.1389e-18	5.5069e-18
2.7168e+14	2.4467e-17	1.8189e-17
2.7178e+14	-1.4093e-17	1.6254e-18
2.7188e+14	-1.3465e-17	-1.0249e-18
2.7198e+14	2.4676e-17	1.6478e-17
2.7208e+14	4.6683e-19	7.5575e-18
2.7218e+14	-2.2704e-17	-5.0057e-18
2.7228e+14	1.5733e-17	1.146e-17
2.7239e+14	1.5034e-17	1.3557e-17
2.7249e+14	-2.3053e-17	-4.8928e-18
2.7259e+14	1.0754e-18	4.3155e-18
2.7269e+14	2.4213e-17	1.85e-17
2.7279e+14	-1.4092e-17	2.487e-18
2.7289e+14	-1.3438e-17	-5.7634e-19
2.7299e+14	2.448e-17	1.8218e-17
2.731e+14	4.0649e-19	1.0529e-17
2.732e+14	-2.265e-17	-3.7925e-18
2.733e+14	1.5593e-17	1.1161e-17
2.734e+14	1.5024e-17	1.5005e-17
2.735e+14	-2.2798e-17	-2.4413e-18
2.736e+14	1.054e-18	4.8881e-18
2.7371e+14	2.3998e-17	1.8936e-17
2.7381e+14	-1.3938e-17	5.0459e-18
2.7391e+14	-1.3216e-17	7.7597e-19
2.7401e+14	2.4346e-17	1.5755e-17
2.7411e+14	3.1659e-19	7.9419e-18
2.7421e+14	-2.2558e-17	-3.5972e-18
2.7431e+14	1.5488e-17	1.1777e-17
2.7442e+14	1.4876e-17	1.4623e-17
2.7452e+14	-2.2752e-17	-2.3554e-18
2.7462e+14	9.625e-19	4.7111e-18
2.7472e+14	2.3756e-17	1.6788e-17
2.7482e+14	-1.4006e-17	2.8847e-18
2.7492e+14	-1.3352e-17	9.4966e-19
2.7503e+14	2.3996e-17	1.6737e-17
2.7513e+14	2.0421e-19	8.0421e-18
2.7523e+14	-2.2496e-17	-3.2903e-18
2.7533e+14	1.5235e-17	1.2539e-17
2.7543e+14	1.4581e-17	1.4205e-17
2.7553e+14	-2.2697e-17	-3.5327e-18
2.7563e+14	1.0597e-18	4.9249e-18
2.7574e+14	2.3811e-17	1.7795e-17
2.7584e+14	-1.3727e-17	2.1598e-18
2.7594e+14	-1.3103e-17	-1.051e-18
2.7604e+14	2.4026e-17	1.6258e-17
2.7614e+14	4.336e-19	9.1986e-18
2.7624e+14	-2.2051e-17	-2.8503e-18
2.7635e+14	1.5512e-17	1.217e-17
2.7645e+14	1.4852e-17	1.5128e-17
2.7655e+14	-2.2319e-17	-1.3412e-18
2.7665e+14	1.1073e-18	6.3416e-18
2.7675e+14	2.3576e-17	1.8131e-17
2.7685e+14	-1.3813e-17	2.7252e-18
2.7695e+14	-1.3256e-17	-7.2635e-20
2.7706e+14	2.364e-17	1.6906e-17
2.7716e+14	2.7641e-19	9.1853e-18
2.7726e+14	-2.2011e-17	-3.7323e-18
2.7736e+14	1.5262e-17	1.0541e-17
2.7746e+14	1.4532e-17	1.3531e-17
2.7756e+14	-2.2383e-17	-2.8621e-18
2.7766e+14	9.8901e-19	4.1986e-18
2.7777e+14	2.3386e-17	1.5883e-17
2.7787e+14	-1.3715e-17	1.155e-18
2.7797e+14	-1.307e-17	-1.9258e-18
2.7807e+14	2.3671e-17	1.449e-17
2.7817e+14	4.1055e-19	8.4265e-18
2.7827e+14	-2.184e-17	-2.054e-18
2.7838e+14	1.5208e-17	1.2216e-17
2.7848e+14	1.4572e-17	1.392e-17
2.7858e+14	-2.2147e-17	-2.6021e-18
2.7868e+14	9.3876e-19	4.5122e-18
2.7878e+14	2.3186e-17	1.6045e-17
2.7888e+14	-1.3592e-17	2.8924e-18
2.7898e+14	-1.3006e-17	1.7635e-18
2.7909e+14	2.3355e-17	1.6902e-17
2.7919e+14	2.5773e-19	7.6858e-18
2.7929e+14	-2.1724e-17	-3.7782e-18
2.7939e+14	1.5094e-17	1.123e-17
2.7949e+14	1.438e-17	1.3147e-17
2.7959e+14	-2.2083e-17	-2.6504e-18
2.797e+14	9.6279e-19	6.1348e-18
2.798e+14	2.3117e-17	1.737e-17
2.799e+14	-1.3432e-17	1.3372e-18
2.8e+14	-1.2842e-17	-1.6751e-18
2.801e+14	2.3302e-17	1.4263e-17
2.802e+14	3.5675e-19	6.64e-18
2.803e+14	-2.1493e-17	-3.4275e-18
2.8041e+14	1.5054e-17	1.2884e-17
2.8051e+14	1.432e-17	1.4647e-17
2.8061e+14	-2.1873e-17	-2.9754e-18
2.8071e+14	1.0422e-18	5.1852e-18
2.8081e+14	2.2935e-17	1.7932e-17
2.8091e+14	-1.3557e-17	2.5733e-18
2.8102e+14	-1.3024e-17	-1.2987e-18
2.8112e+14	2.2944e-17	1.5e-17
2.8122e+14	1.6198e-19	8.2019e-18
2.8132e+14	-2.1565e-17	-4.022e-18
2.8142e+14	1.4811e-17	9.4995e-18
2.8152e+14	1.4194e-17	1.3046e-17
2.8162e+14	-2.1721e-17	-8.2481e-19
2.8173e+14	1.0399e-18	6.518e-18
2.8183e+14	2.2833e-17	1.5685e-17
2.8193e+14	-1.3347e-17	6.1197e-19
2.8203e+14	-1.2792e-17	1.3515e-19
2.8213e+14	2.2911e-17	1.7464e-17
2.8223e+14	2.3641e-19	9.5386e-18
2.8234e+14	-2.1381e-17	-2.3496e-18
2.8244e+14	1.4735e-17	1.203e-17
2.8254e+14	1.4133e-17	1.4006e-17
2.8264e+14	-2.1501e-17	-2.3498e-18
2.8274e+14	1.1362e-18	5.2195e-18
2.8284e+14	2.2733e-17	1.6877e-17
2.8294e+14	-1.3294e-17	2.6654e-18
2.8305e+14	-1.2749e-17	-1.1633e-19
2.8315e+14	2.2802e-17	1.4547e-17
2.8325e+14	3.4474e-19	6.2926e-18
2.8335e+14	-2.1158e-17	-4.6039e-18
2.8345e+14	1.461e-17	1.0272e-17
2.8355e+14	1.391e-17	1.2978e-17
2.8365e+14	-2.1468e-17	-1.9597e-18
2.8376e+14	1.1615e-18	5.5697e-18
2.8386e+14	2.2734e-17	1.5329e-17
2.8396e+14	-1.3062e-17	7.9539e-19
2.8406e+14	-1.2608e-17	5.361e-19
2.8416e+14	2.261e-17	1.684e-17
2.8426e+14	2.3193e-19	7.1553e-18
2.8437e+14	-2.1101e-17	-5.2372e-18
2.8447e+14	1.4562e-17	1.0595e-17
2.8457e+14	1.3967e-17	1.4955e-17
2.8467e+14	-2.1181e-17	3.6018e-19
2.8477e+14	1.2848e-18	7.4245e-18
2.8487e+14	2.2718e-17	1.6399e-17
2.8497e+14	-1.2901e-17	3.9166e-19
2.8508e+14	-1.2521e-17	-1.1053e-18
2.8518e+14	2.2481e-17	1.5783e-17
2.8528e+14	2.3848e-19	8.1415e-18
2.8538e+14	-2.1112e-17	-2.5812e-18
2.8548e+14	1.4198e-17	1.3248e-17
2.8558e+14	1.3686e-17	1.5604e-17
2.8569e+14	-2.12e-17	-1.6829e-18
2.8579e+14	9.1835e-19	5.0041e-18
2.8589e+14	2.2085e-17	1.6785e-17
2.8599e+14	-1.3081e-17	3.1117e-18
2.8609e+14	-1.2412e-17	6.4524e-19
2.8619e+14	2.2403e-17	1.5765e-17
2.8629e+14	2.5521e-19	8.0815e-18
2.864e+14	-2.0865e-17	-3.2503e-18
2.865e+14	1.4332e-17	9.9084e-18
2.866e+14	1.3806e-17	1.1111e-17
2.867e+14	-2.0903e-17	-3.8827e-18
2.868e+14	1.089e-18	4.583e-18
2.869e+14	2.2121e-17	1.5153e-17
2.8701e+14	-1.2907e-17	7.4455e-19
2.8711e+14	-1.2366e-17	2.2489e-19
2.8721e+14	2.2162e-17	1.6652e-17
2.8731e+14	1.5144e-19	7.5338e-18
2.8741e+14	-2.0874e-17	-4.8593e-18
2.8751e+14	1.3989e-17	9.8161e-18
2.8761e+14	1.3421e-17	1.2593e-17
2.8772e+14	-2.0965e-17	-2.7736e-18
2.8782e+14	1.0115e-18	5.2725e-18
2.8792e+14	2.1939e-17	1.663e-17
2.8802e+14	-1.285e-17	1.9107e-18
2.8812e+14	-1.2227e-17	-1.3481e-18
2.8822e+14	2.2156e-17	1.2989e-17
2.8832e+14	2.9486e-19	5.5613e-18
2.8843e+14	-2.058e-17	-3.311e-18
2.8853e+14	1.4116e-17	1.2389e-17
2.8863e+14	1.3579e-17	1.3414e-17
2.8873e+14	-2.0589e-17	-3.0415e-18
2.8883e+14	1.2531e-18	5.4648e-18
2.8893e+14	2.1995e-17	1.6402e-17
2.8904e+14	-1.2731e-17	6.4921e-19
2.8914e+14	-1.2262e-17	-1.1202e-18
2.8924e+14	2.1861e-17	1.6097e-17
2.8934e+14	1.4957e-19	8.1283e-18
2.8944e+14	-2.0558e-17	-4.1992e-18
2.8954e+14	1.402e-17	1.0407e-17
2.8964e+14	1.3557e-17	1.2935e-17
2.8975e+14	-2.0499e-17	-3.5987e-18
2.8985e+14	1.037e-18	3.6919e-18
2.8995e+14	2.1626e-17	1.5586e-17
2.9005e+14	-1.2797e-17	1.4935e-18
2.9015e+14	-1.2255e-17	-8.7912e-19
2.9025e+14	2.176e-17	1.5095e-17
2.9036e+14	2.9443e-19	7.3052e-18
2.9046e+14	-2.032e-17	-4.8097e-18
2.9056e+14	1.3917e-17	9.5002e-18
2.9066e+14	1.3435e-17	1.2674e-17
2.9076e+14	-2.0379e-17	-2.9961e-18
2.9086e+14	9.9299e-19	3.7739e-18
2.9096e+14	2.1462e-17	1.4981e-17
2.9107e+14	-1.266e-17	1.3525e-18
2.9117e+14	-1.2102e-17	-5.6246e-19
2.9127e+14	2.1645e-17	1.5396e-17
2.9137e+14	2.8639e-19	8.1656e-18
2.9147e+14	-2.0246e-17	-3.4623e-18
2.9157e+14	1.3683e-17	9.9015e-18
2.9168e+14	1.3186e-17	1.1934e-17
2.9178e+14	-2.0352e-17	-3.2809e-18
2.9188e+14	9.2386e-19	4.4515e-18
2.9198e+14	2.1312e-17	1.5426e-17
2.9208e+14	-1.2519e-17	1.5076e-18
2.9218e+14	-1.1997e-17	8.9478e-19
2.9228e+14	2.1438e-17	1.8059e-17
2.9239e+14	2.6909e-19	9.5506e-18
2.9249e+14	-1.9972e-17	-3.9064e-18
2.9259e+14	1.3791e-17	1.0188e-17
2.9269e+14	1.3281e-17	1.3329e-17
2.9279e+14	-2e-17	-3.7596e-18
2.9289e+14	1.1443e-18	2.2456e-18
2.9299e+14	2.1315e-17	1.5266e-17
2.931e+14	-1.2323e-17	2.6517e-18
2.932e+14	-1.175e-17	-1.6406e-18
2.933e+14	2.1432e-17	1.2325e-17
2.934e+14	2.6432e-19	6.1257e-18
2.935e+14	-1.9929e-17	-4.3245e-18
2.936e+14	1.3617e-17	9.1709e-18
2.9371e+14	1.3121e-17	1.1896e-17
2.9381e+14	-1.9961e-17	-3.1172e-18
2.9391e+14	9.8392e-19	3.79e-18
2.9401e+14	2.0936e-17	1.5314e-17
2.9411e+14	-1.25e-17	1.8285e-18
2.9421e+14	-1.1841e-17	-1.6698e-18
2.9431e+14	2.1232e-17	1.3679e-17
2.9442e+14	2.5323e-19	8.8642e-18
2.9452e+14	-1.9803e-17	-1.382e-18
2.9462e+14	1.3481e-17	1.0781e-17
2.9472e+14	1.2933e-17	1.2968e-17
2.9482e+14	-1.9899e-17	-1.2379e-18
2.9492e+14	1.0353e-18	4.9512e-18
2.9503e+14	2.094e-17	1.4398e-17
2.9513e+14	-1.2277e-17	1.1784e-18
2.9523e+14	-1.1615e-17	-2.2606e-19
2.9533e+14	2.1249e-17	1.4777e-17
2.9543e+14	3.3304e-19	7.4097e-18
2.9553e+14	-1.9712e-17	-3.2833e-18
2.9563e+14	1.329e-17	1.1202e-17
2.9574e+14	1.273e-17	1.4794e-17
2.9584e+14	-1.9883e-17	-7.8354e-19
2.9594e+14	9.8925e-19	3.6618e-18
2.9604e+14	2.0912e-17	1.3549e-17
2.9614e+14	-1.2001e-17	1.6984e-18
2.9624e+14	-1.1416e-17	-8.2471e-20
2.9635e+14	2.1074e-17	1.3676e-17
2.9645e+14	2.0666e-19	6.8758e-18
2.9655e+14	-1.9644e-17	-2.5993e-18
2.9665e+14	1.3292e-17	1.0795e-17
2.9675e+14	1.2816e-17	1.2415e-17
2.9685e+14	-1.966e-17	-2.6125e-18
2.9695e+14	9.447e-19	4.0352e-18
2.9706e+14	2.0693e-17	1.4958e-17
2.9716e+14	-1.1989e-17	3.2861e-18
2.9726e+14	-1.1434e-17	1.9186e-18
2.9736e+14	2.0808e-17	1.5032e-17
2.9746e+14	9.5593e-20	6.054e-18
2.9756e+14	-1.9598e-17	-4.7225e-18
2.9766e+14	1.3118e-17	9.5533e-18
2.9777e+14	1.2647e-17	1.2207e-17
2.9787e+14	-1.9624e-17	-3.2134e-18
2.9797e+14	7.673e-19	3.1608e-18
2.9807e+14	2.031e-17	1.538e-17
2.9817e+14	-1.21e-17	4.883e-18
2.9827e+14	-1.1385e-17	2.7814e-18
2.9838e+14	2.0782e-17	1.5065e-17
2.9848e+14	2.6829e-19	7.3091e-18
2.9858e+14	-1.9307e-17	-2.2424e-18
2.9868e+14	1.3112e-17	1.071e-17
2.9878e+14	1.2577e-17	1.1936e-17
2.9888e+14	-1.943e-17	-1.9015e-18
2.9898e+14	9.3661e-19	6.0816e-18
2.9909e+14	2.0387e-17	1.5469e-17
2.9919e+14	-1.1829e-17	3.3172e-19
2.9929e+14	-1.1109e-17	-2.0366e-18
2.9939e+14	2.086e-17	1.4091e-17
2.9949e+14	4.4289e-19	8.5396e-18
2.9959e+14	-1.9046e-17	-2.2043e-18
2.997e+14	1.3136e-17	9.7306e-18
2.998e+14	1.2534e-17	1.1543e-17
2.999e+14	-1.9374e-17	-2.4715e-18
3e+14	8.0989e-19	4.362e-18
