#Error on normalization	O = 2.774 %	H = 1.395 %
#Frequence (s-1)	S_O (s)	S_H (s)
0	6.8497e-16	2.4188e-16
1.5023e+11	-1.9951e-16	1.2998e-16
3.0045e+11	-4.9672e-16	9.3782e-17
4.5068e+11	5.4299e-16	2.2932e-16
6.009e+11	8.0339e-17	1.6908e-16
7.5113e+11	-6.2933e-16	7.3054e-17
9.0135e+11	3.9537e-16	2.1632e-16
1.0516e+12	4.4488e-16	2.4143e-16
1.2018e+12	-6.0281e-16	9.1234e-17
1.352e+12	1.4275e-16	1.7361e-16
1.5023e+12	7.3969e-16	2.8297e-16
1.6525e+12	-4.4262e-16	1.2738e-16
1.8027e+12	-1.7072e-16	1.1068e-16
1.9529e+12	9.3673e-16	2.9315e-16
2.1032e+12	-1.4902e-16	2.3566e-16
2.2534e+12	-5.0365e-16	1.3939e-16
2.4036e+12	1.0777e-15	2.9047e-16
2.5538e+12	4.1211e-16	3.0193e-16
2.7041e+12	-8.1797e-16	1.7045e-16
2.8543e+12	1.0307e-15	2.9842e-16
3.0045e+12	1.6114e-15	3.8318e-16
3.1547e+12	-5.205e-17	2.066e-16
3.305e+12	1.4719e-15	2.7231e-16
3.4552e+12	2.7757e-15	4.638e-16
3.6054e+12	-1.9865e-16	2.9276e-16
3.7556e+12	6.8289e-16	2.6426e-16
3.9059e+12	5.5145e-15	6.2204e-16
4.0561e+12	4.6963e-15	6.5562e-16
4.2063e+12	9.7966e-15	8.1876e-16
4.3565e+12	3.5027e-14	2.1037e-15
4.5068e+12	5.4285e-14	3.1859e-15
4.657e+12	3.8603e-14	2.3754e-15
4.8072e+12	1.0689e-14	9.3562e-16
4.9574e+12	3.6987e-15	6.4234e-16
5.1077e+12	8.5397e-15	8.6814e-16
5.2579e+12	6.3619e-15	6.9604e-16
5.4081e+12	2.3588e-15	5.273e-16
5.5583e+12	2.9134e-15	5.7001e-16
5.7086e+12	3.9862e-15	5.9646e-16
5.8588e+12	4.6621e-15	6.8871e-16
6.009e+12	4.8715e-15	7.4406e-16
6.1592e+12	4.3203e-15	6.8673e-16
6.3095e+12	8.8316e-15	9.5926e-16
6.4597e+12	1.7266e-14	1.4074e-15
6.6099e+12	1.7578e-14	1.3176e-15
6.7601e+12	9.7448e-15	9.8866e-16
6.9104e+12	4.9682e-15	9.93e-16
7.0606e+12	3.8688e-15	9.1841e-16
7.2108e+12	3.073e-15	6.9997e-16
7.361e+12	4.9883e-15	8.7522e-16
7.5113e+12	6.7498e-15	1.0766e-15
7.6615e+12	6.6509e-15	1.0278e-15
7.8117e+12	1.1356e-14	1.411e-15
7.9619e+12	1.4529e-14	1.761e-15
8.1122e+12	7.4015e-15	1.2315e-15
8.2624e+12	1.2468e-14	1.4976e-15
8.4126e+12	4.2869e-14	3.6403e-15
8.5628e+12	5.7859e-14	4.6924e-15
8.7131e+12	3.3567e-14	2.9131e-15
8.8633e+12	1.3455e-14	1.4466e-15
9.0135e+12	2.3077e-14	2.1821e-15
9.1637e+12	3.0863e-14	2.8815e-15
9.314e+12	2.9924e-14	2.739e-15
9.4642e+12	4.348e-14	3.2312e-15
9.6144e+12	5.5603e-14	3.8925e-15
9.7646e+12	5.1803e-14	3.964e-15
9.9149e+12	7.1235e-14	4.9476e-15
1.0065e+13	1.1977e-13	6.7419e-15
1.0215e+13	1.327e-13	6.7383e-15
1.0366e+13	9.3978e-14	5.1044e-15
1.0516e+13	6.6049e-14	4.5322e-15
1.0666e+13	7.1006e-14	4.9101e-15
1.0816e+13	7.3244e-14	4.4536e-15
1.0966e+13	7.0558e-14	3.9414e-15
1.1117e+13	8.448e-14	4.6763e-15
1.1267e+13	9.7611e-14	5.4163e-15
1.1417e+13	8.6862e-14	4.8336e-15
1.1567e+13	6.6791e-14	3.7583e-15
1.1718e+13	5.4233e-14	3.2149e-15
1.1868e+13	4.4889e-14	3.0027e-15
1.2018e+13	3.5901e-14	2.7205e-15
1.2168e+13	2.835e-14	2.3324e-15
1.2318e+13	2.0064e-14	1.9472e-15
1.2469e+13	1.5922e-14	1.8556e-15
1.2619e+13	1.9541e-14	2.1602e-15
1.2769e+13	1.9877e-14	2.3823e-15
1.2919e+13	1.3792e-14	2.2633e-15
1.307e+13	1.6586e-14	2.3982e-15
1.322e+13	2.9251e-14	3.0909e-15
1.337e+13	3.2829e-14	3.4956e-15
1.352e+13	2.5801e-14	3.0917e-15
1.3671e+13	2.6331e-14	2.8101e-15
1.3821e+13	3.6215e-14	3.3108e-15
1.3971e+13	3.9543e-14	3.6817e-15
1.4121e+13	3.3467e-14	3.2886e-15
1.4271e+13	3.1012e-14	3.0087e-15
1.4422e+13	3.6707e-14	3.4011e-15
1.4572e+13	4.039e-14	3.7623e-15
1.4722e+13	3.588e-14	3.6492e-15
1.4872e+13	3.1179e-14	3.3671e-15
1.5023e+13	3.4401e-14	3.1469e-15
1.5173e+13	4.014e-14	3.2024e-15
1.5323e+13	3.8634e-14	3.5327e-15
1.5473e+13	3.0028e-14	3.3995e-15
1.5623e+13	2.1867e-14	2.643e-15
1.5774e+13	1.964e-14	2.4186e-15
1.5924e+13	2.2992e-14	2.9965e-15
1.6074e+13	2.6195e-14	3.2143e-15
1.6224e+13	2.5469e-14	3.0331e-15
1.6375e+13	2.6481e-14	3.4137e-15
1.6525e+13	3.4829e-14	3.9671e-15
1.6675e+13	4.3804e-14	3.9814e-15
1.6825e+13	4.5627e-14	4.0649e-15
1.6975e+13	4.5762e-14	4.4153e-15
1.7126e+13	5.2277e-14	4.3393e-15
1.7276e+13	6.1982e-14	4.2402e-15
1.7426e+13	6.6357e-14	4.7173e-15
1.7576e+13	6.2104e-14	4.8304e-15
1.7727e+13	5.3442e-14	4.1808e-15
1.7877e+13	4.7454e-14	3.9363e-15
1.8027e+13	4.4092e-14	4.1685e-15
1.8177e+13	3.7211e-14	3.9027e-15
1.8327e+13	3.0531e-14	3.626e-15
1.8478e+13	3.3654e-14	3.9956e-15
1.8628e+13	3.9369e-14	4.0194e-15
1.8778e+13	3.4466e-14	3.4001e-15
1.8928e+13	2.8114e-14	3.4687e-15
1.9079e+13	3.3073e-14	4.3103e-15
1.9229e+13	3.6049e-14	4.5745e-15
1.9379e+13	2.5403e-14	4.1839e-15
1.9529e+13	1.8521e-14	4.0982e-15
1.968e+13	2.7253e-14	4.3385e-15
1.983e+13	3.5546e-14	4.3429e-15
1.998e+13	3.4734e-14	4.1288e-15
2.013e+13	3.611e-14	4.17e-15
2.028e+13	3.998e-14	4.6821e-15
2.0431e+13	3.7074e-14	5.1348e-15
2.0581e+13	3.3984e-14	4.9605e-15
2.0731e+13	3.9238e-14	4.7864e-15
2.0881e+13	4.4393e-14	5.384e-15
2.1032e+13	4.4672e-14	5.9116e-15
2.1182e+13	4.78e-14	5.459e-15
2.1332e+13	5.1588e-14	4.9298e-15
2.1482e+13	4.8403e-14	5.2393e-15
2.1632e+13	4.7025e-14	5.8604e-15
2.1783e+13	5.4474e-14	6.3376e-15
2.1933e+13	5.5861e-14	6.6597e-15
2.2083e+13	4.4249e-14	6.4178e-15
2.2233e+13	3.9052e-14	5.8636e-15
2.2384e+13	4.8741e-14	6.0813e-15
2.2534e+13	5.4399e-14	6.8847e-15
2.2684e+13	4.9101e-14	7.1941e-15
2.2834e+13	5.0532e-14	7.2496e-15
2.2984e+13	6.2455e-14	7.6477e-15
2.3135e+13	6.6737e-14	7.8165e-15
2.3285e+13	6.0017e-14	7.5696e-15
2.3435e+13	5.8688e-14	7.6912e-15
2.3585e+13	6.594e-14	8.147e-15
2.3736e+13	6.8279e-14	8.37e-15
2.3886e+13	6.3083e-14	8.7622e-15
2.4036e+13	6.1346e-14	9.6038e-15
2.4186e+13	6.59e-14	9.914e-15
2.4337e+13	6.8216e-14	9.0985e-15
2.4487e+13	6.4178e-14	8.2141e-15
2.4637e+13	5.8815e-14	8.4549e-15
2.4787e+13	5.7146e-14	9.3666e-15
2.4937e+13	5.8316e-14	9.6362e-15
2.5088e+13	5.7976e-14	9.3412e-15
2.5238e+13	5.3179e-14	9.6776e-15
2.5388e+13	4.5339e-14	1.0363e-14
2.5538e+13	3.9087e-14	1.0162e-14
2.5689e+13	3.766e-14	9.7898e-15
2.5839e+13	3.9107e-14	1.046e-14
2.5989e+13	3.8106e-14	1.1024e-14
2.6139e+13	3.2686e-14	1.0678e-14
2.6289e+13	2.712e-14	1.1141e-14
2.644e+13	2.567e-14	1.2718e-14
2.659e+13	2.6494e-14	1.3405e-14
2.674e+13	2.5113e-14	1.3359e-14
2.689e+13	2.0575e-14	1.4086e-14
2.7041e+13	1.5624e-14	1.4461e-14
2.7191e+13	1.3805e-14	1.3464e-14
2.7341e+13	1.6392e-14	1.3037e-14
2.7491e+13	1.968e-14	1.4111e-14
2.7641e+13	1.8604e-14	1.5234e-14
2.7792e+13	1.4374e-14	1.6365e-14
2.7942e+13	1.2279e-14	1.8485e-14
2.8092e+13	1.2535e-14	2.0566e-14
2.8242e+13	1.1488e-14	2.0773e-14
2.8393e+13	9.4603e-15	1.8934e-14
2.8543e+13	9.1065e-15	1.7425e-14
2.8693e+13	9.7444e-15	1.9557e-14
2.8843e+13	9.5124e-15	2.3853e-14
2.8993e+13	8.7655e-15	2.4339e-14
2.9144e+13	8.3679e-15	2.1657e-14
2.9294e+13	8.5157e-15	2.2949e-14
2.9444e+13	9.0153e-15	2.6457e-14
2.9594e+13	8.7807e-15	2.4414e-14
2.9745e+13	7.5732e-15	2.1143e-14
2.9895e+13	7.2147e-15	2.4733e-14
3.0045e+13	7.8984e-15	2.8262e-14
3.0195e+13	7.5109e-15	2.4561e-14
3.0346e+13	6.6337e-15	2.2961e-14
3.0496e+13	7.5255e-15	2.9215e-14
3.0646e+13	8.6144e-15	3.3574e-14
3.0796e+13	7.5952e-15	3.2705e-14
3.0946e+13	6.5084e-15	3.3812e-14
3.1097e+13	7.148e-15	3.5107e-14
3.1247e+13	7.5042e-15	3.1758e-14
3.1397e+13	6.8272e-15	3.0523e-14
3.1547e+13	6.8837e-15	3.4982e-14
3.1698e+13	7.385e-15	3.7067e-14
3.1848e+13	6.9504e-15	3.5268e-14
3.1998e+13	6.3873e-15	3.5172e-14
3.2148e+13	6.4183e-15	3.4126e-14
3.2298e+13	6.2795e-15	3.015e-14
3.2449e+13	6.1172e-15	3.0594e-14
3.2599e+13	6.4252e-15	3.5218e-14
3.2749e+13	6.4792e-15	3.5443e-14
3.2899e+13	6.2301e-15	3.3942e-14
3.305e+13	6.4434e-15	3.6844e-14
3.32e+13	6.5777e-15	3.7631e-14
3.335e+13	6.2159e-15	3.3202e-14
3.35e+13	6.3394e-15	3.25e-14
3.365e+13	6.6915e-15	3.5125e-14
3.3801e+13	6.0585e-15	3.2365e-14
3.3951e+13	5.4175e-15	2.9452e-14
3.4101e+13	6.0356e-15	3.4383e-14
3.4251e+13	6.5657e-15	3.8107e-14
3.4402e+13	5.9212e-15	3.2987e-14
3.4552e+13	5.2564e-15	2.788e-14
3.4702e+13	5.1693e-15	2.8338e-14
3.4852e+13	5.1244e-15	2.879e-14
3.5003e+13	5.3007e-15	2.835e-14
3.5153e+13	5.7117e-15	2.9784e-14
3.5303e+13	5.5603e-15	2.9981e-14
3.5453e+13	4.9438e-15	2.8179e-14
3.5603e+13	4.5776e-15	2.8987e-14
3.5754e+13	4.4249e-15	3.0965e-14
3.5904e+13	4.4946e-15	2.9317e-14
3.6054e+13	4.8476e-15	2.6468e-14
3.6204e+13	4.6059e-15	2.5708e-14
3.6355e+13	3.6141e-15	2.4718e-14
3.6505e+13	3.3305e-15	2.3249e-14
3.6655e+13	4.0354e-15	2.4114e-14
3.6805e+13	4.3758e-15	2.5679e-14
3.6955e+13	4.2122e-15	2.4988e-14
3.7106e+13	4.2716e-15	2.3817e-14
3.7256e+13	4.1882e-15	2.4308e-14
3.7406e+13	3.7898e-15	2.5182e-14
3.7556e+13	3.7888e-15	2.4649e-14
3.7707e+13	3.9614e-15	2.2582e-14
3.7857e+13	3.6754e-15	2.1165e-14
3.8007e+13	3.5429e-15	2.2979e-14
3.8157e+13	3.9535e-15	2.5611e-14
3.8307e+13	4.0322e-15	2.4219e-14
3.8458e+13	3.4644e-15	2.0834e-14
3.8608e+13	2.925e-15	2.0882e-14
3.8758e+13	2.7499e-15	2.278e-14
3.8908e+13	2.9413e-15	2.2553e-14
3.9059e+13	3.317e-15	2.2159e-14
3.9209e+13	3.2804e-15	2.3444e-14
3.9359e+13	2.8842e-15	2.3568e-14
3.9509e+13	2.9302e-15	2.1782e-14
3.9659e+13	3.2134e-15	2.0514e-14
3.981e+13	2.9714e-15	1.9966e-14
3.996e+13	2.6375e-15	1.9714e-14
4.011e+13	2.7104e-15	2.0809e-14
4.026e+13	2.6797e-15	2.2223e-14
4.0411e+13	2.5874e-15	2.2038e-14
4.0561e+13	2.942e-15	2.1401e-14
4.0711e+13	3.1829e-15	2.1556e-14
4.0861e+13	2.9476e-15	2.1603e-14
4.1012e+13	2.9978e-15	2.1553e-14
4.1162e+13	3.183e-15	2.1816e-14
4.1312e+13	2.6699e-15	2.1815e-14
4.1462e+13	2.2117e-15	2.2595e-14
4.1612e+13	2.6478e-15	2.469e-14
4.1763e+13	2.9491e-15	2.4767e-14
4.1913e+13	2.548e-15	2.2227e-14
4.2063e+13	2.4157e-15	2.1712e-14
4.2213e+13	2.5939e-15	2.2891e-14
4.2364e+13	2.345e-15	2.0814e-14
4.2514e+13	2.1553e-15	1.7997e-14
4.2664e+13	2.4676e-15	1.9708e-14
4.2814e+13	2.5254e-15	2.1992e-14
4.2964e+13	2.2213e-15	2.0664e-14
4.3115e+13	2.271e-15	2.0747e-14
4.3265e+13	2.4734e-15	2.4103e-14
4.3415e+13	2.3606e-15	2.4329e-14
4.3565e+13	2.2835e-15	2.114e-14
4.3716e+13	2.3462e-15	2.1075e-14
4.3866e+13	2.2138e-15	2.3438e-14
4.4016e+13	2.0958e-15	2.3348e-14
4.4166e+13	2.1969e-15	2.3034e-14
4.4316e+13	2.2152e-15	2.5416e-14
4.4467e+13	2.1685e-15	2.6339e-14
4.4617e+13	2.2302e-15	2.3633e-14
4.4767e+13	2.1925e-15	2.2496e-14
4.4917e+13	2.2024e-15	2.5382e-14
4.5068e+13	2.5439e-15	2.7414e-14
4.5218e+13	2.6393e-15	2.566e-14
4.5368e+13	2.1898e-15	2.3777e-14
4.5518e+13	2.0781e-15	2.451e-14
4.5669e+13	2.5244e-15	2.512e-14
4.5819e+13	2.5879e-15	2.351e-14
4.5969e+13	2.1984e-15	2.2296e-14
4.6119e+13	2.1001e-15	2.3085e-14
4.6269e+13	2.21e-15	2.3523e-14
4.642e+13	2.1499e-15	2.2865e-14
4.657e+13	2.0856e-15	2.2704e-14
4.672e+13	2.0344e-15	2.2225e-14
4.687e+13	1.9503e-15	2.1318e-14
4.7021e+13	2.1332e-15	2.3334e-14
4.7171e+13	2.3549e-15	2.6605e-14
4.7321e+13	2.0674e-15	2.4501e-14
4.7471e+13	1.7226e-15	1.9542e-14
4.7621e+13	1.9025e-15	2.0319e-14
4.7772e+13	2.054e-15	2.3777e-14
4.7922e+13	1.8083e-15	2.1838e-14
4.8072e+13	1.7373e-15	1.9333e-14
4.8222e+13	1.9303e-15	2.2935e-14
4.8373e+13	1.9324e-15	2.5594e-14
4.8523e+13	1.8543e-15	2.1759e-14
4.8673e+13	1.8393e-15	1.9023e-14
4.8823e+13	1.6216e-15	2.1062e-14
4.8973e+13	1.3879e-15	2.1274e-14
4.9124e+13	1.4906e-15	1.8934e-14
4.9274e+13	1.6291e-15	1.9482e-14
4.9424e+13	1.6069e-15	2.1112e-14
4.9574e+13	1.6849e-15	1.959e-14
4.9725e+13	1.7187e-15	1.7884e-14
4.9875e+13	1.4975e-15	1.8701e-14
5.0025e+13	1.3941e-15	1.9194e-14
5.0175e+13	1.4711e-15	1.8442e-14
5.0325e+13	1.3267e-15	1.8634e-14
5.0476e+13	1.1897e-15	1.9388e-14
5.0626e+13	1.4255e-15	1.928e-14
5.0776e+13	1.5835e-15	1.8801e-14
5.0926e+13	1.3894e-15	1.8262e-14
5.1077e+13	1.2913e-15	1.7699e-14
5.1227e+13	1.3616e-15	1.7682e-14
5.1377e+13	1.3241e-15	1.7331e-14
5.1527e+13	1.3571e-15	1.5997e-14
5.1678e+13	1.5216e-15	1.5946e-14
5.1828e+13	1.4688e-15	1.7749e-14
5.1978e+13	1.2849e-15	1.8078e-14
5.2128e+13	1.2644e-15	1.6389e-14
5.2278e+13	1.2066e-15	1.5766e-14
5.2429e+13	1.037e-15	1.5937e-14
5.2579e+13	1.0582e-15	1.4649e-14
5.2729e+13	1.1712e-15	1.3361e-14
5.2879e+13	1.1156e-15	1.3562e-14
5.303e+13	1.076e-15	1.3314e-14
5.318e+13	1.1268e-15	1.2465e-14
5.333e+13	1.0794e-15	1.3269e-14
5.348e+13	1.055e-15	1.4437e-14
5.363e+13	1.1022e-15	1.3063e-14
5.3781e+13	9.4398e-16	1.072e-14
5.3931e+13	7.7787e-16	1.0489e-14
5.4081e+13	9.796e-16	1.1623e-14
5.4231e+13	1.1467e-15	1.1967e-14
5.4382e+13	9.4669e-16	1.1459e-14
5.4532e+13	8.9017e-16	1.0892e-14
5.4682e+13	1.1199e-15	1.0506e-14
5.4832e+13	1.09e-15	1.032e-14
5.4982e+13	8.4847e-16	1.023e-14
5.5133e+13	8.5485e-16	1.0222e-14
5.5283e+13	9.5784e-16	1.0372e-14
5.5433e+13	9.2075e-16	1.0355e-14
5.5583e+13	9.1848e-16	1.0052e-14
5.5734e+13	9.3729e-16	1.0034e-14
5.5884e+13	8.6772e-16	1.0303e-14
5.6034e+13	9.0114e-16	1.0259e-14
5.6184e+13	1.0043e-15	1.0174e-14
5.6335e+13	9.1173e-16	1.0245e-14
5.6485e+13	7.806e-16	9.427e-15
5.6635e+13	8.0915e-16	7.777e-15
5.6785e+13	8.0117e-16	7.1959e-15
5.6935e+13	7.6969e-16	7.9092e-15
5.7086e+13	8.8765e-16	8.0908e-15
5.7236e+13	9.0078e-16	7.6112e-15
5.7386e+13	7.0213e-16	7.7563e-15
5.7536e+13	6.7629e-16	7.9844e-15
5.7687e+13	8.1872e-16	7.2209e-15
5.7837e+13	7.931e-16	6.5438e-15
5.7987e+13	7.5008e-16	7.1022e-15
5.8137e+13	8.3725e-16	7.8397e-15
5.8287e+13	7.8085e-16	7.6869e-15
5.8438e+13	6.6372e-16	7.2736e-15
5.8588e+13	7.6573e-16	7.0504e-15
5.8738e+13	7.9708e-16	6.4699e-15
5.8888e+13	6.1636e-16	5.7886e-15
5.9039e+13	6.5954e-16	6.0439e-15
5.9189e+13	8.6013e-16	6.87e-15
5.9339e+13	7.5424e-16	6.8886e-15
5.9489e+13	5.9502e-16	6.3135e-15
5.9639e+13	7.2376e-16	6.4619e-15
5.979e+13	7.7446e-16	6.9913e-15
5.994e+13	6.3009e-16	6.6113e-15
6.009e+13	6.6004e-16	5.7954e-15
6.024e+13	7.4622e-16	5.7099e-15
6.0391e+13	6.3093e-16	5.8461e-15
6.0541e+13	5.8911e-16	5.5278e-15
6.0691e+13	6.8347e-16	5.5589e-15
6.0841e+13	6.1005e-16	6.1628e-15
6.0991e+13	5.2098e-16	6.1792e-15
6.1142e+13	6.3698e-16	5.6056e-15
6.1292e+13	6.7487e-16	5.7038e-15
6.1442e+13	5.8881e-16	6.3077e-15
6.1592e+13	6.5649e-16	6.1739e-15
6.1743e+13	6.9531e-16	5.4641e-15
6.1893e+13	5.1909e-16	5.2614e-15
6.2043e+13	4.7297e-16	5.558e-15
6.2193e+13	6.0934e-16	5.5874e-15
6.2344e+13	5.8952e-16	5.3044e-15
6.2494e+13	5.322e-16	5.3145e-15
6.2644e+13	6.3055e-16	5.6588e-15
6.2794e+13	6.1828e-16	5.6118e-15
6.2944e+13	4.9934e-16	5.0616e-15
6.3095e+13	5.7161e-16	4.944e-15
6.3245e+13	6.4352e-16	5.4485e-15
6.3395e+13	5.3007e-16	5.5631e-15
6.3545e+13	5.5583e-16	5.2309e-15
6.3696e+13	7.0347e-16	5.3892e-15
6.3846e+13	6.1842e-16	5.7038e-15
6.3996e+13	5.28e-16	5.3727e-15
6.4146e+13	6.8928e-16	5.1073e-15
6.4296e+13	7.0926e-16	5.3132e-15
6.4447e+13	4.9317e-16	4.9364e-15
6.4597e+13	4.8542e-16	4.2529e-15
6.4747e+13	6.2284e-16	4.7706e-15
6.4897e+13	5.6343e-16	5.7483e-15
6.5048e+13	5.011e-16	5.5409e-15
6.5198e+13	5.9504e-16	5.0454e-15
6.5348e+13	6.0083e-16	5.3461e-15
6.5498e+13	5.2881e-16	5.2386e-15
6.5648e+13	5.4497e-16	4.402e-15
6.5799e+13	5.2543e-16	4.3943e-15
6.5949e+13	4.8111e-16	5.0342e-15
6.6099e+13	5.7618e-16	4.8111e-15
6.6249e+13	6.1602e-16	4.2763e-15
6.64e+13	4.7968e-16	4.6256e-15
6.655e+13	4.6509e-16	5.1823e-15
6.67e+13	5.8165e-16	5.2194e-15
6.685e+13	5.5667e-16	5.2018e-15
6.7001e+13	5.2239e-16	5.1901e-15
6.7151e+13	6.0735e-16	4.9103e-15
6.7301e+13	5.5329e-16	4.7201e-15
6.7451e+13	4.187e-16	4.6992e-15
6.7601e+13	5.0782e-16	4.5359e-15
6.7752e+13	6.1099e-16	4.5159e-15
6.7902e+13	4.9871e-16	4.7204e-15
6.8052e+13	4.5757e-16	4.5826e-15
6.8202e+13	5.5656e-16	4.3407e-15
6.8353e+13	5.2376e-16	4.5872e-15
6.8503e+13	4.4781e-16	4.6924e-15
6.8653e+13	4.805e-16	4.2208e-15
6.8803e+13	4.4977e-16	4.138e-15
6.8953e+13	4.1641e-16	4.7329e-15
6.9104e+13	5.5608e-16	5.0366e-15
6.9254e+13	5.8825e-16	4.8458e-15
6.9404e+13	4.0024e-16	4.593e-15
6.9554e+13	3.9241e-16	4.2415e-15
6.9705e+13	5.5062e-16	4.1444e-15
6.9855e+13	4.9156e-16	4.7116e-15
7.0005e+13	3.7867e-16	4.9973e-15
7.0155e+13	4.6838e-16	4.4159e-15
7.0305e+13	5.0831e-16	4.2e-15
7.0456e+13	4.4772e-16	4.7373e-15
7.0606e+13	5.3041e-16	4.7263e-15
7.0756e+13	5.8222e-16	4.231e-15
7.0906e+13	4.4273e-16	4.4961e-15
7.1057e+13	4.2775e-16	5.0735e-15
7.1207e+13	5.5399e-16	4.9714e-15
7.1357e+13	4.9383e-16	4.7122e-15
7.1507e+13	3.9626e-16	4.6391e-15
7.1657e+13	4.9475e-16	4.291e-15
7.1808e+13	5.3202e-16	4.2246e-15
7.1958e+13	4.3736e-16	4.9296e-15
7.2108e+13	4.7013e-16	5.1298e-15
7.2258e+13	5.222e-16	4.2776e-15
7.2409e+13	4.2936e-16	3.9661e-15
7.2559e+13	4.2295e-16	4.7688e-15
7.2709e+13	5.1484e-16	5.228e-15
7.2859e+13	4.5609e-16	4.7768e-15
7.301e+13	3.8508e-16	4.2692e-15
7.316e+13	4.5651e-16	4.0548e-15
7.331e+13	4.4758e-16	4.0132e-15
7.346e+13	3.8432e-16	4.2235e-15
7.361e+13	4.8537e-16	4.4289e-15
7.3761e+13	5.2874e-16	4.3442e-15
7.3911e+13	3.7902e-16	4.3152e-15
7.4061e+13	3.7874e-16	4.4364e-15
7.4211e+13	5.1871e-16	4.1933e-15
7.4362e+13	4.5618e-16	3.6829e-15
7.4512e+13	3.637e-16	3.6439e-15
7.4662e+13	4.7591e-16	4.171e-15
7.4812e+13	5.0204e-16	4.707e-15
7.4962e+13	3.7803e-16	4.9211e-15
7.5113e+13	4.1701e-16	4.8173e-15
7.5263e+13	5.1068e-16	4.5541e-15
7.5413e+13	4.3269e-16	4.418e-15
7.5563e+13	4.1406e-16	4.5589e-15
7.5714e+13	5.2396e-16	4.7936e-15
7.5864e+13	4.9357e-16	4.8013e-15
7.6014e+13	4.1074e-16	4.5448e-15
7.6164e+13	4.8305e-16	4.5283e-15
7.6314e+13	5.2251e-16	5.0738e-15
7.6465e+13	4.4926e-16	5.4021e-15
7.6615e+13	4.5539e-16	4.7765e-15
7.6765e+13	4.8007e-16	4.1432e-15
7.6915e+13	4.2382e-16	4.6261e-15
7.7066e+13	4.4971e-16	5.3977e-15
7.7216e+13	5.1749e-16	5.2968e-15
7.7366e+13	4.484e-16	4.8675e-15
7.7516e+13	4.0779e-16	4.8485e-15
7.7666e+13	4.8488e-16	4.8573e-15
7.7817e+13	4.4623e-16	4.7169e-15
7.7967e+13	3.6395e-16	4.7652e-15
7.8117e+13	4.6751e-16	4.8087e-15
7.8267e+13	5.3122e-16	4.6483e-15
7.8418e+13	4.0299e-16	4.6281e-15
7.8568e+13	3.7571e-16	4.7126e-15
7.8718e+13	4.6398e-16	4.6712e-15
7.8868e+13	4.2566e-16	4.8887e-15
7.9019e+13	4.0649e-16	5.3544e-15
7.9169e+13	5.1058e-16	5.335e-15
7.9319e+13	4.7752e-16	4.9582e-15
7.9469e+13	3.7091e-16	4.853e-15
7.9619e+13	4.5499e-16	4.6377e-15
7.977e+13	5.1721e-16	4.2069e-15
7.992e+13	4.1431e-16	4.6056e-15
8.007e+13	4.5936e-16	5.6975e-15
8.022e+13	6.0926e-16	6.0028e-15
8.0371e+13	5.2458e-16	5.5286e-15
8.0521e+13	3.9274e-16	5.3006e-15
8.0671e+13	4.5101e-16	5.1143e-15
8.0821e+13	4.4629e-16	4.8669e-15
8.0971e+13	3.6507e-16	5.4661e-15
8.1122e+13	4.8717e-16	6.4192e-15
8.1272e+13	6.1713e-16	6.1957e-15
8.1422e+13	5.0033e-16	5.2662e-15
8.1572e+13	3.9858e-16	4.9524e-15
8.1723e+13	4.3228e-16	4.874e-15
8.1873e+13	4.0377e-16	4.6216e-15
8.2023e+13	3.999e-16	4.8753e-15
8.2173e+13	4.9642e-16	5.3194e-15
8.2323e+13	4.5125e-16	5.1396e-15
8.2474e+13	3.4293e-16	5.0402e-15
8.2624e+13	4.4864e-16	5.4473e-15
8.2774e+13	5.3643e-16	5.3693e-15
8.2924e+13	4.0945e-16	5.0988e-15
8.3075e+13	3.9379e-16	5.8395e-15
8.3225e+13	5.2982e-16	6.5387e-15
8.3375e+13	4.9701e-16	5.9468e-15
8.3525e+13	4.2139e-16	5.6832e-15
8.3676e+13	5.0344e-16	6.6885e-15
8.3826e+13	4.8864e-16	6.7801e-15
8.3976e+13	3.6229e-16	5.258e-15
8.4126e+13	4.2428e-16	4.5714e-15
8.4276e+13	5.1442e-16	5.4531e-15
8.4427e+13	4.0548e-16	5.9807e-15
8.4577e+13	3.8309e-16	5.6788e-15
8.4727e+13	5.2558e-16	5.633e-15
8.4877e+13	5.0506e-16	5.7473e-15
8.5028e+13	3.7999e-16	5.4711e-15
8.5178e+13	3.8688e-16	5.2289e-15
8.5328e+13	3.7415e-16	5.2518e-15
8.5478e+13	3.0732e-16	5.1823e-15
8.5628e+13	3.9407e-16	5.1407e-15
8.5779e+13	4.7904e-16	5.3582e-15
8.5929e+13	3.8561e-16	5.5031e-15
8.6079e+13	3.7528e-16	5.4402e-15
8.6229e+13	4.8465e-16	5.4506e-15
8.638e+13	4.1882e-16	5.4667e-15
8.653e+13	3.0626e-16	5.2328e-15
8.668e+13	3.9376e-16	4.8869e-15
8.683e+13	4.4792e-16	4.7218e-15
8.698e+13	3.6193e-16	4.9032e-15
8.7131e+13	3.9929e-16	5.3969e-15
8.7281e+13	4.8763e-16	5.6736e-15
8.7431e+13	3.9046e-16	5.1259e-15
8.7581e+13	3.0669e-16	4.22e-15
8.7732e+13	4.0296e-16	4.2856e-15
8.7882e+13	4.7336e-16	5.6047e-15
8.8032e+13	4.552e-16	6.6185e-15
8.8182e+13	4.4751e-16	5.9938e-15
8.8332e+13	3.994e-16	4.7709e-15
8.8483e+13	3.5486e-16	4.7724e-15
8.8633e+13	4.188e-16	5.4774e-15
8.8783e+13	4.3046e-16	5.1665e-15
8.8933e+13	3.3797e-16	4.4185e-15
8.9084e+13	3.6922e-16	4.8253e-15
8.9234e+13	4.4486e-16	5.5082e-15
8.9384e+13	3.4088e-16	5.0536e-15
8.9534e+13	2.8306e-16	4.6624e-15
8.9685e+13	4.1642e-16	5.4099e-15
8.9835e+13	4.2297e-16	5.8488e-15
8.9985e+13	2.989e-16	5.3481e-15
9.0135e+13	3.6471e-16	5.2786e-15
9.0285e+13	4.6313e-16	5.5761e-15
9.0436e+13	3.5798e-16	5.1915e-15
9.0586e+13	3.2528e-16	5.0569e-15
9.0736e+13	4.5183e-16	5.8236e-15
9.0886e+13	4.1791e-16	5.8181e-15
9.1037e+13	2.8931e-16	4.7897e-15
9.1187e+13	3.3241e-16	4.6588e-15
9.1337e+13	3.7926e-16	5.0733e-15
9.1487e+13	3.0787e-16	4.3615e-15
9.1637e+13	3.2626e-16	3.8419e-15
9.1788e+13	3.8786e-16	4.937e-15
9.1938e+13	3.146e-16	5.4797e-15
9.2088e+13	2.7279e-16	4.1762e-15
9.2238e+13	3.4265e-16	3.4208e-15
9.2389e+13	3.2115e-16	4.2231e-15
9.2539e+13	2.6051e-16	4.5767e-15
9.2689e+13	3.2307e-16	4.0621e-15
9.2839e+13	3.4771e-16	4.0074e-15
9.2989e+13	2.6387e-16	4.1142e-15
9.314e+13	2.6946e-16	3.7898e-15
9.329e+13	3.3008e-16	3.9885e-15
9.344e+13	2.9998e-16	4.6985e-15
9.359e+13	2.9723e-16	4.5316e-15
9.3741e+13	3.5584e-16	3.8417e-15
9.3891e+13	3.2409e-16	4.0705e-15
9.4041e+13	2.7729e-16	4.6676e-15
9.4191e+13	3.2033e-16	4.3551e-15
9.4342e+13	3.0804e-16	3.6912e-15
9.4492e+13	2.4945e-16	3.6609e-15
9.4642e+13	3.0487e-16	3.859e-15
9.4792e+13	3.4117e-16	3.7053e-15
9.4942e+13	2.4663e-16	3.5504e-15
9.5093e+13	2.3292e-16	3.7614e-15
9.5243e+13	3.1086e-16	3.9623e-15
9.5393e+13	2.678e-16	3.6294e-15
9.5543e+13	2.1508e-16	2.9999e-15
9.5694e+13	2.9656e-16	2.8622e-15
9.5844e+13	3.1108e-16	3.2555e-15
9.5994e+13	2.2871e-16	3.3261e-15
9.6144e+13	2.6715e-16	2.9432e-15
9.6294e+13	3.3129e-16	2.9563e-15
9.6445e+13	2.6293e-16	3.4636e-15
9.6595e+13	2.4755e-16	3.6628e-15
9.6745e+13	3.2719e-16	3.3866e-15
9.6895e+13	2.8417e-16	3.0286e-15
9.7046e+13	1.9701e-16	2.6553e-15
9.7196e+13	2.4783e-16	2.4927e-15
9.7346e+13	2.8894e-16	2.9e-15
9.7496e+13	2.4002e-16	3.2987e-15
9.7646e+13	2.4867e-16	2.9548e-15
9.7797e+13	2.6254e-16	2.4815e-15
9.7947e+13	1.9076e-16	2.6475e-15
9.8097e+13	1.9428e-16	2.8878e-15
9.8247e+13	2.8207e-16	2.6517e-15
9.8398e+13	2.6276e-16	2.4654e-15
9.8548e+13	2.096e-16	2.5993e-15
9.8698e+13	2.5397e-16	2.6485e-15
9.8848e+13	2.604e-16	2.654e-15
9.8998e+13	2.0727e-16	2.7903e-15
9.9149e+13	2.3866e-16	2.594e-15
9.9299e+13	2.6286e-16	2.0127e-15
9.9449e+13	1.9122e-16	1.8698e-15
9.9599e+13	1.9157e-16	2.2835e-15
9.975e+13	2.5595e-16	2.3967e-15
9.99e+13	2.1062e-16	2.0907e-15
1.0005e+14	1.6856e-16	2.0532e-15
1.002e+14	2.3946e-16	2.2782e-15
1.0035e+14	2.3721e-16	2.2724e-15
1.005e+14	1.5866e-16	2.1552e-15
1.0065e+14	1.9966e-16	2.1633e-15
1.008e+14	2.5297e-16	2.0428e-15
1.0095e+14	1.7968e-16	1.8068e-15
1.011e+14	1.6008e-16	1.8545e-15
1.0125e+14	2.339e-16	2.04e-15
1.014e+14	2.1592e-16	1.9834e-15
1.0155e+14	1.7021e-16	1.9779e-15
1.017e+14	2.1303e-16	2.2477e-15
1.0185e+14	2.0473e-16	2.2401e-15
1.02e+14	1.4267e-16	1.8418e-15
1.0215e+14	1.9188e-16	1.8341e-15
1.023e+14	2.5149e-16	2.2519e-15
1.0245e+14	1.9467e-16	2.1612e-15
1.026e+14	1.6865e-16	1.5542e-15
1.0275e+14	1.9997e-16	1.396e-15
1.029e+14	1.5866e-16	1.7562e-15
1.0305e+14	1.3996e-16	1.8838e-15
1.032e+14	2.1105e-16	1.7104e-15
1.0336e+14	1.9789e-16	1.6364e-15
1.0351e+14	1.263e-16	1.6434e-15
1.0366e+14	1.706e-16	1.6845e-15
1.0381e+14	2.0727e-16	1.8804e-15
1.0396e+14	1.3446e-16	1.9599e-15
1.0411e+14	1.3967e-16	1.6461e-15
1.0426e+14	2.093e-16	1.3233e-15
1.0441e+14	1.5392e-16	1.3462e-15
1.0456e+14	1.0282e-16	1.4464e-15
1.0471e+14	1.8261e-16	1.4293e-15
1.0486e+14	1.9296e-16	1.4525e-15
1.0501e+14	1.1745e-16	1.4696e-15
1.0516e+14	1.606e-16	1.3616e-15
1.0531e+14	2.2095e-16	1.3086e-15
1.0546e+14	1.5241e-16	1.3675e-15
1.0561e+14	1.3231e-16	1.3466e-15
1.0576e+14	2.0334e-16	1.3219e-15
1.0591e+14	1.7954e-16	1.4521e-15
1.0606e+14	1.2825e-16	1.5033e-15
1.0621e+14	1.7571e-16	1.3156e-15
1.0636e+14	1.7878e-16	1.1676e-15
1.0651e+14	1.1585e-16	1.1887e-15
1.0666e+14	1.4694e-16	1.1784e-15
1.0681e+14	1.8728e-16	1.143e-15
1.0696e+14	1.2388e-16	1.2335e-15
1.0711e+14	1.0843e-16	1.3358e-15
1.0726e+14	1.6393e-16	1.3153e-15
1.0741e+14	1.3925e-16	1.2732e-15
1.0756e+14	1.1219e-16	1.2619e-15
1.0771e+14	1.6963e-16	1.2148e-15
1.0786e+14	1.6057e-16	1.1663e-15
1.0801e+14	9.4029e-17	1.1555e-15
1.0816e+14	1.3023e-16	1.1246e-15
1.0831e+14	1.6761e-16	1.0995e-15
1.0846e+14	1.0913e-16	1.1469e-15
1.0861e+14	1.1763e-16	1.1739e-15
1.0876e+14	1.8383e-16	1.083e-15
1.0891e+14	1.3613e-16	9.6005e-16
1.0906e+14	8.3501e-17	9.0981e-16
1.0921e+14	1.4239e-16	9.1811e-16
1.0936e+14	1.4911e-16	9.3051e-16
1.0951e+14	9.3867e-17	9.2033e-16
1.0966e+14	1.4013e-16	9.2991e-16
1.0981e+14	1.8559e-16	1.0219e-15
1.0996e+14	1.1713e-16	1.1008e-15
1.1012e+14	9.9884e-17	1.0163e-15
1.1027e+14	1.5456e-16	8.9622e-16
1.1042e+14	1.2233e-16	9.692e-16
1.1057e+14	8.6819e-17	1.1162e-15
1.1072e+14	1.4472e-16	1.0948e-15
1.1087e+14	1.4461e-16	9.9656e-16
1.1102e+14	8.4185e-17	9.972e-16
1.1117e+14	1.1436e-16	1.0052e-15
1.1132e+14	1.4229e-16	9.4039e-16
1.1147e+14	8.6599e-17	9.1698e-16
1.1162e+14	1.0463e-16	9.4773e-16
1.1177e+14	1.7074e-16	9.2778e-16
1.1192e+14	1.1881e-16	9.0176e-16
1.1207e+14	7.2794e-17	9.2838e-16
1.1222e+14	1.4016e-16	8.9369e-16
1.1237e+14	1.3975e-16	7.9086e-16
1.1252e+14	6.8511e-17	8.1489e-16
1.1267e+14	1.0656e-16	9.5342e-16
1.1282e+14	1.511e-16	9.4681e-16
1.1297e+14	8.2676e-17	7.7614e-16
1.1312e+14	7.0288e-17	7.0309e-16
1.1327e+14	1.3577e-16	7.9422e-16
1.1342e+14	1.1096e-16	8.59e-16
1.1357e+14	7.5063e-17	8.1878e-16
1.1372e+14	1.2921e-16	7.6427e-16
1.1387e+14	1.2389e-16	7.4293e-16
1.1402e+14	5.9222e-17	7.4583e-16
1.1417e+14	9.2835e-17	7.6758e-16
1.1432e+14	1.2652e-16	7.6301e-16
1.1447e+14	6.3927e-17	7.1525e-16
1.1462e+14	6.9589e-17	7.143e-16
1.1477e+14	1.4028e-16	7.7772e-16
1.1492e+14	1.0349e-16	7.6729e-16
1.1507e+14	5.8604e-17	6.6949e-16
1.1522e+14	1.1978e-16	6.6523e-16
1.1537e+14	1.2718e-16	7.7226e-16
1.1552e+14	6.6143e-17	7.9782e-16
1.1567e+14	9.7643e-17	7.2658e-16
1.1582e+14	1.3337e-16	7.2775e-16
1.1597e+14	6.9309e-17	7.8202e-16
1.1612e+14	6.0031e-17	7.3421e-16
1.1627e+14	1.1848e-16	6.3342e-16
1.1642e+14	9.0688e-17	6.3333e-16
1.1657e+14	5.9803e-17	6.9676e-16
1.1673e+14	1.1614e-16	7.0064e-16
1.1688e+14	1.1072e-16	6.5462e-16
1.1703e+14	4.9692e-17	6.1722e-16
1.1718e+14	8.6756e-17	5.8626e-16
1.1733e+14	1.2073e-16	5.7185e-16
1.1748e+14	5.6906e-17	6.009e-16
1.1763e+14	5.7193e-17	6.3422e-16
1.1778e+14	1.2195e-16	6.2712e-16
1.1793e+14	9.0934e-17	6.1605e-16
1.1808e+14	5.7621e-17	6.2788e-16
1.1823e+14	1.1392e-16	6.205e-16
1.1838e+14	1.0263e-16	6.0628e-16
1.1853e+14	3.7342e-17	6.5739e-16
1.1868e+14	8.4736e-17	7.1778e-16
1.1883e+14	1.3154e-16	6.5308e-16
1.1898e+14	6.2625e-17	5.3007e-16
1.1913e+14	4.7806e-17	5.3431e-16
1.1928e+14	1.0635e-16	6.1385e-16
1.1943e+14	7.3357e-17	5.8283e-16
1.1958e+14	3.4922e-17	5.0423e-16
1.1973e+14	9.7932e-17	5.4643e-16
1.1988e+14	1.0729e-16	6.1915e-16
1.2003e+14	4.5446e-17	5.732e-16
1.2018e+14	6.9664e-17	5.1334e-16
1.2033e+14	1.0595e-16	5.5276e-16
1.2048e+14	6.0843e-17	5.8087e-16
1.2063e+14	6.9255e-17	5.2586e-16
1.2078e+14	1.2137e-16	4.9023e-16
1.2093e+14	7.393e-17	5.1313e-16
1.2108e+14	3.6503e-17	5.3282e-16
1.2123e+14	1.025e-16	5.5492e-16
1.2138e+14	1.0406e-16	5.9409e-16
1.2153e+14	3.8801e-17	5.8399e-16
1.2168e+14	7.2345e-17	5.1364e-16
1.2183e+14	1.128e-16	4.7821e-16
1.2198e+14	5.7223e-17	5.2027e-16
1.2213e+14	5.704e-17	5.6641e-16
1.2228e+14	1.1283e-16	5.4169e-16
1.2243e+14	6.9559e-17	4.8096e-16
1.2258e+14	2.9009e-17	4.9291e-16
1.2273e+14	9.1882e-17	5.7698e-16
1.2288e+14	9.421e-17	5.848e-16
1.2303e+14	3.1388e-17	4.8065e-16
1.2318e+14	7.0089e-17	4.2354e-16
1.2334e+14	1.142e-16	4.6444e-16
1.2349e+14	5.2668e-17	4.8395e-16
1.2364e+14	4.5668e-17	4.7689e-16
1.2379e+14	1.0764e-16	5.1166e-16
1.2394e+14	7.2861e-17	5.1258e-16
1.2409e+14	2.8728e-17	4.564e-16
1.2424e+14	8.8124e-17	4.9027e-16
1.2439e+14	9.5612e-17	5.8255e-16
1.2454e+14	3.007e-17	5.2549e-16
1.2469e+14	5.7179e-17	3.9136e-16
1.2484e+14	1.026e-16	4.1822e-16
1.2499e+14	5.1354e-17	5.2801e-16
1.2514e+14	4.1901e-17	5.1205e-16
1.2529e+14	9.7734e-17	4.3451e-16
1.2544e+14	6.9592e-17	4.1925e-16
1.2559e+14	2.9158e-17	4.1065e-16
1.2574e+14	7.8612e-17	3.8589e-16
1.2589e+14	8.1911e-17	4.0956e-16
1.2604e+14	2.2537e-17	4.4633e-16
1.2619e+14	4.8983e-17	4.3939e-16
1.2634e+14	9.1204e-17	4.3499e-16
1.2649e+14	4.6673e-17	4.4816e-16
1.2664e+14	4.0413e-17	4.3276e-16
1.2679e+14	8.8467e-17	4.1033e-16
1.2694e+14	5.9995e-17	4.1497e-16
1.2709e+14	2.7282e-17	4.1477e-16
1.2724e+14	7.3782e-17	4.0628e-16
1.2739e+14	7.3425e-17	4.1471e-16
1.2754e+14	2.8874e-17	4.1168e-16
1.2769e+14	6.8059e-17	3.9258e-16
1.2784e+14	9.7181e-17	4.0726e-16
1.2799e+14	3.5481e-17	4.3289e-16
1.2814e+14	3.2788e-17	4.1026e-16
1.2829e+14	8.9205e-17	3.7797e-16
1.2844e+14	5.5535e-17	3.8106e-16
1.2859e+14	1.647e-17	3.748e-16
1.2874e+14	6.7958e-17	3.4521e-16
1.2889e+14	7.3846e-17	3.4196e-16
1.2904e+14	2.6334e-17	3.5924e-16
1.2919e+14	5.965e-17	3.5979e-16
1.2934e+14	9.0753e-17	3.6051e-16
1.2949e+14	3.7048e-17	3.7232e-16
1.2964e+14	3.5448e-17	3.6517e-16
1.2979e+14	8.3092e-17	3.4284e-16
1.2994e+14	4.7165e-17	3.4192e-16
1.301e+14	2.1167e-17	3.6374e-16
1.3025e+14	8.2079e-17	3.7687e-16
1.304e+14	7.7785e-17	3.6102e-16
1.3055e+14	1.6318e-17	3.3484e-16
1.307e+14	5.0448e-17	3.3892e-16
1.3085e+14	8.8547e-17	3.6728e-16
1.31e+14	3.6401e-17	3.7554e-16
1.3115e+14	3.7171e-17	3.7478e-16
1.313e+14	8.9946e-17	3.9549e-16
1.3145e+14	5.1953e-17	3.9241e-16
1.316e+14	1.8885e-17	3.4069e-16
1.3175e+14	7.9131e-17	3.139e-16
1.319e+14	7.7348e-17	3.3351e-16
1.3205e+14	1.4202e-17	3.3046e-16
1.322e+14	4.8708e-17	3.1105e-16
1.3235e+14	9.0725e-17	3.2751e-16
1.325e+14	3.462e-17	3.3526e-16
1.3265e+14	2.5897e-17	2.9797e-16
1.328e+14	7.8885e-17	2.8471e-16
1.3295e+14	4.7138e-17	3.2199e-16
1.331e+14	1.1656e-17	3.5136e-16
1.3325e+14	6.6356e-17	3.5789e-16
1.334e+14	6.8423e-17	3.5596e-16
1.3355e+14	1.21e-17	3.3793e-16
1.337e+14	4.6582e-17	3.3368e-16
1.3385e+14	8.6032e-17	3.608e-16
1.34e+14	2.9875e-17	3.554e-16
1.3415e+14	2.2181e-17	3.1184e-16
1.343e+14	7.6782e-17	3.149e-16
1.3445e+14	4.5633e-17	3.4838e-16
1.346e+14	7.886e-18	3.3396e-16
1.3475e+14	6.2507e-17	3.1525e-16
1.349e+14	6.8398e-17	3.3811e-16
1.3505e+14	1.1511e-17	3.3286e-16
1.352e+14	4.1319e-17	2.9475e-16
1.3535e+14	8.1737e-17	2.9724e-16
1.355e+14	2.8315e-17	3.0046e-16
1.3565e+14	1.6823e-17	2.5457e-16
1.358e+14	7.05e-17	2.4611e-16
1.3595e+14	4.6628e-17	2.9672e-16
1.361e+14	9.5062e-18	2.9855e-16
1.3625e+14	5.6241e-17	2.5888e-16
1.364e+14	6.2745e-17	2.7038e-16
1.3655e+14	1.1286e-17	2.9412e-16
1.3671e+14	3.527e-17	2.7152e-16
1.3686e+14	7.0412e-17	2.58e-16
1.3701e+14	2.7262e-17	2.6903e-16
1.3716e+14	2.2936e-17	2.5702e-16
1.3731e+14	6.7184e-17	2.5275e-16
1.3746e+14	3.8923e-17	2.8302e-16
1.3761e+14	1.1601e-17	2.8619e-16
1.3776e+14	5.9994e-17	2.601e-16
1.3791e+14	5.8071e-17	2.6989e-16
1.3806e+14	1.1839e-17	2.9611e-16
1.3821e+14	4.9315e-17	2.9572e-16
1.3836e+14	7.8677e-17	2.9561e-16
1.3851e+14	1.8759e-17	2.9238e-16
1.3866e+14	1.6934e-17	2.5766e-16
1.3881e+14	7.5564e-17	2.4196e-16
1.3896e+14	4.4078e-17	2.7219e-16
1.3911e+14	2.7856e-18	2.7749e-16
1.3926e+14	5.3886e-17	2.4363e-16
1.3941e+14	6.3432e-17	2.3098e-16
1.3956e+14	1.0965e-17	2.3238e-16
1.3971e+14	3.3614e-17	2.2195e-16
1.3986e+14	6.6394e-17	2.3137e-16
1.4001e+14	2.0146e-17	2.4933e-16
1.4016e+14	1.7125e-17	2.3602e-16
1.4031e+14	6.6419e-17	2.3469e-16
1.4046e+14	3.9201e-17	2.7174e-16
1.4061e+14	9.5155e-18	2.804e-16
1.4076e+14	6.0114e-17	2.5279e-16
1.4091e+14	6.0146e-17	2.4966e-16
1.4106e+14	4.8765e-18	2.4968e-16
1.4121e+14	3.3026e-17	2.188e-16
1.4136e+14	6.9543e-17	2.1103e-16
1.4151e+14	2.0187e-17	2.3644e-16
1.4166e+14	1.238e-17	2.3446e-16
1.4181e+14	6.2403e-17	2.2086e-16
1.4196e+14	3.8688e-17	2.3618e-16
1.4211e+14	6.5225e-18	2.3876e-16
1.4226e+14	5.1789e-17	2.1918e-16
1.4241e+14	5.4899e-17	2.3192e-16
1.4256e+14	7.2034e-18	2.5375e-16
1.4271e+14	3.3549e-17	2.3309e-16
1.4286e+14	6.2175e-17	2.1274e-16
1.4301e+14	1.3599e-17	2.2243e-16
1.4316e+14	1.3487e-17	2.1613e-16
1.4331e+14	6.3965e-17	2.002e-16
1.4347e+14	3.2874e-17	2.1664e-16
1.4362e+14	-1.7154e-18	2.3216e-16
1.4377e+14	4.9988e-17	2.1907e-16
1.4392e+14	5.7614e-17	2.1533e-16
1.4407e+14	5.1797e-18	2.1686e-16
1.4422e+14	2.598e-17	1.8987e-16
1.4437e+14	5.7516e-17	1.7009e-16
1.4452e+14	1.3065e-17	1.8793e-16
1.4467e+14	9.0571e-18	2.04e-16
1.4482e+14	5.6288e-17	2.0602e-16
1.4497e+14	3.1856e-17	2.1634e-16
1.4512e+14	2.7108e-18	2.145e-16
1.4527e+14	4.8372e-17	1.926e-16
1.4542e+14	5.0275e-17	1.9191e-16
1.4557e+14	3.5564e-18	2.0832e-16
1.4572e+14	3.209e-17	2.0258e-16
1.4587e+14	6.3227e-17	1.932e-16
1.4602e+14	1.4981e-17	2.0459e-16
1.4617e+14	9.9281e-18	2.0839e-16
1.4632e+14	5.751e-17	1.9795e-16
1.4647e+14	3.2633e-17	2.0005e-16
1.4662e+14	2.0065e-18	2.0569e-16
1.4677e+14	4.6243e-17	1.9931e-16
1.4692e+14	4.9368e-17	1.9656e-16
1.4707e+14	5.3482e-18	1.9502e-16
1.4722e+14	3.2466e-17	1.8121e-16
1.4737e+14	5.8726e-17	1.7587e-16
1.4752e+14	9.75e-18	1.8752e-16
1.4767e+14	8.7425e-18	1.8875e-16
1.4782e+14	5.7542e-17	1.7816e-16
1.4797e+14	2.943e-17	1.7542e-16
1.4812e+14	-2.4298e-18	1.7512e-16
1.4827e+14	4.4742e-17	1.7513e-16
1.4842e+14	4.963e-17	1.821e-16
1.4857e+14	3.1965e-18	1.7572e-16
1.4872e+14	2.8009e-17	1.542e-16
1.4887e+14	5.6243e-17	1.5784e-16
1.4902e+14	1.0565e-17	1.7992e-16
1.4917e+14	9.2275e-18	1.6982e-16
1.4932e+14	5.5582e-17	1.4552e-16
1.4947e+14	2.7802e-17	1.6133e-16
1.4962e+14	-1.4797e-18	1.9673e-16
1.4977e+14	4.551e-17	2.0132e-16
1.4992e+14	4.6202e-17	1.8004e-16
1.5008e+14	-3.4918e-18	1.6124e-16
1.5023e+14	2.3821e-17	1.5861e-16
1.5038e+14	5.7559e-17	1.7268e-16
1.5053e+14	1.2516e-17	1.7907e-16
1.5068e+14	6.1124e-18	1.6005e-16
1.5083e+14	4.9919e-17	1.4576e-16
1.5098e+14	2.4826e-17	1.557e-16
1.5113e+14	-3.5115e-18	1.582e-16
1.5128e+14	4.1004e-17	1.4409e-16
1.5143e+14	4.2193e-17	1.4302e-16
1.5158e+14	-4.5626e-18	1.523e-16
1.5173e+14	2.1376e-17	1.5252e-16
1.5188e+14	5.1456e-17	1.57e-16
1.5203e+14	7.8754e-18	1.7065e-16
1.5218e+14	6.773e-18	1.7382e-16
1.5233e+14	5.3384e-17	1.7096e-16
1.5248e+14	2.7727e-17	1.7429e-16
1.5263e+14	-2.0865e-18	1.7167e-16
1.5278e+14	4.1314e-17	1.6587e-16
1.5293e+14	4.3088e-17	1.7533e-16
1.5308e+14	-1.0915e-18	1.8813e-16
1.5323e+14	2.6877e-17	1.8888e-16
1.5338e+14	5.6166e-17	1.8706e-16
1.5353e+14	9.2483e-18	1.7666e-16
1.5368e+14	4.3043e-18	1.4937e-16
1.5383e+14	4.9523e-17	1.3625e-16
1.5398e+14	2.5587e-17	1.4904e-16
1.5413e+14	-3.0993e-18	1.4774e-16
1.5428e+14	3.8591e-17	1.2713e-16
1.5443e+14	3.9026e-17	1.2895e-16
1.5458e+14	-4.2736e-18	1.5195e-16
1.5473e+14	2.3694e-17	1.6059e-16
1.5488e+14	5.1568e-17	1.5417e-16
1.5503e+14	5.9258e-18	1.4753e-16
1.5518e+14	4.9976e-18	1.4092e-16
1.5533e+14	5.1319e-17	1.3879e-16
1.5548e+14	2.4071e-17	1.4275e-16
1.5563e+14	-6.3507e-18	1.4415e-16
1.5578e+14	3.8656e-17	1.4579e-16
1.5593e+14	4.2026e-17	1.4772e-16
1.5608e+14	-3.8784e-18	1.3893e-16
1.5623e+14	2.0329e-17	1.348e-16
1.5638e+14	4.925e-17	1.4991e-16
1.5653e+14	6.3456e-18	1.4914e-16
1.5669e+14	4.7297e-18	1.2083e-16
1.5684e+14	4.9623e-17	1.1711e-16
1.5699e+14	2.3629e-17	1.4202e-16
1.5714e+14	-5.8866e-18	1.3998e-16
1.5729e+14	3.7606e-17	1.2148e-16
1.5744e+14	3.9875e-17	1.3044e-16
1.5759e+14	-5.5423e-18	1.3776e-16
1.5774e+14	1.9843e-17	1.2338e-16
1.5789e+14	5.115e-17	1.3572e-16
1.5804e+14	9.8491e-18	1.6808e-16
1.5819e+14	5.2556e-18	1.5527e-16
1.5834e+14	4.5637e-17	1.1557e-16
1.5849e+14	1.9807e-17	1.1189e-16
1.5864e+14	-6.9254e-18	1.2981e-16
1.5879e+14	3.6608e-17	1.3533e-16
1.5894e+14	3.8008e-17	1.3821e-16
1.5909e+14	-6.4113e-18	1.3335e-16
1.5924e+14	1.8335e-17	1.1177e-16
1.5939e+14	4.6057e-17	1.0783e-16
1.5954e+14	4.0488e-18	1.3076e-16
1.5969e+14	4.3922e-18	1.4022e-16
1.5984e+14	4.9738e-17	1.3419e-16
1.5999e+14	2.4023e-17	1.3942e-16
1.6014e+14	-4.8423e-18	1.4063e-16
1.6029e+14	3.8716e-17	1.266e-16
1.6044e+14	4.1494e-17	1.2301e-16
1.6059e+14	-3.4064e-18	1.2583e-16
1.6074e+14	1.9646e-17	1.1354e-16
1.6089e+14	4.6996e-17	1.0996e-16
1.6104e+14	4.8603e-18	1.2995e-16
1.6119e+14	3.3326e-18	1.38e-16
1.6134e+14	4.6875e-17	1.2611e-16
1.6149e+14	2.1086e-17	1.2531e-16
1.6164e+14	-8.1906e-18	1.3017e-16
1.6179e+14	3.3875e-17	1.2013e-16
1.6194e+14	3.6993e-17	1.156e-16
1.6209e+14	-4.8164e-18	1.3138e-16
1.6224e+14	2.0826e-17	1.4083e-16
1.6239e+14	4.7478e-17	1.2845e-16
1.6254e+14	2.5885e-18	1.1352e-16
1.6269e+14	1.2991e-19	1.1403e-16
1.6284e+14	4.5778e-17	1.2559e-16
1.6299e+14	2.1151e-17	1.287e-16
1.6314e+14	-1.0053e-17	1.1489e-16
1.6329e+14	3.14e-17	1.0515e-16
1.6345e+14	3.668e-17	1.1307e-16
1.636e+14	-6.1373e-18	1.1505e-16
1.6375e+14	1.5145e-17	1.0006e-16
1.639e+14	4.2479e-17	9.6344e-17
1.6405e+14	3.359e-18	1.1276e-16
1.642e+14	2.2422e-18	1.2192e-16
1.6435e+14	4.4314e-17	1.1441e-16
1.645e+14	1.9583e-17	1.0662e-16
1.6465e+14	-8.2709e-18	1.0676e-16
1.648e+14	3.2955e-17	1.1155e-16
1.6495e+14	3.466e-17	1.1239e-16
1.651e+14	-9.0912e-18	1.0355e-16
1.6525e+14	1.498e-17	9.9518e-17
1.654e+14	4.4375e-17	1.1086e-16
1.6555e+14	3.4868e-18	1.1503e-16
1.657e+14	-6.1296e-19	1.0191e-16
1.6585e+14	4.2135e-17	9.9201e-17
1.66e+14	2.0651e-17	1.1028e-16
1.6615e+14	-7.0792e-18	1.0754e-16
1.663e+14	3.1612e-17	9.7837e-17
1.6645e+14	3.3595e-17	1.019e-16
1.666e+14	-7.9126e-18	1.0239e-16
1.6675e+14	1.5708e-17	9.0849e-17
1.669e+14	4.3645e-17	9.3665e-17
1.6705e+14	4.0082e-18	1.095e-16
1.672e+14	1.6544e-18	1.1116e-16
1.6735e+14	4.3359e-17	1.0416e-16
1.675e+14	1.9292e-17	1.0487e-16
1.6765e+14	-9.6214e-18	1.0629e-16
1.678e+14	3.0572e-17	1.0653e-16
1.6795e+14	3.4709e-17	1.0884e-16
1.681e+14	-7.8977e-18	1.0223e-16
1.6825e+14	1.2554e-17	9.1882e-17
1.684e+14	4.0728e-17	9.5687e-17
1.6855e+14	3.3359e-18	1.0015e-16
1.687e+14	-6.0832e-19	9.2197e-17
1.6885e+14	3.8923e-17	9.3327e-17
1.69e+14	1.8304e-17	1.0309e-16
1.6915e+14	-6.5855e-18	9.6078e-17
1.693e+14	3.2024e-17	8.9876e-17
1.6945e+14	3.4427e-17	1.0614e-16
1.696e+14	-5.7825e-18	1.0939e-16
1.6975e+14	1.5372e-17	8.585e-17
1.699e+14	4.0738e-17	8.3234e-17
1.7006e+14	3.2354e-18	1.0811e-16
1.7021e+14	2.0153e-18	1.1289e-16
1.7036e+14	4.1171e-17	9.5122e-17
1.7051e+14	1.7329e-17	8.7348e-17
1.7066e+14	-9.2838e-18	8.9483e-17
1.7081e+14	2.9025e-17	9.3354e-17
1.7096e+14	3.1039e-17	1.0204e-16
1.7111e+14	-8.479e-18	1.0139e-16
1.7126e+14	1.4517e-17	8.5837e-17
1.7141e+14	4.0473e-17	7.9991e-17
1.7156e+14	1.6906e-18	8.9083e-17
1.7171e+14	-2.5798e-19	9.3902e-17
1.7186e+14	4.0357e-17	9.5338e-17
1.7201e+14	1.8312e-17	9.7801e-17
1.7216e+14	-8.485e-18	9.1181e-17
1.7231e+14	2.9157e-17	8.3896e-17
1.7246e+14	3.245e-17	8.8509e-17
1.7261e+14	-5.9267e-18	8.9942e-17
1.7276e+14	1.5272e-17	8.4824e-17
1.7291e+14	3.9201e-17	8.9324e-17
1.7306e+14	1.4132e-18	8.9899e-17
1.7321e+14	7.342e-19	7.4919e-17
1.7336e+14	3.9582e-17	7.5916e-17
1.7351e+14	1.5176e-17	9.5954e-17
1.7366e+14	-1.119e-17	9.2287e-17
1.7381e+14	2.8199e-17	7.2912e-17
1.7396e+14	3.1345e-17	8.057e-17
1.7411e+14	-8.5389e-18	9.5625e-17
1.7426e+14	1.3078e-17	8.5146e-17
1.7441e+14	3.9488e-17	7.6937e-17
1.7456e+14	2.2116e-18	8.85e-17
1.7471e+14	-8.3848e-19	9.0591e-17
1.7486e+14	3.7528e-17	8.0633e-17
1.7501e+14	1.5923e-17	7.9741e-17
1.7516e+14	-9.5025e-18	7.8309e-17
1.7531e+14	2.7756e-17	6.9579e-17
1.7546e+14	3.0928e-17	7.2192e-17
1.7561e+14	-6.2017e-18	8.3371e-17
1.7576e+14	1.5722e-17	8.6837e-17
1.7591e+14	3.9669e-17	8.9289e-17
1.7606e+14	1.5162e-18	9.2169e-17
1.7621e+14	-4.2584e-19	8.4855e-17
1.7636e+14	3.8374e-17	8.0279e-17
1.7651e+14	1.627e-17	8.7908e-17
1.7666e+14	-9.6567e-18	8.6056e-17
1.7682e+14	2.6955e-17	7.3374e-17
1.7697e+14	2.9157e-17	7.5787e-17
1.7712e+14	-9.0546e-18	8.6238e-17
1.7727e+14	1.2248e-17	8.1526e-17
1.7742e+14	3.6855e-17	7.3961e-17
1.7757e+14	-6.2452e-20	7.7875e-17
1.7772e+14	-1.7172e-18	7.9748e-17
1.7787e+14	3.7247e-17	7.5915e-17
1.7802e+14	1.6527e-17	7.7446e-17
1.7817e+14	-8.499e-18	8.1129e-17
1.7832e+14	2.6928e-17	8.1679e-17
1.7847e+14	2.7746e-17	8.234e-17
1.7862e+14	-1.0133e-17	7.9089e-17
1.7877e+14	1.2584e-17	7.1338e-17
1.7892e+14	3.8476e-17	7.0211e-17
1.7907e+14	1.6277e-18	7.3729e-17
1.7922e+14	-1.8656e-18	7.0876e-17
1.7937e+14	3.4921e-17	6.6549e-17
1.7952e+14	1.405e-17	6.7746e-17
1.7967e+14	-9.2727e-18	7.156e-17
1.7982e+14	2.7899e-17	7.7803e-17
1.7997e+14	2.9249e-17	8.072e-17
1.8012e+14	-9.6699e-18	7.2659e-17
1.8027e+14	1.1662e-17	7.1914e-17
1.8042e+14	3.7286e-17	9.0704e-17
1.8057e+14	2.736e-19	9.6299e-17
1.8072e+14	-3.8821e-18	7.3829e-17
1.8087e+14	3.3985e-17	6.2685e-17
1.8102e+14	1.5081e-17	7.408e-17
1.8117e+14	-9.7426e-18	7.3581e-17
1.8132e+14	2.4452e-17	6.4172e-17
1.8147e+14	2.7307e-17	7.1522e-17
1.8162e+14	-8.5092e-18	7.7473e-17
1.8177e+14	1.1355e-17	6.7037e-17
1.8192e+14	3.5114e-17	6.6072e-17
1.8207e+14	1.3416e-18	7.6023e-17
1.8222e+14	-3.4181e-20	7.1118e-17
1.8237e+14	3.5462e-17	6.1866e-17
1.8252e+14	1.4892e-17	6.7145e-17
1.8267e+14	-7.8467e-18	7.0931e-17
1.8282e+14	2.6581e-17	6.6744e-17
1.8297e+14	2.6829e-17	6.9289e-17
1.8312e+14	-9.0216e-18	7.2128e-17
1.8327e+14	1.2959e-17	6.7441e-17
1.8343e+14	3.6016e-17	6.93e-17
1.8358e+14	-3.6441e-19	7.3987e-17
1.8373e+14	-2.2464e-18	6.5682e-17
1.8388e+14	3.3913e-17	5.9077e-17
1.8403e+14	1.2712e-17	6.6273e-17
1.8418e+14	-1.0136e-17	6.792e-17
1.8433e+14	2.6798e-17	6.153e-17
1.8448e+14	2.9423e-17	6.5657e-17
1.8463e+14	-7.5993e-18	7.2941e-17
1.8478e+14	1.1535e-17	6.9922e-17
1.8493e+14	3.4099e-17	6.6857e-17
1.8508e+14	-6.8691e-19	6.5952e-17
1.8523e+14	-1.6991e-18	6.0112e-17
1.8538e+14	3.4463e-17	6.0968e-17
1.8553e+14	1.3353e-17	7.0156e-17
1.8568e+14	-1.0302e-17	6.6784e-17
1.8583e+14	2.4879e-17	5.4608e-17
1.8598e+14	2.7106e-17	5.4261e-17
1.8613e+14	-8.4082e-18	5.8368e-17
1.8628e+14	1.2118e-17	5.8142e-17
1.8643e+14	3.4989e-17	6.597e-17
1.8658e+14	-1.2581e-19	7.6032e-17
1.8673e+14	-1.9427e-18	7.1384e-17
1.8688e+14	3.3415e-17	6.3693e-17
1.8703e+14	1.2233e-17	6.3939e-17
1.8718e+14	-1.1032e-17	6.0149e-17
1.8733e+14	2.4391e-17	5.5783e-17
1.8748e+14	2.6462e-17	6.2389e-17
1.8763e+14	-9.8793e-18	6.53e-17
1.8778e+14	9.6777e-18	5.7669e-17
1.8793e+14	3.2527e-17	5.7761e-17
1.8808e+14	-1.9973e-18	6.2939e-17
1.8823e+14	-3.1294e-18	5.8162e-17
1.8838e+14	3.3934e-17	5.5915e-17
1.8853e+14	1.4615e-17	6.2818e-17
1.8868e+14	-9.4269e-18	6.0143e-17
1.8883e+14	2.3625e-17	5.0627e-17
1.8898e+14	2.5373e-17	5.1957e-17
1.8913e+14	-1.0013e-17	5.4906e-17
1.8928e+14	9.2037e-18	5.1204e-17
1.8943e+14	3.1948e-17	5.2579e-17
1.8958e+14	-1.3925e-18	5.4253e-17
1.8973e+14	-2.9349e-18	4.8316e-17
1.8988e+14	3.1938e-17	5.2442e-17
1.9004e+14	1.2214e-17	6.6532e-17
1.9019e+14	-1.0479e-17	6.4775e-17
1.9034e+14	2.3042e-17	5.372e-17
1.9049e+14	2.5228e-17	5.4757e-17
1.9064e+14	-8.5121e-18	5.5818e-17
1.9079e+14	1.1179e-17	5.1832e-17
1.9094e+14	3.206e-17	6.0896e-17
1.9109e+14	-2.8578e-18	6.9638e-17
1.9124e+14	-4.2557e-18	5.766e-17
1.9139e+14	3.1061e-17	5.023e-17
1.9154e+14	1.1421e-17	6.0429e-17
1.9169e+14	-1.0702e-17	5.8447e-17
1.9184e+14	2.3737e-17	4.6409e-17
1.9199e+14	2.5627e-17	5.3065e-17
1.9214e+14	-9.9821e-18	6.1528e-17
1.9229e+14	8.746e-18	5.0689e-17
1.9244e+14	3.149e-17	4.6478e-17
1.9259e+14	-1.2278e-18	5.7487e-17
1.9274e+14	-3.0952e-18	5.6979e-17
1.9289e+14	3.0938e-17	5.0112e-17
1.9304e+14	1.1807e-17	5.7002e-17
1.9319e+14	-9.8813e-18	6.1441e-17
1.9334e+14	2.3144e-17	5.2426e-17
1.9349e+14	2.3997e-17	4.8399e-17
1.9364e+14	-1.0979e-17	5.0373e-17
1.9379e+14	8.2554e-18	4.6208e-17
1.9394e+14	3.0908e-17	4.3353e-17
1.9409e+14	-1.3755e-18	4.4727e-17
1.9424e+14	-2.7218e-18	4.2202e-17
1.9439e+14	3.1217e-17	4.4607e-17
1.9454e+14	1.2154e-17	5.633e-17
1.9469e+14	-9.0186e-18	6.0226e-17
1.9484e+14	2.42e-17	5.5775e-17
1.9499e+14	2.4768e-17	5.5929e-17
1.9514e+14	-1.0497e-17	5.2566e-17
1.9529e+14	8.759e-18	4.337e-17
1.9544e+14	3.1516e-17	4.5829e-17
1.9559e+14	-1.4957e-18	5.3317e-17
1.9574e+14	-4.3802e-18	4.8248e-17
1.9589e+14	2.8957e-17	4.5442e-17
1.9604e+14	1.0525e-17	5.41e-17
1.9619e+14	-1.069e-17	5.4019e-17
1.9634e+14	2.1932e-17	4.7791e-17
1.9649e+14	2.3265e-17	5.3689e-17
1.9664e+14	-1.0653e-17	5.6421e-17
1.968e+14	8.6715e-18	4.5233e-17
1.9695e+14	3.1119e-17	4.3182e-17
1.971e+14	-1.395e-18	5.0057e-17
1.9725e+14	-3.5731e-18	4.4546e-17
1.974e+14	3.0536e-17	4.0722e-17
1.9755e+14	1.2562e-17	5.1786e-17
1.977e+14	-9.8967e-18	5.2254e-17
1.9785e+14	2.1226e-17	3.9401e-17
1.98e+14	2.3639e-17	4.2165e-17
1.9815e+14	-8.8037e-18	5.3142e-17
1.983e+14	8.9562e-18	4.8829e-17
1.9845e+14	2.9493e-17	4.3118e-17
1.986e+14	-2.1863e-18	4.7313e-17
1.9875e+14	-3.697e-18	4.6622e-17
1.989e+14	2.9011e-17	4.3841e-17
1.9905e+14	1.0562e-17	4.8209e-17
1.992e+14	-1.095e-17	4.5215e-17
1.9935e+14	1.9905e-17	3.5659e-17
1.995e+14	2.1842e-17	4.0728e-17
1.9965e+14	-9.0887e-18	5.0463e-17
1.998e+14	1.0103e-17	4.5344e-17
1.9995e+14	3.0121e-17	4.0914e-17
2.001e+14	-1.9998e-18	4.6926e-17
2.0025e+14	-2.9795e-18	4.5309e-17
2.004e+14	2.9394e-17	3.7699e-17
2.0055e+14	1.0009e-17	4.0257e-17
2.007e+14	-1.0916e-17	4.4218e-17
2.0085e+14	2.131e-17	4.1222e-17
2.01e+14	2.2707e-17	4.1916e-17
2.0115e+14	-1.0452e-17	4.3957e-17
2.013e+14	7.8734e-18	3.9253e-17
2.0145e+14	2.9387e-17	3.8359e-17
2.016e+14	-1.4361e-18	4.2832e-17
2.0175e+14	-3.0594e-18	3.9231e-17
2.019e+14	2.8425e-17	3.4648e-17
2.0205e+14	9.4339e-18	4.1027e-17
2.022e+14	-1.0889e-17	4.5762e-17
2.0235e+14	2.15e-17	4.3013e-17
2.025e+14	2.3582e-17	4.5867e-17
2.0265e+14	-8.6782e-18	5.1038e-17
2.028e+14	9.4286e-18	4.7405e-17
2.0295e+14	3.0002e-17	4.3021e-17
2.031e+14	-1.295e-18	4.2316e-17
2.0325e+14	-2.9689e-18	3.7546e-17
2.0341e+14	2.8454e-17	3.4616e-17
2.0356e+14	9.3632e-18	4.0092e-17
2.0371e+14	-1.1018e-17	4.2787e-17
2.0386e+14	2.1574e-17	4.0576e-17
2.0401e+14	2.3797e-17	4.3173e-17
2.0416e+14	-9.1262e-18	4.498e-17
2.0431e+14	8.318e-18	4.0947e-17
2.0446e+14	2.9372e-17	4.1965e-17
2.0461e+14	-1.6731e-18	4.5813e-17
2.0476e+14	-4.0866e-18	4.0717e-17
2.0491e+14	2.8072e-17	3.6291e-17
2.0506e+14	1.1021e-17	4.1398e-17
2.0521e+14	-1.0246e-17	4.3294e-17
2.0536e+14	1.9079e-17	3.9737e-17
2.0551e+14	2.1044e-17	4.0979e-17
2.0566e+14	-9.4498e-18	4.0547e-17
2.0581e+14	8.3631e-18	3.4354e-17
2.0596e+14	2.8538e-17	3.6128e-17
2.0611e+14	-1.2892e-18	4.3693e-17
2.0626e+14	-2.3304e-18	4.2257e-17
2.0641e+14	2.8849e-17	3.8917e-17
2.0656e+14	1.0694e-17	4.2069e-17
2.0671e+14	-1.004e-17	4.0826e-17
2.0686e+14	1.9903e-17	3.5989e-17
2.0701e+14	2.1708e-17	3.8391e-17
2.0716e+14	-9.1712e-18	3.9038e-17
2.0731e+14	8.1361e-18	3.2274e-17
2.0746e+14	2.7914e-17	3.2475e-17
2.0761e+14	-2.2026e-18	3.7854e-17
2.0776e+14	-4.0597e-18	3.4288e-17
2.0791e+14	2.6685e-17	3.14e-17
2.0806e+14	9.8322e-18	3.8689e-17
2.0821e+14	-9.5735e-18	4.1915e-17
2.0836e+14	1.9829e-17	3.7824e-17
2.0851e+14	2.1031e-17	3.7746e-17
2.0866e+14	-9.0837e-18	3.6752e-17
2.0881e+14	8.5584e-18	3.1403e-17
2.0896e+14	2.7783e-17	3.3741e-17
2.0911e+14	-2.0537e-18	3.8893e-17
2.0926e+14	-3.3808e-18	3.3947e-17
2.0941e+14	2.6549e-17	3.1418e-17
2.0956e+14	8.8287e-18	3.896e-17
2.0971e+14	-1.0046e-17	3.894e-17
2.0986e+14	1.9835e-17	3.1553e-17
2.1002e+14	2.0168e-17	3.3641e-17
2.1017e+14	-1.1102e-17	3.6579e-17
2.1032e+14	6.3877e-18	2.9792e-17
2.1047e+14	2.6577e-17	2.8453e-17
2.1062e+14	-1.9699e-18	3.4819e-17
2.1077e+14	-2.9678e-18	3.2674e-17
2.1092e+14	2.6105e-17	2.8048e-17
2.1107e+14	7.9587e-18	3.2789e-17
2.1122e+14	-9.8626e-18	3.5446e-17
2.1137e+14	2.1314e-17	3.1782e-17
2.1152e+14	2.1797e-17	3.3156e-17
2.1167e+14	-9.9427e-18	3.4658e-17
2.1182e+14	7.4293e-18	2.9249e-17
2.1197e+14	2.7274e-17	2.8984e-17
2.1212e+14	-2.6232e-18	3.4974e-17
2.1227e+14	-4.5572e-18	3.3676e-17
2.1242e+14	2.5691e-17	3.01e-17
2.1257e+14	8.9871e-18	3.3954e-17
2.1272e+14	-1.0059e-17	3.6274e-17
2.1287e+14	1.8857e-17	3.3866e-17
2.1302e+14	1.9767e-17	3.4478e-17
2.1317e+14	-9.8535e-18	3.3449e-17
2.1332e+14	7.7077e-18	2.8191e-17
2.1347e+14	2.6238e-17	2.9683e-17
2.1362e+14	-3.6703e-18	3.4543e-17
2.1377e+14	-4.5601e-18	3.0546e-17
2.1392e+14	2.5802e-17	2.5972e-17
2.1407e+14	8.3155e-18	2.8917e-17
2.1422e+14	-1.1164e-17	2.9465e-17
2.1437e+14	1.798e-17	2.7763e-17
2.1452e+14	1.9242e-17	3.1965e-17
2.1467e+14	-1.0323e-17	3.3278e-17
2.1482e+14	7.3386e-18	2.7648e-17
2.1497e+14	2.6554e-17	2.7993e-17
2.1512e+14	-2.6744e-18	3.206e-17
2.1527e+14	-3.8346e-18	2.8876e-17
2.1542e+14	2.5881e-17	2.7711e-17
2.1557e+14	8.4825e-18	3.2921e-17
2.1572e+14	-1.0419e-17	3.0091e-17
2.1587e+14	1.8982e-17	2.29e-17
2.1602e+14	1.9947e-17	2.6402e-17
2.1617e+14	-1.0342e-17	3.0752e-17
2.1632e+14	6.769e-18	2.6364e-17
2.1647e+14	2.6218e-17	2.6721e-17
2.1662e+14	-2.5416e-18	3.2884e-17
2.1678e+14	-3.6241e-18	3.1366e-17
2.1693e+14	2.6292e-17	2.7914e-17
2.1708e+14	9.138e-18	3.0093e-17
2.1723e+14	-1.0307e-17	2.7752e-17
2.1738e+14	1.861e-17	2.2607e-17
2.1753e+14	2.0245e-17	2.6368e-17
2.1768e+14	-9.6587e-18	2.9754e-17
2.1783e+14	6.4982e-18	2.3942e-17
2.1798e+14	2.5377e-17	2.173e-17
2.1813e+14	-2.9013e-18	2.5666e-17
2.1828e+14	-4.084e-18	2.4195e-17
2.1843e+14	2.5218e-17	2.1864e-17
2.1858e+14	8.345e-18	2.5722e-17
2.1873e+14	-1.0623e-17	2.7124e-17
2.1888e+14	1.7925e-17	2.5005e-17
2.1903e+14	1.9358e-17	2.6616e-17
2.1918e+14	-9.9513e-18	2.6754e-17
2.1933e+14	6.7361e-18	2.3454e-17
2.1948e+14	2.582e-17	2.5713e-17
2.1963e+14	-2.3691e-18	2.8961e-17
2.1978e+14	-3.8682e-18	2.4734e-17
2.1993e+14	2.4956e-17	2.2201e-17
2.2008e+14	8.0554e-18	2.4733e-17
2.2023e+14	-1.0729e-17	2.3116e-17
2.2038e+14	1.7923e-17	2.2879e-17
2.2053e+14	1.9485e-17	2.9554e-17
2.2068e+14	-9.9715e-18	2.9035e-17
2.2083e+14	6.354e-18	2.1609e-17
2.2098e+14	2.5507e-17	2.4332e-17
2.2113e+14	-2.5443e-18	2.8946e-17
2.2128e+14	-4.3126e-18	2.1812e-17
2.2143e+14	2.4762e-17	1.9241e-17
2.2158e+14	8.5932e-18	2.7496e-17
2.2173e+14	-1.0454e-17	2.6498e-17
2.2188e+14	1.7573e-17	1.9694e-17
2.2203e+14	1.966e-17	2.5078e-17
2.2218e+14	-9.5009e-18	2.9686e-17
2.2233e+14	5.8691e-18	2.1622e-17
2.2248e+14	2.4954e-17	1.8553e-17
2.2263e+14	-2.0338e-18	2.3546e-17
2.2278e+14	-4.0463e-18	2.1101e-17
2.2293e+14	2.4351e-17	1.8406e-17
2.2308e+14	9.3199e-18	2.4784e-17
2.2323e+14	-9.0616e-18	2.5876e-17
2.2339e+14	1.7094e-17	1.9752e-17
2.2354e+14	1.8036e-17	2.1168e-17
2.2369e+14	-9.5976e-18	2.5071e-17
2.2384e+14	6.7911e-18	2.2695e-17
2.2399e+14	2.4995e-17	2.348e-17
2.2414e+14	-2.36e-18	2.6435e-17
2.2429e+14	-3.9307e-18	2.1492e-17
2.2444e+14	2.3786e-17	1.8867e-17
2.2459e+14	7.5028e-18	2.5195e-17
2.2474e+14	-1.057e-17	2.5254e-17
2.2489e+14	1.734e-17	1.8861e-17
2.2504e+14	1.9317e-17	2.0635e-17
2.2519e+14	-9.2169e-18	2.4127e-17
2.2534e+14	5.7627e-18	2.0587e-17
2.2549e+14	2.4091e-17	2.0409e-17
2.2564e+14	-2.2727e-18	2.3285e-17
2.2579e+14	-3.8516e-18	1.9167e-17
2.2594e+14	2.3627e-17	1.7517e-17
2.2609e+14	8.1844e-18	2.4424e-17
2.2624e+14	-9.6027e-18	2.5156e-17
2.2639e+14	1.6943e-17	1.9957e-17
2.2654e+14	1.8261e-17	2.2801e-17
2.2669e+14	-9.042e-18	2.6406e-17
2.2684e+14	6.6982e-18	2.2092e-17
2.2699e+14	2.4108e-17	2.1147e-17
2.2714e+14	-3.034e-18	2.3983e-17
2.2729e+14	-4.0486e-18	2.0021e-17
2.2744e+14	2.4375e-17	1.763e-17
2.2759e+14	9.0514e-18	2.3248e-17
2.2774e+14	-9.3647e-18	2.3494e-17
2.2789e+14	1.6895e-17	1.8358e-17
2.2804e+14	1.8489e-17	2.0276e-17
2.2819e+14	-9.0881e-18	2.2183e-17
2.2834e+14	6.1018e-18	1.7534e-17
2.2849e+14	2.4301e-17	1.8489e-17
2.2864e+14	-1.8102e-18	2.3621e-17
2.2879e+14	-3.9689e-18	2.0111e-17
2.2894e+14	2.2835e-17	1.6629e-17
2.2909e+14	8.4429e-18	2.1953e-17
2.2924e+14	-8.2922e-18	2.3501e-17
2.2939e+14	1.7422e-17	1.9482e-17
2.2954e+14	1.7716e-17	2.1413e-17
2.2969e+14	-9.7971e-18	2.3419e-17
2.2984e+14	5.7668e-18	1.8907e-17
2.2999e+14	2.3897e-17	1.8426e-17
2.3015e+14	-1.7343e-18	2.1387e-17
2.303e+14	-3.1673e-18	1.7635e-17
2.3045e+14	2.3359e-17	1.5302e-17
2.306e+14	7.9551e-18	2.0191e-17
2.3075e+14	-9.3826e-18	1.9713e-17
2.309e+14	1.6724e-17	1.485e-17
2.3105e+14	1.81e-17	1.7779e-17
2.312e+14	-8.9362e-18	2.0606e-17
2.3135e+14	5.8483e-18	1.5845e-17
2.315e+14	2.33e-17	1.5504e-17
2.3165e+14	-2.0419e-18	1.9755e-17
2.318e+14	-3.4193e-18	1.6654e-17
2.3195e+14	2.2591e-17	1.3238e-17
2.321e+14	7.3409e-18	1.7811e-17
2.3225e+14	-9.4671e-18	1.9533e-17
2.324e+14	1.6325e-17	1.6064e-17
2.3255e+14	1.7417e-17	1.7195e-17
2.327e+14	-8.677e-18	1.925e-17
2.3285e+14	6.9714e-18	1.7563e-17
2.33e+14	2.3721e-17	1.8958e-17
2.3315e+14	-2.7926e-18	2.0367e-17
2.333e+14	-4.0381e-18	1.5364e-17
2.3345e+14	2.3054e-17	1.392e-17
2.336e+14	8.1154e-18	1.8822e-17
2.3375e+14	-9.4548e-18	1.7535e-17
2.339e+14	1.5891e-17	1.3673e-17
2.3405e+14	1.7191e-17	1.7742e-17
2.342e+14	-9.1941e-18	1.9866e-17
2.3435e+14	6.0461e-18	1.5087e-17
2.345e+14	2.3811e-17	1.5983e-17
2.3465e+14	-1.3627e-18	1.9901e-17
2.348e+14	-3.1374e-18	1.6082e-17
2.3495e+14	2.2718e-17	1.3721e-17
2.351e+14	7.9838e-18	1.76e-17
2.3525e+14	-8.9729e-18	1.6009e-17
2.354e+14	1.606e-17	1.2955e-17
2.3555e+14	1.7268e-17	1.8073e-17
2.357e+14	-8.5941e-18	1.9014e-17
2.3585e+14	6.3964e-18	1.1988e-17
2.36e+14	2.3202e-17	1.3954e-17
2.3615e+14	-2.3761e-18	2.094e-17
2.363e+14	-4.0248e-18	1.6541e-17
2.3645e+14	2.2031e-17	1.1317e-17
2.366e+14	7.7341e-18	1.6114e-17
2.3676e+14	-8.763e-18	1.7723e-17
2.3691e+14	1.6428e-17	1.4265e-17
2.3706e+14	1.7625e-17	1.6929e-17
2.3721e+14	-8.6351e-18	1.843e-17
2.3736e+14	5.5964e-18	1.3183e-17
2.3751e+14	2.2394e-17	1.3999e-17
2.3766e+14	-2.2106e-18	1.8964e-17
2.3781e+14	-3.295e-18	1.5291e-17
2.3796e+14	2.2377e-17	1.1809e-17
2.3811e+14	7.5114e-18	1.6281e-17
2.3826e+14	-9.3548e-18	1.6381e-17
2.3841e+14	1.5813e-17	1.2423e-17
2.3856e+14	1.7312e-17	1.5553e-17
2.3871e+14	-9.1299e-18	1.749e-17
2.3886e+14	4.4926e-18	1.2241e-17
2.3901e+14	2.1536e-17	1.2312e-17
2.3916e+14	-2.4725e-18	1.6135e-17
2.3931e+14	-4.0511e-18	1.2701e-17
2.3946e+14	2.1398e-17	1.1537e-17
2.3961e+14	7.9314e-18	1.7664e-17
2.3976e+14	-8.3106e-18	1.6319e-17
2.3991e+14	1.5458e-17	1.032e-17
2.4006e+14	1.657e-17	1.4241e-17
2.4021e+14	-8.2552e-18	1.7888e-17
2.4036e+14	5.8894e-18	1.2028e-17
2.4051e+14	2.177e-17	1.111e-17
2.4066e+14	-2.478e-18	1.5903e-17
2.4081e+14	-3.2917e-18	1.2505e-17
2.4096e+14	2.2046e-17	9.1284e-18
2.4111e+14	7.9134e-18	1.5372e-17
2.4126e+14	-8.3255e-18	1.7347e-17
2.4141e+14	1.5827e-17	1.1762e-17
2.4156e+14	1.7109e-17	1.2261e-17
2.4171e+14	-7.7602e-18	1.5409e-17
2.4186e+14	6.2758e-18	1.2892e-17
2.4201e+14	2.2284e-17	1.2668e-17
2.4216e+14	-1.7742e-18	1.518e-17
2.4231e+14	-3.0925e-18	1.2373e-17
2.4246e+14	2.1448e-17	1.1516e-17
2.4261e+14	7.4421e-18	1.638e-17
2.4276e+14	-8.2347e-18	1.4754e-17
2.4291e+14	1.5584e-17	9.4086e-18
2.4306e+14	1.614e-17	1.2712e-17
2.4321e+14	-8.6905e-18	1.5817e-17
2.4337e+14	5.7776e-18	1.1209e-17
2.4352e+14	2.1871e-17	1.1198e-17
2.4367e+14	-2.2272e-18	1.563e-17
2.4382e+14	-3.3622e-18	1.2874e-17
2.4397e+14	2.1496e-17	1.0355e-17
2.4412e+14	7.7471e-18	1.4771e-17
2.4427e+14	-7.8485e-18	1.4625e-17
2.4442e+14	1.5955e-17	1.0765e-17
2.4457e+14	1.6437e-17	1.3945e-17
2.4472e+14	-8.6798e-18	1.5704e-17
2.4487e+14	5.6512e-18	1.0334e-17
2.4502e+14	2.2287e-17	1.1044e-17
2.4517e+14	-1.3233e-18	1.6166e-17
2.4532e+14	-2.9704e-18	1.2534e-17
2.4547e+14	2.1149e-17	8.9265e-18
2.4562e+14	7.3151e-18	1.3868e-17
2.4577e+14	-8.3209e-18	1.452e-17
2.4592e+14	1.5452e-17	9.8094e-18
2.4607e+14	1.6775e-17	1.1998e-17
2.4622e+14	-7.4589e-18	1.4711e-17
2.4637e+14	6.3926e-18	1.0723e-17
2.4652e+14	2.2197e-17	1.1049e-17
2.4667e+14	-1.1871e-18	1.531e-17
2.4682e+14	-2.4276e-18	1.2464e-17
2.4697e+14	2.133e-17	1.0267e-17
2.4712e+14	7.0985e-18	1.5043e-17
2.4727e+14	-8.5078e-18	1.4262e-17
2.4742e+14	1.5169e-17	8.8567e-18
2.4757e+14	1.6072e-17	1.1552e-17
2.4772e+14	-8.5463e-18	1.4506e-17
2.4787e+14	5.3434e-18	9.8051e-18
2.4802e+14	2.1658e-17	9.7653e-18
2.4817e+14	-1.3437e-18	1.4645e-17
2.4832e+14	-2.6743e-18	1.1737e-17
2.4847e+14	2.1121e-17	8.0709e-18
2.4862e+14	7.0628e-18	1.225e-17
2.4877e+14	-8.9727e-18	1.303e-17
2.4892e+14	1.4397e-17	9.0195e-18
2.4907e+14	1.616e-17	1.1301e-17
2.4922e+14	-7.8198e-18	1.3798e-17
2.4937e+14	5.1219e-18	9.8121e-18
2.4952e+14	2.0444e-17	1.0128e-17
2.4967e+14	-2.2347e-18	1.4333e-17
2.4982e+14	-2.9114e-18	1.1272e-17
2.4997e+14	2.1295e-17	8.3142e-18
2.5013e+14	7.7228e-18	1.2349e-17
2.5028e+14	-8.4065e-18	1.1855e-17
2.5043e+14	1.4126e-17	7.6169e-18
2.5058e+14	1.558e-17	1.159e-17
2.5073e+14	-7.9685e-18	1.52e-17
2.5088e+14	5.3708e-18	9.7783e-18
2.5103e+14	2.122e-17	8.3004e-18
2.5118e+14	-1.1541e-18	1.2992e-17
2.5133e+14	-2.8499e-18	1.1038e-17
2.5148e+14	2.0206e-17	7.4776e-18
2.5163e+14	7.318e-18	1.1118e-17
2.5178e+14	-7.5615e-18	1.2214e-17
2.5193e+14	1.4848e-17	8.6207e-18
2.5208e+14	1.5772e-17	1.0522e-17
2.5223e+14	-7.7761e-18	1.3003e-17
2.5238e+14	5.2103e-18	9.3891e-18
2.5253e+14	2.0583e-17	9.0852e-18
2.5268e+14	-1.3629e-18	1.265e-17
2.5283e+14	-2.4181e-18	1.0428e-17
2.5298e+14	2.0711e-17	8.2749e-18
2.5313e+14	7.7824e-18	1.1935e-17
2.5328e+14	-7.4095e-18	1.1358e-17
2.5343e+14	1.4377e-17	7.2294e-18
2.5358e+14	1.5728e-17	9.9885e-18
2.5373e+14	-6.5521e-18	1.2721e-17
2.5388e+14	6.2902e-18	8.7542e-18
2.5403e+14	2.0346e-17	8.6462e-18
2.5418e+14	-1.7509e-18	1.2424e-17
2.5433e+14	-2.2281e-18	9.5909e-18
2.5448e+14	2.0352e-17	6.8559e-18
2.5463e+14	6.6845e-18	1.0996e-17
2.5478e+14	-7.9311e-18	1.1308e-17
2.5493e+14	1.4593e-17	7.1669e-18
2.5508e+14	1.562e-17	8.9353e-18
2.5523e+14	-7.055e-18	1.0759e-17
2.5538e+14	6.2596e-18	6.7753e-18
2.5553e+14	2.0952e-17	7.6228e-18
2.5568e+14	-1.2094e-18	1.2946e-17
2.5583e+14	-2.1917e-18	1.1182e-17
2.5598e+14	2.0299e-17	7.8624e-18
2.5613e+14	7.1335e-18	1.0354e-17
2.5628e+14	-7.211e-18	1.0036e-17
2.5643e+14	1.4916e-17	6.8396e-18
2.5658e+14	1.559e-17	9.6354e-18
2.5674e+14	-6.9838e-18	1.1846e-17
2.5689e+14	6.1976e-18	8.0299e-18
2.5704e+14	2.0244e-17	8.3561e-18
2.5719e+14	-2.1604e-18	1.2128e-17
2.5734e+14	-2.4195e-18	9.5394e-18
2.5749e+14	2.0852e-17	7.4344e-18
2.5764e+14	7.3863e-18	1.1365e-17
2.5779e+14	-7.8995e-18	1.0797e-17
2.5794e+14	1.4056e-17	6.7193e-18
2.5809e+14	1.5364e-17	9.3936e-18
2.5824e+14	-6.9782e-18	1.1493e-17
2.5839e+14	6.0749e-18	7.0738e-18
2.5854e+14	2.0573e-17	7.3737e-18
2.5869e+14	-1.4244e-18	1.1791e-17
2.5884e+14	-2.2564e-18	9.3231e-18
2.5899e+14	2.0593e-17	7.0273e-18
2.5914e+14	7.8573e-18	1.1462e-17
2.5929e+14	-6.8537e-18	1.1187e-17
2.5944e+14	1.4573e-17	6.0818e-18
2.5959e+14	1.5271e-17	7.9093e-18
2.5974e+14	-7.1839e-18	1.0808e-17
2.5989e+14	5.7504e-18	7.2073e-18
2.6004e+14	2.0192e-17	6.7195e-18
2.6019e+14	-1.6131e-18	1.015e-17
2.6034e+14	-2.4726e-18	7.9286e-18
2.6049e+14	2.013e-17	6.0286e-18
2.6064e+14	7.4233e-18	1.0103e-17
2.6079e+14	-7.0526e-18	9.7338e-18
2.6094e+14	1.454e-17	5.4658e-18
2.6109e+14	1.5217e-17	8.2822e-18
2.6124e+14	-7.5785e-18	1.1635e-17
2.6139e+14	5.2966e-18	7.9751e-18
2.6154e+14	2.0634e-17	7.1753e-18
2.6169e+14	-5.4384e-19	1.04e-17
2.6184e+14	-2.2724e-18	8.0407e-18
2.6199e+14	1.9606e-17	5.6635e-18
2.6214e+14	7.6941e-18	9.3879e-18
2.6229e+14	-6.4039e-18	9.6887e-18
2.6244e+14	1.4058e-17	6.3004e-18
2.6259e+14	1.4355e-17	8.5711e-18
2.6274e+14	-7.2671e-18	1.0539e-17
2.6289e+14	5.9854e-18	6.7553e-18
2.6304e+14	2.0231e-17	7.32e-18
2.6319e+14	-1.4327e-18	1.1619e-17
2.6335e+14	-2.4404e-18	8.9898e-18
2.635e+14	1.967e-17	5.6907e-18
2.6365e+14	6.8014e-18	8.9474e-18
2.638e+14	-7.9406e-18	9.3134e-18
2.6395e+14	1.3471e-17	5.7962e-18
2.641e+14	1.5109e-17	7.8358e-18
2.6425e+14	-6.7589e-18	1.037e-17
2.644e+14	5.3599e-18	7.3799e-18
2.6455e+14	1.9667e-17	7.2816e-18
2.647e+14	-1.3192e-18	1.0188e-17
2.6485e+14	-2.6277e-18	7.9302e-18
2.65e+14	1.9378e-17	6.2918e-18
2.6515e+14	7.7605e-18	9.7139e-18
2.653e+14	-6.2941e-18	8.9622e-18
2.6545e+14	1.4241e-17	5.5166e-18
2.656e+14	1.5415e-17	8.4259e-18
2.6575e+14	-5.973e-18	1.0536e-17
2.659e+14	5.9968e-18	6.6267e-18
2.6605e+14	1.9793e-17	6.9971e-18
2.662e+14	-8.2421e-19	1.0714e-17
2.6635e+14	-1.6402e-18	7.9901e-18
2.665e+14	2.0061e-17	5.8115e-18
2.6665e+14	7.912e-18	9.8469e-18
2.668e+14	-6.5966e-18	9.3601e-18
2.6695e+14	1.3521e-17	4.7975e-18
2.671e+14	1.488e-17	6.9297e-18
2.6725e+14	-5.8809e-18	9.6088e-18
2.674e+14	6.2783e-18	5.9728e-18
2.6755e+14	2.0015e-17	5.5927e-18
2.677e+14	-6.3106e-19	9.1948e-18
2.6785e+14	-2.0677e-18	7.4198e-18
2.68e+14	1.8913e-17	5.5227e-18
2.6815e+14	7.2144e-18	9.0012e-18
2.683e+14	-6.4557e-18	8.8365e-18
2.6845e+14	1.3496e-17	5.3272e-18
2.686e+14	1.4451e-17	7.5229e-18
2.6875e+14	-6.0977e-18	9.6559e-18
2.689e+14	6.1265e-18	6.4184e-18
2.6905e+14	1.9778e-17	6.6234e-18
2.692e+14	-2.3985e-19	9.439e-18
2.6935e+14	-1.0852e-18	6.4278e-18
2.695e+14	1.938e-17	4.5052e-18
2.6965e+14	7.0388e-18	8.6772e-18
2.698e+14	-6.3244e-18	8.7992e-18
2.6995e+14	1.4037e-17	5.4015e-18
2.7011e+14	1.4631e-17	7.8228e-18
2.7026e+14	-6.4164e-18	9.7687e-18
2.7041e+14	5.8512e-18	5.9836e-18
2.7056e+14	1.9636e-17	6.129e-18
2.7071e+14	-7.341e-19	9.5583e-18
2.7086e+14	-1.9626e-18	7.0901e-18
2.7101e+14	1.8794e-17	4.9699e-18
2.7116e+14	7.0041e-18	8.2916e-18
2.7131e+14	-6.2509e-18	7.8149e-18
2.7146e+14	1.4216e-17	4.7965e-18
2.7161e+14	1.5255e-17	7.795e-18
2.7176e+14	-5.8294e-18	9.2735e-18
2.7191e+14	5.9323e-18	4.6142e-18
2.7206e+14	1.9876e-17	4.9771e-18
2.7221e+14	-6.7923e-20	9.1603e-18
2.7236e+14	-1.7713e-18	6.5269e-18
2.7251e+14	1.8463e-17	4.0374e-18
2.7266e+14	7.0705e-18	8.0771e-18
2.7281e+14	-5.9956e-18	8.204e-18
2.7296e+14	1.4106e-17	4.239e-18
2.7311e+14	1.549e-17	6.2856e-18
2.7326e+14	-5.1597e-18	8.6279e-18
2.7341e+14	5.6231e-18	5.3071e-18
2.7356e+14	1.8572e-17	5.5347e-18
2.7371e+14	-6.0087e-19	8.8916e-18
2.7386e+14	-1.1482e-18	6.3024e-18
2.7401e+14	1.9164e-17	4.3445e-18
2.7416e+14	7.6264e-18	8.4085e-18
2.7431e+14	-5.4974e-18	8.3051e-18
2.7446e+14	1.3862e-17	4.4032e-18
2.7461e+14	1.4524e-17	6.4581e-18
2.7476e+14	-5.6813e-18	8.2953e-18
2.7491e+14	5.9343e-18	4.4388e-18
2.7506e+14	1.8875e-17	4.963e-18
2.7521e+14	-8.2493e-19	9.3005e-18
2.7536e+14	-1.4683e-18	7.2253e-18
2.7551e+14	1.9241e-17	4.8449e-18
2.7566e+14	7.8003e-18	8.3466e-18
2.7581e+14	-5.7744e-18	8.0637e-18
2.7596e+14	1.361e-17	4.0241e-18
2.7611e+14	1.515e-17	6.078e-18
2.7626e+14	-4.7845e-18	8.4748e-18
2.7641e+14	6.0213e-18	5.0294e-18
2.7656e+14	1.8761e-17	4.8578e-18
2.7672e+14	-3.0142e-19	8.1434e-18
2.7687e+14	-1.1234e-18	6.0401e-18
2.7702e+14	1.9024e-17	4.4717e-18
2.7717e+14	8.2012e-18	8.556e-18
2.7732e+14	-4.7192e-18	8.3613e-18
2.7747e+14	1.3901e-17	4.2232e-18
2.7762e+14	1.4625e-17	6.1337e-18
2.7777e+14	-5.2034e-18	8.4201e-18
2.7792e+14	5.5862e-18	4.9254e-18
2.7807e+14	1.8333e-17	4.7089e-18
2.7822e+14	1.037e-19	8.0228e-18
2.7837e+14	-3.37e-19	5.9095e-18
2.7852e+14	1.9038e-17	3.8726e-18
2.7867e+14	8.1127e-18	7.2527e-18
2.7882e+14	-3.9529e-18	7.0897e-18
2.7897e+14	1.4441e-17	3.8241e-18
2.7912e+14	1.4108e-17	6.3079e-18
2.7927e+14	-5.5294e-18	8.3048e-18
2.7942e+14	6.1145e-18	4.4484e-18
2.7957e+14	1.8587e-17	4.5012e-18
2.7972e+14	-2.573e-19	8.3164e-18
2.7987e+14	-3.7766e-19	6.178e-18
2.8002e+14	1.9148e-17	3.5614e-18
2.8017e+14	7.2361e-18	6.5612e-18
2.8032e+14	-5.4694e-18	6.7318e-18
2.8047e+14	1.3936e-17	4.0089e-18
2.8062e+14	1.5037e-17	6.4653e-18
2.8077e+14	-4.3946e-18	8.0234e-18
2.8092e+14	6.6137e-18	4.0551e-18
2.8107e+14	1.876e-17	4.3968e-18
2.8122e+14	-1.6822e-19	8.3708e-18
2.8137e+14	-5.2767e-19	6.2027e-18
2.8152e+14	1.9058e-17	3.8297e-18
2.8167e+14	7.6092e-18	7.2421e-18
2.8182e+14	-5.0729e-18	7.1753e-18
2.8197e+14	1.3739e-17	3.4945e-18
2.8212e+14	1.4408e-17	5.5289e-18
2.8227e+14	-5.0345e-18	7.8727e-18
2.8242e+14	6.1136e-18	4.6859e-18
2.8257e+14	1.8505e-17	4.7108e-18
2.8272e+14	-3.0955e-19	8.0943e-18
2.8287e+14	-9.4987e-19	6.0559e-18
2.8302e+14	1.8378e-17	3.9896e-18
2.8317e+14	6.9569e-18	7.2739e-18
2.8332e+14	-5.7312e-18	7.1e-18
2.8348e+14	1.3322e-17	3.5533e-18
2.8363e+14	1.4806e-17	5.5206e-18
2.8378e+14	-4.2482e-18	7.6331e-18
2.8393e+14	6.3157e-18	4.4181e-18
2.8408e+14	1.8442e-17	4.4822e-18
2.8423e+14	1.2993e-19	7.8035e-18
2.8438e+14	-6.001e-19	5.7135e-18
2.8453e+14	1.7971e-17	3.4762e-18
2.8468e+14	6.5768e-18	6.4667e-18
2.8483e+14	-5.4022e-18	6.3885e-18
2.8498e+14	1.3723e-17	3.3435e-18
2.8513e+14	1.468e-17	5.5592e-18
2.8528e+14	-4.5665e-18	7.6291e-18
2.8543e+14	6.2736e-18	4.4716e-18
2.8558e+14	1.8618e-17	4.4021e-18
2.8573e+14	8.1938e-20	7.2923e-18
2.8588e+14	-9.5963e-19	5.2703e-18
2.8603e+14	1.806e-17	3.643e-18
2.8618e+14	7.5452e-18	6.7011e-18
2.8633e+14	-4.5446e-18	6.1058e-18
2.8648e+14	1.3719e-17	2.9888e-18
2.8663e+14	1.4825e-17	5.4711e-18
2.8678e+14	-3.4258e-18	7.3753e-18
2.8693e+14	7.4649e-18	4.107e-18
2.8708e+14	1.8894e-17	4.5913e-18
2.8723e+14	-1.5537e-19	7.8257e-18
2.8738e+14	-1.1534e-18	5.2855e-18
2.8753e+14	1.7834e-17	3.2272e-18
2.8768e+14	7.2575e-18	6.6119e-18
2.8783e+14	-4.6488e-18	6.4054e-18
2.8798e+14	1.3835e-17	3.3116e-18
2.8813e+14	1.4623e-17	5.8011e-18
2.8828e+14	-4.6406e-18	7.5936e-18
2.8843e+14	5.6807e-18	3.8556e-18
2.8858e+14	1.8071e-17	4.1144e-18
2.8873e+14	2.9766e-19	7.7224e-18
2.8888e+14	-7.8769e-19	5.3882e-18
2.8903e+14	1.7671e-17	3.0261e-18
2.8918e+14	7.4327e-18	6.3443e-18
2.8933e+14	-4.3221e-18	6.3992e-18
2.8948e+14	1.3496e-17	3.1246e-18
2.8963e+14	1.4256e-17	5.2574e-18
2.8978e+14	-4.2037e-18	7.4229e-18
2.8993e+14	6.2423e-18	4.2389e-18
2.9009e+14	1.8205e-17	4.1709e-18
2.9024e+14	5.571e-19	7.2641e-18
2.9039e+14	-3.7574e-19	5.3597e-18
2.9054e+14	1.7655e-17	3.6057e-18
2.9069e+14	7.1851e-18	6.5467e-18
2.9084e+14	-4.3154e-18	5.9504e-18
2.9099e+14	1.3764e-17	2.8325e-18
2.9114e+14	1.4947e-17	5.3085e-18
2.9129e+14	-3.0952e-18	7.0787e-18
2.9144e+14	6.8263e-18	3.3753e-18
2.9159e+14	1.7772e-17	3.5708e-18
2.9174e+14	2.0061e-19	7.2174e-18
2.9189e+14	2.6401e-19	5.2579e-18
2.9204e+14	1.8572e-17	3.14e-18
2.9219e+14	7.3314e-18	6.2133e-18
2.9234e+14	-4.9087e-18	6.0614e-18
2.9249e+14	1.303e-17	2.9802e-18
2.9264e+14	1.4284e-17	5.1863e-18
2.9279e+14	-3.7595e-18	6.9645e-18
2.9294e+14	6.4391e-18	3.4261e-18
2.9309e+14	1.7985e-17	3.466e-18
2.9324e+14	4.1047e-19	6.7815e-18
2.9339e+14	-3.8384e-19	4.6957e-18
2.9354e+14	1.7708e-17	2.6083e-18
2.9369e+14	7.5021e-18	5.7965e-18
2.9384e+14	-4.2537e-18	5.8891e-18
2.9399e+14	1.2791e-17	2.8524e-18
2.9414e+14	1.3615e-17	4.6996e-18
2.9429e+14	-3.6196e-18	6.3785e-18
2.9444e+14	6.8733e-18	3.4941e-18
2.9459e+14	1.765e-17	4.1434e-18
2.9474e+14	-9.3762e-20	7.166e-18
2.9489e+14	-9.5165e-20	4.4254e-18
2.9504e+14	1.8218e-17	2.2628e-18
2.9519e+14	7.47e-18	5.8089e-18
2.9534e+14	-4.1077e-18	6.0477e-18
2.9549e+14	1.3898e-17	3.0003e-18
2.9564e+14	1.4768e-17	5.0411e-18
2.9579e+14	-3.5063e-18	6.8362e-18
2.9594e+14	6.8176e-18	3.5027e-18
2.9609e+14	1.8728e-17	3.5285e-18
2.9624e+14	1.3588e-18	6.6529e-18
2.9639e+14	3.1332e-19	4.6956e-18
2.9654e+14	1.7979e-17	2.9822e-18
2.967e+14	7.4974e-18	6.2089e-18
2.9685e+14	-4.2423e-18	5.9707e-18
2.97e+14	1.3278e-17	2.7422e-18
2.9715e+14	1.4397e-17	4.7194e-18
2.973e+14	-3.6194e-18	6.5153e-18
2.9745e+14	6.0004e-18	3.3933e-18
2.976e+14	1.7144e-17	3.6015e-18
2.9775e+14	-1.3502e-19	6.5711e-18
2.979e+14	-5.2631e-19	4.36e-18
2.9805e+14	1.8023e-17	2.6469e-18
2.982e+14	8.1433e-18	6.0354e-18
2.9835e+14	-4.016e-18	5.9341e-18
2.985e+14	1.2665e-17	2.8197e-18
2.9865e+14	1.3691e-17	4.7653e-18
2.988e+14	-3.9558e-18	6.2704e-18
2.9895e+14	6.0515e-18	2.9707e-18
2.991e+14	1.7924e-17	3.489e-18
2.9925e+14	8.5961e-19	6.8566e-18
2.994e+14	-7.9176e-19	4.582e-18
2.9955e+14	1.6763e-17	2.6137e-18
2.997e+14	7.7879e-18	5.9667e-18
2.9985e+14	-3.2967e-18	5.7225e-18
3e+14	1.3047e-17	2.2204e-18
