#Error on normalization	O = -1.279 %	H = 3.679 %
#Frequence (s-1)	S_O (s)	S_H (s)
0	9.492e-16	7.8668e-17
1.5023e+11	-2.0643e-16	8.9934e-18
3.0045e+11	-6.0142e-16	-1.6428e-17
4.5068e+11	8.1855e-16	6.8358e-17
6.009e+11	2.5914e-16	3.7355e-17
7.5113e+11	-8.1891e-16	-2.8538e-17
9.0135e+11	5.0044e-16	4.6855e-17
1.0516e+12	7.5267e-16	6.6352e-17
1.2018e+12	-7.844e-16	-1.8801e-17
1.352e+12	1.1508e-17	2.8352e-17
1.5023e+12	1.1593e-15	9.8859e-17
1.6525e+12	-4.1438e-16	1.0932e-17
1.8027e+12	-5.7526e-16	-3.1365e-18
1.9529e+12	1.2476e-15	1.0009e-16
2.1032e+12	2.4795e-16	5.1775e-17
2.2534e+12	-1.02e-15	-1.4496e-17
2.4036e+12	9.7209e-16	9.8429e-17
2.5538e+12	1.1353e-15	1.1012e-16
2.7041e+12	-9.1514e-16	-6.9382e-18
2.8543e+12	7.4761e-16	7.9089e-17
3.0045e+12	2.2481e-15	1.7131e-16
3.1547e+12	-7.9532e-16	2.2811e-17
3.305e+12	-3.8481e-16	4.7652e-17
3.4552e+12	3.851e-15	2.7443e-16
3.6054e+12	1.362e-15	1.5082e-16
3.7556e+12	-2.4358e-15	-5.1963e-17
3.9059e+12	2.4025e-15	1.8953e-16
4.0561e+12	4.587e-15	3.1315e-16
4.2063e+12	3.3181e-15	2.5758e-16
4.3565e+12	2.4399e-14	1.2851e-15
4.5068e+12	6.0181e-14	3.0196e-15
4.657e+12	6.1e-14	3.0519e-15
4.8072e+12	2.2994e-14	1.2213e-15
4.9574e+12	2.3426e-16	1.3836e-16
5.1077e+12	9.133e-15	5.6579e-16
5.2579e+12	1.2719e-14	7.3355e-16
5.4081e+12	1.3849e-15	2.0035e-16
5.5583e+12	-5.3087e-16	1.2063e-16
5.7086e+12	6.1428e-15	4.4826e-16
5.8588e+12	4.8716e-15	3.9543e-16
6.009e+12	2.7066e-15	2.8171e-16
6.1592e+12	7.5728e-15	4.8885e-16
6.3095e+12	7.7021e-15	4.8613e-16
6.4597e+12	2.6611e-15	2.4578e-16
6.6099e+12	6.8543e-15	4.2561e-16
6.7601e+12	1.4965e-14	7.8288e-16
6.9104e+12	1.1745e-14	6.2878e-16
7.0606e+12	4.6124e-15	3.4336e-16
7.2108e+12	5.4269e-15	4.6063e-16
7.361e+12	6.5021e-15	5.2599e-16
7.5113e+12	3.6032e-15	3.4184e-16
7.6615e+12	5.6395e-15	4.5795e-16
7.8117e+12	8.9565e-15	7.019e-16
7.9619e+12	3.8672e-15	4.9192e-16
8.1122e+12	-7.272e-17	3.1797e-16
8.2624e+12	4.7645e-15	5.9912e-16
8.4126e+12	5.2497e-15	5.7235e-16
8.5628e+12	5.6966e-16	2.3621e-16
8.7131e+12	7.0734e-15	6.362e-16
8.8633e+12	1.5623e-14	1.196e-15
9.0135e+12	6.9856e-15	6.6232e-16
9.1637e+12	2.8882e-15	4.1591e-16
9.314e+12	2.8855e-14	2.1377e-15
9.4642e+12	5.4497e-14	3.8583e-15
9.6144e+12	4.393e-14	3.1697e-15
9.7646e+12	2.0224e-14	1.5147e-15
9.9149e+12	1.8425e-14	1.1911e-15
1.0065e+13	3.0211e-14	1.7406e-15
1.0215e+13	3.5638e-14	2.0089e-15
1.0366e+13	3.5535e-14	2.1019e-15
1.0516e+13	3.9166e-14	2.4046e-15
1.0666e+13	5.891e-14	3.4082e-15
1.0816e+13	9.8395e-14	5.3214e-15
1.0966e+13	1.2773e-13	6.5759e-15
1.1117e+13	1.1536e-13	5.6004e-15
1.1267e+13	8.0558e-14	3.7541e-15
1.1417e+13	6.0215e-14	3.0416e-15
1.1567e+13	5.2861e-14	2.946e-15
1.1718e+13	4.5396e-14	2.5573e-15
1.1868e+13	4.5286e-14	2.4719e-15
1.2018e+13	5.0729e-14	2.7064e-15
1.2168e+13	4.6253e-14	2.4767e-15
1.2318e+13	3.7756e-14	2.1638e-15
1.2469e+13	3.831e-14	2.2738e-15
1.2619e+13	3.8079e-14	2.1491e-15
1.2769e+13	3.071e-14	1.7612e-15
1.2919e+13	2.9979e-14	1.9071e-15
1.307e+13	3.6156e-14	2.1849e-15
1.322e+13	3.3936e-14	1.8817e-15
1.337e+13	2.624e-14	1.6544e-15
1.352e+13	2.5187e-14	1.8917e-15
1.3671e+13	2.5538e-14	1.8435e-15
1.3821e+13	2.0246e-14	1.5215e-15
1.3971e+13	1.6642e-14	1.6237e-15
1.4121e+13	2.0012e-14	1.9048e-15
1.4271e+13	2.5327e-14	1.9629e-15
1.4422e+13	2.692e-14	2.0867e-15
1.4572e+13	2.2671e-14	2.1605e-15
1.4722e+13	1.6991e-14	1.8833e-15
1.4872e+13	1.8177e-14	1.7946e-15
1.5023e+13	2.3162e-14	2.1273e-15
1.5173e+13	2.1747e-14	2.1936e-15
1.5323e+13	1.8964e-14	2.0137e-15
1.5473e+13	2.5409e-14	2.2846e-15
1.5623e+13	3.315e-14	2.7413e-15
1.5774e+13	3.1809e-14	2.7548e-15
1.5924e+13	2.965e-14	2.5527e-15
1.6074e+13	3.3467e-14	2.41e-15
1.6224e+13	3.4248e-14	2.2026e-15
1.6375e+13	2.7937e-14	2.1123e-15
1.6525e+13	2.2805e-14	2.2633e-15
1.6675e+13	2.2144e-14	2.2978e-15
1.6825e+13	2.1599e-14	2.1613e-15
1.6975e+13	1.9641e-14	2.1127e-15
1.7126e+13	1.8304e-14	2.0445e-15
1.7276e+13	1.9116e-14	1.9067e-15
1.7426e+13	2.0627e-14	1.9178e-15
1.7576e+13	1.9262e-14	1.9431e-15
1.7727e+13	1.6942e-14	1.904e-15
1.7877e+13	1.9715e-14	2.1798e-15
1.8027e+13	2.4481e-14	2.5878e-15
1.8177e+13	2.4107e-14	2.5228e-15
1.8327e+13	2.313e-14	2.3389e-15
1.8478e+13	2.6797e-14	2.6116e-15
1.8628e+13	2.9163e-14	2.8877e-15
1.8778e+13	3.0625e-14	2.905e-15
1.8928e+13	3.9272e-14	3.1816e-15
1.9079e+13	4.7616e-14	3.5266e-15
1.9229e+13	4.6066e-14	3.407e-15
1.9379e+13	4.8411e-14	3.4363e-15
1.9529e+13	6.2171e-14	4.0877e-15
1.968e+13	6.5381e-14	4.4349e-15
1.983e+13	5.0244e-14	3.9659e-15
1.998e+13	4.0803e-14	3.4881e-15
2.013e+13	4.2873e-14	3.4261e-15
2.028e+13	3.643e-14	3.3718e-15
2.0431e+13	2.4193e-14	3.1902e-15
2.0581e+13	2.5628e-14	3.0526e-15
2.0731e+13	3.3712e-14	3.0306e-15
2.0881e+13	3.1604e-14	3.1569e-15
2.1032e+13	2.6812e-14	3.27e-15
2.1182e+13	2.995e-14	3.2301e-15
2.1332e+13	3.3137e-14	3.2998e-15
2.1482e+13	3.0823e-14	3.4602e-15
2.1632e+13	2.875e-14	3.3064e-15
2.1783e+13	2.7466e-14	3.228e-15
2.1933e+13	2.3591e-14	3.8041e-15
2.2083e+13	2.0491e-14	4.2501e-15
2.2233e+13	2.1589e-14	3.8246e-15
2.2384e+13	2.4808e-14	3.4448e-15
2.2534e+13	2.7899e-14	3.763e-15
2.2684e+13	2.8625e-14	3.9602e-15
2.2834e+13	2.5146e-14	3.7498e-15
2.2984e+13	2.2101e-14	3.8325e-15
2.3135e+13	2.5531e-14	4.2302e-15
2.3285e+13	3.2117e-14	4.5381e-15
2.3435e+13	3.4677e-14	4.8355e-15
2.3585e+13	3.2985e-14	5.0249e-15
2.3736e+13	3.1441e-14	4.9109e-15
2.3886e+13	3.3536e-14	4.938e-15
2.4036e+13	4.008e-14	5.3109e-15
2.4186e+13	4.6137e-14	5.5137e-15
2.4337e+13	4.5272e-14	5.4649e-15
2.4487e+13	4.1032e-14	5.5158e-15
2.4637e+13	4.2942e-14	5.6241e-15
2.4787e+13	5.0189e-14	5.7885e-15
2.4937e+13	5.3923e-14	6.0965e-15
2.5088e+13	5.3519e-14	6.199e-15
2.5238e+13	5.5011e-14	6.1879e-15
2.5388e+13	5.7801e-14	6.7256e-15
2.5538e+13	5.7108e-14	7.4266e-15
2.5689e+13	5.3855e-14	7.3928e-15
2.5839e+13	5.1256e-14	6.9804e-15
2.5989e+13	4.888e-14	6.7794e-15
2.6139e+13	4.7416e-14	6.7813e-15
2.6289e+13	5.0346e-14	7.5697e-15
2.644e+13	5.6438e-14	9.1889e-15
2.659e+13	6.0016e-14	9.9364e-15
2.674e+13	5.9657e-14	9.5081e-15
2.689e+13	5.7871e-14	9.8037e-15
2.7041e+13	5.5815e-14	1.0737e-14
2.7191e+13	5.6071e-14	1.0689e-14
2.7341e+13	6.2285e-14	1.051e-14
2.7491e+13	6.9796e-14	1.1236e-14
2.7641e+13	6.8327e-14	1.1415e-14
2.7792e+13	5.7569e-14	1.1027e-14
2.7942e+13	4.7527e-14	1.1934e-14
2.8092e+13	4.4373e-14	1.3356e-14
2.8242e+13	4.7284e-14	1.3907e-14
2.8393e+13	5.3039e-14	1.5012e-14
2.8543e+13	5.4958e-14	1.6532e-14
2.8693e+13	4.7248e-14	1.6067e-14
2.8843e+13	3.5116e-14	1.5203e-14
2.8993e+13	2.959e-14	1.7159e-14
2.9144e+13	3.2475e-14	1.9908e-14
2.9294e+13	3.5912e-14	2.0414e-14
2.9444e+13	3.3413e-14	2.0037e-14
2.9594e+13	2.6155e-14	2.0244e-14
2.9745e+13	2.1901e-14	2.0606e-14
2.9895e+13	2.5629e-14	2.1247e-14
3.0045e+13	3.01e-14	2.1088e-14
3.0195e+13	2.5753e-14	1.9365e-14
3.0346e+13	1.7355e-14	1.9882e-14
3.0496e+13	1.5332e-14	2.3554e-14
3.0646e+13	1.7744e-14	2.3814e-14
3.0796e+13	1.7565e-14	2.0761e-14
3.0946e+13	1.6086e-14	2.3466e-14
3.1097e+13	1.5552e-14	3.0002e-14
3.1247e+13	1.3361e-14	2.9514e-14
3.1397e+13	1.0702e-14	2.5211e-14
3.1547e+13	1.1506e-14	2.7224e-14
3.1698e+13	1.3271e-14	3.1519e-14
3.1848e+13	1.2153e-14	3.1807e-14
3.1998e+13	1.0356e-14	3.3046e-14
3.2148e+13	9.9977e-15	3.5676e-14
3.2298e+13	9.7263e-15	3.4005e-14
3.2449e+13	9.7387e-15	3.3915e-14
3.2599e+13	1.0435e-14	4.081e-14
3.2749e+13	9.6949e-15	4.2602e-14
3.2899e+13	7.7621e-15	3.4224e-14
3.305e+13	7.371e-15	3.1604e-14
3.32e+13	7.869e-15	3.9456e-14
3.335e+13	7.5506e-15	4.2665e-14
3.35e+13	7.8361e-15	3.8995e-14
3.365e+13	8.8626e-15	3.9397e-14
3.3801e+13	8.3731e-15	4.0955e-14
3.3951e+13	7.2005e-15	3.6722e-14
3.4101e+13	7.5143e-15	3.4369e-14
3.4251e+13	7.9055e-15	3.7915e-14
3.4402e+13	7.002e-15	3.793e-14
3.4552e+13	6.4446e-15	3.3479e-14
3.4702e+13	6.7405e-15	3.3557e-14
3.4852e+13	6.6148e-15	3.6391e-14
3.5003e+13	6.2782e-15	3.4541e-14
3.5153e+13	6.2693e-15	3.0793e-14
3.5303e+13	6.0612e-15	3.0056e-14
3.5453e+13	5.9473e-15	3.0503e-14
3.5603e+13	6.3494e-15	3.1094e-14
3.5754e+13	6.3553e-15	3.284e-14
3.5904e+13	5.8261e-15	3.3725e-14
3.6054e+13	5.6225e-15	3.2593e-14
3.6204e+13	5.3847e-15	3.0991e-14
3.6355e+13	4.856e-15	2.8732e-14
3.6505e+13	4.9372e-15	2.6284e-14
3.6655e+13	5.1409e-15	2.6279e-14
3.6805e+13	4.4199e-15	2.705e-14
3.6955e+13	4.0241e-15	2.5287e-14
3.7106e+13	4.7986e-15	2.4227e-14
3.7256e+13	5.066e-15	2.6624e-14
3.7406e+13	4.4265e-15	2.7471e-14
3.7556e+13	4.3209e-15	2.4557e-14
3.7707e+13	4.4069e-15	2.3494e-14
3.7857e+13	3.9265e-15	2.6306e-14
3.8007e+13	4.005e-15	2.8874e-14
3.8157e+13	4.6405e-15	2.9203e-14
3.8307e+13	4.3149e-15	2.7421e-14
3.8458e+13	3.6718e-15	2.4113e-14
3.8608e+13	4.0019e-15	2.3276e-14
3.8758e+13	4.1389e-15	2.6671e-14
3.8908e+13	3.3845e-15	2.8217e-14
3.9059e+13	3.1597e-15	2.4679e-14
3.9209e+13	3.5792e-15	2.2109e-14
3.9359e+13	3.4947e-15	2.3636e-14
3.9509e+13	3.3126e-15	2.4773e-14
3.9659e+13	3.555e-15	2.3934e-14
3.981e+13	3.4491e-15	2.3369e-14
3.996e+13	3.0546e-15	2.2317e-14
4.011e+13	3.0828e-15	2.0298e-14
4.026e+13	3.0201e-15	1.9946e-14
4.0411e+13	2.5787e-15	2.1045e-14
4.0561e+13	2.594e-15	2.1015e-14
4.0711e+13	2.9547e-15	2.0478e-14
4.0861e+13	2.8574e-15	2.0266e-14
4.1012e+13	2.6726e-15	1.9231e-14
4.1162e+13	2.8585e-15	1.9085e-14
4.1312e+13	2.9474e-15	2.1675e-14
4.1462e+13	2.8337e-15	2.3045e-14
4.1612e+13	2.7433e-15	2.0509e-14
4.1763e+13	2.4844e-15	1.8507e-14
4.1913e+13	2.3168e-15	1.9454e-14
4.2063e+13	2.6618e-15	1.991e-14
4.2213e+13	2.8355e-15	1.9435e-14
4.2364e+13	2.3616e-15	2.0502e-14
4.2514e+13	2.1077e-15	2.1406e-14
4.2664e+13	2.4686e-15	2.0754e-14
4.2814e+13	2.788e-15	2.1869e-14
4.2964e+13	2.9004e-15	2.4531e-14
4.3115e+13	2.9341e-15	2.3645e-14
4.3265e+13	2.6323e-15	2.001e-14
4.3415e+13	2.2184e-15	1.9311e-14
4.3565e+13	2.1837e-15	2.1155e-14
4.3716e+13	2.343e-15	2.1698e-14
4.3866e+13	2.5417e-15	2.211e-14
4.4016e+13	2.8342e-15	2.4088e-14
4.4166e+13	2.7279e-15	2.4982e-14
4.4316e+13	2.2448e-15	2.3883e-14
4.4467e+13	2.3105e-15	2.3103e-14
4.4617e+13	2.6895e-15	2.2081e-14
4.4767e+13	2.3903e-15	1.9913e-14
4.4917e+13	2.0042e-15	2.0428e-14
4.5068e+13	2.2696e-15	2.4843e-14
4.5218e+13	2.324e-15	2.7013e-14
4.5368e+13	1.988e-15	2.4503e-14
4.5518e+13	2.2054e-15	2.3321e-14
4.5669e+13	2.4856e-15	2.5613e-14
4.5819e+13	2.0937e-15	2.64e-14
4.5969e+13	2.1062e-15	2.5514e-14
4.6119e+13	2.784e-15	2.7456e-14
4.6269e+13	2.6743e-15	2.9894e-14
4.642e+13	1.9974e-15	2.7875e-14
4.657e+13	2.1189e-15	2.5273e-14
4.672e+13	2.417e-15	2.7542e-14
4.687e+13	2.1009e-15	3.0716e-14
4.7021e+13	2.1503e-15	2.9668e-14
4.7171e+13	2.6664e-15	2.7227e-14
4.7321e+13	2.5494e-15	2.673e-14
4.7471e+13	2.193e-15	2.6741e-14
4.7621e+13	2.3498e-15	2.6858e-14
4.7772e+13	2.2845e-15	2.8047e-14
4.7922e+13	1.8576e-15	2.8374e-14
4.8072e+13	1.9825e-15	2.695e-14
4.8222e+13	2.2969e-15	2.6652e-14
4.8373e+13	2.0394e-15	2.7788e-14
4.8523e+13	1.8489e-15	2.7442e-14
4.8673e+13	2.0616e-15	2.606e-14
4.8823e+13	1.9879e-15	2.5617e-14
4.8973e+13	1.7548e-15	2.4783e-14
4.9124e+13	1.9034e-15	2.3541e-14
4.9274e+13	2.0686e-15	2.4982e-14
4.9424e+13	2.055e-15	2.7936e-14
4.9574e+13	2.1807e-15	2.8069e-14
4.9725e+13	2.1857e-15	2.6737e-14
4.9875e+13	1.9191e-15	2.7494e-14
5.0025e+13	1.8829e-15	2.786e-14
5.0175e+13	1.9584e-15	2.5144e-14
5.0325e+13	1.7372e-15	2.2919e-14
5.0476e+13	1.6657e-15	2.3606e-14
5.0626e+13	1.8493e-15	2.4304e-14
5.0776e+13	1.6651e-15	2.4242e-14
5.0926e+13	1.4358e-15	2.5764e-14
5.1077e+13	1.7451e-15	2.7471e-14
5.1227e+13	1.8991e-15	2.6205e-14
5.1377e+13	1.552e-15	2.3257e-14
5.1527e+13	1.5241e-15	2.1392e-14
5.1678e+13	1.7698e-15	2.0732e-14
5.1828e+13	1.623e-15	2.1176e-14
5.1978e+13	1.5176e-15	2.2502e-14
5.2128e+13	1.7256e-15	2.2075e-14
5.2278e+13	1.5578e-15	1.8855e-14
5.2429e+13	1.1998e-15	1.6566e-14
5.2579e+13	1.3392e-15	1.7665e-14
5.2729e+13	1.4624e-15	1.9446e-14
5.2879e+13	1.2161e-15	1.9364e-14
5.303e+13	1.2556e-15	1.8072e-14
5.318e+13	1.4058e-15	1.6525e-14
5.333e+13	1.0838e-15	1.5629e-14
5.348e+13	9.5482e-16	1.6741e-14
5.363e+13	1.3132e-15	1.8563e-14
5.3781e+13	1.2275e-15	1.7974e-14
5.3931e+13	8.3468e-16	1.5552e-14
5.4081e+13	1.0366e-15	1.4299e-14
5.4231e+13	1.2699e-15	1.3931e-14
5.4382e+13	9.1785e-16	1.3058e-14
5.4532e+13	8.0523e-16	1.3357e-14
5.4682e+13	1.1378e-15	1.5366e-14
5.4832e+13	1.116e-15	1.5798e-14
5.4982e+13	9.2647e-16	1.379e-14
5.5133e+13	1.0428e-15	1.2828e-14
5.5283e+13	9.9266e-16	1.3717e-14
5.5433e+13	7.5976e-16	1.3366e-14
5.5583e+13	8.9419e-16	1.1483e-14
5.5734e+13	1.0314e-15	1.1035e-14
5.5884e+13	8.2226e-16	1.2341e-14
5.6034e+13	8.4107e-16	1.2875e-14
5.6184e+13	1.052e-15	1.189e-14
5.6335e+13	8.7254e-16	1.0847e-14
5.6485e+13	6.8623e-16	1.0492e-14
5.6635e+13	8.4633e-16	1.0326e-14
5.6785e+13	8.0019e-16	1.0096e-14
5.6935e+13	5.9953e-16	1.009e-14
5.7086e+13	7.6912e-16	1.0104e-14
5.7236e+13	8.8627e-16	9.4895e-15
5.7386e+13	6.6844e-16	8.606e-15
5.7536e+13	7.2218e-16	8.5795e-15
5.7687e+13	9.4176e-16	9.0817e-15
5.7837e+13	7.7654e-16	8.8492e-15
5.7987e+13	7.0128e-16	8.43e-15
5.8137e+13	9.672e-16	9.0022e-15
5.8287e+13	8.6134e-16	9.471e-15
5.8438e+13	5.3758e-16	8.6256e-15
5.8588e+13	7.1634e-16	7.8131e-15
5.8738e+13	8.9953e-16	7.967e-15
5.8888e+13	6.2143e-16	7.7587e-15
5.9039e+13	5.6078e-16	7.0107e-15
5.9189e+13	7.8333e-16	7.1764e-15
5.9339e+13	6.7646e-16	7.8481e-15
5.9489e+13	5.7337e-16	7.6444e-15
5.9639e+13	7.9018e-16	7.237e-15
5.979e+13	7.3932e-16	7.5511e-15
5.994e+13	5.2681e-16	7.8442e-15
6.009e+13	7.5678e-16	7.7756e-15
6.024e+13	9.0766e-16	7.7818e-15
6.0391e+13	5.5981e-16	7.3856e-15
6.0541e+13	4.6142e-16	6.4606e-15
6.0691e+13	7.1693e-16	6.1891e-15
6.0841e+13	6.4777e-16	6.6564e-15
6.0991e+13	5.1825e-16	6.6877e-15
6.1142e+13	7.0805e-16	6.3205e-15
6.1292e+13	6.7469e-16	6.1144e-15
6.1442e+13	4.2096e-16	5.6811e-15
6.1592e+13	5.3132e-16	5.2618e-15
6.1743e+13	6.6174e-16	5.6915e-15
6.1893e+13	4.5814e-16	6.2235e-15
6.2043e+13	4.9215e-16	5.947e-15
6.2193e+13	7.4993e-16	5.8576e-15
6.2344e+13	6.301e-16	6.4329e-15
6.2494e+13	4.7576e-16	6.3543e-15
6.2644e+13	6.7286e-16	5.5397e-15
6.2794e+13	6.9018e-16	5.4924e-15
6.2944e+13	5.1371e-16	6.2409e-15
6.3095e+13	6.5338e-16	6.5068e-15
6.3245e+13	7.2847e-16	6.0157e-15
6.3395e+13	4.2825e-16	5.377e-15
6.3545e+13	3.8863e-16	5.167e-15
6.3696e+13	6.383e-16	5.6138e-15
6.3846e+13	5.6758e-16	6.001e-15
6.3996e+13	4.5826e-16	5.5628e-15
6.4146e+13	6.5633e-16	5.0782e-15
6.4296e+13	6.4569e-16	5.3754e-15
6.4447e+13	4.2184e-16	5.5691e-15
6.4597e+13	5.025e-16	5.0453e-15
6.4747e+13	5.6761e-16	4.6815e-15
6.4897e+13	3.4707e-16	4.7669e-15
6.5048e+13	4.031e-16	4.768e-15
6.5198e+13	6.698e-16	4.961e-15
6.5348e+13	5.5756e-16	5.5498e-15
6.5498e+13	4.2777e-16	5.8181e-15
6.5648e+13	6.3507e-16	5.6918e-15
6.5799e+13	6.1968e-16	5.634e-15
6.5949e+13	3.8548e-16	5.2364e-15
6.6099e+13	4.9289e-16	4.4414e-15
6.6249e+13	5.9858e-16	4.258e-15
6.64e+13	3.7375e-16	4.6821e-15
6.655e+13	3.9317e-16	4.7649e-15
6.67e+13	6.2586e-16	4.6633e-15
6.685e+13	4.5505e-16	4.7515e-15
6.7001e+13	2.5556e-16	4.5095e-15
6.7151e+13	4.7671e-16	4.1652e-15
6.7301e+13	5.4471e-16	4.4772e-15
6.7451e+13	3.4066e-16	4.7919e-15
6.7601e+13	4.4723e-16	4.4716e-15
6.7752e+13	6.2154e-16	4.4005e-15
6.7902e+13	4.3782e-16	4.7757e-15
6.8052e+13	3.6061e-16	4.6741e-15
6.8202e+13	5.2615e-16	4.4319e-15
6.8353e+13	4.5809e-16	4.7721e-15
6.8503e+13	3.4657e-16	4.8988e-15
6.8653e+13	4.992e-16	4.3663e-15
6.8803e+13	5.0614e-16	4.0178e-15
6.8953e+13	3.4869e-16	3.9725e-15
6.9104e+13	4.7295e-16	3.9799e-15
6.9254e+13	5.936e-16	4.5067e-15
6.9404e+13	3.9664e-16	4.8969e-15
6.9554e+13	3.4472e-16	3.9038e-15
6.9705e+13	4.9694e-16	2.8536e-15
6.9855e+13	4.122e-16	3.5396e-15
7.0005e+13	3.2661e-16	4.5101e-15
7.0155e+13	4.974e-16	4.1757e-15
7.0305e+13	4.8299e-16	3.8345e-15
7.0456e+13	2.9151e-16	4.1962e-15
7.0606e+13	3.8222e-16	4.0987e-15
7.0756e+13	4.9301e-16	3.844e-15
7.0906e+13	3.4672e-16	4.4254e-15
7.1057e+13	3.6999e-16	4.8192e-15
7.1207e+13	5.4861e-16	4.3307e-15
7.1357e+13	4.4379e-16	4.1826e-15
7.1507e+13	3.3571e-16	4.5481e-15
7.1657e+13	4.9183e-16	4.4393e-15
7.1808e+13	4.7606e-16	4.3099e-15
7.1958e+13	3.0494e-16	4.6854e-15
7.2108e+13	4.0973e-16	4.6303e-15
7.2258e+13	5.0437e-16	4.1639e-15
7.2409e+13	3.3899e-16	4.4131e-15
7.2559e+13	3.6455e-16	4.8753e-15
7.2709e+13	5.4771e-16	4.5248e-15
7.2859e+13	4.3477e-16	4.1232e-15
7.301e+13	3.2282e-16	4.3645e-15
7.316e+13	4.9281e-16	4.5441e-15
7.331e+13	4.9458e-16	4.4391e-15
7.346e+13	3.2544e-16	4.4147e-15
7.361e+13	4.2338e-16	4.181e-15
7.3761e+13	5.1956e-16	3.8178e-15
7.3911e+13	3.5242e-16	4.0772e-15
7.4061e+13	3.5684e-16	4.6652e-15
7.4211e+13	5.2328e-16	4.6849e-15
7.4362e+13	4.1066e-16	4.2517e-15
7.4512e+13	2.7973e-16	3.7558e-15
7.4662e+13	4.1654e-16	3.2693e-15
7.4812e+13	4.3361e-16	3.3017e-15
7.4962e+13	3.1281e-16	3.9684e-15
7.5113e+13	4.1088e-16	4.3296e-15
7.5263e+13	4.7693e-16	4.1687e-15
7.5413e+13	3.1961e-16	4.2099e-15
7.5563e+13	3.3925e-16	4.2633e-15
7.5714e+13	4.8559e-16	3.934e-15
7.5864e+13	3.88e-16	3.9129e-15
7.6014e+13	3.2081e-16	4.292e-15
7.6164e+13	4.6026e-16	4.252e-15
7.6314e+13	4.1966e-16	4.2015e-15
7.6465e+13	3.0863e-16	4.757e-15
7.6615e+13	4.6431e-16	4.7966e-15
7.6765e+13	5.0272e-16	3.9199e-15
7.6915e+13	2.7028e-16	3.7378e-15
7.7066e+13	2.9623e-16	4.3955e-15
7.7216e+13	4.87e-16	4.2793e-15
7.7366e+13	3.7417e-16	3.7404e-15
7.7516e+13	2.9297e-16	4.1567e-15
7.7666e+13	4.8116e-16	4.6711e-15
7.7817e+13	4.554e-16	4.2449e-15
7.7967e+13	2.6644e-16	3.9315e-15
7.8117e+13	3.6137e-16	4.2083e-15
7.8267e+13	4.3981e-16	4.0879e-15
7.8418e+13	2.8486e-16	3.8554e-15
7.8568e+13	3.5131e-16	4.4602e-15
7.8718e+13	5.4157e-16	5.0476e-15
7.8868e+13	3.9312e-16	4.642e-15
7.9019e+13	2.4947e-16	4.1096e-15
7.9169e+13	3.9072e-16	4.191e-15
7.9319e+13	3.6854e-16	4.318e-15
7.9469e+13	2.1853e-16	4.175e-15
7.9619e+13	3.4971e-16	4.0179e-15
7.977e+13	4.3997e-16	3.9332e-15
7.992e+13	2.7742e-16	4.1378e-15
8.007e+13	3.3018e-16	4.6432e-15
8.022e+13	5.0023e-16	4.6305e-15
8.0371e+13	3.3754e-16	3.8591e-15
8.0521e+13	2.282e-16	3.4626e-15
8.0671e+13	4.4155e-16	3.9571e-15
8.0821e+13	4.3921e-16	4.4997e-15
8.0971e+13	2.4232e-16	4.7381e-15
8.1122e+13	3.6334e-16	5.0432e-15
8.1272e+13	4.9371e-16	5.1594e-15
8.1422e+13	3.1113e-16	4.7237e-15
8.1572e+13	2.9539e-16	4.2186e-15
8.1723e+13	4.8005e-16	4.0877e-15
8.1873e+13	3.9157e-16	4.1909e-15
8.2023e+13	2.8401e-16	4.4891e-15
8.2173e+13	4.6083e-16	4.9075e-15
8.2323e+13	4.8282e-16	4.9282e-15
8.2474e+13	2.9254e-16	4.3863e-15
8.2624e+13	3.2174e-16	3.8898e-15
8.2774e+13	3.9417e-16	3.9434e-15
8.2924e+13	2.9263e-16	4.4296e-15
8.3075e+13	3.6589e-16	4.9228e-15
8.3225e+13	5.2873e-16	5.0614e-15
8.3375e+13	3.9051e-16	4.888e-15
8.3525e+13	2.7948e-16	4.7092e-15
8.3676e+13	4.4023e-16	4.5094e-15
8.3826e+13	4.2927e-16	4.2568e-15
8.3976e+13	2.8348e-16	4.4037e-15
8.4126e+13	4.0894e-16	4.9078e-15
8.4276e+13	4.77e-16	4.8911e-15
8.4427e+13	2.661e-16	4.4396e-15
8.4577e+13	2.9743e-16	4.6932e-15
8.4727e+13	5.293e-16	5.3734e-15
8.4877e+13	4.2183e-16	5.0944e-15
8.5028e+13	2.6148e-16	4.2954e-15
8.5178e+13	4.1962e-16	4.5463e-15
8.5328e+13	4.6038e-16	5.4693e-15
8.5478e+13	2.9392e-16	5.5551e-15
8.5628e+13	3.5683e-16	4.9062e-15
8.5779e+13	4.6475e-16	4.6553e-15
8.5929e+13	3.5381e-16	5.1476e-15
8.6079e+13	3.9619e-16	6.068e-15
8.6229e+13	5.703e-16	6.7791e-15
8.638e+13	4.3368e-16	6.4554e-15
8.653e+13	2.5999e-16	5.3488e-15
8.668e+13	4.0798e-16	4.9309e-15
8.683e+13	4.886e-16	5.6603e-15
8.698e+13	3.7103e-16	6.2706e-15
8.7131e+13	4.2064e-16	6.0257e-15
8.7281e+13	5.1717e-16	5.7763e-15
8.7431e+13	4.4032e-16	6.1349e-15
8.7581e+13	4.4587e-16	6.3186e-15
8.7732e+13	5.0516e-16	5.7579e-15
8.7882e+13	3.8229e-16	5.5357e-15
8.8032e+13	3.7033e-16	6.5549e-15
8.8182e+13	5.4772e-16	7.3183e-15
8.8332e+13	4.4987e-16	6.2365e-15
8.8483e+13	2.3622e-16	4.9006e-15
8.8633e+13	3.817e-16	5.2656e-15
8.8783e+13	5.0206e-16	5.7588e-15
8.8933e+13	3.0659e-16	4.9048e-15
8.9084e+13	3.5653e-16	5.0214e-15
8.9234e+13	6.6254e-16	7.0988e-15
8.9384e+13	5.7626e-16	7.6844e-15
8.9534e+13	2.9144e-16	5.7313e-15
8.9685e+13	3.5148e-16	5.0887e-15
8.9835e+13	4.7065e-16	6.6547e-15
8.9985e+13	3.7599e-16	6.8647e-15
9.0135e+13	3.6067e-16	5.4959e-15
9.0285e+13	4.3173e-16	5.7405e-15
9.0436e+13	4.0947e-16	7.2363e-15
9.0586e+13	4.4413e-16	7.3442e-15
9.0736e+13	4.9244e-16	6.5296e-15
9.0886e+13	3.7133e-16	6.3397e-15
9.1037e+13	3.4938e-16	6.4074e-15
9.1187e+13	5.1424e-16	6.6032e-15
9.1337e+13	4.6232e-16	7.2509e-15
9.1487e+13	2.8589e-16	7.3139e-15
9.1637e+13	3.8619e-16	6.5856e-15
9.1788e+13	4.9249e-16	6.6377e-15
9.1938e+13	3.4436e-16	7.1289e-15
9.2088e+13	3.1166e-16	6.2953e-15
9.2238e+13	4.3588e-16	5.2451e-15
9.2389e+13	3.817e-16	5.8701e-15
9.2539e+13	3.2277e-16	6.7329e-15
9.2689e+13	4.2909e-16	6.28e-15
9.2839e+13	3.9433e-16	5.9245e-15
9.2989e+13	2.8465e-16	6.394e-15
9.314e+13	4.0767e-16	6.3318e-15
9.329e+13	4.7999e-16	5.8226e-15
9.344e+13	3.2176e-16	6.0096e-15
9.359e+13	3.2466e-16	6.1895e-15
9.3741e+13	4.5346e-16	5.5786e-15
9.3891e+13	3.5552e-16	5.2401e-15
9.4041e+13	2.8453e-16	5.6071e-15
9.4191e+13	4.1866e-16	5.6507e-15
9.4342e+13	3.6377e-16	5.2627e-15
9.4492e+13	1.836e-16	5.0592e-15
9.4642e+13	2.8164e-16	4.8067e-15
9.4792e+13	3.8877e-16	4.5382e-15
9.4942e+13	2.5167e-16	4.9459e-15
9.5093e+13	2.5014e-16	5.4436e-15
9.5243e+13	3.8447e-16	4.8134e-15
9.5393e+13	2.8568e-16	3.7856e-15
9.5543e+13	1.9596e-16	3.889e-15
9.5694e+13	3.4107e-16	4.6201e-15
9.5844e+13	3.3182e-16	4.5817e-15
9.5994e+13	1.7e-16	4.1044e-15
9.6144e+13	2.5194e-16	4.2683e-15
9.6294e+13	3.5316e-16	4.7234e-15
9.6445e+13	2.1211e-16	4.6626e-15
9.6595e+13	1.9412e-16	4.6153e-15
9.6745e+13	3.4311e-16	5.1605e-15
9.6895e+13	2.8438e-16	5.2766e-15
9.7046e+13	1.8055e-16	4.2331e-15
9.7196e+13	2.6953e-16	3.4147e-15
9.7346e+13	2.6146e-16	3.8712e-15
9.7496e+13	1.4888e-16	4.3363e-15
9.7646e+13	2.382e-16	3.9905e-15
9.7797e+13	3.2326e-16	4.0931e-15
9.7947e+13	2.1017e-16	4.8969e-15
9.8097e+13	2.1932e-16	4.7505e-15
9.8247e+13	3.3013e-16	3.5966e-15
9.8398e+13	2.231e-16	3.2606e-15
9.8548e+13	1.3287e-16	3.8809e-15
9.8698e+13	2.6714e-16	3.9482e-15
9.8848e+13	2.7832e-16	3.3095e-15
9.8998e+13	1.542e-16	2.976e-15
9.9149e+13	2.1793e-16	3.1903e-15
9.9299e+13	2.7515e-16	3.5924e-15
9.9449e+13	1.4611e-16	3.8103e-15
9.9599e+13	1.5781e-16	3.4341e-15
9.975e+13	2.8829e-16	2.7339e-15
9.99e+13	2.1221e-16	2.6044e-15
1.0005e+14	1.3516e-16	3.0105e-15
1.002e+14	2.3829e-16	3.0486e-15
1.0035e+14	2.1098e-16	2.6314e-15
1.005e+14	1.0065e-16	2.428e-15
1.0065e+14	2.0927e-16	2.6408e-15
1.008e+14	2.7163e-16	3.0073e-15
1.0095e+14	1.0761e-16	3.2068e-15
1.011e+14	1.0265e-16	3.0091e-15
1.0125e+14	2.4628e-16	2.7092e-15
1.014e+14	1.817e-16	2.7615e-15
1.0155e+14	1.1569e-16	2.853e-15
1.017e+14	2.4499e-16	2.609e-15
1.0185e+14	2.3329e-16	2.4822e-15
1.02e+14	1.03e-16	2.5727e-15
1.0215e+14	1.9053e-16	2.2453e-15
1.023e+14	2.744e-16	1.8464e-15
1.0245e+14	1.5455e-16	2.3257e-15
1.026e+14	1.6187e-16	3.0254e-15
1.0275e+14	2.6937e-16	2.7024e-15
1.029e+14	1.522e-16	1.9808e-15
1.0305e+14	5.7886e-17	2.0378e-15
1.032e+14	1.9581e-16	2.3657e-15
1.0336e+14	2.0619e-16	2.0763e-15
1.0351e+14	8.232e-17	1.5953e-15
1.0366e+14	1.579e-16	1.5921e-15
1.0381e+14	2.2371e-16	1.8826e-15
1.0396e+14	8.822e-17	2.0195e-15
1.0411e+14	9.6376e-17	1.8549e-15
1.0426e+14	2.3006e-16	1.5431e-15
1.0441e+14	1.4165e-16	1.4106e-15
1.0456e+14	5.3265e-17	1.5204e-15
1.0471e+14	1.874e-16	1.6095e-15
1.0486e+14	2.036e-16	1.6555e-15
1.0501e+14	8.5297e-17	1.7897e-15
1.0516e+14	1.5821e-16	1.7848e-15
1.0531e+14	2.2113e-16	1.4933e-15
1.0546e+14	7.9603e-17	1.291e-15
1.0561e+14	7.832e-17	1.4253e-15
1.0576e+14	2.1797e-16	1.6684e-15
1.0591e+14	1.468e-16	1.8183e-15
1.0606e+14	5.7063e-17	1.7802e-15
1.0621e+14	1.7436e-16	1.4775e-15
1.0636e+14	1.8175e-16	1.2184e-15
1.0651e+14	5.5219e-17	1.4054e-15
1.0666e+14	1.1933e-16	1.7496e-15
1.0681e+14	2.0143e-16	1.729e-15
1.0696e+14	9.116e-17	1.5077e-15
1.0711e+14	8.0309e-17	1.4709e-15
1.0726e+14	1.8822e-16	1.4928e-15
1.0741e+14	1.2344e-16	1.3796e-15
1.0756e+14	5.8413e-17	1.2927e-15
1.0771e+14	1.6797e-16	1.3504e-15
1.0786e+14	1.6348e-16	1.4496e-15
1.0801e+14	5.7141e-17	1.5142e-15
1.0816e+14	1.316e-16	1.5038e-15
1.0831e+14	1.8632e-16	1.363e-15
1.0846e+14	5.9288e-17	1.1668e-15
1.0861e+14	6.5821e-17	1.0901e-15
1.0876e+14	1.838e-16	1.1759e-15
1.0891e+14	1.1011e-16	1.2635e-15
1.0906e+14	5.1056e-17	1.1861e-15
1.0921e+14	1.7701e-16	1.0399e-15
1.0936e+14	1.6425e-16	1.0772e-15
1.0951e+14	3.6057e-17	1.2358e-15
1.0966e+14	1.1205e-16	1.1915e-15
1.0981e+14	1.8335e-16	9.8149e-16
1.0996e+14	5.7483e-17	9.4916e-16
1.1012e+14	5.7146e-17	1.0677e-15
1.1027e+14	1.7956e-16	1.0495e-15
1.1042e+14	1.0745e-16	9.5475e-16
1.1057e+14	3.5373e-17	1.0106e-15
1.1072e+14	1.5808e-16	1.1443e-15
1.1087e+14	1.6132e-16	1.1683e-15
1.1102e+14	3.7129e-17	1.0656e-15
1.1117e+14	9.8477e-17	9.3376e-16
1.1132e+14	1.7303e-16	9.0851e-16
1.1147e+14	7.0652e-17	9.9755e-16
1.1162e+14	7.1196e-17	9.7827e-16
1.1177e+14	1.6864e-16	8.1003e-16
1.1192e+14	8.6664e-17	8.014e-16
1.1207e+14	2.1564e-17	9.7682e-16
1.1222e+14	1.3631e-16	9.7331e-16
1.1237e+14	1.2801e-16	8.1266e-16
1.1252e+14	2.0836e-17	8.3079e-16
1.1267e+14	1.0452e-16	8.9696e-16
1.1282e+14	1.6539e-16	7.4753e-16
1.1297e+14	3.7329e-17	6.7081e-16
1.1312e+14	4.6977e-17	8.8035e-16
1.1327e+14	1.6702e-16	9.5185e-16
1.1342e+14	7.4959e-17	6.6079e-16
1.1357e+14	-9.688e-18	4.5701e-16
1.1372e+14	1.2169e-16	6.1424e-16
1.1387e+14	1.3884e-16	8.3274e-16
1.1402e+14	2.0769e-17	8.8e-16
1.1417e+14	8.7414e-17	8.4895e-16
1.1432e+14	1.6357e-16	8.1977e-16
1.1447e+14	4.6012e-17	7.9349e-16
1.1462e+14	3.2616e-17	7.9203e-16
1.1477e+14	1.4502e-16	7.8416e-16
1.1492e+14	8.4521e-17	7.2623e-16
1.1507e+14	1.4296e-17	6.8108e-16
1.1522e+14	1.201e-16	7.0594e-16
1.1537e+14	1.2302e-16	7.4692e-16
1.1552e+14	1.7812e-17	7.5812e-16
1.1567e+14	8.2838e-17	7.6195e-16
1.1582e+14	1.4035e-16	7.6416e-16
1.1597e+14	2.5488e-17	7.5184e-16
1.1612e+14	3.4215e-17	7.4557e-16
1.1627e+14	1.5474e-16	7.6531e-16
1.1642e+14	8.6261e-17	7.9594e-16
1.1657e+14	1.2303e-17	8.1374e-16
1.1673e+14	1.1999e-16	7.9519e-16
1.1688e+14	1.1882e-16	7.2597e-16
1.1703e+14	5.7636e-18	6.5302e-16
1.1718e+14	7.3917e-17	6.649e-16
1.1733e+14	1.4831e-16	7.6071e-16
1.1748e+14	4.5137e-17	8.2275e-16
1.1763e+14	4.6108e-17	7.7898e-16
1.1778e+14	1.5216e-16	6.8456e-16
1.1793e+14	7.9231e-17	6.0434e-16
1.1808e+14	7.5625e-18	5.5852e-16
1.1823e+14	1.1692e-16	5.7657e-16
1.1838e+14	1.1737e-16	6.3586e-16
1.1853e+14	3.8884e-18	6.3675e-16
1.1868e+14	6.9787e-17	5.9225e-16
1.1883e+14	1.457e-16	6.2815e-16
1.1898e+14	4.0584e-17	6.9806e-16
1.1913e+14	2.7866e-17	6.4702e-16
1.1928e+14	1.2769e-16	5.5798e-16
1.1943e+14	7.015e-17	5.9792e-16
1.1958e+14	8.62e-18	6.5941e-16
1.1973e+14	1.0638e-16	6.0221e-16
1.1988e+14	1.0376e-16	5.5174e-16
1.2003e+14	7.2931e-18	5.882e-16
1.2018e+14	7.5138e-17	5.7513e-16
1.2033e+14	1.3234e-16	5.1293e-16
1.2048e+14	2.788e-17	5.5381e-16
1.2063e+14	3.757e-17	6.389e-16
1.2078e+14	1.3908e-16	6.096e-16
1.2093e+14	5.9298e-17	5.2987e-16
1.2108e+14	-8.4489e-18	5.2351e-16
1.2123e+14	1.0566e-16	5.5912e-16
1.2138e+14	1.1065e-16	5.8914e-16
1.2153e+14	5.8034e-18	6.0471e-16
1.2168e+14	6.929e-17	5.5975e-16
1.2183e+14	1.2795e-16	4.7862e-16
1.2198e+14	1.7125e-17	4.642e-16
1.2213e+14	1.8557e-17	4.8943e-16
1.2228e+14	1.2601e-16	4.5781e-16
1.2243e+14	6.0765e-17	4.3034e-16
1.2258e+14	-1.9122e-18	4.9065e-16
1.2273e+14	1.0487e-16	5.4257e-16
1.2288e+14	9.9807e-17	4.9572e-16
1.2303e+14	-9.2134e-18	4.3523e-16
1.2318e+14	6.0848e-17	4.4265e-16
1.2334e+14	1.312e-16	4.6822e-16
1.2349e+14	2.2651e-17	4.6595e-16
1.2364e+14	1.7004e-17	4.7575e-16
1.2379e+14	1.2319e-16	5.2123e-16
1.2394e+14	6.2051e-17	5.4428e-16
1.2409e+14	-3.3345e-18	4.9975e-16
1.2424e+14	9.9957e-17	4.4198e-16
1.2439e+14	9.9336e-17	4.2997e-16
1.2454e+14	-1.0677e-17	4.2694e-16
1.2469e+14	4.806e-17	4.0836e-16
1.2484e+14	1.179e-16	4.3014e-16
1.2499e+14	2.3731e-17	4.7347e-16
1.2514e+14	2.3334e-17	4.4129e-16
1.2529e+14	1.2062e-16	3.7562e-16
1.2544e+14	5.5536e-17	3.9437e-16
1.2559e+14	-5.2141e-18	4.4544e-16
1.2574e+14	1.0112e-16	4.2629e-16
1.2589e+14	1.0255e-16	3.9619e-16
1.2604e+14	-4.4694e-18	4.1489e-16
1.2619e+14	5.1951e-17	4.1956e-16
1.2634e+14	1.1443e-16	4.022e-16
1.2649e+14	1.5537e-17	4.1861e-16
1.2664e+14	1.5831e-17	4.2978e-16
1.2679e+14	1.1777e-16	3.9602e-16
1.2694e+14	5.7176e-17	3.8305e-16
1.2709e+14	-5.9421e-18	4.0758e-16
1.2724e+14	9.3715e-17	4.0175e-16
1.2739e+14	9.5429e-17	3.7139e-16
1.2754e+14	-4.3655e-18	3.6998e-16
1.2769e+14	5.6321e-17	3.8733e-16
1.2784e+14	1.1931e-16	3.9739e-16
1.2799e+14	2.1056e-17	3.8936e-16
1.2814e+14	1.9235e-17	3.5174e-16
1.2829e+14	1.1607e-16	3.2674e-16
1.2844e+14	5.3127e-17	3.5292e-16
1.2859e+14	-9.6618e-18	3.5976e-16
1.2874e+14	8.8869e-17	3.1593e-16
1.2889e+14	8.8431e-17	3.1917e-16
1.2904e+14	-1.3251e-17	3.6211e-16
1.2919e+14	4.6054e-17	3.2723e-16
1.2934e+14	1.0998e-16	2.7971e-16
1.2949e+14	1.3446e-17	3.4647e-16
1.2964e+14	1.0862e-17	4.1111e-16
1.2979e+14	1.0865e-16	3.5365e-16
1.2994e+14	5.2345e-17	3.0699e-16
1.301e+14	-4.7302e-18	3.4767e-16
1.3025e+14	9.3752e-17	3.5217e-16
1.304e+14	9.2431e-17	3.1327e-16
1.3055e+14	-9.0574e-18	3.3418e-16
1.307e+14	4.8547e-17	3.6e-16
1.3085e+14	1.1126e-16	3.2195e-16
1.31e+14	1.6973e-17	3.1591e-16
1.3115e+14	1.68e-17	3.6838e-16
1.313e+14	1.1385e-16	3.6733e-16
1.3145e+14	5.2903e-17	3.2201e-16
1.316e+14	-1.178e-17	3.3327e-16
1.3175e+14	8.2357e-17	3.6442e-16
1.319e+14	8.3885e-17	3.3211e-16
1.3205e+14	-1.4423e-17	2.7295e-16
1.322e+14	4.2883e-17	2.4982e-16
1.3235e+14	1.0723e-16	2.5996e-16
1.325e+14	1.3703e-17	2.8105e-16
1.3265e+14	6.9048e-18	2.9181e-16
1.328e+14	1.0009e-16	2.8413e-16
1.3295e+14	4.6606e-17	2.8175e-16
1.331e+14	-1.2896e-17	2.8983e-16
1.3325e+14	7.6949e-17	2.8618e-16
1.334e+14	7.9382e-17	2.8271e-16
1.3355e+14	-1.074e-17	2.9095e-16
1.337e+14	4.5434e-17	2.786e-16
1.3385e+14	1.0007e-16	2.5376e-16
1.34e+14	4.9903e-18	2.6966e-16
1.3415e+14	6.4465e-18	3.0898e-16
1.343e+14	1.0694e-16	3.1601e-16
1.3445e+14	5.442e-17	3.0098e-16
1.346e+14	-1.0676e-17	2.8774e-16
1.3475e+14	7.2584e-17	2.7023e-16
1.349e+14	7.5447e-17	2.6912e-16
1.3505e+14	-1.1713e-17	2.9062e-16
1.352e+14	4.1848e-17	2.8223e-16
1.3535e+14	9.6816e-17	2.4572e-16
1.355e+14	1.084e-17	2.5049e-16
1.3565e+14	1.3759e-17	2.8578e-16
1.358e+14	1.0128e-16	2.8796e-16
1.3595e+14	4.1796e-17	2.7348e-16
1.361e+14	-1.5255e-17	2.7238e-16
1.3625e+14	7.405e-17	2.5398e-16
1.364e+14	7.4063e-17	2.2368e-16
1.3655e+14	-1.341e-17	2.2704e-16
1.3671e+14	4.4649e-17	2.4819e-16
1.3686e+14	1.0129e-16	2.5718e-16
1.3701e+14	1.3499e-17	2.697e-16
1.3716e+14	1.3447e-17	2.6839e-16
1.3731e+14	9.6897e-17	2.2334e-16
1.3746e+14	3.6266e-17	1.9536e-16
1.3761e+14	-1.6269e-17	2.3786e-16
1.3776e+14	7.6635e-17	2.783e-16
1.3791e+14	7.4441e-17	2.5512e-16
1.3806e+14	-1.6012e-17	2.2631e-16
1.3821e+14	4.1269e-17	2.3488e-16
1.3836e+14	9.4713e-17	2.3839e-16
1.3851e+14	1.8027e-18	2.228e-16
1.3866e+14	3.2157e-18	2.2486e-16
1.3881e+14	9.5612e-17	2.3686e-16
1.3896e+14	4.0226e-17	2.2095e-16
1.3911e+14	-1.6607e-17	1.9662e-16
1.3926e+14	7.0721e-17	2.076e-16
1.3941e+14	6.8929e-17	2.2922e-16
1.3956e+14	-1.8972e-17	2.0876e-16
1.3971e+14	3.9035e-17	1.7512e-16
1.3986e+14	9.3621e-17	1.9561e-16
1.4001e+14	2.4698e-18	2.441e-16
1.4016e+14	3.5791e-18	2.4431e-16
1.4031e+14	9.4683e-17	2.0975e-16
1.4046e+14	3.8854e-17	2.0175e-16
1.4061e+14	-1.8474e-17	2.1391e-16
1.4076e+14	6.9115e-17	2.1751e-16
1.4091e+14	6.9274e-17	2.2098e-16
1.4106e+14	-1.8022e-17	2.1781e-16
1.4121e+14	3.8584e-17	1.9761e-16
1.4136e+14	9.3042e-17	1.9586e-16
1.4151e+14	1.851e-18	2.2025e-16
1.4166e+14	9.0902e-19	2.2296e-16
1.4181e+14	9.2172e-17	2.0915e-16
1.4196e+14	3.9245e-17	2.1843e-16
1.4211e+14	-1.9184e-17	2.1869e-16
1.4226e+14	6.4399e-17	1.8736e-16
1.4241e+14	6.5211e-17	1.8438e-16
1.4256e+14	-1.865e-17	2.1559e-16
1.4271e+14	3.9394e-17	2.1238e-16
1.4286e+14	9.6022e-17	1.902e-16
1.4301e+14	5.894e-18	2.0658e-16
1.4316e+14	-1.7444e-18	2.228e-16
1.4331e+14	8.1508e-17	1.998e-16
1.4347e+14	2.9878e-17	1.8258e-16
1.4362e+14	-2.3183e-17	1.8229e-16
1.4377e+14	6.2334e-17	1.6846e-16
1.4392e+14	6.5422e-17	1.6958e-16
1.4407e+14	-1.7364e-17	1.9927e-16
1.4422e+14	3.3411e-17	1.9934e-16
1.4437e+14	8.299e-17	1.6907e-16
1.4452e+14	-1.2483e-18	1.6774e-16
1.4467e+14	1.5221e-18	1.8114e-16
1.4482e+14	8.6351e-17	1.7344e-16
1.4497e+14	3.2334e-17	1.7424e-16
1.4512e+14	-1.9816e-17	1.8495e-16
1.4527e+14	6.4938e-17	1.682e-16
1.4542e+14	6.3789e-17	1.5602e-16
1.4557e+14	-1.9582e-17	1.8197e-16
1.4572e+14	3.4926e-17	1.9095e-16
1.4587e+14	8.5761e-17	1.6275e-16
1.4602e+14	-4.5007e-19	1.5785e-16
1.4617e+14	1.5285e-18	1.7833e-16
1.4632e+14	8.6056e-17	1.7718e-16
1.4647e+14	2.9168e-17	1.7016e-16
1.4662e+14	-2.5245e-17	1.7767e-16
1.4677e+14	6.2095e-17	1.6943e-16
1.4692e+14	6.3799e-17	1.4939e-16
1.4707e+14	-2.2454e-17	1.5024e-16
1.4722e+14	2.8316e-17	1.5576e-16
1.4737e+14	8.0945e-17	1.5103e-16
1.4752e+14	-3.2299e-18	1.5947e-16
1.4767e+14	-3.9959e-18	1.7238e-16
1.4782e+14	7.9835e-17	1.663e-16
1.4797e+14	2.7824e-17	1.6281e-16
1.4812e+14	-2.4482e-17	1.6592e-16
1.4827e+14	5.8953e-17	1.4399e-16
1.4842e+14	5.8163e-17	1.2018e-16
1.4857e+14	-2.5811e-17	1.3684e-16
1.4872e+14	2.8376e-17	1.5905e-16
1.4887e+14	8.2531e-17	1.503e-16
1.4902e+14	-3.5145e-18	1.4732e-16
1.4917e+14	-7.1333e-18	1.6725e-16
1.4932e+14	7.8508e-17	1.7119e-16
1.4947e+14	2.9861e-17	1.5129e-16
1.4962e+14	-2.5339e-17	1.3653e-16
1.4977e+14	5.5349e-17	1.3644e-16
1.4992e+14	6.0864e-17	1.4721e-16
1.5008e+14	-1.9098e-17	1.5903e-16
1.5023e+14	2.6573e-17	1.5403e-16
1.5038e+14	7.4118e-17	1.4354e-16
1.5053e+14	-6.2943e-18	1.5255e-16
1.5068e+14	-5.9318e-18	1.5924e-16
1.5083e+14	7.5284e-17	1.3952e-16
1.5098e+14	2.6066e-17	1.278e-16
1.5113e+14	-2.4735e-17	1.4448e-16
1.5128e+14	5.3706e-17	1.5043e-16
1.5143e+14	5.2951e-17	1.3302e-16
1.5158e+14	-2.6099e-17	1.2982e-16
1.5173e+14	2.5852e-17	1.4766e-16
1.5188e+14	7.7019e-17	1.5534e-16
1.5203e+14	-3.7739e-18	1.4291e-16
1.5218e+14	-6.1583e-18	1.2689e-16
1.5233e+14	7.2407e-17	1.2421e-16
1.5248e+14	2.4328e-17	1.378e-16
1.5263e+14	-2.2846e-17	1.5031e-16
1.5278e+14	5.6718e-17	1.4784e-16
1.5293e+14	5.4741e-17	1.406e-16
1.5308e+14	-2.4745e-17	1.3534e-16
1.5323e+14	2.7222e-17	1.2694e-16
1.5338e+14	7.7913e-17	1.2609e-16
1.5353e+14	-3.1972e-18	1.3898e-16
1.5368e+14	-6.1651e-18	1.4352e-16
1.5383e+14	7.1087e-17	1.3363e-16
1.5398e+14	2.1745e-17	1.3058e-16
1.5413e+14	-2.6309e-17	1.3384e-16
1.5428e+14	5.3614e-17	1.3303e-16
1.5443e+14	5.3831e-17	1.4043e-16
1.5458e+14	-2.5231e-17	1.5047e-16
1.5473e+14	2.263e-17	1.3766e-16
1.5488e+14	6.9986e-17	1.2027e-16
1.5503e+14	-8.4042e-18	1.324e-16
1.5518e+14	-6.5408e-18	1.5318e-16
1.5533e+14	7.2448e-17	1.5059e-16
1.5548e+14	2.2948e-17	1.3684e-16
1.5563e+14	-2.5533e-17	1.2884e-16
1.5578e+14	5.2732e-17	1.2786e-16
1.5593e+14	5.1609e-17	1.3912e-16
1.5608e+14	-2.5396e-17	1.5245e-16
1.5623e+14	2.6483e-17	1.4751e-16
1.5638e+14	7.4788e-17	1.3631e-16
1.5653e+14	-7.3477e-18	1.3562e-16
1.5669e+14	-9.2862e-18	1.3116e-16
1.5684e+14	7.0194e-17	1.2185e-16
1.5699e+14	2.2733e-17	1.2431e-16
1.5714e+14	-2.6336e-17	1.2361e-16
1.5729e+14	5.0926e-17	1.0819e-16
1.5744e+14	5.0422e-17	1.0586e-16
1.5759e+14	-2.7906e-17	1.1892e-16
1.5774e+14	2.1486e-17	1.1818e-16
1.5789e+14	7.2408e-17	1.1401e-16
1.5804e+14	-4.6075e-18	1.2229e-16
1.5819e+14	-7.4577e-18	1.1728e-16
1.5834e+14	6.7602e-17	1.0386e-16
1.5849e+14	2.0167e-17	1.1827e-16
1.5864e+14	-2.6521e-17	1.3286e-16
1.5879e+14	5.0612e-17	1.0975e-16
1.5894e+14	4.9869e-17	9.3779e-17
1.5909e+14	-2.7661e-17	1.1526e-16
1.5924e+14	2.0019e-17	1.2653e-16
1.5939e+14	6.7681e-17	1.1633e-16
1.5954e+14	-9.5016e-18	1.2186e-16
1.5969e+14	-9.2577e-18	1.2792e-16
1.5984e+14	6.8815e-17	1.1321e-16
1.5999e+14	2.1767e-17	1.1314e-16
1.6014e+14	-2.7028e-17	1.2887e-16
1.6029e+14	4.9257e-17	1.1694e-16
1.6044e+14	5.0874e-17	9.763e-17
1.6059e+14	-2.5549e-17	1.1238e-16
1.6074e+14	1.9768e-17	1.2701e-16
1.6089e+14	6.6394e-17	1.112e-16
1.6104e+14	-9.6561e-18	1.0105e-16
1.6119e+14	-1.0868e-17	1.0955e-16
1.6134e+14	6.4651e-17	1.092e-16
1.6149e+14	1.8668e-17	1.0433e-16
1.6164e+14	-2.831e-17	1.081e-16
1.6179e+14	4.6931e-17	1.0579e-16
1.6194e+14	4.7783e-17	9.9805e-17
1.6209e+14	-2.7365e-17	1.0572e-16
1.6224e+14	1.9194e-17	1.1025e-16
1.6239e+14	6.7597e-17	1.0773e-16
1.6254e+14	-6.1029e-18	1.1641e-16
1.6269e+14	-7.7302e-18	1.2405e-16
1.6284e+14	6.5431e-17	1.0765e-16
1.6299e+14	1.9225e-17	9.0514e-17
1.6314e+14	-2.6892e-17	9.6188e-17
1.6329e+14	4.8183e-17	1.0537e-16
1.6345e+14	4.9768e-17	1.0673e-16
1.636e+14	-2.4665e-17	1.101e-16
1.6375e+14	1.9028e-17	1.0839e-16
1.639e+14	6.3804e-17	9.804e-17
1.6405e+14	-9.4083e-18	9.6739e-17
1.642e+14	-8.7396e-18	1.0253e-16
1.6435e+14	6.4574e-17	9.8248e-17
1.645e+14	1.7516e-17	9.2485e-17
1.6465e+14	-2.8819e-17	9.5995e-17
1.648e+14	4.5861e-17	9.7007e-17
1.6495e+14	4.6664e-17	9.4806e-17
1.651e+14	-2.7921e-17	9.9646e-17
1.6525e+14	1.6848e-17	9.954e-17
1.654e+14	6.2704e-17	8.482e-17
1.6555e+14	-1.1632e-17	7.6122e-17
1.657e+14	-1.2386e-17	8.6464e-17
1.6585e+14	6.3948e-17	9.8266e-17
1.66e+14	2.1446e-17	9.6881e-17
1.6615e+14	-2.6485e-17	8.8256e-17
1.663e+14	4.3304e-17	8.2531e-17
1.6645e+14	4.4442e-17	8.3921e-17
1.666e+14	-2.7129e-17	9.1292e-17
1.6675e+14	1.6956e-17	1.0007e-16
1.669e+14	6.1663e-17	1.0355e-16
1.6705e+14	-1.1491e-17	9.5911e-17
1.672e+14	-1.3301e-17	8.4708e-17
1.6735e+14	6.0079e-17	8.7565e-17
1.675e+14	1.8021e-17	9.9029e-17
1.6765e+14	-2.7849e-17	9.4994e-17
1.678e+14	4.186e-17	8.2158e-17
1.6795e+14	4.3124e-17	8.6026e-17
1.681e+14	-2.7508e-17	9.6452e-17
1.6825e+14	1.5705e-17	9.2765e-17
1.684e+14	5.9997e-17	8.8127e-17
1.6855e+14	-1.1158e-17	9.1482e-17
1.687e+14	-1.2788e-17	8.723e-17
1.6885e+14	5.8398e-17	7.8656e-17
1.69e+14	1.6672e-17	7.8358e-17
1.6915e+14	-2.717e-17	7.5413e-17
1.693e+14	4.239e-17	7.239e-17
1.6945e+14	4.3293e-17	8.87e-17
1.696e+14	-2.6413e-17	1.0256e-16
1.6975e+14	1.5967e-17	8.4921e-17
1.699e+14	5.833e-17	6.5975e-17
1.7006e+14	-1.2288e-17	7.4254e-17
1.7021e+14	-1.2254e-17	8.3448e-17
1.7036e+14	5.9099e-17	8.0764e-17
1.7051e+14	1.6706e-17	8.422e-17
1.7066e+14	-2.8422e-17	8.5487e-17
1.7081e+14	3.9585e-17	7.6761e-17
1.7096e+14	4.1136e-17	8.1347e-17
1.7111e+14	-2.6478e-17	9.3201e-17
1.7126e+14	1.6173e-17	8.426e-17
1.7141e+14	5.8431e-17	7.5919e-17
1.7156e+14	-1.0824e-17	9.0989e-17
1.7171e+14	-1.1672e-17	9.5721e-17
1.7186e+14	5.5795e-17	7.9115e-17
1.7201e+14	1.2471e-17	7.9215e-17
1.7216e+14	-2.9276e-17	9.2628e-17
1.7231e+14	4.0859e-17	8.6223e-17
1.7246e+14	4.1349e-17	7.4558e-17
1.7261e+14	-2.7462e-17	7.7452e-17
1.7276e+14	1.5145e-17	7.614e-17
1.7291e+14	5.7696e-17	6.9505e-17
1.7306e+14	-1.1174e-17	7.5892e-17
1.7321e+14	-1.114e-17	8.3264e-17
1.7336e+14	5.8073e-17	8.0453e-17
1.7351e+14	1.5823e-17	8.0724e-17
1.7366e+14	-2.7883e-17	7.9008e-17
1.7381e+14	3.9561e-17	6.9268e-17
1.7396e+14	4.0972e-17	7.6679e-17
1.7411e+14	-2.6061e-17	9.7355e-17
1.7426e+14	1.3989e-17	9.014e-17
1.7441e+14	5.3206e-17	6.4793e-17
1.7456e+14	-1.4151e-17	6.3704e-17
1.7471e+14	-1.1407e-17	7.3777e-17
1.7486e+14	5.6748e-17	6.7327e-17
1.7501e+14	1.3333e-17	6.3728e-17
1.7516e+14	-2.7738e-17	7.4185e-17
1.7531e+14	4.1984e-17	7.6913e-17
1.7546e+14	4.1135e-17	7.1041e-17
1.7561e+14	-2.8654e-17	7.063e-17
1.7576e+14	1.3766e-17	7.1273e-17
1.7591e+14	5.7457e-17	7.2438e-17
1.7606e+14	-1.0745e-17	7.8694e-17
1.7621e+14	-1.2826e-17	7.8466e-17
1.7636e+14	5.4722e-17	7.2441e-17
1.7651e+14	1.4583e-17	7.7166e-17
1.7666e+14	-2.6909e-17	8.1165e-17
1.7682e+14	3.9775e-17	6.9069e-17
1.7697e+14	3.9682e-17	6.2967e-17
1.7712e+14	-2.8439e-17	7.2908e-17
1.7727e+14	1.1753e-17	7.4248e-17
1.7742e+14	5.4424e-17	6.8026e-17
1.7757e+14	-1.0286e-17	7.4138e-17
1.7772e+14	-1.0941e-17	7.8279e-17
1.7787e+14	5.38e-17	6.8317e-17
1.7802e+14	1.257e-17	6.6037e-17
1.7817e+14	-2.7976e-17	7.396e-17
1.7832e+14	3.7737e-17	7.1685e-17
1.7847e+14	3.7221e-17	6.5985e-17
1.7862e+14	-2.827e-17	6.8518e-17
1.7877e+14	1.3139e-17	6.7185e-17
1.7892e+14	5.3807e-17	6.3801e-17
1.7907e+14	-1.1504e-17	7.1245e-17
1.7922e+14	-1.0429e-17	7.4929e-17
1.7937e+14	5.4548e-17	6.4838e-17
1.7952e+14	1.2175e-17	6.1579e-17
1.7967e+14	-2.7714e-17	6.8713e-17
1.7982e+14	3.9795e-17	6.7299e-17
1.7997e+14	3.9246e-17	6.1168e-17
1.8012e+14	-2.77e-17	6.2446e-17
1.8027e+14	1.3333e-17	6.3604e-17
1.8042e+14	5.4196e-17	6.1944e-17
1.8057e+14	-1.2443e-17	6.2963e-17
1.8072e+14	-1.2465e-17	6.0545e-17
1.8087e+14	5.4177e-17	5.6052e-17
1.8102e+14	1.2875e-17	6.1773e-17
1.8117e+14	-2.972e-17	7.0246e-17
1.8132e+14	3.6175e-17	6.9585e-17
1.8147e+14	3.8494e-17	6.8284e-17
1.8162e+14	-2.693e-17	6.7849e-17
1.8177e+14	1.1843e-17	6.1546e-17
1.8192e+14	5.2885e-17	6.2789e-17
1.8207e+14	-1.0976e-17	7.459e-17
1.8222e+14	-1.2242e-17	7.1876e-17
1.8237e+14	5.1126e-17	5.762e-17
1.8252e+14	1.0861e-17	5.9978e-17
1.8267e+14	-2.9437e-17	6.8399e-17
1.8282e+14	3.5728e-17	6.1978e-17
1.8297e+14	3.801e-17	5.9802e-17
1.8312e+14	-2.572e-17	6.9624e-17
1.8327e+14	1.1773e-17	6.6064e-17
1.8343e+14	4.9949e-17	5.3404e-17
1.8358e+14	-1.32e-17	5.5659e-17
1.8373e+14	-1.2118e-17	6.1093e-17
1.8388e+14	5.1635e-17	5.6585e-17
1.8403e+14	1.1912e-17	5.731e-17
1.8418e+14	-2.682e-17	6.1665e-17
1.8433e+14	3.752e-17	5.6495e-17
1.8448e+14	3.6647e-17	5.609e-17
1.8463e+14	-2.8279e-17	6.5342e-17
1.8478e+14	1.1186e-17	6.1514e-17
1.8493e+14	5.1024e-17	4.9603e-17
1.8508e+14	-1.3645e-17	5.3715e-17
1.8523e+14	-1.5163e-17	6.1886e-17
1.8538e+14	4.9155e-17	5.7087e-17
1.8553e+14	1.2132e-17	5.4133e-17
1.8568e+14	-2.6622e-17	5.841e-17
1.8583e+14	3.5968e-17	5.7524e-17
1.8598e+14	3.6477e-17	5.7494e-17
1.8613e+14	-2.5911e-17	6.3486e-17
1.8628e+14	1.2394e-17	6.1449e-17
1.8643e+14	5.004e-17	5.3957e-17
1.8658e+14	-1.3521e-17	5.5847e-17
1.8673e+14	-1.3348e-17	5.8935e-17
1.8688e+14	4.9912e-17	5.5316e-17
1.8703e+14	1.1108e-17	5.6028e-17
1.8718e+14	-2.7945e-17	5.9275e-17
1.8733e+14	3.5125e-17	5.5874e-17
1.8748e+14	3.5655e-17	5.5492e-17
1.8763e+14	-2.7734e-17	6.0299e-17
1.8778e+14	9.8677e-18	5.6604e-17
1.8793e+14	4.9148e-17	5.0576e-17
1.8808e+14	-1.2469e-17	5.4121e-17
1.8823e+14	-1.3359e-17	5.5532e-17
1.8838e+14	4.8483e-17	5.1031e-17
1.8853e+14	1.1212e-17	5.3492e-17
1.8868e+14	-2.7057e-17	5.5638e-17
1.8883e+14	3.3603e-17	4.8443e-17
1.8898e+14	3.3602e-17	4.865e-17
1.8913e+14	-2.6654e-17	5.7665e-17
1.8928e+14	1.1959e-17	5.5171e-17
1.8943e+14	4.8617e-17	4.9157e-17
1.8958e+14	-1.3821e-17	5.611e-17
1.8973e+14	-1.2269e-17	5.9202e-17
1.8988e+14	5.0897e-17	5.0103e-17
1.9004e+14	1.2205e-17	4.8984e-17
1.9019e+14	-2.7056e-17	5.3801e-17
1.9034e+14	3.4804e-17	4.8081e-17
1.9049e+14	3.5423e-17	4.3736e-17
1.9064e+14	-2.7057e-17	4.9043e-17
1.9079e+14	9.6559e-18	4.7291e-17
1.9094e+14	4.7942e-17	4.0878e-17
1.9109e+14	-1.2876e-17	4.5713e-17
1.9124e+14	-1.3285e-17	5.097e-17
1.9139e+14	4.8119e-17	4.6566e-17
1.9154e+14	1.0761e-17	4.5292e-17
1.9169e+14	-2.799e-17	4.6979e-17
1.9184e+14	3.2315e-17	4.2475e-17
1.9199e+14	3.3469e-17	4.2184e-17
1.9214e+14	-2.6809e-17	4.8155e-17
1.9229e+14	9.7323e-18	4.4871e-17
1.9244e+14	4.6754e-17	3.9238e-17
1.9259e+14	-1.3647e-17	4.5483e-17
1.9274e+14	-1.3775e-17	4.9122e-17
1.9289e+14	4.6784e-17	4.2344e-17
1.9304e+14	9.6985e-18	4.2579e-17
1.9319e+14	-2.7783e-17	4.8788e-17
1.9334e+14	3.2767e-17	4.6335e-17
1.9349e+14	3.3327e-17	4.3587e-17
1.9364e+14	-2.7316e-17	4.6996e-17
1.9379e+14	9.703e-18	4.4568e-17
1.9394e+14	4.8163e-17	3.9829e-17
1.9409e+14	-1.1918e-17	4.3319e-17
1.9424e+14	-1.3974e-17	4.4165e-17
1.9439e+14	4.5994e-17	3.8791e-17
1.9454e+14	1.0932e-17	4.1121e-17
1.9469e+14	-2.6827e-17	4.6043e-17
1.9484e+14	3.0666e-17	4.2941e-17
1.9499e+14	3.1436e-17	4.4392e-17
1.9514e+14	-2.6215e-17	5.2064e-17
1.9529e+14	1.0288e-17	4.8339e-17
1.9544e+14	4.6048e-17	4.049e-17
1.9559e+14	-1.344e-17	4.5088e-17
1.9574e+14	-1.3525e-17	4.8714e-17
1.9589e+14	4.582e-17	4.2303e-17
1.9604e+14	9.7088e-18	4.2162e-17
1.9619e+14	-2.696e-17	4.8022e-17
1.9634e+14	3.1921e-17	4.5357e-17
1.9649e+14	3.2495e-17	4.1105e-17
1.9664e+14	-2.6493e-17	4.2947e-17
1.968e+14	8.8769e-18	4.1695e-17
1.9695e+14	4.4965e-17	3.8617e-17
1.971e+14	-1.3335e-17	4.0629e-17
1.9725e+14	-1.3271e-17	4.0671e-17
1.974e+14	4.5558e-17	3.9833e-17
1.9755e+14	9.7794e-18	4.7054e-17
1.977e+14	-2.6594e-17	5.0373e-17
1.9785e+14	3.1558e-17	4.0716e-17
1.98e+14	3.1573e-17	3.5222e-17
1.9815e+14	-2.7178e-17	3.864e-17
1.983e+14	8.8165e-18	3.7155e-17
1.9845e+14	4.5947e-17	3.6537e-17
1.986e+14	-1.1969e-17	4.431e-17
1.9875e+14	-1.3272e-17	4.5063e-17
1.989e+14	4.4409e-17	3.7462e-17
1.9905e+14	9.1389e-18	3.8072e-17
1.992e+14	-2.7089e-17	4.1432e-17
1.9935e+14	3.0571e-17	3.8826e-17
1.995e+14	3.1535e-17	4.1738e-17
1.9965e+14	-2.6275e-17	4.5312e-17
1.998e+14	8.3715e-18	3.4814e-17
1.9995e+14	4.427e-17	2.8769e-17
2.001e+14	-1.2796e-17	4.089e-17
2.0025e+14	-1.3267e-17	4.553e-17
2.004e+14	4.461e-17	3.6879e-17
2.0055e+14	9.9698e-18	3.9914e-17
2.007e+14	-2.6527e-17	4.6638e-17
2.0085e+14	2.9793e-17	3.6692e-17
2.01e+14	3.0811e-17	2.9958e-17
2.0115e+14	-2.6289e-17	3.9416e-17
2.013e+14	7.6635e-18	4.1434e-17
2.0145e+14	4.3692e-17	3.3333e-17
2.016e+14	-1.1384e-17	3.4789e-17
2.0175e+14	-1.1665e-17	3.8992e-17
2.019e+14	4.4368e-17	3.586e-17
2.0205e+14	9.5566e-18	3.7109e-17
2.022e+14	-2.6216e-17	4.0562e-17
2.0235e+14	2.9223e-17	3.4925e-17
2.025e+14	2.9943e-17	3.2231e-17
2.0265e+14	-2.5622e-17	3.8227e-17
2.028e+14	8.6876e-18	3.6965e-17
2.0295e+14	4.3516e-17	3.1375e-17
2.031e+14	-1.186e-17	3.478e-17
2.0325e+14	-1.2058e-17	3.6399e-17
2.0341e+14	4.338e-17	3.0982e-17
2.0356e+14	8.8757e-18	3.3203e-17
2.0371e+14	-2.5598e-17	3.8287e-17
2.0386e+14	3.017e-17	3.3995e-17
2.0401e+14	3.0318e-17	3.4226e-17
2.0416e+14	-2.5707e-17	4.3511e-17
2.0431e+14	8.0266e-18	4.1996e-17
2.0446e+14	4.2491e-17	3.3261e-17
2.0461e+14	-1.2514e-17	3.5954e-17
2.0476e+14	-1.2433e-17	3.9884e-17
2.0491e+14	4.3006e-17	3.4235e-17
2.0506e+14	8.8276e-18	3.2968e-17
2.0521e+14	-2.5865e-17	3.6708e-17
2.0536e+14	2.8821e-17	3.2505e-17
2.0551e+14	2.8845e-17	2.9002e-17
2.0566e+14	-2.6161e-17	3.5061e-17
2.0581e+14	7.7892e-18	3.8197e-17
2.0596e+14	4.1658e-17	3.5048e-17
2.0611e+14	-1.3456e-17	3.4265e-17
2.0626e+14	-1.3153e-17	3.3131e-17
2.0641e+14	4.2643e-17	3.145e-17
2.0656e+14	9.1749e-18	3.5408e-17
2.0671e+14	-2.5293e-17	3.5673e-17
2.0686e+14	2.9003e-17	2.7276e-17
2.0701e+14	2.9224e-17	2.7346e-17
2.0716e+14	-2.5483e-17	3.6654e-17
2.0731e+14	7.723e-18	3.5941e-17
2.0746e+14	4.1072e-17	2.9687e-17
2.0761e+14	-1.342e-17	3.1879e-17
2.0776e+14	-1.2946e-17	3.3311e-17
2.0791e+14	4.2069e-17	3.0368e-17
2.0806e+14	8.1799e-18	3.3923e-17
2.0821e+14	-2.6259e-17	3.5687e-17
2.0836e+14	2.8125e-17	2.7457e-17
2.0851e+14	2.8923e-17	2.7411e-17
2.0866e+14	-2.5115e-17	3.8371e-17
2.0881e+14	8.3523e-18	3.8364e-17
2.0896e+14	4.2207e-17	3.0539e-17
2.0911e+14	-1.2032e-17	3.2356e-17
2.0926e+14	-1.2657e-17	3.5165e-17
2.0941e+14	4.1405e-17	3.1569e-17
2.0956e+14	8.0799e-18	3.2534e-17
2.0971e+14	-2.5962e-17	3.3792e-17
2.0986e+14	2.7991e-17	2.7384e-17
2.1002e+14	2.8918e-17	2.8e-17
2.1017e+14	-2.5237e-17	3.6854e-17
2.1032e+14	6.8308e-18	3.333e-17
2.1047e+14	4.0199e-17	2.3655e-17
2.1062e+14	-1.2771e-17	2.7759e-17
2.1077e+14	-1.2821e-17	3.4178e-17
2.1092e+14	4.0774e-17	3.009e-17
2.1107e+14	7.5169e-18	2.8395e-17
2.1122e+14	-2.6366e-17	3.1121e-17
2.1137e+14	2.7764e-17	2.7707e-17
2.1152e+14	2.9952e-17	2.6263e-17
2.1167e+14	-2.3585e-17	3.2559e-17
2.1182e+14	7.0164e-18	3.3081e-17
2.1197e+14	3.979e-17	2.7249e-17
2.1212e+14	-1.1826e-17	2.6668e-17
2.1227e+14	-1.201e-17	2.724e-17
2.1242e+14	4.0041e-17	2.5036e-17
2.1257e+14	7.2274e-18	2.7587e-17
2.1272e+14	-2.565e-17	3.0672e-17
2.1287e+14	2.7048e-17	2.6926e-17
2.1302e+14	2.7757e-17	2.5228e-17
2.1317e+14	-2.4654e-17	2.8171e-17
2.1332e+14	7.6232e-18	2.7257e-17
2.1347e+14	4.0661e-17	2.8094e-17
2.1362e+14	-1.1534e-17	3.5208e-17
2.1377e+14	-1.2482e-17	3.504e-17
2.1392e+14	3.9537e-17	2.7345e-17
2.1407e+14	7.9453e-18	2.75e-17
2.1422e+14	-2.4306e-17	3.1385e-17
2.1437e+14	2.7306e-17	2.9017e-17
2.1452e+14	2.7157e-17	2.8312e-17
2.1467e+14	-2.4995e-17	3.0134e-17
2.1482e+14	7.2922e-18	2.6241e-17
2.1497e+14	3.9954e-17	2.5592e-17
2.1512e+14	-1.2461e-17	3.2857e-17
2.1527e+14	-1.3822e-17	3.2123e-17
2.1542e+14	3.8196e-17	2.4324e-17
2.1557e+14	7.4913e-18	2.5417e-17
2.1572e+14	-2.461e-17	2.7927e-17
2.1587e+14	2.6315e-17	2.2904e-17
2.1602e+14	2.6751e-17	2.3486e-17
2.1617e+14	-2.4475e-17	2.8225e-17
2.1632e+14	6.7697e-18	2.2882e-17
2.1647e+14	3.8442e-17	1.9661e-17
2.1662e+14	-1.2656e-17	2.8352e-17
2.1678e+14	-1.2838e-17	2.8919e-17
2.1693e+14	3.8539e-17	2.0036e-17
2.1708e+14	7.4896e-18	2.4041e-17
2.1723e+14	-2.4154e-17	3.2785e-17
2.1738e+14	2.6341e-17	2.7398e-17
2.1753e+14	2.5868e-17	2.19e-17
2.1768e+14	-2.5481e-17	2.5951e-17
2.1783e+14	6.0611e-18	2.5055e-17
2.1798e+14	3.8137e-17	2.184e-17
2.1813e+14	-1.2358e-17	2.6959e-17
2.1828e+14	-1.2327e-17	2.8128e-17
2.1843e+14	3.8778e-17	2.2277e-17
2.1858e+14	7.4393e-18	2.5101e-17
2.1873e+14	-2.4594e-17	2.9912e-17
2.1888e+14	2.5947e-17	2.3652e-17
2.1903e+14	2.6621e-17	2.0837e-17
2.1918e+14	-2.4009e-17	2.7282e-17
2.1933e+14	6.6176e-18	2.6114e-17
2.1948e+14	3.7979e-17	2.137e-17
2.1963e+14	-1.2079e-17	2.6528e-17
2.1978e+14	-1.2113e-17	2.8717e-17
2.1993e+14	3.8488e-17	2.1518e-17
2.2008e+14	7.57e-18	2.1429e-17
2.2023e+14	-2.4204e-17	2.6334e-17
2.2038e+14	2.5511e-17	2.2907e-17
2.2053e+14	2.5943e-17	2.0956e-17
2.2068e+14	-2.3945e-17	2.5861e-17
2.2083e+14	6.8758e-18	2.4112e-17
2.2098e+14	3.8025e-17	2.0075e-17
2.2113e+14	-1.1873e-17	2.541e-17
2.2128e+14	-1.2026e-17	2.706e-17
2.2143e+14	3.8234e-17	1.9152e-17
2.2158e+14	7.5966e-18	1.9205e-17
2.2173e+14	-2.3734e-17	2.637e-17
2.2188e+14	2.6159e-17	2.5064e-17
2.2203e+14	2.6732e-17	2.1433e-17
2.2218e+14	-2.3811e-17	2.3351e-17
2.2233e+14	5.7645e-18	2.1995e-17
2.2248e+14	3.7219e-17	1.9282e-17
2.2263e+14	-1.1268e-17	2.3645e-17
2.2278e+14	-1.1579e-17	2.6283e-17
2.2293e+14	3.7714e-17	2.2376e-17
2.2308e+14	7.4032e-18	2.1423e-17
2.2323e+14	-2.3654e-17	2.193e-17
2.2339e+14	2.5579e-17	1.9365e-17
2.2354e+14	2.6493e-17	2.1666e-17
2.2369e+14	-2.3089e-17	2.5779e-17
2.2384e+14	6.0217e-18	2.1096e-17
2.2399e+14	3.6777e-17	1.8006e-17
2.2414e+14	-1.1423e-17	2.3859e-17
2.2429e+14	-1.2134e-17	2.3149e-17
2.2444e+14	3.6383e-17	1.6198e-17
2.2459e+14	6.9616e-18	1.9557e-17
2.2474e+14	-2.3214e-17	2.4674e-17
2.2489e+14	2.489e-17	1.992e-17
2.2504e+14	2.5168e-17	1.9998e-17
2.2519e+14	-2.2868e-17	2.6554e-17
2.2534e+14	7.3801e-18	2.1858e-17
2.2549e+14	3.74e-17	1.4594e-17
2.2564e+14	-1.1858e-17	2.0621e-17
2.2579e+14	-1.2909e-17	2.4716e-17
2.2594e+14	3.6022e-17	1.8537e-17
2.2609e+14	7.3513e-18	1.9139e-17
2.2624e+14	-2.2897e-17	2.4869e-17
2.2639e+14	2.4469e-17	2.1523e-17
2.2654e+14	2.4784e-17	1.8643e-17
2.2669e+14	-2.3097e-17	2.3288e-17
2.2684e+14	6.3176e-18	2.2639e-17
2.2699e+14	3.6248e-17	1.8572e-17
2.2714e+14	-1.1557e-17	2.2009e-17
2.2729e+14	-1.2023e-17	2.3832e-17
2.2744e+14	3.6103e-17	1.9005e-17
2.2759e+14	7.2765e-18	1.9518e-17
2.2774e+14	-2.2605e-17	2.3438e-17
2.2789e+14	2.4584e-17	2.152e-17
2.2804e+14	2.4956e-17	2.0518e-17
2.2819e+14	-2.2772e-17	2.1817e-17
2.2834e+14	5.876e-18	1.7595e-17
2.2849e+14	3.5559e-17	1.6424e-17
2.2864e+14	-1.1006e-17	2.3519e-17
2.2879e+14	-1.1084e-17	2.2999e-17
2.2894e+14	3.5822e-17	1.5433e-17
2.2909e+14	6.4954e-18	1.8146e-17
2.2924e+14	-2.3011e-17	2.2976e-17
2.2939e+14	2.3816e-17	1.6885e-17
2.2954e+14	2.3996e-17	1.42e-17
2.2969e+14	-2.2657e-17	2.0158e-17
2.2984e+14	6.7532e-18	1.9498e-17
2.2999e+14	3.5889e-17	1.6378e-17
2.3015e+14	-1.1275e-17	2.1e-17
2.303e+14	-1.1159e-17	2.0616e-17
2.3045e+14	3.6254e-17	1.3259e-17
2.306e+14	7.0474e-18	1.5794e-17
2.3075e+14	-2.284e-17	2.2139e-17
2.309e+14	2.4013e-17	1.8259e-17
2.3105e+14	2.4934e-17	1.5882e-17
2.312e+14	-2.1813e-17	2.0215e-17
2.3135e+14	6.3606e-18	1.7674e-17
2.315e+14	3.519e-17	1.4099e-17
2.3165e+14	-1.1358e-17	2.0722e-17
2.318e+14	-1.1789e-17	2.3352e-17
2.3195e+14	3.4794e-17	1.6824e-17
2.321e+14	6.5138e-18	1.7083e-17
2.3225e+14	-2.2203e-17	2.0271e-17
2.324e+14	2.4316e-17	1.5069e-17
2.3255e+14	2.4728e-17	1.4504e-17
2.327e+14	-2.199e-17	2.2158e-17
2.3285e+14	5.9231e-18	2.0655e-17
2.33e+14	3.48e-17	1.5082e-17
2.3315e+14	-1.1096e-17	1.9957e-17
2.333e+14	-1.1779e-17	2.1849e-17
2.3345e+14	3.3873e-17	1.3464e-17
2.336e+14	5.6818e-18	1.2687e-17
2.3375e+14	-2.2501e-17	1.8568e-17
2.339e+14	2.3947e-17	1.5286e-17
2.3405e+14	2.446e-17	1.1102e-17
2.342e+14	-2.2114e-17	1.5064e-17
2.3435e+14	5.1909e-18	1.5833e-17
2.345e+14	3.4021e-17	1.3446e-17
2.3465e+14	-1.0762e-17	1.7006e-17
2.348e+14	-1.1126e-17	1.8345e-17
2.3495e+14	3.3994e-17	1.4606e-17
2.351e+14	6.2719e-18	1.7364e-17
2.3525e+14	-2.1503e-17	2.0659e-17
2.354e+14	2.3656e-17	1.4575e-17
2.3555e+14	2.3321e-17	1.2825e-17
2.357e+14	-2.1892e-17	1.9614e-17
2.3585e+14	6.7649e-18	1.8034e-17
2.36e+14	3.5086e-17	1.193e-17
2.3615e+14	-1.0849e-17	1.5961e-17
2.363e+14	-1.1645e-17	1.8997e-17
2.3645e+14	3.3658e-17	1.2985e-17
2.366e+14	6.1244e-18	1.2631e-17
2.3676e+14	-2.171e-17	1.7591e-17
2.3691e+14	2.3644e-17	1.5033e-17
2.3706e+14	2.3849e-17	1.2864e-17
2.3721e+14	-2.1635e-17	1.7575e-17
2.3736e+14	5.8958e-18	1.7152e-17
2.3751e+14	3.3913e-17	1.3208e-17
2.3766e+14	-1.1462e-17	1.6591e-17
2.3781e+14	-1.2151e-17	1.8281e-17
2.3796e+14	3.3332e-17	1.2787e-17
2.3811e+14	6.5718e-18	1.3174e-17
2.3826e+14	-2.1284e-17	1.7998e-17
2.3841e+14	2.3383e-17	1.5137e-17
2.3856e+14	2.3836e-17	1.1852e-17
2.3871e+14	-2.1329e-17	1.5046e-17
2.3886e+14	5.6264e-18	1.5302e-17
2.3901e+14	3.398e-17	1.3051e-17
2.3916e+14	-1.0171e-17	1.5246e-17
2.3931e+14	-1.1308e-17	1.5011e-17
2.3946e+14	3.2989e-17	1.1743e-17
2.3961e+14	6.8511e-18	1.5454e-17
2.3976e+14	-2.0357e-17	1.8919e-17
2.3991e+14	2.3126e-17	1.3218e-17
2.4006e+14	2.3011e-17	1.12e-17
2.4021e+14	-2.1139e-17	1.627e-17
2.4036e+14	5.895e-18	1.4309e-17
2.4051e+14	3.3376e-17	1.0439e-17
2.4066e+14	-1.0468e-17	1.6284e-17
2.4081e+14	-1.0769e-17	1.9406e-17
2.4096e+14	3.3356e-17	1.3674e-17
2.4111e+14	6.604e-18	1.3867e-17
2.4126e+14	-2.0958e-17	1.8261e-17
2.4141e+14	2.2557e-17	1.4675e-17
2.4156e+14	2.3151e-17	1.1977e-17
2.4171e+14	-2.041e-17	1.6144e-17
2.4186e+14	6.2135e-18	1.5175e-17
2.4201e+14	3.3483e-17	1.132e-17
2.4216e+14	-9.7046e-18	1.4953e-17
2.4231e+14	-9.9736e-18	1.6467e-17
2.4246e+14	3.3375e-17	1.0818e-17
2.4261e+14	6.3557e-18	1.1297e-17
2.4276e+14	-2.1345e-17	1.6074e-17
2.4291e+14	2.1634e-17	1.329e-17
2.4306e+14	2.2448e-17	1.087e-17
2.4321e+14	-2.0296e-17	1.5156e-17
2.4337e+14	6.2141e-18	1.523e-17
2.4352e+14	3.2887e-17	1.1706e-17
2.4367e+14	-1.0356e-17	1.3802e-17
2.4382e+14	-1.0705e-17	1.4882e-17
2.4397e+14	3.2719e-17	1.1285e-17
2.4412e+14	6.7646e-18	1.2548e-17
2.4427e+14	-2.0152e-17	1.5429e-17
2.4442e+14	2.2152e-17	1.1733e-17
2.4457e+14	2.2219e-17	1.0009e-17
2.4472e+14	-2.0442e-17	1.344e-17
2.4487e+14	6.1553e-18	1.2351e-17
2.4502e+14	3.2856e-17	1.0847e-17
2.4517e+14	-1.0222e-17	1.5431e-17
2.4532e+14	-1.0872e-17	1.5403e-17
2.4547e+14	3.2174e-17	1.0141e-17
2.4562e+14	6.3996e-18	1.2728e-17
2.4577e+14	-2.062e-17	1.6539e-17
2.4592e+14	2.1478e-17	1.1113e-17
2.4607e+14	2.2615e-17	9.2592e-18
2.4622e+14	-1.9097e-17	1.5212e-17
2.4637e+14	6.3516e-18	1.3921e-17
2.4652e+14	3.2029e-17	9.1543e-18
2.4667e+14	-9.8736e-18	1.3535e-17
2.4682e+14	-9.7393e-18	1.6201e-17
2.4697e+14	3.2101e-17	1.0209e-17
2.4712e+14	5.8173e-18	9.5506e-18
2.4727e+14	-2.001e-17	1.4315e-17
2.4742e+14	2.2473e-17	1.2842e-17
2.4757e+14	2.2467e-17	1.0914e-17
2.4772e+14	-1.9852e-17	1.3379e-17
2.4787e+14	6.4596e-18	1.1507e-17
2.4802e+14	3.3087e-17	8.9561e-18
2.4817e+14	-9.2648e-18	1.344e-17
2.4832e+14	-1.0285e-17	1.4483e-17
2.4847e+14	3.174e-17	9.0221e-18
2.4862e+14	6.6337e-18	1.0071e-17
2.4877e+14	-1.9418e-17	1.405e-17
2.4892e+14	2.1974e-17	1.0514e-17
2.4907e+14	2.2508e-17	9.2458e-18
2.4922e+14	-1.8807e-17	1.4356e-17
2.4937e+14	6.4673e-18	1.291e-17
2.4952e+14	3.1715e-17	8.3935e-18
2.4967e+14	-1.0044e-17	1.2222e-17
2.4982e+14	-1.0172e-17	1.4568e-17
2.4997e+14	3.14e-17	9.5336e-18
2.5013e+14	5.8379e-18	9.7114e-18
2.5028e+14	-1.9814e-17	1.3663e-17
2.5043e+14	2.197e-17	1.0895e-17
2.5058e+14	2.25e-17	9.6202e-18
2.5073e+14	-1.8911e-17	1.4308e-17
2.5088e+14	6.5859e-18	1.275e-17
2.5103e+14	3.2499e-17	7.679e-18
2.5118e+14	-9.1944e-18	1.0673e-17
2.5133e+14	-1.0362e-17	1.3217e-17
2.5148e+14	3.0902e-17	9.0484e-18
2.5163e+14	6.422e-18	9.6394e-18
2.5178e+14	-1.9082e-17	1.3708e-17
2.5193e+14	2.1584e-17	1.0402e-17
2.5208e+14	2.2118e-17	7.3039e-18
2.5223e+14	-1.8512e-17	1.1135e-17
2.5238e+14	6.6239e-18	1.1897e-17
2.5253e+14	3.226e-17	9.473e-18
2.5268e+14	-8.4669e-18	1.1918e-17
2.5283e+14	-9.3524e-18	1.2536e-17
2.5298e+14	3.1064e-17	8.0253e-18
2.5313e+14	6.5446e-18	9.0519e-18
2.5328e+14	-1.8445e-17	1.34e-17
2.5343e+14	2.2048e-17	1.1287e-17
2.5358e+14	2.2572e-17	9.5633e-18
2.5373e+14	-1.7813e-17	1.2745e-17
2.5388e+14	6.4526e-18	1.1417e-17
2.5403e+14	3.1031e-17	7.7832e-18
2.5418e+14	-9.2463e-18	1.0407e-17
2.5433e+14	-9.4237e-18	1.1804e-17
2.5448e+14	3.0579e-17	7.8687e-18
2.5463e+14	5.6931e-18	8.3641e-18
2.5478e+14	-1.8839e-17	1.1381e-17
2.5493e+14	2.2041e-17	8.8711e-18
2.5508e+14	2.2457e-17	8.0472e-18
2.5523e+14	-1.8141e-17	1.2029e-17
2.5538e+14	6.3168e-18	1.1005e-17
2.5553e+14	3.1703e-17	7.7238e-18
2.5568e+14	-8.1755e-18	1.0446e-17
2.5583e+14	-9.1304e-18	1.1605e-17
2.5598e+14	3.0457e-17	8.0366e-18
2.5613e+14	6.2331e-18	9.5466e-18
2.5628e+14	-1.8739e-17	1.3117e-17
2.5643e+14	2.0488e-17	1.0297e-17
2.5658e+14	2.1048e-17	8.6115e-18
2.5674e+14	-1.7911e-17	1.148e-17
2.5689e+14	6.4604e-18	9.8533e-18
2.5704e+14	3.0689e-17	7.0536e-18
2.5719e+14	-8.7616e-18	1.0578e-17
2.5734e+14	-8.893e-18	1.2033e-17
2.5749e+14	3.0077e-17	8.4608e-18
2.5764e+14	5.5306e-18	9.6207e-18
2.5779e+14	-1.8177e-17	1.2285e-17
2.5794e+14	2.1974e-17	9.1111e-18
2.5809e+14	2.1855e-17	8.4162e-18
2.5824e+14	-1.8008e-17	1.2099e-17
2.5839e+14	6.3969e-18	9.8508e-18
2.5854e+14	3.0835e-17	6.2821e-18
2.5869e+14	-9.1342e-18	1.0031e-17
2.5884e+14	-9.6114e-18	1.1736e-17
2.5899e+14	3.0373e-17	7.7067e-18
2.5914e+14	6.7759e-18	8.4411e-18
2.5929e+14	-1.7983e-17	1.1096e-17
2.5944e+14	2.0773e-17	7.8778e-18
2.5959e+14	2.121e-17	7.0308e-18
2.5974e+14	-1.7791e-17	1.0842e-17
2.5989e+14	6.0176e-18	9.2632e-18
2.6004e+14	3.0206e-17	6.6582e-18
2.6019e+14	-8.8817e-18	1.0597e-17
2.6034e+14	-9.3159e-18	1.1107e-17
2.6049e+14	2.9992e-17	6.0752e-18
2.6064e+14	6.7076e-18	7.7062e-18
2.6079e+14	-1.7585e-17	1.1806e-17
2.6094e+14	2.0798e-17	8.4468e-18
2.6109e+14	2.1228e-17	6.7598e-18
2.6124e+14	-1.7427e-17	1.0653e-17
2.6139e+14	5.8926e-18	9.0933e-18
2.6154e+14	2.9754e-17	5.5428e-18
2.6169e+14	-8.6441e-18	9.1735e-18
2.6184e+14	-8.9353e-18	1.0809e-17
2.6199e+14	2.9768e-17	6.5802e-18
2.6214e+14	6.7979e-18	7.7378e-18
2.6229e+14	-1.6769e-17	1.1149e-17
2.6244e+14	2.1341e-17	7.5583e-18
2.6259e+14	2.1318e-17	6.0515e-18
2.6274e+14	-1.7278e-17	1.0681e-17
2.6289e+14	5.9005e-18	9.8686e-18
2.6304e+14	2.974e-17	6.2399e-18
2.6319e+14	-8.0777e-18	9.6263e-18
2.6335e+14	-8.3316e-18	1.1701e-17
2.635e+14	2.955e-17	7.7294e-18
2.6365e+14	6.1843e-18	8.3221e-18
2.638e+14	-1.7215e-17	1.1265e-17
2.6395e+14	2.0909e-17	7.5611e-18
2.641e+14	2.0887e-17	5.665e-18
2.6425e+14	-1.7754e-17	1.0114e-17
2.644e+14	5.2152e-18	9.7177e-18
2.6455e+14	2.9492e-17	5.9353e-18
2.647e+14	-7.4847e-18	8.4218e-18
2.6485e+14	-7.91e-18	1.0322e-17
2.65e+14	2.9459e-17	6.7755e-18
2.6515e+14	6.5804e-18	7.1616e-18
2.653e+14	-1.6745e-17	1.0148e-17
2.6545e+14	2.0232e-17	7.7329e-18
2.656e+14	2.0292e-17	6.5899e-18
2.6575e+14	-1.6537e-17	1.0069e-17
2.659e+14	6.8562e-18	8.862e-18
2.6605e+14	2.9612e-17	5.5268e-18
2.662e+14	-7.9353e-18	8.3471e-18
2.6635e+14	-7.504e-18	1.0073e-17
2.665e+14	2.9896e-17	6.7819e-18
2.6665e+14	6.0653e-18	7.4159e-18
2.668e+14	-1.7164e-17	9.8561e-18
2.6695e+14	2.1081e-17	6.9068e-18
2.671e+14	2.1231e-17	5.8144e-18
2.6725e+14	-1.7364e-17	9.2185e-18
2.674e+14	5.2225e-18	7.8583e-18
2.6755e+14	2.9553e-17	5.0328e-18
2.677e+14	-7.1658e-18	8.402e-18
2.6785e+14	-8.2772e-18	9.7013e-18
2.68e+14	2.8783e-17	5.6982e-18
2.6815e+14	7.0823e-18	6.4714e-18
2.683e+14	-1.5798e-17	9.52e-18
2.6845e+14	2.0124e-17	6.7576e-18
2.686e+14	1.9746e-17	5.5946e-18
2.6875e+14	-1.7139e-17	9.2237e-18
2.689e+14	5.4343e-18	8.1368e-18
2.6905e+14	2.8325e-17	5.0409e-18
2.692e+14	-7.983e-18	7.8024e-18
2.6935e+14	-7.6458e-18	8.9441e-18
2.695e+14	2.9155e-17	5.3203e-18
2.6965e+14	5.9312e-18	6.3139e-18
2.698e+14	-1.7651e-17	9.1882e-18
2.6995e+14	1.9211e-17	6.2668e-18
2.7011e+14	2.0587e-17	5.0542e-18
2.7026e+14	-1.5544e-17	8.614e-18
2.7041e+14	6.3655e-18	7.7242e-18
2.7056e+14	2.8889e-17	5.1555e-18
2.7071e+14	-7.2712e-18	8.1337e-18
2.7086e+14	-7.7821e-18	8.9487e-18
2.7101e+14	2.829e-17	5.1603e-18
2.7116e+14	6.4777e-18	6.5656e-18
2.7131e+14	-1.5625e-17	9.8995e-18
2.7146e+14	2.0161e-17	6.9051e-18
2.7161e+14	1.9844e-17	5.1517e-18
2.7176e+14	-1.6248e-17	8.1934e-18
2.7191e+14	6.1046e-18	7.1835e-18
2.7206e+14	2.8222e-17	4.7078e-18
2.7221e+14	-8.0497e-18	7.5754e-18
2.7236e+14	-7.8396e-18	8.2935e-18
2.7251e+14	2.8757e-17	4.9138e-18
2.7266e+14	6.6958e-18	6.8132e-18
2.7281e+14	-1.5903e-17	9.9969e-18
2.7296e+14	1.9842e-17	6.7101e-18
2.7311e+14	1.9798e-17	5.4022e-18
2.7326e+14	-1.6322e-17	9.0225e-18
2.7341e+14	6.2897e-18	7.6587e-18
2.7356e+14	2.967e-17	4.5035e-18
2.7371e+14	-6.0659e-18	7.5993e-18
2.7386e+14	-7.4646e-18	8.9576e-18
2.7401e+14	2.7759e-17	5.2409e-18
2.7416e+14	6.3753e-18	6.0335e-18
2.7431e+14	-1.5683e-17	8.8257e-18
2.7446e+14	1.9586e-17	6.2264e-18
2.7461e+14	2.0218e-17	5.4964e-18
2.7476e+14	-1.4837e-17	8.7815e-18
2.7491e+14	6.4245e-18	6.8734e-18
2.7506e+14	2.7692e-17	3.909e-18
2.7521e+14	-7.6452e-18	7.5584e-18
2.7536e+14	-7.4487e-18	8.8911e-18
2.7551e+14	2.8039e-17	4.8861e-18
2.7566e+14	6.3836e-18	6.0797e-18
2.7581e+14	-1.5369e-17	9.365e-18
2.7596e+14	2.0014e-17	6.0986e-18
2.7611e+14	2.0151e-17	4.4496e-18
2.7626e+14	-1.5466e-17	8.364e-18
2.7641e+14	5.6839e-18	7.6992e-18
2.7656e+14	2.763e-17	4.3488e-18
2.7672e+14	-6.8585e-18	6.5943e-18
2.7687e+14	-6.8045e-18	7.6315e-18
2.7702e+14	2.8028e-17	4.131e-18
2.7717e+14	6.3794e-18	5.3083e-18
2.7732e+14	-1.5279e-17	8.749e-18
2.7747e+14	1.9684e-17	6.448e-18
2.7762e+14	1.9928e-17	5.1287e-18
2.7777e+14	-1.4915e-17	8.1948e-18
2.7792e+14	6.3212e-18	7.2881e-18
2.7807e+14	2.7582e-17	4.8671e-18
2.7822e+14	-7.2943e-18	7.4965e-18
2.7837e+14	-7.1341e-18	7.8694e-18
2.7852e+14	2.7966e-17	4.0331e-18
2.7867e+14	6.4329e-18	5.4452e-18
2.7882e+14	-1.5604e-17	8.6415e-18
2.7897e+14	1.9063e-17	5.7121e-18
2.7912e+14	1.9852e-17	4.3056e-18
2.7927e+14	-1.4528e-17	7.5991e-18
2.7942e+14	6.2431e-18	6.4507e-18
2.7957e+14	2.7173e-17	3.699e-18
2.7972e+14	-7.5078e-18	6.8212e-18
2.7987e+14	-7.6191e-18	8.1896e-18
2.8002e+14	2.7311e-17	4.5451e-18
2.8017e+14	6.7931e-18	4.9967e-18
2.8032e+14	-1.4393e-17	7.3522e-18
2.8047e+14	1.9679e-17	4.8419e-18
2.8062e+14	1.9632e-17	4.4771e-18
2.8077e+14	-1.4882e-17	8.062e-18
2.8092e+14	6.1002e-18	6.41e-18
2.8107e+14	2.7809e-17	3.3341e-18
2.8122e+14	-5.7892e-18	6.461e-18
2.8137e+14	-6.1082e-18	7.653e-18
2.8152e+14	2.7276e-17	4.0324e-18
2.8167e+14	5.6919e-18	5.341e-18
2.8182e+14	-1.5449e-17	8.5001e-18
2.8197e+14	1.912e-17	5.5008e-18
2.8212e+14	1.9548e-17	4.1725e-18
2.8227e+14	-1.5052e-17	7.8958e-18
2.8242e+14	5.3803e-18	6.9443e-18
2.8257e+14	2.7224e-17	3.724e-18
2.8272e+14	-5.6635e-18	6.463e-18
2.8287e+14	-5.9303e-18	8.2164e-18
2.8302e+14	2.74e-17	5.223e-18
2.8317e+14	6.5231e-18	5.9957e-18
2.8332e+14	-1.4544e-17	8.3052e-18
2.8348e+14	1.8981e-17	5.2184e-18
2.8363e+14	1.94e-17	3.9416e-18
2.8378e+14	-1.387e-17	7.3504e-18
2.8393e+14	6.7237e-18	6.4386e-18
2.8408e+14	2.7068e-17	3.6444e-18
2.8423e+14	-6.7343e-18	6.1729e-18
2.8438e+14	-6.181e-18	7.0919e-18
2.8453e+14	2.8537e-17	3.7807e-18
2.8468e+14	7.8158e-18	5.0346e-18
2.8483e+14	-1.4617e-17	7.8515e-18
2.8498e+14	1.7982e-17	4.8829e-18
2.8513e+14	1.9124e-17	3.5654e-18
2.8528e+14	-1.3515e-17	6.9936e-18
2.8543e+14	6.6942e-18	6.1796e-18
2.8558e+14	2.7428e-17	3.4899e-18
2.8573e+14	-5.4631e-18	6.0275e-18
2.8588e+14	-6.0406e-18	6.8758e-18
2.8603e+14	2.6609e-17	3.5397e-18
2.8618e+14	6.3384e-18	4.8056e-18
2.8633e+14	-1.3936e-17	7.5657e-18
2.8648e+14	1.93e-17	4.5944e-18
2.8663e+14	1.961e-17	3.5598e-18
2.8678e+14	-1.3606e-17	7.3167e-18
2.8693e+14	6.2867e-18	6.2966e-18
2.8708e+14	2.6568e-17	3.0003e-18
2.8723e+14	-6.4931e-18	5.4172e-18
2.8738e+14	-6.6e-18	6.6965e-18
2.8753e+14	2.6964e-17	3.3302e-18
2.8768e+14	7.0615e-18	4.0454e-18
2.8783e+14	-1.4128e-17	6.9572e-18
2.8798e+14	1.8263e-17	4.8617e-18
2.8813e+14	1.915e-17	3.9542e-18
2.8828e+14	-1.3518e-17	6.991e-18
2.8843e+14	5.9054e-18	5.9367e-18
2.8858e+14	2.6509e-17	3.4676e-18
2.8873e+14	-5.3663e-18	6.1897e-18
2.8888e+14	-5.8826e-18	7.0485e-18
2.8903e+14	2.6283e-17	3.5557e-18
2.8918e+14	6.7686e-18	4.4762e-18
2.8933e+14	-1.3087e-17	7.2347e-18
2.8948e+14	1.9175e-17	4.8179e-18
2.8963e+14	1.922e-17	3.917e-18
2.8978e+14	-1.3458e-17	6.9659e-18
2.8993e+14	6.3487e-18	5.5777e-18
2.9009e+14	2.7097e-17	2.8512e-18
2.9024e+14	-4.9782e-18	5.7516e-18
2.9039e+14	-6.0476e-18	6.8708e-18
2.9054e+14	2.6014e-17	3.3752e-18
2.9069e+14	7.0505e-18	4.2625e-18
2.9084e+14	-1.3016e-17	7.2058e-18
2.9099e+14	1.8379e-17	4.9282e-18
2.9114e+14	1.8748e-17	3.8677e-18
2.9129e+14	-1.312e-17	6.7995e-18
2.9144e+14	5.9849e-18	5.6739e-18
2.9159e+14	2.5744e-17	3.1623e-18
2.9174e+14	-5.8573e-18	5.7546e-18
2.9189e+14	-6.3008e-18	6.5144e-18
2.9204e+14	2.5601e-17	3.2033e-18
2.9219e+14	6.8245e-18	4.3358e-18
2.9234e+14	-1.2871e-17	6.9415e-18
2.9249e+14	1.8125e-17	4.2884e-18
2.9264e+14	1.818e-17	3.5351e-18
2.9279e+14	-1.3243e-17	6.9104e-18
2.9294e+14	6.3573e-18	5.6171e-18
2.9309e+14	2.67e-17	2.8142e-18
2.9324e+14	-4.2042e-18	5.6275e-18
2.9339e+14	-5.0947e-18	6.647e-18
2.9354e+14	2.5477e-17	3.1717e-18
2.9369e+14	6.412e-18	4.1665e-18
2.9384e+14	-1.2811e-17	6.8227e-18
2.9399e+14	1.7855e-17	3.9054e-18
2.9414e+14	1.747e-17	2.7534e-18
2.9429e+14	-1.3512e-17	6.2784e-18
2.9444e+14	6.3157e-18	5.4019e-18
2.9459e+14	2.6103e-17	2.6541e-18
2.9474e+14	-4.9731e-18	5.5063e-18
2.9489e+14	-5.1846e-18	6.8783e-18
2.9504e+14	2.6142e-17	3.5153e-18
2.9519e+14	7.3125e-18	4.2832e-18
2.9534e+14	-1.2164e-17	7.0004e-18
2.9549e+14	1.8378e-17	4.2583e-18
2.9564e+14	1.833e-17	2.8021e-18
2.9579e+14	-1.2802e-17	5.996e-18
2.9594e+14	5.9492e-18	5.2956e-18
2.9609e+14	2.5214e-17	2.6744e-18
2.9624e+14	-5.1797e-18	5.263e-18
2.9639e+14	-4.9927e-18	6.504e-18
2.9654e+14	2.5947e-17	3.2319e-18
2.967e+14	7.0417e-18	3.9968e-18
2.9685e+14	-1.2128e-17	6.8236e-18
2.97e+14	1.8547e-17	4.3219e-18
2.9715e+14	1.8771e-17	2.7915e-18
2.973e+14	-1.1995e-17	5.8917e-18
2.9745e+14	6.7353e-18	5.5327e-18
2.976e+14	2.6032e-17	2.9349e-18
2.9775e+14	-4.2236e-18	4.8096e-18
2.979e+14	-4.7477e-18	5.7713e-18
2.9805e+14	2.5144e-17	3.07e-18
2.982e+14	6.3299e-18	4.0155e-18
2.9835e+14	-1.2318e-17	6.4647e-18
2.985e+14	1.7904e-17	4.1413e-18
2.9865e+14	1.7645e-17	3.037e-18
2.988e+14	-1.2437e-17	5.8176e-18
2.9895e+14	7.0746e-18	5.1732e-18
2.991e+14	2.6076e-17	3.2276e-18
2.9925e+14	-4.8107e-18	5.6177e-18
2.994e+14	-5.1723e-18	6.1301e-18
2.9955e+14	2.5417e-17	3.0239e-18
2.997e+14	6.7607e-18	4.1115e-18
2.9985e+14	-1.2292e-17	6.4172e-18
3e+14	1.8051e-17	3.7267e-18
