#Error on normalization	O = 1.205 %	H = 2.297 %
#Frequence (s-1)	S_O (s)	S_H (s)
0	-2.6332e-16	1.2774e-15
1.2014e+11	1.5951e-16	1.4385e-15
2.4029e+11	3.542e-16	1.5557e-15
3.6043e+11	-1.4401e-16	1.4542e-15
4.8058e+11	9.0431e-18	1.5348e-15
6.0072e+11	4.851e-16	1.668e-15
7.2087e+11	8.2026e-17	1.5147e-15
8.4101e+11	-1.2287e-16	1.4156e-15
9.6115e+11	5.1245e-16	1.5197e-15
1.0813e+12	4.4191e-16	1.4564e-15
1.2014e+12	-9.531e-17	1.3878e-15
1.3216e+12	4.4251e-16	1.6176e-15
1.4417e+12	8.425e-16	1.7519e-15
1.5619e+12	1.6368e-16	1.6564e-15
1.682e+12	3.9434e-16	1.7487e-15
1.8022e+12	1.3405e-15	1.8652e-15
1.9223e+12	7.7841e-16	1.6895e-15
2.0425e+12	3.2242e-16	1.6449e-15
2.1626e+12	1.6383e-15	1.8668e-15
2.2827e+12	1.9366e-15	1.8671e-15
2.4029e+12	1.1876e-15	1.7803e-15
2.523e+12	2.6993e-15	1.9861e-15
2.6432e+12	3.8153e-15	2.0853e-15
2.7633e+12	1.5156e-15	1.912e-15
2.8835e+12	1.5201e-15	2.0239e-15
3.0036e+12	5.7288e-15	2.3532e-15
3.1237e+12	6.6102e-15	2.3456e-15
3.2439e+12	5.6926e-15	2.2608e-15
3.364e+12	1.1739e-14	2.5585e-15
3.4842e+12	1.8213e-14	2.9386e-15
3.6043e+12	1.5076e-14	3.068e-15
3.7245e+12	1.2885e-14	3.0995e-15
3.8446e+12	2.1901e-14	3.2478e-15
3.9648e+12	3.0071e-14	3.5811e-15
4.0849e+12	2.8303e-14	3.8276e-15
4.205e+12	2.4743e-14	3.5464e-15
4.3252e+12	2.1094e-14	3.0349e-15
4.4453e+12	1.284e-14	2.9917e-15
4.5655e+12	8.7785e-15	3.1951e-15
4.6856e+12	1.4243e-14	3.1151e-15
4.8058e+12	1.5818e-14	3.0438e-15
4.9259e+12	9.6285e-15	3.153e-15
5.0461e+12	1.0837e-14	3.0818e-15
5.1662e+12	2.0924e-14	3.0622e-15
5.2863e+12	2.4581e-14	3.3874e-15
5.4065e+12	2.026e-14	3.5112e-15
5.5266e+12	1.9218e-14	3.4393e-15
5.6468e+12	2.3107e-14	3.9096e-15
5.7669e+12	2.5438e-14	4.4635e-15
5.8871e+12	2.3106e-14	4.2651e-15
6.0072e+12	1.8815e-14	4.032e-15
6.1274e+12	1.9607e-14	4.3224e-15
6.2475e+12	2.6302e-14	4.2975e-15
6.3676e+12	2.7935e-14	4.0004e-15
6.4878e+12	2.1643e-14	4.3819e-15
6.6079e+12	2.0253e-14	4.8764e-15
6.7281e+12	2.5809e-14	4.5897e-15
6.8482e+12	2.6989e-14	4.359e-15
6.9684e+12	2.7977e-14	4.8713e-15
7.0885e+12	3.9678e-14	5.4585e-15
7.2087e+12	5.0463e-14	5.8079e-15
7.3288e+12	4.5734e-14	5.9403e-15
7.4489e+12	3.5403e-14	5.4913e-15
7.5691e+12	3.3001e-14	5.0878e-15
7.6892e+12	3.7776e-14	5.7168e-15
7.8094e+12	4.7628e-14	6.374e-15
7.9295e+12	5.8077e-14	5.9396e-15
8.0497e+12	5.988e-14	5.699e-15
8.1698e+12	6.0565e-14	6.5876e-15
8.2899e+12	7.58e-14	7.3e-15
8.4101e+12	9.2412e-14	7.3281e-15
8.5302e+12	8.8157e-14	7.6789e-15
8.6504e+12	7.7533e-14	8.1675e-15
8.7705e+12	8.4061e-14	7.9513e-15
8.8907e+12	9.3303e-14	7.4469e-15
9.0108e+12	8.3313e-14	7.0448e-15
9.131e+12	6.6722e-14	6.4259e-15
9.2511e+12	6.4502e-14	6.0263e-15
9.3712e+12	7.2956e-14	6.3355e-15
9.4914e+12	7.8404e-14	6.5294e-15
9.6115e+12	7.6218e-14	6.0399e-15
9.7317e+12	6.8161e-14	5.5695e-15
9.8518e+12	5.7938e-14	5.4986e-15
9.972e+12	4.8506e-14	5.5036e-15
1.0092e+13	4.0796e-14	5.5793e-15
1.0212e+13	3.7684e-14	5.7436e-15
1.0332e+13	3.9855e-14	5.7185e-15
1.0453e+13	3.8724e-14	5.5613e-15
1.0573e+13	2.9993e-14	5.4579e-15
1.0693e+13	2.5331e-14	5.3072e-15
1.0813e+13	3.1546e-14	5.2191e-15
1.0933e+13	3.5852e-14	5.3717e-15
1.1053e+13	3.0632e-14	5.474e-15
1.1173e+13	2.9072e-14	5.411e-15
1.1294e+13	3.8557e-14	5.513e-15
1.1414e+13	4.4351e-14	5.6831e-15
1.1534e+13	3.6721e-14	5.5626e-15
1.1654e+13	2.9602e-14	5.3576e-15
1.1774e+13	3.4961e-14	5.4281e-15
1.1894e+13	4.2096e-14	5.7619e-15
1.2014e+13	4.122e-14	6.1615e-15
1.2135e+13	4.2548e-14	6.2766e-15
1.2255e+13	5.1028e-14	6.0807e-15
1.2375e+13	5.1976e-14	6.2988e-15
1.2495e+13	4.2921e-14	7.039e-15
1.2615e+13	4.2774e-14	7.1989e-15
1.2735e+13	5.281e-14	6.6655e-15
1.2855e+13	5.3562e-14	6.6735e-15
1.2976e+13	4.7322e-14	7.1473e-15
1.3096e+13	5.252e-14	6.9468e-15
1.3216e+13	6.1763e-14	6.4604e-15
1.3336e+13	5.7008e-14	6.6458e-15
1.3456e+13	4.717e-14	7.0184e-15
1.3576e+13	4.7316e-14	7.0533e-15
1.3696e+13	5.1267e-14	7.186e-15
1.3817e+13	5.2714e-14	7.4198e-15
1.3937e+13	5.5993e-14	7.4625e-15
1.4057e+13	5.7366e-14	7.6328e-15
1.4177e+13	5.2779e-14	7.8499e-15
1.4297e+13	5.3394e-14	7.5743e-15
1.4417e+13	6.3238e-14	7.2209e-15
1.4537e+13	6.6717e-14	7.3604e-15
1.4658e+13	5.7442e-14	7.468e-15
1.4778e+13	4.8548e-14	7.2036e-15
1.4898e+13	4.7817e-14	7.0423e-15
1.5018e+13	5.0103e-14	7.1216e-15
1.5138e+13	5.1054e-14	7.3759e-15
1.5258e+13	5.0978e-14	7.8423e-15
1.5378e+13	5.2232e-14	7.8799e-15
1.5499e+13	5.5732e-14	7.1939e-15
1.5619e+13	5.5445e-14	7.0022e-15
1.5739e+13	4.7258e-14	7.8131e-15
1.5859e+13	4.1391e-14	8.3193e-15
1.5979e+13	4.6635e-14	8.0878e-15
1.6099e+13	5.27e-14	8.0119e-15
1.6219e+13	4.9044e-14	8.0932e-15
1.634e+13	4.3585e-14	8.0963e-15
1.646e+13	4.607e-14	8.5424e-15
1.658e+13	5.2519e-14	8.9366e-15
1.67e+13	5.4903e-14	8.3595e-15
1.682e+13	5.0905e-14	7.9073e-15
1.694e+13	4.4082e-14	8.6358e-15
1.706e+13	4.1441e-14	9.1669e-15
1.7181e+13	4.5187e-14	8.6366e-15
1.7301e+13	4.9131e-14	8.3566e-15
1.7421e+13	4.9067e-14	8.7539e-15
1.7541e+13	4.7241e-14	8.744e-15
1.7661e+13	4.5542e-14	8.1925e-15
1.7781e+13	4.5779e-14	7.9121e-15
1.7901e+13	5.0012e-14	8.403e-15
1.8022e+13	5.3467e-14	9.5461e-15
1.8142e+13	5.1257e-14	1.0176e-14
1.8262e+13	4.9975e-14	9.4735e-15
1.8382e+13	5.46e-14	8.9765e-15
1.8502e+13	5.7189e-14	9.8266e-15
1.8622e+13	5.4699e-14	1.0172e-14
1.8742e+13	5.5608e-14	9.3117e-15
1.8863e+13	5.9952e-14	9.4975e-15
1.8983e+13	5.927e-14	1.0587e-14
1.9103e+13	5.5073e-14	1.0055e-14
1.9223e+13	5.3954e-14	8.9426e-15
1.9343e+13	5.5203e-14	9.7671e-15
1.9463e+13	5.7183e-14	1.1024e-14
1.9584e+13	5.9515e-14	1.0847e-14
1.9704e+13	5.8233e-14	1.0793e-14
1.9824e+13	5.4554e-14	1.1406e-14
1.9944e+13	5.5863e-14	1.1045e-14
2.0064e+13	5.8811e-14	1.0294e-14
2.0184e+13	5.3517e-14	1.0702e-14
2.0304e+13	4.4112e-14	1.1335e-14
2.0425e+13	4.1015e-14	1.1376e-14
2.0545e+13	4.2692e-14	1.1634e-14
2.0665e+13	4.3405e-14	1.1812e-14
2.0785e+13	4.2861e-14	1.1417e-14
2.0905e+13	4.0825e-14	1.1627e-14
2.1025e+13	3.8167e-14	1.24e-14
2.1145e+13	3.7924e-14	1.2144e-14
2.1266e+13	3.6555e-14	1.1596e-14
2.1386e+13	3.0403e-14	1.24e-14
2.1506e+13	2.7786e-14	1.3306e-14
2.1626e+13	3.3048e-14	1.2796e-14
2.1746e+13	3.4404e-14	1.1933e-14
2.1866e+13	2.7235e-14	1.18e-14
2.1986e+13	2.3442e-14	1.2358e-14
2.2107e+13	2.6223e-14	1.3658e-14
2.2227e+13	2.6132e-14	1.484e-14
2.2347e+13	2.2669e-14	1.4672e-14
2.2467e+13	2.1981e-14	1.4216e-14
2.2587e+13	2.271e-14	1.4772e-14
2.2707e+13	2.2378e-14	1.49e-14
2.2827e+13	2.2212e-14	1.3789e-14
2.2948e+13	2.0612e-14	1.3516e-14
2.3068e+13	1.7535e-14	1.491e-14
2.3188e+13	1.7531e-14	1.6194e-14
2.3308e+13	1.8713e-14	1.6575e-14
2.3428e+13	1.5708e-14	1.6661e-14
2.3548e+13	1.3306e-14	1.662e-14
2.3668e+13	1.6745e-14	1.6716e-14
2.3789e+13	1.9076e-14	1.7084e-14
2.3909e+13	1.5717e-14	1.6846e-14
2.4029e+13	1.3252e-14	1.6192e-14
2.4149e+13	1.4038e-14	1.6871e-14
2.4269e+13	1.3389e-14	1.856e-14
2.4389e+13	1.2157e-14	1.8792e-14
2.4509e+13	1.308e-14	1.7281e-14
2.463e+13	1.2924e-14	1.624e-14
2.475e+13	1.0752e-14	1.6903e-14
2.487e+13	1.0626e-14	1.8584e-14
2.499e+13	1.1875e-14	1.9884e-14
2.511e+13	1.09e-14	1.9722e-14
2.523e+13	9.6334e-15	1.8448e-14
2.535e+13	1.0865e-14	1.7486e-14
2.5471e+13	1.2334e-14	1.7596e-14
2.5591e+13	1.1833e-14	1.8615e-14
2.5711e+13	1.0483e-14	1.9833e-14
2.5831e+13	9.4611e-15	1.9942e-14
2.5951e+13	8.9311e-15	1.8897e-14
2.6071e+13	8.723e-15	1.8838e-14
2.6191e+13	8.3562e-15	2.0404e-14
2.6312e+13	8.0906e-15	2.126e-14
2.6432e+13	8.2544e-15	2.0713e-14
2.6552e+13	7.7416e-15	2.0805e-14
2.6672e+13	6.5299e-15	2.1651e-14
2.6792e+13	6.692e-15	2.1542e-14
2.6912e+13	8.1198e-15	2.1113e-14
2.7032e+13	8.3545e-15	2.1869e-14
2.7153e+13	7.2315e-15	2.2812e-14
2.7273e+13	6.3468e-15	2.2757e-14
2.7393e+13	6.0442e-15	2.2772e-14
2.7513e+13	6.404e-15	2.3628e-14
2.7633e+13	7.3051e-15	2.3989e-14
2.7753e+13	7.376e-15	2.2806e-14
2.7873e+13	6.679e-15	2.1529e-14
2.7994e+13	6.9524e-15	2.2473e-14
2.8114e+13	7.4435e-15	2.5043e-14
2.8234e+13	6.4344e-15	2.5901e-14
2.8354e+13	5.4702e-15	2.4422e-14
2.8474e+13	5.9581e-15	2.3923e-14
2.8594e+13	6.2183e-15	2.5146e-14
2.8714e+13	5.8528e-15	2.475e-14
2.8835e+13	6.2891e-15	2.2474e-14
2.8955e+13	6.6234e-15	2.1956e-14
2.9075e+13	5.7595e-15	2.3423e-14
2.9195e+13	5.3935e-15	2.3751e-14
2.9315e+13	6.0803e-15	2.2917e-14
2.9435e+13	6.0818e-15	2.309e-14
2.9555e+13	5.5539e-15	2.3861e-14
2.9676e+13	5.7105e-15	2.3753e-14
2.9796e+13	5.7784e-15	2.3214e-14
2.9916e+13	5.2372e-15	2.3243e-14
3.0036e+13	4.9433e-15	2.3714e-14
3.0156e+13	4.7084e-15	2.3774e-14
3.0276e+13	4.2069e-15	2.3015e-14
3.0396e+13	4.3546e-15	2.2677e-14
3.0517e+13	4.9193e-15	2.4023e-14
3.0637e+13	4.8027e-15	2.5304e-14
3.0757e+13	4.7585e-15	2.4447e-14
3.0877e+13	5.4629e-15	2.3412e-14
3.0997e+13	5.5767e-15	2.427e-14
3.1117e+13	4.6942e-15	2.4733e-14
3.1237e+13	4.0865e-15	2.3342e-14
3.1358e+13	4.0743e-15	2.2947e-14
3.1478e+13	4.3583e-15	2.4449e-14
3.1598e+13	4.9113e-15	2.4736e-14
3.1718e+13	4.9524e-15	2.3135e-14
3.1838e+13	4.2917e-15	2.2156e-14
3.1958e+13	4.2434e-15	2.2173e-14
3.2078e+13	4.5801e-15	2.1866e-14
3.2199e+13	3.8324e-15	2.1368e-14
3.2319e+13	3.0213e-15	2.0942e-14
3.2439e+13	3.5627e-15	2.0296e-14
3.2559e+13	4.0496e-15	2.0335e-14
3.2679e+13	3.753e-15	2.1619e-14
3.2799e+13	4.0433e-15	2.2482e-14
3.292e+13	4.4482e-15	2.1971e-14
3.304e+13	3.7735e-15	2.17e-14
3.316e+13	3.3901e-15	2.2607e-14
3.328e+13	3.9074e-15	2.3178e-14
3.34e+13	3.6293e-15	2.2236e-14
3.352e+13	2.9294e-15	2.0845e-14
3.364e+13	3.3916e-15	2.0527e-14
3.3761e+13	3.8037e-15	2.1023e-14
3.3881e+13	3.1907e-15	2.099e-14
3.4001e+13	3.1543e-15	2.0432e-14
3.4121e+13	3.7283e-15	2.049e-14
3.4241e+13	3.4695e-15	2.0955e-14
3.4361e+13	3.2411e-15	2.0839e-14
3.4481e+13	3.7709e-15	2.0891e-14
3.4602e+13	3.6027e-15	2.1959e-14
3.4722e+13	2.992e-15	2.2301e-14
3.4842e+13	3.4271e-15	2.0454e-14
3.4962e+13	3.6767e-15	1.8464e-14
3.5082e+13	2.757e-15	1.8665e-14
3.5202e+13	2.6058e-15	2.0029e-14
3.5322e+13	3.5214e-15	2.0451e-14
3.5443e+13	3.5182e-15	1.982e-14
3.5563e+13	2.9391e-15	1.9074e-14
3.5683e+13	3.0591e-15	1.8601e-14
3.5803e+13	3.0546e-15	1.8595e-14
3.5923e+13	2.787e-15	1.9188e-14
3.6043e+13	3.1985e-15	1.9767e-14
3.6163e+13	3.2693e-15	1.9638e-14
3.6284e+13	2.3745e-15	1.9414e-14
3.6404e+13	2.3581e-15	1.9936e-14
3.6524e+13	3.2375e-15	2.0248e-14
3.6644e+13	2.9819e-15	1.9412e-14
3.6764e+13	2.309e-15	1.9117e-14
3.6884e+13	2.786e-15	2.0607e-14
3.7004e+13	3.0365e-15	2.1504e-14
3.7125e+13	2.3154e-15	2.01e-14
3.7245e+13	2.297e-15	1.8575e-14
3.7365e+13	2.8719e-15	1.8208e-14
3.7485e+13	2.5977e-15	1.7604e-14
3.7605e+13	2.2473e-15	1.742e-14
3.7725e+13	2.6166e-15	1.918e-14
3.7845e+13	2.6268e-15	2.0618e-14
3.7966e+13	2.2696e-15	1.9789e-14
3.8086e+13	2.5487e-15	1.906e-14
3.8206e+13	2.8897e-15	1.948e-14
3.8326e+13	2.6438e-15	1.9104e-14
3.8446e+13	2.4269e-15	1.8751e-14
3.8566e+13	2.2706e-15	1.9883e-14
3.8686e+13	1.9871e-15	1.9824e-14
3.8807e+13	2.2454e-15	1.7986e-14
3.8927e+13	2.6902e-15	1.8711e-14
3.9047e+13	2.3e-15	2.1655e-14
3.9167e+13	1.915e-15	2.1243e-14
3.9287e+13	2.3634e-15	1.7978e-14
3.9407e+13	2.4721e-15	1.7268e-14
3.9527e+13	2.0219e-15	1.9083e-14
3.9648e+13	2.2518e-15	1.9951e-14
3.9768e+13	2.636e-15	1.9638e-14
3.9888e+13	2.198e-15	1.9112e-14
4.0008e+13	2.0559e-15	1.8743e-14
4.0128e+13	2.6229e-15	1.9518e-14
4.0248e+13	2.4662e-15	2.0362e-14
4.0368e+13	1.7737e-15	1.891e-14
4.0489e+13	1.89e-15	1.7166e-14
4.0609e+13	2.2017e-15	1.8162e-14
4.0729e+13	1.8463e-15	1.9532e-14
4.0849e+13	1.6481e-15	1.9075e-14
4.0969e+13	1.9292e-15	1.932e-14
4.1089e+13	2.0545e-15	2.0469e-14
4.1209e+13	2.1544e-15	1.9682e-14
4.133e+13	2.3123e-15	1.8662e-14
4.145e+13	2.0518e-15	2.0255e-14
4.157e+13	1.8404e-15	2.1647e-14
4.169e+13	2.2041e-15	2.0656e-14
4.181e+13	2.3084e-15	2.0106e-14
4.193e+13	1.8688e-15	2.0506e-14
4.205e+13	1.8015e-15	1.9374e-14
4.2171e+13	2.0094e-15	1.8096e-14
4.2291e+13	1.8136e-15	1.8997e-14
4.2411e+13	1.7068e-15	2e-14
4.2531e+13	2.0105e-15	1.9596e-14
4.2651e+13	2.0786e-15	1.9829e-14
4.2771e+13	1.9429e-15	2.1103e-14
4.2891e+13	2.0459e-15	2.1509e-14
4.3012e+13	2.0455e-15	2.0709e-14
4.3132e+13	1.8726e-15	1.9373e-14
4.3252e+13	1.9601e-15	1.7985e-14
4.3372e+13	1.9935e-15	1.7574e-14
4.3492e+13	1.7425e-15	1.7998e-14
4.3612e+13	1.8191e-15	1.777e-14
4.3732e+13	2.0936e-15	1.7375e-14
4.3853e+13	1.874e-15	1.8154e-14
4.3973e+13	1.6376e-15	1.9112e-14
4.4093e+13	1.8978e-15	1.9458e-14
4.4213e+13	2.0015e-15	2.0026e-14
4.4333e+13	1.8154e-15	1.9954e-14
4.4453e+13	1.9156e-15	1.8287e-14
4.4573e+13	1.9742e-15	1.7317e-14
4.4694e+13	1.6529e-15	1.803e-14
4.4814e+13	1.5673e-15	1.7752e-14
4.4934e+13	1.74e-15	1.6494e-14
4.5054e+13	1.6348e-15	1.7207e-14
4.5174e+13	1.6126e-15	1.8955e-14
4.5294e+13	1.8723e-15	1.8847e-14
4.5414e+13	1.767e-15	1.7813e-14
4.5535e+13	1.498e-15	1.7443e-14
4.5655e+13	1.6852e-15	1.6961e-14
4.5775e+13	1.7619e-15	1.6731e-14
4.5895e+13	1.4637e-15	1.7713e-14
4.6015e+13	1.6031e-15	1.8222e-14
4.6135e+13	1.9422e-15	1.7276e-14
4.6256e+13	1.6495e-15	1.6927e-14
4.6376e+13	1.3781e-15	1.7971e-14
4.6496e+13	1.6664e-15	1.9007e-14
4.6616e+13	1.6485e-15	1.9587e-14
4.6736e+13	1.2961e-15	1.9386e-14
4.6856e+13	1.451e-15	1.7623e-14
4.6976e+13	1.6681e-15	1.5707e-14
4.7097e+13	1.433e-15	1.5459e-14
4.7217e+13	1.5024e-15	1.5787e-14
4.7337e+13	1.8744e-15	1.5774e-14
4.7457e+13	1.703e-15	1.6614e-14
4.7577e+13	1.4256e-15	1.765e-14
4.7697e+13	1.6454e-15	1.6832e-14
4.7817e+13	1.6616e-15	1.5365e-14
4.7938e+13	1.3252e-15	1.5592e-14
4.8058e+13	1.3666e-15	1.6619e-14
4.8178e+13	1.5209e-15	1.6664e-14
4.8298e+13	1.3493e-15	1.5932e-14
4.8418e+13	1.3778e-15	1.5135e-14
4.8538e+13	1.5516e-15	1.4771e-14
4.8658e+13	1.3091e-15	1.5229e-14
4.8779e+13	1.1686e-15	1.5574e-14
4.8899e+13	1.4375e-15	1.4682e-14
4.9019e+13	1.3093e-15	1.3506e-14
4.9139e+13	9.3694e-16	1.3437e-14
4.9259e+13	1.1897e-15	1.4189e-14
4.9379e+13	1.4941e-15	1.4849e-14
4.9499e+13	1.2294e-15	1.4677e-14
4.962e+13	1.2194e-15	1.3564e-14
4.974e+13	1.592e-15	1.3141e-14
4.986e+13	1.4425e-15	1.4564e-14
4.998e+13	1.0664e-15	1.5741e-14
5.01e+13	1.1466e-15	1.4802e-14
5.022e+13	1.166e-15	1.3385e-14
5.034e+13	9.4952e-16	1.2934e-14
5.0461e+13	1.0855e-15	1.2611e-14
5.0581e+13	1.2743e-15	1.243e-14
5.0701e+13	1.0974e-15	1.2944e-14
5.0821e+13	1.1106e-15	1.3105e-14
5.0941e+13	1.3159e-15	1.2698e-14
5.1061e+13	1.1059e-15	1.2817e-14
5.1181e+13	8.9693e-16	1.252e-14
5.1302e+13	1.1175e-15	1.0942e-14
5.1422e+13	1.1487e-15	1.052e-14
5.1542e+13	9.6964e-16	1.2152e-14
5.1662e+13	1.1552e-15	1.2733e-14
5.1782e+13	1.264e-15	1.157e-14
5.1902e+13	9.8508e-16	1.1373e-14
5.2022e+13	1.0727e-15	1.193e-14
5.2143e+13	1.4286e-15	1.1197e-14
5.2263e+13	1.2371e-15	1.0318e-14
5.2383e+13	9.6273e-16	1.0692e-14
5.2503e+13	1.1563e-15	1.097e-14
5.2623e+13	1.1421e-15	1.0664e-14
5.2743e+13	8.8191e-16	1.0698e-14
5.2863e+13	1.0639e-15	1.0392e-14
5.2984e+13	1.1794e-15	9.437e-15
5.3104e+13	7.5893e-16	9.6485e-15
5.3224e+13	7.3753e-16	1.1081e-14
5.3344e+13	1.2647e-15	1.1401e-14
5.3464e+13	1.2814e-15	1.0317e-14
5.3584e+13	9.3315e-16	9.5676e-15
5.3704e+13	9.9994e-16	9.6177e-15
5.3825e+13	1.0749e-15	9.9259e-15
5.3945e+13	8.7603e-16	1.0123e-14
5.4065e+13	9.4382e-16	9.7147e-15
5.4185e+13	1.0856e-15	8.9829e-15
5.4305e+13	8.5556e-16	8.9365e-15
5.4425e+13	7.4964e-16	9.1211e-15
5.4545e+13	9.2296e-16	8.4147e-15
5.4666e+13	8.3169e-16	7.6363e-15
5.4786e+13	6.9686e-16	7.9446e-15
5.4906e+13	8.9134e-16	8.4887e-15
5.5026e+13	9.2055e-16	8.3573e-15
5.5146e+13	7.3387e-16	8.1506e-15
5.5266e+13	8.6859e-16	8.2312e-15
5.5386e+13	9.9287e-16	8.0739e-15
5.5507e+13	7.2993e-16	7.5605e-15
5.5627e+13	6.8189e-16	7.2143e-15
5.5747e+13	9.383e-16	7.4614e-15
5.5867e+13	8.7867e-16	7.9682e-15
5.5987e+13	7.4843e-16	7.7699e-15
5.6107e+13	9.3772e-16	6.9282e-15
5.6227e+13	9.1926e-16	6.8398e-15
5.6348e+13	6.3803e-16	7.5953e-15
5.6468e+13	7.0633e-16	7.7188e-15
5.6588e+13	8.8558e-16	7.3051e-15
5.6708e+13	7.6403e-16	7.586e-15
5.6828e+13	7.7671e-16	7.9381e-15
5.6948e+13	9.5246e-16	7.3827e-15
5.7068e+13	8.1453e-16	6.8507e-15
5.7189e+13	7.026e-16	6.8618e-15
5.7309e+13	9.1252e-16	6.5892e-15
5.7429e+13	8.6677e-16	6.3803e-15
5.7549e+13	6.1565e-16	6.9259e-15
5.7669e+13	7.8364e-16	7.1073e-15
5.7789e+13	9.6407e-16	6.4417e-15
5.7909e+13	7.0069e-16	6.3858e-15
5.803e+13	6.3149e-16	6.979e-15
5.815e+13	8.9672e-16	6.7463e-15
5.827e+13	8.4868e-16	6.1027e-15
5.839e+13	7.0264e-16	6.2674e-15
5.851e+13	8.8812e-16	6.6091e-15
5.863e+13	8.9471e-16	6.4633e-15
5.8751e+13	6.06e-16	6.4304e-15
5.8871e+13	6.287e-16	6.4526e-15
5.8991e+13	8.0162e-16	6.1052e-15
5.9111e+13	6.9753e-16	6.0817e-15
5.9231e+13	6.6768e-16	6.5433e-15
5.9351e+13	7.8295e-16	6.3751e-15
5.9471e+13	6.4306e-16	5.6392e-15
5.9592e+13	5.3644e-16	5.648e-15
5.9712e+13	7.4315e-16	6.4079e-15
5.9832e+13	7.7187e-16	6.7613e-15
5.9952e+13	6.1532e-16	6.3149e-15
6.0072e+13	7.5002e-16	5.6366e-15
6.0192e+13	8.4605e-16	5.4931e-15
6.0312e+13	6.0815e-16	6.0091e-15
6.0433e+13	6.0682e-16	6.2316e-15
6.0553e+13	8.7025e-16	5.6399e-15
6.0673e+13	8.037e-16	5.2735e-15
6.0793e+13	6.3797e-16	5.7048e-15
6.0913e+13	7.5605e-16	5.98e-15
6.1033e+13	7.6026e-16	5.886e-15
6.1153e+13	6.1979e-16	6.1969e-15
6.1274e+13	7.3422e-16	6.4159e-15
6.1394e+13	7.7773e-16	5.7526e-15
6.1514e+13	5.2134e-16	5.2714e-15
6.1634e+13	5.3007e-16	5.8781e-15
6.1754e+13	7.8592e-16	6.3872e-15
6.1874e+13	7.3075e-16	5.9172e-15
6.1994e+13	6.2861e-16	5.3946e-15
6.2115e+13	7.7322e-16	5.4455e-15
6.2235e+13	7.162e-16	5.5216e-15
6.2355e+13	5.4629e-16	5.3683e-15
6.2475e+13	7.3674e-16	5.2854e-15
6.2595e+13	8.4493e-16	5.2987e-15
6.2715e+13	5.6476e-16	5.2474e-15
6.2835e+13	5.4524e-16	5.1773e-15
6.2956e+13	7.9489e-16	5.2274e-15
6.3076e+13	6.8362e-16	5.3736e-15
6.3196e+13	5.2809e-16	5.3431e-15
6.3316e+13	7.3097e-16	5.0367e-15
6.3436e+13	7.4889e-16	4.9212e-15
6.3556e+13	5.2484e-16	5.2959e-15
6.3676e+13	6.2794e-16	5.6162e-15
6.3797e+13	7.5877e-16	5.4239e-15
6.3917e+13	5.2927e-16	5.1048e-15
6.4037e+13	4.9422e-16	5.0297e-15
6.4157e+13	7.4658e-16	5.0433e-15
6.4277e+13	6.847e-16	5.086e-15
6.4397e+13	5.2262e-16	5.2309e-15
6.4517e+13	6.8675e-16	5.2447e-15
6.4638e+13	7.4103e-16	4.956e-15
6.4758e+13	5.5878e-16	4.6901e-15
6.4878e+13	6.0857e-16	4.8132e-15
6.4998e+13	6.9306e-16	5.1114e-15
6.5118e+13	5.018e-16	5.0021e-15
6.5238e+13	4.6665e-16	4.5063e-15
6.5358e+13	6.4169e-16	4.4766e-15
6.5479e+13	5.7783e-16	5.1769e-15
6.5599e+13	5.1437e-16	5.6075e-15
6.5719e+13	7.1736e-16	5.2692e-15
6.5839e+13	7.1536e-16	5.0044e-15
6.5959e+13	5.1076e-16	5.1758e-15
6.6079e+13	6.1941e-16	5.1823e-15
6.6199e+13	7.7579e-16	5.0799e-15
6.632e+13	6.2424e-16	5.2574e-15
6.644e+13	5.849e-16	5.1834e-15
6.656e+13	7.0097e-16	4.6283e-15
6.668e+13	5.516e-16	4.4272e-15
6.68e+13	4.3411e-16	4.7047e-15
6.692e+13	6.3592e-16	4.7385e-15
6.704e+13	6.611e-16	4.6764e-15
6.7161e+13	4.7679e-16	4.9387e-15
6.7281e+13	5.7852e-16	5.0922e-15
6.7401e+13	7.1848e-16	5.0594e-15
6.7521e+13	5.8352e-16	5.3155e-15
6.7641e+13	5.9516e-16	5.4549e-15
6.7761e+13	7.3741e-16	5.0202e-15
6.7881e+13	5.5101e-16	4.7212e-15
6.8002e+13	3.792e-16	4.8711e-15
6.8122e+13	5.7802e-16	4.8424e-15
6.8242e+13	6.5189e-16	4.7973e-15
6.8362e+13	5.1942e-16	5.1509e-15
6.8482e+13	6.4337e-16	5.1748e-15
6.8602e+13	7.507e-16	4.6647e-15
6.8722e+13	5.1959e-16	4.6781e-15
6.8843e+13	4.5209e-16	5.1467e-15
6.8963e+13	6.3188e-16	4.9733e-15
6.9083e+13	5.3983e-16	4.4748e-15
6.9203e+13	3.8502e-16	4.4789e-15
6.9323e+13	5.5697e-16	4.5222e-15
6.9443e+13	6.5238e-16	4.3539e-15
6.9563e+13	5.027e-16	4.5922e-15
6.9684e+13	5.0968e-16	4.8929e-15
6.9804e+13	5.939e-16	4.5144e-15
6.9924e+13	5.3238e-16	4.1843e-15
7.0044e+13	5.7654e-16	4.6794e-15
7.0164e+13	6.6559e-16	5.1983e-15
7.0284e+13	5.1493e-16	4.9973e-15
7.0404e+13	4.5222e-16	4.6054e-15
7.0525e+13	6.4256e-16	4.615e-15
7.0645e+13	6.2772e-16	4.8868e-15
7.0765e+13	4.8688e-16	4.9274e-15
7.0885e+13	6.3142e-16	4.4643e-15
7.1005e+13	7.0398e-16	4.0138e-15
7.1125e+13	4.7636e-16	4.2726e-15
7.1245e+13	4.7661e-16	4.828e-15
7.1366e+13	6.7017e-16	4.9307e-15
7.1486e+13	5.5141e-16	4.8834e-15
7.1606e+13	4.2328e-16	4.9772e-15
7.1726e+13	5.9723e-16	4.7045e-15
7.1846e+13	6.0268e-16	4.2561e-15
7.1966e+13	4.1898e-16	4.4318e-15
7.2087e+13	5.1306e-16	4.8573e-15
7.2207e+13	6.2725e-16	4.7737e-15
7.2327e+13	4.7311e-16	4.5521e-15
7.2447e+13	4.6549e-16	4.5351e-15
7.2567e+13	5.9626e-16	4.4272e-15
7.2687e+13	4.7198e-16	4.5238e-15
7.2807e+13	4.1363e-16	5.077e-15
7.2928e+13	6.3907e-16	5.2351e-15
7.3048e+13	6.3524e-16	4.7295e-15
7.3168e+13	4.5712e-16	4.5226e-15
7.3288e+13	5.9705e-16	4.716e-15
7.3408e+13	6.9251e-16	4.6468e-15
7.3528e+13	4.4858e-16	4.6959e-15
7.3648e+13	4.5422e-16	5.2117e-15
7.3769e+13	7.2036e-16	5.3519e-15
7.3889e+13	6.1552e-16	4.924e-15
7.4009e+13	4.0387e-16	4.7791e-15
7.4129e+13	5.5722e-16	4.8632e-15
7.4249e+13	6.374e-16	4.6573e-15
7.4369e+13	4.7327e-16	4.5695e-15
7.4489e+13	5.2415e-16	4.736e-15
7.461e+13	6.4519e-16	4.5927e-15
7.473e+13	5.1662e-16	4.4782e-15
7.485e+13	4.8148e-16	4.9095e-15
7.497e+13	5.8529e-16	5.003e-15
7.509e+13	4.5967e-16	4.2929e-15
7.521e+13	3.7708e-16	4.0018e-15
7.533e+13	5.831e-16	4.5492e-15
7.5451e+13	5.8624e-16	4.7764e-15
7.5571e+13	3.7083e-16	4.4663e-15
7.5691e+13	4.6442e-16	4.4612e-15
7.5811e+13	6.206e-16	4.6412e-15
7.5931e+13	4.5261e-16	4.4953e-15
7.6051e+13	3.9467e-16	4.3996e-15
7.6171e+13	5.7515e-16	4.558e-15
7.6292e+13	5.1789e-16	4.4916e-15
7.6412e+13	3.654e-16	4.2491e-15
7.6532e+13	4.6918e-16	4.2689e-15
7.6652e+13	5.0861e-16	4.3655e-15
7.6772e+13	3.8912e-16	4.326e-15
7.6892e+13	4.6789e-16	4.4706e-15
7.7012e+13	5.5606e-16	4.7478e-15
7.7133e+13	4.1259e-16	4.6861e-15
7.7253e+13	4.2944e-16	4.4933e-15
7.7373e+13	6.2206e-16	4.7326e-15
7.7493e+13	5.3744e-16	5.1442e-15
7.7613e+13	3.9217e-16	5.1105e-15
7.7733e+13	5.2847e-16	4.7662e-15
7.7853e+13	5.7371e-16	4.6051e-15
7.7974e+13	4.19e-16	4.632e-15
7.8094e+13	4.6177e-16	4.6547e-15
7.8214e+13	5.5434e-16	4.7236e-15
7.8334e+13	4.2212e-16	4.8078e-15
7.8454e+13	4.0828e-16	4.7235e-15
7.8574e+13	5.8656e-16	4.5923e-15
7.8694e+13	5.6776e-16	4.6846e-15
7.8815e+13	4.7414e-16	4.8841e-15
7.8935e+13	5.5137e-16	4.9627e-15
7.9055e+13	5.2574e-16	4.9871e-15
7.9175e+13	3.9797e-16	4.9168e-15
7.9295e+13	4.8779e-16	4.5718e-15
7.9415e+13	5.67e-16	4.3133e-15
7.9535e+13	4.2735e-16	4.6394e-15
7.9656e+13	4.4037e-16	5.1114e-15
7.9776e+13	5.9017e-16	5.0053e-15
7.9896e+13	4.8646e-16	4.6199e-15
8.0016e+13	3.8276e-16	4.6065e-15
8.0136e+13	5.5743e-16	4.8105e-15
8.0256e+13	6.0293e-16	4.8835e-15
8.0376e+13	4.3717e-16	4.9396e-15
8.0497e+13	4.659e-16	4.9529e-15
8.0617e+13	5.4965e-16	4.7315e-15
8.0737e+13	4.2929e-16	4.5671e-15
8.0857e+13	4.1161e-16	4.7389e-15
8.0977e+13	5.398e-16	4.878e-15
8.1097e+13	4.7863e-16	4.7697e-15
8.1217e+13	4.0667e-16	4.8097e-15
8.1338e+13	5.54e-16	5.0178e-15
8.1458e+13	5.9858e-16	4.8684e-15
8.1578e+13	4.8569e-16	4.4754e-15
8.1698e+13	5.1963e-16	4.5852e-15
8.1818e+13	5.5602e-16	5.1731e-15
8.1938e+13	4.4929e-16	5.3436e-15
8.2058e+13	4.9664e-16	4.8353e-15
8.2179e+13	6.3983e-16	4.4828e-15
8.2299e+13	5.7132e-16	4.8472e-15
8.2419e+13	5.2529e-16	5.3625e-15
8.2539e+13	6.4546e-16	5.341e-15
8.2659e+13	5.7784e-16	4.9936e-15
8.2779e+13	4.2177e-16	4.8486e-15
8.2899e+13	5.4053e-16	4.9072e-15
8.302e+13	6.2479e-16	4.9474e-15
8.314e+13	4.3761e-16	4.9621e-15
8.326e+13	3.871e-16	4.9196e-15
8.338e+13	4.9498e-16	4.7489e-15
8.35e+13	4.204e-16	4.6338e-15
8.362e+13	3.9239e-16	4.7487e-15
8.374e+13	5.6929e-16	4.9515e-15
8.3861e+13	5.4512e-16	5.1171e-15
8.3981e+13	3.7875e-16	5.2517e-15
8.4101e+13	4.7231e-16	5.1845e-15
8.4221e+13	5.5911e-16	4.8623e-15
8.4341e+13	4.1679e-16	4.7186e-15
8.4461e+13	4.5772e-16	4.9801e-15
8.4581e+13	6.4231e-16	5.1572e-15
8.4702e+13	5.3513e-16	4.948e-15
8.4822e+13	4.0499e-16	4.8222e-15
8.4942e+13	5.5527e-16	5.06e-15
8.5062e+13	5.9287e-16	5.2146e-15
8.5182e+13	4.513e-16	5.074e-15
8.5302e+13	4.9985e-16	5.0626e-15
8.5423e+13	5.5622e-16	5.2771e-15
8.5543e+13	4.2333e-16	5.2848e-15
8.5663e+13	4.6317e-16	5.1216e-15
8.5783e+13	6.2093e-16	5.2407e-15
8.5903e+13	4.8605e-16	5.4526e-15
8.6023e+13	3.4707e-16	5.2672e-15
8.6143e+13	5.1713e-16	5.0135e-15
8.6264e+13	5.8355e-16	5.2023e-15
8.6384e+13	4.4721e-16	5.4319e-15
8.6504e+13	5.0239e-16	5.2899e-15
8.6624e+13	6.0318e-16	5.2303e-15
8.6744e+13	4.924e-16	5.4123e-15
8.6864e+13	4.7362e-16	5.2485e-15
8.6984e+13	5.8548e-16	4.8505e-15
8.7105e+13	5.1615e-16	4.9928e-15
8.7225e+13	4.5797e-16	5.4316e-15
8.7345e+13	5.873e-16	5.3154e-15
8.7465e+13	5.4783e-16	4.8765e-15
8.7585e+13	3.7643e-16	4.8161e-15
8.7705e+13	4.6171e-16	4.9192e-15
8.7825e+13	5.6308e-16	4.7529e-15
8.7946e+13	4.1067e-16	4.5366e-15
8.8066e+13	3.783e-16	4.4879e-15
8.8186e+13	5.3955e-16	4.499e-15
8.8306e+13	5.2844e-16	4.5821e-15
8.8426e+13	4.6809e-16	4.7077e-15
8.8546e+13	5.6196e-16	4.6892e-15
8.8666e+13	5.4265e-16	4.6805e-15
8.8787e+13	4.3656e-16	4.9413e-15
8.8907e+13	5.26e-16	5.1791e-15
8.9027e+13	5.6611e-16	5.0356e-15
8.9147e+13	3.9976e-16	4.7537e-15
8.9267e+13	4.1158e-16	4.6744e-15
8.9387e+13	5.6431e-16	4.7286e-15
8.9507e+13	4.8781e-16	4.7476e-15
8.9628e+13	4.2049e-16	4.7011e-15
8.9748e+13	5.6726e-16	4.6545e-15
8.9868e+13	5.4407e-16	4.7536e-15
8.9988e+13	3.767e-16	4.9984e-15
9.0108e+13	4.6713e-16	5.1426e-15
9.0228e+13	5.8412e-16	5.0585e-15
9.0348e+13	4.6107e-16	4.831e-15
9.0469e+13	4.4773e-16	4.5328e-15
9.0589e+13	5.7779e-16	4.3619e-15
9.0709e+13	5.0754e-16	4.5405e-15
9.0829e+13	4.2919e-16	4.769e-15
9.0949e+13	5.4144e-16	4.6396e-15
9.1069e+13	5.1447e-16	4.5168e-15
9.1189e+13	3.8808e-16	4.8772e-15
9.131e+13	5.0597e-16	5.2905e-15
9.143e+13	6.0516e-16	5.2178e-15
9.155e+13	4.691e-16	4.9578e-15
9.167e+13	4.754e-16	4.8746e-15
9.179e+13	5.9301e-16	4.7642e-15
9.191e+13	4.5715e-16	4.5585e-15
9.203e+13	3.6725e-16	4.5913e-15
9.2151e+13	5.6271e-16	4.9e-15
9.2271e+13	5.8078e-16	5.1005e-15
9.2391e+13	4.0383e-16	5.0138e-15
9.2511e+13	5.0455e-16	4.8623e-15
9.2631e+13	6.4646e-16	4.7993e-15
9.2751e+13	4.7085e-16	4.6625e-15
9.2871e+13	3.8193e-16	4.4269e-15
9.2992e+13	5.3386e-16	4.4262e-15
9.3112e+13	5.1101e-16	4.6537e-15
9.3232e+13	4.0702e-16	4.5988e-15
9.3352e+13	5.2288e-16	4.3024e-15
9.3472e+13	5.7732e-16	4.3381e-15
9.3592e+13	4.5351e-16	4.4879e-15
9.3712e+13	4.6887e-16	4.2121e-15
9.3833e+13	5.3135e-16	4.0857e-15
9.3953e+13	4.3528e-16	4.6133e-15
9.4073e+13	4.3814e-16	4.8307e-15
9.4193e+13	5.536e-16	4.2439e-15
9.4313e+13	4.7175e-16	3.9975e-15
9.4433e+13	3.7193e-16	4.4259e-15
9.4553e+13	4.8607e-16	4.3936e-15
9.4674e+13	5.1859e-16	3.8895e-15
9.4794e+13	4.1026e-16	3.9546e-15
9.4914e+13	4.4688e-16	4.3005e-15
9.5034e+13	4.8625e-16	4.1148e-15
9.5154e+13	3.679e-16	3.8963e-15
9.5274e+13	3.7653e-16	4.1448e-15
9.5394e+13	4.8093e-16	4.3097e-15
9.5515e+13	3.8116e-16	4.231e-15
9.5635e+13	3.1007e-16	4.3064e-15
9.5755e+13	4.6707e-16	4.3075e-15
9.5875e+13	4.9823e-16	4.0347e-15
9.5995e+13	3.7981e-16	4.0159e-15
9.6115e+13	4.4374e-16	4.3093e-15
9.6235e+13	5.1386e-16	4.2997e-15
9.6356e+13	4.0461e-16	3.9798e-15
9.6476e+13	4.3122e-16	3.8074e-15
9.6596e+13	5.629e-16	3.8475e-15
9.6716e+13	4.6915e-16	4.0475e-15
9.6836e+13	3.9132e-16	4.3029e-15
9.6956e+13	5.3547e-16	4.217e-15
9.7076e+13	5.1829e-16	3.8405e-15
9.7197e+13	3.406e-16	3.7419e-15
9.7317e+13	4.0431e-16	3.8544e-15
9.7437e+13	5.0954e-16	3.8143e-15
9.7557e+13	3.9156e-16	3.9837e-15
9.7677e+13	3.8822e-16	4.4128e-15
9.7797e+13	5.2554e-16	4.284e-15
9.7918e+13	4.3254e-16	3.7114e-15
9.8038e+13	3.2575e-16	3.7495e-15
9.8158e+13	4.7947e-16	4.1456e-15
9.8278e+13	5.0857e-16	3.8939e-15
9.8398e+13	3.3391e-16	3.4657e-15
9.8518e+13	3.9065e-16	3.7132e-15
9.8638e+13	5.4013e-16	3.9968e-15
9.8759e+13	4.1827e-16	3.6483e-15
9.8879e+13	3.1192e-16	3.3274e-15
9.8999e+13	4.1913e-16	3.5383e-15
9.9119e+13	4.2721e-16	3.8256e-15
9.9239e+13	3.3941e-16	3.8931e-15
9.9359e+13	3.7712e-16	3.8522e-15
9.9479e+13	3.892e-16	3.6717e-15
9.96e+13	3.33e-16	3.4318e-15
9.972e+13	4.0285e-16	3.4029e-15
9.984e+13	4.4001e-16	3.5133e-15
9.996e+13	3.1221e-16	3.4928e-15
1.0008e+14	3.1334e-16	3.374e-15
1.002e+14	4.2959e-16	3.3425e-15
1.0032e+14	3.4791e-16	3.4553e-15
1.0044e+14	2.6079e-16	3.6084e-15
1.0056e+14	3.9705e-16	3.5541e-15
1.0068e+14	4.4093e-16	3.2524e-15
1.008e+14	3.2108e-16	3.0853e-15
1.0092e+14	3.6205e-16	3.2198e-15
1.0104e+14	4.4738e-16	3.2853e-15
1.0116e+14	3.4464e-16	3.1138e-15
1.0128e+14	3.1155e-16	2.9721e-15
1.014e+14	4.3146e-16	2.9326e-15
1.0152e+14	4.1278e-16	2.9e-15
1.0164e+14	3.1707e-16	2.967e-15
1.0176e+14	3.4218e-16	3.0984e-15
1.0188e+14	3.3884e-16	3.125e-15
1.02e+14	3.018e-16	3.191e-15
1.0212e+14	3.9714e-16	3.3483e-15
1.0224e+14	4.3272e-16	3.2119e-15
1.0236e+14	3.0386e-16	2.8378e-15
1.0248e+14	3.1327e-16	2.8551e-15
1.026e+14	4.357e-16	3.2104e-15
1.0272e+14	3.8366e-16	3.2423e-15
1.0284e+14	3.3182e-16	3.0021e-15
1.0296e+14	4.3446e-16	2.963e-15
1.0308e+14	4.0514e-16	3.0126e-15
1.032e+14	2.826e-16	3.037e-15
1.0332e+14	3.7453e-16	3.3473e-15
1.0344e+14	4.6153e-16	3.697e-15
1.0356e+14	3.193e-16	3.4301e-15
1.0368e+14	2.6803e-16	2.8483e-15
1.038e+14	3.69e-16	2.7417e-15
1.0392e+14	3.1523e-16	2.9272e-15
1.0404e+14	2.3372e-16	2.8304e-15
1.0416e+14	3.2825e-16	2.6532e-15
1.0429e+14	3.5121e-16	2.6977e-15
1.0441e+14	2.6698e-16	2.6916e-15
1.0453e+14	3.3156e-16	2.5718e-15
1.0465e+14	3.9858e-16	2.6697e-15
1.0477e+14	2.9876e-16	2.8754e-15
1.0489e+14	2.8777e-16	2.8345e-15
1.0501e+14	3.7604e-16	2.7129e-15
1.0513e+14	3.0813e-16	2.7382e-15
1.0525e+14	2.4588e-16	2.6588e-15
1.0537e+14	3.4443e-16	2.4205e-15
1.0549e+14	3.323e-16	2.4302e-15
1.0561e+14	2.23e-16	2.6975e-15
1.0573e+14	2.971e-16	2.7691e-15
1.0585e+14	3.7022e-16	2.6261e-15
1.0597e+14	2.5447e-16	2.6073e-15
1.0609e+14	2.3765e-16	2.6608e-15
1.0621e+14	3.4381e-16	2.5829e-15
1.0633e+14	2.8418e-16	2.5262e-15
1.0645e+14	2.0723e-16	2.5869e-15
1.0657e+14	3.0699e-16	2.5434e-15
1.0669e+14	3.2613e-16	2.3765e-15
1.0681e+14	2.2465e-16	2.3058e-15
1.0693e+14	2.6139e-16	2.2783e-15
1.0705e+14	3.2174e-16	2.1567e-15
1.0717e+14	2.5088e-16	2.1238e-15
1.0729e+14	2.5675e-16	2.2743e-15
1.0741e+14	3.2776e-16	2.3315e-15
1.0753e+14	2.6488e-16	2.1873e-15
1.0765e+14	2.4156e-16	2.0816e-15
1.0777e+14	3.3961e-16	2.1042e-15
1.0789e+14	2.8284e-16	2.1589e-15
1.0801e+14	1.6445e-16	2.2565e-15
1.0813e+14	2.6053e-16	2.335e-15
1.0825e+14	3.1693e-16	2.2217e-15
1.0837e+14	1.7528e-16	2.0583e-15
1.0849e+14	1.862e-16	2.1279e-15
1.0861e+14	3.1937e-16	2.2522e-15
1.0873e+14	2.2859e-16	2.1092e-15
1.0885e+14	1.3139e-16	1.8987e-15
1.0897e+14	2.659e-16	1.947e-15
1.0909e+14	2.9742e-16	2.0889e-15
1.0921e+14	1.63e-16	2.0685e-15
1.0933e+14	2.0365e-16	2.0055e-15
1.0945e+14	3.0245e-16	2.0285e-15
1.0957e+14	2.2012e-16	2.0164e-15
1.0969e+14	1.89e-16	1.9268e-15
1.0981e+14	2.744e-16	1.8743e-15
1.0993e+14	2.3108e-16	1.8596e-15
1.1005e+14	1.7377e-16	1.8024e-15
1.1017e+14	2.572e-16	1.725e-15
1.1029e+14	2.4774e-16	1.6804e-15
1.1041e+14	1.4809e-16	1.672e-15
1.1053e+14	2.1056e-16	1.6984e-15
1.1065e+14	2.7383e-16	1.7215e-15
1.1077e+14	1.7069e-16	1.6903e-15
1.1089e+14	1.5824e-16	1.6673e-15
1.1101e+14	2.5299e-16	1.7224e-15
1.1113e+14	2.0823e-16	1.7509e-15
1.1125e+14	1.6662e-16	1.6655e-15
1.1137e+14	2.5962e-16	1.5937e-15
1.1149e+14	2.3329e-16	1.6325e-15
1.1161e+14	1.2308e-16	1.677e-15
1.1173e+14	1.9574e-16	1.6556e-15
1.1185e+14	2.6397e-16	1.6212e-15
1.1197e+14	1.6343e-16	1.5829e-15
1.1209e+14	1.6795e-16	1.5454e-15
1.1221e+14	2.5986e-16	1.5751e-15
1.1233e+14	1.6755e-16	1.62e-15
1.1245e+14	9.416e-17	1.5511e-15
1.1258e+14	2.2445e-16	1.4399e-15
1.127e+14	2.4967e-16	1.4265e-15
1.1282e+14	1.3455e-16	1.4373e-15
1.1294e+14	1.7075e-16	1.4002e-15
1.1306e+14	2.2434e-16	1.4308e-15
1.1318e+14	1.2545e-16	1.5332e-15
1.133e+14	1.3197e-16	1.5473e-15
1.1342e+14	2.4141e-16	1.4871e-15
1.1354e+14	1.7507e-16	1.4634e-15
1.1366e+14	1.0073e-16	1.4169e-15
1.1378e+14	2.044e-16	1.334e-15
1.139e+14	2.113e-16	1.363e-15
1.1402e+14	9.8347e-17	1.46e-15
1.1414e+14	1.5081e-16	1.4243e-15
1.1426e+14	2.2556e-16	1.3184e-15
1.1438e+14	1.2865e-16	1.3199e-15
1.145e+14	1.1135e-16	1.3574e-15
1.1462e+14	2.1217e-16	1.3353e-15
1.1474e+14	1.7063e-16	1.3387e-15
1.1486e+14	1.059e-16	1.3643e-15
1.1498e+14	1.8237e-16	1.3073e-15
1.151e+14	1.7544e-16	1.2392e-15
1.1522e+14	8.0044e-17	1.2768e-15
1.1534e+14	1.3737e-16	1.3466e-15
1.1546e+14	2.0216e-16	1.3461e-15
1.1558e+14	1.2101e-16	1.2751e-15
1.157e+14	1.2485e-16	1.1666e-15
1.1582e+14	2.032e-16	1.112e-15
1.1594e+14	1.2521e-16	1.17e-15
1.1606e+14	6.7679e-17	1.1969e-15
1.1618e+14	1.755e-16	1.108e-15
1.163e+14	1.7795e-16	1.0996e-15
1.1642e+14	8.0016e-17	1.2196e-15
1.1654e+14	1.4063e-16	1.1992e-15
1.1666e+14	1.9398e-16	1.0237e-15
1.1678e+14	8.6885e-17	9.9616e-16
1.169e+14	8.9463e-17	1.1148e-15
1.1702e+14	1.9602e-16	1.1353e-15
1.1714e+14	1.3609e-16	1.1174e-15
1.1726e+14	7.2422e-17	1.219e-15
1.1738e+14	1.6983e-16	1.2961e-15
1.175e+14	1.6515e-16	1.2265e-15
1.1762e+14	6.2623e-17	1.1565e-15
1.1774e+14	1.2964e-16	1.1556e-15
1.1786e+14	1.9224e-16	1.1139e-15
1.1798e+14	7.6091e-17	1.0214e-15
1.181e+14	6.1295e-17	9.6823e-16
1.1822e+14	1.6738e-16	9.7362e-16
1.1834e+14	1.1475e-16	1.006e-15
1.1846e+14	4.8971e-17	1.0171e-15
1.1858e+14	1.497e-16	9.6814e-16
1.187e+14	1.6031e-16	9.2215e-16
1.1882e+14	5.9954e-17	9.5167e-16
1.1894e+14	1.1534e-16	9.8746e-16
1.1906e+14	1.8428e-16	9.711e-16
1.1918e+14	9.1504e-17	9.8051e-16
1.193e+14	8.5575e-17	1.0295e-15
1.1942e+14	1.8346e-16	1.0216e-15
1.1954e+14	1.2328e-16	9.6994e-16
1.1966e+14	5.0271e-17	9.6282e-16
1.1978e+14	1.435e-16	9.6469e-16
1.199e+14	1.5648e-16	9.0404e-16
1.2002e+14	6.1487e-17	8.284e-16
1.2014e+14	1.1158e-16	8.2201e-16
1.2026e+14	1.7327e-16	8.8441e-16
1.2038e+14	7.9333e-17	9.2652e-16
1.205e+14	6.8188e-17	8.7239e-16
1.2062e+14	1.6072e-16	8.0338e-16
1.2074e+14	1.1104e-16	8.6185e-16
1.2087e+14	5.2269e-17	9.6984e-16
1.2099e+14	1.411e-16	9.395e-16
1.2111e+14	1.4195e-16	8.3596e-16
1.2123e+14	4.6503e-17	8.3927e-16
1.2135e+14	9.9138e-17	8.9074e-16
1.2147e+14	1.5592e-16	8.6366e-16
1.2159e+14	5.934e-17	8.1549e-16
1.2171e+14	5.0656e-17	7.9207e-16
1.2183e+14	1.3996e-16	7.3646e-16
1.2195e+14	8.554e-17	6.9231e-16
1.2207e+14	3.5235e-17	7.346e-16
1.2219e+14	1.39e-16	7.8858e-16
1.2231e+14	1.4153e-16	7.9365e-16
1.2243e+14	3.811e-17	8.0594e-16
1.2255e+14	9.3378e-17	8.18e-16
1.2267e+14	1.6152e-16	7.8331e-16
1.2279e+14	6.5781e-17	7.6252e-16
1.2291e+14	5.0334e-17	7.811e-16
1.2303e+14	1.4244e-16	7.583e-16
1.2315e+14	9.1732e-17	7.1812e-16
1.2327e+14	2.9113e-17	7.5381e-16
1.2339e+14	1.21e-16	7.9609e-16
1.2351e+14	1.3209e-16	7.476e-16
1.2363e+14	3.8285e-17	6.9663e-16
1.2375e+14	8.4298e-17	7.2652e-16
1.2387e+14	1.4212e-16	7.4867e-16
1.2399e+14	4.959e-17	7.0034e-16
1.2411e+14	3.8635e-17	6.615e-16
1.2423e+14	1.3418e-16	6.8785e-16
1.2435e+14	9.2456e-17	7.226e-16
1.2447e+14	2.9448e-17	7.1298e-16
1.2459e+14	1.0549e-16	6.9496e-16
1.2471e+14	1.134e-16	7.1371e-16
1.2483e+14	3.7653e-17	7.218e-16
1.2495e+14	9.1485e-17	6.6485e-16
1.2507e+14	1.3987e-16	6.1978e-16
1.2519e+14	4.9479e-17	6.6712e-16
1.2531e+14	5.2098e-17	7.1666e-16
1.2543e+14	1.4518e-16	6.7957e-16
1.2555e+14	9.0201e-17	6.3545e-16
1.2567e+14	2.8461e-17	6.3439e-16
1.2579e+14	1.1223e-16	6.1067e-16
1.2591e+14	1.109e-16	5.889e-16
1.2603e+14	1.6931e-17	6.3188e-16
1.2615e+14	6.7378e-17	6.4298e-16
1.2627e+14	1.2624e-16	5.6365e-16
1.2639e+14	4.003e-17	5.3284e-16
1.2651e+14	3.3788e-17	5.872e-16
1.2663e+14	1.1811e-16	5.839e-16
1.2675e+14	6.541e-17	5.3831e-16
1.2687e+14	1.189e-17	5.8091e-16
1.2699e+14	1.0146e-16	6.3664e-16
1.2711e+14	1.0482e-16	5.9039e-16
1.2723e+14	1.583e-17	5.5064e-16
1.2735e+14	6.507e-17	6.0175e-16
1.2747e+14	1.1657e-16	6.2407e-16
1.2759e+14	2.9936e-17	5.6514e-16
1.2771e+14	3.5998e-17	5.3289e-16
1.2783e+14	1.3201e-16	5.6226e-16
1.2795e+14	7.7368e-17	5.8994e-16
1.2807e+14	1.2857e-17	5.9868e-16
1.2819e+14	9.3383e-17	5.9482e-16
1.2831e+14	9.2662e-17	5.6826e-16
1.2843e+14	4.8192e-18	5.4473e-16
1.2855e+14	6.3046e-17	5.519e-16
1.2867e+14	1.2655e-16	5.6414e-16
1.2879e+14	4.2377e-17	5.6109e-16
1.2891e+14	3.8828e-17	5.5476e-16
1.2903e+14	1.2447e-16	5.4158e-16
1.2915e+14	6.6733e-17	5.1864e-16
1.2928e+14	5.4856e-18	5.1038e-16
1.294e+14	9.3245e-17	5.1882e-16
1.2952e+14	9.825e-17	5.1266e-16
1.2964e+14	7.2604e-18	4.8681e-16
1.2976e+14	5.6275e-17	4.7021e-16
1.2988e+14	1.133e-16	4.7708e-16
1.3e+14	2.599e-17	4.8885e-16
1.3012e+14	2.2345e-17	4.8209e-16
1.3024e+14	1.1519e-16	4.6073e-16
1.3036e+14	6.5247e-17	4.4432e-16
1.3048e+14	2.1383e-18	4.3576e-16
1.306e+14	8.8973e-17	4.3929e-16
1.3072e+14	1.0399e-16	4.6863e-16
1.3084e+14	1.5867e-17	4.8779e-16
1.3096e+14	5.2122e-17	4.4043e-16
1.3108e+14	1.0667e-16	3.7404e-16
1.312e+14	3.3608e-17	3.8514e-16
1.3132e+14	3.0441e-17	4.5041e-16
1.3144e+14	1.0811e-16	4.8641e-16
1.3156e+14	5.9447e-17	4.9564e-16
1.3168e+14	8.8754e-18	4.9509e-16
1.318e+14	8.6882e-17	4.5462e-16
1.3192e+14	8.367e-17	4.0544e-16
1.3204e+14	3.7867e-19	4.13e-16
1.3216e+14	5.029e-17	4.4092e-16
1.3228e+14	1.0027e-16	4.3617e-16
1.324e+14	2.0597e-17	4.3912e-16
1.3252e+14	2.7732e-17	4.6067e-16
1.3264e+14	1.1317e-16	4.4403e-16
1.3276e+14	5.6458e-17	4.1206e-16
1.3288e+14	2.2837e-18	4.2751e-16
1.33e+14	8.9738e-17	4.4913e-16
1.3312e+14	9.047e-17	4.2974e-16
1.3324e+14	1.8638e-18	4.2158e-16
1.3336e+14	5.2415e-17	4.4424e-16
1.3348e+14	1.0577e-16	4.3382e-16
1.336e+14	1.7643e-17	3.8286e-16
1.3372e+14	1.3763e-17	3.5363e-16
1.3384e+14	1.0333e-16	3.6669e-16
1.3396e+14	5.7407e-17	3.9549e-16
1.3408e+14	3.5312e-18	4.1295e-16
1.342e+14	8.5813e-17	4.0485e-16
1.3432e+14	8.662e-17	3.9132e-16
1.3444e+14	-2.0648e-18	3.9669e-16
1.3456e+14	4.3618e-17	3.9141e-16
1.3468e+14	9.5668e-17	3.5614e-16
1.348e+14	1.3318e-17	3.4456e-16
1.3492e+14	1.4705e-17	3.8063e-16
1.3504e+14	1.0467e-16	4.0606e-16
1.3516e+14	5.5471e-17	3.9399e-16
1.3528e+14	-4.0303e-18	3.7592e-16
1.354e+14	7.4664e-17	3.593e-16
1.3552e+14	7.8381e-17	3.456e-16
1.3564e+14	-3.9704e-18	3.5912e-16
1.3576e+14	4.6708e-17	3.8006e-16
1.3588e+14	1.0134e-16	3.6357e-16
1.36e+14	1.6176e-17	3.3204e-16
1.3612e+14	8.8999e-18	3.2735e-16
1.3624e+14	9.3904e-17	3.329e-16
1.3636e+14	4.9116e-17	3.3086e-16
1.3648e+14	-5.2217e-18	3.3383e-16
1.366e+14	7.3123e-17	3.3257e-16
1.3672e+14	7.5672e-17	3.1935e-16
1.3684e+14	-7.0892e-18	3.2163e-16
1.3696e+14	4.0618e-17	3.3716e-16
1.3708e+14	9.2686e-17	3.3109e-16
1.372e+14	1.0534e-17	3.1927e-16
1.3732e+14	1.0183e-17	3.3685e-16
1.3744e+14	1.0043e-16	3.5859e-16
1.3757e+14	5.4231e-17	3.533e-16
1.3769e+14	-7.4873e-18	3.4152e-16
1.3781e+14	6.7069e-17	3.3853e-16
1.3793e+14	7.3905e-17	3.3249e-16
1.3805e+14	-6.538e-18	3.2758e-16
1.3817e+14	3.7797e-17	3.2878e-16
1.3829e+14	9.1982e-17	3.2041e-16
1.3841e+14	1.6257e-17	3.0727e-16
1.3853e+14	1.1396e-17	3.131e-16
1.3865e+14	9.0291e-17	3.2875e-16
1.3877e+14	4.4002e-17	3.2842e-16
1.3889e+14	-8.8023e-18	3.1718e-16
1.3901e+14	7.0795e-17	3.122e-16
1.3913e+14	8.0336e-17	3.1217e-16
1.3925e+14	1.7611e-18	3.1194e-16
1.3937e+14	4.035e-17	3.1386e-16
1.3949e+14	8.7293e-17	3.1612e-16
1.3961e+14	1.3849e-17	3.1094e-16
1.3973e+14	1.1405e-17	2.9634e-16
1.3985e+14	8.3276e-17	2.8439e-16
1.3997e+14	3.392e-17	2.8943e-16
1.4009e+14	-1.121e-17	3.0425e-16
1.4021e+14	6.9975e-17	3.0919e-16
1.4033e+14	7.0473e-17	3.0625e-16
1.4045e+14	-9.7862e-18	3.0971e-16
1.4057e+14	3.7448e-17	3.1327e-16
1.4069e+14	8.7033e-17	3.0532e-16
1.4081e+14	9.2714e-18	2.9384e-16
1.4093e+14	9.3036e-18	2.8734e-16
1.4105e+14	8.9272e-17	2.8426e-16
1.4117e+14	4.1012e-17	2.8849e-16
1.4129e+14	-1.0298e-17	2.9801e-16
1.4141e+14	6.6535e-17	2.9405e-16
1.4153e+14	6.6923e-17	2.7283e-16
1.4165e+14	-1.2051e-17	2.5641e-16
1.4177e+14	3.6563e-17	2.5632e-16
1.4189e+14	8.6101e-17	2.6444e-16
1.4201e+14	6.0863e-18	2.7652e-16
1.4213e+14	4.8785e-18	2.8864e-16
1.4225e+14	8.6378e-17	2.8724e-16
1.4237e+14	3.9336e-17	2.7067e-16
1.4249e+14	-1.1803e-17	2.5802e-16
1.4261e+14	6.6265e-17	2.5956e-16
1.4273e+14	6.6583e-17	2.6197e-16
1.4285e+14	-1.5256e-17	2.5554e-16
1.4297e+14	3.3556e-17	2.5256e-16
1.4309e+14	8.6935e-17	2.6236e-16
1.4321e+14	5.6405e-18	2.7161e-16
1.4333e+14	-5.929e-19	2.7105e-16
1.4345e+14	8.2818e-17	2.7132e-16
1.4357e+14	4.0264e-17	2.7125e-16
1.4369e+14	-1.473e-17	2.5732e-16
1.4381e+14	6.0058e-17	2.4635e-16
1.4393e+14	6.8411e-17	2.6296e-16
1.4405e+14	-7.3045e-18	2.82e-16
1.4417e+14	3.5088e-17	2.7059e-16
1.4429e+14	8.3989e-17	2.5227e-16
1.4441e+14	8.7151e-18	2.5642e-16
1.4453e+14	5.4871e-18	2.6698e-16
1.4465e+14	8.3776e-17	2.7012e-16
1.4477e+14	3.9012e-17	2.7158e-16
1.4489e+14	-1.3469e-17	2.5956e-16
1.4501e+14	6.12e-17	2.3362e-16
1.4513e+14	6.7065e-17	2.2949e-16
1.4525e+14	-1.0593e-17	2.4893e-16
1.4537e+14	2.9892e-17	2.4589e-16
1.4549e+14	7.8907e-17	2.1669e-16
1.4561e+14	5.7191e-18	2.0473e-16
1.4573e+14	9.6765e-19	2.183e-16
1.4586e+14	7.5693e-17	2.3201e-16
1.4598e+14	3.2974e-17	2.3675e-16
1.461e+14	-1.4781e-17	2.3425e-16
1.4622e+14	5.9574e-17	2.2823e-16
1.4634e+14	6.328e-17	2.2939e-16
1.4646e+14	-1.3343e-17	2.336e-16
1.4658e+14	2.7961e-17	2.273e-16
1.467e+14	7.6355e-17	2.2075e-16
1.4682e+14	5.0241e-18	2.2476e-16
1.4694e+14	3.2154e-18	2.2496e-16
1.4706e+14	7.8076e-17	2.2056e-16
1.4718e+14	3.4103e-17	2.2684e-16
1.473e+14	-1.5001e-17	2.3158e-16
1.4742e+14	5.6605e-17	2.2066e-16
1.4754e+14	5.8414e-17	2.118e-16
1.4766e+14	-1.6552e-17	2.1093e-16
1.4778e+14	2.6829e-17	2.0544e-16
1.479e+14	7.4415e-17	2.0676e-16
1.4802e+14	1.1707e-18	2.1785e-16
1.4814e+14	-1.415e-18	2.1006e-16
1.4826e+14	7.3687e-17	1.9285e-16
1.4838e+14	3.0473e-17	2.0276e-16
1.485e+14	-1.7798e-17	2.1378e-16
1.4862e+14	5.4437e-17	1.9124e-16
1.4874e+14	5.6757e-17	1.7987e-16
1.4886e+14	-1.813e-17	2.0992e-16
1.4898e+14	2.5575e-17	2.2707e-16
1.491e+14	7.5364e-17	2.0595e-16
1.4922e+14	4.5293e-18	1.9175e-16
1.4934e+14	1.1818e-18	1.9789e-16
1.4946e+14	7.3765e-17	1.9906e-16
1.4958e+14	2.9503e-17	1.9784e-16
1.497e+14	-1.9069e-17	2.0075e-16
1.4982e+14	5.3438e-17	1.9646e-16
1.4994e+14	5.8618e-17	1.9414e-16
1.5006e+14	-1.3549e-17	2.0458e-16
1.5018e+14	2.8234e-17	2.0815e-16
1.503e+14	7.3876e-17	2.0011e-16
1.5042e+14	7.974e-19	2.0111e-16
1.5054e+14	-3.5338e-18	2.0578e-16
1.5066e+14	6.9811e-17	1.9885e-16
1.5078e+14	2.9714e-17	1.9634e-16
1.509e+14	-1.5887e-17	2.102e-16
1.5102e+14	5.3856e-17	2.2302e-16
1.5114e+14	5.5063e-17	2.22e-16
1.5126e+14	-1.7419e-17	2.1109e-16
1.5138e+14	2.5346e-17	2.0042e-16
1.515e+14	7.1661e-17	1.9944e-16
1.5162e+14	7.0063e-19	1.9543e-16
1.5174e+14	-2.0162e-18	1.7154e-16
1.5186e+14	6.9125e-17	1.5649e-16
1.5198e+14	2.5171e-17	1.7788e-16
1.521e+14	-2.1905e-17	1.9543e-16
1.5222e+14	4.9112e-17	1.7902e-16
1.5234e+14	5.2511e-17	1.6997e-16
1.5246e+14	-1.8482e-17	1.8314e-16
1.5258e+14	2.4791e-17	1.7924e-16
1.527e+14	7.1997e-17	1.668e-16
1.5282e+14	2.2846e-18	1.7984e-16
1.5294e+14	-1.0535e-18	1.8945e-16
1.5306e+14	6.8105e-17	1.7133e-16
1.5318e+14	2.4512e-17	1.631e-16
1.533e+14	-1.9385e-17	1.7481e-16
1.5342e+14	5.3536e-17	1.755e-16
1.5354e+14	5.4892e-17	1.7275e-16
1.5366e+14	-1.9567e-17	1.7903e-16
1.5378e+14	2.3164e-17	1.7e-16
1.539e+14	7.1944e-17	1.5497e-16
1.5402e+14	4.5394e-19	1.6808e-16
1.5414e+14	-7.2179e-18	1.8322e-16
1.5427e+14	6.3185e-17	1.6889e-16
1.5439e+14	2.6114e-17	1.5996e-16
1.5451e+14	-1.6488e-17	1.7446e-16
1.5463e+14	5.1402e-17	1.7652e-16
1.5475e+14	5.121e-17	1.6374e-16
1.5487e+14	-2.0738e-17	1.6503e-16
1.5499e+14	2.09e-17	1.731e-16
1.5511e+14	6.7137e-17	1.7276e-16
1.5523e+14	-1.3035e-18	1.7009e-16
1.5535e+14	-3.8489e-18	1.6212e-16
1.5547e+14	6.6494e-17	1.5156e-16
1.5559e+14	2.5195e-17	1.5658e-16
1.5571e+14	-2.0719e-17	1.6394e-16
1.5583e+14	4.7772e-17	1.5351e-16
1.5595e+14	5.2022e-17	1.5075e-16
1.5607e+14	-1.6487e-17	1.651e-16
1.5619e+14	2.3132e-17	1.6107e-16
1.5631e+14	6.5793e-17	1.4685e-16
1.5643e+14	-2.6273e-18	1.6028e-16
1.5655e+14	-4.6531e-18	1.7471e-16
1.5667e+14	6.3651e-17	1.5832e-16
1.5679e+14	2.1956e-17	1.4766e-16
1.5691e+14	-2.0836e-17	1.5786e-16
1.5703e+14	4.9571e-17	1.5384e-16
1.5715e+14	5.2585e-17	1.4606e-16
1.5727e+14	-1.7321e-17	1.6278e-16
1.5739e+14	2.2213e-17	1.711e-16
1.5751e+14	6.5716e-17	1.5186e-16
1.5763e+14	-1.1172e-18	1.4531e-16
1.5775e+14	-2.3392e-18	1.5692e-16
1.5787e+14	6.4673e-17	1.5495e-16
1.5799e+14	2.1304e-17	1.5166e-16
1.5811e+14	-2.2072e-17	1.635e-16
1.5823e+14	4.7421e-17	1.6462e-16
1.5835e+14	4.8759e-17	1.5178e-16
1.5847e+14	-2.1381e-17	1.4868e-16
1.5859e+14	1.9628e-17	1.4464e-16
1.5871e+14	6.3396e-17	1.3085e-16
1.5883e+14	-4.8871e-18	1.341e-16
1.5895e+14	-5.4296e-18	1.5071e-16
1.5907e+14	6.5515e-17	1.4754e-16
1.5919e+14	2.4396e-17	1.3661e-16
1.5931e+14	-2.0759e-17	1.4556e-16
1.5943e+14	4.7531e-17	1.5778e-16
1.5955e+14	5.0062e-17	1.5524e-16
1.5967e+14	-2.0687e-17	1.4962e-16
1.5979e+14	1.8339e-17	1.4565e-16
1.5991e+14	6.3423e-17	1.415e-16
1.6003e+14	-2.833e-18	1.4534e-16
1.6015e+14	-5.3722e-18	1.5246e-16
1.6027e+14	6.3852e-17	1.515e-16
1.6039e+14	2.4868e-17	1.4914e-16
1.6051e+14	-2.0197e-17	1.4726e-16
1.6063e+14	4.4344e-17	1.3797e-16
1.6075e+14	4.628e-17	1.3444e-16
1.6087e+14	-2.1575e-17	1.4562e-16
1.6099e+14	1.7592e-17	1.4836e-16
1.6111e+14	6.1444e-17	1.3773e-16
1.6123e+14	-3.489e-18	1.4014e-16
1.6135e+14	-5.8321e-18	1.5191e-16
1.6147e+14	6.0907e-17	1.4706e-16
1.6159e+14	2.239e-17	1.3473e-16
1.6171e+14	-1.9031e-17	1.3545e-16
1.6183e+14	4.6707e-17	1.4187e-16
1.6195e+14	4.8187e-17	1.4504e-16
1.6207e+14	-1.8218e-17	1.4629e-16
1.6219e+14	2.1228e-17	1.4114e-16
1.6231e+14	6.1815e-17	1.3409e-16
1.6243e+14	-5.1189e-18	1.3798e-16
1.6256e+14	-5.4468e-18	1.4313e-16
1.6268e+14	6.3239e-17	1.3494e-16
1.628e+14	2.3699e-17	1.2678e-16
1.6292e+14	-1.9938e-17	1.3251e-16
1.6304e+14	4.427e-17	1.4215e-16
1.6316e+14	4.524e-17	1.4562e-16
1.6328e+14	-2.061e-17	1.4214e-16
1.634e+14	1.9818e-17	1.3195e-16
1.6352e+14	6.0879e-17	1.2257e-16
1.6364e+14	-5.8021e-18	1.218e-16
1.6376e+14	-5.6467e-18	1.2609e-16
1.6388e+14	6.26e-17	1.3301e-16
1.64e+14	2.1275e-17	1.4024e-16
1.6412e+14	-2.2687e-17	1.3577e-16
1.6424e+14	4.4183e-17	1.2277e-16
1.6436e+14	4.6708e-17	1.2199e-16
1.6448e+14	-2.1505e-17	1.3012e-16
1.646e+14	1.7354e-17	1.3015e-16
1.6472e+14	6.0708e-17	1.3057e-16
1.6484e+14	-5.1177e-18	1.37e-16
1.6496e+14	-7.6723e-18	1.3394e-16
1.6508e+14	6.0605e-17	1.2818e-16
1.652e+14	2.3048e-17	1.3525e-16
1.6532e+14	-2.0219e-17	1.3544e-16
1.6544e+14	4.4039e-17	1.1958e-16
1.6556e+14	4.5837e-17	1.1584e-16
1.6568e+14	-2.2661e-17	1.2463e-16
1.658e+14	1.4264e-17	1.2368e-16
1.6592e+14	5.8799e-17	1.2735e-16
1.6604e+14	-2.6269e-18	1.4091e-16
1.6616e+14	-5.1927e-18	1.3169e-16
1.6628e+14	5.8603e-17	1.1153e-16
1.664e+14	1.9719e-17	1.2237e-16
1.6652e+14	-2.1429e-17	1.3931e-16
1.6664e+14	4.3472e-17	1.285e-16
1.6676e+14	4.5525e-17	1.2479e-16
1.6688e+14	-2.0385e-17	1.41e-16
1.67e+14	1.8739e-17	1.3845e-16
1.6712e+14	6.2072e-17	1.2868e-16
1.6724e+14	-2.3674e-18	1.4202e-16
1.6736e+14	-6.2597e-18	1.4378e-16
1.6748e+14	5.9219e-17	1.2061e-16
1.676e+14	2.2059e-17	1.2073e-16
1.6772e+14	-2.0719e-17	1.3774e-16
1.6784e+14	4.1858e-17	1.2843e-16
1.6796e+14	4.504e-17	1.2229e-16
1.6808e+14	-1.9341e-17	1.4526e-16
1.682e+14	1.7628e-17	1.484e-16
1.6832e+14	5.8484e-17	1.2372e-16
1.6844e+14	-5.4834e-18	1.2063e-16
1.6856e+14	-8.708e-18	1.2772e-16
1.6868e+14	5.6527e-17	1.1494e-16
1.688e+14	2.0369e-17	1.1506e-16
1.6892e+14	-2.1362e-17	1.3225e-16
1.6904e+14	4.0389e-17	1.2009e-16
1.6916e+14	4.2896e-17	9.851e-17
1.6928e+14	-2.09e-17	1.1527e-16
1.694e+14	1.6318e-17	1.3541e-16
1.6952e+14	5.7343e-17	1.2153e-16
1.6964e+14	-5.6326e-18	1.0922e-16
1.6976e+14	-7.8418e-18	1.1532e-16
1.6988e+14	5.8455e-17	1.1425e-16
1.7e+14	2.3021e-17	1.1105e-16
1.7012e+14	-2.048e-17	1.1649e-16
1.7024e+14	3.8618e-17	1.1285e-16
1.7036e+14	4.1626e-17	1.0604e-16
1.7048e+14	-2.0662e-17	1.1415e-16
1.706e+14	1.5435e-17	1.1701e-16
1.7072e+14	5.6124e-17	1.0451e-16
1.7085e+14	-4.4729e-18	1.0209e-16
1.7097e+14	-6.6934e-18	1.0931e-16
1.7109e+14	5.7082e-17	1.1061e-16
1.7121e+14	2.2571e-17	1.1939e-16
1.7133e+14	-1.8257e-17	1.3135e-16
1.7145e+14	3.946e-17	1.1958e-16
1.7157e+14	3.9991e-17	1.0413e-16
1.7169e+14	-2.1217e-17	1.1513e-16
1.7181e+14	1.6229e-17	1.2498e-16
1.7193e+14	5.5928e-17	1.1417e-16
1.7205e+14	-5.2754e-18	1.1068e-16
1.7217e+14	-7.8812e-18	1.1605e-16
1.7229e+14	5.3638e-17	1.0903e-16
1.7241e+14	1.7888e-17	1.0542e-16
1.7253e+14	-2.0563e-17	1.1476e-16
1.7265e+14	3.9865e-17	1.1251e-16
1.7277e+14	4.0812e-17	1.0291e-16
1.7289e+14	-2.0533e-17	1.0744e-16
1.7301e+14	1.7145e-17	1.0984e-16
1.7313e+14	5.6438e-17	1.0301e-16
1.7325e+14	-5.3293e-18	1.1203e-16
1.7337e+14	-7.8115e-18	1.2582e-16
1.7349e+14	5.3449e-17	1.1501e-16
1.7361e+14	1.6445e-17	1.0167e-16
1.7373e+14	-2.23e-17	1.0956e-16
1.7385e+14	4.0085e-17	1.1468e-16
1.7397e+14	4.2477e-17	1.067e-16
1.7409e+14	-2.0733e-17	1.0435e-16
1.7421e+14	1.4693e-17	1.0561e-16
1.7433e+14	5.5347e-17	1.0446e-16
1.7445e+14	-4.2024e-18	1.1005e-16
1.7457e+14	-7.6044e-18	1.1219e-16
1.7469e+14	5.2741e-17	1.0134e-16
1.7481e+14	1.783e-17	9.9913e-17
1.7493e+14	-2.0349e-17	1.0971e-16
1.7505e+14	3.8582e-17	1.0411e-16
1.7517e+14	3.8874e-17	9.5356e-17
1.7529e+14	-2.2659e-17	1.068e-16
1.7541e+14	1.3834e-17	1.1249e-16
1.7553e+14	5.3737e-17	9.7299e-17
1.7565e+14	-5.1405e-18	9.3084e-17
1.7577e+14	-6.5723e-18	1.047e-16
1.7589e+14	5.4401e-17	1.0772e-16
1.7601e+14	1.8787e-17	1.0975e-16
1.7613e+14	-1.9873e-17	1.1801e-16
1.7625e+14	3.9823e-17	1.1162e-16
1.7637e+14	4.2179e-17	9.8061e-17
1.7649e+14	-1.8173e-17	1.0141e-16
1.7661e+14	1.6738e-17	1.0538e-16
1.7673e+14	5.4407e-17	9.838e-17
1.7685e+14	-5.2424e-18	1.0406e-16
1.7697e+14	-7.5715e-18	1.1489e-16
1.7709e+14	5.2127e-17	1.0383e-16
1.7721e+14	1.7405e-17	9.4934e-17
1.7733e+14	-1.9323e-17	1.1108e-16
1.7745e+14	3.9665e-17	1.177e-16
1.7757e+14	4.0128e-17	1.0096e-16
1.7769e+14	-1.9414e-17	9.5957e-17
1.7781e+14	1.736e-17	1.0529e-16
1.7793e+14	5.4098e-17	1.0355e-16
1.7805e+14	-7.4753e-18	1.0101e-16
1.7817e+14	-8.5279e-18	1.1106e-16
1.7829e+14	5.4091e-17	1.1472e-16
1.7841e+14	1.8984e-17	1.0639e-16
1.7853e+14	-2.0761e-17	1.0292e-16
1.7865e+14	3.7785e-17	1.0471e-16
1.7877e+14	4.0251e-17	1.0513e-16
1.7889e+14	-1.9694e-17	1.0763e-16
1.7901e+14	1.5387e-17	1.0879e-16
1.7913e+14	5.452e-17	1.0434e-16
1.7926e+14	-2.8781e-18	1.0145e-16
1.7938e+14	-4.8922e-18	1.0012e-16
1.795e+14	5.3068e-17	9.6985e-17
1.7962e+14	1.6227e-17	1.0176e-16
1.7974e+14	-2.2141e-17	1.1156e-16
1.7986e+14	3.729e-17	1.0694e-16
1.7998e+14	4.0325e-17	9.4698e-17
1.801e+14	-1.8433e-17	9.646e-17
1.8022e+14	1.6555e-17	1.0313e-16
1.8034e+14	5.3312e-17	9.9254e-17
1.8046e+14	-6.6689e-18	9.6365e-17
1.8058e+14	-8.7781e-18	1.018e-16
1.807e+14	5.202e-17	1.0533e-16
1.8082e+14	1.7939e-17	1.0684e-16
1.8094e+14	-2.0682e-17	1.1015e-16
1.8106e+14	3.7219e-17	1.0834e-16
1.8118e+14	4.0003e-17	1.0252e-16
1.813e+14	-1.9452e-17	1.0116e-16
1.8142e+14	1.3896e-17	1.0132e-16
1.8154e+14	5.2028e-17	1.0014e-16
1.8166e+14	-3.9614e-18	1.0078e-16
1.8178e+14	-5.5675e-18	9.748e-17
1.819e+14	5.1851e-17	8.9342e-17
1.8202e+14	1.6251e-17	9.0092e-17
1.8214e+14	-2.1274e-17	9.8317e-17
1.8226e+14	3.6613e-17	9.9432e-17
1.8238e+14	3.8408e-17	9.8975e-17
1.825e+14	-2.0781e-17	1.0467e-16
1.8262e+14	1.3295e-17	1.0338e-16
1.8274e+14	5.1104e-17	9.4415e-17
1.8286e+14	-5.8187e-18	9.4936e-17
1.8298e+14	-7.8219e-18	1.0026e-16
1.831e+14	5.0501e-17	9.6663e-17
1.8322e+14	1.6582e-17	9.3843e-17
1.8334e+14	-2.0213e-17	9.7953e-17
1.8346e+14	3.7218e-17	9.6733e-17
1.8358e+14	3.8785e-17	9.2024e-17
1.837e+14	-2.0278e-17	9.4911e-17
1.8382e+14	1.378e-17	9.8439e-17
1.8394e+14	5.2139e-17	9.6422e-17
1.8406e+14	-3.8506e-18	9.6696e-17
1.8418e+14	-6.1698e-18	9.9177e-17
1.843e+14	5.0378e-17	9.9107e-17
1.8442e+14	1.4532e-17	1.0037e-16
1.8454e+14	-2.2862e-17	1.0104e-16
1.8466e+14	3.6501e-17	9.746e-17
1.8478e+14	4.0792e-17	9.9129e-17
1.849e+14	-1.8739e-17	1.0473e-16
1.8502e+14	1.2593e-17	9.779e-17
1.8514e+14	5.0756e-17	8.661e-17
1.8526e+14	-3.8655e-18	9.2645e-17
1.8538e+14	-7.0467e-18	1.0518e-16
1.855e+14	4.9301e-17	1.0541e-16
1.8562e+14	1.6655e-17	1.011e-16
1.8574e+14	-1.9722e-17	9.8547e-17
1.8586e+14	3.5718e-17	9.3522e-17
1.8598e+14	3.7863e-17	9.5478e-17
1.861e+14	-1.9135e-17	1.056e-16
1.8622e+14	1.3627e-17	1.0225e-16
1.8634e+14	4.9936e-17	8.6951e-17
1.8646e+14	-5.8478e-18	8.6182e-17
1.8658e+14	-8.235e-18	9.6243e-17
1.867e+14	4.897e-17	9.3975e-17
1.8682e+14	1.6697e-17	8.5979e-17
1.8694e+14	-1.9624e-17	9.0188e-17
1.8706e+14	3.5864e-17	1.008e-16
1.8718e+14	3.8606e-17	1.0357e-16
1.873e+14	-1.8417e-17	9.5032e-17
1.8742e+14	1.2735e-17	8.2393e-17
1.8755e+14	4.8082e-17	7.8831e-17
1.8767e+14	-6.9078e-18	8.5185e-17
1.8779e+14	-9.1454e-18	8.699e-17
1.8791e+14	4.7458e-17	8.3316e-17
1.8803e+14	1.6158e-17	8.5092e-17
1.8815e+14	-1.9121e-17	8.6622e-17
1.8827e+14	3.4961e-17	8.0662e-17
1.8839e+14	3.6397e-17	7.7369e-17
1.8851e+14	-1.9059e-17	7.922e-17
1.8863e+14	1.4208e-17	8.0073e-17
1.8875e+14	4.9651e-17	8.7217e-17
1.8887e+14	-6.1183e-18	9.7978e-17
1.8899e+14	-8.3933e-18	9.4093e-17
1.8911e+14	4.8577e-17	8.7231e-17
1.8923e+14	1.6853e-17	9.9682e-17
1.8935e+14	-1.9785e-17	1.0915e-16
1.8947e+14	3.3726e-17	9.4277e-17
1.8959e+14	3.6132e-17	8.235e-17
1.8971e+14	-1.9115e-17	8.6927e-17
1.8983e+14	1.2912e-17	8.5475e-17
1.8995e+14	4.8708e-17	8.2425e-17
1.9007e+14	-5.072e-18	9.3859e-17
1.9019e+14	-7.596e-18	9.9058e-17
1.9031e+14	4.7445e-17	9.0656e-17
1.9043e+14	1.616e-17	9.5087e-17
1.9055e+14	-1.8864e-17	1.0364e-16
1.9067e+14	3.3928e-17	8.8898e-17
1.9079e+14	3.5235e-17	7.3288e-17
1.9091e+14	-1.8722e-17	8.0282e-17
1.9103e+14	1.4403e-17	8.5988e-17
1.9115e+14	4.8827e-17	8.3457e-17
1.9127e+14	-5.8975e-18	9.3429e-17
1.9139e+14	-6.4954e-18	1.0176e-16
1.9151e+14	5.0601e-17	9.0447e-17
1.9163e+14	1.8191e-17	8.488e-17
1.9175e+14	-1.9227e-17	9.4588e-17
1.9187e+14	3.3899e-17	9.2003e-17
1.9199e+14	3.6911e-17	7.867e-17
1.9211e+14	-1.8331e-17	7.7655e-17
1.9223e+14	1.23e-17	8.1063e-17
1.9235e+14	4.7832e-17	7.801e-17
1.9247e+14	-4.8621e-18	7.8167e-17
1.9259e+14	-7.5154e-18	7.799e-17
1.9271e+14	4.7072e-17	7.065e-17
1.9283e+14	1.6273e-17	7.1402e-17
1.9295e+14	-1.9638e-17	8.2449e-17
1.9307e+14	3.1835e-17	8.5061e-17
1.9319e+14	3.4808e-17	8.1705e-17
1.9331e+14	-1.7768e-17	8.4212e-17
1.9343e+14	1.2983e-17	8.4529e-17
1.9355e+14	4.6258e-17	8.1508e-17
1.9367e+14	-6.585e-18	8.5221e-17
1.9379e+14	-8.5756e-18	8.6826e-17
1.9391e+14	4.4691e-17	7.9719e-17
1.9403e+14	1.3473e-17	7.8163e-17
1.9415e+14	-1.9966e-17	8.0121e-17
1.9427e+14	3.3281e-17	7.2184e-17
1.9439e+14	3.5133e-17	6.8767e-17
1.9451e+14	-1.907e-17	8.0411e-17
1.9463e+14	1.1469e-17	8.5149e-17
1.9475e+14	4.5348e-17	7.7874e-17
1.9487e+14	-6.9062e-18	7.9563e-17
1.9499e+14	-8.3475e-18	8.6678e-17
1.9511e+14	4.5572e-17	8.3823e-17
1.9523e+14	1.4668e-17	8.0392e-17
1.9535e+14	-1.921e-17	8.2901e-17
1.9547e+14	3.3801e-17	8.0928e-17
1.9559e+14	3.6408e-17	7.6231e-17
1.9571e+14	-1.7316e-17	7.5183e-17
1.9584e+14	1.2806e-17	7.3119e-17
1.9596e+14	4.6664e-17	7.3482e-17
1.9608e+14	-5.7046e-18	7.9482e-17
1.962e+14	-8.7221e-18	7.7641e-17
1.9632e+14	4.4421e-17	7.0662e-17
1.9644e+14	1.545e-17	7.7666e-17
1.9656e+14	-1.7293e-17	8.6693e-17
1.9668e+14	3.3591e-17	7.8647e-17
1.968e+14	3.4282e-17	7.3422e-17
1.9692e+14	-1.8855e-17	8.366e-17
1.9704e+14	1.2103e-17	8.6262e-17
1.9716e+14	4.6359e-17	7.9114e-17
1.9728e+14	-4.5892e-18	8.1085e-17
1.974e+14	-6.2114e-18	8.2393e-17
1.9752e+14	4.6466e-17	7.4783e-17
1.9764e+14	1.5846e-17	7.7595e-17
1.9776e+14	-1.8322e-17	8.5578e-17
1.9788e+14	3.224e-17	7.5002e-17
1.98e+14	3.421e-17	6.2559e-17
1.9812e+14	-1.7383e-17	7.0691e-17
1.9824e+14	1.3482e-17	7.9905e-17
1.9836e+14	4.6571e-17	7.7196e-17
1.9848e+14	-5.4487e-18	7.668e-17
1.986e+14	-8.2832e-18	7.5953e-17
1.9872e+14	4.3846e-17	6.9592e-17
1.9884e+14	1.4519e-17	7.3799e-17
1.9896e+14	-1.8324e-17	8.5353e-17
1.9908e+14	3.181e-17	8.194e-17
1.992e+14	3.3295e-17	7.1979e-17
1.9932e+14	-1.7934e-17	7.2022e-17
1.9944e+14	1.2232e-17	7.1761e-17
1.9956e+14	4.39e-17	7.02e-17
1.9968e+14	-7.5742e-18	7.7763e-17
1.998e+14	-8.5681e-18	7.7823e-17
1.9992e+14	4.3528e-17	6.139e-17
2.0004e+14	1.2402e-17	5.656e-17
2.0016e+14	-2.095e-17	6.9055e-17
2.0028e+14	3.0943e-17	7.1153e-17
2.004e+14	3.4136e-17	6.4169e-17
2.0052e+14	-1.7291e-17	6.6446e-17
2.0064e+14	1.2178e-17	6.877e-17
2.0076e+14	4.4568e-17	6.5724e-17
2.0088e+14	-5.9447e-18	7.0083e-17
2.01e+14	-7.4809e-18	7.4455e-17
2.0112e+14	4.3786e-17	6.7965e-17
2.0124e+14	1.2807e-17	6.5608e-17
2.0136e+14	-2.0666e-17	7.0326e-17
2.0148e+14	3.0293e-17	6.6136e-17
2.016e+14	3.2838e-17	6.1402e-17
2.0172e+14	-1.8893e-17	6.8553e-17
2.0184e+14	1.0524e-17	7.1233e-17
2.0196e+14	4.3795e-17	6.4521e-17
2.0208e+14	-6.0694e-18	6.5819e-17
2.022e+14	-8.3875e-18	7.0406e-17
2.0232e+14	4.3115e-17	6.6326e-17
2.0244e+14	1.4471e-17	6.5734e-17
2.0256e+14	-1.8576e-17	6.9805e-17
2.0268e+14	2.9786e-17	6.2985e-17
2.028e+14	3.1518e-17	5.6178e-17
2.0292e+14	-1.8199e-17	6.4552e-17
2.0304e+14	1.1532e-17	7.0386e-17
2.0316e+14	4.2942e-17	6.354e-17
2.0328e+14	-7.1824e-18	6.0157e-17
2.034e+14	-8.2685e-18	6.0993e-17
2.0352e+14	4.3256e-17	5.8153e-17
2.0364e+14	1.4076e-17	6.1873e-17
2.0376e+14	-1.8297e-17	7.0252e-17
2.0388e+14	3.0802e-17	6.5718e-17
2.04e+14	3.1684e-17	5.7192e-17
2.0412e+14	-1.9466e-17	6.159e-17
2.0425e+14	1.0361e-17	6.6874e-17
2.0437e+14	4.3273e-17	6.4081e-17
2.0449e+14	-6.2823e-18	6.4422e-17
2.0461e+14	-8.5066e-18	6.5958e-17
2.0473e+14	4.2068e-17	6.138e-17
2.0485e+14	1.279e-17	6.0131e-17
2.0497e+14	-2.0159e-17	6.2367e-17
2.0509e+14	2.8538e-17	5.7695e-17
2.0521e+14	3.0949e-17	5.5614e-17
2.0533e+14	-1.8182e-17	6.3099e-17
2.0545e+14	1.1745e-17	6.426e-17
2.0557e+14	4.3637e-17	5.9576e-17
2.0569e+14	-6.3027e-18	6.5231e-17
2.0581e+14	-8.2251e-18	7.0116e-17
2.0593e+14	4.2901e-17	6.0741e-17
2.0605e+14	1.3908e-17	5.4964e-17
2.0617e+14	-1.9285e-17	6.0588e-17
2.0629e+14	2.9694e-17	6.0961e-17
2.0641e+14	3.268e-17	5.7549e-17
2.0653e+14	-1.8007e-17	6.0479e-17
2.0665e+14	9.3311e-18	5.9682e-17
2.0677e+14	4.1769e-17	5.4146e-17
2.0689e+14	-5.9459e-18	5.8e-17
2.0701e+14	-8.8543e-18	6.3293e-17
2.0713e+14	3.9937e-17	5.7612e-17
2.0725e+14	1.1885e-17	5.4639e-17
2.0737e+14	-1.9252e-17	5.9835e-17
2.0749e+14	2.9348e-17	5.7731e-17
2.0761e+14	3.1661e-17	5.0925e-17
2.0773e+14	-1.8073e-17	5.2426e-17
2.0785e+14	9.8693e-18	5.545e-17
2.0797e+14	4.1988e-17	5.488e-17
2.0809e+14	-5.5893e-18	5.7705e-17
2.0821e+14	-8.0402e-18	5.8909e-17
2.0833e+14	4.1062e-17	5.3969e-17
2.0845e+14	1.3123e-17	5.4551e-17
2.0857e+14	-1.897e-17	5.9756e-17
2.0869e+14	2.8119e-17	5.6517e-17
2.0881e+14	3.0393e-17	5.1958e-17
2.0893e+14	-1.8494e-17	5.605e-17
2.0905e+14	9.5404e-18	5.8731e-17
2.0917e+14	4.2124e-17	5.6671e-17
2.0929e+14	-4.4622e-18	5.7343e-17
2.0941e+14	-7.8179e-18	5.523e-17
2.0953e+14	3.941e-17	4.8798e-17
2.0965e+14	1.182e-17	5.0178e-17
2.0977e+14	-1.8966e-17	5.4452e-17
2.0989e+14	2.803e-17	5.0354e-17
2.1001e+14	3.0511e-17	5.0201e-17
2.1013e+14	-1.7413e-17	5.8284e-17
2.1025e+14	9.6883e-18	5.5867e-17
2.1037e+14	4.0549e-17	4.7221e-17
2.1049e+14	-5.0984e-18	5.2398e-17
2.1061e+14	-6.5171e-18	5.9564e-17
2.1073e+14	4.0302e-17	5.3262e-17
2.1085e+14	1.1361e-17	4.9492e-17
2.1097e+14	-1.9606e-17	5.5122e-17
2.1109e+14	2.7243e-17	5.4833e-17
2.1121e+14	2.9171e-17	5.065e-17
2.1133e+14	-1.8169e-17	5.2129e-17
2.1145e+14	1.0308e-17	5.1334e-17
2.1157e+14	4.1118e-17	4.7989e-17
2.1169e+14	-6.3986e-18	5.1759e-17
2.1181e+14	-9.4131e-18	5.4401e-17
2.1193e+14	3.7789e-17	4.9531e-17
2.1205e+14	1.0435e-17	4.9927e-17
2.1217e+14	-1.9439e-17	5.4953e-17
2.1229e+14	2.7823e-17	5.2378e-17
2.1241e+14	2.9658e-17	4.9582e-17
2.1254e+14	-1.8975e-17	5.2231e-17
2.1266e+14	7.9811e-18	4.8452e-17
2.1278e+14	3.9296e-17	4.2144e-17
2.129e+14	-6.594e-18	4.5816e-17
2.1302e+14	-9.2326e-18	4.8464e-17
2.1314e+14	3.8136e-17	4.3805e-17
2.1326e+14	1.1854e-17	4.6612e-17
2.1338e+14	-1.8245e-17	5.28e-17
2.135e+14	2.7525e-17	4.7916e-17
2.1362e+14	2.9828e-17	4.4959e-17
2.1374e+14	-1.7209e-17	5.1998e-17
2.1386e+14	9.1534e-18	5.0562e-17
2.1398e+14	3.925e-17	4.2132e-17
2.141e+14	-5.9403e-18	4.5184e-17
2.1422e+14	-8.2541e-18	4.9965e-17
2.1434e+14	3.7577e-17	4.5058e-17
2.1446e+14	1.048e-17	4.542e-17
2.1458e+14	-1.9109e-17	5.1654e-17
2.147e+14	2.6593e-17	4.8943e-17
2.1482e+14	2.8705e-17	4.6688e-17
2.1494e+14	-1.7853e-17	5.2393e-17
2.1506e+14	8.2015e-18	4.891e-17
2.1518e+14	3.7329e-17	3.9175e-17
2.153e+14	-7.4783e-18	4.294e-17
2.1542e+14	-8.4922e-18	4.872e-17
2.1554e+14	3.7764e-17	4.2278e-17
2.1566e+14	1.0404e-17	4.0511e-17
2.1578e+14	-1.9432e-17	4.6752e-17
2.159e+14	2.6136e-17	4.3361e-17
2.1602e+14	2.8786e-17	3.8689e-17
2.1614e+14	-1.6717e-17	4.6287e-17
2.1626e+14	9.5888e-18	5.0187e-17
2.1638e+14	3.8148e-17	4.4498e-17
2.165e+14	-7.0342e-18	4.5018e-17
2.1662e+14	-8.3462e-18	4.6983e-17
2.1674e+14	3.764e-17	4.0216e-17
2.1686e+14	1.0773e-17	3.8809e-17
2.1698e+14	-1.8466e-17	4.5528e-17
2.171e+14	2.6386e-17	4.3913e-17
2.1722e+14	2.7647e-17	3.9458e-17
2.1734e+14	-1.82e-17	4.3841e-17
2.1746e+14	9.0874e-18	4.4189e-17
2.1758e+14	3.8852e-17	3.6368e-17
2.177e+14	-6.1895e-18	3.5414e-17
2.1782e+14	-8.4391e-18	3.8525e-17
2.1794e+14	3.72e-17	3.6594e-17
2.1806e+14	1.1111e-17	3.8988e-17
2.1818e+14	-1.8076e-17	4.5233e-17
2.183e+14	2.5693e-17	4.2123e-17
2.1842e+14	2.6666e-17	3.7523e-17
2.1854e+14	-1.8719e-17	4.1994e-17
2.1866e+14	8.0738e-18	4.3821e-17
2.1878e+14	3.7116e-17	3.9668e-17
2.189e+14	-7.5573e-18	3.9716e-17
2.1902e+14	-9.5782e-18	3.8443e-17
2.1914e+14	3.5411e-17	3.2373e-17
2.1926e+14	9.2671e-18	3.4831e-17
2.1938e+14	-1.9068e-17	4.1575e-17
2.195e+14	2.5364e-17	3.7532e-17
2.1962e+14	2.6924e-17	3.3708e-17
2.1974e+14	-1.7832e-17	3.9674e-17
2.1986e+14	8.6062e-18	3.9796e-17
2.1998e+14	3.6621e-17	3.3671e-17
2.201e+14	-8.0014e-18	3.6678e-17
2.2022e+14	-8.8017e-18	3.9814e-17
2.2034e+14	3.6961e-17	3.3052e-17
2.2046e+14	1.0367e-17	3.1449e-17
2.2058e+14	-1.8902e-17	3.6686e-17
2.207e+14	2.5099e-17	3.4095e-17
2.2082e+14	2.6629e-17	3.1261e-17
2.2095e+14	-1.8522e-17	3.6825e-17
2.2107e+14	7.6248e-18	3.6755e-17
2.2119e+14	3.6386e-17	3.1584e-17
2.2131e+14	-7.6928e-18	3.5835e-17
2.2143e+14	-9.588e-18	3.9407e-17
2.2155e+14	3.5201e-17	3.3179e-17
2.2167e+14	9.5528e-18	3.347e-17
2.2179e+14	-1.8577e-17	3.9761e-17
2.2191e+14	2.5234e-17	3.4715e-17
2.2203e+14	2.664e-17	2.8748e-17
2.2215e+14	-1.789e-17	3.4591e-17
2.2227e+14	8.382e-18	3.6024e-17
2.2239e+14	3.6658e-17	2.9995e-17
2.2251e+14	-7.5599e-18	3.3292e-17
2.2263e+14	-9.1557e-18	3.8202e-17
2.2275e+14	3.592e-17	3.2397e-17
2.2287e+14	9.9679e-18	3.0182e-17
2.2299e+14	-1.9231e-17	3.4562e-17
2.2311e+14	2.4093e-17	3.064e-17
2.2323e+14	2.6341e-17	2.6855e-17
2.2335e+14	-1.7903e-17	3.3745e-17
2.2347e+14	7.5064e-18	3.4529e-17
2.2359e+14	3.6234e-17	2.7079e-17
2.2371e+14	-6.2451e-18	3.0796e-17
2.2383e+14	-7.9056e-18	3.8209e-17
2.2395e+14	3.5684e-17	3.2935e-17
2.2407e+14	9.7656e-18	2.8528e-17
2.2419e+14	-1.8625e-17	3.2914e-17
2.2431e+14	2.4085e-17	3.1581e-17
2.2443e+14	2.5403e-17	2.7498e-17
2.2455e+14	-1.8606e-17	3.1912e-17
2.2467e+14	7.3077e-18	3.4038e-17
2.2479e+14	3.6007e-17	2.9679e-17
2.2491e+14	-6.8942e-18	3.1404e-17
2.2503e+14	-9.026e-18	3.4488e-17
2.2515e+14	3.5021e-17	3.0339e-17
2.2527e+14	1.0289e-17	3.0656e-17
2.2539e+14	-1.8373e-17	3.5492e-17
2.2551e+14	2.2829e-17	2.9884e-17
2.2563e+14	2.4323e-17	2.2859e-17
2.2575e+14	-1.8246e-17	2.8167e-17
2.2587e+14	7.5135e-18	3.2104e-17
2.2599e+14	3.536e-17	2.7614e-17
2.2611e+14	-7.0257e-18	2.7622e-17
2.2623e+14	-8.9108e-18	2.9227e-17
2.2635e+14	3.4069e-17	2.4295e-17
2.2647e+14	9.3754e-18	2.4344e-17
2.2659e+14	-1.7652e-17	3.0887e-17
2.2671e+14	2.4185e-17	2.9457e-17
2.2683e+14	2.4823e-17	2.5055e-17
2.2695e+14	-1.8387e-17	2.7968e-17
2.2707e+14	7.395e-18	2.8321e-17
2.2719e+14	3.5538e-17	2.4754e-17
2.2731e+14	-6.4985e-18	2.8483e-17
2.2743e+14	-8.5904e-18	3.1111e-17
2.2755e+14	3.3632e-17	2.4391e-17
2.2767e+14	8.5298e-18	2.3173e-17
2.2779e+14	-1.8554e-17	2.9002e-17
2.2791e+14	2.3253e-17	2.6359e-17
2.2803e+14	2.4499e-17	2.2347e-17
2.2815e+14	-1.7867e-17	2.8052e-17
2.2827e+14	7.3442e-18	2.9695e-17
2.2839e+14	3.4024e-17	2.414e-17
2.2851e+14	-8.0865e-18	2.6866e-17
2.2863e+14	-8.9967e-18	3.1614e-17
2.2875e+14	3.3579e-17	2.5822e-17
2.2887e+14	7.9332e-18	2.2437e-17
2.2899e+14	-1.8929e-17	2.7482e-17
2.2911e+14	2.381e-17	2.6931e-17
2.2924e+14	2.4962e-17	2.3308e-17
2.2936e+14	-1.8472e-17	2.6625e-17
2.2948e+14	6.9e-18	2.724e-17
2.296e+14	3.5061e-17	2.216e-17
2.2972e+14	-7.074e-18	2.3476e-17
2.2984e+14	-9.7577e-18	2.6677e-17
2.2996e+14	3.2561e-17	2.3014e-17
2.3008e+14	8.3311e-18	2.2504e-17
2.302e+14	-1.8669e-17	2.6275e-17
2.3032e+14	2.2928e-17	2.2758e-17
2.3044e+14	2.4922e-17	1.9795e-17
2.3056e+14	-1.7347e-17	2.6472e-17
2.3068e+14	6.6269e-18	2.8576e-17
2.308e+14	3.3213e-17	2.2494e-17
2.3092e+14	-7.8795e-18	2.3256e-17
2.3104e+14	-9.0172e-18	2.7498e-17
2.3116e+14	3.3193e-17	2.467e-17
2.3128e+14	8.3115e-18	2.3741e-17
2.314e+14	-1.8962e-17	2.7603e-17
2.3152e+14	2.2671e-17	2.5812e-17
2.3164e+14	2.5296e-17	2.3524e-17
2.3176e+14	-1.6454e-17	2.7445e-17
2.3188e+14	7.0282e-18	2.6191e-17
2.32e+14	3.3281e-17	1.996e-17
2.3212e+14	-7.3145e-18	2.2363e-17
2.3224e+14	-8.6273e-18	2.6665e-17
2.3236e+14	3.2877e-17	2.2649e-17
2.3248e+14	8.534e-18	2.0909e-17
2.326e+14	-1.7997e-17	2.374e-17
2.3272e+14	2.256e-17	2.0594e-17
2.3284e+14	2.3779e-17	1.8459e-17
2.3296e+14	-1.7643e-17	2.4283e-17
2.3308e+14	6.6535e-18	2.4726e-17
2.332e+14	3.2574e-17	1.9033e-17
2.3332e+14	-8.6596e-18	2.107e-17
2.3344e+14	-9.6893e-18	2.4344e-17
2.3356e+14	3.2598e-17	2.0048e-17
2.3368e+14	8.3592e-18	2.0226e-17
2.338e+14	-1.875e-17	2.5109e-17
2.3392e+14	2.198e-17	2.0979e-17
2.3404e+14	2.4376e-17	1.6447e-17
2.3416e+14	-1.6679e-17	2.2502e-17
2.3428e+14	6.9692e-18	2.5242e-17
2.344e+14	3.322e-17	2.0251e-17
2.3452e+14	-7.2556e-18	2.1103e-17
2.3464e+14	-9.4565e-18	2.3599e-17
2.3476e+14	3.1151e-17	1.9097e-17
2.3488e+14	7.5714e-18	1.8516e-17
2.35e+14	-1.8096e-17	2.264e-17
2.3512e+14	2.2212e-17	1.8857e-17
2.3524e+14	2.3479e-17	1.5394e-17
2.3536e+14	-1.7751e-17	2.2019e-17
2.3548e+14	6.0598e-18	2.4299e-17
2.356e+14	3.25e-17	1.875e-17
2.3572e+14	-7.3672e-18	2.0288e-17
2.3584e+14	-8.9461e-18	2.3821e-17
2.3596e+14	3.2111e-17	1.8514e-17
2.3608e+14	8.7135e-18	1.6465e-17
2.362e+14	-1.785e-17	2.1698e-17
2.3632e+14	2.1391e-17	2.0074e-17
2.3644e+14	2.3588e-17	1.5449e-17
2.3656e+14	-1.6146e-17	1.8953e-17
2.3668e+14	6.6659e-18	2.0746e-17
2.368e+14	3.1284e-17	1.6153e-17
2.3692e+14	-8.0715e-18	1.6719e-17
2.3704e+14	-8.494e-18	1.9993e-17
2.3716e+14	3.2006e-17	1.7911e-17
2.3728e+14	8.2308e-18	1.8171e-17
2.374e+14	-1.7314e-17	2.1521e-17
2.3753e+14	2.1909e-17	1.8478e-17
2.3765e+14	2.2438e-17	1.5843e-17
2.3777e+14	-1.7792e-17	2.0145e-17
2.3789e+14	6.4446e-18	1.9587e-17
2.3801e+14	3.1833e-17	1.4647e-17
2.3813e+14	-8.4708e-18	1.8607e-17
2.3825e+14	-9.6008e-18	2.3679e-17
2.3837e+14	3.1559e-17	1.9503e-17
2.3849e+14	8.3273e-18	1.7964e-17
2.3861e+14	-1.7636e-17	2.1953e-17
2.3873e+14	2.1657e-17	1.9163e-17
2.3885e+14	2.3096e-17	1.5185e-17
2.3897e+14	-1.7224e-17	1.8888e-17
2.3909e+14	6.0608e-18	1.9101e-17
2.3921e+14	3.1914e-17	1.4052e-17
2.3933e+14	-7.0417e-18	1.6498e-17
2.3945e+14	-8.372e-18	2.076e-17
2.3957e+14	3.1781e-17	1.7096e-17
2.3969e+14	8.671e-18	1.5665e-17
2.3981e+14	-1.7044e-17	1.919e-17
2.3993e+14	2.1584e-17	1.7411e-17
2.4005e+14	2.2749e-17	1.5897e-17
2.4017e+14	-1.7168e-17	2.0627e-17
2.4029e+14	6.0515e-18	1.9653e-17
2.4041e+14	3.1711e-17	1.3898e-17
2.4053e+14	-7.0824e-18	1.6942e-17
2.4065e+14	-8.8462e-18	2.0492e-17
2.4077e+14	3.0524e-17	1.459e-17
2.4089e+14	7.6826e-18	1.2938e-17
2.4101e+14	-1.7221e-17	1.8575e-17
2.4113e+14	2.1552e-17	1.6874e-17
2.4125e+14	2.2609e-17	1.2739e-17
2.4137e+14	-1.7268e-17	1.711e-17
2.4149e+14	5.8786e-18	1.9056e-17
2.4161e+14	3.1804e-17	1.4078e-17
2.4173e+14	-6.4204e-18	1.4381e-17
2.4185e+14	-8.3523e-18	1.7385e-17
2.4197e+14	3.0471e-17	1.4847e-17
2.4209e+14	7.729e-18	1.4614e-17
2.4221e+14	-1.7179e-17	1.7528e-17
2.4233e+14	2.1137e-17	1.4427e-17
2.4245e+14	2.2674e-17	1.2528e-17
2.4257e+14	-1.6241e-17	1.7903e-17
2.4269e+14	6.2693e-18	1.7623e-17
2.4281e+14	3.0759e-17	1.1666e-17
2.4293e+14	-7.3797e-18	1.398e-17
2.4305e+14	-8.2228e-18	1.8071e-17
2.4317e+14	3.1088e-17	1.4411e-17
2.4329e+14	8.5318e-18	1.4154e-17
2.4341e+14	-1.6082e-17	1.8731e-17
2.4353e+14	2.1977e-17	1.5986e-17
2.4365e+14	2.2731e-17	1.285e-17
2.4377e+14	-1.6654e-17	1.7665e-17
2.4389e+14	5.9912e-18	1.7526e-17
2.4401e+14	3.0803e-17	1.1459e-17
2.4413e+14	-7.4253e-18	1.414e-17
2.4425e+14	-8.7754e-18	1.8655e-17
2.4437e+14	3.0283e-17	1.3586e-17
2.4449e+14	7.6063e-18	1.1454e-17
2.4461e+14	-1.7645e-17	1.6658e-17
2.4473e+14	2.0276e-17	1.5331e-17
2.4485e+14	2.2513e-17	1.1155e-17
2.4497e+14	-1.5561e-17	1.4569e-17
2.4509e+14	6.4281e-18	1.5708e-17
2.4521e+14	3.0272e-17	1.1038e-17
2.4533e+14	-7.6009e-18	1.2628e-17
2.4545e+14	-8.5158e-18	1.6541e-17
2.4557e+14	3.0175e-17	1.3573e-17
2.4569e+14	7.2534e-18	1.314e-17
2.4581e+14	-1.7841e-17	1.745e-17
2.4594e+14	2.0173e-17	1.4757e-17
2.4606e+14	2.235e-17	1.0226e-17
2.4618e+14	-1.6098e-17	1.3481e-17
2.463e+14	5.5663e-18	1.474e-17
2.4642e+14	3.0028e-17	1.101e-17
2.4654e+14	-7.2111e-18	1.3263e-17
2.4666e+14	-8.9084e-18	1.659e-17
2.4678e+14	2.9247e-17	1.2516e-17
2.469e+14	7.7608e-18	1.1335e-17
2.4702e+14	-1.6241e-17	1.5576e-17
2.4714e+14	2.0614e-17	1.3845e-17
2.4726e+14	2.1558e-17	1.0946e-17
2.4738e+14	-1.6726e-17	1.5161e-17
2.475e+14	5.0706e-18	1.5979e-17
2.4762e+14	2.9377e-17	1.1043e-17
2.4774e+14	-7.3476e-18	1.2459e-17
2.4786e+14	-8.5404e-18	1.6013e-17
2.4798e+14	2.9567e-17	1.2667e-17
2.481e+14	8.3292e-18	1.1197e-17
2.4822e+14	-1.5494e-17	1.3919e-17
2.4834e+14	2.052e-17	1.1245e-17
2.4846e+14	2.0811e-17	9.0903e-18
2.4858e+14	-1.6674e-17	1.4651e-17
2.487e+14	6.1101e-18	1.6213e-17
2.4882e+14	3.0229e-17	1.1395e-17
2.4894e+14	-7.2697e-18	1.2319e-17
2.4906e+14	-8.932e-18	1.4783e-17
2.4918e+14	2.8976e-17	1.0897e-17
2.493e+14	7.5092e-18	1.0724e-17
2.4942e+14	-1.6396e-17	1.5788e-17
2.4954e+14	2.0138e-17	1.4168e-17
2.4966e+14	2.1106e-17	1.0851e-17
2.4978e+14	-1.6687e-17	1.4501e-17
2.499e+14	5.3273e-18	1.5068e-17
2.5002e+14	2.9856e-17	1.0339e-17
2.5014e+14	-6.6662e-18	1.2004e-17
2.5026e+14	-8.414e-18	1.5507e-17
2.5038e+14	2.9154e-17	1.1932e-17
2.505e+14	8.065e-18	1.0537e-17
2.5062e+14	-1.5939e-17	1.4133e-17
2.5074e+14	2.0122e-17	1.2498e-17
2.5086e+14	2.1862e-17	9.8241e-18
2.5098e+14	-1.5191e-17	1.3354e-17
2.511e+14	5.5384e-18	1.4007e-17
2.5122e+14	2.8821e-17	1.0522e-17
2.5134e+14	-6.8609e-18	1.2736e-17
2.5146e+14	-7.7958e-18	1.4732e-17
2.5158e+14	2.9139e-17	9.7885e-18
2.517e+14	7.7211e-18	9.2693e-18
2.5182e+14	-1.5899e-17	1.4389e-17
2.5194e+14	2.0017e-17	1.2611e-17
2.5206e+14	2.1537e-17	8.8739e-18
2.5218e+14	-1.5146e-17	1.24e-17
2.523e+14	5.8494e-18	1.3775e-17
2.5242e+14	2.9405e-17	9.9994e-18
2.5254e+14	-5.6703e-18	1.1228e-17
2.5266e+14	-6.9407e-18	1.3562e-17
2.5278e+14	2.8549e-17	1.0022e-17
2.529e+14	6.5538e-18	9.2842e-18
2.5302e+14	-1.6554e-17	1.2356e-17
2.5314e+14	1.939e-17	9.8296e-18
2.5326e+14	2.0765e-17	7.4885e-18
2.5338e+14	-1.5281e-17	1.1679e-17
2.535e+14	6.0699e-18	1.2168e-17
2.5362e+14	2.8981e-17	8.5679e-18
2.5374e+14	-6.4889e-18	1.1405e-17
2.5386e+14	-7.3461e-18	1.4142e-17
2.5398e+14	2.8578e-17	9.6745e-18
2.541e+14	6.97e-18	9.2027e-18
2.5423e+14	-1.5517e-17	1.3742e-17
2.5435e+14	2.0552e-17	1.1672e-17
2.5447e+14	2.1096e-17	8.666e-18
2.5459e+14	-1.5591e-17	1.2417e-17
2.5471e+14	6.4172e-18	1.2513e-17
2.5483e+14	3.0289e-17	8.067e-18
2.5495e+14	-5.6186e-18	1.0534e-17
2.5507e+14	-7.6122e-18	1.3817e-17
2.5519e+14	2.8521e-17	9.6979e-18
2.5531e+14	7.8352e-18	8.8232e-18
2.5543e+14	-1.5195e-17	1.3034e-17
2.5555e+14	1.9721e-17	1.1195e-17
2.5567e+14	2.0645e-17	8.5022e-18
2.5579e+14	-1.524e-17	1.2268e-17
2.5591e+14	6.2022e-18	1.2224e-17
2.5603e+14	2.9431e-17	7.7636e-18
2.5615e+14	-6.0629e-18	1.0383e-17
2.5627e+14	-7.7959e-18	1.3748e-17
2.5639e+14	2.8192e-17	9.5618e-18
2.5651e+14	7.735e-18	8.7263e-18
2.5663e+14	-1.5508e-17	1.2967e-17
2.5675e+14	1.853e-17	1.0735e-17
2.5687e+14	1.9676e-17	7.7331e-18
2.5699e+14	-1.5194e-17	1.2169e-17
2.5711e+14	5.7865e-18	1.3098e-17
2.5723e+14	2.7918e-17	8.4547e-18
2.5735e+14	-6.8475e-18	1.0113e-17
2.5747e+14	-7.1505e-18	1.3219e-17
2.5759e+14	2.861e-17	9.4482e-18
2.5771e+14	7.1944e-18	8.8399e-18
2.5783e+14	-1.5889e-17	1.3383e-17
2.5795e+14	1.8953e-17	1.1762e-17
2.5807e+14	2.0486e-17	8.5685e-18
2.5819e+14	-1.4342e-17	1.1592e-17
2.5831e+14	6.5871e-18	1.1526e-17
2.5843e+14	2.8492e-17	7.4821e-18
2.5855e+14	-6.6696e-18	1.0074e-17
2.5867e+14	-7.3616e-18	1.2947e-17
2.5879e+14	2.8282e-17	8.4243e-18
2.5891e+14	7.2145e-18	7.857e-18
2.5903e+14	-1.5201e-17	1.2809e-17
2.5915e+14	2.0058e-17	1.0902e-17
2.5927e+14	2.107e-17	7.3366e-18
2.5939e+14	-1.4867e-17	1.097e-17
2.5951e+14	5.9608e-18	1.1645e-17
2.5963e+14	2.8939e-17	7.3048e-18
2.5975e+14	-6.1522e-18	9.6659e-18
2.5987e+14	-8.1151e-18	1.3611e-17
2.5999e+14	2.7462e-17	9.9435e-18
2.6011e+14	7.5283e-18	8.2545e-18
2.6023e+14	-1.5303e-17	1.1356e-17
2.6035e+14	1.8791e-17	8.9239e-18
2.6047e+14	2.0794e-17	5.989e-18
2.6059e+14	-1.3536e-17	1.0387e-17
2.6071e+14	6.7631e-18	1.1773e-17
2.6083e+14	2.8982e-17	7.6926e-18
2.6095e+14	-5.1747e-18	9.1809e-18
2.6107e+14	-6.7228e-18	1.1802e-17
2.6119e+14	2.7801e-17	7.9544e-18
2.6131e+14	7.5513e-18	7.5513e-18
2.6143e+14	-1.4795e-17	1.2172e-17
2.6155e+14	1.881e-17	1.0299e-17
2.6167e+14	1.9978e-17	6.8376e-18
2.6179e+14	-1.4381e-17	1.032e-17
2.6191e+14	5.8552e-18	1.1124e-17
2.6203e+14	2.7698e-17	7.092e-18
2.6215e+14	-6.2636e-18	9.1802e-18
2.6227e+14	-7.3561e-18	1.2437e-17
2.6239e+14	2.7285e-17	8.4788e-18
2.6252e+14	7.3337e-18	7.2586e-18
2.6264e+14	-1.4594e-17	1.1458e-17
2.6276e+14	1.8833e-17	1.0018e-17
2.6288e+14	1.9717e-17	6.9688e-18
2.63e+14	-1.4375e-17	1.0344e-17
2.6312e+14	6.0017e-18	1.1078e-17
2.6324e+14	2.7473e-17	7.1211e-18
2.6336e+14	-6.5771e-18	8.8326e-18
2.6348e+14	-7.1819e-18	1.1362e-17
2.636e+14	2.781e-17	7.2069e-18
2.6372e+14	7.6633e-18	6.6101e-18
2.6384e+14	-1.4609e-17	1.146e-17
2.6396e+14	1.8712e-17	9.842e-18
2.6408e+14	1.9415e-17	6.1415e-18
2.642e+14	-1.5168e-17	9.5944e-18
2.6432e+14	5.2865e-18	1.1135e-17
2.6444e+14	2.7849e-17	7.3339e-18
2.6456e+14	-5.6088e-18	8.4031e-18
2.6468e+14	-6.9738e-18	1.0947e-17
2.648e+14	2.747e-17	7.5045e-18
2.6492e+14	7.6258e-18	6.7871e-18
2.6504e+14	-1.4765e-17	1.0754e-17
2.6516e+14	1.8422e-17	8.968e-18
2.6528e+14	2.0121e-17	5.7612e-18
2.654e+14	-1.3968e-17	9.2883e-18
2.6552e+14	5.3414e-18	1.0606e-17
2.6564e+14	2.752e-17	6.8719e-18
2.6576e+14	-4.7889e-18	8.1618e-18
2.6588e+14	-6.2119e-18	1.0954e-17
2.66e+14	2.6819e-17	7.7508e-18
2.6612e+14	6.9058e-18	6.8629e-18
2.6624e+14	-1.4608e-17	1.04e-17
2.6636e+14	1.8379e-17	8.6409e-18
2.6648e+14	1.9879e-17	5.7715e-18
2.666e+14	-1.3201e-17	9.3935e-18
2.6672e+14	6.5879e-18	1.0704e-17
2.6684e+14	2.7734e-17	6.7054e-18
2.6696e+14	-5.6225e-18	7.0699e-18
2.6708e+14	-7.2224e-18	9.3898e-18
2.672e+14	2.6192e-17	7.2783e-18
2.6732e+14	7.0396e-18	7.5447e-18
2.6744e+14	-1.3979e-17	1.0793e-17
2.6756e+14	1.8503e-17	8.5705e-18
2.6768e+14	1.9219e-17	5.8651e-18
2.678e+14	-1.3836e-17	8.8187e-18
2.6792e+14	6.517e-18	9.0119e-18
2.6804e+14	2.797e-17	5.8945e-18
2.6816e+14	-5.4294e-18	8.299e-18
2.6828e+14	-6.9781e-18	1.0494e-17
2.684e+14	2.677e-17	6.4641e-18
2.6852e+14	7.591e-18	6.0884e-18
2.6864e+14	-1.4165e-17	9.9828e-18
2.6876e+14	1.8178e-17	7.7537e-18
2.6888e+14	2.004e-17	4.8524e-18
2.69e+14	-1.2641e-17	8.6567e-18
2.6912e+14	6.2242e-18	9.7086e-18
2.6924e+14	2.6853e-17	6.2492e-18
2.6936e+14	-5.3187e-18	7.9519e-18
2.6948e+14	-5.9334e-18	1.0122e-17
2.696e+14	2.7273e-17	6.5271e-18
2.6972e+14	7.8055e-18	6.5919e-18
2.6984e+14	-1.3626e-17	1.0697e-17
2.6996e+14	1.8313e-17	8.1876e-18
2.7008e+14	1.9398e-17	4.7041e-18
2.702e+14	-1.3214e-17	8.0807e-18
2.7032e+14	6.1335e-18	8.7657e-18
2.7044e+14	2.6707e-17	4.9515e-18
2.7056e+14	-5.9095e-18	6.9011e-18
2.7068e+14	-6.8083e-18	9.8496e-18
2.708e+14	2.6398e-17	6.4747e-18
2.7093e+14	6.9804e-18	6.0851e-18
2.7105e+14	-1.4403e-17	1.0202e-17
2.7117e+14	1.7952e-17	8.3134e-18
2.7129e+14	1.9652e-17	5.067e-18
2.7141e+14	-1.2974e-17	8.2986e-18
2.7153e+14	6.0296e-18	9.2605e-18
2.7165e+14	2.6929e-17	5.9309e-18
2.7177e+14	-5.413e-18	7.8866e-18
2.7189e+14	-6.9721e-18	1.0568e-17
2.7201e+14	2.601e-17	6.9724e-18
2.7213e+14	7.4188e-18	6.1789e-18
2.7225e+14	-1.3979e-17	9.9812e-18
2.7237e+14	1.7418e-17	8.5172e-18
2.7249e+14	1.9319e-17	5.9876e-18
2.7261e+14	-1.2559e-17	9.2045e-18
2.7273e+14	5.7809e-18	9.553e-18
2.7285e+14	2.6024e-17	5.8403e-18
2.7297e+14	-5.2685e-18	7.7209e-18
2.7309e+14	-5.956e-18	1.0314e-17
2.7321e+14	2.6488e-17	6.7056e-18
2.7333e+14	7.8383e-18	6.0455e-18
2.7345e+14	-1.2607e-17	9.9081e-18
2.7357e+14	1.8943e-17	8.4039e-18
2.7369e+14	1.9997e-17	5.7961e-18
2.7381e+14	-1.2352e-17	8.7136e-18
2.7393e+14	6.0885e-18	8.5958e-18
2.7405e+14	2.6358e-17	4.7161e-18
2.7417e+14	-5.2063e-18	6.7906e-18
2.7429e+14	-6.3661e-18	9.5154e-18
2.7441e+14	2.5785e-17	6.0108e-18
2.7453e+14	7.2108e-18	5.7263e-18
2.7465e+14	-1.3319e-17	9.7294e-18
2.7477e+14	1.788e-17	7.5217e-18
2.7489e+14	1.9048e-17	4.2143e-18
2.7501e+14	-1.2702e-17	7.7088e-18
2.7513e+14	6.1333e-18	8.9177e-18
2.7525e+14	2.6551e-17	5.652e-18
2.7537e+14	-4.9177e-18	7.6034e-18
2.7549e+14	-6.0961e-18	1.0203e-17
2.7561e+14	2.6198e-17	6.2843e-18
2.7573e+14	7.9574e-18	5.1852e-18
2.7585e+14	-1.2578e-17	9.1638e-18
2.7597e+14	1.8479e-17	7.9624e-18
2.7609e+14	1.9716e-17	5.0961e-18
2.7621e+14	-1.2549e-17	8.0332e-18
2.7633e+14	5.3125e-18	9.0233e-18
2.7645e+14	2.5985e-17	5.7975e-18
2.7657e+14	-4.3456e-18	6.8795e-18
2.7669e+14	-5.5727e-18	8.7919e-18
2.7681e+14	2.5966e-17	5.9562e-18
2.7693e+14	7.8455e-18	5.9609e-18
2.7705e+14	-1.2621e-17	8.9923e-18
2.7717e+14	1.7848e-17	6.728e-18
2.7729e+14	1.9477e-17	4.8046e-18
2.7741e+14	-1.1621e-17	8.6057e-18
2.7753e+14	6.1435e-18	8.4527e-18
2.7765e+14	2.6071e-17	4.3299e-18
2.7777e+14	-4.079e-18	6.4777e-18
2.7789e+14	-5.2698e-18	9.198e-18
2.7801e+14	2.5524e-17	5.5247e-18
2.7813e+14	7.4716e-18	5.0388e-18
2.7825e+14	-1.2284e-17	8.8395e-18
2.7837e+14	1.7715e-17	6.9778e-18
2.7849e+14	1.8396e-17	4.7752e-18
2.7861e+14	-1.246e-17	8.8172e-18
2.7873e+14	5.8552e-18	9.0559e-18
2.7885e+14	2.5559e-17	4.5805e-18
2.7897e+14	-4.551e-18	6.5071e-18
2.7909e+14	-4.9441e-18	9.7562e-18
2.7922e+14	2.6089e-17	6.2578e-18
2.7934e+14	7.1843e-18	5.3355e-18
2.7946e+14	-1.3261e-17	9.1681e-18
2.7958e+14	1.7223e-17	7.4668e-18
2.797e+14	1.8908e-17	4.4154e-18
2.7982e+14	-1.1694e-17	7.5526e-18
2.7994e+14	6.0529e-18	8.3627e-18
2.8006e+14	2.5226e-17	4.9656e-18
2.8018e+14	-5.1993e-18	6.7441e-18
2.803e+14	-5.7471e-18	9.1597e-18
2.8042e+14	2.5938e-17	5.6016e-18
2.8054e+14	8.1816e-18	5.1664e-18
2.8066e+14	-1.2223e-17	8.9185e-18
2.8078e+14	1.7337e-17	6.6732e-18
2.809e+14	1.8905e-17	3.6901e-18
2.8102e+14	-1.1199e-17	7.688e-18
2.8114e+14	6.345e-18	9.0303e-18
2.8126e+14	2.53e-17	5.1906e-18
2.8138e+14	-4.6032e-18	6.3944e-18
2.815e+14	-5.2382e-18	8.8809e-18
2.8162e+14	2.535e-17	5.6353e-18
2.8174e+14	7.2941e-18	5.46e-18
2.8186e+14	-1.2204e-17	9.6757e-18
2.8198e+14	1.7731e-17	7.5939e-18
2.821e+14	1.8568e-17	3.881e-18
2.8222e+14	-1.2011e-17	7.1903e-18
2.8234e+14	6.2009e-18	8.7115e-18
2.8246e+14	2.6049e-17	4.9491e-18
2.8258e+14	-4.2042e-18	5.686e-18
2.827e+14	-6.0774e-18	8.3505e-18
2.8282e+14	2.4301e-17	5.7297e-18
2.8294e+14	7.1326e-18	4.9403e-18
2.8306e+14	-1.226e-17	7.9582e-18
2.8318e+14	1.7211e-17	6.3095e-18
2.833e+14	1.8769e-17	4.0193e-18
2.8342e+14	-1.0958e-17	7.4615e-18
2.8354e+14	6.2961e-18	8.2517e-18
2.8366e+14	2.4959e-17	4.6492e-18
2.8378e+14	-4.6707e-18	5.9381e-18
2.839e+14	-5.5549e-18	8.3565e-18
2.8402e+14	2.4688e-17	5.4015e-18
2.8414e+14	7.3461e-18	5.0584e-18
2.8426e+14	-1.1776e-17	8.5366e-18
2.8438e+14	1.7465e-17	6.6227e-18
2.845e+14	1.858e-17	3.8739e-18
2.8462e+14	-1.0948e-17	7.2608e-18
2.8474e+14	6.5721e-18	8.3143e-18
2.8486e+14	2.499e-17	5.0862e-18
2.8498e+14	-4.7655e-18	6.6394e-18
2.851e+14	-5.3387e-18	8.8638e-18
2.8522e+14	2.5039e-17	5.3511e-18
2.8534e+14	7.3414e-18	4.7528e-18
2.8546e+14	-1.2117e-17	8.5514e-18
2.8558e+14	1.7277e-17	7.0036e-18
2.857e+14	1.8576e-17	4.2465e-18
2.8582e+14	-1.1395e-17	7.4214e-18
2.8594e+14	5.7845e-18	8.151e-18
2.8606e+14	2.4967e-17	4.3967e-18
2.8618e+14	-3.9982e-18	5.6181e-18
2.863e+14	-5.1487e-18	8.1356e-18
2.8642e+14	2.4424e-17	5.0557e-18
2.8654e+14	7.0513e-18	4.4095e-18
2.8666e+14	-1.1937e-17	8.0283e-18
2.8678e+14	1.7322e-17	6.6199e-18
2.869e+14	1.8707e-17	4.0299e-18
2.8702e+14	-1.1077e-17	7.2625e-18
2.8714e+14	5.6811e-18	8.2085e-18
2.8726e+14	2.4681e-17	4.6014e-18
2.8738e+14	-3.7502e-18	5.6377e-18
2.8751e+14	-4.8639e-18	8.1001e-18
2.8763e+14	2.4214e-17	5.182e-18
2.8775e+14	7.0738e-18	4.3037e-18
2.8787e+14	-1.1464e-17	7.5962e-18
2.8799e+14	1.737e-17	6.5516e-18
2.8811e+14	1.8441e-17	4.2885e-18
2.8823e+14	-1.0679e-17	6.8719e-18
2.8835e+14	6.4495e-18	7.2516e-18
2.8847e+14	2.4647e-17	4.1772e-18
2.8859e+14	-4.7206e-18	5.6848e-18
2.8871e+14	-5.8286e-18	7.7377e-18
2.8883e+14	2.4041e-17	4.7314e-18
2.8895e+14	7.5774e-18	4.5294e-18
2.8907e+14	-1.1091e-17	7.9361e-18
2.8919e+14	1.7192e-17	6.2129e-18
2.8931e+14	1.8133e-17	3.7632e-18
2.8943e+14	-1.0682e-17	6.8079e-18
2.8955e+14	6.9463e-18	7.3347e-18
2.8967e+14	2.5891e-17	4.1108e-18
2.8979e+14	-3.0951e-18	5.8184e-18
2.8991e+14	-4.7553e-18	8.2309e-18
2.9003e+14	2.4549e-17	5.2549e-18
2.9015e+14	8.0367e-18	4.902e-18
2.9027e+14	-1.1186e-17	8.2809e-18
2.9039e+14	1.6296e-17	6.5736e-18
2.9051e+14	1.772e-17	3.9666e-18
2.9063e+14	-1.025e-17	6.6552e-18
2.9075e+14	6.5464e-18	6.8899e-18
2.9087e+14	2.4149e-17	3.7037e-18
2.9099e+14	-4.5062e-18	5.5746e-18
2.9111e+14	-5.1028e-18	7.8678e-18
2.9123e+14	2.4231e-17	4.5538e-18
2.9135e+14	7.3752e-18	3.9704e-18
2.9147e+14	-1.1359e-17	7.3534e-18
2.9159e+14	1.6948e-17	6.0499e-18
2.9171e+14	1.8388e-17	4.236e-18
2.9183e+14	-1.0434e-17	7.3578e-18
2.9195e+14	5.9426e-18	7.1785e-18
2.9207e+14	2.4388e-17	3.5779e-18
2.9219e+14	-3.5574e-18	5.6856e-18
2.9231e+14	-4.9598e-18	8.0479e-18
2.9243e+14	2.3542e-17	4.2658e-18
2.9255e+14	7.4164e-18	3.7354e-18
2.9267e+14	-1.0552e-17	7.7431e-18
2.9279e+14	1.7063e-17	6.2178e-18
2.9291e+14	1.7671e-17	3.4265e-18
2.9303e+14	-1.1005e-17	6.4194e-18
2.9315e+14	5.6981e-18	6.9137e-18
2.9327e+14	2.4262e-17	3.5214e-18
2.9339e+14	-3.4464e-18	5.625e-18
2.9351e+14	-4.826e-18	8.4404e-18
2.9363e+14	2.3313e-17	4.6855e-18
2.9375e+14	6.9036e-18	3.3531e-18
2.9387e+14	-1.1261e-17	7.1139e-18
2.9399e+14	1.6185e-17	6.3578e-18
2.9411e+14	1.7125e-17	4.0341e-18
2.9423e+14	-1.0845e-17	6.7751e-18
2.9435e+14	6.2508e-18	7.0804e-18
2.9447e+14	2.4894e-17	3.5374e-18
2.9459e+14	-2.8702e-18	5.2278e-18
2.9471e+14	-4.5831e-18	7.9695e-18
2.9483e+14	2.3357e-17	4.6498e-18
2.9495e+14	7.3351e-18	3.4664e-18
2.9507e+14	-1.0376e-17	6.9609e-18
2.9519e+14	1.716e-17	6.0558e-18
2.9531e+14	1.8022e-17	3.6413e-18
2.9543e+14	-1.0345e-17	6.2568e-18
2.9555e+14	6.0686e-18	6.6988e-18
2.9567e+14	2.4445e-17	3.2054e-18
2.9579e+14	-3.2465e-18	4.5044e-18
2.9592e+14	-5.0931e-18	7.3574e-18
2.9604e+14	2.3051e-17	5.077e-18
2.9616e+14	7.7042e-18	4.3353e-18
2.9628e+14	-9.9988e-18	6.9685e-18
2.964e+14	1.7129e-17	5.4632e-18
2.9652e+14	1.8387e-17	3.4509e-18
2.9664e+14	-9.8357e-18	6.3382e-18
2.9676e+14	5.3658e-18	6.7224e-18
2.9688e+14	2.3253e-17	3.5853e-18
2.97e+14	-2.9655e-18	4.9657e-18
2.9712e+14	-3.9199e-18	6.9019e-18
2.9724e+14	2.3102e-17	4.13e-18
2.9736e+14	6.6533e-18	4.3094e-18
2.9748e+14	-1.1003e-17	7.6746e-18
2.976e+14	1.6297e-17	5.6427e-18
2.9772e+14	1.7663e-17	3.2279e-18
2.9784e+14	-9.9141e-18	6.5751e-18
2.9796e+14	6.103e-18	7.1015e-18
2.9808e+14	2.4213e-17	3.5797e-18
2.982e+14	-2.5216e-18	5.1976e-18
2.9832e+14	-4.0368e-18	7.7532e-18
2.9844e+14	2.3361e-17	4.7303e-18
2.9856e+14	7.7343e-18	4.1445e-18
2.9868e+14	-1.0146e-17	7.4041e-18
2.988e+14	1.6489e-17	5.6435e-18
2.9892e+14	1.8327e-17	3.0787e-18
2.9904e+14	-8.8858e-18	6.1701e-18
2.9916e+14	5.8644e-18	6.7323e-18
2.9928e+14	2.3022e-17	3.1497e-18
2.994e+14	-2.9927e-18	4.5357e-18
2.9952e+14	-4.2134e-18	7.1032e-18
2.9964e+14	2.2563e-17	4.191e-18
2.9976e+14	7.5299e-18	3.5076e-18
2.9988e+14	-9.2704e-18	6.8408e-18
3e+14	1.6644e-17	5.5179e-18
