#Error on normalization	O = -1.384 %	H = 3.646 %
#Frequence (s-1)	S_O (s)	S_H (s)
0	1.8966e-15	3.8826e-15
2.6132e+11	-4.5052e-17	3.8242e-15
5.2265e+11	-1.2466e-15	3.7921e-15
7.8397e+11	1.1545e-15	3.968e-15
1.0453e+12	1.4122e-15	4.1735e-15
1.3066e+12	-9.3047e-16	4.0983e-15
1.5679e+12	5.3392e-16	3.9365e-15
1.8293e+12	3.5733e-15	4.1055e-15
2.0906e+12	1.9561e-15	4.4671e-15
2.3519e+12	2.0141e-15	4.6811e-15
2.6132e+12	1.2046e-14	4.8968e-15
2.8746e+12	2.4154e-14	5.3246e-15
3.1359e+12	2.677e-14	5.7703e-15
3.3972e+12	2.2293e-14	5.9559e-15
3.6585e+12	1.7811e-14	5.7429e-15
3.9199e+12	1.4167e-14	5.3225e-15
4.1812e+12	1.1819e-14	5.3069e-15
4.4425e+12	1.2288e-14	5.757e-15
4.7038e+12	1.3902e-14	5.8045e-15
4.9652e+12	1.6719e-14	5.3727e-15
5.2265e+12	2.2802e-14	5.5519e-15
5.4878e+12	2.7543e-14	6.3331e-15
5.7491e+12	2.6446e-14	6.5901e-15
6.0105e+12	2.7067e-14	6.5127e-15
6.2718e+12	3.5729e-14	6.9734e-15
6.5331e+12	4.4173e-14	7.3886e-15
6.7944e+12	4.6616e-14	7.158e-15
7.0557e+12	5.0701e-14	7.1935e-15
7.3171e+12	5.8576e-14	7.8668e-15
7.5784e+12	6.1365e-14	8.2227e-15
7.8397e+12	5.8993e-14	8.1189e-15
8.101e+12	6.013e-14	8.262e-15
8.3624e+12	6.3166e-14	8.5643e-15
8.6237e+12	6.0305e-14	8.659e-15
8.885e+12	5.3493e-14	8.6312e-15
9.1463e+12	4.8448e-14	8.4025e-15
9.4077e+12	4.4489e-14	8.1065e-15
9.669e+12	4.1164e-14	8.3128e-15
9.9303e+12	4.0845e-14	8.71e-15
1.0192e+13	4.0967e-14	8.6358e-15
1.0453e+13	3.8697e-14	8.7332e-15
1.0714e+13	4.0057e-14	9.3699e-15
1.0976e+13	4.8507e-14	9.3136e-15
1.1237e+13	5.3529e-14	8.4353e-15
1.1498e+13	4.8555e-14	8.398e-15
1.176e+13	4.6803e-14	9.4164e-15
1.2021e+13	5.8349e-14	1.0257e-14
1.2282e+13	6.8443e-14	1.0765e-14
1.2544e+13	6.2563e-14	1.0973e-14
1.2805e+13	5.24e-14	1.0416e-14
1.3066e+13	5.2141e-14	1.0065e-14
1.3328e+13	5.4688e-14	1.0797e-14
1.3589e+13	5.3871e-14	1.0893e-14
1.385e+13	5.7548e-14	9.6886e-15
1.4111e+13	6.2271e-14	9.7989e-15
1.4373e+13	5.4589e-14	1.1707e-14
1.4634e+13	4.3467e-14	1.2359e-14
1.4895e+13	4.664e-14	1.1314e-14
1.5157e+13	5.3086e-14	1.0997e-14
1.5418e+13	4.6133e-14	1.1341e-14
1.5679e+13	4.0488e-14	1.1111e-14
1.5941e+13	5.095e-14	1.1257e-14
1.6202e+13	5.9485e-14	1.1985e-14
1.6463e+13	5.128e-14	1.1859e-14
1.6725e+13	4.2332e-14	1.1672e-14
1.6986e+13	4.6122e-14	1.2839e-14
1.7247e+13	5.3573e-14	1.3517e-14
1.7509e+13	5.6011e-14	1.2352e-14
1.777e+13	5.4816e-14	1.1677e-14
1.8031e+13	5.2542e-14	1.2775e-14
1.8293e+13	5.392e-14	1.3901e-14
1.8554e+13	6.0342e-14	1.4346e-14
1.8815e+13	6.0666e-14	1.4596e-14
1.9077e+13	4.9075e-14	1.4277e-14
1.9338e+13	3.9413e-14	1.4061e-14
1.9599e+13	4.0477e-14	1.5158e-14
1.9861e+13	4.0965e-14	1.5868e-14
2.0122e+13	3.4362e-14	1.471e-14
2.0383e+13	2.9212e-14	1.4324e-14
2.0645e+13	2.796e-14	1.5973e-14
2.0906e+13	2.4366e-14	1.6332e-14
2.1167e+13	1.9965e-14	1.4838e-14
2.1429e+13	2.0252e-14	1.5402e-14
2.169e+13	2.2718e-14	1.7946e-14
2.1951e+13	2.2683e-14	1.8278e-14
2.2213e+13	2.0502e-14	1.6583e-14
2.2474e+13	1.7852e-14	1.6336e-14
2.2735e+13	1.5679e-14	1.7227e-14
2.2997e+13	1.4684e-14	1.7203e-14
2.3258e+13	1.3804e-14	1.7149e-14
2.3519e+13	1.2232e-14	1.7967e-14
2.378e+13	1.1304e-14	1.8231e-14
2.4042e+13	1.0873e-14	1.7652e-14
2.4303e+13	9.4647e-15	1.7848e-14
2.4564e+13	8.4525e-15	1.9037e-14
2.4826e+13	9.1344e-15	1.9725e-14
2.5087e+13	9.4134e-15	1.9095e-14
2.5348e+13	8.5787e-15	1.792e-14
2.561e+13	8.4713e-15	1.7856e-14
2.5871e+13	8.4583e-15	1.9377e-14
2.6132e+13	7.1511e-15	2.0379e-14
2.6394e+13	6.3016e-15	1.9239e-14
2.6655e+13	6.778e-15	1.7992e-14
2.6916e+13	6.7095e-15	1.8833e-14
2.7178e+13	6.1456e-15	2.0147e-14
2.7439e+13	6.3254e-15	1.9909e-14
2.77e+13	6.0475e-15	1.9169e-14
2.7962e+13	4.8147e-15	1.9164e-14
2.8223e+13	4.5804e-15	1.9372e-14
2.8484e+13	5.3521e-15	1.9731e-14
2.8746e+13	5.3456e-15	2.0462e-14
2.9007e+13	4.863e-15	2.0445e-14
2.9268e+13	4.7168e-15	1.9373e-14
2.953e+13	4.3437e-15	1.8851e-14
2.9791e+13	4.0312e-15	1.9195e-14
3.0052e+13	4.3455e-15	1.9055e-14
3.0314e+13	4.2593e-15	1.8644e-14
3.0575e+13	3.6288e-15	1.8901e-14
3.0836e+13	3.7438e-15	1.887e-14
3.1098e+13	4.0401e-15	1.8024e-14
3.1359e+13	3.352e-15	1.8159e-14
3.162e+13	2.8789e-15	1.9746e-14
3.1882e+13	3.4518e-15	2.0325e-14
3.2143e+13	3.7181e-15	1.8732e-14
3.2404e+13	3.3488e-15	1.6975e-14
3.2666e+13	3.293e-15	1.6812e-14
3.2927e+13	3.2547e-15	1.7605e-14
3.3188e+13	2.8557e-15	1.7945e-14
3.3449e+13	2.7454e-15	1.7606e-14
3.3711e+13	2.7814e-15	1.7548e-14
3.3972e+13	2.4962e-15	1.8173e-14
3.4233e+13	2.5123e-15	1.8484e-14
3.4495e+13	2.8223e-15	1.8082e-14
3.4756e+13	2.5565e-15	1.8063e-14
3.5017e+13	2.2097e-15	1.824e-14
3.5279e+13	2.5118e-15	1.6974e-14
3.554e+13	2.6339e-15	1.5301e-14
3.5801e+13	2.2728e-15	1.615e-14
3.6063e+13	2.2855e-15	1.8508e-14
3.6324e+13	2.4648e-15	1.8566e-14
3.6585e+13	2.278e-15	1.6566e-14
3.6847e+13	2.2962e-15	1.6024e-14
3.7108e+13	2.4404e-15	1.7306e-14
3.7369e+13	2.0408e-15	1.7966e-14
3.7631e+13	1.8549e-15	1.7491e-14
3.7892e+13	2.3688e-15	1.7051e-14
3.8153e+13	2.3589e-15	1.6784e-14
3.8415e+13	1.7637e-15	1.626e-14
3.8676e+13	1.9103e-15	1.5715e-14
3.8937e+13	2.3769e-15	1.5635e-14
3.9199e+13	2.1433e-15	1.618e-14
3.946e+13	1.981e-15	1.6919e-14
3.9721e+13	2.2704e-15	1.6991e-14
3.9983e+13	2.0946e-15	1.6292e-14
4.0244e+13	1.7266e-15	1.5783e-14
4.0505e+13	1.9076e-15	1.6084e-14
4.0767e+13	1.9401e-15	1.6873e-14
4.1028e+13	1.5944e-15	1.7487e-14
4.1289e+13	1.7256e-15	1.7311e-14
4.1551e+13	1.9945e-15	1.6592e-14
4.1812e+13	1.7321e-15	1.6604e-14
4.2073e+13	1.6614e-15	1.7262e-14
4.2334e+13	1.9474e-15	1.661e-14
4.2596e+13	1.7747e-15	1.485e-14
4.2857e+13	1.5776e-15	1.4923e-14
4.3118e+13	1.899e-15	1.6934e-14
4.338e+13	1.8067e-15	1.7395e-14
4.3641e+13	1.3071e-15	1.5647e-14
4.3902e+13	1.5819e-15	1.4861e-14
4.4164e+13	2.0207e-15	1.5845e-14
4.4425e+13	1.5403e-15	1.607e-14
4.4686e+13	1.2067e-15	1.4957e-14
4.4948e+13	1.7174e-15	1.4657e-14
4.5209e+13	1.8659e-15	1.5679e-14
4.547e+13	1.4736e-15	1.5995e-14
4.5732e+13	1.5027e-15	1.4743e-14
4.5993e+13	1.6295e-15	1.3772e-14
4.6254e+13	1.3819e-15	1.444e-14
4.6516e+13	1.3668e-15	1.52e-14
4.6777e+13	1.5188e-15	1.455e-14
4.7038e+13	1.3223e-15	1.3986e-14
4.73e+13	1.3124e-15	1.4783e-14
4.7561e+13	1.6271e-15	1.5006e-14
4.7822e+13	1.4586e-15	1.3644e-14
4.8084e+13	1.1097e-15	1.3212e-14
4.8345e+13	1.3247e-15	1.4494e-14
4.8606e+13	1.4564e-15	1.461e-14
4.8868e+13	1.1256e-15	1.3027e-14
4.9129e+13	1.1117e-15	1.2542e-14
4.939e+13	1.2988e-15	1.3254e-14
4.9652e+13	1.0557e-15	1.2763e-14
4.9913e+13	9.3788e-16	1.1434e-14
5.0174e+13	1.2259e-15	1.1137e-14
5.0436e+13	1.1928e-15	1.1419e-14
5.0697e+13	1.0183e-15	1.1394e-14
5.0958e+13	1.2574e-15	1.1535e-14
5.122e+13	1.2638e-15	1.1557e-14
5.1481e+13	8.478e-16	1.0727e-14
5.1742e+13	9.0519e-16	9.9257e-15
5.2003e+13	1.2125e-15	9.8923e-15
5.2265e+13	9.8407e-16	9.7917e-15
5.2526e+13	8.1206e-16	9.5171e-15
5.2787e+13	1.0867e-15	9.8482e-15
5.3049e+13	1.0116e-15	1.0069e-14
5.331e+13	6.8882e-16	9.1413e-15
5.3571e+13	8.5331e-16	7.9961e-15
5.3833e+13	1.0048e-15	7.7917e-15
5.4094e+13	7.5439e-16	8.1087e-15
5.4355e+13	8.1536e-16	8.293e-15
5.4617e+13	1.0972e-15	8.2117e-15
5.4878e+13	9.0808e-16	7.7269e-15
5.5139e+13	7.2145e-16	7.1446e-15
5.5401e+13	9.3058e-16	7.0416e-15
5.5662e+13	8.7271e-16	7.1518e-15
5.5923e+13	6.1124e-16	7.0212e-15
5.6185e+13	7.8094e-16	6.9599e-15
5.6446e+13	9.3208e-16	7.0493e-15
5.6707e+13	6.9918e-16	6.9339e-15
5.6969e+13	7.2118e-16	6.8903e-15
5.723e+13	9.502e-16	7.094e-15
5.7491e+13	7.9371e-16	6.8869e-15
5.7753e+13	6.6744e-16	6.3838e-15
5.8014e+13	8.7855e-16	6.5135e-15
5.8275e+13	8.0715e-16	6.823e-15
5.8537e+13	5.5038e-16	6.2521e-15
5.8798e+13	7.026e-16	5.464e-15
5.9059e+13	8.1797e-16	5.4023e-15
5.9321e+13	5.7015e-16	5.397e-15
5.9582e+13	5.9202e-16	5.0297e-15
5.9843e+13	8.1267e-16	5.1312e-15
6.0105e+13	6.2971e-16	5.6679e-15
6.0366e+13	4.741e-16	5.6684e-15
6.0627e+13	7.1645e-16	5.3253e-15
6.0889e+13	7.5507e-16	5.4528e-15
6.115e+13	5.77e-16	5.712e-15
6.1411e+13	7.0047e-16	5.4254e-15
6.1672e+13	7.6821e-16	4.919e-15
6.1934e+13	5.3421e-16	4.8377e-15
6.2195e+13	5.7369e-16	5.1564e-15
6.2456e+13	7.6618e-16	5.3653e-15
6.2718e+13	5.6478e-16	5.1856e-15
6.2979e+13	4.4665e-16	4.9288e-15
6.324e+13	7.298e-16	4.9187e-15
6.3502e+13	7.3187e-16	4.9036e-15
6.3763e+13	4.6096e-16	4.7723e-15
6.4024e+13	5.5323e-16	4.9456e-15
6.4286e+13	6.8233e-16	5.26e-15
6.4547e+13	4.9233e-16	5.0669e-15
6.4808e+13	5.214e-16	4.7452e-15
6.507e+13	7.3291e-16	4.9357e-15
6.5331e+13	5.586e-16	4.9324e-15
6.5592e+13	3.82e-16	4.2486e-15
6.5854e+13	5.9926e-16	4.0144e-15
6.6115e+13	6.4711e-16	4.6834e-15
6.6376e+13	4.4839e-16	5.0052e-15
6.6638e+13	5.3944e-16	4.5727e-15
6.6899e+13	6.5994e-16	4.3337e-15
6.716e+13	4.7556e-16	4.461e-15
6.7422e+13	4.5745e-16	4.5203e-15
6.7683e+13	6.379e-16	4.6642e-15
6.7944e+13	5.4804e-16	4.8004e-15
6.8206e+13	4.5945e-16	4.5541e-15
6.8467e+13	6.3857e-16	4.4547e-15
6.8728e+13	6.1047e-16	4.8206e-15
6.899e+13	4.146e-16	4.704e-15
6.9251e+13	5.4668e-16	4.0185e-15
6.9512e+13	6.7036e-16	4.0954e-15
6.9774e+13	4.5132e-16	4.8913e-15
7.0035e+13	4.101e-16	5.03e-15
7.0296e+13	6.2125e-16	4.6203e-15
7.0557e+13	5.7669e-16	4.6247e-15
7.0819e+13	4.6667e-16	4.694e-15
7.108e+13	5.9266e-16	4.3569e-15
7.1341e+13	5.7694e-16	4.197e-15
7.1603e+13	4.2119e-16	4.3614e-15
7.1864e+13	5.4121e-16	4.362e-15
7.2125e+13	6.5412e-16	4.3599e-15
7.2387e+13	4.6712e-16	4.5358e-15
7.2648e+13	4.2011e-16	4.4741e-15
7.2909e+13	5.7395e-16	4.3385e-15
7.3171e+13	5.0856e-16	4.6049e-15
7.3432e+13	4.1777e-16	4.7829e-15
7.3693e+13	5.5697e-16	4.5339e-15
7.3955e+13	5.6527e-16	4.5544e-15
7.4216e+13	4.198e-16	4.8102e-15
7.4477e+13	4.8175e-16	4.4579e-15
7.4739e+13	5.5894e-16	3.9807e-15
7.5e+13	4.5456e-16	4.3342e-15
7.5261e+13	4.7851e-16	4.7493e-15
7.5523e+13	5.7061e-16	4.3011e-15
7.5784e+13	4.4723e-16	3.8172e-15
7.6045e+13	4.1093e-16	4.0569e-15
7.6307e+13	5.8282e-16	4.4358e-15
7.6568e+13	5.3476e-16	4.5917e-15
7.6829e+13	3.9136e-16	4.7353e-15
7.7091e+13	5.4042e-16	4.625e-15
7.7352e+13	6.1073e-16	4.1646e-15
7.7613e+13	3.9024e-16	3.926e-15
7.7875e+13	3.9704e-16	4.0555e-15
7.8136e+13	6.075e-16	4.2047e-15
7.8397e+13	5.2912e-16	4.4413e-15
7.8659e+13	4.0598e-16	4.7455e-15
7.892e+13	5.4884e-16	4.6641e-15
7.9181e+13	5.8832e-16	4.3767e-15
7.9443e+13	4.665e-16	4.4557e-15
7.9704e+13	5.117e-16	4.5704e-15
7.9965e+13	5.3403e-16	4.2685e-15
8.0226e+13	3.9367e-16	4.1191e-15
8.0488e+13	4.4271e-16	4.4679e-15
8.0749e+13	5.7577e-16	4.6194e-15
8.101e+13	4.4377e-16	4.2948e-15
8.1272e+13	3.7785e-16	4.0989e-15
8.1533e+13	5.6853e-16	4.2183e-15
8.1794e+13	5.5727e-16	4.3053e-15
8.2056e+13	3.9162e-16	4.348e-15
8.2317e+13	4.9319e-16	4.4767e-15
8.2578e+13	5.7059e-16	4.5691e-15
8.284e+13	3.8366e-16	4.6103e-15
8.3101e+13	3.9402e-16	4.7336e-15
8.3362e+13	6.0574e-16	4.8776e-15
8.3624e+13	5.3955e-16	4.8882e-15
8.3885e+13	3.9708e-16	4.7386e-15
8.4146e+13	5.0716e-16	4.5619e-15
8.4408e+13	5.5158e-16	4.599e-15
8.4669e+13	4.5304e-16	4.8031e-15
8.493e+13	5.2345e-16	4.7426e-15
8.5192e+13	5.9838e-16	4.4249e-15
8.5453e+13	4.9858e-16	4.4224e-15
8.5714e+13	5.2185e-16	4.7234e-15
8.5976e+13	6.1609e-16	4.7561e-15
8.6237e+13	4.8244e-16	4.6142e-15
8.6498e+13	4.1368e-16	4.6911e-15
8.676e+13	6.0543e-16	4.6847e-15
8.7021e+13	6.3697e-16	4.4607e-15
8.7282e+13	4.9447e-16	4.5708e-15
8.7544e+13	5.5752e-16	4.8818e-15
8.7805e+13	6.1972e-16	4.6844e-15
8.8066e+13	4.6289e-16	4.4148e-15
8.8328e+13	4.5681e-16	4.8585e-15
8.8589e+13	6.115e-16	5.315e-15
8.885e+13	5.3664e-16	5.0076e-15
8.9111e+13	4.2817e-16	4.7738e-15
8.9373e+13	5.6714e-16	5.2488e-15
8.9634e+13	6.2772e-16	5.5552e-15
8.9895e+13	5.1223e-16	5.2062e-15
9.0157e+13	5.4264e-16	4.8577e-15
9.0418e+13	6.1092e-16	4.7221e-15
9.0679e+13	5.0347e-16	4.6145e-15
9.0941e+13	4.7507e-16	4.9614e-15
9.1202e+13	5.9336e-16	5.7133e-15
9.1463e+13	5.9427e-16	5.7906e-15
9.1725e+13	5.4883e-16	5.125e-15
9.1986e+13	5.9196e-16	5.0289e-15
9.2247e+13	5.525e-16	5.6357e-15
9.2509e+13	4.7717e-16	5.634e-15
9.277e+13	5.5437e-16	4.925e-15
9.3031e+13	6.0487e-16	4.7688e-15
9.3293e+13	5.4322e-16	5.3025e-15
9.3554e+13	5.9012e-16	5.4957e-15
9.3815e+13	6.4084e-16	5.2383e-15
9.4077e+13	5.1765e-16	5.2093e-15
9.4338e+13	5.0053e-16	5.2643e-15
9.4599e+13	6.4818e-16	4.8881e-15
9.4861e+13	6.0563e-16	4.4905e-15
9.5122e+13	4.8325e-16	4.6354e-15
9.5383e+13	5.8776e-16	4.8663e-15
9.5645e+13	6.465e-16	4.6565e-15
9.5906e+13	4.8552e-16	4.5253e-15
9.6167e+13	4.543e-16	5.0125e-15
9.6429e+13	5.7285e-16	5.5793e-15
9.669e+13	5.6902e-16	5.5738e-15
9.6951e+13	5.7523e-16	5.2939e-15
9.7213e+13	6.724e-16	5.2495e-15
9.7474e+13	6.1196e-16	5.2995e-15
9.7735e+13	4.9105e-16	5.1414e-15
9.7997e+13	5.4143e-16	4.8692e-15
9.8258e+13	5.6175e-16	4.6794e-15
9.8519e+13	5.0375e-16	4.6205e-15
9.878e+13	6.0835e-16	4.7081e-15
9.9042e+13	6.6887e-16	4.8669e-15
9.9303e+13	4.793e-16	4.9062e-15
9.9564e+13	4.4908e-16	4.7955e-15
9.9826e+13	6.6394e-16	4.7037e-15
1.0009e+14	6.3976e-16	4.7127e-15
1.0035e+14	4.6356e-16	4.7557e-15
1.0061e+14	5.4054e-16	4.7128e-15
1.0087e+14	6.1171e-16	4.4434e-15
1.0113e+14	4.5784e-16	4.0638e-15
1.0139e+14	4.3271e-16	4.0822e-15
1.0166e+14	5.3851e-16	4.6588e-15
1.0192e+14	4.6663e-16	5.0647e-15
1.0218e+14	4.0884e-16	4.7e-15
1.0244e+14	5.0861e-16	4.1179e-15
1.027e+14	4.6039e-16	4.0763e-15
1.0296e+14	3.3615e-16	4.294e-15
1.0322e+14	4.4341e-16	4.1707e-15
1.0348e+14	5.4093e-16	3.8974e-15
1.0375e+14	4.3739e-16	3.8913e-15
1.0401e+14	4.258e-16	4.007e-15
1.0427e+14	4.8815e-16	4.0322e-15
1.0453e+14	3.9186e-16	4.0777e-15
1.0479e+14	3.5991e-16	4.0979e-15
1.0505e+14	4.7263e-16	3.8947e-15
1.0531e+14	4.003e-16	3.6221e-15
1.0557e+14	2.7803e-16	3.529e-15
1.0584e+14	4.318e-16	3.4962e-15
1.061e+14	5.4601e-16	3.3981e-15
1.0636e+14	4.1049e-16	3.3923e-15
1.0662e+14	4.026e-16	3.508e-15
1.0688e+14	5.0888e-16	3.544e-15
1.0714e+14	3.8401e-16	3.4503e-15
1.074e+14	2.6353e-16	3.3389e-15
1.0767e+14	3.9585e-16	3.2909e-15
1.0793e+14	4.5674e-16	3.3616e-15
1.0819e+14	3.7285e-16	3.4359e-15
1.0845e+14	4.088e-16	3.2431e-15
1.0871e+14	4.243e-16	2.8994e-15
1.0897e+14	2.9061e-16	2.8548e-15
1.0923e+14	2.8288e-16	3.0158e-15
1.0949e+14	3.6253e-16	2.8716e-15
1.0976e+14	2.7202e-16	2.5703e-15
1.1002e+14	2.2619e-16	2.6319e-15
1.1028e+14	3.5176e-16	2.7808e-15
1.1054e+14	3.1808e-16	2.4494e-15
1.108e+14	1.7575e-16	2.0287e-15
1.1106e+14	2.5545e-16	2.2227e-15
1.1132e+14	3.5203e-16	2.7148e-15
1.1159e+14	2.5865e-16	2.7353e-15
1.1185e+14	2.5803e-16	2.3625e-15
1.1211e+14	3.4884e-16	2.1938e-15
1.1237e+14	2.5865e-16	2.271e-15
1.1263e+14	1.8268e-16	2.2222e-15
1.1289e+14	2.8486e-16	2.0469e-15
1.1315e+14	2.6051e-16	2.0205e-15
1.1341e+14	1.2811e-16	2.1101e-15
1.1368e+14	2.0783e-16	2.1022e-15
1.1394e+14	3.1737e-16	2.0569e-15
1.142e+14	2.2553e-16	2.0943e-15
1.1446e+14	1.9201e-16	2.0531e-15
1.1472e+14	2.7408e-16	1.8626e-15
1.1498e+14	2.2675e-16	1.7836e-15
1.1524e+14	1.6787e-16	1.858e-15
1.1551e+14	2.4039e-16	1.7716e-15
1.1577e+14	2.2351e-16	1.5367e-15
1.1603e+14	1.3111e-16	1.4991e-15
1.1629e+14	1.8292e-16	1.6027e-15
1.1655e+14	2.1838e-16	1.5262e-15
1.1681e+14	1.246e-16	1.3692e-15
1.1707e+14	1.4963e-16	1.3885e-15
1.1733e+14	2.4289e-16	1.4628e-15
1.176e+14	1.5748e-16	1.4272e-15
1.1786e+14	8.7464e-17	1.3827e-15
1.1812e+14	1.8196e-16	1.3627e-15
1.1838e+14	1.8064e-16	1.2872e-15
1.1864e+14	9.9369e-17	1.2413e-15
1.189e+14	1.7145e-16	1.3015e-15
1.1916e+14	2.1829e-16	1.3388e-15
1.1943e+14	1.1382e-16	1.2894e-15
1.1969e+14	1.224e-16	1.2436e-15
1.1995e+14	2.0873e-16	1.2135e-15
1.2021e+14	1.2279e-16	1.1606e-15
1.2047e+14	5.4714e-17	1.1084e-15
1.2073e+14	1.5643e-16	1.048e-15
1.2099e+14	1.6451e-16	9.8804e-16
1.2125e+14	8.3992e-17	1.0269e-15
1.2152e+14	1.4556e-16	1.1206e-15
1.2178e+14	1.8082e-16	1.084e-15
1.2204e+14	7.1905e-17	9.5472e-16
1.223e+14	8.2828e-17	9.2012e-16
1.2256e+14	1.7668e-16	9.4444e-16
1.2282e+14	1.0154e-16	9.1184e-16
1.2308e+14	4.1383e-17	8.7972e-16
1.2334e+14	1.4208e-16	8.7841e-16
1.2361e+14	1.4029e-16	8.4214e-16
1.2387e+14	4.8676e-17	8.2124e-16
1.2413e+14	1.0823e-16	8.6487e-16
1.2439e+14	1.5074e-16	8.6141e-16
1.2465e+14	4.6321e-17	7.9231e-16
1.2491e+14	5.4617e-17	7.8267e-16
1.2517e+14	1.4912e-16	7.9466e-16
1.2544e+14	8.2908e-17	7.2098e-16
1.257e+14	3.1804e-17	6.6793e-16
1.2596e+14	1.3376e-16	7.299e-16
1.2622e+14	1.2426e-16	7.7328e-16
1.2648e+14	2.4514e-17	7.2037e-16
1.2674e+14	9.0398e-17	6.7123e-16
1.27e+14	1.4885e-16	6.6047e-16
1.2726e+14	4.5257e-17	6.4899e-16
1.2753e+14	4.1452e-17	6.6297e-16
1.2779e+14	1.387e-16	6.9829e-16
1.2805e+14	8.3383e-17	6.8954e-16
1.2831e+14	2.2115e-17	6.5094e-16
1.2857e+14	1.0609e-16	6.2568e-16
1.2883e+14	9.9747e-17	5.8249e-16
1.2909e+14	1.0067e-17	5.3108e-16
1.2936e+14	7.4718e-17	5.4463e-16
1.2962e+14	1.362e-16	5.9475e-16
1.2988e+14	4.0664e-17	5.8786e-16
1.3014e+14	2.9769e-17	5.3966e-16
1.304e+14	1.1792e-16	5.2703e-16
1.3066e+14	7.3859e-17	5.5081e-16
1.3092e+14	2.4578e-17	5.6376e-16
1.3118e+14	1.0456e-16	5.5321e-16
1.3145e+14	9.8815e-17	5.4309e-16
1.3171e+14	1.5724e-17	5.4405e-16
1.3197e+14	6.8151e-17	5.2682e-16
1.3223e+14	1.1073e-16	4.8072e-16
1.3249e+14	2.057e-17	4.5208e-16
1.3275e+14	2.4909e-17	4.5269e-16
1.3301e+14	1.0911e-16	4.3805e-16
1.3328e+14	5.3554e-17	4.2382e-16
1.3354e+14	5.5766e-18	4.4164e-16
1.338e+14	9.0263e-17	4.1983e-16
1.3406e+14	8.0802e-17	3.3739e-16
1.3432e+14	-6.2467e-18	3.2827e-16
1.3458e+14	5.0019e-17	4.1621e-16
1.3484e+14	9.9917e-17	4.4352e-16
1.351e+14	1.5512e-17	3.931e-16
1.3537e+14	2.4528e-17	3.9385e-16
1.3563e+14	1.1078e-16	4.1496e-16
1.3589e+14	4.8755e-17	3.6041e-16
1.3615e+14	-1.0188e-17	3.1259e-16
1.3641e+14	7.5608e-17	3.4772e-16
1.3667e+14	8.0004e-17	3.7638e-16
1.3693e+14	-2.4715e-18	3.5896e-16
1.372e+14	4.5107e-17	3.6323e-16
1.3746e+14	9.44e-17	3.8206e-16
1.3772e+14	1.7091e-17	3.7407e-16
1.3798e+14	2.014e-17	3.703e-16
1.3824e+14	9.5823e-17	3.728e-16
1.385e+14	4.1082e-17	3.4464e-16
1.3876e+14	-5.3873e-18	3.2251e-16
1.3902e+14	7.6617e-17	3.3847e-16
1.3929e+14	7.3718e-17	3.4046e-16
1.3955e+14	-3.8238e-18	3.204e-16
1.3981e+14	4.872e-17	3.2955e-16
1.4007e+14	9.3302e-17	3.4651e-16
1.4033e+14	1.1792e-17	3.2985e-16
1.4059e+14	1.6632e-17	3.151e-16
1.4085e+14	9.3516e-17	3.206e-16
1.4111e+14	3.597e-17	3.1012e-16
1.4138e+14	-1.4293e-17	2.8984e-16
1.4164e+14	6.759e-17	2.847e-16
1.419e+14	6.9269e-17	2.7514e-16
1.4216e+14	-5.6939e-18	2.6113e-16
1.4242e+14	4.3291e-17	2.7131e-16
1.4268e+14	8.5151e-17	2.8946e-16
1.4294e+14	5.2006e-18	2.916e-16
1.4321e+14	9.4728e-18	2.9291e-16
1.4347e+14	8.4505e-17	2.9074e-16
1.4373e+14	3.0872e-17	2.7222e-16
1.4399e+14	-1.421e-17	2.6363e-16
1.4425e+14	6.614e-17	2.6842e-16
1.4451e+14	6.3452e-17	2.4951e-16
1.4477e+14	-1.3236e-17	2.2137e-16
1.4503e+14	3.5398e-17	2.2331e-16
1.453e+14	7.8101e-17	2.3227e-16
1.4556e+14	-2.1358e-22	2.2689e-16
1.4582e+14	4.2714e-18	2.3439e-16
1.4608e+14	8.0039e-17	2.4972e-16
1.4634e+14	3.1284e-17	2.476e-16
1.466e+14	-1.1199e-17	2.5169e-16
1.4686e+14	6.5531e-17	2.6915e-16
1.4713e+14	6.0902e-17	2.6065e-16
1.4739e+14	-1.3055e-17	2.3677e-16
1.4765e+14	3.6514e-17	2.3753e-16
1.4791e+14	7.8726e-17	2.3971e-16
1.4817e+14	2.9117e-18	2.2104e-16
1.4843e+14	7.4039e-18	2.1526e-16
1.4869e+14	7.7648e-17	2.2405e-16
1.4895e+14	2.4342e-17	2.1408e-16
1.4922e+14	-1.7689e-17	1.9841e-16
1.4948e+14	6.0018e-17	1.9552e-16
1.4974e+14	5.4787e-17	1.886e-16
1.5e+14	-1.8759e-17	1.882e-16
1.5026e+14	3.2323e-17	2.1016e-16
1.5052e+14	7.4151e-17	2.1478e-16
1.5078e+14	-4.5369e-18	1.8857e-16
1.5105e+14	-9.4222e-19	1.8321e-16
1.5131e+14	7.3665e-17	2.0263e-16
1.5157e+14	2.4439e-17	1.9969e-16
1.5183e+14	-1.9596e-17	1.8324e-16
1.5209e+14	5.5849e-17	1.8513e-16
1.5235e+14	5.3448e-17	1.8972e-16
1.5261e+14	-1.9256e-17	1.8598e-16
1.5287e+14	2.8159e-17	1.8544e-16
1.5314e+14	7.1615e-17	1.7798e-16
1.534e+14	-1.1906e-19	1.6552e-16
1.5366e+14	4.1598e-18	1.7479e-16
1.5392e+14	7.4032e-17	1.8907e-16
1.5418e+14	2.4184e-17	1.7647e-16
1.5444e+14	-1.8425e-17	1.6351e-16
1.547e+14	5.5412e-17	1.7337e-16
1.5497e+14	5.2313e-17	1.7666e-16
1.5523e+14	-1.8944e-17	1.6885e-16
1.5549e+14	2.7498e-17	1.7704e-16
1.5575e+14	6.8346e-17	1.878e-16
1.5601e+14	-4.811e-18	1.7784e-16
1.5627e+14	-1.5122e-18	1.6328e-16
1.5653e+14	6.9725e-17	1.5769e-16
1.5679e+14	2.4393e-17	1.5859e-16
1.5706e+14	-1.7484e-17	1.6864e-16
1.5732e+14	5.1501e-17	1.7134e-16
1.5758e+14	4.6769e-17	1.5241e-16
1.5784e+14	-2.0893e-17	1.4813e-16
1.581e+14	2.6978e-17	1.7583e-16
1.5836e+14	6.6446e-17	1.8481e-16
1.5862e+14	-6.2527e-18	1.607e-16
1.5889e+14	-1.964e-18	1.5188e-16
1.5915e+14	6.8061e-17	1.5982e-16
1.5941e+14	2.097e-17	1.5204e-16
1.5967e+14	-2.1009e-17	1.4642e-16
1.5993e+14	5.0558e-17	1.5692e-16
1.6019e+14	4.9571e-17	1.544e-16
1.6045e+14	-1.8214e-17	1.438e-16
1.6071e+14	2.5631e-17	1.5153e-16
1.6098e+14	6.4218e-17	1.5435e-16
1.6124e+14	-5.5339e-18	1.3723e-16
1.615e+14	-8.3067e-19	1.3504e-16
1.6176e+14	6.7748e-17	1.505e-16
1.6202e+14	2.1951e-17	1.5043e-16
1.6228e+14	-1.866e-17	1.417e-16
1.6254e+14	5.1209e-17	1.4401e-16
1.628e+14	4.8414e-17	1.4769e-16
1.6307e+14	-1.9339e-17	1.5208e-16
1.6333e+14	2.574e-17	1.5936e-16
1.6359e+14	6.6097e-17	1.4968e-16
1.6385e+14	-4.6857e-18	1.3222e-16
1.6411e+14	-4.3702e-18	1.3922e-16
1.6437e+14	6.3631e-17	1.5244e-16
1.6463e+14	2.2467e-17	1.4481e-16
1.649e+14	-1.6661e-17	1.4193e-16
1.6516e+14	5.1186e-17	1.5165e-16
1.6542e+14	4.9364e-17	1.4447e-16
1.6568e+14	-1.7824e-17	1.3504e-16
1.6594e+14	2.3685e-17	1.4846e-16
1.662e+14	6.3836e-17	1.5356e-16
1.6646e+14	-2.547e-18	1.4016e-16
1.6672e+14	-2.1562e-18	1.4413e-16
1.6699e+14	6.2756e-17	1.5059e-16
1.6725e+14	2.1351e-17	1.2738e-16
1.6751e+14	-2.0156e-17	1.1457e-16
1.6777e+14	4.2549e-17	1.364e-16
1.6803e+14	4.3169e-17	1.415e-16
1.6829e+14	-1.6588e-17	1.2054e-16
1.6855e+14	2.4833e-17	1.2196e-16
1.6882e+14	6.1463e-17	1.3891e-16
1.6908e+14	-2.4948e-18	1.368e-16
1.6934e+14	-7.5037e-19	1.3166e-16
1.696e+14	5.9349e-17	1.3538e-16
1.6986e+14	1.7049e-17	1.2961e-16
1.7012e+14	-1.8565e-17	1.236e-16
1.7038e+14	4.6469e-17	1.2955e-16
1.7064e+14	4.3012e-17	1.2636e-16
1.7091e+14	-2.0785e-17	1.1695e-16
1.7117e+14	1.9433e-17	1.2703e-16
1.7143e+14	5.7428e-17	1.4035e-16
1.7169e+14	-3.1501e-18	1.3513e-16
1.7195e+14	1.0351e-18	1.2921e-16
1.7221e+14	6.1096e-17	1.2642e-16
1.7247e+14	1.7681e-17	1.1324e-16
1.7274e+14	-2.0107e-17	1.0955e-16
1.73e+14	4.2892e-17	1.2615e-16
1.7326e+14	4.1121e-17	1.3136e-16
1.7352e+14	-1.9341e-17	1.2e-16
1.7378e+14	2.0198e-17	1.1855e-16
1.7404e+14	5.4832e-17	1.2044e-16
1.743e+14	-7.5542e-18	1.1379e-16
1.7456e+14	-4.1883e-18	1.1718e-16
1.7483e+14	5.6324e-17	1.2718e-16
1.7509e+14	1.6557e-17	1.2122e-16
1.7535e+14	-1.8357e-17	1.1365e-16
1.7561e+14	4.25e-17	1.1936e-16
1.7587e+14	3.7689e-17	1.185e-16
1.7613e+14	-2.2155e-17	1.1214e-16
1.7639e+14	1.9706e-17	1.2177e-16
1.7666e+14	5.6121e-17	1.3366e-16
1.7692e+14	-4.9641e-18	1.3193e-16
1.7718e+14	-1.3698e-18	1.3224e-16
1.7744e+14	5.8471e-17	1.3274e-16
1.777e+14	1.8098e-17	1.192e-16
1.7796e+14	-1.7621e-17	1.1092e-16
1.7822e+14	4.3109e-17	1.1733e-16
1.7848e+14	3.9909e-17	1.136e-16
1.7875e+14	-1.9455e-17	1.0561e-16
1.7901e+14	2.0142e-17	1.1789e-16
1.7927e+14	5.5168e-17	1.2787e-16
1.7953e+14	-5.6175e-18	1.1455e-16
1.7979e+14	-3.0169e-18	1.0593e-16
1.8005e+14	5.6145e-17	1.1038e-16
1.8031e+14	1.7384e-17	1.039e-16
1.8057e+14	-1.8199e-17	9.7845e-17
1.8084e+14	4.1082e-17	1.1115e-16
1.811e+14	3.971e-17	1.1841e-16
1.8136e+14	-1.7307e-17	1.0678e-16
1.8162e+14	1.9767e-17	1.0387e-16
1.8188e+14	5.2237e-17	1.1372e-16
1.8214e+14	-6.8922e-18	1.1375e-16
1.824e+14	-4.4057e-18	1.0544e-16
1.8267e+14	5.165e-17	1.0187e-16
1.8293e+14	1.431e-17	1.0252e-16
1.8319e+14	-1.6347e-17	1.057e-16
1.8345e+14	4.307e-17	1.0744e-16
1.8371e+14	3.8319e-17	1.0292e-16
1.8397e+14	-1.8837e-17	1.0341e-16
1.8423e+14	2.0381e-17	1.1413e-16
1.8449e+14	5.3407e-17	1.1685e-16
1.8476e+14	-5.7432e-18	1.082e-16
1.8502e+14	-2.4766e-18	1.0356e-16
1.8528e+14	5.343e-17	9.884e-17
1.8554e+14	1.407e-17	9.1181e-17
1.858e+14	-1.8505e-17	9.9216e-17
1.8606e+14	4.1076e-17	1.1562e-16
1.8632e+14	3.737e-17	1.1201e-16
1.8659e+14	-2.0177e-17	1.0018e-16
1.8685e+14	1.8366e-17	1.0403e-16
1.8711e+14	5.2212e-17	1.0831e-16
1.8737e+14	-6.9786e-18	1.0244e-16
1.8763e+14	-5.3131e-18	1.022e-16
1.8789e+14	5.1785e-17	1.0358e-16
1.8815e+14	1.5958e-17	9.735e-17
1.8841e+14	-1.6706e-17	9.9967e-17
1.8868e+14	4.0609e-17	1.0966e-16
1.8894e+14	3.8452e-17	1.0473e-16
1.892e+14	-1.6275e-17	9.9045e-17
1.8946e+14	2.1731e-17	1.0984e-16
1.8972e+14	5.4751e-17	1.1309e-16
1.8998e+14	-3.8982e-18	1.0224e-16
1.9024e+14	-3.7936e-18	1.0373e-16
1.9051e+14	5.1031e-17	1.0979e-16
1.9077e+14	1.5566e-17	1.0003e-16
1.9103e+14	-1.7057e-17	9.5543e-17
1.9129e+14	3.8449e-17	1.0617e-16
1.9155e+14	3.6234e-17	1.0696e-16
1.9181e+14	-1.775e-17	1.0212e-16
1.9207e+14	1.8905e-17	1.0909e-16
1.9233e+14	5.2129e-17	1.0767e-16
1.926e+14	-3.1745e-18	9.3428e-17
1.9286e+14	-2.119e-18	9.6652e-17
1.9312e+14	5.0783e-17	1.0689e-16
1.9338e+14	1.5789e-17	9.3558e-17
1.9364e+14	-1.4905e-17	8.092e-17
1.939e+14	4.0215e-17	9.2999e-17
1.9416e+14	3.6999e-17	9.947e-17
1.9443e+14	-1.7334e-17	8.8064e-17
1.9469e+14	1.7581e-17	8.6527e-17
1.9495e+14	4.8816e-17	9.5504e-17
1.9521e+14	-6.0759e-18	9.7544e-17
1.9547e+14	-3.0965e-18	9.896e-17
1.9573e+14	5.1504e-17	1.0221e-16
1.9599e+14	1.6609e-17	9.8749e-17
1.9625e+14	-1.6676e-17	9.6593e-17
1.9652e+14	3.6441e-17	9.7691e-17
1.9678e+14	3.5268e-17	8.9768e-17
1.9704e+14	-1.7212e-17	8.3823e-17
1.973e+14	1.6116e-17	9.2123e-17
1.9756e+14	4.7816e-17	9.4235e-17
1.9782e+14	-3.4356e-18	8.4664e-17
1.9808e+14	-1.1594e-18	8.5437e-17
1.9834e+14	4.8867e-17	8.977e-17
1.9861e+14	1.3871e-17	8.2371e-17
1.9887e+14	-1.6028e-17	8.3452e-17
1.9913e+14	3.7471e-17	9.597e-17
1.9939e+14	3.5525e-17	9.0468e-17
1.9965e+14	-1.5366e-17	7.6673e-17
1.9991e+14	1.8611e-17	8.2997e-17
2.0017e+14	4.7852e-17	8.8197e-17
2.0044e+14	-5.979e-18	7.3671e-17
2.007e+14	-4.3544e-18	6.8461e-17
2.0096e+14	4.6843e-17	7.9871e-17
2.0122e+14	1.4055e-17	8.1751e-17
2.0148e+14	-1.4738e-17	7.8376e-17
2.0174e+14	3.797e-17	8.3973e-17
2.02e+14	3.5001e-17	8.4983e-17
2.0226e+14	-1.6925e-17	8.0653e-17
2.0253e+14	1.5861e-17	8.4628e-17
2.0279e+14	4.6001e-17	8.5074e-17
2.0305e+14	-4.9228e-18	7.7436e-17
2.0331e+14	-1.9968e-18	8.2191e-17
2.0357e+14	4.819e-17	8.9577e-17
2.0383e+14	1.3896e-17	7.6767e-17
2.0409e+14	-1.6729e-17	6.7657e-17
2.0436e+14	3.5045e-17	8.1497e-17
2.0462e+14	3.36e-17	8.7219e-17
2.0488e+14	-1.718e-17	7.547e-17
2.0514e+14	1.4643e-17	7.6212e-17
2.054e+14	4.5306e-17	8.5557e-17
2.0566e+14	-3.8399e-18	8.0293e-17
2.0592e+14	-2.308e-18	7.4376e-17
2.0618e+14	4.6159e-17	8.0182e-17
2.0645e+14	1.4769e-17	7.9883e-17
2.0671e+14	-1.3275e-17	7.301e-17
2.0697e+14	3.6043e-17	7.5951e-17
2.0723e+14	3.3045e-17	8.1564e-17
2.0749e+14	-1.4766e-17	7.9491e-17
2.0775e+14	1.8474e-17	7.7822e-17
2.0801e+14	4.6105e-17	7.7682e-17
2.0828e+14	-5.896e-18	7.3649e-17
2.0854e+14	-4.4895e-18	7.1492e-17
2.088e+14	4.4926e-17	7.2808e-17
2.0906e+14	1.401e-17	7.2033e-17
2.0932e+14	-1.4482e-17	7.3069e-17
2.0958e+14	3.4498e-17	7.7347e-17
2.0984e+14	3.2078e-17	7.7762e-17
2.101e+14	-1.6349e-17	7.707e-17
2.1037e+14	1.4701e-17	7.7795e-17
2.1063e+14	4.2829e-17	7.1428e-17
2.1089e+14	-5.6066e-18	6.397e-17
2.1115e+14	-3.0838e-18	6.8216e-17
2.1141e+14	4.4291e-17	7.0884e-17
2.1167e+14	1.2654e-17	6.1283e-17
2.1193e+14	-1.5336e-17	5.807e-17
2.122e+14	3.2801e-17	6.5443e-17
2.1246e+14	2.9817e-17	6.4327e-17
2.1272e+14	-1.7421e-17	5.8799e-17
2.1298e+14	1.4674e-17	6.25e-17
2.1324e+14	4.2957e-17	6.4579e-17
2.135e+14	-5.4518e-18	6.0615e-17
2.1376e+14	-3.2169e-18	6.2586e-17
2.1402e+14	4.3841e-17	6.3789e-17
2.1429e+14	1.2183e-17	5.6856e-17
2.1455e+14	-1.6291e-17	5.7358e-17
2.1481e+14	3.1857e-17	6.438e-17
2.1507e+14	3.0439e-17	6.0427e-17
2.1533e+14	-1.6579e-17	5.6423e-17
2.1559e+14	1.3109e-17	6.349e-17
2.1585e+14	4.0624e-17	6.0865e-17
2.1611e+14	-5.8652e-18	4.7933e-17
2.1638e+14	-3.338e-18	5.0729e-17
2.1664e+14	4.2388e-17	6.0825e-17
2.169e+14	1.1109e-17	5.7166e-17
2.1716e+14	-1.6495e-17	5.5264e-17
2.1742e+14	3.159e-17	6.2777e-17
2.1768e+14	3.1464e-17	5.9571e-17
2.1794e+14	-1.369e-17	5.1951e-17
2.1821e+14	1.529e-17	5.7945e-17
2.1847e+14	4.1141e-17	6.103e-17
2.1873e+14	-5.8801e-18	5.2366e-17
2.1899e+14	-4.5095e-18	5.2518e-17
2.1925e+14	4.0328e-17	5.7822e-17
2.1951e+14	1.1057e-17	5.1413e-17
2.1977e+14	-1.5101e-17	4.8749e-17
2.2003e+14	3.0164e-17	5.7168e-17
2.203e+14	2.7101e-17	5.4485e-17
2.2056e+14	-1.7167e-17	4.4959e-17
2.2082e+14	1.3689e-17	4.9912e-17
2.2108e+14	3.9909e-17	5.5672e-17
2.2134e+14	-7.0596e-18	4.8974e-17
2.216e+14	-5.5231e-18	4.7303e-17
2.2186e+14	3.9228e-17	5.1757e-17
2.2213e+14	1.0212e-17	4.7717e-17
2.2239e+14	-1.5336e-17	4.5068e-17
2.2265e+14	3.0478e-17	4.9417e-17
2.2291e+14	2.7786e-17	4.5657e-17
2.2317e+14	-1.7062e-17	4.1436e-17
2.2343e+14	1.2477e-17	5.0683e-17
2.2369e+14	3.8544e-17	5.3423e-17
2.2395e+14	-7.5239e-18	4.2185e-17
2.2422e+14	-5.6586e-18	4.2503e-17
2.2448e+14	3.9338e-17	5.0715e-17
2.2474e+14	1.0392e-17	4.2705e-17
2.25e+14	-1.6902e-17	3.3019e-17
2.2526e+14	2.7616e-17	3.8605e-17
2.2552e+14	2.703e-17	4.0111e-17
2.2578e+14	-1.6137e-17	3.3091e-17
2.2605e+14	1.1421e-17	3.6054e-17
2.2631e+14	3.658e-17	4.1721e-17
2.2657e+14	-7.0338e-18	3.8176e-17
2.2683e+14	-4.3703e-18	3.8653e-17
2.2709e+14	3.9094e-17	4.343e-17
2.2735e+14	1.0742e-17	3.8975e-17
2.2761e+14	-1.5099e-17	3.5555e-17
2.2787e+14	2.8099e-17	4.0473e-17
2.2814e+14	2.5809e-17	3.7987e-17
2.284e+14	-1.6893e-17	3.1984e-17
2.2866e+14	1.1243e-17	3.7639e-17
2.2892e+14	3.6196e-17	3.9495e-17
2.2918e+14	-7.5156e-18	2.8513e-17
2.2944e+14	-5.7779e-18	2.7907e-17
2.297e+14	3.6186e-17	3.8109e-17
2.2997e+14	8.1114e-18	3.5693e-17
2.3023e+14	-1.6069e-17	2.8528e-17
2.3049e+14	2.8009e-17	3.2363e-17
2.3075e+14	2.5815e-17	3.3382e-17
2.3101e+14	-1.7176e-17	2.742e-17
2.3127e+14	1.0215e-17	2.9314e-17
2.3153e+14	3.509e-17	3.2363e-17
2.3179e+14	-7.974e-18	2.6796e-17
2.3206e+14	-6.3841e-18	2.6596e-17
2.3232e+14	3.5407e-17	3.2899e-17
2.3258e+14	8.4205e-18	3.0085e-17
2.3284e+14	-1.5415e-17	2.504e-17
2.331e+14	2.7272e-17	2.8372e-17
2.3336e+14	2.4549e-17	2.8451e-17
2.3362e+14	-1.7528e-17	2.4287e-17
2.3389e+14	1.0039e-17	2.7956e-17
2.3415e+14	3.4472e-17	3.0823e-17
2.3441e+14	-8.2288e-18	2.4782e-17
2.3467e+14	-5.8802e-18	2.388e-17
2.3493e+14	3.6269e-17	2.892e-17
2.3519e+14	8.6597e-18	2.6281e-17
2.3545e+14	-1.6926e-17	2.2741e-17
2.3571e+14	2.5206e-17	2.6214e-17
2.3598e+14	2.4643e-17	2.5553e-17
2.3624e+14	-1.576e-17	2.1879e-17
2.365e+14	1.1166e-17	2.593e-17
2.3676e+14	3.571e-17	2.7938e-17
2.3702e+14	-6.0502e-18	2.2172e-17
2.3728e+14	-5.3623e-18	2.2871e-17
2.3754e+14	3.4455e-17	2.7459e-17
2.378e+14	7.8247e-18	2.2671e-17
2.3807e+14	-1.6031e-17	1.9449e-17
2.3833e+14	2.5336e-17	2.5454e-17
2.3859e+14	2.3792e-17	2.529e-17
2.3885e+14	-1.6414e-17	1.995e-17
2.3911e+14	1.0134e-17	2.3684e-17
2.3937e+14	3.4111e-17	2.6818e-17
2.3963e+14	-7.3814e-18	2.11e-17
2.399e+14	-6.5741e-18	2.1235e-17
2.4016e+14	3.3679e-17	2.6362e-17
2.4042e+14	8.6126e-18	2.1961e-17
2.4068e+14	-1.4741e-17	1.7824e-17
2.4094e+14	2.5467e-17	2.3616e-17
2.412e+14	2.3601e-17	2.4622e-17
2.4146e+14	-1.6584e-17	1.9124e-17
2.4172e+14	8.786e-18	2.0783e-17
2.4199e+14	3.3057e-17	2.2604e-17
2.4225e+14	-5.9171e-18	1.6933e-17
2.4251e+14	-4.7326e-18	1.7132e-17
2.4277e+14	3.3307e-17	2.2972e-17
2.4303e+14	7.5314e-18	2.0263e-17
2.4329e+14	-1.529e-17	1.672e-17
2.4355e+14	2.4419e-17	2.1801e-17
2.4382e+14	2.2878e-17	2.2806e-17
2.4408e+14	-1.5575e-17	1.7463e-17
2.4434e+14	9.6491e-18	1.8353e-17
2.446e+14	3.1884e-17	2.072e-17
2.4486e+14	-7.8042e-18	1.7234e-17
2.4512e+14	-5.9355e-18	1.7331e-17
2.4538e+14	3.2604e-17	2.0727e-17
2.4564e+14	7.3021e-18	1.7709e-17
2.4591e+14	-1.5137e-17	1.5449e-17
2.4617e+14	2.4474e-17	1.9424e-17
2.4643e+14	2.3029e-17	1.8977e-17
2.4669e+14	-1.5331e-17	1.5629e-17
2.4695e+14	9.2377e-18	1.8832e-17
2.4721e+14	3.1195e-17	2.0151e-17
2.4747e+14	-7.7145e-18	1.5233e-17
2.4774e+14	-5.3496e-18	1.6131e-17
2.48e+14	3.3296e-17	2.0082e-17
2.4826e+14	8.4496e-18	1.6395e-17
2.4852e+14	-1.4367e-17	1.4281e-17
2.4878e+14	2.3782e-17	1.8521e-17
2.4904e+14	2.2013e-17	1.6672e-17
2.493e+14	-1.5228e-17	1.2303e-17
2.4956e+14	1.0006e-17	1.6845e-17
2.4983e+14	3.1918e-17	1.9526e-17
2.5009e+14	-7.2131e-18	1.405e-17
2.5035e+14	-5.4817e-18	1.4237e-17
2.5061e+14	3.2673e-17	1.8591e-17
2.5087e+14	7.8536e-18	1.5261e-17
2.5113e+14	-1.5203e-17	1.3175e-17
2.5139e+14	2.3018e-17	1.8073e-17
2.5166e+14	2.2243e-17	1.7101e-17
2.5192e+14	-1.5206e-17	1.2645e-17
2.5218e+14	8.3951e-18	1.6275e-17
2.5244e+14	3.062e-17	1.8156e-17
2.527e+14	-6.7512e-18	1.2539e-17
2.5296e+14	-5.657e-18	1.3236e-17
2.5322e+14	3.0944e-17	1.7841e-17
2.5348e+14	7.1409e-18	1.3552e-17
2.5375e+14	-1.4651e-17	1.0413e-17
2.5401e+14	2.263e-17	1.6009e-17
2.5427e+14	2.1331e-17	1.6292e-17
2.5453e+14	-1.5161e-17	1.1041e-17
2.5479e+14	8.6981e-18	1.306e-17
2.5505e+14	3.0792e-17	1.5869e-17
2.5531e+14	-5.9186e-18	1.2784e-17
2.5557e+14	-4.5444e-18	1.3887e-17
2.5584e+14	3.1928e-17	1.7173e-17
2.561e+14	8.5744e-18	1.315e-17
2.5636e+14	-1.3519e-17	1.1383e-17
2.5662e+14	2.2478e-17	1.656e-17
2.5688e+14	2.124e-17	1.5545e-17
2.5714e+14	-1.4514e-17	1.0935e-17
2.574e+14	8.3136e-18	1.4237e-17
2.5767e+14	2.9173e-17	1.5931e-17
2.5793e+14	-6.9338e-18	1.0616e-17
2.5819e+14	-4.8195e-18	1.1608e-17
2.5845e+14	3.1502e-17	1.6214e-17
2.5871e+14	8.1762e-18	1.2332e-17
2.5897e+14	-1.3924e-17	9.9604e-18
2.5923e+14	2.2048e-17	1.5377e-17
2.5949e+14	2.1664e-17	1.468e-17
2.5976e+14	-1.3838e-17	9.7358e-18
2.6002e+14	7.8455e-18	1.3312e-17
2.6028e+14	2.9156e-17	1.5884e-17
2.6054e+14	-5.0261e-18	1.0191e-17
2.608e+14	-3.9623e-18	9.9201e-18
2.6106e+14	2.9395e-17	1.4499e-17
2.6132e+14	6.4136e-18	1.1402e-17
2.6159e+14	-1.3389e-17	9.0546e-18
2.6185e+14	2.241e-17	1.4556e-17
2.6211e+14	2.103e-17	1.4668e-17
2.6237e+14	-1.3483e-17	9.5892e-18
2.6263e+14	9.1483e-18	1.2096e-17
2.6289e+14	2.9541e-17	1.5073e-17
2.6315e+14	-6.0367e-18	1.0922e-17
2.6341e+14	-5.3792e-18	1.0714e-17
2.6368e+14	2.9144e-17	1.4443e-17
2.6394e+14	8.0465e-18	1.1679e-17
2.642e+14	-1.1776e-17	9.5862e-18
2.6446e+14	2.203e-17	1.3668e-17
2.6472e+14	1.9911e-17	1.2752e-17
2.6498e+14	-1.3803e-17	8.531e-18
2.6524e+14	8.7359e-18	1.1521e-17
2.6551e+14	2.8932e-17	1.3478e-17
2.6577e+14	-5.4122e-18	9.1511e-18
2.6603e+14	-4.1796e-18	1.0344e-17
2.6629e+14	2.9043e-17	1.457e-17
2.6655e+14	6.9076e-18	1.0702e-17
2.6681e+14	-1.2889e-17	8.1618e-18
2.6707e+14	2.1127e-17	1.3086e-17
2.6733e+14	1.9857e-17	1.2519e-17
2.676e+14	-1.2511e-17	7.9529e-18
2.6786e+14	1.0241e-17	1.1418e-17
2.6812e+14	2.9644e-17	1.4221e-17
2.6838e+14	-5.1451e-18	9.3337e-18
2.6864e+14	-4.0806e-18	9.3107e-18
2.689e+14	2.8977e-17	1.377e-17
2.6916e+14	6.9391e-18	1.1043e-17
2.6943e+14	-1.2925e-17	8.6226e-18
2.6969e+14	2.0808e-17	1.2921e-17
2.6995e+14	1.9546e-17	1.2202e-17
2.7021e+14	-1.3211e-17	7.6706e-18
2.7047e+14	8.7003e-18	1.0971e-17
2.7073e+14	2.8732e-17	1.3914e-17
2.7099e+14	-4.1132e-18	9.3051e-18
2.7125e+14	-2.4072e-18	9.2204e-18
2.7152e+14	2.9967e-17	1.3756e-17
2.7178e+14	7.7778e-18	1.1182e-17
2.7204e+14	-1.1938e-17	8.0691e-18
2.723e+14	2.1783e-17	1.158e-17
2.7256e+14	2.0934e-17	1.1438e-17
2.7282e+14	-1.1923e-17	7.6091e-18
2.7308e+14	8.7344e-18	9.9526e-18
2.7334e+14	2.8192e-17	1.1804e-17
2.7361e+14	-4.3321e-18	7.9137e-18
2.7387e+14	-3.2372e-18	8.9369e-18
2.7413e+14	2.8546e-17	1.319e-17
2.7439e+14	7.1796e-18	9.9659e-18
2.7465e+14	-1.2298e-17	7.1429e-18
2.7491e+14	2.0699e-17	1.1309e-17
2.7517e+14	2.0712e-17	1.1373e-17
2.7544e+14	-1.0909e-17	7.4235e-18
2.757e+14	8.4878e-18	9.768e-18
2.7596e+14	2.6552e-17	1.1972e-17
2.7622e+14	-5.0403e-18	8.2953e-18
2.7648e+14	-3.4584e-18	8.6307e-18
2.7674e+14	2.7393e-17	1.1961e-17
2.77e+14	6.7855e-18	9.1129e-18
2.7726e+14	-1.0845e-17	7.5739e-18
2.7753e+14	2.1626e-17	1.208e-17
2.7779e+14	1.9936e-17	1.1454e-17
2.7805e+14	-1.1339e-17	7.197e-18
2.7831e+14	9.5855e-18	9.7153e-18
2.7857e+14	2.7986e-17	1.1703e-17
2.7883e+14	-4.2737e-18	7.6466e-18
2.7909e+14	-2.9327e-18	8.1408e-18
2.7936e+14	2.8344e-17	1.183e-17
2.7962e+14	7.4889e-18	8.8275e-18
2.7988e+14	-1.1712e-17	6.7728e-18
2.8014e+14	2.0035e-17	1.1107e-17
2.804e+14	1.9895e-17	1.094e-17
2.8066e+14	-1.0359e-17	7.3277e-18
2.8092e+14	9.2118e-18	1.0072e-17
2.8118e+14	2.6633e-17	1.1898e-17
2.8145e+14	-4.9333e-18	7.8535e-18
2.8171e+14	-3.2878e-18	8.6138e-18
2.8197e+14	2.8307e-17	1.2262e-17
2.8223e+14	9.1736e-18	8.8489e-18
2.8249e+14	-9.4604e-18	6.6882e-18
2.8275e+14	2.0244e-17	1.1341e-17
2.8301e+14	1.8926e-17	1.1163e-17
2.8328e+14	-1.0197e-17	7.0446e-18
2.8354e+14	1.0038e-17	9.5261e-18
2.838e+14	2.7147e-17	1.142e-17
2.8406e+14	-4.059e-18	7.0959e-18
2.8432e+14	-2.1856e-18	7.4599e-18
2.8458e+14	2.8438e-17	1.1479e-17
2.8484e+14	8.3813e-18	8.841e-18
2.851e+14	-1.0218e-17	6.7263e-18
2.8537e+14	2.017e-17	1.077e-17
2.8563e+14	1.9682e-17	1.0225e-17
2.8589e+14	-9.596e-18	6.1449e-18
2.8615e+14	9.4511e-18	8.692e-18
2.8641e+14	2.6531e-17	1.056e-17
2.8667e+14	-3.4105e-18	6.2352e-18
2.8693e+14	-1.7786e-18	6.8704e-18
2.872e+14	2.7274e-17	1.1363e-17
2.8746e+14	7.3974e-18	8.6598e-18
2.8772e+14	-9.5589e-18	5.89e-18
2.8798e+14	2.1168e-17	1.0036e-17
2.8824e+14	1.9723e-17	1.0616e-17
2.885e+14	-1.0038e-17	6.9145e-18
2.8876e+14	9.3073e-18	8.6648e-18
2.8902e+14	2.6744e-17	1.0395e-17
2.8929e+14	-3.3231e-18	6.8708e-18
2.8955e+14	-2.0591e-18	7.4749e-18
2.8981e+14	2.7163e-17	1.1117e-17
2.9007e+14	7.5252e-18	8.3505e-18
2.9033e+14	-1.0101e-17	6.0195e-18
2.9059e+14	2.0204e-17	9.7314e-18
2.9085e+14	1.9538e-17	9.4702e-18
2.9111e+14	-1.0021e-17	5.7678e-18
2.9138e+14	8.6617e-18	8.1853e-18
2.9164e+14	2.6749e-17	1.0359e-17
2.919e+14	-2.3745e-18	6.6942e-18
2.9216e+14	-2.2649e-18	6.7615e-18
2.9242e+14	2.6055e-17	1.0064e-17
2.9268e+14	7.9106e-18	7.5642e-18
2.9294e+14	-9.0492e-18	5.6762e-18
2.9321e+14	1.9823e-17	9.5939e-18
2.9347e+14	1.9143e-17	9.6192e-18
2.9373e+14	-8.9527e-18	6.2618e-18
2.9399e+14	9.4199e-18	8.4979e-18
2.9425e+14	2.6306e-17	1.0227e-17
2.9451e+14	-2.5761e-18	6.7086e-18
2.9477e+14	-1.9923e-18	7.2821e-18
2.9503e+14	2.6127e-17	1.057e-17
2.953e+14	8.0494e-18	7.5626e-18
2.9556e+14	-9.1005e-18	5.2585e-18
2.9582e+14	1.9151e-17	8.9008e-18
2.9608e+14	1.8885e-17	8.6255e-18
2.9634e+14	-8.6091e-18	5.1975e-18
2.966e+14	9.0044e-18	7.8387e-18
2.9686e+14	2.5688e-17	1.0082e-17
2.9713e+14	-2.0086e-18	6.6323e-18
2.9739e+14	-1.6295e-18	7.0212e-18
2.9765e+14	2.5214e-17	1.0589e-17
2.9791e+14	7.9699e-18	8.2865e-18
2.9817e+14	-7.6406e-18	6.2699e-18
2.9843e+14	1.9862e-17	9.5798e-18
2.9869e+14	1.8491e-17	8.9715e-18
2.9895e+14	-8.4172e-18	5.4038e-18
2.9922e+14	9.4145e-18	7.8383e-18
2.9948e+14	2.5162e-17	9.9252e-18
2.9974e+14	-2.6342e-18	6.4891e-18
3e+14	-1.4733e-18	6.7349e-18
