#Error on normalization	O = -0.080 %	H = 3.466 %
#Frequence (s-1)	S_O (s)	S_H (s)
0	2.4694e-16	1.8743e-17
1.0661e+11	1.0284e-16	7.1091e-18
2.1322e+11	-1.117e-16	-1.0352e-17
3.1983e+11	-7.5327e-17	-7.4524e-18
4.2644e+11	1.4413e-16	1.1385e-17
5.3305e+11	1.8916e-16	1.7672e-17
6.3966e+11	-3.3885e-17	2.1082e-18
7.4627e+11	-1.8844e-16	-1.0291e-17
8.5288e+11	-8.8982e-18	2.6792e-18
9.5949e+11	2.6865e-16	2.5471e-17
1.0661e+12	2.2447e-16	2.5715e-17
1.1727e+12	-1.0771e-16	2.6082e-18
1.2793e+12	-2.4342e-16	-9.1681e-18
1.3859e+12	5.2786e-17	1.0961e-17
1.4925e+12	3.7929e-16	3.7674e-17
1.5991e+12	2.4839e-16	3.4982e-17
1.7058e+12	-1.7134e-16	9.8649e-18
1.8124e+12	-2.3767e-16	4.4194e-18
1.919e+12	2.3307e-16	3.3701e-17
2.0256e+12	6.2043e-16	5.9485e-17
2.1322e+12	3.3834e-16	4.3661e-17
2.2388e+12	-2.6776e-16	7.9747e-18
2.3454e+12	-3.1439e-16	9.4378e-18
2.452e+12	3.6394e-16	5.867e-17
2.5586e+12	8.6883e-16	9.784e-17
2.6652e+12	4.3421e-16	7.8634e-17
2.7719e+12	-4.1854e-16	3.5208e-17
2.8785e+12	-4.83e-16	4.2139e-17
2.9851e+12	4.4439e-16	1.0605e-16
3.0917e+12	1.1474e-15	1.4484e-16
3.1983e+12	6.1949e-16	9.8013e-17
3.3049e+12	-4.0367e-16	2.2605e-17
3.4115e+12	-2.9499e-16	3.0146e-17
3.5181e+12	1.1439e-15	1.3324e-16
3.6247e+12	2.1103e-15	2.1192e-16
3.7313e+12	1.1219e-15	1.6564e-16
3.838e+12	-6.7638e-16	5.9446e-17
3.9446e+12	-5.8177e-16	5.6384e-17
4.0512e+12	2.1911e-15	2.0635e-16
4.1578e+12	5.2448e-15	3.7441e-16
4.2644e+12	6.2192e-15	4.3152e-16
4.371e+12	6.7817e-15	4.7442e-16
4.4776e+12	1.1786e-14	7.5959e-16
4.5842e+12	2.3445e-14	1.3771e-15
4.6908e+12	3.6994e-14	2.046e-15
4.7974e+12	4.3609e-14	2.3158e-15
4.9041e+12	3.8372e-14	1.9911e-15
5.0107e+12	2.5001e-14	1.3197e-15
5.1173e+12	1.2292e-14	7.4265e-16
5.2239e+12	6.1737e-15	4.9279e-16
5.3305e+12	5.6657e-15	4.6774e-16
5.4371e+12	6.0566e-15	4.5162e-16
5.5437e+12	4.6419e-15	3.7366e-16
5.6503e+12	2.5851e-15	3.1736e-16
5.7569e+12	2.0136e-15	3.4314e-16
5.8635e+12	2.9085e-15	3.9261e-16
5.9701e+12	3.4916e-15	3.8116e-16
6.0768e+12	2.8348e-15	3.2136e-16
6.1834e+12	2.0338e-15	3.0629e-16
6.29e+12	2.8295e-15	3.9496e-16
6.3966e+12	5.861e-15	5.6262e-16
6.5032e+12	1.0503e-14	7.5806e-16
6.6098e+12	1.5638e-14	9.535e-16
6.7164e+12	1.9839e-14	1.1114e-15
6.823e+12	2.1222e-14	1.1503e-15
6.9296e+12	1.8356e-14	1.0087e-15
7.0362e+12	1.1993e-14	7.4666e-16
7.1429e+12	5.3547e-15	5.2804e-16
7.2495e+12	1.7929e-15	4.6779e-16
7.3561e+12	1.9555e-15	5.2478e-16
7.4627e+12	3.6781e-15	5.8307e-16
7.5693e+12	4.7327e-15	6.1604e-16
7.6759e+12	5.0827e-15	7.0678e-16
7.7825e+12	6.0232e-15	8.9166e-16
7.8891e+12	7.7014e-15	1.0529e-15
7.9957e+12	8.6114e-15	1.0431e-15
8.1023e+12	7.898e-15	9.0843e-16
8.209e+12	7.3396e-15	9.0768e-16
8.3156e+12	1.0054e-14	1.2571e-15
8.4222e+12	1.7133e-14	1.8846e-15
8.5288e+12	2.6153e-14	2.4878e-15
8.6354e+12	3.3249e-14	2.8274e-15
8.742e+12	3.6269e-14	2.9091e-15
8.8486e+12	3.5668e-14	2.8706e-15
8.9552e+12	3.3009e-14	2.7699e-15
9.0618e+12	2.9567e-14	2.5627e-15
9.1684e+12	2.6436e-14	2.2665e-15
9.2751e+12	2.4914e-14	2.0416e-15
9.3817e+12	2.5918e-14	2.0541e-15
9.4883e+12	2.9396e-14	2.3138e-15
9.5949e+12	3.5253e-14	2.7277e-15
9.7015e+12	4.4731e-14	3.2918e-15
9.8081e+12	5.9489e-14	4.1136e-15
9.9147e+12	7.8302e-14	5.1758e-15
1.0021e+13	9.5518e-14	6.1526e-15
1.0128e+13	1.0476e-13	6.6028e-15
1.0235e+13	1.0505e-13	6.3969e-15
1.0341e+13	1.022e-13	5.8787e-15
1.0448e+13	1.0256e-13	5.5206e-15
1.0554e+13	1.055e-13	5.443e-15
1.0661e+13	1.038e-13	5.3571e-15
1.0768e+13	9.2413e-14	4.9959e-15
1.0874e+13	7.6046e-14	4.4958e-15
1.0981e+13	6.595e-14	4.2508e-15
1.1087e+13	6.8514e-14	4.4157e-15
1.1194e+13	7.7998e-14	4.6699e-15
1.1301e+13	8.1756e-14	4.5409e-15
1.1407e+13	7.2539e-14	3.9032e-15
1.1514e+13	5.4847e-14	3.0788e-15
1.162e+13	3.9339e-14	2.4643e-15
1.1727e+13	3.2436e-14	2.1583e-15
1.1834e+13	3.2215e-14	1.9974e-15
1.194e+13	3.3221e-14	1.8598e-15
1.2047e+13	3.2817e-14	1.8016e-15
1.2154e+13	3.1897e-14	1.883e-15
1.226e+13	3.1159e-14	1.9881e-15
1.2367e+13	2.9284e-14	1.9353e-15
1.2473e+13	2.5448e-14	1.74e-15
1.258e+13	2.1813e-14	1.6461e-15
1.2687e+13	2.1579e-14	1.8305e-15
1.2793e+13	2.4563e-14	2.1358e-15
1.29e+13	2.6357e-14	2.1982e-15
1.3006e+13	2.3007e-14	1.8626e-15
1.3113e+13	1.6029e-14	1.4034e-15
1.322e+13	1.1511e-14	1.2719e-15
1.3326e+13	1.3807e-14	1.6292e-15
1.3433e+13	2.0677e-14	2.1707e-15
1.3539e+13	2.532e-14	2.4212e-15
1.3646e+13	2.3168e-14	2.1861e-15
1.3753e+13	1.643e-14	1.7143e-15
1.3859e+13	1.2031e-14	1.459e-15
1.3966e+13	1.5357e-14	1.6974e-15
1.4072e+13	2.5724e-14	2.3358e-15
1.4179e+13	3.7141e-14	3.0066e-15
1.4286e+13	4.3052e-14	3.3344e-15
1.4392e+13	4.099e-14	3.1748e-15
1.4499e+13	3.3865e-14	2.6843e-15
1.4606e+13	2.7309e-14	2.1852e-15
1.4712e+13	2.5266e-14	1.921e-15
1.4819e+13	2.7247e-14	1.8948e-15
1.4925e+13	2.9497e-14	1.9327e-15
1.5032e+13	2.898e-14	1.9015e-15
1.5139e+13	2.6293e-14	1.8468e-15
1.5245e+13	2.4545e-14	1.8969e-15
1.5352e+13	2.5502e-14	2.0607e-15
1.5458e+13	2.7486e-14	2.1841e-15
1.5565e+13	2.757e-14	2.1392e-15
1.5672e+13	2.5423e-14	2.0091e-15
1.5778e+13	2.3917e-14	2.0106e-15
1.5885e+13	2.543e-14	2.2154e-15
1.5991e+13	2.8325e-14	2.4123e-15
1.6098e+13	2.8315e-14	2.3175e-15
1.6205e+13	2.3571e-14	1.9152e-15
1.6311e+13	1.7517e-14	1.5244e-15
1.6418e+13	1.5578e-14	1.4851e-15
1.6525e+13	1.9328e-14	1.806e-15
1.6631e+13	2.4878e-14	2.1728e-15
1.6738e+13	2.7486e-14	2.299e-15
1.6844e+13	2.6957e-14	2.2112e-15
1.6951e+13	2.7435e-14	2.156e-15
1.7058e+13	3.1948e-14	2.2762e-15
1.7164e+13	3.8502e-14	2.4634e-15
1.7271e+13	4.2691e-14	2.5516e-15
1.7377e+13	4.3824e-14	2.5879e-15
1.7484e+13	4.6888e-14	2.8176e-15
1.7591e+13	5.7177e-14	3.3807e-15
1.7697e+13	7.3033e-14	4.0711e-15
1.7804e+13	8.5006e-14	4.4575e-15
1.791e+13	8.338e-14	4.2596e-15
1.8017e+13	6.7148e-14	3.5966e-15
1.8124e+13	4.5677e-14	2.8717e-15
1.823e+13	3.1269e-14	2.4355e-15
1.8337e+13	2.9436e-14	2.3541e-15
1.8443e+13	3.5518e-14	2.4523e-15
1.855e+13	4.0021e-14	2.5202e-15
1.8657e+13	3.722e-14	2.4717e-15
1.8763e+13	2.9308e-14	2.3578e-15
1.887e+13	2.3157e-14	2.2864e-15
1.8977e+13	2.3519e-14	2.3342e-15
1.9083e+13	2.91e-14	2.4924e-15
1.919e+13	3.4586e-14	2.6634e-15
1.9296e+13	3.5928e-14	2.7246e-15
1.9403e+13	3.3612e-14	2.6323e-15
1.951e+13	3.1179e-14	2.477e-15
1.9616e+13	3.1168e-14	2.4111e-15
1.9723e+13	3.2803e-14	2.4989e-15
1.9829e+13	3.345e-14	2.6432e-15
1.9936e+13	3.1756e-14	2.6879e-15
2.0043e+13	2.9014e-14	2.6006e-15
2.0149e+13	2.7669e-14	2.528e-15
2.0256e+13	2.898e-14	2.6455e-15
2.0362e+13	3.2215e-14	2.9529e-15
2.0469e+13	3.5611e-14	3.2465e-15
2.0576e+13	3.761e-14	3.3101e-15
2.0682e+13	3.7405e-14	3.1207e-15
2.0789e+13	3.5166e-14	2.8543e-15
2.0896e+13	3.227e-14	2.6992e-15
2.1002e+13	3.0809e-14	2.691e-15
2.1109e+13	3.1913e-14	2.7364e-15
2.1215e+13	3.4305e-14	2.7619e-15
2.1322e+13	3.5301e-14	2.7977e-15
2.1429e+13	3.4038e-14	2.9152e-15
2.1535e+13	3.3384e-14	3.1218e-15
2.1642e+13	3.7439e-14	3.348e-15
2.1748e+13	4.6432e-14	3.5216e-15
2.1855e+13	5.4849e-14	3.619e-15
2.1962e+13	5.6051e-14	3.6441e-15
2.2068e+13	4.9343e-14	3.6016e-15
2.2175e+13	4.1665e-14	3.525e-15
2.2281e+13	4.1182e-14	3.5051e-15
2.2388e+13	4.9068e-14	3.631e-15
2.2495e+13	5.8363e-14	3.8763e-15
2.2601e+13	6.1422e-14	4.0852e-15
2.2708e+13	5.7913e-14	4.1201e-15
2.2814e+13	5.4654e-14	4.019e-15
2.2921e+13	5.7641e-14	3.9595e-15
2.3028e+13	6.5314e-14	4.0484e-15
2.3134e+13	7.0433e-14	4.1881e-15
2.3241e+13	6.8177e-14	4.2023e-15
2.3348e+13	6.1308e-14	4.0727e-15
2.3454e+13	5.6976e-14	3.9828e-15
2.3561e+13	5.9197e-14	4.0926e-15
2.3667e+13	6.5268e-14	4.3241e-15
2.3774e+13	6.9352e-14	4.4423e-15
2.3881e+13	6.8504e-14	4.3444e-15
2.3987e+13	6.4709e-14	4.1899e-15
2.4094e+13	6.1815e-14	4.1979e-15
2.42e+13	6.171e-14	4.3743e-15
2.4307e+13	6.3675e-14	4.5274e-15
2.4414e+13	6.6293e-14	4.5513e-15
2.452e+13	6.8759e-14	4.5851e-15
2.4627e+13	7.0409e-14	4.8128e-15
2.4733e+13	7.0285e-14	5.1631e-15
2.484e+13	6.8212e-14	5.3372e-15
2.4947e+13	6.5994e-14	5.1743e-15
2.5053e+13	6.634e-14	4.8892e-15
2.516e+13	6.9797e-14	4.838e-15
2.5267e+13	7.3081e-14	5.0745e-15
2.5373e+13	7.1377e-14	5.2657e-15
2.548e+13	6.2878e-14	5.1016e-15
2.5586e+13	5.0967e-14	4.6951e-15
2.5693e+13	4.1548e-14	4.4578e-15
2.58e+13	3.8034e-14	4.5999e-15
2.5906e+13	3.8845e-14	4.8912e-15
2.6013e+13	3.9583e-14	4.9867e-15
2.6119e+13	3.7329e-14	4.8868e-15
2.6226e+13	3.2828e-14	4.9302e-15
2.6333e+13	2.8977e-14	5.3361e-15
2.6439e+13	2.7784e-14	5.9022e-15
2.6546e+13	2.8883e-14	6.2489e-15
2.6652e+13	3.0464e-14	6.2717e-15
2.6759e+13	3.1019e-14	6.1995e-15
2.6866e+13	3.0138e-14	6.217e-15
2.6972e+13	2.8141e-14	6.2036e-15
2.7079e+13	2.5547e-14	5.9663e-15
2.7186e+13	2.2944e-14	5.6224e-15
2.7292e+13	2.0951e-14	5.5544e-15
2.7399e+13	1.9857e-14	5.9515e-15
2.7505e+13	1.9261e-14	6.567e-15
2.7612e+13	1.8324e-14	7.0524e-15
2.7719e+13	1.6605e-14	7.4092e-15
2.7825e+13	1.4579e-14	7.8896e-15
2.7932e+13	1.3204e-14	8.4499e-15
2.8038e+13	1.2935e-14	8.5924e-15
2.8145e+13	1.3279e-14	7.9972e-15
2.8252e+13	1.3341e-14	7.2042e-15
2.8358e+13	1.2707e-14	7.2996e-15
2.8465e+13	1.1682e-14	8.7277e-15
2.8571e+13	1.0761e-14	1.0597e-14
2.8678e+13	1.008e-14	1.148e-14
2.8785e+13	9.4868e-15	1.0949e-14
2.8891e+13	8.9618e-15	1.005e-14
2.8998e+13	8.6954e-15	1.0085e-14
2.9104e+13	8.7201e-15	1.1084e-14
2.9211e+13	8.6959e-15	1.1816e-14
2.9318e+13	8.2844e-15	1.1353e-14
2.9424e+13	7.6655e-15	1.032e-14
2.9531e+13	7.4208e-15	1.0272e-14
2.9638e+13	7.7849e-15	1.1909e-14
2.9744e+13	8.1921e-15	1.4271e-14
2.9851e+13	7.8188e-15	1.5859e-14
2.9957e+13	6.5833e-15	1.6358e-14
3.0064e+13	5.3712e-15	1.6905e-14
3.0171e+13	5.1077e-15	1.8609e-14
3.0277e+13	5.7238e-15	2.1093e-14
3.0384e+13	6.2696e-15	2.2738e-14
3.049e+13	6.0569e-15	2.2371e-14
3.0597e+13	5.4438e-15	2.0519e-14
3.0704e+13	5.3098e-15	1.8988e-14
3.081e+13	5.9031e-15	1.929e-14
3.0917e+13	6.5129e-15	2.1481e-14
3.1023e+13	6.3582e-15	2.431e-14
3.113e+13	5.5472e-15	2.6289e-14
3.1237e+13	4.9042e-15	2.6744e-14
3.1343e+13	4.9336e-15	2.6181e-14
3.145e+13	5.2745e-15	2.5864e-14
3.1557e+13	5.3001e-15	2.681e-14
3.1663e+13	4.9971e-15	2.883e-14
3.177e+13	4.9247e-15	3.0449e-14
3.1876e+13	5.3322e-15	3.0056e-14
3.1983e+13	5.6834e-15	2.7503e-14
3.209e+13	5.3134e-15	2.4623e-14
3.2196e+13	4.3987e-15	2.3872e-14
3.2303e+13	3.9177e-15	2.619e-14
3.2409e+13	4.5335e-15	3.0068e-14
3.2516e+13	5.7547e-15	3.2836e-14
3.2623e+13	6.4466e-15	3.2987e-14
3.2729e+13	6.1059e-15	3.1419e-14
3.2836e+13	5.3655e-15	3.0576e-14
3.2942e+13	5.1627e-15	3.2371e-14
3.3049e+13	5.6333e-15	3.6672e-14
3.3156e+13	6.0586e-15	4.1374e-14
3.3262e+13	5.8263e-15	4.386e-14
3.3369e+13	5.1582e-15	4.2819e-14
3.3475e+13	4.767e-15	3.93e-14
3.3582e+13	4.982e-15	3.6133e-14
3.3689e+13	5.4508e-15	3.5851e-14
3.3795e+13	5.6702e-15	3.8546e-14
3.3902e+13	5.5684e-15	4.1653e-14
3.4009e+13	5.4466e-15	4.2283e-14
3.4115e+13	5.5104e-15	4.0126e-14
3.4222e+13	5.6764e-15	3.7951e-14
3.4328e+13	5.8176e-15	3.8862e-14
3.4435e+13	5.9767e-15	4.2985e-14
3.4542e+13	6.2178e-15	4.7161e-14
3.4648e+13	6.4076e-15	4.8142e-14
3.4755e+13	6.3333e-15	4.587e-14
3.4861e+13	6.0224e-15	4.3289e-14
3.4968e+13	5.7635e-15	4.2997e-14
3.5075e+13	5.7415e-15	4.4592e-14
3.5181e+13	5.7963e-15	4.5596e-14
3.5288e+13	5.6861e-15	4.457e-14
3.5394e+13	5.5003e-15	4.2608e-14
3.5501e+13	5.5816e-15	4.164e-14
3.5608e+13	5.9851e-15	4.1914e-14
3.5714e+13	6.2327e-15	4.1865e-14
3.5821e+13	5.832e-15	4.0348e-14
3.5928e+13	4.9839e-15	3.8215e-14
3.6034e+13	4.5196e-15	3.7229e-14
3.6141e+13	5.0072e-15	3.7821e-14
3.6247e+13	6.0742e-15	3.8672e-14
3.6354e+13	6.8081e-15	3.8602e-14
3.6461e+13	6.7813e-15	3.8132e-14
3.6567e+13	6.4471e-15	3.8559e-14
3.6674e+13	6.4471e-15	3.9735e-14
3.678e+13	6.7424e-15	3.9689e-14
3.6887e+13	6.6892e-15	3.6934e-14
3.6994e+13	5.9378e-15	3.2731e-14
3.71e+13	4.9696e-15	3.0278e-14
3.7207e+13	4.5642e-15	3.1416e-14
3.7313e+13	4.8738e-15	3.4532e-14
3.742e+13	5.2666e-15	3.6132e-14
3.7527e+13	5.1044e-15	3.4338e-14
3.7633e+13	4.4565e-15	3.0527e-14
3.774e+13	3.9108e-15	2.7591e-14
3.7846e+13	3.8291e-15	2.7083e-14
3.7953e+13	4.0254e-15	2.8291e-14
3.806e+13	4.1746e-15	2.9643e-14
3.8166e+13	4.2752e-15	3.0307e-14
3.8273e+13	4.5239e-15	3.0293e-14
3.838e+13	4.8638e-15	2.9686e-14
3.8486e+13	4.9379e-15	2.8513e-14
3.8593e+13	4.57e-15	2.7352e-14
3.8699e+13	4.0919e-15	2.7393e-14
3.8806e+13	3.9963e-15	2.9311e-14
3.8913e+13	4.3179e-15	3.2178e-14
3.9019e+13	4.56e-15	3.393e-14
3.9126e+13	4.3011e-15	3.3193e-14
3.9232e+13	3.7224e-15	3.054e-14
3.9339e+13	3.3943e-15	2.7861e-14
3.9446e+13	3.6034e-15	2.6632e-14
3.9552e+13	4.0612e-15	2.695e-14
3.9659e+13	4.2991e-15	2.8049e-14
3.9765e+13	4.1901e-15	2.9306e-14
3.9872e+13	3.9605e-15	3.0529e-14
3.9979e+13	3.7967e-15	3.1556e-14
4.0085e+13	3.6467e-15	3.2048e-14
4.0192e+13	3.4419e-15	3.1818e-14
4.0299e+13	3.3236e-15	3.1086e-14
4.0405e+13	3.4767e-15	3.0159e-14
4.0512e+13	3.7964e-15	2.899e-14
4.0618e+13	3.9132e-15	2.7362e-14
4.0725e+13	3.6224e-15	2.5544e-14
4.0832e+13	3.1671e-15	2.4445e-14
4.0938e+13	2.9706e-15	2.4772e-14
4.1045e+13	3.1343e-15	2.6049e-14
4.1151e+13	3.3397e-15	2.6765e-14
4.1258e+13	3.2651e-15	2.5747e-14
4.1365e+13	2.9702e-15	2.3381e-14
4.1471e+13	2.7726e-15	2.1345e-14
4.1578e+13	2.8315e-15	2.1108e-14
4.1684e+13	3.0005e-15	2.2661e-14
4.1791e+13	3.0877e-15	2.4627e-14
4.1898e+13	3.0989e-15	2.5471e-14
4.2004e+13	3.1234e-15	2.4622e-14
4.2111e+13	3.0953e-15	2.269e-14
4.2217e+13	2.8548e-15	2.0871e-14
4.2324e+13	2.4629e-15	2.013e-14
4.2431e+13	2.2692e-15	2.0652e-14
4.2537e+13	2.5221e-15	2.1798e-14
4.2644e+13	2.9894e-15	2.2616e-14
4.2751e+13	3.1489e-15	2.2587e-14
4.2857e+13	2.8027e-15	2.202e-14
4.2964e+13	2.3533e-15	2.1665e-14
4.307e+13	2.3428e-15	2.1873e-14
4.3177e+13	2.7834e-15	2.2193e-14
4.3284e+13	3.1164e-15	2.1922e-14
4.339e+13	2.8746e-15	2.1033e-14
4.3497e+13	2.245e-15	2.0406e-14
4.3603e+13	1.8499e-15	2.1007e-14
4.371e+13	2.0286e-15	2.2852e-14
4.3817e+13	2.492e-15	2.4875e-14
4.3923e+13	2.7177e-15	2.5866e-14
4.403e+13	2.5476e-15	2.5518e-14
4.4136e+13	2.2748e-15	2.4597e-14
4.4243e+13	2.2081e-15	2.4187e-14
4.435e+13	2.324e-15	2.4808e-14
4.4456e+13	2.3979e-15	2.6105e-14
4.4563e+13	2.3451e-15	2.7206e-14
4.467e+13	2.2933e-15	2.7364e-14
4.4776e+13	2.3501e-15	2.6481e-14
4.4883e+13	2.443e-15	2.5223e-14
4.4989e+13	2.4506e-15	2.4599e-14
4.5096e+13	2.3967e-15	2.519e-14
4.5203e+13	2.4132e-15	2.6621e-14
4.5309e+13	2.5384e-15	2.7808e-14
4.5416e+13	2.6583e-15	2.7862e-14
4.5522e+13	2.6699e-15	2.6832e-14
4.5629e+13	2.6147e-15	2.5575e-14
4.5736e+13	2.5841e-15	2.5002e-14
4.5842e+13	2.561e-15	2.5522e-14
4.5949e+13	2.461e-15	2.7116e-14
4.6055e+13	2.3229e-15	2.9582e-14
4.6162e+13	2.3326e-15	3.2379e-14
4.6269e+13	2.5778e-15	3.4361e-14
4.6375e+13	2.8553e-15	3.4206e-14
4.6482e+13	2.8461e-15	3.1611e-14
4.6588e+13	2.4966e-15	2.8069e-14
4.6695e+13	2.1173e-15	2.6027e-14
4.6802e+13	2.0401e-15	2.6835e-14
4.6908e+13	2.2464e-15	2.945e-14
4.7015e+13	2.43e-15	3.1329e-14
4.7122e+13	2.3976e-15	3.0755e-14
4.7228e+13	2.2769e-15	2.8332e-14
4.7335e+13	2.2817e-15	2.6262e-14
4.7441e+13	2.3888e-15	2.6252e-14
4.7548e+13	2.3851e-15	2.8121e-14
4.7655e+13	2.2057e-15	3.022e-14
4.7761e+13	2.0665e-15	3.0967e-14
4.7868e+13	2.1799e-15	3.0054e-14
4.7974e+13	2.4438e-15	2.8522e-14
4.8081e+13	2.5563e-15	2.7876e-14
4.8188e+13	2.4189e-15	2.8889e-14
4.8294e+13	2.2701e-15	3.0825e-14
4.8401e+13	2.3442e-15	3.1752e-14
4.8507e+13	2.5213e-15	3.0098e-14
4.8614e+13	2.4781e-15	2.6413e-14
4.8721e+13	2.1659e-15	2.3526e-14
4.8827e+13	1.9537e-15	2.4348e-14
4.8934e+13	2.1818e-15	2.8964e-14
4.9041e+13	2.6787e-15	3.4005e-14
4.9147e+13	2.9008e-15	3.5412e-14
4.9254e+13	2.5729e-15	3.2201e-14
4.936e+13	2.0327e-15	2.7398e-14
4.9467e+13	1.8312e-15	2.5034e-14
4.9574e+13	2.0794e-15	2.6215e-14
4.968e+13	2.3537e-15	2.8343e-14
4.9787e+13	2.2547e-15	2.8157e-14
4.9893e+13	1.8913e-15	2.5179e-14
5e+13	1.6933e-15	2.1929e-14
5.0107e+13	1.8414e-15	2.1003e-14
5.0213e+13	2.0657e-15	2.2449e-14
5.032e+13	2.0409e-15	2.4199e-14
5.0426e+13	1.8149e-15	2.4629e-14
5.0533e+13	1.7077e-15	2.4152e-14
5.064e+13	1.8519e-15	2.4255e-14
5.0746e+13	2.0139e-15	2.5506e-14
5.0853e+13	1.9224e-15	2.6961e-14
5.0959e+13	1.6379e-15	2.7385e-14
5.1066e+13	1.4661e-15	2.6602e-14
5.1173e+13	1.5505e-15	2.545e-14
5.1279e+13	1.7072e-15	2.4735e-14
5.1386e+13	1.704e-15	2.458e-14
5.1493e+13	1.5771e-15	2.4709e-14
5.1599e+13	1.549e-15	2.4886e-14
5.1706e+13	1.6856e-15	2.4866e-14
5.1812e+13	1.787e-15	2.4211e-14
5.1919e+13	1.6688e-15	2.2654e-14
5.2026e+13	1.4319e-15	2.0711e-14
5.2132e+13	1.337e-15	1.9527e-14
5.2239e+13	1.4502e-15	1.9745e-14
5.2345e+13	1.5508e-15	2.0608e-14
5.2452e+13	1.4314e-15	2.0589e-14
5.2559e+13	1.182e-15	1.9085e-14
5.2665e+13	1.0723e-15	1.7282e-14
5.2772e+13	1.1943e-15	1.6988e-14
5.2878e+13	1.3497e-15	1.8628e-14
5.2985e+13	1.323e-15	2.0633e-14
5.3092e+13	1.1582e-15	2.1015e-14
5.3198e+13	1.0712e-15	1.9394e-14
5.3305e+13	1.1385e-15	1.7247e-14
5.3412e+13	1.2027e-15	1.6198e-14
5.3518e+13	1.1126e-15	1.6347e-14
5.3625e+13	9.4781e-16	1.6476e-14
5.3731e+13	9.0689e-16	1.5702e-14
5.3838e+13	1.0227e-15	1.4508e-14
5.3945e+13	1.1113e-15	1.3994e-14
5.4051e+13	1.0296e-15	1.4368e-14
5.4158e+13	8.7822e-16	1.4575e-14
5.4264e+13	8.6132e-16	1.3558e-14
5.4371e+13	1e-15	1.1622e-14
5.4478e+13	1.102e-15	1.026e-14
5.4584e+13	1.0323e-15	1.0584e-14
5.4691e+13	9.0245e-16	1.2108e-14
5.4797e+13	9.0933e-16	1.3249e-14
5.4904e+13	1.0472e-15	1.295e-14
5.5011e+13	1.1041e-15	1.1647e-14
5.5117e+13	9.5761e-16	1.0615e-14
5.5224e+13	7.5893e-16	1.0563e-14
5.533e+13	7.3905e-16	1.1046e-14
5.5437e+13	8.9452e-16	1.1211e-14
5.5544e+13	9.8806e-16	1.0847e-14
5.565e+13	8.713e-16	1.049e-14
5.5757e+13	6.8869e-16	1.059e-14
5.5864e+13	6.7893e-16	1.0854e-14
5.597e+13	8.4426e-16	1.0615e-14
5.6077e+13	9.4549e-16	9.7423e-15
5.6183e+13	8.3402e-16	8.931e-15
5.629e+13	6.6296e-16	8.96e-15
5.6397e+13	6.7978e-16	9.775e-15
5.6503e+13	8.8047e-16	1.0499e-14
5.661e+13	1.0042e-15	1.0373e-14
5.6716e+13	8.8514e-16	9.5323e-15
5.6823e+13	6.826e-16	8.7548e-15
5.693e+13	6.691e-16	8.5428e-15
5.7036e+13	8.5969e-16	8.6676e-15
5.7143e+13	9.8918e-16	8.6429e-15
5.7249e+13	8.7282e-16	8.424e-15
5.7356e+13	6.5941e-16	8.3968e-15
5.7463e+13	6.2778e-16	8.706e-15
5.7569e+13	8.014e-16	8.8766e-15
5.7676e+13	9.1011e-16	8.3199e-15
5.7783e+13	7.588e-16	7.1385e-15
5.7889e+13	5.0392e-16	6.1726e-15
5.7996e+13	4.5586e-16	6.1302e-15
5.8102e+13	6.66e-16	6.8049e-15
5.8209e+13	8.5417e-16	7.3337e-15
5.8316e+13	7.7824e-16	7.1975e-15
5.8422e+13	5.5232e-16	6.7629e-15
5.8529e+13	4.884e-16	6.7334e-15
5.8635e+13	6.7628e-16	7.2212e-15
5.8742e+13	8.6501e-16	7.5924e-15
5.8849e+13	8.0113e-16	7.2554e-15
5.8955e+13	5.6693e-16	6.3947e-15
5.9062e+13	4.6843e-16	5.7539e-15
5.9168e+13	6.2921e-16	5.7659e-15
5.9275e+13	8.3289e-16	6.1057e-15
5.9382e+13	8.1474e-16	6.1635e-15
5.9488e+13	6.0508e-16	5.7919e-15
5.9595e+13	4.7477e-16	5.4076e-15
5.9701e+13	5.7451e-16	5.4024e-15
5.9808e+13	7.5429e-16	5.6603e-15
5.9915e+13	7.8315e-16	5.7623e-15
6.0021e+13	6.5006e-16	5.5372e-15
6.0128e+13	5.463e-16	5.2282e-15
6.0235e+13	5.8543e-16	5.1159e-15
6.0341e+13	6.6301e-16	5.1565e-15
6.0448e+13	6.3421e-16	5.1117e-15
6.0554e+13	5.3412e-16	4.9415e-15
6.0661e+13	5.2185e-16	4.8864e-15
6.0768e+13	6.371e-16	5.119e-15
6.0874e+13	7.2805e-16	5.4523e-15
6.0981e+13	6.6144e-16	5.5178e-15
6.1087e+13	5.179e-16	5.1968e-15
6.1194e+13	4.8981e-16	4.7555e-15
6.1301e+13	6.1726e-16	4.5263e-15
6.1407e+13	7.3027e-16	4.5591e-15
6.1514e+13	6.8134e-16	4.6608e-15
6.162e+13	5.4652e-16	4.7068e-15
6.1727e+13	5.153e-16	4.7778e-15
6.1834e+13	6.2357e-16	4.9686e-15
6.194e+13	7.0446e-16	5.1837e-15
6.2047e+13	6.275e-16	5.2316e-15
6.2154e+13	4.9024e-16	5.085e-15
6.226e+13	4.8755e-16	4.9269e-15
6.2367e+13	6.3391e-16	4.9022e-15
6.2473e+13	7.2765e-16	4.9116e-15
6.258e+13	6.1878e-16	4.7393e-15
6.2687e+13	4.1987e-16	4.354e-15
6.2793e+13	3.6687e-16	3.987e-15
6.29e+13	5.1034e-16	3.8819e-15
6.3006e+13	6.5099e-16	4.0406e-15
6.3113e+13	6.0547e-16	4.2715e-15
6.322e+13	4.4426e-16	4.4378e-15
6.3326e+13	3.8662e-16	4.5643e-15
6.3433e+13	5.0345e-16	4.6955e-15
6.3539e+13	6.3144e-16	4.7556e-15
6.3646e+13	6.0355e-16	4.6327e-15
6.3753e+13	4.7114e-16	4.3631e-15
6.3859e+13	4.184e-16	4.1278e-15
6.3966e+13	5.0191e-16	4.0434e-15
6.4072e+13	5.8224e-16	4.0313e-15
6.4179e+13	5.3358e-16	3.9604e-15
6.4286e+13	4.2579e-16	3.8678e-15
6.4392e+13	4.1892e-16	3.9376e-15
6.4499e+13	5.2422e-16	4.2371e-15
6.4606e+13	5.7875e-16	4.5612e-15
6.4712e+13	4.7863e-16	4.6217e-15
6.4819e+13	3.4255e-16	4.3718e-15
6.4925e+13	3.6313e-16	4.066e-15
6.5032e+13	5.3947e-16	3.9811e-15
6.5139e+13	6.6179e-16	4.1367e-15
6.5245e+13	5.81e-16	4.3318e-15
6.5352e+13	4.0294e-16	4.4043e-15
6.5458e+13	3.4354e-16	4.3741e-15
6.5565e+13	4.4286e-16	4.3378e-15
6.5672e+13	5.2698e-16	4.3215e-15
6.5778e+13	4.6371e-16	4.3013e-15
6.5885e+13	3.5229e-16	4.3125e-15
6.5991e+13	3.8122e-16	4.4349e-15
6.6098e+13	5.5285e-16	4.6507e-15
6.6205e+13	6.6347e-16	4.7991e-15
6.6311e+13	5.7523e-16	4.739e-15
6.6418e+13	4.0672e-16	4.5199e-15
6.6525e+13	3.7409e-16	4.3205e-15
6.6631e+13	4.9686e-16	4.2285e-15
6.6738e+13	5.7503e-16	4.1695e-15
6.6844e+13	4.7371e-16	4.0892e-15
6.6951e+13	3.2209e-16	4.1075e-15
6.7058e+13	3.428e-16	4.3647e-15
6.7164e+13	5.3673e-16	4.7266e-15
6.7271e+13	6.5918e-16	4.7965e-15
6.7377e+13	5.3643e-16	4.3473e-15
6.7484e+13	3.0427e-16	3.6953e-15
6.7591e+13	2.4246e-16	3.4851e-15
6.7697e+13	4.1661e-16	4.0163e-15
6.7804e+13	5.9907e-16	4.8503e-15
6.791e+13	5.7007e-16	5.1935e-15
6.8017e+13	3.9693e-16	4.6868e-15
6.8124e+13	3.267e-16	3.7545e-15
6.823e+13	4.4989e-16	3.152e-15
6.8337e+13	5.9042e-16	3.2372e-15
6.8443e+13	5.5789e-16	3.7351e-15
6.855e+13	4.0612e-16	4.1442e-15
6.8657e+13	3.4646e-16	4.2383e-15
6.8763e+13	4.4653e-16	4.1397e-15
6.887e+13	5.3731e-16	4.0334e-15
6.8977e+13	4.5656e-16	3.9675e-15
6.9083e+13	2.8791e-16	3.9326e-15
6.919e+13	2.5861e-16	3.9885e-15
6.9296e+13	4.2984e-16	4.1898e-15
6.9403e+13	6.0243e-16	4.4279e-15
6.951e+13	5.7161e-16	4.4775e-15
6.9616e+13	3.9125e-16	4.2553e-15
6.9723e+13	2.9585e-16	3.9592e-15
6.9829e+13	3.8992e-16	3.8664e-15
6.9936e+13	5.2215e-16	4.0078e-15
7.0043e+13	5.0313e-16	4.1265e-15
7.0149e+13	3.6175e-16	3.991e-15
7.0256e+13	2.951e-16	3.683e-15
7.0362e+13	3.9221e-16	3.501e-15
7.0469e+13	5.1434e-16	3.5948e-15
7.0576e+13	4.8989e-16	3.7858e-15
7.0682e+13	3.4954e-16	3.7973e-15
7.0789e+13	2.8164e-16	3.6139e-15
7.0896e+13	3.7688e-16	3.525e-15
7.1002e+13	5.1359e-16	3.784e-15
7.1109e+13	5.3027e-16	4.2761e-15
7.1215e+13	4.3715e-16	4.5873e-15
7.1322e+13	3.8012e-16	4.4138e-15
7.1429e+13	4.2503e-16	3.8745e-15
7.1535e+13	4.7415e-16	3.3987e-15
7.1642e+13	4.2522e-16	3.3134e-15
7.1748e+13	3.3335e-16	3.5588e-15
7.1855e+13	3.3591e-16	3.8038e-15
7.1962e+13	4.4598e-16	3.8142e-15
7.2068e+13	5.1652e-16	3.6781e-15
7.2175e+13	4.3951e-16	3.6639e-15
7.2281e+13	3.0524e-16	3.8832e-15
7.2388e+13	2.9003e-16	4.1423e-15
7.2495e+13	4.168e-16	4.1587e-15
7.2601e+13	5.1899e-16	3.9105e-15
7.2708e+13	4.6509e-16	3.704e-15
7.2814e+13	3.3923e-16	3.8407e-15
7.2921e+13	3.2641e-16	4.2316e-15
7.3028e+13	4.5547e-16	4.4237e-15
7.3134e+13	5.5326e-16	4.0771e-15
7.3241e+13	4.7835e-16	3.392e-15
7.3348e+13	3.1783e-16	2.9794e-15
7.3454e+13	2.7558e-16	3.2564e-15
7.3561e+13	3.9962e-16	3.9998e-15
7.3667e+13	5.1749e-16	4.5542e-15
7.3774e+13	4.6829e-16	4.4822e-15
7.3881e+13	3.1804e-16	3.9645e-15
7.3987e+13	2.6868e-16	3.5538e-15
7.4094e+13	3.8701e-16	3.6085e-15
7.42e+13	5.2058e-16	4.0294e-15
7.4307e+13	5.0853e-16	4.4984e-15
7.4414e+13	3.9458e-16	4.8287e-15
7.452e+13	3.5449e-16	5.01e-15
7.4627e+13	4.4578e-16	5.0127e-15
7.4733e+13	5.284e-16	4.7317e-15
7.484e+13	4.6326e-16	4.1895e-15
7.4947e+13	3.1089e-16	3.6778e-15
7.5053e+13	2.5455e-16	3.5409e-15
7.516e+13	3.5409e-16	3.7978e-15
7.5267e+13	4.6854e-16	4.0885e-15
7.5373e+13	4.5055e-16	4.0747e-15
7.548e+13	3.4249e-16	3.8439e-15
7.5586e+13	3.0702e-16	3.8108e-15
7.5693e+13	3.9483e-16	4.208e-15
7.58e+13	4.7512e-16	4.7691e-15
7.5906e+13	4.2386e-16	4.9994e-15
7.6013e+13	3.0503e-16	4.7295e-15
7.6119e+13	2.9005e-16	4.3098e-15
7.6226e+13	4.2447e-16	4.2329e-15
7.6333e+13	5.6252e-16	4.6201e-15
7.6439e+13	5.5882e-16	5.1329e-15
7.6546e+13	4.5386e-16	5.3539e-15
7.6652e+13	4.0396e-16	5.1867e-15
7.6759e+13	4.6168e-16	4.8772e-15
7.6866e+13	5.1422e-16	4.7119e-15
7.6972e+13	4.5791e-16	4.7477e-15
7.7079e+13	3.5415e-16	4.8095e-15
7.7186e+13	3.4236e-16	4.6924e-15
7.7292e+13	4.3455e-16	4.3645e-15
7.7399e+13	4.8924e-16	4.0143e-15
7.7505e+13	4.1067e-16	3.91e-15
7.7612e+13	2.946e-16	4.1606e-15
7.7719e+13	3.0548e-16	4.5767e-15
7.7825e+13	4.4546e-16	4.8157e-15
7.7932e+13	5.386e-16	4.7405e-15
7.8038e+13	4.656e-16	4.6217e-15
7.8145e+13	3.3264e-16	4.8748e-15
7.8252e+13	3.3482e-16	5.5311e-15
7.8358e+13	4.8948e-16	6.0524e-15
7.8465e+13	6.0213e-16	5.8275e-15
7.8571e+13	5.2118e-16	4.8959e-15
7.8678e+13	3.4404e-16	4.0533e-15
7.8785e+13	2.9418e-16	4.1048e-15
7.8891e+13	4.2847e-16	5.0302e-15
7.8998e+13	5.6477e-16	6.0115e-15
7.9104e+13	5.2695e-16	6.322e-15
7.9211e+13	3.7933e-16	6.0637e-15
7.9318e+13	3.3778e-16	5.913e-15
7.9424e+13	4.7879e-16	6.2255e-15
7.9531e+13	6.3654e-16	6.613e-15
7.9638e+13	6.2199e-16	6.4943e-15
7.9744e+13	4.6782e-16	5.889e-15
7.9851e+13	3.7633e-16	5.4307e-15
7.9957e+13	4.5049e-16	5.584e-15
8.0064e+13	5.7218e-16	6.0826e-15
8.0171e+13	5.7932e-16	6.3118e-15
8.0277e+13	4.8751e-16	6.1269e-15
8.0384e+13	4.5351e-16	6.0135e-15
8.049e+13	5.4263e-16	6.3553e-15
8.0597e+13	6.2984e-16	6.7785e-15
8.0704e+13	5.7322e-16	6.5107e-15
8.081e+13	4.1833e-16	5.3971e-15
8.0917e+13	3.4829e-16	4.2941e-15
8.1023e+13	4.432e-16	4.2316e-15
8.113e+13	5.7339e-16	5.2488e-15
8.1237e+13	5.6977e-16	6.2834e-15
8.1343e+13	4.4215e-16	6.3107e-15
8.145e+13	3.5862e-16	5.46e-15
8.1557e+13	4.2337e-16	4.8471e-15
8.1663e+13	5.5178e-16	5.3262e-15
8.177e+13	5.9505e-16	6.5615e-15
8.1876e+13	5.2993e-16	7.4059e-15
8.1983e+13	4.6225e-16	7.103e-15
8.209e+13	4.6538e-16	6.0111e-15
8.2196e+13	4.9334e-16	5.1777e-15
8.2303e+13	4.78e-16	5.3302e-15
8.2409e+13	4.4712e-16	6.3047e-15
8.2516e+13	4.7964e-16	7.3236e-15
8.2623e+13	5.6686e-16	7.689e-15
8.2729e+13	5.9766e-16	7.25e-15
8.2836e+13	5.0908e-16	6.3902e-15
8.2942e+13	3.9196e-16	5.7009e-15
8.3049e+13	3.8637e-16	5.6064e-15
8.3156e+13	4.9527e-16	6.132e-15
8.3262e+13	5.7442e-16	6.9271e-15
8.3369e+13	5.2458e-16	7.5404e-15
8.3475e+13	4.2848e-16	7.7502e-15
8.3582e+13	4.3981e-16	7.6686e-15
8.3689e+13	5.6874e-16	7.5405e-15
8.3795e+13	6.5784e-16	7.4707e-15
8.3902e+13	5.8894e-16	7.3784e-15
8.4009e+13	4.4497e-16	7.1852e-15
8.4115e+13	4.0519e-16	6.967e-15
8.4222e+13	5.1131e-16	6.8804e-15
8.4328e+13	6.1771e-16	6.976e-15
8.4435e+13	5.8962e-16	7.141e-15
8.4542e+13	4.7834e-16	7.2142e-15
8.4648e+13	4.38e-16	7.108e-15
8.4755e+13	5.0549e-16	6.829e-15
8.4861e+13	5.5144e-16	6.4649e-15
8.4968e+13	4.7035e-16	6.201e-15
8.5075e+13	3.4261e-16	6.2576e-15
8.5181e+13	3.3584e-16	6.6656e-15
8.5288e+13	4.7317e-16	7.0859e-15
8.5394e+13	5.8756e-16	7.0112e-15
8.5501e+13	5.3397e-16	6.3056e-15
8.5608e+13	3.8006e-16	5.5116e-15
8.5714e+13	3.1958e-16	5.4314e-15
8.5821e+13	4.2274e-16	6.2856e-15
8.5928e+13	5.5405e-16	7.3727e-15
8.6034e+13	5.5893e-16	7.7222e-15
8.6141e+13	4.61e-16	7.1055e-15
8.6247e+13	4.0901e-16	6.2725e-15
8.6354e+13	4.6099e-16	6.1126e-15
8.6461e+13	5.1074e-16	6.6868e-15
8.6567e+13	4.5317e-16	7.2368e-15
8.6674e+13	3.473e-16	7.1144e-15
8.678e+13	3.3968e-16	6.4913e-15
8.6887e+13	4.5183e-16	6.0369e-15
8.6994e+13	5.3456e-16	6.0539e-15
8.71e+13	4.6705e-16	6.1994e-15
8.7207e+13	3.3297e-16	6.0908e-15
8.7313e+13	3.2255e-16	5.9126e-15
8.742e+13	4.7762e-16	6.1574e-15
8.7527e+13	6.1985e-16	6.8289e-15
8.7633e+13	5.6898e-16	7.2353e-15
8.774e+13	3.7329e-16	6.7772e-15
8.7846e+13	2.5248e-16	5.791e-15
8.7953e+13	3.2664e-16	5.3032e-15
8.806e+13	4.7888e-16	5.8608e-15
8.8166e+13	5.1701e-16	6.8181e-15
8.8273e+13	4.1156e-16	7.0027e-15
8.838e+13	3.0643e-16	6.0381e-15
8.8486e+13	3.1314e-16	4.7745e-15
8.8593e+13	3.7622e-16	4.3199e-15
8.8699e+13	3.7612e-16	4.822e-15
8.8806e+13	3.0554e-16	5.4183e-15
8.8913e+13	2.7116e-16	5.3383e-15
8.9019e+13	3.3124e-16	4.7871e-15
8.9126e+13	4.0735e-16	4.5812e-15
8.9232e+13	3.9457e-16	5.0634e-15
8.9339e+13	3.1042e-16	5.6668e-15
8.9446e+13	2.7109e-16	5.6341e-15
8.9552e+13	3.2923e-16	4.9638e-15
8.9659e+13	4.011e-16	4.414e-15
8.9765e+13	3.8321e-16	4.5793e-15
8.9872e+13	2.9388e-16	5.1823e-15
8.9979e+13	2.4443e-16	5.4218e-15
9.0085e+13	2.8592e-16	4.9385e-15
9.0192e+13	3.4735e-16	4.2476e-15
9.0299e+13	3.4558e-16	4.1528e-15
9.0405e+13	3.0278e-16	4.843e-15
9.0512e+13	3.0274e-16	5.6865e-15
9.0618e+13	3.548e-16	5.9016e-15
9.0725e+13	3.708e-16	5.3286e-15
9.0832e+13	2.9708e-16	4.5053e-15
9.0938e+13	2.1113e-16	4.0659e-15
9.1045e+13	2.3006e-16	4.1604e-15
9.1151e+13	3.4482e-16	4.4532e-15
9.1258e+13	4.1485e-16	4.5812e-15
9.1365e+13	3.4848e-16	4.521e-15
9.1471e+13	2.3213e-16	4.5159e-15
9.1578e+13	2.2507e-16	4.721e-15
9.1684e+13	3.4893e-16	4.9896e-15
9.1791e+13	4.5137e-16	5.0195e-15
9.1898e+13	3.9905e-16	4.6823e-15
9.2004e+13	2.4968e-16	4.1763e-15
9.2111e+13	1.7741e-16	3.8406e-15
9.2217e+13	2.5127e-16	3.8284e-15
9.2324e+13	3.5695e-16	3.9846e-15
9.2431e+13	3.564e-16	4.0537e-15
9.2537e+13	2.6474e-16	3.977e-15
9.2644e+13	2.1255e-16	3.9305e-15
9.2751e+13	2.5857e-16	4.0607e-15
9.2857e+13	3.1472e-16	4.2446e-15
9.2964e+13	2.7983e-16	4.1999e-15
9.307e+13	1.8795e-16	3.8433e-15
9.3177e+13	1.6277e-16	3.4544e-15
9.3284e+13	2.4365e-16	3.3932e-15
9.339e+13	3.2769e-16	3.6658e-15
9.3497e+13	3.0913e-16	3.8713e-15
9.3603e+13	2.2249e-16	3.6466e-15
9.371e+13	1.9181e-16	3.117e-15
9.3817e+13	2.577e-16	2.8061e-15
9.3923e+13	3.2245e-16	3.0693e-15
9.403e+13	2.8805e-16	3.6905e-15
9.4136e+13	1.9387e-16	4.1034e-15
9.4243e+13	1.6263e-16	3.9779e-15
9.435e+13	2.3058e-16	3.5057e-15
9.4456e+13	2.9843e-16	3.1041e-15
9.4563e+13	2.707e-16	2.949e-15
9.467e+13	1.8908e-16	2.8908e-15
9.4776e+13	1.7345e-16	2.7753e-15
9.4883e+13	2.5243e-16	2.6855e-15
9.4989e+13	3.1963e-16	2.7848e-15
9.5096e+13	2.7807e-16	3.0104e-15
9.5203e+13	1.7425e-16	3.0755e-15
9.5309e+13	1.363e-16	2.8151e-15
9.5416e+13	2.0101e-16	2.4253e-15
9.5522e+13	2.671e-16	2.2601e-15
9.5629e+13	2.3706e-16	2.4224e-15
9.5736e+13	1.5025e-16	2.6641e-15
9.5842e+13	1.2452e-16	2.7193e-15
9.5949e+13	1.9082e-16	2.6378e-15
9.6055e+13	2.5234e-16	2.6873e-15
9.6162e+13	2.2361e-16	2.9555e-15
9.6269e+13	1.5222e-16	3.1799e-15
9.6375e+13	1.5024e-16	3.0449e-15
9.6482e+13	2.3093e-16	2.5858e-15
9.6588e+13	2.8264e-16	2.1884e-15
9.6695e+13	2.2247e-16	2.1703e-15
9.6802e+13	1.1816e-16	2.4397e-15
9.6908e+13	1.0389e-16	2.6233e-15
9.7015e+13	1.9916e-16	2.4872e-15
9.7122e+13	2.789e-16	2.1521e-15
9.7228e+13	2.4004e-16	1.8976e-15
9.7335e+13	1.3989e-16	1.8461e-15
9.7441e+13	1.168e-16	1.9022e-15
9.7548e+13	2.0024e-16	1.9487e-15
9.7655e+13	2.6984e-16	1.9937e-15
9.7761e+13	2.2076e-16	2.0914e-15
9.7868e+13	1.0989e-16	2.1978e-15
9.7974e+13	8.207e-17	2.1928e-15
9.8081e+13	1.7488e-16	2.0411e-15
9.8188e+13	2.6708e-16	1.8555e-15
9.8294e+13	2.4071e-16	1.7607e-15
9.8401e+13	1.3713e-16	1.7412e-15
9.8507e+13	9.7091e-17	1.6796e-15
9.8614e+13	1.6908e-16	1.5353e-15
9.8721e+13	2.4705e-16	1.4162e-15
9.8827e+13	2.186e-16	1.4417e-15
9.8934e+13	1.1822e-16	1.5796e-15
9.9041e+13	7.7723e-17	1.6762e-15
9.9147e+13	1.459e-16	1.6421e-15
9.9254e+13	2.2587e-16	1.5507e-15
9.936e+13	2.1172e-16	1.5246e-15
9.9467e+13	1.3209e-16	1.5709e-15
9.9574e+13	1.0343e-16	1.5846e-15
9.968e+13	1.6319e-16	1.5083e-15
9.9787e+13	2.1789e-16	1.4224e-15
9.9893e+13	1.7798e-16	1.4377e-15
1e+14	8.8428e-17	1.5357e-15
1.0011e+14	6.9791e-17	1.5767e-15
1.0021e+14	1.4937e-16	1.4744e-15
1.0032e+14	2.1824e-16	1.3102e-15
1.0043e+14	1.7811e-16	1.2355e-15
1.0053e+14	7.7969e-17	1.2876e-15
1.0064e+14	5.1196e-17	1.3568e-15
1.0075e+14	1.3597e-16	1.3405e-15
1.0085e+14	2.2315e-16	1.2768e-15
1.0096e+14	2.0269e-16	1.283e-15
1.0107e+14	1.0969e-16	1.3866e-15
1.0117e+14	7.2885e-17	1.479e-15
1.0128e+14	1.3876e-16	1.4563e-15
1.0139e+14	2.1181e-16	1.3588e-15
1.0149e+14	1.8922e-16	1.3201e-15
1.016e+14	1.0188e-16	1.3887e-15
1.0171e+14	6.8945e-17	1.4544e-15
1.0181e+14	1.3213e-16	1.3827e-15
1.0192e+14	1.9958e-16	1.1877e-15
1.0203e+14	1.7465e-16	1.025e-15
1.0213e+14	8.9241e-17	1.0123e-15
1.0224e+14	5.7974e-17	1.1039e-15
1.0235e+14	1.1927e-16	1.1679e-15
1.0245e+14	1.846e-16	1.1568e-15
1.0256e+14	1.64e-16	1.148e-15
1.0267e+14	9.0809e-17	1.2119e-15
1.0277e+14	7.1947e-17	1.2936e-15
1.0288e+14	1.3527e-16	1.2734e-15
1.0299e+14	1.895e-16	1.1329e-15
1.0309e+14	1.5363e-16	1.0027e-15
1.032e+14	7.4264e-17	1.0146e-15
1.033e+14	6.395e-17	1.1323e-15
1.0341e+14	1.4357e-16	1.1788e-15
1.0352e+14	2.0857e-16	1.0435e-15
1.0362e+14	1.6977e-16	8.2692e-16
1.0373e+14	7.6685e-17	7.4573e-16
1.0384e+14	5.2046e-17	8.9664e-16
1.0394e+14	1.2524e-16	1.1453e-15
1.0405e+14	1.9284e-16	1.2649e-15
1.0416e+14	1.6101e-16	1.1701e-15
1.0426e+14	7.4636e-17	9.9419e-16
1.0437e+14	5.5484e-17	9.3769e-16
1.0448e+14	1.3419e-16	1.0633e-15
1.0458e+14	2.0685e-16	1.248e-15
1.0469e+14	1.7621e-16	1.3209e-15
1.048e+14	8.3771e-17	1.2281e-15
1.049e+14	5.2364e-17	1.0632e-15
1.0501e+14	1.187e-16	9.6034e-16
1.0512e+14	1.8569e-16	9.7469e-16
1.0522e+14	1.5811e-16	1.0557e-15
1.0533e+14	7.3295e-17	1.1137e-15
1.0544e+14	4.7552e-17	1.0993e-15
1.0554e+14	1.1416e-16	1.0323e-15
1.0565e+14	1.7769e-16	9.7021e-16
1.0576e+14	1.4699e-16	9.5606e-16
1.0586e+14	6.1807e-17	9.8294e-16
1.0597e+14	3.7683e-17	1.0007e-15
1.0608e+14	1.058e-16	9.6043e-16
1.0618e+14	1.6987e-16	8.6356e-16
1.0629e+14	1.3977e-16	7.7157e-16
1.064e+14	5.6835e-17	7.582e-16
1.065e+14	3.717e-17	8.4079e-16
1.0661e+14	1.1118e-16	9.5587e-16
1.0672e+14	1.8089e-16	1.0084e-15
1.0682e+14	1.5405e-16	9.5313e-16
1.0693e+14	6.9823e-17	8.3185e-16
1.0704e+14	4.3145e-17	7.3181e-16
1.0714e+14	1.0567e-16	7.0862e-16
1.0725e+14	1.6355e-16	7.4708e-16
1.0736e+14	1.2982e-16	7.8967e-16
1.0746e+14	4.6787e-17	7.9412e-16
1.0757e+14	2.8055e-17	7.6185e-16
1.0768e+14	1.0004e-16	7.2007e-16
1.0778e+14	1.6343e-16	6.8956e-16
1.0789e+14	1.2953e-16	6.7377e-16
1.08e+14	4.3729e-17	6.7049e-16
1.081e+14	2.4523e-17	6.8158e-16
1.0821e+14	1.0048e-16	7.0758e-16
1.0832e+14	1.695e-16	7.3935e-16
1.0842e+14	1.3751e-16	7.6254e-16
1.0853e+14	4.7146e-17	7.7046e-16
1.0864e+14	1.9849e-17	7.67e-16
1.0874e+14	9.0722e-17	7.5529e-16
1.0885e+14	1.6213e-16	7.2901e-16
1.0896e+14	1.3845e-16	6.8228e-16
1.0906e+14	5.6049e-17	6.2843e-16
1.0917e+14	3.0711e-17	6.0137e-16
1.0928e+14	9.6715e-17	6.2972e-16
1.0938e+14	1.6013e-16	7.064e-16
1.0949e+14	1.2997e-16	7.864e-16
1.0959e+14	4.5079e-17	8.1883e-16
1.097e+14	2.117e-17	7.8455e-16
1.0981e+14	9.1147e-17	7.0655e-16
1.0991e+14	1.5919e-16	6.2801e-16
1.1002e+14	1.3211e-16	5.8182e-16
1.1013e+14	4.7083e-17	5.7588e-16
1.1023e+14	2.0086e-17	5.9808e-16
1.1034e+14	8.6479e-17	6.2881e-16
1.1045e+14	1.5308e-16	6.5134e-16
1.1055e+14	1.27e-16	6.5861e-16
1.1066e+14	4.3235e-17	6.5606e-16
1.1077e+14	1.5893e-17	6.5615e-16
1.1087e+14	8.1157e-17	6.6485e-16
1.1098e+14	1.484e-16	6.7172e-16
1.1109e+14	1.2558e-16	6.5772e-16
1.1119e+14	4.5218e-17	6.1779e-16
1.113e+14	1.8073e-17	5.7579e-16
1.1141e+14	8.0197e-17	5.7092e-16
1.1151e+14	1.4478e-16	6.2279e-16
1.1162e+14	1.2362e-16	7.0728e-16
1.1173e+14	4.8641e-17	7.6992e-16
1.1183e+14	2.5559e-17	7.6852e-16
1.1194e+14	8.5778e-17	7.073e-16
1.1205e+14	1.4299e-16	6.3108e-16
1.1215e+14	1.1449e-16	5.8511e-16
1.1226e+14	3.7751e-17	5.7772e-16
1.1237e+14	1.925e-17	5.7968e-16
1.1247e+14	8.5876e-17	5.5856e-16
1.1258e+14	1.4565e-16	5.1387e-16
1.1269e+14	1.1384e-16	4.7898e-16
1.1279e+14	3.1066e-17	4.8818e-16
1.129e+14	9.4989e-18	5.412e-16
1.1301e+14	7.9698e-17	5.9999e-16
1.1311e+14	1.4832e-16	6.2178e-16
1.1322e+14	1.2508e-16	5.9692e-16
1.1333e+14	4.5005e-17	5.5502e-16
1.1343e+14	1.8955e-17	5.3428e-16
1.1354e+14	8.1337e-17	5.4485e-16
1.1365e+14	1.4439e-16	5.6225e-16
1.1375e+14	1.2036e-16	5.5544e-16
1.1386e+14	4.1936e-17	5.1945e-16
1.1397e+14	1.5694e-17	4.8001e-16
1.1407e+14	7.4493e-17	4.6812e-16
1.1418e+14	1.3353e-16	4.9228e-16
1.1429e+14	1.0956e-16	5.3434e-16
1.1439e+14	3.6689e-17	5.684e-16
1.145e+14	1.7981e-17	5.8036e-16
1.1461e+14	8.0808e-17	5.7157e-16
1.1471e+14	1.3771e-16	5.5043e-16
1.1482e+14	1.0793e-16	5.2573e-16
1.1493e+14	3.1007e-17	5.066e-16
1.1503e+14	1.3624e-17	5.02e-16
1.1514e+14	8.1769e-17	5.1435e-16
1.1525e+14	1.4258e-16	5.3344e-16
1.1535e+14	1.1036e-16	5.4079e-16
1.1546e+14	2.4573e-17	5.2418e-16
1.1557e+14	-2.6875e-18	4.8919e-16
1.1567e+14	6.1497e-17	4.558e-16
1.1578e+14	1.2721e-16	4.4255e-16
1.1588e+14	1.0536e-16	4.5267e-16
1.1599e+14	2.8687e-17	4.7411e-16
1.161e+14	4.8629e-18	4.916e-16
1.162e+14	6.7677e-17	4.9839e-16
1.1631e+14	1.3122e-16	4.9796e-16
1.1642e+14	1.0882e-16	4.9635e-16
1.1652e+14	3.1828e-17	4.9443e-16
1.1663e+14	5.2158e-18	4.8792e-16
1.1674e+14	6.2654e-17	4.7436e-16
1.1684e+14	1.2152e-16	4.5837e-16
1.1695e+14	9.8689e-17	4.486e-16
1.1706e+14	2.5896e-17	4.4897e-16
1.1716e+14	5.309e-18	4.541e-16
1.1727e+14	6.7639e-17	4.549e-16
1.1738e+14	1.2937e-16	4.4799e-16
1.1748e+14	1.0777e-16	4.3766e-16
1.1759e+14	3.4189e-17	4.2799e-16
1.177e+14	9.5113e-18	4.1649e-16
1.178e+14	6.4524e-17	3.9977e-16
1.1791e+14	1.1874e-16	3.8493e-16
1.1802e+14	9.3798e-17	3.8874e-16
1.1812e+14	2.3137e-17	4.1896e-16
1.1823e+14	5.6051e-18	4.5738e-16
1.1834e+14	6.7684e-17	4.6933e-16
1.1844e+14	1.2592e-16	4.366e-16
1.1855e+14	1.0194e-16	3.8001e-16
1.1866e+14	3.0644e-17	3.4324e-16
1.1876e+14	1.1287e-17	3.5119e-16
1.1887e+14	6.9321e-17	3.8677e-16
1.1898e+14	1.207e-16	4.1136e-16
1.1908e+14	8.8849e-17	4.0517e-16
1.1919e+14	1.2491e-17	3.827e-16
1.193e+14	-5.776e-18	3.6963e-16
1.194e+14	5.9656e-17	3.727e-16
1.1951e+14	1.2117e-16	3.7819e-16
1.1962e+14	9.6893e-17	3.7544e-16
1.1972e+14	2.1744e-17	3.7096e-16
1.1983e+14	-1.6941e-18	3.7558e-16
1.1994e+14	5.5814e-17	3.8545e-16
1.2004e+14	1.1143e-16	3.857e-16
1.2015e+14	8.613e-17	3.7268e-16
1.2026e+14	1.4198e-17	3.6261e-16
1.2036e+14	-4.7652e-18	3.7224e-16
1.2047e+14	5.5726e-17	3.9608e-16
1.2058e+14	1.1221e-16	4.1182e-16
1.2068e+14	8.6915e-17	4.0824e-16
1.2079e+14	1.5509e-17	3.9824e-16
1.209e+14	-2.4068e-18	3.9866e-16
1.21e+14	5.8406e-17	4.043e-16
1.2111e+14	1.1343e-16	3.9374e-16
1.2122e+14	8.5345e-17	3.6204e-16
1.2132e+14	1.1837e-17	3.3558e-16
1.2143e+14	-5.3628e-18	3.4406e-16
1.2154e+14	5.9433e-17	3.8133e-16
1.2164e+14	1.1968e-16	4.067e-16
1.2175e+14	9.4646e-17	3.9031e-16
1.2186e+14	1.957e-17	3.4888e-16
1.2196e+14	-3.3003e-18	3.2675e-16
1.2207e+14	5.5007e-17	3.4378e-16
1.2217e+14	1.1161e-16	3.7314e-16
1.2228e+14	8.7114e-17	3.7531e-16
1.2239e+14	1.5013e-17	3.4525e-16
1.2249e+14	-5.4104e-18	3.1547e-16
1.226e+14	5.3262e-17	3.1463e-16
1.2271e+14	1.0907e-16	3.353e-16
1.2281e+14	8.4661e-17	3.4879e-16
1.2292e+14	1.4537e-17	3.4286e-16
1.2303e+14	-3.1497e-18	3.3238e-16
1.2313e+14	5.681e-17	3.331e-16
1.2324e+14	1.112e-16	3.3831e-16
1.2335e+14	8.3665e-17	3.3069e-16
1.2345e+14	1.1255e-17	3.1075e-16
1.2356e+14	-5.8012e-18	3.0001e-16
1.2367e+14	5.7321e-17	3.1267e-16
1.2377e+14	1.1454e-16	3.3491e-16
1.2388e+14	8.6456e-17	3.4176e-16
1.2399e+14	9.9617e-18	3.3033e-16
1.2409e+14	-1.1271e-17	3.2402e-16
1.242e+14	5.185e-17	3.3994e-16
1.2431e+14	1.1398e-16	3.6207e-16
1.2441e+14	9.1301e-17	3.5732e-16
1.2452e+14	1.4516e-17	3.1685e-16
1.2463e+14	-1.4796e-17	2.7055e-16
1.2473e+14	3.7241e-17	2.5504e-16
1.2484e+14	9.3528e-17	2.7345e-16
1.2495e+14	7.5156e-17	2.952e-16
1.2505e+14	1.0389e-17	2.9422e-16
1.2516e+14	-6.5864e-18	2.7842e-16
1.2527e+14	5.1863e-17	2.768e-16
1.2537e+14	1.0765e-16	3.0329e-16
1.2548e+14	8.5139e-17	3.4101e-16
1.2559e+14	1.6124e-17	3.621e-16
1.2569e+14	-3.9826e-18	3.557e-16
1.258e+14	5.1954e-17	3.3322e-16
1.2591e+14	1.0555e-16	3.1136e-16
1.2601e+14	8.1691e-17	2.9698e-16
1.2612e+14	1.2666e-17	2.8789e-16
1.2623e+14	-6.5002e-18	2.8129e-16
1.2633e+14	5.0544e-17	2.7719e-16
1.2644e+14	1.0512e-16	2.761e-16
1.2655e+14	8.2349e-17	2.7789e-16
1.2665e+14	1.4377e-17	2.821e-16
1.2676e+14	-4.5674e-18	2.861e-16
1.2687e+14	5.1222e-17	2.8372e-16
1.2697e+14	1.0371e-16	2.7089e-16
1.2708e+14	7.9847e-17	2.5499e-16
1.2719e+14	1.3251e-17	2.5327e-16
1.2729e+14	-2.3379e-18	2.75e-16
1.274e+14	5.6345e-17	3.0591e-16
1.2751e+14	1.086e-16	3.1783e-16
1.2761e+14	8.0523e-17	2.9863e-16
1.2772e+14	7.3847e-18	2.6811e-16
1.2783e+14	-1.4098e-17	2.5741e-16
1.2793e+14	4.1653e-17	2.734e-16
1.2804e+14	9.4364e-17	2.9109e-16
1.2814e+14	6.9101e-17	2.8491e-16
1.2825e+14	1.0304e-19	2.6088e-16
1.2836e+14	-1.61e-17	2.4893e-16
1.2846e+14	4.6025e-17	2.6435e-16
1.2857e+14	1.0484e-16	2.8716e-16
1.2868e+14	8.2504e-17	2.8606e-16
1.2878e+14	1.0851e-17	2.5732e-16
1.2889e+14	-1.2794e-17	2.2968e-16
1.29e+14	4.1561e-17	2.3008e-16
1.291e+14	9.7397e-17	2.539e-16
1.2921e+14	7.8483e-17	2.7553e-16
1.2932e+14	1.3259e-17	2.8209e-16
1.2942e+14	-6.4941e-18	2.8528e-16
1.2953e+14	4.6186e-17	2.9849e-16
1.2964e+14	9.6571e-17	3.1322e-16
1.2974e+14	7.3087e-17	3.082e-16
1.2985e+14	7.5915e-18	2.7864e-16
1.2996e+14	-8.5025e-18	2.4523e-16
1.3006e+14	4.843e-17	2.3047e-16
1.3017e+14	1.0027e-16	2.3355e-16
1.3028e+14	7.4414e-17	2.3649e-16
1.3038e+14	4.4755e-18	2.3079e-16
1.3049e+14	-1.5044e-17	2.2724e-16
1.306e+14	4.1821e-17	2.3648e-16
1.307e+14	9.7001e-17	2.497e-16
1.3081e+14	7.5608e-17	2.4892e-16
1.3092e+14	8.2514e-18	2.339e-16
1.3102e+14	-1.1977e-17	2.2703e-16
1.3113e+14	4.214e-17	2.4552e-16
1.3124e+14	9.5194e-17	2.7561e-16
1.3134e+14	7.3807e-17	2.8435e-16
1.3145e+14	7.5683e-18	2.5755e-16
1.3156e+14	-1.2689e-17	2.1768e-16
1.3166e+14	3.9376e-17	1.9942e-16
1.3177e+14	9.0026e-17	2.1225e-16
1.3188e+14	6.8478e-17	2.337e-16
1.3198e+14	5.113e-18	2.3772e-16
1.3209e+14	-1.123e-17	2.2156e-16
1.322e+14	4.2825e-17	2.0214e-16
1.323e+14	9.2306e-17	1.9323e-16
1.3241e+14	6.7851e-17	1.944e-16
1.3252e+14	2.3209e-18	2.001e-16
1.3262e+14	-1.4242e-17	2.0965e-16
1.3273e+14	4.0673e-17	2.2288e-16
1.3284e+14	9.0447e-17	2.3188e-16
1.3294e+14	6.5161e-17	2.2606e-16
1.3305e+14	-1.2195e-18	2.0662e-16
1.3316e+14	-1.7075e-17	1.8945e-16
1.3326e+14	4.0446e-17	1.8952e-16
1.3337e+14	9.3319e-17	2.0538e-16
1.3348e+14	6.971e-17	2.2298e-16
1.3358e+14	2.9958e-18	2.3248e-16
1.3369e+14	-1.3885e-17	2.3539e-16
1.338e+14	4.3727e-17	2.3528e-16
1.339e+14	9.7964e-17	2.2921e-16
1.3401e+14	7.494e-17	2.14e-16
1.3412e+14	5.7185e-18	1.9705e-16
1.3422e+14	-1.6582e-17	1.9173e-16
1.3433e+14	3.6004e-17	2.0021e-16
1.3443e+14	8.9477e-17	2.0805e-16
1.3454e+14	7.0799e-17	2.0225e-16
1.3465e+14	7.8051e-18	1.9054e-16
1.3475e+14	-1.0992e-17	1.9389e-16
1.3486e+14	4.0376e-17	2.1809e-16
1.3497e+14	9.0003e-17	2.4142e-16
1.3507e+14	6.8707e-17	2.3798e-16
1.3518e+14	6.2241e-18	2.1e-16
1.3529e+14	-1.0518e-17	1.8756e-16
1.3539e+14	4.1264e-17	1.937e-16
1.355e+14	8.8089e-17	2.1768e-16
1.3561e+14	6.2301e-17	2.2954e-16
1.3571e+14	-3.1213e-18	2.1692e-16
1.3582e+14	-1.9019e-17	1.9772e-16
1.3593e+14	3.6951e-17	1.9469e-16
1.3603e+14	8.8832e-17	2.0726e-16
1.3614e+14	6.6548e-17	2.1666e-16
1.3625e+14	2.4126e-18	2.1399e-16
1.3635e+14	-1.3404e-17	2.1085e-16
1.3646e+14	4.2555e-17	2.1868e-16
1.3657e+14	9.4083e-17	2.2833e-16
1.3667e+14	6.9736e-17	2.2128e-16
1.3678e+14	1.1941e-18	1.9853e-16
1.3689e+14	-1.9699e-17	1.8542e-16
1.3699e+14	3.3793e-17	2.009e-16
1.371e+14	8.7577e-17	2.2988e-16
1.3721e+14	6.8862e-17	2.3726e-16
1.3731e+14	5.2114e-18	2.0945e-16
1.3742e+14	-1.508e-17	1.7193e-16
1.3753e+14	3.4666e-17	1.5992e-16
1.3763e+14	8.3525e-17	1.7824e-16
1.3774e+14	6.2105e-17	1.9922e-16
1.3785e+14	-1.1027e-18	1.9872e-16
1.3795e+14	-1.9332e-17	1.8319e-16
1.3806e+14	3.2177e-17	1.7563e-16
1.3817e+14	8.1803e-17	1.8311e-16
1.3827e+14	6.0411e-17	1.896e-16
1.3838e+14	-3.3634e-18	1.8078e-16
1.3849e+14	-2.2873e-17	1.645e-16
1.3859e+14	2.714e-17	1.5903e-16
1.387e+14	7.6535e-17	1.6698e-16
1.3881e+14	5.7526e-17	1.7222e-16
1.3891e+14	-1.6503e-18	1.6363e-16
1.3902e+14	-1.6707e-17	1.5203e-16
1.3913e+14	3.4967e-17	1.558e-16
1.3923e+14	8.2369e-17	1.7487e-16
1.3934e+14	5.9229e-17	1.896e-16
1.3945e+14	-3.5469e-18	1.8696e-16
1.3955e+14	-1.9649e-17	1.785e-16
1.3966e+14	3.3863e-17	1.8447e-16
1.3977e+14	8.4666e-17	2.0454e-16
1.3987e+14	6.427e-17	2.1497e-16
1.3998e+14	1.5791e-18	1.979e-16
1.4009e+14	-1.7698e-17	1.66e-16
1.4019e+14	3.0838e-17	1.5005e-16
1.403e+14	7.7746e-17	1.6411e-16
1.4041e+14	5.6931e-17	1.9047e-16
1.4051e+14	-2.6584e-18	2.0107e-16
1.4062e+14	-1.7783e-17	1.8751e-16
1.4072e+14	3.2885e-17	1.6515e-16
1.4083e+14	7.8702e-17	1.5199e-16
1.4094e+14	5.5179e-17	1.5161e-16
1.4104e+14	-5.7745e-18	1.5765e-16
1.4115e+14	-1.9192e-17	1.6633e-16
1.4126e+14	3.5202e-17	1.7733e-16
1.4136e+14	8.3737e-17	1.8572e-16
1.4147e+14	5.9412e-17	1.8225e-16
1.4158e+14	-5.7168e-18	1.655e-16
1.4168e+14	-2.39e-17	1.4814e-16
1.4179e+14	2.8365e-17	1.4499e-16
1.419e+14	7.8528e-17	1.5603e-16
1.42e+14	5.7859e-17	1.6669e-16
1.4211e+14	-4.5091e-18	1.6576e-16
1.4222e+14	-2.2439e-17	1.5799e-16
1.4232e+14	2.8312e-17	1.5549e-16
1.4243e+14	7.7079e-17	1.6082e-16
1.4254e+14	5.6132e-17	1.6475e-16
1.4264e+14	-6.0135e-18	1.6045e-16
1.4275e+14	-2.4318e-17	1.528e-16
1.4286e+14	2.5448e-17	1.4998e-16
1.4296e+14	7.3895e-17	1.5054e-16
1.4307e+14	5.4528e-17	1.4615e-16
1.4318e+14	-4.3451e-18	1.3637e-16
1.4328e+14	-1.9386e-17	1.3275e-16
1.4339e+14	3.1641e-17	1.4321e-16
1.435e+14	7.8364e-17	1.5738e-16
1.436e+14	5.4813e-17	1.5607e-16
1.4371e+14	-8.9608e-18	1.3593e-16
1.4382e+14	-2.7389e-17	1.1718e-16
1.4392e+14	2.3498e-17	1.2102e-16
1.4403e+14	7.3517e-17	1.4334e-16
1.4414e+14	5.4909e-17	1.5876e-16
1.4424e+14	-5.1239e-18	1.5148e-16
1.4435e+14	-2.298e-17	1.3474e-16
1.4446e+14	2.5686e-17	1.3389e-16
1.4456e+14	7.3e-17	1.5435e-16
1.4467e+14	5.3484e-17	1.7476e-16
1.4478e+14	-5.1729e-18	1.7353e-16
1.4488e+14	-2.0747e-17	1.5476e-16
1.4499e+14	2.9224e-17	1.4165e-16
1.451e+14	7.5829e-17	1.4745e-16
1.452e+14	5.3755e-17	1.6111e-16
1.4531e+14	-8.3174e-18	1.6375e-16
1.4542e+14	-2.6768e-17	1.5251e-16
1.4552e+14	2.226e-17	1.4147e-16
1.4563e+14	7.0553e-17	1.4167e-16
1.4574e+14	5.2063e-17	1.4808e-16
1.4584e+14	-6.5672e-18	1.4922e-16
1.4595e+14	-2.3677e-17	1.4349e-16
1.4606e+14	2.4327e-17	1.3962e-16
1.4616e+14	7.0897e-17	1.4257e-16
1.4627e+14	5.2005e-17	1.4614e-16
1.4638e+14	-5.256e-18	1.4257e-16
1.4648e+14	-2.0739e-17	1.3425e-16
1.4659e+14	2.7191e-17	1.3031e-16
1.467e+14	7.1466e-17	1.33e-16
1.468e+14	4.9458e-17	1.3411e-16
1.4691e+14	-9.6555e-18	1.2729e-16
1.4701e+14	-2.463e-17	1.1915e-16
1.4712e+14	2.5563e-17	1.2206e-16
1.4723e+14	7.2171e-17	1.3686e-16
1.4733e+14	5.1052e-17	1.4853e-16
1.4744e+14	-9.0187e-18	1.4241e-16
1.4755e+14	-2.5994e-17	1.2179e-16
1.4765e+14	2.2515e-17	1.0512e-16
1.4776e+14	6.8743e-17	1.0626e-16
1.4787e+14	4.8593e-17	1.2114e-16
1.4797e+14	-9.8973e-18	1.3478e-16
1.4808e+14	-2.549e-17	1.3792e-16
1.4819e+14	2.3885e-17	1.3357e-16
1.4829e+14	7.0607e-17	1.2964e-16
1.484e+14	5.0743e-17	1.298e-16
1.4851e+14	-7.7458e-18	1.3275e-16
1.4861e+14	-2.3761e-17	1.3613e-16
1.4872e+14	2.4847e-17	1.3777e-16
1.4883e+14	7.0704e-17	1.3483e-16
1.4893e+14	5.0028e-17	1.2619e-16
1.4904e+14	-9.2249e-18	1.1666e-16
1.4915e+14	-2.5846e-17	1.1475e-16
1.4925e+14	2.2655e-17	1.2339e-16
1.4936e+14	6.9141e-17	1.3464e-16
1.4947e+14	4.9507e-17	1.3749e-16
1.4957e+14	-9.0118e-18	1.3073e-16
1.4968e+14	-2.5604e-17	1.2441e-16
1.4979e+14	2.2613e-17	1.2664e-16
1.4989e+14	6.9183e-17	1.3237e-16
1.5e+14	5.0034e-17	1.2974e-16
1.5011e+14	-8.413e-18	1.1667e-16
1.5021e+14	-2.6026e-17	1.0569e-16
1.5032e+14	2.0588e-17	1.0934e-16
1.5043e+14	6.6459e-17	1.239e-16
1.5053e+14	4.849e-17	1.3275e-16
1.5064e+14	-7.5909e-18	1.2591e-16
1.5075e+14	-2.3539e-17	1.1147e-16
1.5085e+14	2.2677e-17	1.0488e-16
1.5096e+14	6.6433e-17	1.1027e-16
1.5107e+14	4.624e-17	1.1735e-16
1.5117e+14	-1.0774e-17	1.1648e-16
1.5128e+14	-2.6107e-17	1.1128e-16
1.5139e+14	2.1638e-17	1.126e-16
1.5149e+14	6.7098e-17	1.2284e-16
1.516e+14	4.8281e-17	1.3179e-16
1.5171e+14	-8.1408e-18	1.2888e-16
1.5181e+14	-2.4163e-17	1.1567e-16
1.5192e+14	2.1498e-17	1.0318e-16
1.5203e+14	6.4223e-17	9.9028e-17
1.5213e+14	4.3461e-17	1.0131e-16
1.5224e+14	-1.2864e-17	1.0454e-16
1.5235e+14	-2.6611e-17	1.0722e-16
1.5245e+14	2.2339e-17	1.108e-16
1.5256e+14	6.7607e-17	1.1422e-16
1.5267e+14	4.7376e-17	1.1418e-16
1.5277e+14	-1.0495e-17	1.1086e-16
1.5288e+14	-2.6827e-17	1.0931e-16
1.5299e+14	1.9859e-17	1.1261e-16
1.5309e+14	6.403e-17	1.1638e-16
1.532e+14	4.3911e-17	1.1369e-16
1.533e+14	-1.302e-17	1.0496e-16
1.5341e+14	-2.7894e-17	9.8745e-17
1.5352e+14	2.0531e-17	1.0102e-16
1.5362e+14	6.6198e-17	1.0708e-16
1.5373e+14	4.6504e-17	1.0778e-16
1.5384e+14	-1.1514e-17	1.025e-16
1.5394e+14	-2.8264e-17	1.0092e-16
1.5405e+14	1.9134e-17	1.1002e-16
1.5416e+14	6.5744e-17	1.2313e-16
1.5426e+14	4.8303e-17	1.2611e-16
1.5437e+14	-8.2153e-18	1.1383e-16
1.5448e+14	-2.5818e-17	9.6196e-17
1.5458e+14	1.8829e-17	8.6646e-17
1.5469e+14	6.2934e-17	8.834e-17
1.548e+14	4.5104e-17	9.4704e-17
1.549e+14	-9.6888e-18	1.007e-16
1.5501e+14	-2.5093e-17	1.0762e-16
1.5512e+14	2.0507e-17	1.1577e-16
1.5522e+14	6.3796e-17	1.1864e-16
1.5533e+14	4.4067e-17	1.1008e-16
1.5544e+14	-1.2583e-17	9.575e-17
1.5554e+14	-2.8863e-17	9.0543e-17
1.5565e+14	1.7368e-17	1.014e-16
1.5576e+14	6.2705e-17	1.1695e-16
1.5586e+14	4.5538e-17	1.194e-16
1.5597e+14	-9.444e-18	1.0576e-16
1.5608e+14	-2.593e-17	9.1511e-17
1.5618e+14	1.8472e-17	9.1468e-17
1.5629e+14	6.1615e-17	1.0176e-16
1.564e+14	4.3039e-17	1.0598e-16
1.565e+14	-1.2379e-17	9.7106e-17
1.5661e+14	-2.8801e-17	8.6128e-17
1.5672e+14	1.5911e-17	8.6505e-17
1.5682e+14	5.9857e-17	9.5724e-17
1.5693e+14	4.2675e-17	9.9043e-17
1.5704e+14	-1.1406e-17	9.026e-17
1.5714e+14	-2.7531e-17	8.0948e-17
1.5725e+14	1.6219e-17	8.4953e-17
1.5736e+14	5.8909e-17	9.8684e-17
1.5746e+14	4.146e-17	1.0441e-16
1.5757e+14	-1.1565e-17	9.3437e-17
1.5768e+14	-2.6205e-17	7.8853e-17
1.5778e+14	1.8273e-17	8.0153e-17
1.5789e+14	6.0517e-17	9.8518e-17
1.58e+14	4.1897e-17	1.1437e-16
1.581e+14	-1.2388e-17	1.1064e-16
1.5821e+14	-2.8041e-17	9.2848e-17
1.5832e+14	1.588e-17	8.1411e-17
1.5842e+14	5.8406e-17	8.7141e-17
1.5853e+14	4.1218e-17	1.0031e-16
1.5864e+14	-1.0861e-17	1.0493e-16
1.5874e+14	-2.4727e-17	9.7991e-17
1.5885e+14	1.9288e-17	9.0124e-17
1.5896e+14	5.9894e-17	8.9966e-17
1.5906e+14	3.9734e-17	9.4321e-17
1.5917e+14	-1.4769e-17	9.5286e-17
1.5928e+14	-2.9338e-17	9.1845e-17
1.5938e+14	1.5813e-17	8.9589e-17
1.5949e+14	5.8555e-17	9.0866e-17
1.5959e+14	4.0373e-17	9.103e-17
1.597e+14	-1.3132e-17	8.6278e-17
1.5981e+14	-2.779e-17	8.0946e-17
1.5991e+14	1.6681e-17	8.2652e-17
1.6002e+14	5.8783e-17	9.1463e-17
1.6013e+14	4.0273e-17	9.8504e-17
1.6023e+14	-1.3412e-17	9.675e-17
1.6034e+14	-2.8337e-17	8.9708e-17
1.6045e+14	1.5866e-17	8.6303e-17
1.6055e+14	5.8059e-17	8.8981e-17
1.6066e+14	4.0193e-17	9.109e-17
1.6077e+14	-1.2587e-17	8.6622e-17
1.6087e+14	-2.6928e-17	7.8587e-17
1.6098e+14	1.7197e-17	7.468e-17
1.6109e+14	5.884e-17	7.6679e-17
1.6119e+14	4.0457e-17	7.845e-17
1.613e+14	-1.2448e-17	7.5079e-17
1.6141e+14	-2.6596e-17	7.0219e-17
1.6151e+14	1.7624e-17	7.1391e-17
1.6162e+14	5.8826e-17	7.9789e-17
1.6173e+14	3.935e-17	8.8498e-17
1.6183e+14	-1.4898e-17	9.1205e-17
1.6194e+14	-2.9826e-17	8.9319e-17
1.6205e+14	1.4915e-17	8.8371e-17
1.6215e+14	5.7981e-17	8.9667e-17
1.6226e+14	4.0866e-17	8.914e-17
1.6237e+14	-1.1721e-17	8.4253e-17
1.6247e+14	-2.6361e-17	7.8353e-17
1.6258e+14	1.7527e-17	7.6119e-17
1.6269e+14	5.931e-17	7.715e-17
1.6279e+14	4.0965e-17	7.7344e-17
1.629e+14	-1.2705e-17	7.586e-17
1.6301e+14	-2.8176e-17	7.676e-17
1.6311e+14	1.5487e-17	8.2161e-17
1.6322e+14	5.7833e-17	8.7057e-17
1.6333e+14	4.0335e-17	8.4747e-17
1.6343e+14	-1.314e-17	7.6528e-17
1.6354e+14	-2.9406e-17	7.1592e-17
1.6365e+14	1.3337e-17	7.5479e-17
1.6375e+14	5.5969e-17	8.198e-17
1.6386e+14	4.0263e-17	8.0391e-17
1.6397e+14	-1.1216e-17	6.9754e-17
1.6407e+14	-2.7036e-17	6.1222e-17
1.6418e+14	1.4164e-17	6.4433e-17
1.6429e+14	5.4634e-17	7.5195e-17
1.6439e+14	3.8017e-17	8.0827e-17
1.645e+14	-1.2489e-17	7.6488e-17
1.6461e+14	-2.6476e-17	7.103e-17
1.6471e+14	1.5875e-17	7.4561e-17
1.6482e+14	5.6123e-17	8.434e-17
1.6493e+14	3.8371e-17	8.8062e-17
1.6503e+14	-1.3281e-17	8.0461e-17
1.6514e+14	-2.7826e-17	7.1146e-17
1.6525e+14	1.4685e-17	7.282e-17
1.6535e+14	5.5669e-17	8.493e-17
1.6546e+14	3.8906e-17	9.3908e-17
1.6557e+14	-1.2007e-17	8.959e-17
1.6567e+14	-2.6551e-17	7.6792e-17
1.6578e+14	1.5132e-17	6.8093e-17
1.6588e+14	5.4904e-17	6.8475e-17
1.6599e+14	3.7207e-17	7.1689e-17
1.661e+14	-1.3925e-17	7.1154e-17
1.662e+14	-2.7918e-17	6.8989e-17
1.6631e+14	1.4925e-17	7.114e-17
1.6642e+14	5.6159e-17	7.6942e-17
1.6652e+14	3.9695e-17	7.8992e-17
1.6663e+14	-1.1137e-17	7.3832e-17
1.6674e+14	-2.6158e-17	6.7921e-17
1.6684e+14	1.4741e-17	6.9531e-17
1.6695e+14	5.4256e-17	7.7168e-17
1.6706e+14	3.7343e-17	8.0772e-17
1.6716e+14	-1.2525e-17	7.4942e-17
1.6727e+14	-2.5964e-17	6.6629e-17
1.6738e+14	1.6113e-17	6.6566e-17
1.6748e+14	5.5853e-17	7.5311e-17
1.6759e+14	3.8287e-17	8.221e-17
1.677e+14	-1.2698e-17	7.8762e-17
1.678e+14	-2.7202e-17	6.9137e-17
1.6791e+14	1.4408e-17	6.4643e-17
1.6802e+14	5.4643e-17	6.9795e-17
1.6812e+14	3.8335e-17	7.7712e-17
1.6823e+14	-1.1493e-17	7.9446e-17
1.6834e+14	-2.5891e-17	7.4183e-17
1.6844e+14	1.4616e-17	6.801e-17
1.6855e+14	5.346e-17	6.5141e-17
1.6866e+14	3.6709e-17	6.4257e-17
1.6876e+14	-1.2192e-17	6.3331e-17
1.6887e+14	-2.5089e-17	6.3879e-17
1.6898e+14	1.6222e-17	6.781e-17
1.6908e+14	5.458e-17	7.2382e-17
1.6919e+14	3.6598e-17	7.2245e-17
1.693e+14	-1.3211e-17	6.6825e-17
1.694e+14	-2.6105e-17	6.228e-17
1.6951e+14	1.5775e-17	6.4054e-17
1.6962e+14	5.4442e-17	6.9543e-17
1.6972e+14	3.6045e-17	7.1178e-17
1.6983e+14	-1.4548e-17	6.6231e-17
1.6994e+14	-2.7763e-17	6.021e-17
1.7004e+14	1.4774e-17	5.9346e-17
1.7015e+14	5.4755e-17	6.2636e-17
1.7026e+14	3.7429e-17	6.434e-17
1.7036e+14	-1.3024e-17	6.2849e-17
1.7047e+14	-2.6917e-17	6.2793e-17
1.7058e+14	1.4823e-17	6.7205e-17
1.7068e+14	5.4418e-17	7.1514e-17
1.7079e+14	3.7026e-17	6.925e-17
1.709e+14	-1.3557e-17	6.2248e-17
1.71e+14	-2.7657e-17	6.0117e-17
1.7111e+14	1.4286e-17	6.7678e-17
1.7122e+14	5.482e-17	7.6876e-17
1.7132e+14	3.8619e-17	7.5678e-17
1.7143e+14	-1.154e-17	6.3972e-17
1.7154e+14	-2.6506e-17	5.5345e-17
1.7164e+14	1.39e-17	6.0691e-17
1.7175e+14	5.3434e-17	7.385e-17
1.7186e+14	3.7369e-17	7.842e-17
1.7196e+14	-1.2061e-17	6.813e-17
1.7207e+14	-2.6702e-17	5.508e-17
1.7217e+14	1.3238e-17	5.4923e-17
1.7228e+14	5.2002e-17	6.75e-17
1.7239e+14	3.5535e-17	7.7438e-17
1.7249e+14	-1.3774e-17	7.3664e-17
1.726e+14	-2.8037e-17	6.2782e-17
1.7271e+14	1.2405e-17	5.959e-17
1.7281e+14	5.1963e-17	6.7642e-17
1.7292e+14	3.6583e-17	7.5021e-17
1.7303e+14	-1.1861e-17	7.0219e-17
1.7313e+14	-2.6163e-17	5.7088e-17
1.7324e+14	1.3241e-17	4.9844e-17
1.7335e+14	5.145e-17	5.527e-17
1.7345e+14	3.5255e-17	6.5056e-17
1.7356e+14	-1.3228e-17	6.7086e-17
1.7367e+14	-2.7179e-17	6.0123e-17
1.7377e+14	1.2545e-17	5.3502e-17
1.7388e+14	5.103e-17	5.4009e-17
1.7399e+14	3.5261e-17	5.7984e-17
1.7409e+14	-1.2677e-17	5.8024e-17
1.742e+14	-2.6259e-17	5.3752e-17
1.7431e+14	1.3501e-17	5.1904e-17
1.7441e+14	5.1884e-17	5.6499e-17
1.7452e+14	3.6125e-17	6.3026e-17
1.7463e+14	-1.1794e-17	6.4268e-17
1.7473e+14	-2.5733e-17	5.9448e-17
1.7484e+14	1.3138e-17	5.4661e-17
1.7495e+14	5.0508e-17	5.4878e-17
1.7505e+14	3.4277e-17	5.8506e-17
1.7516e+14	-1.3263e-17	6.0778e-17
1.7527e+14	-2.6291e-17	6.0051e-17
1.7537e+14	1.339e-17	5.8446e-17
1.7548e+14	5.1006e-17	5.7391e-17
1.7559e+14	3.4395e-17	5.5527e-17
1.7569e+14	-1.3907e-17	5.1797e-17
1.758e+14	-2.7689e-17	4.8247e-17
1.7591e+14	1.1639e-17	4.7737e-17
1.7601e+14	4.954e-17	4.9888e-17
1.7612e+14	3.3759e-17	5.1711e-17
1.7623e+14	-1.3577e-17	5.2337e-17
1.7633e+14	-2.6687e-17	5.4686e-17
1.7644e+14	1.2865e-17	6.084e-17
1.7655e+14	5.0636e-17	6.7359e-17
1.7665e+14	3.4458e-17	6.7854e-17
1.7676e+14	-1.3569e-17	6.0486e-17
1.7687e+14	-2.7589e-17	5.0759e-17
1.7697e+14	1.1226e-17	4.5642e-17
1.7708e+14	4.8944e-17	4.6346e-17
1.7719e+14	3.3515e-17	4.8714e-17
1.7729e+14	-1.3446e-17	4.9817e-17
1.774e+14	-2.6784e-17	5.1318e-17
1.7751e+14	1.2024e-17	5.537e-17
1.7761e+14	4.9296e-17	5.9678e-17
1.7772e+14	3.3396e-17	5.9495e-17
1.7783e+14	-1.3886e-17	5.4143e-17
1.7793e+14	-2.7412e-17	4.8734e-17
1.7804e+14	1.1422e-17	4.8125e-17
1.7814e+14	4.9109e-17	5.1082e-17
1.7825e+14	3.3931e-17	5.2572e-17
1.7836e+14	-1.2821e-17	5.0932e-17
1.7846e+14	-2.6511e-17	4.9834e-17
1.7857e+14	1.1553e-17	5.2359e-17
1.7868e+14	4.857e-17	5.5776e-17
1.7878e+14	3.3451e-17	5.4865e-17
1.7889e+14	-1.2637e-17	4.9526e-17
1.79e+14	-2.5802e-17	4.5862e-17
1.791e+14	1.2067e-17	4.8553e-17
1.7921e+14	4.8334e-17	5.4592e-17
1.7932e+14	3.2581e-17	5.711e-17
1.7942e+14	-1.3564e-17	5.4418e-17
1.7953e+14	-2.6341e-17	5.2089e-17
1.7964e+14	1.1924e-17	5.516e-17
1.7974e+14	4.8356e-17	6.1056e-17
1.7985e+14	3.2645e-17	6.2945e-17
1.7996e+14	-1.3381e-17	5.8959e-17
1.8006e+14	-2.5942e-17	5.4589e-17
1.8017e+14	1.2475e-17	5.4868e-17
1.8028e+14	4.8835e-17	5.7155e-17
1.8038e+14	3.2802e-17	5.4791e-17
1.8049e+14	-1.3671e-17	4.6968e-17
1.806e+14	-2.6561e-17	4.1234e-17
1.807e+14	1.1913e-17	4.4544e-17
1.8081e+14	4.8812e-17	5.4218e-17
1.8092e+14	3.3564e-17	6.0679e-17
1.8102e+14	-1.2349e-17	5.8606e-17
1.8113e+14	-2.5237e-17	5.2315e-17
1.8124e+14	1.2764e-17	4.9145e-17
1.8134e+14	4.9067e-17	5.0246e-17
1.8145e+14	3.3311e-17	5.0693e-17
1.8156e+14	-1.3142e-17	4.7581e-17
1.8166e+14	-2.6772e-17	4.4258e-17
1.8177e+14	1.0467e-17	4.5052e-17
1.8188e+14	4.6504e-17	4.8521e-17
1.8198e+14	3.1346e-17	4.9143e-17
1.8209e+14	-1.3822e-17	4.5199e-17
1.822e+14	-2.6098e-17	4.1659e-17
1.823e+14	1.1991e-17	4.3692e-17
1.8241e+14	4.8167e-17	4.9543e-17
1.8252e+14	3.2526e-17	5.2572e-17
1.8262e+14	-1.3556e-17	4.9757e-17
1.8273e+14	-2.6904e-17	4.523e-17
1.8284e+14	1.0365e-17	4.4332e-17
1.8294e+14	4.6372e-17	4.6632e-17
1.8305e+14	3.1275e-17	4.7364e-17
1.8316e+14	-1.3942e-17	4.4782e-17
1.8326e+14	-2.6617e-17	4.2747e-17
1.8337e+14	1.092e-17	4.4903e-17
1.8348e+14	4.6931e-17	4.8886e-17
1.8358e+14	3.1739e-17	4.9123e-17
1.8369e+14	-1.3715e-17	4.4616e-17
1.838e+14	-2.6829e-17	4.0779e-17
1.839e+14	1.0308e-17	4.2362e-17
1.8401e+14	4.6398e-17	4.6925e-17
1.8412e+14	3.1888e-17	4.7904e-17
1.8422e+14	-1.2762e-17	4.3356e-17
1.8433e+14	-2.5666e-17	3.8687e-17
1.8443e+14	1.0857e-17	3.9717e-17
1.8454e+14	4.6022e-17	4.5362e-17
1.8465e+14	3.1024e-17	4.9455e-17
1.8475e+14	-1.3406e-17	4.8746e-17
1.8486e+14	-2.5723e-17	4.6194e-17
1.8497e+14	1.1263e-17	4.5774e-17
1.8507e+14	4.6613e-17	4.6783e-17
1.8518e+14	3.1663e-17	4.5662e-17
1.8529e+14	-1.2773e-17	4.2136e-17
1.8539e+14	-2.5275e-17	4.0263e-17
1.855e+14	1.1253e-17	4.2606e-17
1.8561e+14	4.6049e-17	4.6086e-17
1.8571e+14	3.0819e-17	4.6007e-17
1.8582e+14	-1.3409e-17	4.292e-17
1.8593e+14	-2.5344e-17	4.2284e-17
1.8603e+14	1.1771e-17	4.671e-17
1.8614e+14	4.6888e-17	5.1438e-17
1.8625e+14	3.161e-17	4.998e-17
1.8635e+14	-1.2978e-17	4.2964e-17
1.8646e+14	-2.5421e-17	3.8122e-17
1.8657e+14	1.127e-17	4.0825e-17
1.8667e+14	4.624e-17	4.7333e-17
1.8678e+14	3.1105e-17	4.9609e-17
1.8689e+14	-1.3221e-17	4.5314e-17
1.8699e+14	-2.5476e-17	3.9922e-17
1.871e+14	1.1268e-17	3.8793e-17
1.8721e+14	4.6202e-17	4.0428e-17
1.8731e+14	3.0953e-17	3.9869e-17
1.8742e+14	-1.3578e-17	3.6712e-17
1.8753e+14	-2.5996e-17	3.5888e-17
1.8763e+14	1.0933e-17	3.9979e-17
1.8774e+14	4.6556e-17	4.4343e-17
1.8785e+14	3.2146e-17	4.2766e-17
1.8795e+14	-1.2138e-17	3.6359e-17
1.8806e+14	-2.5358e-17	3.2977e-17
1.8817e+14	1.0122e-17	3.7025e-17
1.8827e+14	4.4684e-17	4.3132e-17
1.8838e+14	3.0381e-17	4.2772e-17
1.8849e+14	-1.2793e-17	3.553e-17
1.8859e+14	-2.4812e-17	2.999e-17
1.887e+14	1.1153e-17	3.268e-17
1.8881e+14	4.5407e-17	3.9592e-17
1.8891e+14	3.0508e-17	4.1598e-17
1.8902e+14	-1.305e-17	3.6619e-17
1.8913e+14	-2.5116e-17	3.2308e-17
1.8923e+14	1.0958e-17	3.5662e-17
1.8934e+14	4.5236e-17	4.3425e-17
1.8945e+14	3.0108e-17	4.6075e-17
1.8955e+14	-1.3983e-17	4.0077e-17
1.8966e+14	-2.6711e-17	3.228e-17
1.8977e+14	9.0178e-18	3.0977e-17
1.8987e+14	4.3723e-17	3.5744e-17
1.8998e+14	2.9786e-17	3.9116e-17
1.9009e+14	-1.3024e-17	3.6976e-17
1.9019e+14	-2.5298e-17	3.3368e-17
1.903e+14	9.6713e-18	3.3952e-17
1.9041e+14	4.2935e-17	3.7994e-17
1.9051e+14	2.7937e-17	4.0042e-17
1.9062e+14	-1.4776e-17	3.8258e-17
1.9072e+14	-2.5862e-17	3.7041e-17
1.9083e+14	1.0591e-17	4.008e-17
1.9094e+14	4.4709e-17	4.3986e-17
1.9104e+14	2.9492e-17	4.2222e-17
1.9115e+14	-1.4228e-17	3.4491e-17
1.9126e+14	-2.6294e-17	2.8463e-17
1.9136e+14	9.9794e-18	3.0687e-17
1.9147e+14	4.4886e-17	3.8371e-17
1.9158e+14	3.0821e-17	4.297e-17
1.9168e+14	-1.2291e-17	4.0851e-17
1.9179e+14	-2.476e-17	3.7027e-17
1.919e+14	1.045e-17	3.748e-17
1.92e+14	4.441e-17	4.0962e-17
1.9211e+14	2.9985e-17	4.1332e-17
1.9222e+14	-1.3067e-17	3.6698e-17
1.9232e+14	-2.5484e-17	3.2325e-17
1.9243e+14	9.6458e-18	3.3233e-17
1.9254e+14	4.3665e-17	3.694e-17
1.9264e+14	2.9668e-17	3.6684e-17
1.9275e+14	-1.278e-17	3.0847e-17
1.9286e+14	-2.4871e-17	2.5548e-17
1.9296e+14	1.0073e-17	2.6699e-17
1.9307e+14	4.3592e-17	3.2281e-17
1.9318e+14	2.9152e-17	3.5338e-17
1.9328e+14	-1.3491e-17	3.3395e-17
1.9339e+14	-2.5565e-17	3.1279e-17
1.935e+14	9.5454e-18	3.3631e-17
1.936e+14	4.338e-17	3.7815e-17
1.9371e+14	2.9325e-17	3.7381e-17
1.9382e+14	-1.3089e-17	3.1417e-17
1.9392e+14	-2.5262e-17	2.6578e-17
1.9403e+14	9.5495e-18	2.8484e-17
1.9414e+14	4.3203e-17	3.3993e-17
1.9424e+14	2.9223e-17	3.511e-17
1.9435e+14	-1.3081e-17	2.9674e-17
1.9446e+14	-2.5397e-17	2.4525e-17
1.9456e+14	9.0677e-18	2.677e-17
1.9467e+14	4.256e-17	3.4597e-17
1.9478e+14	2.886e-17	3.9655e-17
1.9488e+14	-1.2961e-17	3.7583e-17
1.9499e+14	-2.5084e-17	3.2786e-17
1.951e+14	9.1005e-18	3.1759e-17
1.952e+14	4.2202e-17	3.458e-17
1.9531e+14	2.8534e-17	3.5906e-17
1.9542e+14	-1.2688e-17	3.3198e-17
1.9552e+14	-2.405e-17	3.0239e-17
1.9563e+14	1.0465e-17	3.1215e-17
1.9574e+14	4.3127e-17	3.42e-17
1.9584e+14	2.8341e-17	3.3621e-17
1.9595e+14	-1.422e-17	2.8375e-17
1.9606e+14	-2.6475e-17	2.4045e-17
1.9616e+14	8.2024e-18	2.5744e-17
1.9627e+14	4.221e-17	3.128e-17
1.9638e+14	2.9299e-17	3.4054e-17
1.9648e+14	-1.2031e-17	3.1762e-17
1.9659e+14	-2.4529e-17	2.896e-17
1.967e+14	8.6808e-18	3.0205e-17
1.968e+14	4.1184e-17	3.3563e-17
1.9691e+14	2.7856e-17	3.3649e-17
1.9701e+14	-1.2656e-17	2.9776e-17
1.9712e+14	-2.392e-17	2.74e-17
1.9723e+14	1.0028e-17	3.0383e-17
1.9733e+14	4.2517e-17	3.4843e-17
1.9744e+14	2.8804e-17	3.3751e-17
1.9755e+14	-1.2039e-17	2.6664e-17
1.9765e+14	-2.3514e-17	2.1278e-17
1.9776e+14	1.0156e-17	2.3993e-17
1.9787e+14	4.2205e-17	3.1591e-17
1.9797e+14	2.7986e-17	3.5111e-17
1.9808e+14	-1.3282e-17	3.109e-17
1.9819e+14	-2.5035e-17	2.5595e-17
1.9829e+14	8.5471e-18	2.6063e-17
1.984e+14	4.0777e-17	3.1864e-17
1.9851e+14	2.7042e-17	3.5746e-17
1.9861e+14	-1.3566e-17	3.3553e-17
1.9872e+14	-2.4716e-17	2.9034e-17
1.9883e+14	9.2583e-18	2.7932e-17
1.9893e+14	4.1693e-17	3.0147e-17
1.9904e+14	2.8047e-17	3.0686e-17
1.9915e+14	-1.2617e-17	2.7413e-17
1.9925e+14	-2.4041e-17	2.4276e-17
1.9936e+14	9.4884e-18	2.5492e-17
1.9947e+14	4.1499e-17	2.9162e-17
1.9957e+14	2.7597e-17	2.9597e-17
1.9968e+14	-1.3197e-17	2.5303e-17
1.9979e+14	-2.4742e-17	2.1462e-17
1.9989e+14	8.7194e-18	2.3227e-17
2e+14	4.0933e-17	2.8864e-17
