#Error on normalization	O = 3.012 %	H = 2.070 %
#Frequence (s-1)	S_O (s)	S_H (s)
0	2.3268e-15	1.3787e-15
2.1119e+11	8.6985e-16	1.2327e-15
4.2239e+11	-1.413e-15	1.019e-15
6.3358e+11	-1.1867e-15	1.1031e-15
8.4477e+11	1.4184e-15	1.4811e-15
1.056e+12	2.9233e-15	1.7566e-15
1.2672e+12	1.4148e-15	1.6449e-15
1.4784e+12	-5.4771e-16	1.3454e-15
1.6895e+12	6.869e-16	1.2925e-15
1.9007e+12	4.6038e-15	1.6155e-15
2.1119e+12	6.829e-15	2.0135e-15
2.3231e+12	5.2409e-15	2.1928e-15
2.5343e+12	3.9369e-15	2.2706e-15
2.7455e+12	9.1011e-15	2.6049e-15
2.9567e+12	2.1099e-14	3.2763e-15
3.1679e+12	3.2593e-14	3.9122e-15
3.3791e+12	3.5693e-14	4.0926e-15
3.5903e+12	3.0189e-14	3.833e-15
3.8015e+12	2.3487e-14	3.5549e-15
4.0127e+12	2.2673e-14	3.6158e-15
4.2239e+12	2.8095e-14	3.9867e-15
4.4351e+12	3.5149e-14	4.4093e-15
4.6463e+12	4.0675e-14	4.7398e-15
4.8574e+12	4.5665e-14	5.0293e-15
5.0686e+12	5.1919e-14	5.3309e-15
5.2798e+12	5.8438e-14	5.5868e-15
5.491e+12	6.291e-14	5.7556e-15
5.7022e+12	6.5962e-14	5.936e-15
5.9134e+12	7.1662e-14	6.2486e-15
6.1246e+12	8.2695e-14	6.6353e-15
6.3358e+12	9.603e-14	6.9035e-15
6.547e+12	1.0481e-13	6.9897e-15
6.7582e+12	1.0463e-13	7.057e-15
6.9694e+12	9.7136e-14	7.2391e-15
7.1806e+12	8.7341e-14	7.3689e-15
7.3918e+12	7.8521e-14	7.1241e-15
7.603e+12	7.0625e-14	6.4696e-15
7.8141e+12	6.2796e-14	5.811e-15
8.0253e+12	5.5717e-14	5.5889e-15
8.2365e+12	5.0947e-14	5.7889e-15
8.4477e+12	4.9157e-14	6.0108e-15
8.6589e+12	5.0228e-14	6.0296e-15
8.8701e+12	5.4522e-14	6.1064e-15
9.0813e+12	6.2316e-14	6.6056e-15
9.2925e+12	7.1442e-14	7.4082e-15
9.5037e+12	7.7117e-14	7.9414e-15
9.7149e+12	7.6154e-14	7.8635e-15
9.9261e+12	7.1515e-14	7.5362e-15
1.0137e+13	7.0849e-14	7.6177e-15
1.0348e+13	7.8908e-14	8.2336e-15
1.056e+13	9.1628e-14	8.7745e-15
1.0771e+13	9.9092e-14	8.6177e-15
1.0982e+13	9.4946e-14	7.8939e-15
1.1193e+13	8.232e-14	7.341e-15
1.1404e+13	7.0061e-14	7.4378e-15
1.1616e+13	6.3934e-14	7.9053e-15
1.1827e+13	6.2569e-14	8.1619e-15
1.2038e+13	6.1553e-14	8.0853e-15
1.2249e+13	5.9468e-14	8.0838e-15
1.246e+13	5.8456e-14	8.4495e-15
1.2672e+13	5.9792e-14	8.9264e-15
1.2883e+13	6.1303e-14	9.0908e-15
1.3094e+13	6.0356e-14	8.9891e-15
1.3305e+13	5.8175e-14	9.0945e-15
1.3516e+13	5.9088e-14	9.589e-15
1.3728e+13	6.4927e-14	9.9742e-15
1.3939e+13	7.1523e-14	9.6493e-15
1.415e+13	7.2213e-14	8.7871e-15
1.4361e+13	6.4855e-14	8.3291e-15
1.4572e+13	5.4352e-14	8.9721e-15
1.4784e+13	4.7791e-14	1.0335e-14
1.4995e+13	4.7639e-14	1.1351e-14
1.5206e+13	5.0261e-14	1.1433e-14
1.5417e+13	5.0567e-14	1.1032e-14
1.5628e+13	4.7025e-14	1.0958e-14
1.5839e+13	4.1925e-14	1.1395e-14
1.6051e+13	3.7879e-14	1.1818e-14
1.6262e+13	3.5278e-14	1.18e-14
1.6473e+13	3.3053e-14	1.1601e-14
1.6684e+13	3.0659e-14	1.1782e-14
1.6895e+13	2.8392e-14	1.2435e-14
1.7107e+13	2.6218e-14	1.3089e-14
1.7318e+13	2.341e-14	1.3342e-14
1.7529e+13	1.976e-14	1.3332e-14
1.774e+13	1.652e-14	1.342e-14
1.7951e+13	1.5337e-14	1.3616e-14
1.8163e+13	1.6267e-14	1.3632e-14
1.8374e+13	1.7416e-14	1.3497e-14
1.8585e+13	1.6862e-14	1.3766e-14
1.8796e+13	1.4652e-14	1.4862e-14
1.9007e+13	1.253e-14	1.6357e-14
1.9219e+13	1.1857e-14	1.7274e-14
1.943e+13	1.2258e-14	1.7216e-14
1.9641e+13	1.2421e-14	1.6922e-14
1.9852e+13	1.1793e-14	1.7417e-14
2.0063e+13	1.1025e-14	1.8724e-14
2.0275e+13	1.0828e-14	1.9771e-14
2.0486e+13	1.0931e-14	1.9743e-14
2.0697e+13	1.0471e-14	1.923e-14
2.0908e+13	9.1853e-15	1.9682e-14
2.1119e+13	7.7972e-15	2.1683e-14
2.1331e+13	7.1498e-15	2.4108e-14
2.1542e+13	7.2387e-15	2.522e-14
2.1753e+13	7.338e-15	2.4484e-14
2.1964e+13	6.9566e-15	2.2996e-14
2.2175e+13	6.3833e-15	2.2122e-14
2.2386e+13	6.214e-15	2.2033e-14
2.2598e+13	6.5488e-15	2.1853e-14
2.2809e+13	6.8634e-15	2.108e-14
2.302e+13	6.6376e-15	2.0409e-14
2.3231e+13	5.9262e-15	2.0901e-14
2.3442e+13	5.2357e-15	2.253e-14
2.3654e+13	4.9471e-15	2.3918e-14
2.3865e+13	4.9874e-15	2.3668e-14
2.4076e+13	5.0445e-15	2.1839e-14
2.4287e+13	4.9713e-15	1.9968e-14
2.4498e+13	4.8961e-15	1.9661e-14
2.471e+13	4.9788e-15	2.1211e-14
2.4921e+13	5.1552e-15	2.3502e-14
2.5132e+13	5.1684e-15	2.5047e-14
2.5343e+13	4.8381e-15	2.5087e-14
2.5554e+13	4.269e-15	2.3917e-14
2.5766e+13	3.7769e-15	2.2451e-14
2.5977e+13	3.6011e-15	2.1542e-14
2.6188e+13	3.6872e-15	2.1462e-14
2.6399e+13	3.7639e-15	2.1812e-14
2.661e+13	3.6384e-15	2.1868e-14
2.6822e+13	3.3925e-15	2.119e-14
2.7033e+13	3.2591e-15	2.0003e-14
2.7244e+13	3.3188e-15	1.8998e-14
2.7455e+13	3.3879e-15	1.8711e-14
2.7666e+13	3.2481e-15	1.9094e-14
2.7878e+13	2.9384e-15	1.9688e-14
2.8089e+13	2.7237e-15	2.0121e-14
2.83e+13	2.7557e-15	2.0356e-14
2.8511e+13	2.8622e-15	2.0471e-14
2.8722e+13	2.7646e-15	2.0388e-14
2.8933e+13	2.4672e-15	1.9961e-14
2.9145e+13	2.2952e-15	1.927e-14
2.9356e+13	2.4872e-15	1.8656e-14
2.9567e+13	2.8489e-15	1.839e-14
2.9778e+13	2.9435e-15	1.8376e-14
2.9989e+13	2.6225e-15	1.8303e-14
3.0201e+13	2.2287e-15	1.8039e-14
3.0412e+13	2.1881e-15	1.7754e-14
3.0623e+13	2.4869e-15	1.7624e-14
3.0834e+13	2.6938e-15	1.7556e-14
3.1045e+13	2.5045e-15	1.7325e-14
3.1257e+13	2.1163e-15	1.6929e-14
3.1468e+13	1.961e-15	1.663e-14
3.1679e+13	2.1512e-15	1.6603e-14
3.189e+13	2.3556e-15	1.6672e-14
3.2101e+13	2.2483e-15	1.6546e-14
3.2313e+13	1.9319e-15	1.6271e-14
3.2524e+13	1.7867e-15	1.6241e-14
3.2735e+13	1.9624e-15	1.6684e-14
3.2946e+13	2.188e-15	1.7257e-14
3.3157e+13	2.134e-15	1.7339e-14
3.3369e+13	1.8341e-15	1.6723e-14
3.358e+13	1.6168e-15	1.5873e-14
3.3791e+13	1.6684e-15	1.5405e-14
3.4002e+13	1.8199e-15	1.5415e-14
3.4213e+13	1.8175e-15	1.5453e-14
3.4424e+13	1.6748e-15	1.5138e-14
3.4636e+13	1.6238e-15	1.4608e-14
3.4847e+13	1.758e-15	1.4298e-14
3.5058e+13	1.8876e-15	1.4374e-14
3.5269e+13	1.8128e-15	1.4576e-14
3.548e+13	1.6257e-15	1.4596e-14
3.5692e+13	1.6008e-15	1.4427e-14
3.5903e+13	1.8114e-15	1.4245e-14
3.6114e+13	2.0013e-15	1.4077e-14
3.6325e+13	1.9077e-15	1.3785e-14
3.6536e+13	1.6102e-15	1.3388e-14
3.6748e+13	1.4349e-15	1.3183e-14
3.6959e+13	1.536e-15	1.3402e-14
3.717e+13	1.7088e-15	1.3825e-14
3.7381e+13	1.678e-15	1.3939e-14
3.7592e+13	1.4661e-15	1.3537e-14
3.7804e+13	1.3496e-15	1.3006e-14
3.8015e+13	1.4736e-15	1.2881e-14
3.8226e+13	1.6533e-15	1.3211e-14
3.8437e+13	1.6256e-15	1.3511e-14
3.8648e+13	1.4033e-15	1.3369e-14
3.886e+13	1.2518e-15	1.2909e-14
3.9071e+13	1.3293e-15	1.2541e-14
3.9282e+13	1.483e-15	1.2368e-14
3.9493e+13	1.471e-15	1.2098e-14
3.9704e+13	1.2961e-15	1.1563e-14
3.9916e+13	1.1982e-15	1.1112e-14
4.0127e+13	1.3229e-15	1.1252e-14
4.0338e+13	1.5262e-15	1.1951e-14
4.0549e+13	1.5718e-15	1.2555e-14
4.076e+13	1.4426e-15	1.2503e-14
4.0971e+13	1.3428e-15	1.2006e-14
4.1183e+13	1.4063e-15	1.1812e-14
4.1394e+13	1.5287e-15	1.233e-14
4.1605e+13	1.5469e-15	1.3189e-14
4.1816e+13	1.4953e-15	1.3743e-14
4.2027e+13	1.5557e-15	1.3829e-14
4.2239e+13	1.7643e-15	1.3806e-14
4.245e+13	1.8992e-15	1.3907e-14
4.2661e+13	1.7443e-15	1.3854e-14
4.2872e+13	1.3957e-15	1.3307e-14
4.3083e+13	1.189e-15	1.2548e-14
4.3295e+13	1.309e-15	1.2386e-14
4.3506e+13	1.5741e-15	1.326e-14
4.3717e+13	1.6702e-15	1.4631e-14
4.3928e+13	1.5324e-15	1.5486e-14
4.4139e+13	1.3949e-15	1.543e-14
4.4351e+13	1.4663e-15	1.507e-14
4.4562e+13	1.669e-15	1.5236e-14
4.4773e+13	1.7649e-15	1.5966e-14
4.4984e+13	1.6729e-15	1.6486e-14
4.5195e+13	1.5514e-15	1.6163e-14
4.5407e+13	1.562e-15	1.5271e-14
4.5618e+13	1.656e-15	1.467e-14
4.5829e+13	1.6667e-15	1.4831e-14
4.604e+13	1.5585e-15	1.5389e-14
4.6251e+13	1.4805e-15	1.5691e-14
4.6463e+13	1.5589e-15	1.5605e-14
4.6674e+13	1.7228e-15	1.5606e-14
4.6885e+13	1.7978e-15	1.6073e-14
4.7096e+13	1.7275e-15	1.6709e-14
4.7307e+13	1.6202e-15	1.6794e-14
4.7518e+13	1.5771e-15	1.5986e-14
4.773e+13	1.5587e-15	1.4776e-14
4.7941e+13	1.4732e-15	1.4073e-14
4.8152e+13	1.3411e-15	1.4348e-14
4.8363e+13	1.2864e-15	1.5194e-14
4.8574e+13	1.361e-15	1.5699e-14
4.8786e+13	1.4577e-15	1.5267e-14
4.8997e+13	1.4452e-15	1.4107e-14
4.9208e+13	1.3414e-15	1.2996e-14
4.9419e+13	1.2795e-15	1.2548e-14
4.963e+13	1.3155e-15	1.2692e-14
4.9842e+13	1.3487e-15	1.2808e-14
5.0053e+13	1.2737e-15	1.239e-14
5.0264e+13	1.1455e-15	1.1542e-14
5.0475e+13	1.1156e-15	1.0799e-14
5.0686e+13	1.2132e-15	1.0494e-14
5.0898e+13	1.2813e-15	1.0381e-14
5.1109e+13	1.1746e-15	9.9939e-15
5.132e+13	9.6554e-16	9.3088e-15
5.1531e+13	8.7198e-16	8.8798e-15
5.1742e+13	9.8612e-16	9.191e-15
5.1954e+13	1.1567e-15	9.9546e-15
5.2165e+13	1.1802e-15	1.0261e-14
5.2376e+13	1.0514e-15	9.5287e-15
5.2587e+13	9.4909e-16	8.2055e-15
5.2798e+13	9.8655e-16	7.3497e-15
5.301e+13	1.0665e-15	7.5119e-15
5.3221e+13	1.0266e-15	8.1657e-15
5.3432e+13	8.6851e-16	8.3359e-15
5.3643e+13	7.5654e-16	7.6886e-15
5.3854e+13	7.9398e-16	6.8312e-15
5.4065e+13	8.8486e-16	6.5386e-15
5.4277e+13	8.6759e-16	6.8727e-15
5.4488e+13	7.3375e-16	7.2086e-15
5.4699e+13	6.3488e-16	7.0324e-15
5.491e+13	6.7358e-16	6.4839e-15
5.5121e+13	7.667e-16	6.0453e-15
5.5333e+13	7.6245e-16	5.8848e-15
5.5544e+13	6.4527e-16	5.7277e-15
5.5755e+13	5.5038e-16	5.3565e-15
5.5966e+13	5.7702e-16	4.9966e-15
5.6177e+13	6.6166e-16	5.0405e-15
5.6389e+13	6.7789e-16	5.4779e-15
5.66e+13	6.1353e-16	5.8109e-15
5.6811e+13	5.7664e-16	5.6041e-15
5.7022e+13	6.3042e-16	4.9884e-15
5.7233e+13	6.9722e-16	4.4982e-15
5.7445e+13	6.6876e-16	4.4614e-15
5.7656e+13	5.6539e-16	4.6949e-15
5.7867e+13	5.1562e-16	4.824e-15
5.8078e+13	5.8023e-16	4.7525e-15
5.8289e+13	6.6564e-16	4.6877e-15
5.8501e+13	6.4973e-16	4.7619e-15
5.8712e+13	5.4757e-16	4.8111e-15
5.8923e+13	4.8823e-16	4.6049e-15
5.9134e+13	5.3572e-16	4.1883e-15
5.9345e+13	6.041e-16	3.8576e-15
5.9556e+13	5.8471e-16	3.8046e-15
5.9768e+13	5.0568e-16	3.91e-15
5.9979e+13	4.9594e-16	3.9443e-15
6.019e+13	5.9877e-16	3.8825e-15
6.0401e+13	6.9546e-16	3.9043e-15
6.0612e+13	6.5482e-16	4.0985e-15
6.0824e+13	5.1213e-16	4.2978e-15
6.1035e+13	4.3227e-16	4.2789e-15
6.1246e+13	4.9972e-16	4.0634e-15
6.1457e+13	6.1378e-16	3.9139e-15
6.1668e+13	6.2763e-16	4.0255e-15
6.188e+13	5.4222e-16	4.3029e-15
6.2091e+13	4.9486e-16	4.4842e-15
6.2302e+13	5.6291e-16	4.427e-15
6.2513e+13	6.5381e-16	4.2066e-15
6.2724e+13	6.3212e-16	3.9686e-15
6.2936e+13	5.0981e-16	3.7873e-15
6.3147e+13	4.3851e-16	3.6943e-15
6.3358e+13	5.1058e-16	3.7471e-15
6.3569e+13	6.3496e-16	3.9573e-15
6.378e+13	6.5348e-16	4.1729e-15
6.3992e+13	5.4304e-16	4.1527e-15
6.4203e+13	4.3872e-16	3.8321e-15
6.4414e+13	4.5559e-16	3.4584e-15
6.4625e+13	5.4928e-16	3.3646e-15
6.4836e+13	5.9061e-16	3.6003e-15
6.5048e+13	5.3921e-16	3.8661e-15
6.5259e+13	4.8109e-16	3.8543e-15
6.547e+13	4.9595e-16	3.5984e-15
6.5681e+13	5.505e-16	3.4108e-15
6.5892e+13	5.618e-16	3.4985e-15
6.6103e+13	5.2648e-16	3.7366e-15
6.6315e+13	5.2282e-16	3.8596e-15
6.6526e+13	5.8279e-16	3.796e-15
6.6737e+13	6.2502e-16	3.7117e-15
6.6948e+13	5.5874e-16	3.7391e-15
6.7159e+13	4.2255e-16	3.782e-15
6.7371e+13	3.5861e-16	3.6632e-15
6.7582e+13	4.395e-16	3.4017e-15
6.7793e+13	5.7084e-16	3.2282e-15
6.8004e+13	6.0199e-16	3.2982e-15
6.8215e+13	5.0654e-16	3.4791e-15
6.8427e+13	4.0375e-16	3.5011e-15
6.8638e+13	4.0142e-16	3.2894e-15
6.8849e+13	4.6888e-16	3.062e-15
6.906e+13	4.9677e-16	3.0728e-15
6.9271e+13	4.491e-16	3.3251e-15
6.9483e+13	4.0213e-16	3.5927e-15
6.9694e+13	4.3035e-16	3.69e-15
6.9905e+13	5.0525e-16	3.6449e-15
7.0116e+13	5.4157e-16	3.599e-15
7.0327e+13	5.1641e-16	3.619e-15
7.0539e+13	4.9265e-16	3.6675e-15
7.075e+13	5.2082e-16	3.7155e-15
7.0961e+13	5.6343e-16	3.7874e-15
7.1172e+13	5.4824e-16	3.8695e-15
7.1383e+13	4.7276e-16	3.8525e-15
7.1595e+13	4.1254e-16	3.6485e-15
7.1806e+13	4.2316e-16	3.3523e-15
7.2017e+13	4.7223e-16	3.2034e-15
7.2228e+13	4.906e-16	3.3422e-15
7.2439e+13	4.6466e-16	3.6434e-15
7.265e+13	4.4172e-16	3.843e-15
7.2862e+13	4.5072e-16	3.8186e-15
7.3073e+13	4.6043e-16	3.6876e-15
7.3284e+13	4.3523e-16	3.6207e-15
7.3495e+13	4.0099e-16	3.6238e-15
7.3706e+13	4.1642e-16	3.5682e-15
7.3918e+13	4.8548e-16	3.4134e-15
7.4129e+13	5.397e-16	3.3128e-15
7.434e+13	5.2499e-16	3.4478e-15
7.4551e+13	4.7561e-16	3.7957e-15
7.4762e+13	4.6804e-16	4.1234e-15
7.4974e+13	5.1401e-16	4.2214e-15
7.5185e+13	5.426e-16	4.102e-15
7.5396e+13	5.0151e-16	3.9465e-15
7.5607e+13	4.3838e-16	3.8968e-15
7.5818e+13	4.4327e-16	3.9437e-15
7.603e+13	5.2352e-16	4.003e-15
7.6241e+13	5.8272e-16	4.0338e-15
7.6452e+13	5.409e-16	4.0456e-15
7.6663e+13	4.4039e-16	4.029e-15
7.6874e+13	3.9531e-16	3.9484e-15
7.7086e+13	4.4898e-16	3.8166e-15
7.7297e+13	5.2588e-16	3.7291e-15
7.7508e+13	5.3739e-16	3.7754e-15
7.7719e+13	4.9562e-16	3.9236e-15
7.793e+13	4.8414e-16	4.0282e-15
7.8141e+13	5.3301e-16	3.9715e-15
7.8353e+13	5.7404e-16	3.782e-15
7.8564e+13	5.3781e-16	3.6024e-15
7.8775e+13	4.5618e-16	3.555e-15
7.8986e+13	4.2627e-16	3.6489e-15
7.9197e+13	4.8341e-16	3.8016e-15
7.9409e+13	5.5614e-16	3.9164e-15
7.962e+13	5.633e-16	3.9382e-15
7.9831e+13	5.1925e-16	3.8797e-15
8.0042e+13	5.047e-16	3.8327e-15
8.0253e+13	5.4871e-16	3.9316e-15
8.0465e+13	5.886e-16	4.2432e-15
8.0676e+13	5.6311e-16	4.6524e-15
8.0887e+13	5.0529e-16	4.8925e-15
8.1098e+13	5.0042e-16	4.7581e-15
8.1309e+13	5.6368e-16	4.3242e-15
8.1521e+13	6.0944e-16	3.9282e-15
8.1732e+13	5.6259e-16	3.8849e-15
8.1943e+13	4.6546e-16	4.1927e-15
8.2154e+13	4.3314e-16	4.534e-15
8.2365e+13	5.1049e-16	4.5826e-15
8.2577e+13	6.1677e-16	4.3158e-15
8.2788e+13	6.4866e-16	4.0235e-15
8.2999e+13	6.0471e-16	4.014e-15
8.321e+13	5.7173e-16	4.3193e-15
8.3421e+13	6.0137e-16	4.6882e-15
8.3633e+13	6.4613e-16	4.8522e-15
8.3844e+13	6.3444e-16	4.7831e-15
8.4055e+13	5.7336e-16	4.6869e-15
8.4266e+13	5.3784e-16	4.7587e-15
8.4477e+13	5.6788e-16	4.9628e-15
8.4688e+13	6.191e-16	5.0704e-15
8.49e+13	6.3082e-16	4.9161e-15
8.5111e+13	6.0985e-16	4.6028e-15
8.5322e+13	6.1172e-16	4.4271e-15
8.5533e+13	6.5199e-16	4.5867e-15
8.5744e+13	6.7987e-16	4.9678e-15
8.5956e+13	6.5417e-16	5.244e-15
8.6167e+13	6.105e-16	5.1943e-15
8.6378e+13	6.1719e-16	4.9142e-15
8.6589e+13	6.7685e-16	4.7066e-15
8.68e+13	7.1435e-16	4.7837e-15
8.7012e+13	6.7637e-16	5.1007e-15
8.7223e+13	6.0895e-16	5.4686e-15
8.7434e+13	6.0253e-16	5.7679e-15
8.7645e+13	6.7368e-16	6.0016e-15
8.7856e+13	7.4344e-16	6.1707e-15
8.8068e+13	7.4365e-16	6.1935e-15
8.8279e+13	7.0759e-16	6.0174e-15
8.849e+13	7.2002e-16	5.7713e-15
8.8701e+13	7.9299e-16	5.7083e-15
8.8912e+13	8.3814e-16	5.9413e-15
8.9124e+13	7.7912e-16	6.2801e-15
8.9335e+13	6.5814e-16	6.4063e-15
8.9546e+13	5.9492e-16	6.2268e-15
8.9757e+13	6.4858e-16	5.9987e-15
8.9968e+13	7.5741e-16	6.0627e-15
9.018e+13	8.2448e-16	6.4742e-15
9.0391e+13	8.2877e-16	6.9446e-15
9.0602e+13	8.2202e-16	7.1402e-15
9.0813e+13	8.3543e-16	6.9841e-15
9.1024e+13	8.3639e-16	6.6506e-15
9.1235e+13	7.9142e-16	6.334e-15
9.1447e+13	7.3453e-16	6.1107e-15
9.1658e+13	7.3442e-16	6.0122e-15
9.1869e+13	8.0201e-16	6.1089e-15
9.208e+13	8.694e-16	6.4182e-15
9.2291e+13	8.7383e-16	6.764e-15
9.2503e+13	8.3388e-16	6.8605e-15
9.2714e+13	8.1582e-16	6.6147e-15
9.2925e+13	8.4053e-16	6.2948e-15
9.3136e+13	8.6166e-16	6.2961e-15
9.3347e+13	8.4177e-16	6.7142e-15
9.3559e+13	8.1349e-16	7.2179e-15
9.377e+13	8.3528e-16	7.3974e-15
9.3981e+13	9.0395e-16	7.2038e-15
9.4192e+13	9.5099e-16	6.9731e-15
9.4403e+13	9.3212e-16	7.019e-15
9.4615e+13	8.8526e-16	7.2897e-15
9.4826e+13	8.7385e-16	7.4846e-15
9.5037e+13	8.9549e-16	7.4541e-15
9.5248e+13	8.8856e-16	7.368e-15
9.5459e+13	8.3109e-16	7.4589e-15
9.5671e+13	7.8863e-16	7.6932e-15
9.5882e+13	8.32e-16	7.8118e-15
9.6093e+13	9.3166e-16	7.6954e-15
9.6304e+13	9.8224e-16	7.5743e-15
9.6515e+13	9.3912e-16	7.7788e-15
9.6727e+13	8.859e-16	8.3034e-15
9.6938e+13	9.3047e-16	8.7199e-15
9.7149e+13	1.056e-15	8.5887e-15
9.736e+13	1.1265e-15	7.9379e-15
9.7571e+13	1.0536e-15	7.2788e-15
9.7782e+13	9.1387e-16	7.1292e-15
9.7994e+13	8.6255e-16	7.5318e-15
9.8205e+13	9.4565e-16	8.0453e-15
9.8416e+13	1.0456e-15	8.1844e-15
9.8627e+13	1.0272e-15	7.8638e-15
9.8838e+13	8.9847e-16	7.4433e-15
9.905e+13	7.9142e-16	7.3789e-15
9.9261e+13	7.9981e-16	7.8184e-15
9.9472e+13	8.822e-16	8.4812e-15
9.9683e+13	9.3675e-16	8.8962e-15
9.9894e+13	9.2982e-16	8.783e-15
1.0011e+14	9.1214e-16	8.2656e-15
1.0032e+14	9.2524e-16	7.7427e-15
1.0053e+14	9.4353e-16	7.5303e-15
1.0074e+14	9.2677e-16	7.5993e-15
1.0095e+14	8.9155e-16	7.6592e-15
1.0116e+14	8.8933e-16	7.5036e-15
1.0137e+14	9.2348e-16	7.2483e-15
1.0158e+14	9.3347e-16	7.19e-15
1.018e+14	8.7874e-16	7.4325e-15
1.0201e+14	8.058e-16	7.7188e-15
1.0222e+14	7.9651e-16	7.7017e-15
1.0243e+14	8.6008e-16	7.3695e-15
1.0264e+14	9.1627e-16	7.1161e-15
1.0285e+14	8.9703e-16	7.3139e-15
1.0306e+14	8.3188e-16	7.8391e-15
1.0327e+14	8.0239e-16	8.117e-15
1.0348e+14	8.3016e-16	7.7072e-15
1.037e+14	8.5268e-16	6.8205e-15
1.0391e+14	8.1769e-16	6.1782e-15
1.0412e+14	7.6057e-16	6.3111e-15
1.0433e+14	7.5327e-16	7.0147e-15
1.0454e+14	7.9619e-16	7.5319e-15
1.0475e+14	8.0954e-16	7.2818e-15
1.0496e+14	7.4402e-16	6.391e-15
1.0517e+14	6.5839e-16	5.5162e-15
1.0539e+14	6.4753e-16	5.1902e-15
1.056e+14	7.1015e-16	5.3754e-15
1.0581e+14	7.3815e-16	5.6262e-15
1.0602e+14	6.5434e-16	5.6066e-15
1.0623e+14	5.2198e-16	5.388e-15
1.0644e+14	4.7613e-16	5.266e-15
1.0665e+14	5.5746e-16	5.3697e-15
1.0686e+14	6.6024e-16	5.5132e-15
1.0707e+14	6.6196e-16	5.418e-15
1.0729e+14	5.6875e-16	5.0228e-15
1.075e+14	4.9468e-16	4.5367e-15
1.0771e+14	5.109e-16	4.2127e-15
1.0792e+14	5.6378e-16	4.1126e-15
1.0813e+14	5.5925e-16	4.1071e-15
1.0834e+14	4.8982e-16	4.0609e-15
1.0855e+14	4.3462e-16	3.9648e-15
1.0876e+14	4.4334e-16	3.879e-15
1.0898e+14	4.6907e-16	3.7975e-15
1.0919e+14	4.3889e-16	3.6284e-15
1.094e+14	3.5873e-16	3.3215e-15
1.0961e+14	3.0619e-16	2.9737e-15
1.0982e+14	3.2432e-16	2.7594e-15
1.1003e+14	3.6501e-16	2.7483e-15
1.1024e+14	3.5823e-16	2.8216e-15
1.1045e+14	3.0782e-16	2.7967e-15
1.1067e+14	2.8138e-16	2.6272e-15
1.1088e+14	3.1211e-16	2.4546e-15
1.1109e+14	3.523e-16	2.4488e-15
1.113e+14	3.4229e-16	2.6146e-15
1.1151e+14	2.9512e-16	2.7745e-15
1.1172e+14	2.7556e-16	2.74e-15
1.1193e+14	3.0305e-16	2.4848e-15
1.1214e+14	3.1813e-16	2.1488e-15
1.1235e+14	2.6474e-16	1.8975e-15
1.1257e+14	1.7619e-16	1.7978e-15
1.1278e+14	1.4139e-16	1.8115e-15
1.1299e+14	1.9032e-16	1.8667e-15
1.132e+14	2.5203e-16	1.9095e-15
1.1341e+14	2.4462e-16	1.9072e-15
1.1362e+14	1.7955e-16	1.8468e-15
1.1383e+14	1.424e-16	1.7513e-15
1.1404e+14	1.7778e-16	1.6751e-15
1.1426e+14	2.3287e-16	1.6554e-15
1.1447e+14	2.3221e-16	1.6664e-15
1.1468e+14	1.7891e-16	1.6409e-15
1.1489e+14	1.4572e-16	1.5469e-15
1.151e+14	1.7235e-16	1.4296e-15
1.1531e+14	2.121e-16	1.3613e-15
1.1552e+14	1.9928e-16	1.3583e-15
1.1573e+14	1.4178e-16	1.3676e-15
1.1595e+14	1.1028e-16	1.338e-15
1.1616e+14	1.4022e-16	1.2824e-15
1.1637e+14	1.8263e-16	1.2518e-15
1.1658e+14	1.7184e-16	1.2603e-15
1.1679e+14	1.1626e-16	1.2652e-15
1.17e+14	8.7516e-17	1.228e-15
1.1721e+14	1.2319e-16	1.1727e-15
1.1742e+14	1.7618e-16	1.1566e-15
1.1763e+14	1.7861e-16	1.1904e-15
1.1785e+14	1.3164e-16	1.2155e-15
1.1806e+14	9.985e-17	1.1732e-15
1.1827e+14	1.2125e-16	1.0795e-15
1.1848e+14	1.5809e-16	1.0073e-15
1.1869e+14	1.5327e-16	9.9882e-16
1.189e+14	1.1083e-16	1.0203e-15
1.1911e+14	8.8455e-17	1.0141e-15
1.1932e+14	1.1525e-16	9.7507e-16
1.1954e+14	1.5104e-16	9.4994e-16
1.1975e+14	1.4353e-16	9.6716e-16
1.1996e+14	1.0158e-16	9.9525e-16
1.2017e+14	8.1777e-17	9.859e-16
1.2038e+14	1.079e-16	9.3976e-16
1.2059e+14	1.3743e-16	9.0323e-16
1.208e+14	1.2259e-16	9.0167e-16
1.2101e+14	7.9625e-17	9.0358e-16
1.2122e+14	6.7601e-17	8.672e-16
1.2144e+14	1.0481e-16	8.0508e-16
1.2165e+14	1.4003e-16	7.7434e-16
1.2186e+14	1.2122e-16	8.0093e-16
1.2207e+14	6.8279e-17	8.3961e-16
1.2228e+14	4.8178e-17	8.2735e-16
1.2249e+14	8.4706e-17	7.6322e-16
1.227e+14	1.26e-16	7.0957e-16
1.2291e+14	1.1507e-16	7.122e-16
1.2313e+14	6.7217e-17	7.4362e-16
1.2334e+14	4.8447e-17	7.4293e-16
1.2355e+14	8.47e-17	6.9732e-16
1.2376e+14	1.2642e-16	6.5662e-16
1.2397e+14	1.1674e-16	6.6292e-16
1.2418e+14	6.9162e-17	6.9133e-16
1.2439e+14	4.8067e-17	6.8211e-16
1.246e+14	7.9711e-17	6.2157e-16
1.2482e+14	1.1671e-16	5.644e-16
1.2503e+14	1.0463e-16	5.6719e-16
1.2524e+14	5.8129e-17	6.1958e-16
1.2545e+14	4.1045e-17	6.6035e-16
1.2566e+14	7.7772e-17	6.5369e-16
1.2587e+14	1.1854e-16	6.256e-16
1.2608e+14	1.0697e-16	6.181e-16
1.2629e+14	5.7388e-17	6.2827e-16
1.265e+14	3.545e-17	6.1426e-16
1.2672e+14	6.8652e-17	5.5729e-16
1.2693e+14	1.0926e-16	4.9398e-16
1.2714e+14	1.0014e-16	4.7597e-16
1.2735e+14	5.2818e-17	5.0984e-16
1.2756e+14	3.0923e-17	5.5337e-16
1.2777e+14	6.2686e-17	5.6776e-16
1.2798e+14	1.0291e-16	5.5598e-16
1.2819e+14	9.5828e-17	5.4397e-16
1.2841e+14	5.1452e-17	5.3932e-16
1.2862e+14	3.0548e-17	5.2542e-16
1.2883e+14	6.0105e-17	4.9319e-16
1.2904e+14	9.6473e-17	4.6041e-16
1.2925e+14	8.6483e-17	4.5075e-16
1.2946e+14	4.1283e-17	4.6324e-16
1.2967e+14	2.0795e-17	4.748e-16
1.2988e+14	5.0838e-17	4.7028e-16
1.301e+14	8.786e-17	4.5761e-16
1.3031e+14	7.9765e-17	4.5018e-16
1.3052e+14	3.8195e-17	4.456e-16
1.3073e+14	2.2061e-17	4.3162e-16
1.3094e+14	5.5261e-17	4.0754e-16
1.3115e+14	9.2696e-17	3.8724e-16
1.3136e+14	8.1899e-17	3.792e-16
1.3157e+14	3.5386e-17	3.7443e-16
1.3178e+14	1.3877e-17	3.6128e-16
1.32e+14	4.3421e-17	3.4443e-16
1.3221e+14	8.04e-17	3.3818e-16
1.3242e+14	7.223e-17	3.4317e-16
1.3263e+14	2.9793e-17	3.4328e-16
1.3284e+14	1.1906e-17	3.3059e-16
1.3305e+14	4.3705e-17	3.2166e-16
1.3326e+14	8.1684e-17	3.3582e-16
1.3347e+14	7.3492e-17	3.6198e-16
1.3369e+14	2.9928e-17	3.6485e-16
1.339e+14	1.0088e-17	3.3071e-16
1.3411e+14	4.03e-17	2.932e-16
1.3432e+14	7.8272e-17	2.9679e-16
1.3453e+14	7.1248e-17	3.3815e-16
1.3474e+14	2.7878e-17	3.6289e-16
1.3495e+14	5.6073e-18	3.2937e-16
1.3516e+14	3.1981e-17	2.625e-16
1.3537e+14	6.8254e-17	2.2693e-16
1.3559e+14	6.403e-17	2.5019e-16
1.358e+14	2.628e-17	2.9195e-16
1.3601e+14	7.8767e-18	2.9768e-16
1.3622e+14	3.3204e-17	2.6671e-16
1.3643e+14	6.4813e-17	2.4734e-16
1.3664e+14	5.6734e-17	2.6814e-16
1.3685e+14	1.9297e-17	2.9852e-16
1.3706e+14	4.9224e-18	2.9039e-16
1.3728e+14	3.4794e-17	2.4427e-16
1.3749e+14	6.8632e-17	2.1037e-16
1.377e+14	5.9873e-17	2.2339e-16
1.3791e+14	1.9947e-17	2.5832e-16
1.3812e+14	2.6811e-18	2.6601e-16
1.3833e+14	3.043e-17	2.395e-16
1.3854e+14	6.3977e-17	2.2159e-16
1.3875e+14	5.7294e-17	2.44e-16
1.3897e+14	2.0876e-17	2.8118e-16
1.3918e+14	6.1053e-18	2.8221e-16
1.3939e+14	3.3108e-17	2.3868e-16
1.396e+14	6.2813e-17	1.9798e-16
1.3981e+14	5.2038e-17	2.0354e-16
1.4002e+14	1.4627e-17	2.4086e-16
1.4023e+14	2.9848e-18	2.589e-16
1.4044e+14	3.5041e-17	2.3642e-16
1.4065e+14	6.8114e-17	2.0534e-16
1.4087e+14	5.6791e-17	2.0361e-16
1.4108e+14	1.5506e-17	2.2416e-16
1.4129e+14	-7.5677e-19	2.2841e-16
1.415e+14	2.8413e-17	2.0259e-16
1.4171e+14	6.111e-17	1.7805e-16
1.4192e+14	5.0935e-17	1.8783e-16
1.4213e+14	1.0778e-17	2.1986e-16
1.4234e+14	-5.1332e-18	2.3142e-16
1.4256e+14	2.4074e-17	2.0592e-16
1.4277e+14	5.7513e-17	1.7537e-16
1.4298e+14	4.9325e-17	1.7852e-16
1.4319e+14	1.1961e-17	2.1043e-16
1.434e+14	-1.4355e-18	2.2982e-16
1.4361e+14	2.8973e-17	2.1267e-16
1.4382e+14	6.1763e-17	1.8082e-16
1.4403e+14	5.1146e-17	1.7042e-16
1.4424e+14	1.0288e-17	1.8518e-16
1.4446e+14	-6.3092e-18	1.9623e-16
1.4467e+14	2.2793e-17	1.8455e-16
1.4488e+14	5.7096e-17	1.6633e-16
1.4509e+14	5.0213e-17	1.686e-16
1.453e+14	1.3326e-17	1.9117e-16
1.4551e+14	-1.1855e-18	2.0719e-16
1.4572e+14	2.7252e-17	1.9944e-16
1.4593e+14	5.8945e-17	1.8161e-16
1.4615e+14	4.9223e-17	1.7735e-16
1.4636e+14	1.0776e-17	1.8847e-16
1.4657e+14	-3.44e-18	1.9554e-16
1.4678e+14	2.6647e-17	1.868e-16
1.4699e+14	5.9996e-17	1.7319e-16
1.472e+14	5.0428e-17	1.7013e-16
1.4741e+14	1.0047e-17	1.7476e-16
1.4762e+14	-7.0707e-18	1.7167e-16
1.4784e+14	2.14e-17	1.5726e-16
1.4805e+14	5.5887e-17	1.4564e-16
1.4826e+14	4.9285e-17	1.4736e-16
1.4847e+14	1.0941e-17	1.5268e-16
1.4868e+14	-7.086e-18	1.4523e-16
1.4889e+14	1.8345e-17	1.2716e-16
1.491e+14	5.063e-17	1.1829e-16
1.4931e+14	4.4868e-17	1.2852e-16
1.4952e+14	9.6724e-18	1.4227e-16
1.4974e+14	-5.7237e-18	1.3894e-16
1.4995e+14	1.9783e-17	1.2233e-16
1.5016e+14	5.0224e-17	1.1721e-16
1.5037e+14	4.307e-17	1.3573e-16
1.5058e+14	8.5458e-18	1.5915e-16
1.5079e+14	-4.662e-18	1.615e-16
1.51e+14	2.2722e-17	1.438e-16
1.5121e+14	5.3454e-17	1.3217e-16
1.5143e+14	4.5149e-17	1.4173e-16
1.5164e+14	8.9904e-18	1.5573e-16
1.5185e+14	-5.6055e-18	1.4924e-16
1.5206e+14	2.0727e-17	1.2514e-16
1.5227e+14	5.0513e-17	1.1243e-16
1.5248e+14	4.1267e-17	1.2793e-16
1.5269e+14	4.4063e-18	1.5314e-16
1.529e+14	-1.018e-17	1.5812e-16
1.5312e+14	1.7262e-17	1.4049e-16
1.5333e+14	4.911e-17	1.2664e-16
1.5354e+14	4.1992e-17	1.3431e-16
1.5375e+14	6.1887e-18	1.4814e-16
1.5396e+14	-8.8193e-18	1.4203e-16
1.5417e+14	1.7553e-17	1.1697e-16
1.5438e+14	4.9059e-17	1.0171e-16
1.5459e+14	4.288e-17	1.1449e-16
1.548e+14	8.4172e-18	1.3819e-16
1.5502e+14	-6.2681e-18	1.4311e-16
1.5523e+14	1.8928e-17	1.2645e-16
1.5544e+14	4.8658e-17	1.1444e-16
1.5565e+14	4.1376e-17	1.2482e-16
1.5586e+14	6.8967e-18	1.418e-16
1.5607e+14	-7.2646e-18	1.3842e-16
1.5628e+14	1.8406e-17	1.1541e-16
1.5649e+14	4.8577e-17	1.0209e-16
1.5671e+14	4.1958e-17	1.1697e-16
1.5692e+14	8.1554e-18	1.415e-16
1.5713e+14	-5.9467e-18	1.4356e-16
1.5734e+14	1.8894e-17	1.1967e-16
1.5755e+14	4.7901e-17	9.9328e-17
1.5776e+14	4.0658e-17	1.0611e-16
1.5797e+14	7.0906e-18	1.2825e-16
1.5818e+14	-6.3222e-18	1.3727e-16
1.5839e+14	1.9186e-17	1.2738e-16
1.5861e+14	4.881e-17	1.208e-16
1.5882e+14	4.2246e-17	1.3312e-16
1.5903e+14	9.062e-18	1.4831e-16
1.5924e+14	-5.0298e-18	1.398e-16
1.5945e+14	1.8424e-17	1.0899e-16
1.5966e+14	4.5423e-17	8.7257e-17
1.5987e+14	3.7171e-17	9.6924e-17
1.6008e+14	4.2479e-18	1.2293e-16
1.603e+14	-7.8876e-18	1.3325e-16
1.6051e+14	1.8011e-17	1.2015e-16
1.6072e+14	4.6776e-17	1.0729e-16
1.6093e+14	3.9202e-17	1.1492e-16
1.6114e+14	6.2201e-18	1.323e-16
1.6135e+14	-6.0966e-18	1.3438e-16
1.6156e+14	1.9857e-17	1.1774e-16
1.6177e+14	4.8759e-17	1.0465e-16
1.6199e+14	4.0886e-17	1.1041e-16
1.622e+14	6.8128e-18	1.2117e-16
1.6241e+14	-7.0435e-18	1.1486e-16
1.6262e+14	1.7927e-17	9.5627e-17
1.6283e+14	4.7242e-17	9.1603e-17
1.6304e+14	4.0933e-17	1.1608e-16
1.6325e+14	8.2579e-18	1.4523e-16
1.6346e+14	-5.6224e-18	1.4568e-16
1.6367e+14	1.787e-17	1.1732e-16
1.6389e+14	4.5418e-17	9.4221e-17
1.641e+14	3.8243e-17	1.0123e-16
1.6431e+14	5.8028e-18	1.2354e-16
1.6452e+14	-7.3343e-18	1.2885e-16
1.6473e+14	1.6958e-17	1.1119e-16
1.6494e+14	4.5453e-17	9.6864e-17
1.6515e+14	3.941e-17	1.058e-16
1.6536e+14	7.6745e-18	1.2282e-16
1.6558e+14	-6.0392e-18	1.1906e-16
1.6579e+14	1.6408e-17	9.3995e-17
1.66e+14	4.3048e-17	7.8946e-17
1.6621e+14	3.6632e-17	9.5416e-17
1.6642e+14	6.2899e-18	1.2438e-16
1.6663e+14	-5.4296e-18	1.2929e-16
1.6684e+14	1.8198e-17	1.0337e-16
1.6705e+14	4.4853e-17	7.8321e-17
1.6727e+14	3.8036e-17	8.3076e-17
1.6748e+14	7.6497e-18	1.0767e-16
1.6769e+14	-3.819e-18	1.1942e-16
1.679e+14	1.9738e-17	1.0769e-16
1.6811e+14	4.5739e-17	9.6179e-17
1.6832e+14	3.8174e-17	1.0746e-16
1.6853e+14	7.6646e-18	1.3017e-16
1.6874e+14	-3.1246e-18	1.3433e-16
1.6895e+14	2.1351e-17	1.1337e-16
1.6917e+14	4.7677e-17	9.4374e-17
1.6938e+14	3.9335e-17	1.0172e-16
1.6959e+14	7.0337e-18	1.2384e-16
1.698e+14	-5.9587e-18	1.2858e-16
1.7001e+14	1.6765e-17	1.0669e-16
1.7022e+14	4.2573e-17	8.4478e-17
1.7043e+14	3.5281e-17	8.8694e-17
1.7064e+14	5.2629e-18	1.113e-16
1.7086e+14	-5.1126e-18	1.2129e-16
1.7107e+14	1.9513e-17	1.065e-16
1.7128e+14	4.5761e-17	8.8643e-17
1.7149e+14	3.7294e-17	9.2411e-17
1.717e+14	5.0195e-18	1.1196e-16
1.7191e+14	-7.5957e-18	1.202e-16
1.7212e+14	1.6033e-17	1.0653e-16
1.7233e+14	4.3189e-17	9.0487e-17
1.7254e+14	3.712e-17	9.3278e-17
1.7276e+14	7.4145e-18	1.0804e-16
1.7297e+14	-3.8211e-18	1.1045e-16
1.7318e+14	1.9467e-17	9.4416e-17
1.7339e+14	4.5028e-17	8.2133e-17
1.736e+14	3.702e-17	9.343e-17
1.7381e+14	5.7717e-18	1.1646e-16
1.7402e+14	-6.227e-18	1.212e-16
1.7423e+14	1.7207e-17	9.8976e-17
1.7445e+14	4.3687e-17	7.5027e-17
1.7466e+14	3.685e-17	7.6802e-17
1.7487e+14	6.2907e-18	9.9881e-17
1.7508e+14	-5.8927e-18	1.1582e-16
1.7529e+14	1.6838e-17	1.0978e-16
1.755e+14	4.2879e-17	9.7096e-17
1.7571e+14	3.6287e-17	9.8806e-17
1.7592e+14	6.321e-18	1.1192e-16
1.7614e+14	-5.5369e-18	1.1537e-16
1.7635e+14	1.7094e-17	1.0158e-16
1.7656e+14	4.2996e-17	8.8564e-17
1.7677e+14	3.6516e-17	9.5602e-17
1.7698e+14	6.6252e-18	1.1669e-16
1.7719e+14	-5.6853e-18	1.2846e-16
1.774e+14	1.6065e-17	1.2108e-16
1.7761e+14	4.1496e-17	1.0932e-16
1.7782e+14	3.5687e-17	1.0981e-16
1.7804e+14	7.3306e-18	1.1759e-16
1.7825e+14	-3.7677e-18	1.1526e-16
1.7846e+14	1.7866e-17	1.006e-16
1.7867e+14	4.1967e-17	9.204e-17
1.7888e+14	3.4727e-17	1.03e-16
1.7909e+14	5.9682e-18	1.2098e-16
1.793e+14	-4.2015e-18	1.2256e-16
1.7951e+14	1.9092e-17	1.0513e-16
1.7973e+14	4.459e-17	9.1649e-17
1.7994e+14	3.769e-17	1.0054e-16
1.8015e+14	8.0219e-18	1.2092e-16
1.8036e+14	-3.738e-18	1.27e-16
1.8057e+14	1.8367e-17	1.124e-16
1.8078e+14	4.3965e-17	9.7946e-17
1.8099e+14	3.8374e-17	1.0289e-16
1.812e+14	1.0098e-17	1.1913e-16
1.8141e+14	-1.4673e-18	1.2344e-16
1.8163e+14	1.9334e-17	1.099e-16
1.8184e+14	4.3079e-17	9.7257e-17
1.8205e+14	3.6379e-17	1.0167e-16
1.8226e+14	8.2162e-18	1.1372e-16
1.8247e+14	-2.6342e-18	1.1267e-16
1.8268e+14	1.8555e-17	9.7907e-17
1.8289e+14	4.2061e-17	9.2443e-17
1.831e+14	3.5008e-17	1.1132e-16
1.8332e+14	7.085e-18	1.3812e-16
1.8353e+14	-2.696e-18	1.4377e-16
1.8374e+14	1.9996e-17	1.2422e-16
1.8395e+14	4.4738e-17	1.064e-16
1.8416e+14	3.8059e-17	1.129e-16
1.8437e+14	9.4456e-18	1.3203e-16
1.8458e+14	-1.8299e-18	1.3353e-16
1.8479e+14	1.915e-17	1.0958e-16
1.8501e+14	4.2538e-17	8.6265e-17
1.8522e+14	3.5133e-17	9.0107e-17
1.8543e+14	6.3952e-18	1.1385e-16
1.8564e+14	-4.423e-18	1.2664e-16
1.8585e+14	1.7734e-17	1.1425e-16
1.8606e+14	4.3013e-17	9.5865e-17
1.8627e+14	3.7636e-17	9.657e-17
1.8648e+14	1.0032e-17	1.139e-16
1.8669e+14	-1.2307e-18	1.2308e-16
1.8691e+14	1.9289e-17	1.1189e-16
1.8712e+14	4.2976e-17	9.6694e-17
1.8733e+14	3.7068e-17	9.8694e-17
1.8754e+14	9.9053e-18	1.1418e-16
1.8775e+14	-9.2637e-19	1.2013e-16
1.8796e+14	1.918e-17	1.0694e-16
1.8817e+14	4.172e-17	9.2715e-17
1.8838e+14	3.4817e-17	9.927e-17
1.886e+14	7.688e-18	1.2239e-16
1.8881e+14	-1.8433e-18	1.3665e-16
1.8902e+14	2.0369e-17	1.2797e-16
1.8923e+14	4.4922e-17	1.1018e-16
1.8944e+14	3.8945e-17	1.0491e-16
1.8965e+14	1.0983e-17	1.1352e-16
1.8986e+14	-1.0171e-18	1.1876e-16
1.9007e+14	1.8158e-17	1.1129e-16
1.9029e+14	4.0557e-17	1.026e-16
1.905e+14	3.4156e-17	1.0686e-16
1.9071e+14	7.1955e-18	1.1881e-16
1.9092e+14	-3.4056e-18	1.1987e-16
1.9113e+14	1.6764e-17	1.0466e-16
1.9134e+14	3.969e-17	9.0315e-17
1.9155e+14	3.3707e-17	9.4714e-17
1.9176e+14	7.2284e-18	1.1291e-16
1.9197e+14	-2.9462e-18	1.2387e-16
1.9219e+14	1.7542e-17	1.1806e-16
1.924e+14	4.0902e-17	1.0834e-16
1.9261e+14	3.5665e-17	1.1014e-16
1.9282e+14	1.0014e-17	1.1974e-16
1.9303e+14	1.8414e-19	1.2095e-16
1.9324e+14	2.0189e-17	1.0993e-16
1.9345e+14	4.2485e-17	1.0206e-16
1.9366e+14	3.6213e-17	1.1023e-16
1.9388e+14	1.0006e-17	1.2496e-16
1.9409e+14	1.2344e-19	1.2551e-16
1.943e+14	2.032e-17	1.0803e-16
1.9451e+14	4.2723e-17	9.1994e-17
1.9472e+14	3.612e-17	9.4871e-17
1.9493e+14	8.8514e-18	1.0885e-16
1.9514e+14	-2.7295e-18	1.1164e-16
1.9535e+14	1.5865e-17	9.73e-17
1.9556e+14	3.7831e-17	8.5426e-17
1.9578e+14	3.2535e-17	9.5405e-17
1.9599e+14	7.7974e-18	1.1977e-16
1.962e+14	-1.3737e-18	1.321e-16
1.9641e+14	1.8308e-17	1.1925e-16
1.9662e+14	3.9742e-17	9.6076e-17
1.9683e+14	3.2892e-17	8.5227e-17
1.9704e+14	6.5056e-18	9.0249e-17
1.9725e+14	-3.6123e-18	9.6661e-17
1.9747e+14	1.6319e-17	9.5525e-17
1.9768e+14	3.9265e-17	9.4839e-17
1.9789e+14	3.4616e-17	1.0417e-16
1.981e+14	9.9952e-18	1.171e-16
1.9831e+14	1.5944e-19	1.1845e-16
1.9852e+14	1.8732e-17	1.0631e-16
1.9873e+14	3.9587e-17	9.6388e-17
1.9894e+14	3.3369e-17	1.0069e-16
1.9916e+14	8.3388e-18	1.1003e-16
1.9937e+14	-1.0098e-18	1.0622e-16
1.9958e+14	1.83e-17	8.8644e-17
1.9979e+14	3.9746e-17	7.7991e-17
2e+14	3.3934e-17	8.9946e-17
