#Error on normalization	O = 1.864 %	H = 2.920 %
#Frequence (s-1)	S_O (s)	S_H (s)
0	-1.0649e-15	2.299e-15
1.9194e+11	7.0894e-16	2.4961e-15
3.8388e+11	4.4489e-15	3.0579e-15
5.7582e+11	7.2516e-15	3.8596e-15
7.6775e+11	8.1663e-15	4.6755e-15
9.5969e+11	9.0207e-15	5.3259e-15
1.1516e+12	1.2128e-14	5.8518e-15
1.3436e+12	1.7963e-14	6.4662e-15
1.5355e+12	2.5428e-14	7.2874e-15
1.7274e+12	3.3592e-14	8.1731e-15
1.9194e+12	4.2138e-14	8.886e-15
2.1113e+12	5.016e-14	9.3901e-15
2.3033e+12	5.5822e-14	9.8925e-15
2.4952e+12	5.8257e-14	1.0572e-14
2.6871e+12	5.9325e-14	1.1352e-14
2.8791e+12	6.2129e-14	1.2007e-14
3.071e+12	6.7186e-14	1.2412e-14
3.263e+12	7.1023e-14	1.2598e-14
3.4549e+12	6.9826e-14	1.259e-14
3.6468e+12	6.4486e-14	1.2369e-14
3.8388e+12	6.0768e-14	1.2062e-14
4.0307e+12	6.3501e-14	1.2036e-14
4.2226e+12	7.1029e-14	1.2561e-14
4.4146e+12	7.6608e-14	1.339e-14
4.6065e+12	7.5637e-14	1.3882e-14
4.7985e+12	7.0618e-14	1.3733e-14
4.9904e+12	6.8046e-14	1.346e-14
5.1823e+12	7.082e-14	1.3883e-14
5.3743e+12	7.505e-14	1.5074e-14
5.5662e+12	7.5065e-14	1.6073e-14
5.7582e+12	7.0695e-14	1.5909e-14
5.9501e+12	6.81e-14	1.4832e-14
6.142e+12	7.2868e-14	1.4184e-14
6.334e+12	8.3111e-14	1.4892e-14
6.5259e+12	9.0443e-14	1.6295e-14
6.7179e+12	8.8e-14	1.6803e-14
6.9098e+12	7.7027e-14	1.5728e-14
7.1017e+12	6.548e-14	1.4147e-14
7.2937e+12	6.0705e-14	1.3734e-14
7.4856e+12	6.3875e-14	1.4887e-14
7.6775e+12	7.0886e-14	1.6356e-14
7.8695e+12	7.7235e-14	1.6756e-14
8.0614e+12	8.1249e-14	1.6136e-14
8.2534e+12	8.3327e-14	1.5769e-14
8.4453e+12	8.3738e-14	1.652e-14
8.6372e+12	8.2158e-14	1.7831e-14
8.8292e+12	7.8941e-14	1.845e-14
9.0211e+12	7.5616e-14	1.7901e-14
9.2131e+12	7.3504e-14	1.689e-14
9.405e+12	7.2197e-14	1.6344e-14
9.5969e+12	7.0118e-14	1.6436e-14
9.7889e+12	6.6747e-14	1.6751e-14
9.9808e+12	6.3795e-14	1.7102e-14
1.0173e+13	6.3644e-14	1.7736e-14
1.0365e+13	6.6575e-14	1.8675e-14
1.0557e+13	6.995e-14	1.9284e-14
1.0749e+13	7.0504e-14	1.8897e-14
1.094e+13	6.747e-14	1.7787e-14
1.1132e+13	6.3245e-14	1.7094e-14
1.1324e+13	6.0851e-14	1.7584e-14
1.1516e+13	6.0841e-14	1.8698e-14
1.1708e+13	6.0869e-14	1.9144e-14
1.19e+13	5.8325e-14	1.8444e-14
1.2092e+13	5.3247e-14	1.755e-14
1.2284e+13	4.8488e-14	1.773e-14
1.2476e+13	4.6982e-14	1.9006e-14
1.2668e+13	4.8902e-14	2.0024e-14
1.286e+13	5.1474e-14	1.9541e-14
1.3052e+13	5.1461e-14	1.7827e-14
1.3244e+13	4.7783e-14	1.6387e-14
1.3436e+13	4.1958e-14	1.64e-14
1.3628e+13	3.6445e-14	1.7638e-14
1.382e+13	3.2799e-14	1.8943e-14
1.4012e+13	3.1163e-14	1.9487e-14
1.4203e+13	3.0832e-14	1.9365e-14
1.4395e+13	3.0822e-14	1.9064e-14
1.4587e+13	3.0072e-14	1.8733e-14
1.4779e+13	2.7793e-14	1.8194e-14
1.4971e+13	2.4163e-14	1.7524e-14
1.5163e+13	2.0614e-14	1.7274e-14
1.5355e+13	1.8896e-14	1.7928e-14
1.5547e+13	1.9502e-14	1.9234e-14
1.5739e+13	2.1064e-14	2.0245e-14
1.5931e+13	2.1569e-14	2.0136e-14
1.6123e+13	2.0238e-14	1.8973e-14
1.6315e+13	1.8104e-14	1.7665e-14
1.6507e+13	1.6716e-14	1.7167e-14
1.6699e+13	1.6512e-14	1.7686e-14
1.6891e+13	1.6616e-14	1.8569e-14
1.7083e+13	1.6073e-14	1.8919e-14
1.7274e+13	1.4878e-14	1.8382e-14
1.7466e+13	1.367e-14	1.743e-14
1.7658e+13	1.2727e-14	1.6924e-14
1.785e+13	1.1694e-14	1.7319e-14
1.8042e+13	1.0328e-14	1.8243e-14
1.8234e+13	9.0785e-15	1.8841e-14
1.8426e+13	8.5962e-15	1.8608e-14
1.8618e+13	8.7873e-15	1.7874e-14
1.881e+13	8.7687e-15	1.7443e-14
1.9002e+13	7.9271e-15	1.7752e-14
1.9194e+13	6.7626e-15	1.8444e-14
1.9386e+13	6.354e-15	1.8787e-14
1.9578e+13	7.0221e-15	1.8472e-14
1.977e+13	7.8546e-15	1.7886e-14
1.9962e+13	7.7352e-15	1.7608e-14
2.0154e+13	6.651e-15	1.7777e-14
2.0345e+13	5.681e-15	1.8024e-14
2.0537e+13	5.699e-15	1.7966e-14
2.0729e+13	6.3832e-15	1.7595e-14
2.0921e+13	6.6971e-15	1.7136e-14
2.1113e+13	6.167e-15	1.6699e-14
2.1305e+13	5.3668e-15	1.6255e-14
2.1497e+13	5.0945e-15	1.5927e-14
2.1689e+13	5.3558e-15	1.6066e-14
2.1881e+13	5.419e-15	1.6843e-14
2.2073e+13	4.7913e-15	1.7827e-14
2.2265e+13	3.8533e-15	1.8206e-14
2.2457e+13	3.4046e-15	1.7567e-14
2.2649e+13	3.7458e-15	1.64e-14
2.2841e+13	4.4011e-15	1.5669e-14
2.3033e+13	4.7028e-15	1.5838e-14
2.3225e+13	4.452e-15	1.6419e-14
2.3417e+13	3.9472e-15	1.6538e-14
2.3608e+13	3.541e-15	1.5888e-14
2.38e+13	3.3492e-15	1.5036e-14
2.3992e+13	3.3318e-15	1.4766e-14
2.4184e+13	3.4331e-15	1.5227e-14
2.4376e+13	3.5423e-15	1.5799e-14
2.4568e+13	3.4595e-15	1.5748e-14
2.476e+13	3.0894e-15	1.4949e-14
2.4952e+13	2.6579e-15	1.3953e-14
2.5144e+13	2.5621e-15	1.3445e-14
2.5336e+13	2.9137e-15	1.3671e-14
2.5528e+13	3.3303e-15	1.4313e-14
2.572e+13	3.3172e-15	1.4802e-14
2.5912e+13	2.8367e-15	1.4745e-14
2.6104e+13	2.3633e-15	1.416e-14
2.6296e+13	2.3214e-15	1.3432e-14
2.6488e+13	2.5849e-15	1.3029e-14
2.6679e+13	2.6547e-15	1.3146e-14
2.6871e+13	2.2884e-15	1.3541e-14
2.7063e+13	1.799e-15	1.3735e-14
2.7255e+13	1.6662e-15	1.3456e-14
2.7447e+13	1.9659e-15	1.2916e-14
2.7639e+13	2.3119e-15	1.2604e-14
2.7831e+13	2.3331e-15	1.2755e-14
2.8023e+13	2.0667e-15	1.3056e-14
2.8215e+13	1.8233e-15	1.2935e-14
2.8407e+13	1.7761e-15	1.2196e-14
2.8599e+13	1.8165e-15	1.1329e-14
2.8791e+13	1.7891e-15	1.1104e-14
2.8983e+13	1.7193e-15	1.1812e-14
2.9175e+13	1.7294e-15	1.292e-14
2.9367e+13	1.8159e-15	1.3506e-14
2.9559e+13	1.8394e-15	1.3104e-14
2.975e+13	1.7378e-15	1.2114e-14
2.9942e+13	1.6335e-15	1.1403e-14
3.0134e+13	1.6643e-15	1.1477e-14
3.0326e+13	1.7752e-15	1.2055e-14
3.0518e+13	1.7784e-15	1.2411e-14
3.071e+13	1.6103e-15	1.212e-14
3.0902e+13	1.4291e-15	1.1425e-14
3.1094e+13	1.4084e-15	1.0908e-14
3.1286e+13	1.5073e-15	1.0857e-14
3.1478e+13	1.5319e-15	1.1023e-14
3.167e+13	1.4063e-15	1.0974e-14
3.1862e+13	1.2798e-15	1.0618e-14
3.2054e+13	1.3223e-15	1.0282e-14
3.2246e+13	1.488e-15	1.0304e-14
3.2438e+13	1.5684e-15	1.0639e-14
3.263e+13	1.4609e-15	1.0922e-14
3.2821e+13	1.2905e-15	1.0891e-14
3.3013e+13	1.2305e-15	1.0641e-14
3.3205e+13	1.2791e-15	1.0437e-14
3.3397e+13	1.2939e-15	1.0357e-14
3.3589e+13	1.2167e-15	1.0232e-14
3.3781e+13	1.16e-15	9.936e-15
3.3973e+13	1.2335e-15	9.6241e-15
3.4165e+13	1.3638e-15	9.5876e-15
3.4357e+13	1.3752e-15	9.8865e-15
3.4549e+13	1.2311e-15	1.0225e-14
3.4741e+13	1.1002e-15	1.0243e-14
3.4933e+13	1.1436e-15	9.8823e-15
3.5125e+13	1.3059e-15	9.4315e-15
3.5317e+13	1.3911e-15	9.2127e-15
3.5509e+13	1.3197e-15	9.3e-15
3.5701e+13	1.2166e-15	9.5329e-15
3.5893e+13	1.219e-15	9.7198e-15
3.6084e+13	1.2788e-15	9.7611e-15
3.6276e+13	1.2386e-15	9.6287e-15
3.6468e+13	1.073e-15	9.3506e-15
3.666e+13	9.5002e-16	9.0579e-15
3.6852e+13	1.0123e-15	8.9511e-15
3.7044e+13	1.1715e-15	9.103e-15
3.7236e+13	1.2086e-15	9.3054e-15
3.7428e+13	1.059e-15	9.229e-15
3.762e+13	9.0417e-16	8.8059e-15
3.7812e+13	9.3956e-16	8.3833e-15
3.8004e+13	1.1206e-15	8.3832e-15
3.8196e+13	1.2219e-15	8.8034e-15
3.8388e+13	1.1302e-15	9.1642e-15
3.858e+13	9.8543e-16	9.0284e-15
3.8772e+13	9.907e-16	8.5167e-15
3.8964e+13	1.1494e-15	8.197e-15
3.9155e+13	1.2744e-15	8.4476e-15
3.9347e+13	1.2421e-15	9.0311e-15
3.9539e+13	1.146e-15	9.3734e-15
3.9731e+13	1.1533e-15	9.202e-15
3.9923e+13	1.2723e-15	8.7963e-15
4.0115e+13	1.3456e-15	8.6047e-15
4.0307e+13	1.2671e-15	8.7454e-15
4.0499e+13	1.1228e-15	8.9802e-15
4.0691e+13	1.0706e-15	9.1062e-15
4.0883e+13	1.1378e-15	9.2075e-15
4.1075e+13	1.2086e-15	9.4687e-15
4.1267e+13	1.2041e-15	9.8695e-15
4.1459e+13	1.1888e-15	1.0206e-14
4.1651e+13	1.2586e-15	1.0382e-14
4.1843e+13	1.3798e-15	1.0523e-14
4.2035e+13	1.4172e-15	1.0722e-14
4.2226e+13	1.3203e-15	1.0794e-14
4.2418e+13	1.2022e-15	1.0456e-14
4.261e+13	1.1921e-15	9.759e-15
4.2802e+13	1.2598e-15	9.1894e-15
4.2994e+13	1.2585e-15	9.2059e-15
4.3186e+13	1.1383e-15	9.7214e-15
4.3378e+13	1.0369e-15	1.0184e-14
4.357e+13	1.1127e-15	1.0205e-14
4.3762e+13	1.3298e-15	9.9934e-15
4.3954e+13	1.4821e-15	1.0065e-14
4.4146e+13	1.4333e-15	1.0571e-14
4.4338e+13	1.273e-15	1.1078e-14
4.453e+13	1.1944e-15	1.1066e-14
4.4722e+13	1.2601e-15	1.0562e-14
4.4914e+13	1.3494e-15	1.0146e-14
4.5106e+13	1.3344e-15	1.0337e-14
4.5298e+13	1.2394e-15	1.1059e-14
4.5489e+13	1.1879e-15	1.1763e-14
4.5681e+13	1.233e-15	1.2002e-14
4.5873e+13	1.3068e-15	1.1804e-14
4.6065e+13	1.3376e-15	1.1533e-14
4.6257e+13	1.3539e-15	1.1491e-14
4.6449e+13	1.4263e-15	1.1711e-14
4.6641e+13	1.5393e-15	1.2025e-14
4.6833e+13	1.5819e-15	1.2213e-14
4.7025e+13	1.4808e-15	1.2098e-14
4.7217e+13	1.2982e-15	1.1632e-14
4.7409e+13	1.1666e-15	1.099e-14
4.7601e+13	1.1486e-15	1.0515e-14
4.7793e+13	1.1974e-15	1.0457e-14
4.7985e+13	1.2438e-15	1.0721e-14
4.8177e+13	1.2735e-15	1.0944e-14
4.8369e+13	1.2986e-15	1.0877e-14
4.856e+13	1.2965e-15	1.0648e-14
4.8752e+13	1.2298e-15	1.0555e-14
4.8944e+13	1.1228e-15	1.064e-14
4.9136e+13	1.0627e-15	1.0577e-14
4.9328e+13	1.0965e-15	1.0055e-14
4.952e+13	1.1568e-15	9.2177e-15
4.9712e+13	1.1323e-15	8.5792e-15
4.9904e+13	1.0103e-15	8.4894e-15
5.0096e+13	9.0313e-16	8.7614e-15
5.0288e+13	9.1629e-16	8.9112e-15
5.048e+13	1.0215e-15	8.713e-15
5.0672e+13	1.0957e-15	8.4005e-15
5.0864e+13	1.07e-15	8.2957e-15
5.1056e+13	9.9511e-16	8.36e-15
5.1248e+13	9.4803e-16	8.2397e-15
5.144e+13	9.232e-16	7.7391e-15
5.1631e+13	8.5833e-16	7.1094e-15
5.1823e+13	7.4959e-16	6.778e-15
5.2015e+13	6.8087e-16	6.8478e-15
5.2207e+13	7.1508e-16	6.9826e-15
5.2399e+13	7.9697e-16	6.811e-15
5.2591e+13	8.1148e-16	6.3502e-15
5.2783e+13	7.2977e-16	5.9446e-15
5.2975e+13	6.4794e-16	5.8267e-15
5.3167e+13	6.6162e-16	5.8522e-15
5.3359e+13	7.4025e-16	5.719e-15
5.3551e+13	7.6753e-16	5.3661e-15
5.3743e+13	6.9312e-16	5.0492e-15
5.3935e+13	5.9383e-16	5.0096e-15
5.4127e+13	5.6742e-16	5.1588e-15
5.4319e+13	6.0638e-16	5.17e-15
5.4511e+13	6.1946e-16	4.8606e-15
5.4702e+13	5.6325e-16	4.4088e-15
5.4894e+13	4.9913e-16	4.1515e-15
5.5086e+13	5.0095e-16	4.2121e-15
5.5278e+13	5.4764e-16	4.3805e-15
5.547e+13	5.5274e-16	4.3646e-15
5.5662e+13	4.8841e-16	4.1078e-15
5.5854e+13	4.2753e-16	3.8277e-15
5.6046e+13	4.4237e-16	3.7585e-15
5.6238e+13	5.0059e-16	3.9013e-15
5.643e+13	5.0678e-16	4.0408e-15
5.6622e+13	4.3629e-16	3.984e-15
5.6814e+13	3.7621e-16	3.7511e-15
5.7006e+13	4.1138e-16	3.5326e-15
5.7198e+13	5.0602e-16	3.482e-15
5.739e+13	5.4285e-16	3.568e-15
5.7582e+13	4.7177e-16	3.6267e-15
5.7774e+13	3.7279e-16	3.5384e-15
5.7965e+13	3.5145e-16	3.3412e-15
5.8157e+13	4.0655e-16	3.1736e-15
5.8349e+13	4.4203e-16	3.1201e-15
5.8541e+13	3.9952e-16	3.1274e-15
5.8733e+13	3.3129e-16	3.0745e-15
5.8925e+13	3.2194e-16	2.9136e-15
5.9117e+13	3.729e-16	2.7242e-15
5.9309e+13	4.0609e-16	2.6234e-15
5.9501e+13	3.7386e-16	2.635e-15
5.9693e+13	3.1976e-16	2.6665e-15
5.9885e+13	3.1102e-16	2.619e-15
6.0077e+13	3.4401e-16	2.5031e-15
6.0269e+13	3.5595e-16	2.4272e-15
6.0461e+13	3.2109e-16	2.4695e-15
6.0653e+13	2.9041e-16	2.5807e-15
6.0845e+13	3.1661e-16	2.6282e-15
6.1036e+13	3.7228e-16	2.5343e-15
6.1228e+13	3.8099e-16	2.359e-15
6.142e+13	3.2239e-16	2.2405e-15
6.1612e+13	2.6503e-16	2.2624e-15
6.1804e+13	2.7788e-16	2.3826e-15
6.1996e+13	3.3933e-16	2.4857e-15
6.2188e+13	3.6775e-16	2.492e-15
6.238e+13	3.3129e-16	2.4144e-15
6.2572e+13	2.8648e-16	2.3249e-15
6.2764e+13	2.9495e-16	2.2798e-15
6.2956e+13	3.3626e-16	2.2763e-15
6.3148e+13	3.3852e-16	2.2709e-15
6.334e+13	2.8315e-16	2.229e-15
6.3532e+13	2.3574e-16	2.1609e-15
6.3724e+13	2.5775e-16	2.1126e-15
6.3916e+13	3.2064e-16	2.1222e-15
6.4107e+13	3.4265e-16	2.1799e-15
6.4299e+13	2.993e-16	2.2318e-15
6.4491e+13	2.5557e-16	2.2304e-15
6.4683e+13	2.7513e-16	2.1829e-15
6.4875e+13	3.3152e-16	2.1453e-15
6.5067e+13	3.4427e-16	2.1604e-15
6.5259e+13	2.9016e-16	2.2032e-15
6.5451e+13	2.3588e-16	2.1983e-15
6.5643e+13	2.4623e-16	2.0996e-15
6.5835e+13	2.9474e-16	1.9482e-15
6.6027e+13	3.0089e-16	1.8439e-15
6.6219e+13	2.438e-16	1.8538e-15
6.6411e+13	1.9515e-16	1.9526e-15
6.6603e+13	2.2371e-16	2.055e-15
6.6795e+13	3.0044e-16	2.1034e-15
6.6987e+13	3.3405e-16	2.1134e-15
6.7179e+13	2.9031e-16	2.1352e-15
6.737e+13	2.3448e-16	2.1779e-15
6.7562e+13	2.4117e-16	2.1897e-15
6.7754e+13	2.9529e-16	2.1165e-15
6.7946e+13	3.1739e-16	1.9753e-15
6.8138e+13	2.7513e-16	1.8554e-15
6.833e+13	2.2651e-16	1.8375e-15
6.8522e+13	2.3691e-16	1.9114e-15
6.8714e+13	2.8645e-16	1.9818e-15
6.8906e+13	2.9667e-16	1.9623e-15
6.9098e+13	2.3983e-16	1.8642e-15
6.929e+13	1.8027e-16	1.7874e-15
6.9482e+13	1.9034e-16	1.8204e-15
6.9674e+13	2.5517e-16	1.9526e-15
6.9866e+13	2.951e-16	2.0903e-15
7.0058e+13	2.7302e-16	2.1536e-15
7.025e+13	2.3965e-16	2.1463e-15
7.0441e+13	2.5727e-16	2.1267e-15
7.0633e+13	3.0982e-16	2.1245e-15
7.0825e+13	3.2359e-16	2.1074e-15
7.1017e+13	2.6901e-16	2.036e-15
7.1209e+13	2.0288e-16	1.9326e-15
7.1401e+13	1.941e-16	1.8707e-15
7.1593e+13	2.3594e-16	1.8961e-15
7.1785e+13	2.6368e-16	1.9756e-15
7.1977e+13	2.4856e-16	2.0384e-15
7.2169e+13	2.3513e-16	2.0576e-15
7.2361e+13	2.7123e-16	2.0713e-15
7.2553e+13	3.3189e-16	2.123e-15
7.2745e+13	3.4719e-16	2.2032e-15
7.2937e+13	2.9775e-16	2.2648e-15
7.3129e+13	2.4471e-16	2.2828e-15
7.3321e+13	2.501e-16	2.2735e-15
7.3512e+13	2.9559e-16	2.2558e-15
7.3704e+13	3.1115e-16	2.2215e-15
7.3896e+13	2.7386e-16	2.1651e-15
7.4088e+13	2.4e-16	2.1246e-15
7.428e+13	2.652e-16	2.1516e-15
7.4472e+13	3.2334e-16	2.2328e-15
7.4664e+13	3.3786e-16	2.2743e-15
7.4856e+13	2.8514e-16	2.2019e-15
7.5048e+13	2.2843e-16	2.0691e-15
7.524e+13	2.3461e-16	2.0224e-15
7.5432e+13	2.8565e-16	2.1396e-15
7.5624e+13	3.0505e-16	2.3272e-15
7.5816e+13	2.6305e-16	2.4173e-15
7.6008e+13	2.1749e-16	2.3609e-15
7.62e+13	2.3493e-16	2.2835e-15
7.6392e+13	2.9991e-16	2.3276e-15
7.6583e+13	3.3553e-16	2.4745e-15
7.6775e+13	3.0679e-16	2.5662e-15
7.6967e+13	2.6605e-16	2.5026e-15
7.7159e+13	2.7989e-16	2.363e-15
7.7351e+13	3.3825e-16	2.3011e-15
7.7543e+13	3.6882e-16	2.3514e-15
7.7735e+13	3.3569e-16	2.3994e-15
7.7927e+13	2.8713e-16	2.3486e-15
7.8119e+13	2.8886e-16	2.262e-15
7.8311e+13	3.3526e-16	2.2844e-15
7.8503e+13	3.5893e-16	2.4493e-15
7.8695e+13	3.2368e-16	2.6235e-15
7.8887e+13	2.736e-16	2.6675e-15
7.9079e+13	2.7304e-16	2.6032e-15
7.9271e+13	3.2098e-16	2.571e-15
7.9463e+13	3.5507e-16	2.6389e-15
7.9655e+13	3.3628e-16	2.718e-15
7.9846e+13	2.9761e-16	2.6937e-15
8.0038e+13	2.9412e-16	2.5909e-15
8.023e+13	3.274e-16	2.5498e-15
8.0422e+13	3.4855e-16	2.6452e-15
8.0614e+13	3.3113e-16	2.7957e-15
8.0806e+13	3.0955e-16	2.8814e-15
8.0998e+13	3.2981e-16	2.9051e-15
8.119e+13	3.8311e-16	2.9693e-15
8.1382e+13	4.1517e-16	3.102e-15
8.1574e+13	3.976e-16	3.1832e-15
8.1766e+13	3.6227e-16	3.0944e-15
8.1958e+13	3.5368e-16	2.9034e-15
8.215e+13	3.6934e-16	2.8195e-15
8.2342e+13	3.7159e-16	2.9508e-15
8.2534e+13	3.5028e-16	3.1648e-15
8.2726e+13	3.427e-16	3.2436e-15
8.2917e+13	3.7856e-16	3.147e-15
8.3109e+13	4.2816e-16	3.0541e-15
8.3301e+13	4.3203e-16	3.1309e-15
8.3493e+13	3.7848e-16	3.3217e-15
8.3685e+13	3.2479e-16	3.4278e-15
8.3877e+13	3.3005e-16	3.365e-15
8.4069e+13	3.8516e-16	3.2626e-15
8.4261e+13	4.2956e-16	3.2831e-15
8.4453e+13	4.2845e-16	3.4049e-15
8.4645e+13	4.0763e-16	3.4541e-15
8.4837e+13	4.0628e-16	3.3379e-15
8.5029e+13	4.2052e-16	3.1735e-15
8.5221e+13	4.1678e-16	3.1514e-15
8.5413e+13	3.9026e-16	3.3166e-15
8.5605e+13	3.7933e-16	3.5432e-15
8.5797e+13	4.1178e-16	3.708e-15
8.5988e+13	4.5989e-16	3.8159e-15
8.618e+13	4.7247e-16	3.93e-15
8.6372e+13	4.4415e-16	4.0413e-15
8.6564e+13	4.2631e-16	4.0881e-15
8.6756e+13	4.6154e-16	4.0905e-15
8.6948e+13	5.2851e-16	4.1774e-15
8.714e+13	5.7047e-16	4.4218e-15
8.7332e+13	5.6644e-16	4.6958e-15
8.7524e+13	5.4795e-16	4.7722e-15
8.7716e+13	5.4397e-16	4.586e-15
8.7908e+13	5.3864e-16	4.3307e-15
8.81e+13	5.0571e-16	4.2491e-15
8.8292e+13	4.6788e-16	4.3692e-15
8.8484e+13	4.8517e-16	4.5164e-15
8.8676e+13	5.7403e-16	4.5789e-15
8.8868e+13	6.6577e-16	4.6656e-15
8.906e+13	6.7437e-16	4.9302e-15
8.9251e+13	5.9885e-16	5.2885e-15
8.9443e+13	5.2956e-16	5.4288e-15
8.9635e+13	5.4385e-16	5.1618e-15
8.9827e+13	6.187e-16	4.7024e-15
9.0019e+13	6.6852e-16	4.5118e-15
9.0211e+13	6.5599e-16	4.8352e-15
9.0403e+13	6.3279e-16	5.4431e-15
9.0595e+13	6.6226e-16	5.8599e-15
9.0787e+13	7.3061e-16	5.8217e-15
9.0979e+13	7.642e-16	5.4806e-15
9.1171e+13	7.2682e-16	5.1953e-15
9.1363e+13	6.669e-16	5.1968e-15
9.1555e+13	6.5429e-16	5.4672e-15
9.1747e+13	6.9287e-16	5.8601e-15
9.1939e+13	7.2307e-16	6.2385e-15
9.2131e+13	7.0606e-16	6.4996e-15
9.2322e+13	6.7612e-16	6.5688e-15
9.2514e+13	6.9548e-16	6.4576e-15
9.2706e+13	7.7492e-16	6.3082e-15
9.2898e+13	8.6183e-16	6.3002e-15
9.309e+13	9.0193e-16	6.471e-15
9.3282e+13	8.8971e-16	6.6637e-15
9.3474e+13	8.5182e-16	6.6977e-15
9.3666e+13	8.0476e-16	6.5768e-15
9.3858e+13	7.5253e-16	6.4891e-15
9.405e+13	7.1738e-16	6.5965e-15
9.4242e+13	7.397e-16	6.8716e-15
9.4434e+13	8.2959e-16	7.1648e-15
9.4626e+13	9.3266e-16	7.3868e-15
9.4818e+13	9.6834e-16	7.5578e-15
9.501e+13	9.0716e-16	7.6829e-15
9.5202e+13	7.9892e-16	7.6703e-15
9.5393e+13	7.2132e-16	7.4495e-15
9.5585e+13	7.1221e-16	7.1479e-15
9.5777e+13	7.5709e-16	7.053e-15
9.5969e+13	8.255e-16	7.3365e-15
9.6161e+13	8.973e-16	7.8471e-15
9.6353e+13	9.5631e-16	8.2424e-15
9.6545e+13	9.8577e-16	8.3442e-15
9.6737e+13	9.8836e-16	8.3152e-15
9.6929e+13	9.9691e-16	8.4505e-15
9.7121e+13	1.0396e-15	8.822e-15
9.7313e+13	1.0931e-15	9.185e-15
9.7505e+13	1.0957e-15	9.2519e-15
9.7697e+13	1.0224e-15	9.0122e-15
9.7889e+13	9.3206e-16	8.7401e-15
9.8081e+13	9.1307e-16	8.6981e-15
9.8273e+13	9.7955e-16	8.8786e-15
9.8464e+13	1.049e-15	9.0575e-15
9.8656e+13	1.0395e-15	9.0733e-15
9.8848e+13	9.7327e-16	9.0136e-15
9.904e+13	9.5525e-16	9.1209e-15
9.9232e+13	1.0459e-15	9.5324e-15
9.9424e+13	1.1829e-15	1.0121e-14
9.9616e+13	1.2468e-15	1.0581e-14
9.9808e+13	1.1927e-15	1.0665e-14
1e+14	1.0904e-15	1.0382e-14
1.0019e+14	1.0381e-15	9.9896e-15
1.0038e+14	1.0628e-15	9.7987e-15
1.0058e+14	1.1224e-15	9.9454e-15
1.0077e+14	1.1794e-15	1.0301e-14
1.0096e+14	1.2391e-15	1.0604e-14
1.0115e+14	1.3104e-15	1.0704e-14
1.0134e+14	1.3656e-15	1.0684e-14
1.0154e+14	1.3673e-15	1.0737e-14
1.0173e+14	1.3225e-15	1.0932e-14
1.0192e+14	1.2813e-15	1.1124e-14
1.0211e+14	1.2753e-15	1.1126e-14
1.023e+14	1.284e-15	1.0953e-14
1.025e+14	1.2777e-15	1.083e-14
1.0269e+14	1.2739e-15	1.0927e-14
1.0288e+14	1.3156e-15	1.1119e-14
1.0307e+14	1.3953e-15	1.1092e-14
1.0326e+14	1.436e-15	1.0727e-14
1.0345e+14	1.3761e-15	1.0342e-14
1.0365e+14	1.2573e-15	1.0462e-14
1.0384e+14	1.1914e-15	1.1282e-14
1.0403e+14	1.2318e-15	1.2384e-14
1.0422e+14	1.3088e-15	1.3026e-14
1.0441e+14	1.3166e-15	1.2776e-14
1.0461e+14	1.2466e-15	1.1872e-14
1.048e+14	1.1982e-15	1.0978e-14
1.0499e+14	1.2502e-15	1.0581e-14
1.0518e+14	1.3552e-15	1.0637e-14
1.0537e+14	1.3933e-15	1.075e-14
1.0557e+14	1.3153e-15	1.0645e-14
1.0576e+14	1.1996e-15	1.0426e-14
1.0595e+14	1.1562e-15	1.0408e-14
1.0614e+14	1.206e-15	1.0749e-14
1.0633e+14	1.2775e-15	1.1275e-14
1.0653e+14	1.3057e-15	1.1642e-14
1.0672e+14	1.2933e-15	1.1621e-14
1.0691e+14	1.27e-15	1.1231e-14
1.071e+14	1.2338e-15	1.0674e-14
1.0729e+14	1.1696e-15	1.0181e-14
1.0749e+14	1.1088e-15	9.9169e-15
1.0768e+14	1.1182e-15	9.9427e-15
1.0787e+14	1.2066e-15	1.0183e-14
1.0806e+14	1.2783e-15	1.0436e-14
1.0825e+14	1.2262e-15	1.048e-14
1.0845e+14	1.072e-15	1.0235e-14
1.0864e+14	9.6909e-16	9.834e-15
1.0883e+14	1.0357e-15	9.4832e-15
1.0902e+14	1.2035e-15	9.2557e-15
1.0921e+14	1.2731e-15	9.0299e-15
1.094e+14	1.1293e-15	8.6637e-15
1.096e+14	8.7323e-16	8.2011e-15
1.0979e+14	7.1725e-16	7.8523e-15
1.0998e+14	7.6232e-16	7.7458e-15
1.1017e+14	9.0588e-16	7.7438e-15
1.1036e+14	9.707e-16	7.5686e-15
1.1056e+14	8.9452e-16	7.1278e-15
1.1075e+14	7.7248e-16	6.6615e-15
1.1094e+14	7.3001e-16	6.5101e-15
1.1113e+14	7.8734e-16	6.7336e-15
1.1132e+14	8.5608e-16	7.0117e-15
1.1152e+14	8.4417e-16	6.9554e-15
1.1171e+14	7.428e-16	6.5023e-15
1.119e+14	6.2001e-16	5.9653e-15
1.1209e+14	5.5351e-16	5.6895e-15
1.1228e+14	5.7296e-16	5.7014e-15
1.1248e+14	6.4565e-16	5.7224e-15
1.1267e+14	7.013e-16	5.5006e-15
1.1286e+14	6.8206e-16	5.0748e-15
1.1305e+14	5.9131e-16	4.6956e-15
1.1324e+14	4.9763e-16	4.5311e-15
1.1344e+14	4.7339e-16	4.5017e-15
1.1363e+14	5.1778e-16	4.4035e-15
1.1382e+14	5.5167e-16	4.1473e-15
1.1401e+14	5.0426e-16	3.8438e-15
1.142e+14	4.0009e-16	3.6718e-15
1.144e+14	3.3913e-16	3.7024e-15
1.1459e+14	3.8326e-16	3.8543e-15
1.1478e+14	4.8041e-16	3.9845e-15
1.1497e+14	5.2033e-16	3.9914e-15
1.1516e+14	4.5908e-16	3.85e-15
1.1536e+14	3.6404e-16	3.5961e-15
1.1555e+14	3.2831e-16	3.3019e-15
1.1574e+14	3.6214e-16	3.0458e-15
1.1593e+14	3.9208e-16	2.8685e-15
1.1612e+14	3.5974e-16	2.7471e-15
1.1631e+14	2.9119e-16	2.6266e-15
1.1651e+14	2.5521e-16	2.4874e-15
1.167e+14	2.7357e-16	2.3731e-15
1.1689e+14	3.0055e-16	2.3409e-15
1.1708e+14	2.8987e-16	2.389e-15
1.1727e+14	2.5386e-16	2.4493e-15
1.1747e+14	2.396e-16	2.4521e-15
1.1766e+14	2.6214e-16	2.3861e-15
1.1785e+14	2.8708e-16	2.2892e-15
1.1804e+14	2.8049e-16	2.196e-15
1.1823e+14	2.5205e-16	2.1113e-15
1.1843e+14	2.3392e-16	2.0308e-15
1.1862e+14	2.3149e-16	1.9623e-15
1.1881e+14	2.1937e-16	1.9149e-15
1.19e+14	1.8654e-16	1.8785e-15
1.1919e+14	1.6168e-16	1.8359e-15
1.1939e+14	1.7714e-16	1.7902e-15
1.1958e+14	2.1943e-16	1.7602e-15
1.1977e+14	2.3835e-16	1.7396e-15
1.1996e+14	2.0826e-16	1.6846e-15
1.2015e+14	1.6191e-16	1.5643e-15
1.2035e+14	1.5062e-16	1.4208e-15
1.2054e+14	1.8156e-16	1.3472e-15
1.2073e+14	2.1229e-16	1.3877e-15
1.2092e+14	2.0637e-16	1.4757e-15
1.2111e+14	1.755e-16	1.4964e-15
1.2131e+14	1.5674e-16	1.4112e-15
1.215e+14	1.6155e-16	1.296e-15
1.2169e+14	1.667e-16	1.2467e-15
1.2188e+14	1.5364e-16	1.2673e-15
1.2207e+14	1.3647e-16	1.2785e-15
1.2226e+14	1.3916e-16	1.2301e-15
1.2246e+14	1.5768e-16	1.1669e-15
1.2265e+14	1.6312e-16	1.1599e-15
1.2284e+14	1.4195e-16	1.1982e-15
1.2303e+14	1.154e-16	1.1891e-15
1.2322e+14	1.0987e-16	1.0754e-15
1.2342e+14	1.2052e-16	9.2056e-16
1.2361e+14	1.2048e-16	8.4571e-16
1.238e+14	1.0218e-16	8.914e-16
1.2399e+14	9.0544e-17	9.7358e-16
1.2418e+14	1.0703e-16	9.864e-16
1.2438e+14	1.3489e-16	9.217e-16
1.2457e+14	1.3753e-16	8.6062e-16
1.2476e+14	1.079e-16	8.5979e-16
1.2495e+14	8.0607e-17	8.8287e-16
1.2514e+14	8.7179e-17	8.5904e-16
1.2534e+14	1.1354e-16	7.8181e-16
1.2553e+14	1.1833e-16	7.1636e-16
1.2572e+14	8.8628e-17	7.1163e-16
1.2591e+14	5.7844e-17	7.3798e-16
1.261e+14	6.1113e-17	7.3049e-16
1.263e+14	8.8519e-17	6.7477e-16
1.2649e+14	9.9605e-17	6.2075e-16
1.2668e+14	7.8934e-17	6.1179e-16
1.2687e+14	5.6447e-17	6.2902e-16
1.2706e+14	6.4962e-17	6.234e-16
1.2726e+14	9.3749e-17	5.8596e-16
1.2745e+14	1.025e-16	5.5788e-16
1.2764e+14	7.6722e-17	5.6948e-16
1.2783e+14	4.8243e-17	5.9484e-16
1.2802e+14	5.2173e-17	5.8538e-16
1.2821e+14	7.9182e-17	5.3537e-16
1.2841e+14	8.856e-17	4.8956e-16
1.286e+14	6.4196e-17	4.8372e-16
1.2879e+14	3.6683e-17	4.9991e-16
1.2898e+14	4.1322e-17	4.9579e-16
1.2917e+14	6.9779e-17	4.6467e-16
1.2937e+14	8.1727e-17	4.4262e-16
1.2956e+14	6.0207e-17	4.5443e-16
1.2975e+14	3.4565e-17	4.7551e-16
1.2994e+14	3.9671e-17	4.6429e-16
1.3013e+14	6.7843e-17	4.2146e-16
1.3033e+14	7.9622e-17	3.9362e-16
1.3052e+14	5.8288e-17	4.135e-16
1.3071e+14	3.2816e-17	4.55e-16
1.309e+14	3.7712e-17	4.6318e-16
1.3109e+14	6.5231e-17	4.2098e-16
1.3129e+14	7.5938e-17	3.6794e-16
1.3148e+14	5.311e-17	3.5023e-16
1.3167e+14	2.6028e-17	3.6841e-16
1.3186e+14	3.0015e-17	3.8618e-16
1.3205e+14	5.8044e-17	3.8021e-16
1.3225e+14	7.0332e-17	3.6284e-16
1.3244e+14	4.8725e-17	3.545e-16
1.3263e+14	2.1394e-17	3.5198e-16
1.3282e+14	2.43e-17	3.3749e-16
1.3301e+14	5.239e-17	3.1074e-16
1.3321e+14	6.7026e-17	2.9354e-16
1.334e+14	4.8716e-17	2.9937e-16
1.3359e+14	2.2761e-17	3.1268e-16
1.3378e+14	2.3562e-17	3.0932e-16
1.3397e+14	4.7605e-17	2.8988e-16
1.3417e+14	5.9574e-17	2.783e-16
1.3436e+14	4.1949e-17	2.8708e-16
1.3455e+14	1.889e-17	2.9835e-16
1.3474e+14	2.1871e-17	2.8831e-16
1.3493e+14	4.5548e-17	2.6103e-16
1.3512e+14	5.5379e-17	2.4398e-16
1.3532e+14	3.6152e-17	2.5074e-16
1.3551e+14	1.3657e-17	2.6301e-16
1.357e+14	1.9181e-17	2.5741e-16
1.3589e+14	4.5952e-17	2.3903e-16
1.3608e+14	5.7989e-17	2.3376e-16
1.3628e+14	3.929e-17	2.491e-16
1.3647e+14	1.5506e-17	2.5919e-16
1.3666e+14	1.8315e-17	2.3806e-16
1.3685e+14	4.1855e-17	1.9779e-16
1.3704e+14	5.1375e-17	1.7801e-16
1.3724e+14	3.1879e-17	1.9749e-16
1.3743e+14	9.2625e-18	2.2996e-16
1.3762e+14	1.464e-17	2.3624e-16
1.3781e+14	4.121e-17	2.1115e-16
1.38e+14	5.3344e-17	1.859e-16
1.382e+14	3.5372e-17	1.862e-16
1.3839e+14	1.27e-17	2.0248e-16
1.3858e+14	1.6228e-17	2.0815e-16
1.3877e+14	3.9464e-17	1.9631e-16
1.3896e+14	4.7788e-17	1.8461e-16
1.3916e+14	2.7085e-17	1.8632e-16
1.3935e+14	4.2682e-18	1.919e-16
1.3954e+14	1.0784e-17	1.8628e-16
1.3973e+14	3.9004e-17	1.734e-16
1.3992e+14	5.17e-17	1.7011e-16
1.4012e+14	3.2157e-17	1.7846e-16
1.4031e+14	6.6544e-18	1.7949e-16
1.405e+14	8.7252e-18	1.6098e-16
1.4069e+14	3.4059e-17	1.3997e-16
1.4088e+14	4.7234e-17	1.4377e-16
1.4107e+14	3.0301e-17	1.7141e-16
1.4127e+14	6.5276e-18	1.895e-16
1.4146e+14	7.6069e-18	1.7306e-16
1.4165e+14	3.0304e-17	1.3926e-16
1.4184e+14	4.2047e-17	1.2755e-16
1.4203e+14	2.6703e-17	1.4981e-16
1.4223e+14	6.6798e-18	1.7549e-16
1.4242e+14	1.1079e-17	1.7178e-16
1.4261e+14	3.4668e-17	1.455e-16
1.428e+14	4.4831e-17	1.3174e-16
1.4299e+14	2.6824e-17	1.4558e-16
1.4319e+14	4.5004e-18	1.6282e-16
1.4338e+14	7.6808e-18	1.5521e-16
1.4357e+14	3.1223e-17	1.3079e-16
1.4376e+14	4.2277e-17	1.2326e-16
1.4395e+14	2.56e-17	1.4434e-16
1.4415e+14	4.3501e-18	1.6515e-16
1.4434e+14	7.8481e-18	1.5376e-16
1.4453e+14	3.1028e-17	1.194e-16
1.4472e+14	4.1561e-17	1.0281e-16
1.4491e+14	2.4607e-17	1.2423e-16
1.4511e+14	3.2962e-18	1.5701e-16
1.453e+14	6.7683e-18	1.6165e-16
1.4549e+14	3.0032e-17	1.3509e-16
1.4568e+14	4.0994e-17	1.1146e-16
1.4587e+14	2.4735e-17	1.1612e-16
1.4607e+14	3.8386e-18	1.3538e-16
1.4626e+14	6.9727e-18	1.3976e-16
1.4645e+14	2.9365e-17	1.2542e-16
1.4664e+14	3.9716e-17	1.1654e-16
1.4683e+14	2.3664e-17	1.281e-16
1.4702e+14	3.5496e-18	1.433e-16
1.4722e+14	7.2856e-18	1.3756e-16
1.4741e+14	2.9645e-17	1.1462e-16
1.476e+14	3.9563e-17	1.031e-16
1.4779e+14	2.3232e-17	1.1741e-16
1.4798e+14	3.2724e-18	1.3716e-16
1.4818e+14	7.438e-18	1.3427e-16
1.4837e+14	3.0163e-17	1.1095e-16
1.4856e+14	4.0123e-17	9.6458e-17
1.4875e+14	2.3375e-17	1.0714e-16
1.4894e+14	2.5417e-18	1.2463e-16
1.4914e+14	5.6502e-18	1.2198e-16
1.4933e+14	2.7684e-17	1.0142e-16
1.4952e+14	3.7791e-17	9.1599e-17
1.4971e+14	2.1991e-17	1.0816e-16
1.499e+14	2.3848e-18	1.3183e-16
1.501e+14	6.5095e-18	1.3413e-16
1.5029e+14	2.9306e-17	1.1533e-16
1.5048e+14	4.0121e-17	1.029e-16
1.5067e+14	2.4872e-17	1.1343e-16
1.5086e+14	5.1279e-18	1.305e-16
1.5106e+14	8.0161e-18	1.2824e-16
1.5125e+14	2.8766e-17	1.0722e-16
1.5144e+14	3.7604e-17	9.3002e-17
1.5163e+14	2.124e-17	1.0047e-16
1.5182e+14	1.503e-18	1.1419e-16
1.5202e+14	5.4106e-18	1.1191e-16
1.5221e+14	2.8026e-17	9.7282e-17
1.524e+14	3.9218e-17	9.4861e-17
1.5259e+14	2.4784e-17	1.1374e-16
1.5278e+14	5.2989e-18	1.3142e-16
1.5298e+14	7.2069e-18	1.226e-16
1.5317e+14	2.6527e-17	9.4834e-17
1.5336e+14	3.5175e-17	8.1303e-17
1.5355e+14	2.0484e-17	9.8201e-17
1.5374e+14	2.772e-18	1.2317e-16
1.5393e+14	6.7263e-18	1.2401e-16
1.5413e+14	2.6722e-17	9.9873e-17
1.5432e+14	3.4492e-17	8.0733e-17
1.5451e+14	1.8566e-17	8.7196e-17
1.547e+14	5.9546e-19	1.0501e-16
1.5489e+14	5.6116e-18	1.0717e-16
1.5509e+14	2.7209e-17	9.1407e-17
1.5528e+14	3.5969e-17	8.1563e-17
1.5547e+14	1.9785e-17	9.2586e-17
1.5566e+14	5.9355e-19	1.0898e-16
1.5585e+14	4.3574e-18	1.0681e-16
1.5605e+14	2.5544e-17	8.8039e-17
1.5624e+14	3.4868e-17	7.8709e-17
1.5643e+14	1.9537e-17	9.2874e-17
1.5662e+14	6.6022e-19	1.1225e-16
1.5681e+14	4.1216e-18	1.1047e-16
1.5701e+14	2.52e-17	8.9265e-17
1.572e+14	3.5427e-17	7.6753e-17
1.5739e+14	2.1763e-17	8.9724e-17
1.5758e+14	3.9773e-18	1.1091e-16
1.5777e+14	6.7415e-18	1.1221e-16
1.5797e+14	2.5516e-17	9.2349e-17
1.5816e+14	3.3353e-17	7.8008e-17
1.5835e+14	1.8702e-17	8.7384e-17
1.5854e+14	1.5266e-18	1.0598e-16
1.5873e+14	5.4923e-18	1.0701e-16
1.5893e+14	2.5063e-17	8.8046e-17
1.5912e+14	3.3206e-17	7.3865e-17
1.5931e+14	1.8917e-17	8.2441e-17
1.595e+14	2.4187e-18	1.008e-16
1.5969e+14	6.9895e-18	1.0325e-16
1.5988e+14	2.6606e-17	8.6304e-17
1.6008e+14	3.4313e-17	7.2798e-17
1.6027e+14	1.9655e-17	8.0492e-17
1.6046e+14	3.1425e-18	9.8742e-17
1.6065e+14	7.6514e-18	1.0424e-16
1.6084e+14	2.6473e-17	9.282e-17
1.6104e+14	3.2497e-17	8.343e-17
1.6123e+14	1.5954e-17	9.0175e-17
1.6142e+14	-1.6156e-18	1.0246e-16
1.6161e+14	3.2608e-18	1.0064e-16
1.618e+14	2.3721e-17	8.4428e-17
1.62e+14	3.2019e-17	7.367e-17
1.6219e+14	1.7694e-17	8.0529e-17
1.6238e+14	1.723e-18	9.2406e-17
1.6257e+14	7.1298e-18	8.9845e-17
1.6276e+14	2.68e-17	7.4444e-17
1.6296e+14	3.3193e-17	6.7385e-17
1.6315e+14	1.6644e-17	8.0033e-17
1.6334e+14	-7.9804e-19	9.7321e-17
1.6353e+14	4.5441e-18	9.743e-17
1.6372e+14	2.5276e-17	8.1112e-17
1.6392e+14	3.283e-17	7.0372e-17
1.6411e+14	1.6605e-17	7.8244e-17
1.643e+14	-1.4017e-18	9.1161e-17
1.6449e+14	3.3279e-18	8.8069e-17
1.6468e+14	2.4306e-17	6.9916e-17
1.6488e+14	3.3053e-17	5.8957e-17
1.6507e+14	1.8168e-17	6.8901e-17
1.6526e+14	7.413e-19	8.6722e-17
1.6545e+14	5.0844e-18	9.0609e-17
1.6564e+14	2.5214e-17	7.8983e-17
1.6583e+14	3.3195e-17	7.1109e-17
1.6603e+14	1.7722e-17	7.9583e-17
1.6622e+14	-2.2918e-19	9.3297e-17
1.6641e+14	3.8548e-18	9.3797e-17
1.666e+14	2.4476e-17	8.1162e-17
1.6679e+14	3.3765e-17	7.304e-17
1.6699e+14	1.9595e-17	7.9007e-17
1.6718e+14	1.7994e-18	8.7192e-17
1.6737e+14	4.5995e-18	8.2273e-17
1.6756e+14	2.3512e-17	6.8889e-17
1.6775e+14	3.2066e-17	6.6213e-17
1.6795e+14	1.8503e-17	8.0288e-17
1.6814e+14	1.6501e-18	9.3396e-17
1.6833e+14	4.4847e-18	8.722e-17
1.6852e+14	2.2411e-17	6.8945e-17
1.6871e+14	3.0058e-17	6.3381e-17
1.6891e+14	1.6708e-17	7.9926e-17
1.691e+14	9.9289e-19	9.8694e-17
1.6929e+14	4.6792e-18	9.5633e-17
1.6948e+14	2.2257e-17	7.3954e-17
1.6967e+14	2.8693e-17	6.0046e-17
1.6987e+14	1.4481e-17	6.9291e-17
1.7006e+14	-8.5766e-19	8.7259e-17
1.7025e+14	4.2628e-18	9.0499e-17
1.7044e+14	2.3407e-17	7.7804e-17
1.7063e+14	3.0732e-17	6.9828e-17
1.7083e+14	1.6535e-17	7.9072e-17
1.7102e+14	6.1085e-19	9.2415e-17
1.7121e+14	4.8987e-18	8.9962e-17
1.714e+14	2.3208e-17	7.3302e-17
1.7159e+14	2.9862e-17	6.3576e-17
1.7179e+14	1.5282e-17	7.217e-17
1.7198e+14	-6.9153e-19	8.502e-17
1.7217e+14	3.8448e-18	8.2529e-17
1.7236e+14	2.2648e-17	6.7316e-17
1.7255e+14	2.9987e-17	6.0886e-17
1.7274e+14	1.6137e-17	7.3437e-17
1.7294e+14	6.4234e-19	8.8837e-17
1.7313e+14	5.1186e-18	8.6318e-17
1.7332e+14	2.3319e-17	6.9497e-17
1.7351e+14	2.9896e-17	6.2355e-17
1.737e+14	1.5651e-17	7.6773e-17
1.739e+14	3.9938e-19	9.5727e-17
1.7409e+14	5.5798e-18	9.5655e-17
1.7428e+14	2.4508e-17	7.8155e-17
1.7447e+14	3.1496e-17	6.8003e-17
1.7466e+14	1.7297e-17	7.9852e-17
1.7486e+14	1.8578e-18	9.8488e-17
1.7505e+14	6.6848e-18	9.9302e-17
1.7524e+14	2.5008e-17	8.1264e-17
1.7543e+14	3.1074e-17	6.7985e-17
1.7562e+14	1.5874e-17	7.5795e-17
1.7582e+14	-5.5057e-20	9.2176e-17
1.7601e+14	5.3691e-18	9.3398e-17
1.762e+14	2.5372e-17	7.6996e-17
1.7639e+14	3.3375e-17	6.5127e-17
1.7658e+14	1.9166e-17	7.4702e-17
1.7678e+14	2.61e-18	9.4835e-17
1.7697e+14	6.2415e-18	1.015e-16
1.7716e+14	2.4536e-17	8.888e-17
1.7735e+14	3.1942e-17	7.5509e-17
1.7754e+14	1.8238e-17	7.8447e-17
1.7774e+14	2.3873e-18	9.1561e-17
1.7793e+14	6.0399e-18	9.6427e-17
1.7812e+14	2.3601e-17	8.8885e-17
1.7831e+14	3.0219e-17	8.3925e-17
1.785e+14	1.6449e-17	9.3024e-17
1.7869e+14	1.4699e-18	1.0659e-16
1.7889e+14	6.5561e-18	1.0649e-16
1.7908e+14	2.5524e-17	9.1356e-17
1.7927e+14	3.3073e-17	7.9671e-17
1.7946e+14	1.9545e-17	8.6017e-17
1.7965e+14	4.1278e-18	1.0255e-16
1.7985e+14	8.3401e-18	1.1002e-16
1.8004e+14	2.6439e-17	1.0261e-16
1.8023e+14	3.3544e-17	9.3265e-17
1.8042e+14	2.0106e-17	9.4337e-17
1.8061e+14	5.0261e-18	1.0156e-16
1.8081e+14	9.3702e-18	1.0257e-16
1.81e+14	2.7132e-17	9.5878e-17
1.8119e+14	3.3532e-17	9.2695e-17
1.8138e+14	1.9386e-17	9.968e-17
1.8157e+14	3.9717e-18	1.0841e-16
1.8177e+14	8.5084e-18	1.0707e-16
1.8196e+14	2.6796e-17	9.7482e-17
1.8215e+14	3.3595e-17	9.2592e-17
1.8234e+14	1.9299e-17	9.7853e-17
1.8253e+14	3.1854e-18	1.0336e-16
1.8273e+14	6.9996e-18	9.8545e-17
1.8292e+14	2.5205e-17	8.8412e-17
1.8311e+14	3.2753e-17	8.7167e-17
1.833e+14	1.9512e-17	9.7298e-17
1.8349e+14	3.9547e-18	1.0426e-16
1.8369e+14	7.4634e-18	9.6192e-17
1.8388e+14	2.4889e-17	8.2039e-17
1.8407e+14	3.1924e-17	8.1571e-17
1.8426e+14	1.8899e-17	9.8686e-17
1.8445e+14	4.1842e-18	1.1419e-16
1.8464e+14	8.7262e-18	1.0954e-16
1.8484e+14	2.6932e-17	9.1158e-17
1.8503e+14	3.4161e-17	8.2682e-17
1.8522e+14	2.0551e-17	9.4723e-17
1.8541e+14	4.5981e-18	1.1179e-16
1.856e+14	7.8438e-18	1.1334e-16
1.858e+14	2.5518e-17	1.0046e-16
1.8599e+14	3.3388e-17	9.3005e-17
1.8618e+14	2.114e-17	1.0211e-16
1.8637e+14	6.2971e-18	1.1585e-16
1.8656e+14	9.7521e-18	1.1672e-16
1.8676e+14	2.6888e-17	1.0573e-16
1.8695e+14	3.4046e-17	9.9966e-17
1.8714e+14	2.1177e-17	1.078e-16
1.8733e+14	5.6105e-18	1.1701e-16
1.8752e+14	8.1763e-18	1.1261e-16
1.8772e+14	2.4831e-17	9.8879e-17
1.8791e+14	3.273e-17	9.4345e-17
1.881e+14	2.1877e-17	1.0585e-16
1.8829e+14	8.4452e-18	1.1814e-16
1.8848e+14	1.1697e-17	1.143e-16
1.8868e+14	2.7002e-17	9.9535e-17
1.8887e+14	3.2536e-17	9.5014e-17
1.8906e+14	2.0161e-17	1.0933e-16
1.8925e+14	7.2539e-18	1.2619e-16
1.8944e+14	1.2736e-17	1.2564e-16
1.8964e+14	3.0432e-17	1.1048e-16
1.8983e+14	3.6902e-17	1.0216e-16
1.9002e+14	2.3338e-17	1.1167e-16
1.9021e+14	7.6823e-18	1.2481e-16
1.904e+14	1.0206e-17	1.2186e-16
1.906e+14	2.6048e-17	1.0468e-16
1.9079e+14	3.2346e-17	9.4652e-17
1.9098e+14	1.995e-17	1.0444e-16
1.9117e+14	5.9704e-18	1.2189e-16
1.9136e+14	1.0038e-17	1.2703e-16
1.9155e+14	2.7159e-17	1.1823e-16
1.9175e+14	3.4566e-17	1.1211e-16
1.9194e+14	2.2952e-17	1.1883e-16
1.9213e+14	8.9722e-18	1.2824e-16
1.9232e+14	1.2037e-17	1.2575e-16
1.9251e+14	2.7648e-17	1.1456e-16
1.9271e+14	3.402e-17	1.1184e-16
1.929e+14	2.2462e-17	1.2348e-16
1.9309e+14	9.2867e-18	1.3371e-16
1.9328e+14	1.2913e-17	1.2583e-16
1.9347e+14	2.8155e-17	1.0664e-16
1.9367e+14	3.3481e-17	9.9831e-17
1.9386e+14	2.1131e-17	1.1532e-16
1.9405e+14	8.1841e-18	1.3523e-16
1.9424e+14	1.307e-17	1.3645e-16
1.9443e+14	2.9971e-17	1.2064e-16
1.9463e+14	3.6585e-17	1.1175e-16
1.9482e+14	2.4615e-17	1.2395e-16
1.9501e+14	1.091e-17	1.4259e-16
1.952e+14	1.398e-17	1.4341e-16
1.9539e+14	2.8489e-17	1.2447e-16
1.9559e+14	3.3019e-17	1.0857e-16
1.9578e+14	2.0231e-17	1.135e-16
1.9597e+14	7.421e-18	1.3001e-16
1.9616e+14	1.2668e-17	1.3583e-16
1.9635e+14	2.9547e-17	1.2579e-16
1.9655e+14	3.5606e-17	1.1753e-16
1.9674e+14	2.3155e-17	1.2641e-16
1.9693e+14	9.9216e-18	1.4436e-16
1.9712e+14	1.471e-17	1.5101e-16
1.9731e+14	3.1507e-17	1.4107e-16
1.975e+14	3.7706e-17	1.3073e-16
1.977e+14	2.5156e-17	1.3538e-16
1.9789e+14	1.1268e-17	1.4921e-16
1.9808e+14	1.4952e-17	1.5355e-16
1.9827e+14	3.0626e-17	1.4143e-16
1.9846e+14	3.6139e-17	1.2558e-16
1.9866e+14	2.3557e-17	1.2096e-16
1.9885e+14	1.0203e-17	1.2693e-16
1.9904e+14	1.4655e-17	1.3197e-16
1.9923e+14	3.092e-17	1.3104e-16
1.9942e+14	3.6596e-17	1.3028e-16
1.9962e+14	2.388e-17	1.345e-16
1.9981e+14	1.0564e-17	1.3823e-16
2e+14	1.5596e-17	1.3455e-16
