#Error on normalization	O = 0.756 %	H = 3.413 %
#Frequence (s-1)	S_O (s)	S_H (s)
0	-3.0781e-16	3.7416e-15
1.8416e+11	9.4111e-17	3.79e-15
3.6832e+11	9.46e-16	3.9137e-15
5.5249e+11	1.7937e-15	4.0888e-15
7.3665e+11	2.9007e-15	4.3449e-15
9.2081e+11	4.8668e-15	4.7354e-15
1.105e+12	7.5819e-15	5.2491e-15
1.2891e+12	1.0355e-14	5.7898e-15
1.4733e+12	1.3411e-14	6.2735e-15
1.6575e+12	1.8482e-14	6.7251e-15
1.8416e+12	2.6833e-14	7.243e-15
2.0258e+12	3.663e-14	7.8636e-15
2.2099e+12	4.3394e-14	8.4943e-15
2.3941e+12	4.4124e-14	9.0022e-15
2.5783e+12	4.0839e-14	9.3574e-15
2.7624e+12	3.9091e-14	9.6647e-15
2.9466e+12	4.2455e-14	1.0054e-14
3.1308e+12	4.8956e-14	1.0554e-14
3.3149e+12	5.3554e-14	1.1068e-14
3.4991e+12	5.3941e-14	1.1461e-14
3.6832e+12	5.3068e-14	1.1657e-14
3.8674e+12	5.5641e-14	1.1697e-14
4.0516e+12	6.2742e-14	1.1716e-14
4.2357e+12	7.0649e-14	1.1836e-14
4.4199e+12	7.4826e-14	1.2053e-14
4.6041e+12	7.4298e-14	1.2212e-14
4.7882e+12	7.1839e-14	1.2165e-14
4.9724e+12	7.0602e-14	1.199e-14
5.1565e+12	7.1421e-14	1.2004e-14
5.3407e+12	7.3243e-14	1.2473e-14
5.5249e+12	7.5054e-14	1.3277e-14
5.709e+12	7.6594e-14	1.393e-14
5.8932e+12	7.7636e-14	1.4011e-14
6.0773e+12	7.7623e-14	1.358e-14
6.2615e+12	7.6395e-14	1.3123e-14
6.4457e+12	7.466e-14	1.3075e-14
6.6298e+12	7.3125e-14	1.3441e-14
6.814e+12	7.1422e-14	1.39e-14
6.9982e+12	6.8613e-14	1.4195e-14
7.1823e+12	6.4911e-14	1.4312e-14
7.3665e+12	6.2181e-14	1.4304e-14
7.5506e+12	6.2108e-14	1.4104e-14
7.7348e+12	6.4106e-14	1.3664e-14
7.919e+12	6.5779e-14	1.3198e-14
8.1031e+12	6.5617e-14	1.3114e-14
8.2873e+12	6.4587e-14	1.3589e-14
8.4715e+12	6.4545e-14	1.4323e-14
8.6556e+12	6.5535e-14	1.484e-14
8.8398e+12	6.5678e-14	1.5034e-14
9.0239e+12	6.3982e-14	1.5253e-14
9.2081e+12	6.2341e-14	1.5782e-14
9.3923e+12	6.3653e-14	1.6356e-14
9.5764e+12	6.8018e-14	1.6375e-14
9.7606e+12	7.1818e-14	1.5623e-14
9.9448e+12	7.1328e-14	1.4618e-14
1.0129e+13	6.6835e-14	1.4141e-14
1.0313e+13	6.2298e-14	1.4482e-14
1.0497e+13	6.0824e-14	1.5277e-14
1.0681e+13	6.1335e-14	1.6021e-14
1.0866e+13	6.0411e-14	1.6559e-14
1.105e+13	5.696e-14	1.6975e-14
1.1234e+13	5.3886e-14	1.7206e-14
1.1418e+13	5.4595e-14	1.7043e-14
1.1602e+13	5.8547e-14	1.6559e-14
1.1786e+13	6.1361e-14	1.6267e-14
1.1971e+13	5.9608e-14	1.6619e-14
1.2155e+13	5.4806e-14	1.7404e-14
1.2339e+13	5.1972e-14	1.7888e-14
1.2523e+13	5.4222e-14	1.7665e-14
1.2707e+13	5.9335e-14	1.7164e-14
1.2891e+13	6.1865e-14	1.7132e-14
1.3076e+13	5.8418e-14	1.7667e-14
1.326e+13	5.0665e-14	1.8063e-14
1.3444e+13	4.3489e-14	1.7711e-14
1.3628e+13	4.0609e-14	1.6948e-14
1.3812e+13	4.1971e-14	1.6732e-14
1.3996e+13	4.474e-14	1.7471e-14
1.418e+13	4.6179e-14	1.8452e-14
1.4365e+13	4.5586e-14	1.862e-14
1.4549e+13	4.3987e-14	1.7778e-14
1.4733e+13	4.2504e-14	1.678e-14
1.4917e+13	4.1126e-14	1.652e-14
1.5101e+13	3.8915e-14	1.6982e-14
1.5285e+13	3.5291e-14	1.744e-14
1.547e+13	3.1055e-14	1.7433e-14
1.5654e+13	2.8003e-14	1.7232e-14
1.5838e+13	2.727e-14	1.7313e-14
1.6022e+13	2.7999e-14	1.7671e-14
1.6206e+13	2.7882e-14	1.7884e-14
1.639e+13	2.5329e-14	1.7738e-14
1.6575e+13	2.1169e-14	1.7477e-14
1.6759e+13	1.7992e-14	1.7362e-14
1.6943e+13	1.7663e-14	1.7256e-14
1.7127e+13	1.9544e-14	1.6913e-14
1.7311e+13	2.1245e-14	1.6547e-14
1.7495e+13	2.1013e-14	1.6728e-14
1.768e+13	1.9156e-14	1.7573e-14
1.7864e+13	1.7189e-14	1.8312e-14
1.8048e+13	1.6004e-14	1.8042e-14
1.8232e+13	1.522e-14	1.6897e-14
1.8416e+13	1.4169e-14	1.6127e-14
1.86e+13	1.2961e-14	1.6747e-14
1.8785e+13	1.2249e-14	1.8268e-14
1.8969e+13	1.2174e-14	1.9103e-14
1.9153e+13	1.205e-14	1.8309e-14
1.9337e+13	1.1243e-14	1.6687e-14
1.9521e+13	1.0051e-14	1.5917e-14
1.9705e+13	9.3539e-15	1.6729e-14
1.989e+13	9.4595e-15	1.8184e-14
2.0074e+13	9.6434e-15	1.8804e-14
2.0258e+13	9.0057e-15	1.8148e-14
2.0442e+13	7.5881e-15	1.7077e-14
2.0626e+13	6.3664e-15	1.662e-14
2.081e+13	6.1487e-15	1.6925e-14
2.0994e+13	6.7281e-15	1.7402e-14
2.1179e+13	7.2377e-15	1.7597e-14
2.1363e+13	7.1585e-15	1.7589e-14
2.1547e+13	6.7438e-15	1.7586e-14
2.1731e+13	6.4965e-15	1.7501e-14
2.1915e+13	6.5019e-15	1.7123e-14
2.2099e+13	6.4338e-15	1.6555e-14
2.2284e+13	6.0699e-15	1.6185e-14
2.2468e+13	5.5585e-15	1.6176e-14
2.2652e+13	5.1546e-15	1.6247e-14
2.2836e+13	4.8936e-15	1.6083e-14
2.302e+13	4.6568e-15	1.5838e-14
2.3204e+13	4.4476e-15	1.596e-14
2.3389e+13	4.4042e-15	1.6538e-14
2.3573e+13	4.5253e-15	1.705e-14
2.3757e+13	4.5613e-15	1.6944e-14
2.3941e+13	4.3029e-15	1.6325e-14
2.4125e+13	3.8928e-15	1.5853e-14
2.4309e+13	3.691e-15	1.5931e-14
2.4494e+13	3.8227e-15	1.6231e-14
2.4678e+13	4.0021e-15	1.617e-14
2.4862e+13	3.8896e-15	1.5708e-14
2.5046e+13	3.5265e-15	1.542e-14
2.523e+13	3.2715e-15	1.5735e-14
2.5414e+13	3.3227e-15	1.6322e-14
2.5599e+13	3.4605e-15	1.643e-14
2.5783e+13	3.3529e-15	1.5745e-14
2.5967e+13	3.0116e-15	1.4711e-14
2.6151e+13	2.7874e-15	1.3976e-14
2.6335e+13	2.9076e-15	1.3723e-14
2.6519e+13	3.1693e-15	1.3698e-14
2.6703e+13	3.1897e-15	1.3733e-14
2.6888e+13	2.885e-15	1.3966e-14
2.7072e+13	2.5582e-15	1.446e-14
2.7256e+13	2.5048e-15	1.4871e-14
2.744e+13	2.6599e-15	1.4742e-14
2.7624e+13	2.7257e-15	1.4098e-14
2.7808e+13	2.5694e-15	1.3516e-14
2.7993e+13	2.3584e-15	1.3465e-14
2.8177e+13	2.2911e-15	1.3737e-14
2.8361e+13	2.3249e-15	1.3703e-14
2.8545e+13	2.27e-15	1.3119e-14
2.8729e+13	2.088e-15	1.2451e-14
2.8913e+13	1.9585e-15	1.234e-14
2.9098e+13	2.0176e-15	1.2876e-14
2.9282e+13	2.1407e-15	1.3573e-14
2.9466e+13	2.0873e-15	1.3991e-14
2.965e+13	1.828e-15	1.4151e-14
2.9834e+13	1.6161e-15	1.4278e-14
3.0018e+13	1.6966e-15	1.4341e-14
3.0203e+13	2.0163e-15	1.4109e-14
3.0387e+13	2.2908e-15	1.362e-14
3.0571e+13	2.323e-15	1.3313e-14
3.0755e+13	2.1728e-15	1.3488e-14
3.0939e+13	2.0096e-15	1.3794e-14
3.1123e+13	1.8916e-15	1.3508e-14
3.1308e+13	1.7626e-15	1.2413e-14
3.1492e+13	1.6161e-15	1.1203e-14
3.1676e+13	1.5541e-15	1.0819e-14
3.186e+13	1.6461e-15	1.144e-14
3.2044e+13	1.8008e-15	1.2291e-14
3.2228e+13	1.8511e-15	1.2509e-14
3.2413e+13	1.7485e-15	1.2032e-14
3.2597e+13	1.6078e-15	1.1527e-14
3.2781e+13	1.5472e-15	1.1531e-14
3.2965e+13	1.5487e-15	1.1894e-14
3.3149e+13	1.5203e-15	1.2088e-14
3.3333e+13	1.4528e-15	1.1879e-14
3.3517e+13	1.4367e-15	1.1519e-14
3.3702e+13	1.5163e-15	1.1338e-14
3.3886e+13	1.6004e-15	1.137e-14
3.407e+13	1.5729e-15	1.1456e-14
3.4254e+13	1.4559e-15	1.1532e-14
3.4438e+13	1.3879e-15	1.1625e-14
3.4622e+13	1.4353e-15	1.1617e-14
3.4807e+13	1.4961e-15	1.1262e-14
3.4991e+13	1.4412e-15	1.0558e-14
3.5175e+13	1.3078e-15	9.9654e-15
3.5359e+13	1.2675e-15	1.0015e-14
3.5543e+13	1.3903e-15	1.0655e-14
3.5727e+13	1.5183e-15	1.1169e-14
3.5912e+13	1.4417e-15	1.0905e-14
3.6096e+13	1.1764e-15	1.002e-14
3.628e+13	9.8124e-16	9.3664e-15
3.6464e+13	1.0678e-15	9.5733e-15
3.6648e+13	1.3448e-15	1.0367e-14
3.6832e+13	1.5117e-15	1.0888e-14
3.7017e+13	1.396e-15	1.0621e-14
3.7201e+13	1.1356e-15	9.892e-15
3.7385e+13	1.0061e-15	9.4347e-15
3.7569e+13	1.1167e-15	9.6139e-15
3.7753e+13	1.327e-15	1.0155e-14
3.7937e+13	1.4435e-15	1.0553e-14
3.8122e+13	1.4293e-15	1.0591e-14
3.8306e+13	1.391e-15	1.0421e-14
3.849e+13	1.4077e-15	1.0299e-14
3.8674e+13	1.4413e-15	1.0343e-14
3.8858e+13	1.4155e-15	1.0525e-14
3.9042e+13	1.3283e-15	1.074e-14
3.9227e+13	1.2474e-15	1.0836e-14
3.9411e+13	1.2187e-15	1.0691e-14
3.9595e+13	1.2263e-15	1.0364e-14
3.9779e+13	1.2437e-15	1.0139e-14
3.9963e+13	1.2803e-15	1.0274e-14
4.0147e+13	1.3476e-15	1.0669e-14
4.0331e+13	1.4041e-15	1.0888e-14
4.0516e+13	1.3804e-15	1.0604e-14
4.07e+13	1.2699e-15	1.0011e-14
4.0884e+13	1.1614e-15	9.6565e-15
4.1068e+13	1.1534e-15	9.8495e-15
4.1252e+13	1.2446e-15	1.0333e-14
4.1436e+13	1.3359e-15	1.0639e-14
4.1621e+13	1.3449e-15	1.0683e-14
4.1805e+13	1.2947e-15	1.0851e-14
4.1989e+13	1.2724e-15	1.1437e-14
4.2173e+13	1.3186e-15	1.2149e-14
4.2357e+13	1.3853e-15	1.2363e-14
4.2541e+13	1.4097e-15	1.1871e-14
4.2726e+13	1.4017e-15	1.1211e-14
4.291e+13	1.4331e-15	1.1142e-14
4.3094e+13	1.5399e-15	1.1819e-14
4.3278e+13	1.6595e-15	1.262e-14
4.3462e+13	1.6792e-15	1.2804e-14
4.3646e+13	1.5509e-15	1.2248e-14
4.3831e+13	1.3486e-15	1.1479e-14
4.4015e+13	1.2094e-15	1.1078e-14
4.4199e+13	1.2145e-15	1.1203e-14
4.4383e+13	1.3215e-15	1.1645e-14
4.4567e+13	1.4094e-15	1.2184e-14
4.4751e+13	1.392e-15	1.27e-14
4.4936e+13	1.2956e-15	1.3054e-14
4.512e+13	1.23e-15	1.3069e-14
4.5304e+13	1.2809e-15	1.278e-14
4.5488e+13	1.4278e-15	1.2577e-14
4.5672e+13	1.5676e-15	1.2886e-14
4.5856e+13	1.6162e-15	1.3655e-14
4.6041e+13	1.5797e-15	1.4279e-14
4.6225e+13	1.5251e-15	1.4174e-14
4.6409e+13	1.4945e-15	1.3413e-14
4.6593e+13	1.4684e-15	1.2672e-14
4.6777e+13	1.414e-15	1.2515e-14
4.6961e+13	1.3436e-15	1.2822e-14
4.7145e+13	1.3e-15	1.3004e-14
4.733e+13	1.2901e-15	1.2718e-14
4.7514e+13	1.2663e-15	1.2239e-14
4.7698e+13	1.1956e-15	1.2069e-14
4.7882e+13	1.1269e-15	1.2307e-14
4.8066e+13	1.1526e-15	1.2558e-14
4.825e+13	1.2907e-15	1.2443e-14
4.8435e+13	1.434e-15	1.2062e-14
4.8619e+13	1.4474e-15	1.1821e-14
4.8803e+13	1.314e-15	1.1882e-14
4.8987e+13	1.1567e-15	1.1937e-14
4.9171e+13	1.1053e-15	1.1603e-14
4.9355e+13	1.1596e-15	1.0927e-14
4.954e+13	1.2055e-15	1.0375e-14
4.9724e+13	1.157e-15	1.0279e-14
4.9908e+13	1.0485e-15	1.0438e-14
5.0092e+13	9.7958e-16	1.0346e-14
5.0276e+13	9.9343e-16	9.7874e-15
5.046e+13	1.0393e-15	9.0997e-15
5.0645e+13	1.0474e-15	8.7859e-15
5.0829e+13	1.0069e-15	8.9338e-15
5.1013e+13	9.5468e-16	9.1115e-15
5.1197e+13	9.1549e-16	8.8494e-15
5.1381e+13	8.8414e-16	8.1567e-15
5.1565e+13	8.6275e-16	7.5064e-15
5.175e+13	8.7635e-16	7.3289e-15
5.1934e+13	9.2911e-16	7.5793e-15
5.2118e+13	9.6686e-16	7.8205e-15
5.2302e+13	9.2082e-16	7.687e-15
5.2486e+13	7.9512e-16	7.2239e-15
5.267e+13	6.8247e-16	6.7818e-15
5.2855e+13	6.7014e-16	6.6305e-15
5.3039e+13	7.4143e-16	6.7042e-15
5.3223e+13	7.9461e-16	6.701e-15
5.3407e+13	7.597e-16	6.3933e-15
5.3591e+13	6.7146e-16	5.8388e-15
5.3775e+13	6.1441e-16	5.3176e-15
5.3959e+13	6.1736e-16	5.0844e-15
5.4144e+13	6.3149e-16	5.161e-15
5.4328e+13	6.0924e-16	5.3358e-15
5.4512e+13	5.7022e-16	5.353e-15
5.4696e+13	5.6714e-16	5.1262e-15
5.488e+13	6.0528e-16	4.798e-15
5.5064e+13	6.3003e-16	4.5987e-15
5.5249e+13	5.9998e-16	4.6377e-15
5.5433e+13	5.4426e-16	4.8175e-15
5.5617e+13	5.2481e-16	4.9435e-15
5.5801e+13	5.5453e-16	4.9072e-15
5.5985e+13	5.817e-16	4.7548e-15
5.6169e+13	5.6001e-16	4.5913e-15
5.6354e+13	5.0851e-16	4.4472e-15
5.6538e+13	4.8195e-16	4.2694e-15
5.6722e+13	4.9498e-16	4.0275e-15
5.6906e+13	5.0472e-16	3.7922e-15
5.709e+13	4.7385e-16	3.6769e-15
5.7274e+13	4.2627e-16	3.7177e-15
5.7459e+13	4.1807e-16	3.8407e-15
5.7643e+13	4.623e-16	3.952e-15
5.7827e+13	5.0808e-16	4.0256e-15
5.8011e+13	5.0147e-16	4.0753e-15
5.8195e+13	4.4862e-16	4.0669e-15
5.8379e+13	4.0205e-16	3.918e-15
5.8564e+13	3.9422e-16	3.6182e-15
5.8748e+13	4.0597e-16	3.313e-15
5.8932e+13	4.0344e-16	3.205e-15
5.9116e+13	3.8511e-16	3.3436e-15
5.93e+13	3.7605e-16	3.5453e-15
5.9484e+13	3.8568e-16	3.5655e-15
5.9669e+13	3.9355e-16	3.3514e-15
5.9853e+13	3.8157e-16	3.0929e-15
6.0037e+13	3.6294e-16	3.011e-15
6.0221e+13	3.6481e-16	3.123e-15
6.0405e+13	3.8996e-16	3.2484e-15
6.0589e+13	4.1258e-16	3.2296e-15
6.0773e+13	4.1265e-16	3.0971e-15
6.0958e+13	3.995e-16	2.9951e-15
6.1142e+13	3.9305e-16	2.9848e-15
6.1326e+13	3.944e-16	2.9839e-15
6.151e+13	3.898e-16	2.9049e-15
6.1694e+13	3.7905e-16	2.7955e-15
6.1878e+13	3.801e-16	2.7846e-15
6.2063e+13	3.983e-16	2.8994e-15
6.2247e+13	4.0796e-16	3.0005e-15
6.2431e+13	3.8252e-16	2.9356e-15
6.2615e+13	3.3784e-16	2.7314e-15
6.2799e+13	3.2307e-16	2.581e-15
6.2983e+13	3.5983e-16	2.6299e-15
6.3168e+13	4.0736e-16	2.8126e-15
6.3352e+13	4.0683e-16	2.9316e-15
6.3536e+13	3.5487e-16	2.8798e-15
6.372e+13	3.1089e-16	2.7415e-15
6.3904e+13	3.2394e-16	2.6705e-15
6.4088e+13	3.7103e-16	2.7119e-15
6.4273e+13	3.8729e-16	2.7794e-15
6.4457e+13	3.493e-16	2.7873e-15
6.4641e+13	3.0325e-16	2.7468e-15
6.4825e+13	3.0232e-16	2.7111e-15
6.5009e+13	3.3789e-16	2.6711e-15
6.5193e+13	3.5552e-16	2.5643e-15
6.5378e+13	3.3158e-16	2.3911e-15
6.5562e+13	3.0472e-16	2.2682e-15
6.5746e+13	3.1957e-16	2.3163e-15
6.593e+13	3.6098e-16	2.5075e-15
6.6114e+13	3.7117e-16	2.6701e-15
6.6298e+13	3.2882e-16	2.6685e-15
6.6483e+13	2.8219e-16	2.5525e-15
6.6667e+13	2.8847e-16	2.4945e-15
6.6851e+13	3.3785e-16	2.5844e-15
6.7035e+13	3.6417e-16	2.7223e-15
6.7219e+13	3.2945e-16	2.7337e-15
6.7403e+13	2.7162e-16	2.5674e-15
6.7587e+13	2.5378e-16	2.352e-15
6.7772e+13	2.8397e-16	2.2564e-15
6.7956e+13	3.113e-16	2.3276e-15
6.814e+13	2.9997e-16	2.4752e-15
6.8324e+13	2.7849e-16	2.5885e-15
6.8508e+13	2.9762e-16	2.6299e-15
6.8692e+13	3.5549e-16	2.6183e-15
6.8877e+13	3.9338e-16	2.5671e-15
6.9061e+13	3.6991e-16	2.4786e-15
6.9245e+13	3.1527e-16	2.3855e-15
6.9429e+13	2.9342e-16	2.3518e-15
6.9613e+13	3.219e-16	2.4057e-15
6.9797e+13	3.5365e-16	2.4917e-15
6.9982e+13	3.4176e-16	2.5216e-15
7.0166e+13	2.9992e-16	2.4758e-15
7.035e+13	2.8099e-16	2.4283e-15
7.0534e+13	3.0608e-16	2.4537e-15
7.0718e+13	3.3875e-16	2.5292e-15
7.0902e+13	3.348e-16	2.559e-15
7.1087e+13	2.9902e-16	2.4971e-15
7.1271e+13	2.7622e-16	2.4137e-15
7.1455e+13	2.9364e-16	2.4124e-15
7.1639e+13	3.3124e-16	2.4952e-15
7.1823e+13	3.5189e-16	2.547e-15
7.2007e+13	3.4469e-16	2.4708e-15
7.2192e+13	3.2676e-16	2.3177e-15
7.2376e+13	3.1286e-16	2.2483e-15
7.256e+13	3.0187e-16	2.3589e-15
7.2744e+13	2.9355e-16	2.5719e-15
7.2928e+13	2.9966e-16	2.7155e-15
7.3112e+13	3.256e-16	2.704e-15
7.3297e+13	3.5093e-16	2.6111e-15
7.3481e+13	3.4666e-16	2.564e-15
7.3665e+13	3.1377e-16	2.5917e-15
7.3849e+13	2.8863e-16	2.6055e-15
7.4033e+13	3.0027e-16	2.5232e-15
7.4217e+13	3.3239e-16	2.3788e-15
7.4401e+13	3.4307e-16	2.288e-15
7.4586e+13	3.1935e-16	2.3166e-15
7.477e+13	2.9437e-16	2.4119e-15
7.4954e+13	3.0224e-16	2.4698e-15
7.5138e+13	3.3027e-16	2.45e-15
7.5322e+13	3.3472e-16	2.404e-15
7.5506e+13	3.0112e-16	2.3994e-15
7.5691e+13	2.6829e-16	2.4425e-15
7.5875e+13	2.8081e-16	2.4853e-15
7.6059e+13	3.302e-16	2.4913e-15
7.6243e+13	3.6245e-16	2.4667e-15
7.6427e+13	3.4353e-16	2.432e-15
7.6611e+13	2.9923e-16	2.3891e-15
7.6796e+13	2.7988e-16	2.3346e-15
7.698e+13	2.9841e-16	2.2915e-15
7.7164e+13	3.2158e-16	2.2968e-15
7.7348e+13	3.202e-16	2.3517e-15
7.7532e+13	3.0727e-16	2.409e-15
7.7716e+13	3.1416e-16	2.4329e-15
7.7901e+13	3.4223e-16	2.462e-15
7.8085e+13	3.5915e-16	2.5802e-15
7.8269e+13	3.4539e-16	2.8057e-15
7.8453e+13	3.2498e-16	3.0294e-15
7.8637e+13	3.359e-16	3.0977e-15
7.8821e+13	3.7774e-16	2.9648e-15
7.9006e+13	4.0704e-16	2.7482e-15
7.919e+13	3.8877e-16	2.6156e-15
7.9374e+13	3.3919e-16	2.6287e-15
7.9558e+13	3.0746e-16	2.7157e-15
7.9742e+13	3.2103e-16	2.7885e-15
7.9926e+13	3.6144e-16	2.85e-15
8.011e+13	3.9288e-16	2.9572e-15
8.0295e+13	4.0086e-16	3.103e-15
8.0479e+13	3.9589e-16	3.1853e-15
8.0663e+13	3.8978e-16	3.1218e-15
8.0847e+13	3.8297e-16	2.9708e-15
8.1031e+13	3.7444e-16	2.8915e-15
8.1215e+13	3.6982e-16	2.9712e-15
8.14e+13	3.7207e-16	3.1221e-15
8.1584e+13	3.7235e-16	3.18e-15
8.1768e+13	3.6174e-16	3.0959e-15
8.1952e+13	3.4914e-16	2.9925e-15
8.2136e+13	3.5501e-16	3.0153e-15
8.232e+13	3.8349e-16	3.1555e-15
8.2505e+13	4.1198e-16	3.2591e-15
8.2689e+13	4.1829e-16	3.215e-15
8.2873e+13	4.1204e-16	3.0972e-15
8.3057e+13	4.2414e-16	3.0896e-15
8.3241e+13	4.6301e-16	3.2778e-15
8.3425e+13	4.9575e-16	3.5481e-15
8.361e+13	4.8525e-16	3.7076e-15
8.3794e+13	4.3924e-16	3.6832e-15
8.3978e+13	4.061e-16	3.5783e-15
8.4162e+13	4.1871e-16	3.5407e-15
8.4346e+13	4.5661e-16	3.6065e-15
8.453e+13	4.7483e-16	3.6921e-15
8.4715e+13	4.6128e-16	3.7158e-15
8.4899e+13	4.4817e-16	3.688e-15
8.5083e+13	4.6522e-16	3.6746e-15
8.5267e+13	4.9961e-16	3.7014e-15
8.5451e+13	5.1615e-16	3.7335e-15
8.5635e+13	5.0697e-16	3.7501e-15
8.582e+13	5.0073e-16	3.8056e-15
8.6004e+13	5.1914e-16	3.984e-15
8.6188e+13	5.4359e-16	4.2911e-15
8.6372e+13	5.4112e-16	4.6141e-15
8.6556e+13	5.1455e-16	4.8055e-15
8.674e+13	5.0476e-16	4.8085e-15
8.6924e+13	5.3729e-16	4.6935e-15
8.7109e+13	5.8432e-16	4.5788e-15
8.7293e+13	5.9613e-16	4.5261e-15
8.7477e+13	5.6329e-16	4.5184e-15
8.7661e+13	5.278e-16	4.5234e-15
8.7845e+13	5.2895e-16	4.5554e-15
8.8029e+13	5.5632e-16	4.6626e-15
8.8214e+13	5.7049e-16	4.8576e-15
8.8398e+13	5.5884e-16	5.0722e-15
8.8582e+13	5.4775e-16	5.1918e-15
8.8766e+13	5.5768e-16	5.1446e-15
8.895e+13	5.7071e-16	4.969e-15
8.9134e+13	5.6224e-16	4.7997e-15
8.9319e+13	5.5164e-16	4.7747e-15
8.9503e+13	5.8995e-16	4.9291e-15
8.9687e+13	6.872e-16	5.157e-15
8.9871e+13	7.7628e-16	5.2877e-15
9.0055e+13	7.767e-16	5.2323e-15
9.0239e+13	6.9152e-16	5.0856e-15
9.0424e+13	6.138e-16	5.0751e-15
9.0608e+13	6.2357e-16	5.3671e-15
9.0792e+13	6.9549e-16	5.8857e-15
9.0976e+13	7.3184e-16	6.3242e-15
9.116e+13	6.8198e-16	6.3795e-15
9.1344e+13	6.0181e-16	6.0185e-15
9.1529e+13	5.8169e-16	5.5278e-15
9.1713e+13	6.3612e-16	5.2823e-15
9.1897e+13	6.9321e-16	5.438e-15
9.2081e+13	6.9227e-16	5.835e-15
9.2265e+13	6.6148e-16	6.1898e-15
9.2449e+13	6.7718e-16	6.3654e-15
9.2634e+13	7.6021e-16	6.4442e-15
9.2818e+13	8.4328e-16	6.56e-15
9.3002e+13	8.5015e-16	6.7064e-15
9.3186e+13	7.8581e-16	6.7479e-15
9.337e+13	7.2698e-16	6.605e-15
9.3554e+13	7.2961e-16	6.3796e-15
9.3738e+13	7.6959e-16	6.2676e-15
9.3923e+13	7.839e-16	6.3652e-15
9.4107e+13	7.5305e-16	6.5976e-15
9.4291e+13	7.2221e-16	6.8356e-15
9.4475e+13	7.4196e-16	7.0301e-15
9.4659e+13	8.0724e-16	7.1946e-15
9.4843e+13	8.6575e-16	7.2888e-15
9.5028e+13	8.7806e-16	7.2091e-15
9.5212e+13	8.5583e-16	6.9468e-15
9.5396e+13	8.4048e-16	6.7137e-15
9.558e+13	8.5571e-16	6.8116e-15
9.5764e+13	8.8723e-16	7.3194e-15
9.5948e+13	9.04e-16	7.9428e-15
9.6133e+13	8.9193e-16	8.2479e-15
9.6317e+13	8.6754e-16	8.0784e-15
9.6501e+13	8.6279e-16	7.7148e-15
9.6685e+13	8.9535e-16	7.5881e-15
9.6869e+13	9.4923e-16	7.8461e-15
9.7053e+13	9.8642e-16	8.2361e-15
9.7238e+13	9.8639e-16	8.4167e-15
9.7422e+13	9.7626e-16	8.3394e-15
9.7606e+13	1.01e-15	8.2784e-15
9.779e+13	1.1044e-15	8.4942e-15
9.7974e+13	1.1995e-15	8.9191e-15
9.8158e+13	1.2023e-15	9.2082e-15
9.8343e+13	1.0835e-15	9.0898e-15
9.8527e+13	9.2301e-16	8.6406e-15
9.8711e+13	8.4224e-16	8.2172e-15
9.8895e+13	8.8642e-16	8.134e-15
9.9079e+13	9.8579e-16	8.4018e-15
9.9263e+13	1.0383e-15	8.7419e-15
9.9448e+13	1.0174e-15	8.8344e-15
9.9632e+13	9.835e-16	8.5853e-15
9.9816e+13	9.9612e-16	8.2178e-15
1e+14	1.043e-15	8.1199e-15
1.0018e+14	1.0699e-15	8.5456e-15
1.0037e+14	1.0616e-15	9.3842e-15
1.0055e+14	1.0602e-15	1.0204e-14
1.0074e+14	1.1014e-15	1.058e-14
1.0092e+14	1.1598e-15	1.0449e-14
1.011e+14	1.1837e-15	1.0156e-14
1.0129e+14	1.1726e-15	1.0128e-14
1.0147e+14	1.1869e-15	1.0463e-14
1.0166e+14	1.2658e-15	1.0849e-14
1.0184e+14	1.3593e-15	1.0885e-14
1.0203e+14	1.3714e-15	1.048e-14
1.0221e+14	1.271e-15	9.9268e-15
1.0239e+14	1.1368e-15	9.6194e-15
1.0258e+14	1.0778e-15	9.7225e-15
1.0276e+14	1.1239e-15	1.0108e-14
1.0295e+14	1.2111e-15	1.0534e-14
1.0313e+14	1.264e-15	1.0826e-14
1.0331e+14	1.2654e-15	1.0911e-14
1.035e+14	1.2394e-15	1.0786e-14
1.0368e+14	1.1982e-15	1.0529e-14
1.0387e+14	1.139e-15	1.0315e-14
1.0405e+14	1.0859e-15	1.0303e-14
1.0424e+14	1.0928e-15	1.0462e-14
1.0442e+14	1.1766e-15	1.0544e-14
1.046e+14	1.268e-15	1.0317e-14
1.0479e+14	1.2675e-15	9.8389e-15
1.0497e+14	1.1607e-15	9.4495e-15
1.0516e+14	1.0502e-15	9.4351e-15
1.0534e+14	1.0469e-15	9.7274e-15
1.0552e+14	1.1388e-15	9.9744e-15
1.0571e+14	1.2003e-15	9.9106e-15
1.0589e+14	1.1385e-15	9.6045e-15
1.0608e+14	1.0061e-15	9.3179e-15
1.0626e+14	9.4178e-16	9.1768e-15
1.0645e+14	1.0088e-15	9.0659e-15
1.0663e+14	1.1226e-15	8.8541e-15
1.0681e+14	1.1501e-15	8.6319e-15
1.07e+14	1.0572e-15	8.6275e-15
1.0718e+14	9.3331e-16	8.8883e-15
1.0737e+14	8.7773e-16	9.1366e-15
1.0755e+14	8.9478e-16	9.0163e-15
1.0773e+14	9.1476e-16	8.4743e-15
1.0792e+14	8.9365e-16	7.8376e-15
1.081e+14	8.5798e-16	7.4908e-15
1.0829e+14	8.5007e-16	7.5103e-15
1.0847e+14	8.6187e-16	7.6449e-15
1.0866e+14	8.4902e-16	7.6232e-15
1.0884e+14	7.996e-16	7.4192e-15
1.0902e+14	7.5813e-16	7.2039e-15
1.0921e+14	7.6948e-16	7.099e-15
1.0939e+14	8.1719e-16	7.0485e-15
1.0958e+14	8.383e-16	6.9311e-15
1.0976e+14	7.9666e-16	6.7324e-15
1.0994e+14	7.2267e-16	6.5512e-15
1.1013e+14	6.7359e-16	6.4514e-15
1.1031e+14	6.6875e-16	6.3672e-15
1.105e+14	6.7842e-16	6.1863e-15
1.1068e+14	6.7041e-16	5.9032e-15
1.1087e+14	6.481e-16	5.65e-15
1.1105e+14	6.3517e-16	5.5639e-15
1.1123e+14	6.3696e-16	5.6447e-15
1.1142e+14	6.3376e-16	5.757e-15
1.116e+14	6.1125e-16	5.758e-15
1.1179e+14	5.8174e-16	5.6069e-15
1.1197e+14	5.665e-16	5.3549e-15
1.1215e+14	5.6542e-16	5.0624e-15
1.1234e+14	5.5657e-16	4.753e-15
1.1252e+14	5.2622e-16	4.4427e-15
1.1271e+14	4.878e-16	4.1812e-15
1.1289e+14	4.648e-16	4.0333e-15
1.1308e+14	4.6089e-16	4.0113e-15
1.1326e+14	4.5648e-16	4.0403e-15
1.1344e+14	4.3485e-16	4.0092e-15
1.1363e+14	4.0321e-16	3.8678e-15
1.1381e+14	3.8295e-16	3.6725e-15
1.14e+14	3.8345e-16	3.5293e-15
1.1418e+14	3.9255e-16	3.4856e-15
1.1436e+14	3.9256e-16	3.4827e-15
1.1455e+14	3.8013e-16	3.4212e-15
1.1473e+14	3.6709e-16	3.2757e-15
1.1492e+14	3.652e-16	3.1316e-15
1.151e+14	3.7411e-16	3.0962e-15
1.1529e+14	3.8347e-16	3.1724e-15
1.1547e+14	3.8287e-16	3.2346e-15
1.1565e+14	3.6882e-16	3.1428e-15
1.1584e+14	3.4515e-16	2.8812e-15
1.1602e+14	3.1935e-16	2.575e-15
1.1621e+14	2.9768e-16	2.3718e-15
1.1639e+14	2.8199e-16	2.3153e-15
1.1657e+14	2.7117e-16	2.3359e-15
1.1676e+14	2.6603e-16	2.3467e-15
1.1694e+14	2.7003e-16	2.323e-15
1.1713e+14	2.8177e-16	2.2876e-15
1.1731e+14	2.882e-16	2.2483e-15
1.175e+14	2.7239e-16	2.1824e-15
1.1768e+14	2.3325e-16	2.0809e-15
1.1786e+14	1.9447e-16	1.9791e-15
1.1805e+14	1.8579e-16	1.9223e-15
1.1823e+14	2.1181e-16	1.9105e-15
1.1842e+14	2.4418e-16	1.9001e-15
1.186e+14	2.4982e-16	1.862e-15
1.1878e+14	2.2508e-16	1.8161e-15
1.1897e+14	1.9624e-16	1.794e-15
1.1915e+14	1.8656e-16	1.7815e-15
1.1934e+14	1.9082e-16	1.7282e-15
1.1952e+14	1.8787e-16	1.6196e-15
1.1971e+14	1.7245e-16	1.5162e-15
1.1989e+14	1.6285e-16	1.4971e-15
1.2007e+14	1.7435e-16	1.5676e-15
1.2026e+14	1.9482e-16	1.6445e-15
1.2044e+14	1.9733e-16	1.6409e-15
1.2063e+14	1.7463e-16	1.5507e-15
1.2081e+14	1.5005e-16	1.4372e-15
1.2099e+14	1.4868e-16	1.3508e-15
1.2118e+14	1.656e-16	1.2856e-15
1.2136e+14	1.7264e-16	1.2196e-15
1.2155e+14	1.5526e-16	1.1682e-15
1.2173e+14	1.3162e-16	1.1681e-15
1.2192e+14	1.2913e-16	1.2128e-15
1.221e+14	1.4894e-16	1.2356e-15
1.2228e+14	1.6432e-16	1.1788e-15
1.2247e+14	1.5425e-16	1.0664e-15
1.2265e+14	1.2851e-16	9.8369e-16
1.2284e+14	1.1334e-16	9.8209e-16
1.2302e+14	1.185e-16	1.023e-15
1.232e+14	1.2813e-16	1.0283e-15
1.2339e+14	1.244e-16	9.7404e-16
1.2357e+14	1.1024e-16	9.1183e-16
1.2376e+14	1.0227e-16	8.9867e-16
1.2394e+14	1.0682e-16	9.2672e-16
1.2413e+14	1.1288e-16	9.3833e-16
1.2431e+14	1.0944e-16	8.994e-16
1.2449e+14	1.0101e-16	8.3694e-16
1.2468e+14	9.968e-17	8.0047e-16
1.2486e+14	1.0649e-16	8.039e-16
1.2505e+14	1.094e-16	8.1848e-16
1.2523e+14	1.0049e-16	8.137e-16
1.2541e+14	8.756e-17	7.8717e-16
1.256e+14	8.3461e-17	7.5289e-16
1.2578e+14	8.8656e-17	7.1785e-16
1.2597e+14	9.156e-17	6.8287e-16
1.2615e+14	8.5652e-17	6.5685e-16
1.2634e+14	7.8467e-17	6.5154e-16
1.2652e+14	7.967e-17	6.5975e-16
1.267e+14	8.5906e-17	6.545e-16
1.2689e+14	8.4969e-17	6.2169e-16
1.2707e+14	7.3872e-17	5.8525e-16
1.2726e+14	6.4576e-17	5.8364e-16
1.2744e+14	6.8015e-17	6.2005e-16
1.2762e+14	7.8354e-17	6.5091e-16
1.2781e+14	8.0337e-17	6.3387e-16
1.2799e+14	7.0462e-17	5.7868e-16
1.2818e+14	6.2373e-17	5.3611e-16
1.2836e+14	6.7965e-17	5.3727e-16
1.2855e+14	7.9962e-17	5.5946e-16
1.2873e+14	8.0949e-17	5.5991e-16
1.2891e+14	6.7504e-17	5.3102e-16
1.291e+14	5.6128e-17	5.0525e-16
1.2928e+14	6.1531e-17	5.069e-16
1.2947e+14	7.6022e-17	5.1812e-16
1.2965e+14	7.8535e-17	5.0443e-16
1.2983e+14	6.219e-17	4.6305e-16
1.3002e+14	4.3733e-17	4.2718e-16
1.302e+14	4.1988e-17	4.21e-16
1.3039e+14	5.398e-17	4.2765e-16
1.3057e+14	6.0316e-17	4.1432e-16
1.3076e+14	5.1788e-17	3.7961e-16
1.3094e+14	4.0933e-17	3.5763e-16
1.3112e+14	4.3502e-17	3.7211e-16
1.3131e+14	5.6065e-17	4.0238e-16
1.3149e+14	6.0701e-17	4.0781e-16
1.3168e+14	4.9933e-17	3.7895e-16
1.3186e+14	3.7209e-17	3.483e-16
1.3204e+14	3.8452e-17	3.4741e-16
1.3223e+14	5.0326e-17	3.6761e-16
1.3241e+14	5.5211e-17	3.7438e-16
1.326e+14	4.5758e-17	3.5327e-16
1.3278e+14	3.4852e-17	3.2585e-16
1.3297e+14	3.7299e-17	3.176e-16
1.3315e+14	4.8969e-17	3.2438e-16
1.3333e+14	5.2611e-17	3.2224e-16
1.3352e+14	4.2256e-17	3.0362e-16
1.337e+14	3.1983e-17	2.8841e-16
1.3389e+14	3.6422e-17	2.9558e-16
1.3407e+14	4.9922e-17	3.1623e-16
1.3425e+14	5.3696e-17	3.2524e-16
1.3444e+14	4.1612e-17	3.1395e-16
1.3462e+14	2.9064e-17	2.983e-16
1.3481e+14	3.2196e-17	2.9315e-16
1.3499e+14	4.575e-17	2.912e-16
1.3517e+14	5.0112e-17	2.7649e-16
1.3536e+14	3.8218e-17	2.5162e-16
1.3554e+14	2.5453e-17	2.3781e-16
1.3573e+14	2.8734e-17	2.4599e-16
1.3591e+14	4.3269e-17	2.5984e-16
1.361e+14	4.8865e-17	2.5614e-16
1.3628e+14	3.7286e-17	2.3556e-16
1.3646e+14	2.3348e-17	2.2125e-16
1.3665e+14	2.4712e-17	2.2713e-16
1.3683e+14	3.8112e-17	2.3974e-16
1.3702e+14	4.4374e-17	2.3852e-16
1.372e+14	3.4898e-17	2.251e-16
1.3738e+14	2.3006e-17	2.1959e-16
1.3757e+14	2.4867e-17	2.2921e-16
1.3775e+14	3.6817e-17	2.3541e-16
1.3794e+14	4.0625e-17	2.2034e-16
1.3812e+14	2.9243e-17	1.9636e-16
1.3831e+14	1.7019e-17	1.9399e-16
1.3849e+14	1.9896e-17	2.2023e-16
1.3867e+14	3.3021e-17	2.4366e-16
1.3886e+14	3.7123e-17	2.3086e-16
1.3904e+14	2.5268e-17	1.8974e-16
1.3923e+14	1.3001e-17	1.6225e-16
1.3941e+14	1.7365e-17	1.734e-16
1.3959e+14	3.3252e-17	2.0117e-16
1.3978e+14	3.9747e-17	2.0594e-16
1.3996e+14	2.8255e-17	1.809e-16
1.4015e+14	1.4178e-17	1.5837e-16
1.4033e+14	1.6128e-17	1.6576e-16
1.4052e+14	3.0909e-17	1.9042e-16
1.407e+14	3.8256e-17	1.9842e-16
1.4088e+14	2.8628e-17	1.7974e-16
1.4107e+14	1.6002e-17	1.5902e-16
1.4125e+14	1.8368e-17	1.5974e-16
1.4144e+14	3.2907e-17	1.7286e-16
1.4162e+14	3.9891e-17	1.7234e-16
1.418e+14	2.9747e-17	1.5441e-16
1.4199e+14	1.6052e-17	1.4456e-16
1.4217e+14	1.6793e-17	1.6185e-16
1.4236e+14	2.9881e-17	1.8967e-16
1.4254e+14	3.6514e-17	1.9451e-16
1.4273e+14	2.7416e-17	1.6912e-16
1.4291e+14	1.5552e-17	1.4268e-16
1.4309e+14	1.7844e-17	1.4403e-16
1.4328e+14	3.137e-17	1.6601e-16
1.4346e+14	3.7115e-17	1.7683e-16
1.4365e+14	2.6235e-17	1.6177e-16
1.4383e+14	1.2576e-17	1.4021e-16
1.4401e+14	1.4061e-17	1.3783e-16
1.442e+14	2.8361e-17	1.5327e-16
1.4438e+14	3.6191e-17	1.6271e-16
1.4457e+14	2.7601e-17	1.5298e-16
1.4475e+14	1.5177e-17	1.373e-16
1.4494e+14	1.6247e-17	1.346e-16
1.4512e+14	2.8866e-17	1.437e-16
1.453e+14	3.4714e-17	1.4752e-16
1.4549e+14	2.4736e-17	1.3859e-16
1.4567e+14	1.1992e-17	1.2842e-16
1.4586e+14	1.3842e-17	1.2882e-16
1.4604e+14	2.7981e-17	1.3402e-16
1.4622e+14	3.5367e-17	1.3016e-16
1.4641e+14	2.6119e-17	1.1784e-16
1.4659e+14	1.2897e-17	1.1355e-16
1.4678e+14	1.3481e-17	1.2626e-16
1.4696e+14	2.6502e-17	1.422e-16
1.4715e+14	3.3561e-17	1.4131e-16
1.4733e+14	2.4615e-17	1.2411e-16
1.4751e+14	1.1728e-17	1.1164e-16
1.477e+14	1.2436e-17	1.1744e-16
1.4788e+14	2.5744e-17	1.2963e-16
1.4807e+14	3.3624e-17	1.2827e-16
1.4825e+14	2.5709e-17	1.1432e-16
1.4843e+14	1.3191e-17	1.0957e-16
1.4862e+14	1.3112e-17	1.2627e-16
1.488e+14	2.4971e-17	1.4769e-16
1.4899e+14	3.1776e-17	1.4753e-16
1.4917e+14	2.3727e-17	1.2389e-16
1.4936e+14	1.1689e-17	1.0284e-16
1.4954e+14	1.2061e-17	1.0616e-16
1.4972e+14	2.4142e-17	1.2518e-16
1.4991e+14	3.1181e-17	1.3364e-16
1.5009e+14	2.3413e-17	1.2132e-16
1.5028e+14	1.127e-17	1.0439e-16
1.5046e+14	1.0861e-17	1.0165e-16
1.5064e+14	2.2067e-17	1.1092e-16
1.5083e+14	2.9296e-17	1.1615e-16
1.5101e+14	2.3238e-17	1.1167e-16
1.512e+14	1.3202e-17	1.0811e-16
1.5138e+14	1.3344e-17	1.133e-16
1.5157e+14	2.2618e-17	1.1833e-16
1.5175e+14	2.665e-17	1.1047e-16
1.5193e+14	1.8614e-17	9.4483e-17
1.5212e+14	9.4072e-18	8.9498e-17
1.523e+14	1.2481e-17	1.0325e-16
1.5249e+14	2.4474e-17	1.1935e-16
1.5267e+14	2.9126e-17	1.1765e-16
1.5285e+14	1.9662e-17	1.0175e-16
1.5304e+14	8.6832e-18	9.5512e-17
1.5322e+14	1.1382e-17	1.1115e-16
1.5341e+14	2.4737e-17	1.3129e-16
1.5359e+14	3.1312e-17	1.3009e-16
1.5378e+14	2.2691e-17	1.0674e-16
1.5396e+14	1.0625e-17	8.7188e-17
1.5414e+14	1.0782e-17	9.1556e-17
1.5433e+14	2.1556e-17	1.0986e-16
1.5451e+14	2.6958e-17	1.1691e-16
1.547e+14	1.9225e-17	1.0531e-16
1.5488e+14	9.6171e-18	9.2592e-17
1.5506e+14	1.2464e-17	9.5201e-17
1.5525e+14	2.4732e-17	1.0629e-16
1.5543e+14	2.9754e-17	1.0716e-16
1.5562e+14	2.022e-17	9.4724e-17
1.558e+14	8.62e-18	8.6095e-17
1.5599e+14	1.039e-17	9.4085e-17
1.5617e+14	2.2735e-17	1.0847e-16
1.5635e+14	2.8365e-17	1.0953e-16
1.5654e+14	1.9223e-17	9.5157e-17
1.5672e+14	7.6811e-18	8.3907e-17
1.5691e+14	9.6884e-18	8.9553e-17
1.5709e+14	2.2849e-17	1.024e-16
1.5727e+14	2.949e-17	1.0312e-16
1.5746e+14	2.0616e-17	8.9801e-17
1.5764e+14	8.0817e-18	8.0755e-17
1.5783e+14	8.4429e-18	8.907e-17
1.5801e+14	2.0618e-17	1.0415e-16
1.582e+14	2.7733e-17	1.0577e-16
1.5838e+14	2.0283e-17	9.1445e-17
1.5856e+14	8.7877e-18	7.9625e-17
1.5875e+14	8.9295e-18	8.4639e-17
1.5893e+14	2.0008e-17	9.7941e-17
1.5912e+14	2.6328e-17	1.0092e-16
1.593e+14	1.9198e-17	9.0782e-17
1.5948e+14	8.9223e-18	8.3522e-17
1.5967e+14	1.0299e-17	9.0458e-17
1.5985e+14	2.1917e-17	1.0181e-16
1.6004e+14	2.7957e-17	1.0065e-16
1.6022e+14	1.9966e-17	8.7672e-17
1.6041e+14	8.4812e-18	8.1538e-17
1.6059e+14	8.5179e-18	9.3406e-17
1.6077e+14	1.9056e-17	1.1041e-16
1.6096e+14	2.4782e-17	1.1149e-16
1.6114e+14	1.7477e-17	9.4857e-17
1.6133e+14	7.3578e-18	8.0109e-17
1.6151e+14	8.7863e-18	8.2618e-17
1.6169e+14	2.0269e-17	9.4704e-17
1.6188e+14	2.6455e-17	9.811e-17
1.6206e+14	1.9261e-17	8.9169e-17
1.6225e+14	8.8189e-18	8.1864e-17
1.6243e+14	9.1852e-18	8.6103e-17
1.6262e+14	1.8824e-17	9.3204e-17
1.628e+14	2.3014e-17	8.9384e-17
1.6298e+14	1.4768e-17	7.7333e-17
1.6317e+14	5.0127e-18	7.3825e-17
1.6335e+14	7.6186e-18	8.5441e-17
1.6354e+14	1.9923e-17	9.6953e-17
1.6372e+14	2.5907e-17	9.0741e-17
1.639e+14	1.7996e-17	7.1949e-17
1.6409e+14	7.4931e-18	6.3869e-17
1.6427e+14	9.0944e-18	7.7635e-17
1.6446e+14	2.0627e-17	9.641e-17
1.6464e+14	2.5937e-17	9.6426e-17
1.6483e+14	1.7106e-17	7.795e-17
1.6501e+14	5.5408e-18	6.5097e-17
1.6519e+14	6.5834e-18	7.4405e-17
1.6538e+14	1.8637e-17	9.3666e-17
1.6556e+14	2.5337e-17	9.8665e-17
1.6575e+14	1.7791e-17	8.4935e-17
1.6593e+14	6.5002e-18	7.2358e-17
1.6611e+14	6.8371e-18	7.7721e-17
1.663e+14	1.8147e-17	9.3025e-17
1.6648e+14	2.5019e-17	9.8061e-17
1.6667e+14	1.8636e-17	8.8509e-17
1.6685e+14	8.6708e-18	8.0573e-17
1.6703e+14	9.5281e-18	8.6799e-17
1.6722e+14	2.0188e-17	9.7707e-17
1.674e+14	2.5584e-17	9.5202e-17
1.6759e+14	1.7563e-17	7.8942e-17
1.6777e+14	6.4262e-18	6.8447e-17
1.6796e+14	7.0483e-18	7.7235e-17
1.6814e+14	1.8616e-17	9.4203e-17
1.6832e+14	2.575e-17	9.7986e-17
1.6851e+14	1.9384e-17	8.5037e-17
1.6869e+14	8.7382e-18	7.3507e-17
1.6888e+14	8.2425e-18	7.816e-17
1.6906e+14	1.7709e-17	9.0886e-17
1.6924e+14	2.3073e-17	9.2994e-17
1.6943e+14	1.6348e-17	8.1614e-17
1.6961e+14	6.9339e-18	7.3533e-17
1.698e+14	8.5539e-18	8.1533e-17
1.6998e+14	1.9946e-17	9.6257e-17
1.7017e+14	2.6144e-17	9.8679e-17
1.7035e+14	1.8788e-17	8.5749e-17
1.7053e+14	7.6175e-18	7.3873e-17
1.7072e+14	7.3184e-18	7.5916e-17
1.709e+14	1.7671e-17	8.403e-17
1.7109e+14	2.4058e-17	8.198e-17
1.7127e+14	1.7464e-17	6.9173e-17
1.7145e+14	6.5819e-18	6.2213e-17
1.7164e+14	5.7602e-18	7.1407e-17
1.7182e+14	1.5596e-17	8.5198e-17
1.7201e+14	2.2624e-17	8.505e-17
1.7219e+14	1.7999e-17	7.1002e-17
1.7238e+14	9.2341e-18	6.2463e-17
1.7256e+14	9.209e-18	7.2331e-17
1.7274e+14	1.8211e-17	8.9354e-17
1.7293e+14	2.3904e-17	9.2934e-17
1.7311e+14	1.8811e-17	8.05e-17
1.733e+14	1.0663e-17	7.037e-17
1.7348e+14	1.1286e-17	7.6436e-17
1.7366e+14	1.9846e-17	8.9371e-17
1.7385e+14	2.4032e-17	8.9935e-17
1.7403e+14	1.75e-17	7.5909e-17
1.7422e+14	9.0539e-18	6.5578e-17
1.744e+14	1.0507e-17	7.2937e-17
1.7459e+14	1.9995e-17	8.8523e-17
1.7477e+14	2.4152e-17	9.211e-17
1.7495e+14	1.6459e-17	7.9964e-17
1.7514e+14	6.4949e-18	6.9638e-17
1.7532e+14	7.128e-18	7.6004e-17
1.7551e+14	1.7092e-17	9.1215e-17
1.7569e+14	2.2851e-17	9.5483e-17
1.7587e+14	1.7166e-17	8.3588e-17
1.7606e+14	8.8039e-18	7.1247e-17
1.7624e+14	1.0142e-17	7.3569e-17
1.7643e+14	1.9913e-17	8.5521e-17
1.7661e+14	2.4968e-17	9.0361e-17
1.768e+14	1.8563e-17	8.306e-17
1.7698e+14	9.7919e-18	7.599e-17
1.7716e+14	1.1041e-17	7.9957e-17
1.7735e+14	2.0768e-17	8.8153e-17
1.7753e+14	2.5464e-17	8.5902e-17
1.7772e+14	1.8233e-17	7.2392e-17
1.779e+14	8.4369e-18	6.351e-17
1.7808e+14	9.0718e-18	7.1107e-17
1.7827e+14	1.9129e-17	8.691e-17
1.7845e+14	2.5075e-17	9.3167e-17
1.7864e+14	1.9343e-17	8.5581e-17
1.7882e+14	1.0468e-17	7.7649e-17
1.7901e+14	1.1131e-17	8.1424e-17
1.7919e+14	2.0698e-17	9.1687e-17
1.7937e+14	2.6212e-17	9.4664e-17
1.7956e+14	2.0249e-17	8.7844e-17
1.7974e+14	1.1001e-17	8.2787e-17
1.7993e+14	1.0877e-17	8.771e-17
1.8011e+14	1.955e-17	9.542e-17
1.8029e+14	2.473e-17	9.4077e-17
1.8048e+14	1.9319e-17	8.5237e-17
1.8066e+14	1.1088e-17	8.2738e-17
1.8085e+14	1.1682e-17	9.3158e-17
1.8103e+14	2.0406e-17	1.0539e-16
1.8122e+14	2.5284e-17	1.0497e-16
1.814e+14	1.9775e-17	9.3918e-17
1.8158e+14	1.188e-17	8.8298e-17
1.8177e+14	1.3074e-17	9.6212e-17
1.8195e+14	2.2427e-17	1.0653e-16
1.8214e+14	2.7848e-17	1.0446e-16
1.8232e+14	2.2571e-17	9.2568e-17
1.825e+14	1.4111e-17	8.7701e-17
1.8269e+14	1.3571e-17	9.7312e-17
1.8287e+14	2.0448e-17	1.0804e-16
1.8306e+14	2.3972e-17	1.0336e-16
1.8324e+14	1.8697e-17	8.6821e-17
1.8343e+14	1.2261e-17	7.8718e-17
1.8361e+14	1.4416e-17	8.9446e-17
1.8379e+14	2.2872e-17	1.0542e-16
1.8398e+14	2.6095e-17	1.0701e-16
1.8416e+14	1.9428e-17	9.4634e-17
1.8435e+14	1.1983e-17	8.7738e-17
1.8453e+14	1.4307e-17	9.7827e-17
1.8471e+14	2.3616e-17	1.1224e-16
1.849e+14	2.7187e-17	1.1104e-16
1.8508e+14	1.9635e-17	9.442e-17
1.8527e+14	1.0473e-17	8.332e-17
1.8545e+14	1.1452e-17	9.2017e-17
1.8564e+14	2.084e-17	1.0919e-16
1.8582e+14	2.6012e-17	1.1274e-16
1.86e+14	2.0636e-17	9.8468e-17
1.8619e+14	1.2899e-17	8.4496e-17
1.8637e+14	1.3783e-17	8.6752e-17
1.8656e+14	2.1868e-17	9.906e-17
1.8674e+14	2.5633e-17	1.0387e-16
1.8692e+14	1.9763e-17	9.7229e-17
1.8711e+14	1.2592e-17	9.3049e-17
1.8729e+14	1.4346e-17	1.017e-16
1.8748e+14	2.2677e-17	1.1393e-16
1.8766e+14	2.5799e-17	1.1345e-16
1.8785e+14	1.897e-17	1.0065e-16
1.8803e+14	1.1349e-17	9.3863e-17
1.8821e+14	1.3479e-17	1.0487e-16
1.884e+14	2.2629e-17	1.2182e-16
1.8858e+14	2.6394e-17	1.2356e-16
1.8877e+14	1.9782e-17	1.0725e-16
1.8895e+14	1.2183e-17	9.254e-17
1.8913e+14	1.4452e-17	9.6576e-17
1.8932e+14	2.3806e-17	1.1261e-16
1.895e+14	2.7472e-17	1.197e-16
1.8969e+14	2.0231e-17	1.097e-16
1.8987e+14	1.1751e-17	9.5949e-17
1.9006e+14	1.3485e-17	9.4136e-17
1.9024e+14	2.3013e-17	1.0265e-16
1.9042e+14	2.7305e-17	1.0786e-16
1.9061e+14	2.0484e-17	1.0434e-16
1.9079e+14	1.1793e-17	1.0088e-16
1.9098e+14	1.2933e-17	1.0531e-16
1.9116e+14	2.2214e-17	1.1182e-16
1.9134e+14	2.7178e-17	1.0994e-16
1.9153e+14	2.1854e-17	1.0151e-16
1.9171e+14	1.4765e-17	9.9917e-17
1.919e+14	1.6776e-17	1.1076e-16
1.9208e+14	2.5747e-17	1.216e-16
1.9227e+14	2.9313e-17	1.1733e-16
1.9245e+14	2.2002e-17	1.0175e-16
1.9263e+14	1.3032e-17	9.4854e-17
1.9282e+14	1.3961e-17	1.0723e-16
1.93e+14	2.3102e-17	1.2483e-16
1.9319e+14	2.8024e-17	1.2559e-16
1.9337e+14	2.2583e-17	1.0755e-16
1.9355e+14	1.5031e-17	9.2082e-17
1.9374e+14	1.6266e-17	9.7755e-17
1.9392e+14	2.4661e-17	1.1817e-16
1.9411e+14	2.8444e-17	1.312e-16
1.9429e+14	2.2128e-17	1.2607e-16
1.9448e+14	1.4134e-17	1.1339e-16
1.9466e+14	1.5058e-17	1.0792e-16
1.9484e+14	2.297e-17	1.0985e-16
1.9503e+14	2.6196e-17	1.0888e-16
1.9521e+14	1.97e-17	1.0219e-16
1.954e+14	1.2258e-17	9.8786e-17
1.9558e+14	1.4367e-17	1.0475e-16
1.9576e+14	2.3594e-17	1.1209e-16
1.9595e+14	2.7736e-17	1.0897e-16
1.9613e+14	2.1551e-17	9.7478e-17
1.9632e+14	1.3943e-17	9.2783e-17
1.965e+14	1.5616e-17	1.0302e-16
1.9669e+14	2.4238e-17	1.1706e-16
1.9687e+14	2.7674e-17	1.1809e-16
1.9705e+14	2.0893e-17	1.0555e-16
1.9724e+14	1.3116e-17	9.6097e-17
1.9742e+14	1.5165e-17	1.0171e-16
1.9761e+14	2.4343e-17	1.1433e-16
1.9779e+14	2.7862e-17	1.1741e-16
1.9797e+14	2.0368e-17	1.0845e-16
1.9816e+14	1.1587e-17	1.0194e-16
1.9834e+14	1.3407e-17	1.0928e-16
1.9853e+14	2.3825e-17	1.2327e-16
1.9871e+14	2.9616e-17	1.2803e-16
1.989e+14	2.4078e-17	1.2019e-16
1.9908e+14	1.5768e-17	1.1234e-16
1.9926e+14	1.6508e-17	1.1492e-16
1.9945e+14	2.5216e-17	1.2237e-16
1.9963e+14	2.9589e-17	1.2248e-16
1.9982e+14	2.3108e-17	1.1474e-16
2e+14	1.4008e-17	1.1123e-16
